created_at,user_followers_count,user_verified,total_tweets,follower_distribution
2020-10-31 23:15:00+00:00,7280,0,2.0,"[7240, 40]"
2020-10-31 23:20:00+00:00,0,0,0.0,[]
2020-10-31 23:25:00+00:00,0,0,0.0,[]
2020-10-31 23:30:00+00:00,0,0,0.0,[]
2020-10-31 23:35:00+00:00,0,0,0.0,[]
2020-10-31 23:40:00+00:00,0,0,0.0,[]
2020-10-31 23:45:00+00:00,0,0,0.0,[]
2020-10-31 23:50:00+00:00,0,0,0.0,[]
2020-10-31 23:55:00+00:00,0,0,0.0,[]
2020-11-01 00:00:00+00:00,0,0,0.0,[]
2020-11-01 00:05:00+00:00,0,0,0.0,[]
2020-11-01 00:10:00+00:00,0,0,0.0,[]
2020-11-01 00:15:00+00:00,0,0,0.0,[]
2020-11-01 00:20:00+00:00,0,0,0.0,[]
2020-11-01 00:25:00+00:00,0,0,0.0,[]
2020-11-01 00:30:00+00:00,0,0,0.0,[]
2020-11-01 00:35:00+00:00,0,0,0.0,[]
2020-11-01 00:40:00+00:00,0,0,0.0,[]
2020-11-01 00:45:00+00:00,0,0,0.0,[]
2020-11-01 00:50:00+00:00,0,0,0.0,[]
2020-11-01 00:55:00+00:00,0,0,0.0,[]
2020-11-01 01:00:00+00:00,0,0,0.0,[]
2020-11-01 01:05:00+00:00,0,0,0.0,[]
2020-11-01 01:10:00+00:00,0,0,0.0,[]
2020-11-01 01:15:00+00:00,0,0,0.0,[]
2020-11-01 01:20:00+00:00,0,0,0.0,[]
2020-11-01 01:25:00+00:00,0,0,0.0,[]
2020-11-01 01:30:00+00:00,0,0,0.0,[]
2020-11-01 01:35:00+00:00,0,0,0.0,[]
2020-11-01 01:40:00+00:00,0,0,0.0,[]
2020-11-01 01:45:00+00:00,0,0,0.0,[]
2020-11-01 01:50:00+00:00,0,0,0.0,[]
2020-11-01 01:55:00+00:00,0,0,0.0,[]
2020-11-01 02:00:00+00:00,0,0,0.0,[]
2020-11-01 02:05:00+00:00,0,0,0.0,[]
2020-11-01 02:10:00+00:00,0,0,0.0,[]
2020-11-01 02:15:00+00:00,0,0,0.0,[]
2020-11-01 02:20:00+00:00,0,0,0.0,[]
2020-11-01 02:25:00+00:00,0,0,0.0,[]
2020-11-01 02:30:00+00:00,0,0,0.0,[]
2020-11-01 02:35:00+00:00,0,0,0.0,[]
2020-11-01 02:40:00+00:00,0,0,0.0,[]
2020-11-01 02:45:00+00:00,0,0,0.0,[]
2020-11-01 02:50:00+00:00,0,0,0.0,[]
2020-11-01 02:55:00+00:00,0,0,0.0,[]
2020-11-01 03:00:00+00:00,0,0,0.0,[]
2020-11-01 03:05:00+00:00,0,0,0.0,[]
2020-11-01 03:10:00+00:00,0,0,0.0,[]
2020-11-01 03:15:00+00:00,0,0,0.0,[]
2020-11-01 03:20:00+00:00,0,0,0.0,[]
2020-11-01 03:25:00+00:00,0,0,0.0,[]
2020-11-01 03:30:00+00:00,0,0,0.0,[]
2020-11-01 03:35:00+00:00,0,0,0.0,[]
2020-11-01 03:40:00+00:00,0,0,0.0,[]
2020-11-01 03:45:00+00:00,0,0,0.0,[]
2020-11-01 03:50:00+00:00,0,0,0.0,[]
2020-11-01 03:55:00+00:00,0,0,0.0,[]
2020-11-01 04:00:00+00:00,0,0,0.0,[]
2020-11-01 04:05:00+00:00,0,0,0.0,[]
2020-11-01 04:10:00+00:00,0,0,0.0,[]
2020-11-01 04:15:00+00:00,0,0,0.0,[]
2020-11-01 04:20:00+00:00,0,0,0.0,[]
2020-11-01 04:25:00+00:00,0,0,0.0,[]
2020-11-01 04:30:00+00:00,0,0,0.0,[]
2020-11-01 04:35:00+00:00,0,0,0.0,[]
2020-11-01 04:40:00+00:00,0,0,0.0,[]
2020-11-01 04:45:00+00:00,0,0,0.0,[]
2020-11-01 04:50:00+00:00,0,0,0.0,[]
2020-11-01 04:55:00+00:00,0,0,0.0,[]
2020-11-01 05:00:00+00:00,0,0,0.0,[]
2020-11-01 05:05:00+00:00,0,0,0.0,[]
2020-11-01 05:10:00+00:00,0,0,0.0,[]
2020-11-01 05:15:00+00:00,0,0,0.0,[]
2020-11-01 05:20:00+00:00,0,0,0.0,[]
2020-11-01 05:25:00+00:00,0,0,0.0,[]
2020-11-01 05:30:00+00:00,0,0,0.0,[]
2020-11-01 05:35:00+00:00,0,0,0.0,[]
2020-11-01 05:40:00+00:00,0,0,0.0,[]
2020-11-01 05:45:00+00:00,0,0,0.0,[]
2020-11-01 05:50:00+00:00,0,0,0.0,[]
2020-11-01 05:55:00+00:00,0,0,0.0,[]
2020-11-01 06:00:00+00:00,0,0,0.0,[]
2020-11-01 06:05:00+00:00,0,0,0.0,[]
2020-11-01 06:10:00+00:00,0,0,0.0,[]
2020-11-01 06:15:00+00:00,0,0,0.0,[]
2020-11-01 06:20:00+00:00,0,0,0.0,[]
2020-11-01 06:25:00+00:00,0,0,0.0,[]
2020-11-01 06:30:00+00:00,0,0,0.0,[]
2020-11-01 06:35:00+00:00,0,0,0.0,[]
2020-11-01 06:40:00+00:00,0,0,0.0,[]
2020-11-01 06:45:00+00:00,0,0,0.0,[]
2020-11-01 06:50:00+00:00,0,0,0.0,[]
2020-11-01 06:55:00+00:00,0,0,0.0,[]
2020-11-01 07:00:00+00:00,0,0,0.0,[]
2020-11-01 07:05:00+00:00,0,0,0.0,[]
2020-11-01 07:10:00+00:00,0,0,0.0,[]
2020-11-01 07:15:00+00:00,0,0,0.0,[]
2020-11-01 07:20:00+00:00,0,0,0.0,[]
2020-11-01 07:25:00+00:00,0,0,0.0,[]
2020-11-01 07:30:00+00:00,0,0,0.0,[]
2020-11-01 07:35:00+00:00,0,0,0.0,[]
2020-11-01 07:40:00+00:00,0,0,0.0,[]
2020-11-01 07:45:00+00:00,0,0,0.0,[]
2020-11-01 07:50:00+00:00,0,0,0.0,[]
2020-11-01 07:55:00+00:00,0,0,0.0,[]
2020-11-01 08:00:00+00:00,0,0,0.0,[]
2020-11-01 08:05:00+00:00,0,0,0.0,[]
2020-11-01 08:10:00+00:00,0,0,0.0,[]
2020-11-01 08:15:00+00:00,0,0,0.0,[]
2020-11-01 08:20:00+00:00,0,0,0.0,[]
2020-11-01 08:25:00+00:00,0,0,0.0,[]
2020-11-01 08:30:00+00:00,0,0,0.0,[]
2020-11-01 08:35:00+00:00,0,0,0.0,[]
2020-11-01 08:40:00+00:00,0,0,0.0,[]
2020-11-01 08:45:00+00:00,0,0,0.0,[]
2020-11-01 08:50:00+00:00,0,0,0.0,[]
2020-11-01 08:55:00+00:00,0,0,0.0,[]
2020-11-01 09:00:00+00:00,0,0,0.0,[]
2020-11-01 09:05:00+00:00,0,0,0.0,[]
2020-11-01 09:10:00+00:00,0,0,0.0,[]
2020-11-01 09:15:00+00:00,0,0,0.0,[]
2020-11-01 09:20:00+00:00,0,0,0.0,[]
2020-11-01 09:25:00+00:00,0,0,0.0,[]
2020-11-01 09:30:00+00:00,0,0,0.0,[]
2020-11-01 09:35:00+00:00,0,0,0.0,[]
2020-11-01 09:40:00+00:00,0,0,0.0,[]
2020-11-01 09:45:00+00:00,0,0,0.0,[]
2020-11-01 09:50:00+00:00,0,0,0.0,[]
2020-11-01 09:55:00+00:00,0,0,0.0,[]
2020-11-01 10:00:00+00:00,0,0,0.0,[]
2020-11-01 10:05:00+00:00,0,0,0.0,[]
2020-11-01 10:10:00+00:00,0,0,0.0,[]
2020-11-01 10:15:00+00:00,0,0,0.0,[]
2020-11-01 10:20:00+00:00,0,0,0.0,[]
2020-11-01 10:25:00+00:00,0,0,0.0,[]
2020-11-01 10:30:00+00:00,0,0,0.0,[]
2020-11-01 10:35:00+00:00,0,0,0.0,[]
2020-11-01 10:40:00+00:00,0,0,0.0,[]
2020-11-01 10:45:00+00:00,0,0,0.0,[]
2020-11-01 10:50:00+00:00,0,0,0.0,[]
2020-11-01 10:55:00+00:00,0,0,0.0,[]
2020-11-01 11:00:00+00:00,0,0,0.0,[]
2020-11-01 11:05:00+00:00,0,0,0.0,[]
2020-11-01 11:10:00+00:00,0,0,0.0,[]
2020-11-01 11:15:00+00:00,0,0,0.0,[]
2020-11-01 11:20:00+00:00,0,0,0.0,[]
2020-11-01 11:25:00+00:00,0,0,0.0,[]
2020-11-01 11:30:00+00:00,0,0,0.0,[]
2020-11-01 11:35:00+00:00,0,0,0.0,[]
2020-11-01 11:40:00+00:00,0,0,0.0,[]
2020-11-01 11:45:00+00:00,0,0,0.0,[]
2020-11-01 11:50:00+00:00,0,0,0.0,[]
2020-11-01 11:55:00+00:00,0,0,0.0,[]
2020-11-01 12:00:00+00:00,0,0,0.0,[]
2020-11-01 12:05:00+00:00,0,0,0.0,[]
2020-11-01 12:10:00+00:00,0,0,0.0,[]
2020-11-01 12:15:00+00:00,0,0,0.0,[]
2020-11-01 12:20:00+00:00,0,0,0.0,[]
2020-11-01 12:25:00+00:00,0,0,0.0,[]
2020-11-01 12:30:00+00:00,0,0,0.0,[]
2020-11-01 12:35:00+00:00,0,0,0.0,[]
2020-11-01 12:40:00+00:00,0,0,0.0,[]
2020-11-01 12:45:00+00:00,0,0,0.0,[]
2020-11-01 12:50:00+00:00,0,0,0.0,[]
2020-11-01 12:55:00+00:00,0,0,0.0,[]
2020-11-01 13:00:00+00:00,0,0,0.0,[]
2020-11-01 13:05:00+00:00,0,0,0.0,[]
2020-11-01 13:10:00+00:00,0,0,0.0,[]
2020-11-01 13:15:00+00:00,0,0,0.0,[]
2020-11-01 13:20:00+00:00,0,0,0.0,[]
2020-11-01 13:25:00+00:00,0,0,0.0,[]
2020-11-01 13:30:00+00:00,0,0,0.0,[]
2020-11-01 13:35:00+00:00,0,0,0.0,[]
2020-11-01 13:40:00+00:00,0,0,0.0,[]
2020-11-01 13:45:00+00:00,0,0,0.0,[]
2020-11-01 13:50:00+00:00,0,0,0.0,[]
2020-11-01 13:55:00+00:00,0,0,0.0,[]
2020-11-01 14:00:00+00:00,0,0,0.0,[]
2020-11-01 14:05:00+00:00,0,0,0.0,[]
2020-11-01 14:10:00+00:00,0,0,0.0,[]
2020-11-01 14:15:00+00:00,0,0,0.0,[]
2020-11-01 14:20:00+00:00,0,0,0.0,[]
2020-11-01 14:25:00+00:00,0,0,0.0,[]
2020-11-01 14:30:00+00:00,0,0,0.0,[]
2020-11-01 14:35:00+00:00,0,0,0.0,[]
2020-11-01 14:40:00+00:00,0,0,0.0,[]
2020-11-01 14:45:00+00:00,0,0,0.0,[]
2020-11-01 14:50:00+00:00,0,0,0.0,[]
2020-11-01 14:55:00+00:00,0,0,0.0,[]
2020-11-01 15:00:00+00:00,0,0,0.0,[]
2020-11-01 15:05:00+00:00,0,0,0.0,[]
2020-11-01 15:10:00+00:00,0,0,0.0,[]
2020-11-01 15:15:00+00:00,0,0,0.0,[]
2020-11-01 15:20:00+00:00,0,0,0.0,[]
2020-11-01 15:25:00+00:00,0,0,0.0,[]
2020-11-01 15:30:00+00:00,0,0,0.0,[]
2020-11-01 15:35:00+00:00,0,0,0.0,[]
2020-11-01 15:40:00+00:00,0,0,0.0,[]
2020-11-01 15:45:00+00:00,0,0,0.0,[]
2020-11-01 15:50:00+00:00,0,0,0.0,[]
2020-11-01 15:55:00+00:00,0,0,0.0,[]
2020-11-01 16:00:00+00:00,0,0,0.0,[]
2020-11-01 16:05:00+00:00,0,0,0.0,[]
2020-11-01 16:10:00+00:00,0,0,0.0,[]
2020-11-01 16:15:00+00:00,0,0,0.0,[]
2020-11-01 16:20:00+00:00,0,0,0.0,[]
2020-11-01 16:25:00+00:00,0,0,0.0,[]
2020-11-01 16:30:00+00:00,0,0,0.0,[]
2020-11-01 16:35:00+00:00,0,0,0.0,[]
2020-11-01 16:40:00+00:00,0,0,0.0,[]
2020-11-01 16:45:00+00:00,0,0,0.0,[]
2020-11-01 16:50:00+00:00,0,0,0.0,[]
2020-11-01 16:55:00+00:00,0,0,0.0,[]
2020-11-01 17:00:00+00:00,0,0,0.0,[]
2020-11-01 17:05:00+00:00,0,0,0.0,[]
2020-11-01 17:10:00+00:00,0,0,0.0,[]
2020-11-01 17:15:00+00:00,0,0,0.0,[]
2020-11-01 17:20:00+00:00,0,0,0.0,[]
2020-11-01 17:25:00+00:00,0,0,0.0,[]
2020-11-01 17:30:00+00:00,0,0,0.0,[]
2020-11-01 17:35:00+00:00,0,0,0.0,[]
2020-11-01 17:40:00+00:00,0,0,0.0,[]
2020-11-01 17:45:00+00:00,0,0,0.0,[]
2020-11-01 17:50:00+00:00,0,0,0.0,[]
2020-11-01 17:55:00+00:00,0,0,0.0,[]
2020-11-01 18:00:00+00:00,0,0,0.0,[]
2020-11-01 18:05:00+00:00,0,0,0.0,[]
2020-11-01 18:10:00+00:00,0,0,0.0,[]
2020-11-01 18:15:00+00:00,0,0,0.0,[]
2020-11-01 18:20:00+00:00,0,0,0.0,[]
2020-11-01 18:25:00+00:00,0,0,0.0,[]
2020-11-01 18:30:00+00:00,0,0,0.0,[]
2020-11-01 18:35:00+00:00,0,0,0.0,[]
2020-11-01 18:40:00+00:00,0,0,0.0,[]
2020-11-01 18:45:00+00:00,0,0,0.0,[]
2020-11-01 18:50:00+00:00,0,0,0.0,[]
2020-11-01 18:55:00+00:00,0,0,0.0,[]
2020-11-01 19:00:00+00:00,0,0,0.0,[]
2020-11-01 19:05:00+00:00,0,0,0.0,[]
2020-11-01 19:10:00+00:00,0,0,0.0,[]
2020-11-01 19:15:00+00:00,0,0,0.0,[]
2020-11-01 19:20:00+00:00,0,0,0.0,[]
2020-11-01 19:25:00+00:00,0,0,0.0,[]
2020-11-01 19:30:00+00:00,0,0,0.0,[]
2020-11-01 19:35:00+00:00,0,0,0.0,[]
2020-11-01 19:40:00+00:00,0,0,0.0,[]
2020-11-01 19:45:00+00:00,0,0,0.0,[]
2020-11-01 19:50:00+00:00,0,0,0.0,[]
2020-11-01 19:55:00+00:00,0,0,0.0,[]
2020-11-01 20:00:00+00:00,0,0,0.0,[]
2020-11-01 20:05:00+00:00,0,0,0.0,[]
2020-11-01 20:10:00+00:00,0,0,0.0,[]
2020-11-01 20:15:00+00:00,0,0,0.0,[]
2020-11-01 20:20:00+00:00,0,0,0.0,[]
2020-11-01 20:25:00+00:00,0,0,0.0,[]
2020-11-01 20:30:00+00:00,0,0,0.0,[]
2020-11-01 20:35:00+00:00,0,0,0.0,[]
2020-11-01 20:40:00+00:00,0,0,0.0,[]
2020-11-01 20:45:00+00:00,0,0,0.0,[]
2020-11-01 20:50:00+00:00,0,0,0.0,[]
2020-11-01 20:55:00+00:00,0,0,0.0,[]
2020-11-01 21:00:00+00:00,0,0,0.0,[]
2020-11-01 21:05:00+00:00,0,0,0.0,[]
2020-11-01 21:10:00+00:00,0,0,0.0,[]
2020-11-01 21:15:00+00:00,0,0,0.0,[]
2020-11-01 21:20:00+00:00,0,0,0.0,[]
2020-11-01 21:25:00+00:00,0,0,0.0,[]
2020-11-01 21:30:00+00:00,0,0,0.0,[]
2020-11-01 21:35:00+00:00,0,0,0.0,[]
2020-11-01 21:40:00+00:00,0,0,0.0,[]
2020-11-01 21:45:00+00:00,0,0,0.0,[]
2020-11-01 21:50:00+00:00,0,0,0.0,[]
2020-11-01 21:55:00+00:00,0,0,0.0,[]
2020-11-01 22:00:00+00:00,0,0,0.0,[]
2020-11-01 22:05:00+00:00,0,0,0.0,[]
2020-11-01 22:10:00+00:00,0,0,0.0,[]
2020-11-01 22:15:00+00:00,0,0,0.0,[]
2020-11-01 22:20:00+00:00,0,0,0.0,[]
2020-11-01 22:25:00+00:00,0,0,0.0,[]
2020-11-01 22:30:00+00:00,0,0,0.0,[]
2020-11-01 22:35:00+00:00,0,0,0.0,[]
2020-11-01 22:40:00+00:00,0,0,0.0,[]
2020-11-01 22:45:00+00:00,0,0,0.0,[]
2020-11-01 22:50:00+00:00,0,0,0.0,[]
2020-11-01 22:55:00+00:00,0,0,0.0,[]
2020-11-01 23:00:00+00:00,0,0,0.0,[]
2020-11-01 23:05:00+00:00,0,0,0.0,[]
2020-11-01 23:10:00+00:00,0,0,0.0,[]
2020-11-01 23:15:00+00:00,0,0,0.0,[]
2020-11-01 23:20:00+00:00,0,0,0.0,[]
2020-11-01 23:25:00+00:00,0,0,0.0,[]
2020-11-01 23:30:00+00:00,0,0,0.0,[]
2020-11-01 23:35:00+00:00,0,0,0.0,[]
2020-11-01 23:40:00+00:00,0,0,0.0,[]
2020-11-01 23:45:00+00:00,0,0,0.0,[]
2020-11-01 23:50:00+00:00,0,0,0.0,[]
2020-11-01 23:55:00+00:00,0,0,0.0,[]
2020-11-02 00:00:00+00:00,0,0,0.0,[]
2020-11-02 00:05:00+00:00,0,0,0.0,[]
2020-11-02 00:10:00+00:00,0,0,0.0,[]
2020-11-02 00:15:00+00:00,0,0,0.0,[]
2020-11-02 00:20:00+00:00,0,0,0.0,[]
2020-11-02 00:25:00+00:00,0,0,0.0,[]
2020-11-02 00:30:00+00:00,0,0,0.0,[]
2020-11-02 00:35:00+00:00,0,0,0.0,[]
2020-11-02 00:40:00+00:00,0,0,0.0,[]
2020-11-02 00:45:00+00:00,0,0,0.0,[]
2020-11-02 00:50:00+00:00,0,0,0.0,[]
2020-11-02 00:55:00+00:00,0,0,0.0,[]
2020-11-02 01:00:00+00:00,0,0,0.0,[]
2020-11-02 01:05:00+00:00,0,0,0.0,[]
2020-11-02 01:10:00+00:00,0,0,0.0,[]
2020-11-02 01:15:00+00:00,0,0,0.0,[]
2020-11-02 01:20:00+00:00,0,0,0.0,[]
2020-11-02 01:25:00+00:00,0,0,0.0,[]
2020-11-02 01:30:00+00:00,0,0,0.0,[]
2020-11-02 01:35:00+00:00,0,0,0.0,[]
2020-11-02 01:40:00+00:00,0,0,0.0,[]
2020-11-02 01:45:00+00:00,0,0,0.0,[]
2020-11-02 01:50:00+00:00,0,0,0.0,[]
2020-11-02 01:55:00+00:00,0,0,0.0,[]
2020-11-02 02:00:00+00:00,0,0,0.0,[]
2020-11-02 02:05:00+00:00,0,0,0.0,[]
2020-11-02 02:10:00+00:00,0,0,0.0,[]
2020-11-02 02:15:00+00:00,0,0,0.0,[]
2020-11-02 02:20:00+00:00,0,0,0.0,[]
2020-11-02 02:25:00+00:00,0,0,0.0,[]
2020-11-02 02:30:00+00:00,0,0,0.0,[]
2020-11-02 02:35:00+00:00,0,0,0.0,[]
2020-11-02 02:40:00+00:00,0,0,0.0,[]
2020-11-02 02:45:00+00:00,0,0,0.0,[]
2020-11-02 02:50:00+00:00,0,0,0.0,[]
2020-11-02 02:55:00+00:00,0,0,0.0,[]
2020-11-02 03:00:00+00:00,0,0,0.0,[]
2020-11-02 03:05:00+00:00,0,0,0.0,[]
2020-11-02 03:10:00+00:00,270,0,1.0,[270]
2020-11-02 03:15:00+00:00,0,0,0.0,[]
2020-11-02 03:20:00+00:00,0,0,0.0,[]
2020-11-02 03:25:00+00:00,0,0,0.0,[]
2020-11-02 03:30:00+00:00,0,0,0.0,[]
2020-11-02 03:35:00+00:00,0,0,0.0,[]
2020-11-02 03:40:00+00:00,0,0,0.0,[]
2020-11-02 03:45:00+00:00,0,0,0.0,[]
2020-11-02 03:50:00+00:00,0,0,0.0,[]
2020-11-02 03:55:00+00:00,0,0,0.0,[]
2020-11-02 04:00:00+00:00,0,0,0.0,[]
2020-11-02 04:05:00+00:00,0,0,0.0,[]
2020-11-02 04:10:00+00:00,0,0,0.0,[]
2020-11-02 04:15:00+00:00,0,0,0.0,[]
2020-11-02 04:20:00+00:00,0,0,0.0,[]
2020-11-02 04:25:00+00:00,0,0,0.0,[]
2020-11-02 04:30:00+00:00,0,0,0.0,[]
2020-11-02 04:35:00+00:00,0,0,0.0,[]
2020-11-02 04:40:00+00:00,0,0,0.0,[]
2020-11-02 04:45:00+00:00,0,0,0.0,[]
2020-11-02 04:50:00+00:00,0,0,0.0,[]
2020-11-02 04:55:00+00:00,0,0,0.0,[]
2020-11-02 05:00:00+00:00,0,0,0.0,[]
2020-11-02 05:05:00+00:00,0,0,0.0,[]
2020-11-02 05:10:00+00:00,0,0,0.0,[]
2020-11-02 05:15:00+00:00,0,0,0.0,[]
2020-11-02 05:20:00+00:00,0,0,0.0,[]
2020-11-02 05:25:00+00:00,0,0,0.0,[]
2020-11-02 05:30:00+00:00,0,0,0.0,[]
2020-11-02 05:35:00+00:00,0,0,0.0,[]
2020-11-02 05:40:00+00:00,0,0,0.0,[]
2020-11-02 05:45:00+00:00,0,0,0.0,[]
2020-11-02 05:50:00+00:00,0,0,0.0,[]
2020-11-02 05:55:00+00:00,0,0,0.0,[]
2020-11-02 06:00:00+00:00,0,0,0.0,[]
2020-11-02 06:05:00+00:00,0,0,0.0,[]
2020-11-02 06:10:00+00:00,0,0,0.0,[]
2020-11-02 06:15:00+00:00,0,0,0.0,[]
2020-11-02 06:20:00+00:00,0,0,0.0,[]
2020-11-02 06:25:00+00:00,0,0,0.0,[]
2020-11-02 06:30:00+00:00,0,0,0.0,[]
2020-11-02 06:35:00+00:00,0,0,0.0,[]
2020-11-02 06:40:00+00:00,0,0,0.0,[]
2020-11-02 06:45:00+00:00,0,0,0.0,[]
2020-11-02 06:50:00+00:00,0,0,0.0,[]
2020-11-02 06:55:00+00:00,0,0,0.0,[]
2020-11-02 07:00:00+00:00,0,0,0.0,[]
2020-11-02 07:05:00+00:00,0,0,0.0,[]
2020-11-02 07:10:00+00:00,0,0,0.0,[]
2020-11-02 07:15:00+00:00,0,0,0.0,[]
2020-11-02 07:20:00+00:00,0,0,0.0,[]
2020-11-02 07:25:00+00:00,0,0,0.0,[]
2020-11-02 07:30:00+00:00,0,0,0.0,[]
2020-11-02 07:35:00+00:00,0,0,0.0,[]
2020-11-02 07:40:00+00:00,1140,0,1.0,[1140]
2020-11-02 07:45:00+00:00,0,0,0.0,[]
2020-11-02 07:50:00+00:00,0,0,0.0,[]
2020-11-02 07:55:00+00:00,0,0,0.0,[]
2020-11-02 08:00:00+00:00,0,0,0.0,[]
2020-11-02 08:05:00+00:00,0,0,0.0,[]
2020-11-02 08:10:00+00:00,0,0,0.0,[]
2020-11-02 08:15:00+00:00,0,0,0.0,[]
2020-11-02 08:20:00+00:00,0,0,0.0,[]
2020-11-02 08:25:00+00:00,0,0,0.0,[]
2020-11-02 08:30:00+00:00,0,0,0.0,[]
2020-11-02 08:35:00+00:00,0,0,0.0,[]
2020-11-02 08:40:00+00:00,0,0,0.0,[]
2020-11-02 08:45:00+00:00,0,0,0.0,[]
2020-11-02 08:50:00+00:00,0,0,0.0,[]
2020-11-02 08:55:00+00:00,0,0,0.0,[]
2020-11-02 09:00:00+00:00,0,0,0.0,[]
2020-11-02 09:05:00+00:00,0,0,0.0,[]
2020-11-02 09:10:00+00:00,0,0,0.0,[]
2020-11-02 09:15:00+00:00,0,0,0.0,[]
2020-11-02 09:20:00+00:00,0,0,0.0,[]
2020-11-02 09:25:00+00:00,0,0,0.0,[]
2020-11-02 09:30:00+00:00,0,0,0.0,[]
2020-11-02 09:35:00+00:00,0,0,0.0,[]
2020-11-02 09:40:00+00:00,0,0,0.0,[]
2020-11-02 09:45:00+00:00,0,0,0.0,[]
2020-11-02 09:50:00+00:00,0,0,0.0,[]
2020-11-02 09:55:00+00:00,0,0,0.0,[]
2020-11-02 10:00:00+00:00,0,0,0.0,[]
2020-11-02 10:05:00+00:00,0,0,0.0,[]
2020-11-02 10:10:00+00:00,0,0,0.0,[]
2020-11-02 10:15:00+00:00,0,0,0.0,[]
2020-11-02 10:20:00+00:00,0,0,0.0,[]
2020-11-02 10:25:00+00:00,0,0,0.0,[]
2020-11-02 10:30:00+00:00,0,0,0.0,[]
2020-11-02 10:35:00+00:00,0,0,0.0,[]
2020-11-02 10:40:00+00:00,0,0,0.0,[]
2020-11-02 10:45:00+00:00,0,0,0.0,[]
2020-11-02 10:50:00+00:00,0,0,0.0,[]
2020-11-02 10:55:00+00:00,0,0,0.0,[]
2020-11-02 11:00:00+00:00,0,0,0.0,[]
2020-11-02 11:05:00+00:00,0,0,0.0,[]
2020-11-02 11:10:00+00:00,0,0,0.0,[]
2020-11-02 11:15:00+00:00,0,0,0.0,[]
2020-11-02 11:20:00+00:00,0,0,0.0,[]
2020-11-02 11:25:00+00:00,0,0,0.0,[]
2020-11-02 11:30:00+00:00,0,0,0.0,[]
2020-11-02 11:35:00+00:00,0,0,0.0,[]
2020-11-02 11:40:00+00:00,0,0,0.0,[]
2020-11-02 11:45:00+00:00,0,0,0.0,[]
2020-11-02 11:50:00+00:00,0,0,0.0,[]
2020-11-02 11:55:00+00:00,0,0,0.0,[]
2020-11-02 12:00:00+00:00,0,0,0.0,[]
2020-11-02 12:05:00+00:00,0,0,0.0,[]
2020-11-02 12:10:00+00:00,0,0,0.0,[]
2020-11-02 12:15:00+00:00,0,0,0.0,[]
2020-11-02 12:20:00+00:00,0,0,0.0,[]
2020-11-02 12:25:00+00:00,0,0,0.0,[]
2020-11-02 12:30:00+00:00,0,0,0.0,[]
2020-11-02 12:35:00+00:00,520,0,1.0,[520]
2020-11-02 12:40:00+00:00,0,0,0.0,[]
2020-11-02 12:45:00+00:00,0,0,0.0,[]
2020-11-02 12:50:00+00:00,0,0,0.0,[]
2020-11-02 12:55:00+00:00,0,0,0.0,[]
2020-11-02 13:00:00+00:00,0,0,0.0,[]
2020-11-02 13:05:00+00:00,0,0,0.0,[]
2020-11-02 13:10:00+00:00,0,0,0.0,[]
2020-11-02 13:15:00+00:00,0,0,0.0,[]
2020-11-02 13:20:00+00:00,0,0,0.0,[]
2020-11-02 13:25:00+00:00,0,0,0.0,[]
2020-11-02 13:30:00+00:00,0,0,0.0,[]
2020-11-02 13:35:00+00:00,0,0,0.0,[]
2020-11-02 13:40:00+00:00,0,0,0.0,[]
2020-11-02 13:45:00+00:00,0,0,0.0,[]
2020-11-02 13:50:00+00:00,0,0,0.0,[]
2020-11-02 13:55:00+00:00,0,0,0.0,[]
2020-11-02 14:00:00+00:00,0,0,0.0,[]
2020-11-02 14:05:00+00:00,0,0,0.0,[]
2020-11-02 14:10:00+00:00,0,0,0.0,[]
2020-11-02 14:15:00+00:00,0,0,0.0,[]
2020-11-02 14:20:00+00:00,0,0,0.0,[]
2020-11-02 14:25:00+00:00,0,0,0.0,[]
2020-11-02 14:30:00+00:00,0,0,0.0,[]
2020-11-02 14:35:00+00:00,0,0,0.0,[]
2020-11-02 14:40:00+00:00,0,0,0.0,[]
2020-11-02 14:45:00+00:00,0,0,0.0,[]
2020-11-02 14:50:00+00:00,0,0,0.0,[]
2020-11-02 14:55:00+00:00,0,0,0.0,[]
2020-11-02 15:00:00+00:00,0,0,0.0,[]
2020-11-02 15:05:00+00:00,0,0,0.0,[]
2020-11-02 15:10:00+00:00,0,0,0.0,[]
2020-11-02 15:15:00+00:00,0,0,0.0,[]
2020-11-02 15:20:00+00:00,0,0,0.0,[]
2020-11-02 15:25:00+00:00,0,0,0.0,[]
2020-11-02 15:30:00+00:00,0,0,0.0,[]
2020-11-02 15:35:00+00:00,0,0,0.0,[]
2020-11-02 15:40:00+00:00,0,0,0.0,[]
2020-11-02 15:45:00+00:00,0,0,0.0,[]
2020-11-02 15:50:00+00:00,10,0,1.0,[10]
2020-11-02 15:55:00+00:00,0,0,0.0,[]
2020-11-02 16:00:00+00:00,0,0,0.0,[]
2020-11-02 16:05:00+00:00,0,0,0.0,[]
2020-11-02 16:10:00+00:00,0,0,0.0,[]
2020-11-02 16:15:00+00:00,0,0,0.0,[]
2020-11-02 16:20:00+00:00,204840,0,134.0,"[2190, 120, 10, 940, 130, 1760, 60, 450, 1900, 1080, 10180, 1030, 50, 50, 7130, 170, 790, 450, 6050, 2180, 4330, 920, 4850, 1240, 500, 80, 1280, 10, 650, 410, 3850, 460, 220, 20720, 300, 1940, 6550, 260, 0, 420, 870, 320, 1050, 2500, 10, 360, 2460, 310, 630, 60, 1830, 0, 570, 8780, 700, 5460, 290, 510, 20, 1440, 50, 3220, 380, 300, 60, 470, 30, 0, 1880, 40, 120, 80, 270, 160, 190, 580, 580, 710, 460, 60, 1050, 2330, 300, 180, 380, 1020, 2700, 40, 5980, 950, 710, 590, 200, 1060, 1080, 1340, 950, 40, 3220, 150, 20, 6730, 30, 720, 50, 10620, 330, 220, 780, 110, 90, 610, 1040, 2390, 540, 440, 740, 70, 5870, 200, 430, 6160, 3240, 110, 60, 12100, 170, 640, 60, 1570, 260, 150, 250, 250]"
2020-11-02 16:25:00+00:00,1687620,1,204.0,"[20, 1480, 10, 230, 550, 4680, 340, 5750, 2950, 4870, 330, 500, 4830, 990, 60, 18420, 160, 43010, 2150, 300, 580, 4840, 20, 390, 50, 960, 730, 100, 50, 720, 60, 40, 160, 1480, 210, 150, 70, 20, 660, 750, 580, 60, 130, 440, 30, 90, 3820, 3350, 430, 430, 250, 60, 1980, 3420, 110, 620, 2250, 26400, 70, 110, 0, 540, 50, 10, 1600, 3460, 50, 180, 10, 2330, 4720, 3540, 1100, 940, 2220, 4180, 280, 210, 0, 910, 15580, 550, 7290, 80, 3920, 1660, 300, 120, 240, 80, 300, 2090, 1020, 60, 260, 1130, 10, 550, 230, 1230, 10, 40, 1510, 160, 100, 9960, 200, 1320, 1480, 1570, 920, 15630, 720, 110, 780, 460, 230, 1830, 1040, 1170, 150, 1240, 360, 680, 1290, 210, 6420, 1390, 40, 1220, 590, 100, 580, 150, 150, 720, 4560, 6600, 20, 10, 3150, 70, 1080, 340, 140, 3620, 5000, 18900, 370, 5340, 70, 760, 70, 2500, 12510, 120, 310, 60, 320, 160, 200, 60, 160, 40, 0, 90, 70, 10, 900, 4720, 2060, 122380, 16110, 160, 1460, 2240, 100, 3700, 340, 2370, 620, 210, 2270, 15730, 2660, 750, 50, 10, 6460, 440, 360, 940, 4860, 250, 320, 4100, 380, 3470, 420, 270, 40, 340, 6620]"
2020-11-02 16:30:00+00:00,1313500,1,431.0,"[1910, 50, 770, 930, 810, 2080, 650, 3070, 100, 1130, 1520, 16670, 1270, 670, 40, 1350, 11210, 80, 740, 4310, 130, 50, 2280, 1240, 3680, 1450, 1790, 1230, 1120, 3010, 880, 190, 2410, 1260, 340, 30, 300, 330, 2030, 7100, 50, 90, 130, 780, 1470, 2420, 6380, 470, 380, 4070, 10, 1430, 4010, 5370, 350, 320, 220, 60, 3350, 340, 2890, 30, 3180, 40, 700, 80, 450, 50, 6070, 150, 0, 80, 380, 6260, 770, 180, 230, 120, 4380, 940, 3100, 3870, 44490, 79190, 0, 500, 3310, 10, 6080, 320, 4080, 240, 20, 20, 1010, 880, 950, 20, 50, 1930, 2450, 2180, 3120, 160, 50, 1150, 5420, 6620, 40, 30, 4240, 760, 280, 1600, 160, 340, 7230, 3130, 34070, 30, 270, 140, 1890, 4790, 330, 300, 0, 2850, 1020, 10120, 220, 6020, 21090, 16860, 1220, 0, 1800, 170, 1870, 0, 90, 150, 2300, 3520, 3880, 50, 40, 590, 790, 1870, 14080, 6140, 1730, 830, 2140, 70, 800, 310, 20, 1200, 40, 2960, 210, 1730, 400, 20, 1180, 50, 310, 200, 1340, 180, 4390, 130, 2450, 1850, 1180, 160, 3400, 900, 1200, 780, 860, 90, 360, 250, 0, 15570, 1460, 30, 360, 3430, 800, 30, 9980, 140, 1500, 30, 10, 2310, 30, 1020, 70790, 1560, 250, 220, 710, 3780, 240, 590, 80, 10, 4460, 240, 710, 2130, 28440, 2020, 170, 4280, 190, 10, 860, 20, 3390, 1850, 850, 2680, 690, 800, 210, 80, 60, 70, 150, 150, 120, 80, 40, 1440, 680, 3610, 810, 830, 130, 750, 80, 1250, 1430, 4050, 30, 100, 1900, 2050, 100, 1070, 710, 460, 2880, 730, 80, 320, 240, 40, 200, 50, 190, 50, 580, 1420, 34070, 10, 250, 17870, 96620, 5530, 10, 590, 60, 150, 2780, 1090, 3890, 3790, 350, 740, 2080, 13210, 490, 5450, 30, 300, 130, 30, 720, 40, 7120, 300, 120200, 220, 2420, 400, 1090, 110, 1540, 380, 2580, 10, 1910, 910, 80, 90, 880, 40, 620, 90, 40, 440, 1070, 420, 740, 3510, 80, 10, 130, 70, 220, 40, 3440, 580, 630, 500, 630, 540, 780, 80, 110, 1090, 150, 90, 760, 550, 840, 180, 10, 740, 240, 3790, 2210, 1130, 170, 450, 60, 430, 250, 250, 410, 3080, 2440, 160, 50, 6160, 1150, 20, 100600, 110, 150, 340, 60, 570, 7640, 1240, 1990, 1080, 1220, 880, 2910, 1880, 14320, 2600, 680, 320, 560, 4280, 5340, 590, 20, 10, 1940, 200, 320, 80, 140, 90, 10400, 170, 14130, 2490, 670, 290, 6450, 310, 620, 4560, 950, 3770, 13800, 20, 160, 3340, 11000, 2240, 1100, 70, 70, 1070, 30, 30, 110, 110, 620, 380, 3940, 540, 2980, 120, 50, 170, 450, 180, 3620]"
2020-11-02 16:35:00+00:00,687450,1,316.0,"[280, 240, 50, 10, 1070, 3690, 1520, 570, 35440, 16420, 6460, 3180, 60, 90, 4380, 120, 110, 540, 4800, 210, 1290, 50, 2370, 510, 1340, 290, 1050, 51630, 120, 108680, 1660, 850, 120, 18190, 1140, 1330, 520, 80, 10, 3250, 30, 4650, 110, 40, 70, 13310, 20, 1420, 2090, 70, 140, 770, 40, 1180, 1890, 1490, 20, 0, 20, 10, 1900, 640, 0, 3210, 670, 180, 160, 20, 1620, 830, 110, 1300, 6370, 130, 1510, 40, 60, 240, 640, 20, 35760, 190, 4110, 4410, 170, 390, 910, 60, 370, 200, 180, 390, 50, 2820, 60, 1280, 4890, 3770, 430, 1500, 100, 240, 40, 1070, 100, 520, 1320, 160, 1200, 1980, 80, 70, 120, 510, 90, 780, 200, 640, 70, 15880, 10, 290, 70, 510, 1620, 4410, 300, 540, 5780, 1770, 190, 820, 60, 490, 80, 570, 60, 40, 470, 30, 110, 750, 250, 80, 340, 7890, 420, 700, 30, 1970, 3170, 1770, 140, 90, 180, 3020, 2690, 110, 180, 8590, 4270, 3910, 1080, 5120, 1140, 270, 10, 3320, 100, 760, 1670, 170, 310, 80, 1940, 1060, 20, 10340, 560, 3360, 100, 100, 80, 280, 1200, 40, 1970, 2690, 630, 2370, 2380, 6860, 330, 20, 170, 10, 420, 180, 1470, 30, 160, 1830, 690, 2620, 80, 1990, 2370, 690, 190, 330, 20, 1110, 410, 540, 400, 780, 1390, 290, 80, 3540, 110, 20, 300, 120, 5590, 660, 480, 400, 360, 1770, 1720, 1780, 40, 140, 390, 20, 40, 840, 1030, 110, 140, 100, 320, 1160, 960, 0, 50, 4650, 250, 5430, 36800, 80, 10, 60, 1110, 200, 360, 3580, 190, 310, 520, 1560, 1060, 2120, 2950, 20, 3120, 20, 200, 150, 2030, 290, 230, 1500, 3210, 10, 990, 20, 310, 320, 2660, 19510, 240, 200, 150, 160, 400, 50, 520, 2520, 30, 260, 130, 150, 1720, 6100, 260, 1090, 3240, 1170, 1640, 610, 1190, 3480, 160, 2130, 80, 270, 60, 3770, 180, 70, 260, 160, 230, 1520]"
2020-11-02 16:40:00+00:00,659120,0,298.0,"[370, 270, 800, 230, 30, 20, 2690, 2460, 610, 350, 2540, 100, 180, 220, 2370, 20, 180, 100, 1520, 150, 4140, 5010, 1970, 0, 1200, 1970, 6430, 1410, 60, 520, 6690, 220, 470, 180, 550, 430, 240, 140, 30, 13720, 10, 380, 350, 340, 400, 3080, 16090, 940, 70, 1840, 1220, 20, 240, 1080, 0, 1620, 7570, 300, 1520, 810, 460, 70, 79180, 30, 80, 1770, 3210, 770, 5670, 740, 310, 20, 40, 540, 580, 640, 570, 490, 11660, 430, 20, 2310, 40, 310, 16860, 21280, 50, 2440, 15720, 580, 1750, 430, 50, 820, 3770, 10, 600, 260, 100, 130, 220, 50, 1480, 290, 8630, 400, 570, 580, 60, 50, 90, 24520, 500, 520, 160, 10, 12110, 1390, 20, 430, 30, 0, 2020, 2700, 180, 20, 220, 30, 2130, 1210, 80, 40, 1020, 260, 2130, 8900, 14000, 10, 20, 1420, 640, 640, 50, 2120, 280, 2460, 440, 580, 370, 770, 22850, 3650, 2120, 1030, 4340, 10, 0, 300, 1380, 0, 3700, 60, 10, 460, 220, 290, 280, 3450, 280, 2550, 110, 30, 1520, 50, 1180, 1780, 860, 1420, 450, 3760, 80, 30, 21100, 1200, 30, 3760, 510, 1990, 200, 380, 110, 5460, 310, 820, 750, 6580, 30, 350, 3760, 1410, 43830, 20, 580, 20, 440, 120, 60, 10, 2040, 0, 6290, 0, 420, 60, 70, 4800, 8070, 240, 4020, 0, 1340, 5580, 40, 3950, 130, 760, 20, 290, 460, 480, 630, 530, 2570, 1210, 210, 440, 180, 440, 80, 110, 3060, 600, 250, 40, 10, 920, 470, 160, 940, 370, 1370, 630, 280, 4110, 20, 11870, 570, 10, 17160, 1700, 40, 910, 500, 520, 100, 450, 10420, 680, 1000, 280, 2330, 930, 800, 730, 10670, 3060, 170, 340, 0, 400, 2030, 0, 1970, 10, 4200, 90, 660, 850, 290, 10, 560, 20, 1210, 110, 10, 240, 140, 200]"
2020-11-02 16:45:00+00:00,489760,1,215.0,"[140, 4100, 49850, 120, 3580, 2230, 30, 220, 780, 5890, 800, 3320, 10, 910, 20, 810, 50, 180, 800, 0, 250, 10650, 100, 910, 640, 2280, 1230, 20, 720, 1230, 35650, 140, 2090, 19300, 440, 720, 5160, 1370, 0, 150, 0, 20, 50, 6310, 20, 150, 100, 5210, 0, 140, 11380, 710, 140, 700, 40, 30, 550, 370, 3890, 30, 170, 1590, 220, 2120, 140, 11380, 70, 30, 3060, 240, 270, 210, 420, 390, 4160, 20, 2170, 2990, 390, 3630, 680, 940, 3870, 40, 950, 4700, 310, 60, 80, 1900, 20, 2330, 200, 480, 180, 4420, 1520, 10, 620, 4010, 3270, 1060, 4850, 200, 480, 100, 3240, 1900, 210, 160, 9630, 2420, 1310, 3850, 9630, 160, 40, 10, 140, 300, 80, 2420, 1040, 20, 80, 210, 100, 1360, 390, 360, 2300, 130, 460, 8480, 130, 140, 520, 160, 2800, 60, 1670, 810, 10, 5500, 370, 60, 590, 20, 120, 7190, 380, 760, 110, 30, 1140, 5500, 140, 160, 70, 30, 620, 68740, 6260, 1590, 230, 20, 290, 80, 510, 480, 140, 20, 590, 2400, 170, 70, 140, 12020, 220, 950, 130, 40, 1810, 470, 620, 16240, 60, 4560, 50, 30, 40, 1680, 90, 220, 30, 80, 40, 240, 70, 40, 20, 300, 10, 0, 90, 320, 2780, 60, 140, 1220, 5990, 1000, 3400, 650, 15120]"
2020-11-02 16:50:00+00:00,485600,0,213.0,"[430, 940, 900, 1770, 3400, 60, 190, 520, 310, 11310, 2550, 540, 50, 400, 210, 30, 120, 260, 30, 170, 60, 280, 10, 50, 100, 40, 1680, 1520, 270, 4050, 580, 460, 10, 1770, 690, 20, 870, 70, 420, 1870, 360, 3690, 400, 360, 310, 0, 20, 100, 490, 8080, 4200, 10, 410, 370, 90, 1400, 260, 870, 0, 890, 410, 30, 270, 30, 10, 330, 4900, 130, 570, 520, 3220, 100, 790, 64350, 90, 140, 2180, 1060, 4800, 20, 10590, 350, 1020, 790, 6580, 150, 20, 840, 170, 120, 280, 70, 65130, 360, 3330, 2740, 1440, 80, 2740, 50, 2740, 580, 190, 2200, 810, 2880, 2980, 700, 700, 370, 30550, 2510, 420, 430, 90, 3780, 380, 270, 3440, 20, 0, 40, 10, 1840, 690, 1320, 20, 20, 2230, 2880, 480, 1150, 59920, 1870, 550, 230, 340, 20, 20, 880, 2000, 2880, 760, 400, 9870, 600, 10230, 750, 430, 350, 4570, 1550, 120, 60, 200, 2440, 1520, 840, 60, 710, 320, 30, 980, 1850, 90, 1540, 60, 0, 420, 220, 20, 1260, 1340, 550, 15140, 320, 170, 200, 240, 340, 360, 10, 1380, 800, 0, 50, 640, 10, 210, 220, 1530, 2550, 130, 3680, 710, 180, 4380, 360, 1340, 60, 50, 1790, 150, 10030, 2170, 80, 1090, 370, 360, 4310, 1560, 5060, 1880]"
2020-11-02 16:55:00+00:00,344740,0,186.0,"[140, 3280, 1280, 480, 230, 520, 960, 2890, 230, 360, 210, 5950, 40, 420, 250, 220, 160, 90, 90, 4120, 5950, 200, 1960, 140, 1800, 320, 50, 1350, 1160, 300, 100, 6070, 3140, 40, 710, 150, 3690, 40, 90, 20, 1300, 4090, 1960, 420, 430, 0, 40, 40, 910, 270, 20, 590, 350, 80, 40, 550, 80, 500, 2440, 70, 710, 60, 240, 660, 3760, 1260, 2520, 2400, 70, 5490, 610, 60, 2330, 410, 2750, 490, 10, 200, 370, 2890, 740, 130, 1900, 20, 480, 600, 640, 1360, 590, 160, 220, 10, 280, 3300, 290, 60, 40, 290, 3660, 4420, 2630, 290, 31130, 6950, 360, 520, 3230, 16080, 120, 2190, 20, 2300, 2060, 20800, 30, 390, 170, 8040, 1600, 340, 6520, 1970, 7450, 2550, 550, 180, 3740, 1360, 15440, 20, 40, 100, 60, 28050, 80, 7810, 40, 10, 2460, 10950, 1210, 1260, 1660, 210, 40, 2390, 1640, 20, 1200, 30, 7600, 2140, 60, 750, 240, 20, 120, 90, 2210, 2150, 2390, 430, 90, 30, 2190, 810, 30, 260, 10, 3140, 30, 500, 1790, 40, 2150, 1910, 2190, 260, 30, 200, 480, 30, 480, 1560, 20, 160]"
2020-11-02 17:00:00+00:00,269770,0,152.0,"[150, 560, 110, 380, 1800, 2760, 200, 510, 160, 6350, 1950, 180, 570, 850, 6030, 4300, 510, 4680, 260, 180, 2070, 520, 60, 90, 970, 620, 150, 5580, 1760, 46000, 60, 10, 20, 680, 15330, 60, 1160, 4030, 1290, 0, 720, 2480, 180, 60, 1790, 230, 20, 80, 760, 230, 320, 50, 880, 760, 70, 190, 60, 1550, 380, 1010, 4500, 220, 1540, 3140, 730, 210, 100, 120, 4760, 210, 1220, 20, 190, 1080, 560, 90, 9360, 1230, 500, 60, 2420, 40, 1320, 1120, 1340, 10050, 100, 720, 1240, 2860, 30, 120, 1300, 120, 430, 250, 980, 120, 980, 3160, 320, 31100, 550, 20, 1190, 130, 20, 3070, 10630, 40, 110, 720, 110, 410, 4700, 310, 50, 190, 30, 60, 40, 230, 10, 2110, 240, 2520, 30, 200, 230, 3470, 50, 1050, 7360, 110, 110, 40, 2170, 40, 240, 60, 130, 410, 840, 940, 2440, 70, 1320, 30, 3040, 440, 2330, 400]"
2020-11-02 17:05:00+00:00,428710,0,141.0,"[30, 5180, 1210, 100, 870, 30, 4140, 180, 1280, 4080, 760, 380, 87360, 1120, 1410, 20, 20, 0, 70, 100, 220, 240, 20, 2570, 1080, 5770, 210, 90, 60, 2830, 1770, 1130, 410, 340, 2280, 43190, 1850, 70, 660, 1300, 109040, 260, 2200, 10, 840, 90, 90, 8060, 240, 170, 220, 90, 270, 1480, 3130, 700, 10240, 530, 470, 7310, 130, 650, 1700, 60, 180, 420, 480, 720, 4600, 4600, 2330, 1580, 1100, 3750, 1700, 140, 2200, 2230, 3680, 50, 20, 50, 10, 400, 20, 1070, 10, 10, 890, 110, 310, 2200, 20, 2190, 2800, 1750, 470, 2840, 3160, 390, 40, 1120, 70, 550, 150, 690, 30, 60, 2630, 20, 1660, 720, 860, 6580, 160, 4780, 5760, 1490, 130, 380, 930, 2040, 780, 390, 250, 760, 710, 5250, 1240, 540, 110, 200, 4320, 400, 1130, 880, 50, 440, 7250, 1440, 830]"
2020-11-02 17:10:00+00:00,276020,0,142.0,"[16040, 110, 360, 4940, 300, 140, 1320, 1320, 1370, 800, 430, 4040, 20, 1370, 150, 1170, 3100, 1630, 4460, 220, 2130, 20, 270, 1560, 11830, 3180, 560, 5710, 14780, 50, 1200, 3460, 3190, 3950, 6040, 0, 9430, 2190, 1430, 360, 1650, 830, 360, 6000, 0, 4660, 2330, 40, 160, 120, 330, 13870, 570, 20, 9810, 50, 90, 880, 30, 6130, 1720, 100, 1510, 100, 100, 1040, 770, 240, 1900, 450, 190, 140, 1320, 870, 210, 310, 6900, 110, 30, 2830, 130, 0, 410, 330, 1170, 11210, 1150, 1260, 30, 1470, 0, 130, 4990, 860, 0, 2410, 1390, 500, 110, 30, 1210, 660, 130, 2700, 90, 1410, 300, 2390, 2260, 170, 160, 2740, 80, 1700, 770, 20, 720, 3630, 20, 19800, 400, 4530, 30, 3670, 90, 740, 0, 750, 1360, 10, 20, 920, 100, 230, 70, 90, 20, 130, 40, 1040, 6200, 3640]"
2020-11-02 17:15:00+00:00,440780,0,142.0,"[660, 30, 180, 1340, 640, 450, 2920, 0, 80, 320, 3900, 520, 1100, 160, 8740, 60, 510, 940, 360, 290, 560, 30, 160, 9710, 240, 5400, 1040, 90, 330, 110, 3120, 64590, 24950, 12260, 100, 40, 22390, 1410, 110, 40, 70, 110, 3260, 1020, 210, 4890, 920, 670, 1000, 150, 770, 1000, 20, 60, 290, 230, 640, 4760, 30, 1150, 13780, 5380, 720, 190, 12720, 1730, 1120, 1240, 90, 5380, 2600, 200, 150, 3400, 2220, 0, 35850, 2380, 160, 560, 210, 3010, 16870, 3270, 610, 7030, 4840, 11510, 300, 11510, 40, 37010, 920, 920, 650, 50, 30, 650, 4330, 2330, 140, 80, 100, 3040, 680, 100, 110, 2020, 40, 1530, 20, 160, 0, 1450, 3100, 120, 830, 140, 1450, 940, 1040, 260, 820, 320, 1370, 1660, 4820, 100, 2470, 1310, 120, 3910, 2650, 60, 630, 5230, 780, 20, 2110, 790, 1590, 5580]"
2020-11-02 17:20:00+00:00,271600,0,119.0,"[450, 130, 160, 19160, 28190, 20, 480, 1300, 6720, 1210, 20, 120, 400, 80, 450, 870, 2210, 760, 750, 2240, 100, 370, 40, 250, 300, 50, 8600, 80, 1730, 10, 0, 20, 770, 220, 2890, 1320, 640, 670, 0, 130, 1450, 140, 470, 200, 30, 330, 130, 130, 680, 4830, 2500, 100, 340, 0, 360, 150, 490, 450, 330, 30, 920, 820, 320, 6280, 20, 70, 3400, 81370, 1440, 60, 460, 170, 740, 70, 4000, 870, 10470, 2210, 20, 160, 130, 80, 120, 4750, 130, 30, 4470, 50, 50, 420, 80, 2210, 1590, 90, 1000, 8030, 0, 210, 40, 4320, 300, 1290, 670, 930, 50, 20, 220, 30, 120, 420, 7870, 8480, 120, 2420, 170, 470, 2880, 6380, 40]"
2020-11-02 17:25:00+00:00,403840,0,136.0,"[0, 17520, 40, 1110, 960, 11560, 590, 100, 1710, 510, 1640, 5740, 1250, 350, 370, 20, 3170, 80, 250, 520, 2280, 160, 20, 10, 20, 0, 3400, 430, 60, 450, 1030, 1060, 3650, 1090, 120, 1240, 2210, 120, 60, 50, 440, 350, 970, 3140, 110, 4530, 6180, 950, 120, 80, 1510, 150, 640, 870, 540, 4380, 10, 12610, 60, 3570, 3200, 670, 190, 6030, 3180, 12650, 120, 780, 0, 300, 100, 11760, 3060, 60, 10820, 87520, 1200, 39640, 290, 2470, 950, 2260, 80, 2680, 1040, 370, 1580, 90, 2740, 4930, 1580, 30, 630, 980, 80, 1620, 890, 580, 720, 350, 1250, 5670, 90, 10, 200, 980, 220, 420, 40, 20, 660, 3630, 100, 160, 4120, 15900, 1900, 2330, 30, 890, 210, 10, 260, 5280, 530, 170, 1460, 630, 680, 50, 1230, 330, 260, 800, 260, 38680]"
2020-11-02 17:30:00+00:00,331150,0,131.0,"[10, 4000, 10, 2420, 0, 230, 80, 2750, 1480, 410, 40, 370, 1340, 1500, 7080, 4990, 0, 140, 2280, 310, 1170, 130, 860, 220, 20, 20, 220, 1840, 440, 170, 3260, 360, 170, 2870, 170, 34480, 3980, 1110, 60, 1500, 2890, 100, 12910, 10, 390, 100, 2730, 41670, 180, 1310, 370, 2620, 450, 170, 14630, 1070, 4980, 390, 2250, 17450, 4100, 1420, 150, 380, 200, 3150, 500, 5970, 1200, 16040, 1420, 410, 300, 1450, 410, 10, 360, 30, 640, 2260, 20, 17070, 190, 3810, 140, 650, 600, 260, 50, 3250, 1820, 14000, 4070, 140, 1340, 1210, 4940, 280, 120, 2380, 1340, 130, 1200, 60, 60, 130, 180, 290, 10, 2480, 5100, 110, 2510, 9490, 40, 330, 380, 480, 50, 640, 40, 700, 4200, 4050, 4070, 1100, 620, 1150, 250, 3620, 440]"
2020-11-02 17:35:00+00:00,162460,0,112.0,"[2650, 10, 340, 1990, 10, 1220, 160, 430, 7220, 4220, 170, 220, 2200, 0, 3570, 360, 220, 1420, 460, 210, 740, 10, 1260, 130, 10, 30, 20, 2700, 670, 5330, 3970, 140, 3410, 20, 670, 13420, 2650, 4580, 670, 20, 40, 60, 140, 20, 4100, 1150, 1420, 8180, 870, 3130, 0, 80, 7680, 980, 0, 5190, 440, 170, 1680, 890, 720, 10, 170, 3740, 0, 20, 890, 1970, 1270, 2600, 1710, 220, 990, 190, 420, 150, 120, 0, 0, 60, 60, 10, 1580, 10, 590, 0, 80, 4820, 1340, 15110, 700, 1290, 60, 50, 810, 220, 660, 380, 180, 0, 670, 0, 1350, 180, 810, 7470, 240, 4490, 20, 80, 20, 180]"
2020-11-02 17:40:00+00:00,301550,1,114.0,"[4080, 10, 60, 0, 250, 3680, 30, 250, 60, 1340, 1430, 110, 1150, 1600, 14400, 300, 10, 10320, 3140, 320, 2090, 1070, 190, 3330, 50, 7420, 2900, 180, 260, 820, 20, 1770, 160, 280, 1970, 90, 40, 150, 840, 0, 690, 80, 4710, 3130, 2400, 4710, 480, 30, 240, 170, 420, 1410, 2420, 280, 130, 6300, 390, 11280, 930, 45090, 120, 60, 2010, 430, 420, 320, 150, 80, 80, 880, 14660, 1520, 20, 41400, 2320, 7370, 5060, 1980, 60, 440, 560, 240, 420, 370, 180, 630, 120, 810, 0, 120, 5010, 34290, 350, 1300, 700, 190, 60, 640, 13080, 1060, 110, 3400, 260, 90, 200, 0, 80, 340, 510, 510, 380, 80, 1030, 3590]"
2020-11-02 17:45:00+00:00,180290,0,126.0,"[5840, 2480, 3180, 210, 1540, 1430, 230, 510, 550, 450, 3700, 700, 300, 140, 110, 1330, 1390, 230, 120, 2820, 220, 280, 3370, 6580, 180, 60, 930, 10, 300, 570, 3760, 5850, 130, 930, 490, 1570, 2820, 1080, 3870, 190, 6700, 2060, 790, 0, 10360, 1890, 70, 120, 180, 1600, 6640, 10, 6700, 12410, 390, 1600, 1210, 270, 530, 700, 150, 620, 100, 70, 430, 210, 120, 1010, 680, 80, 190, 70, 570, 330, 510, 0, 1660, 930, 20, 990, 5200, 640, 330, 2960, 200, 290, 2530, 1990, 1230, 120, 370, 1090, 1350, 200, 920, 1910, 40, 820, 240, 710, 210, 1620, 660, 180, 280, 2070, 2060, 60, 540, 2300, 700, 4200, 3730, 70, 1200, 430, 350, 140, 430, 30, 2510, 30, 490, 1360, 4750, 3330]"
2020-11-02 17:50:00+00:00,2024460,1,164.0,"[410, 20, 3680, 1370, 1120, 1180, 1370, 2170, 3730, 3360, 270, 140, 20, 2170, 1330, 5040, 4780, 1580, 460, 260, 4330, 10, 1500, 650, 1643870, 5040, 4780, 12550, 80, 980, 270, 3550, 6010, 2080, 70, 280, 0, 210, 2090, 400, 4040, 350, 340, 6580, 600, 4450, 150, 590, 150, 1090, 11190, 530, 5470, 5500, 9630, 1940, 290, 160, 110, 170, 1200, 710, 510, 4020, 33870, 1320, 10, 510, 2070, 1070, 560, 370, 90, 2590, 1590, 50, 100, 290, 0, 530, 200, 330, 20, 0, 190, 500, 10, 7890, 1350, 360, 80, 160, 20, 6840, 440, 290, 180, 240, 360, 4660, 2330, 6600, 1650, 7300, 11020, 120, 9790, 610, 500, 20, 1040, 30, 3040, 10, 90, 170, 1820, 270, 200, 4750, 270, 40, 300, 200, 820, 760, 150, 710, 1030, 30800, 140, 3310, 110, 430, 100, 16520, 80, 540, 220, 440, 7910, 640, 80, 40, 300, 60, 40, 1450, 6320, 1640, 3530, 4530, 20, 280, 440, 100, 280, 4530, 1840, 920, 6880, 1470, 20590, 120]"
2020-11-02 17:55:00+00:00,411670,0,139.0,"[1680, 10, 80, 100, 540, 1310, 310, 30, 190, 250, 3060, 140, 1920, 14730, 30, 90, 110, 14730, 2800, 190, 2600, 350, 470, 240, 460, 470, 60, 820, 270, 4050, 470, 3030, 1070, 930, 2550, 470, 580, 1020, 870, 250, 100, 380, 6660, 160, 70, 70, 4870, 170, 6480, 170, 16610, 2720, 120, 3180, 190, 240, 250, 480, 50, 1360, 17310, 250, 90, 2140, 60, 120, 170, 490, 1270, 1210, 120, 42580, 1050, 12920, 280, 42580, 350, 5470, 270, 250, 1550, 140, 6720, 220, 30, 130, 60, 6320, 200, 370, 170, 50, 75440, 680, 360, 5500, 4070, 4950, 6830, 1190, 40, 560, 1050, 4720, 220, 8630, 20, 1070, 770, 30, 470, 26560, 1070, 200, 50, 640, 10, 280, 130, 2670, 430, 740, 340, 410, 30, 270, 160, 280, 90, 380, 470, 180, 550, 1370, 10, 20, 2850, 1600, 680]"
2020-11-02 18:00:00+00:00,240500,0,127.0,"[630, 770, 7500, 1030, 550, 20, 20, 20, 140, 180, 100, 700, 11020, 70, 40, 870, 20, 290, 4200, 80, 4760, 700, 550, 550, 1100, 780, 150, 490, 1430, 20, 0, 680, 3370, 350, 3170, 5370, 1270, 600, 140, 2930, 650, 60, 1730, 90, 10530, 2510, 30, 8030, 30, 30, 30, 2380, 3990, 270, 70, 120, 50, 80, 2080, 3640, 2310, 6000, 1820, 180, 500, 300, 20, 710, 11200, 12060, 20, 170, 410, 300, 60, 20, 880, 18850, 1490, 140, 560, 35860, 0, 240, 20, 50, 60, 70, 80, 160, 4550, 5620, 170, 60, 410, 220, 40, 370, 220, 60, 250, 1960, 5130, 270, 780, 100, 300, 700, 560, 4620, 10, 70, 360, 70, 70, 450, 50, 1960, 430, 240, 250, 13670, 570, 910, 760, 6370, 270]"
2020-11-02 18:05:00+00:00,415450,1,124.0,"[90, 40, 4190, 4230, 20, 400, 430, 4700, 820, 2920, 6030, 3060, 0, 1050, 580, 2640, 840, 240, 650, 100680, 910, 4170, 210, 850, 370, 780, 410, 190, 50, 30, 4690, 1640, 23960, 2200, 50, 10660, 350, 40, 1310, 2250, 260, 50, 5620, 120, 260, 1370, 20, 140, 3020, 390, 40, 500, 140, 420, 670, 30, 140, 2020, 7030, 2930, 80, 680, 90, 180, 5610, 400, 3040, 230, 500, 280, 60, 1190, 3340, 2970, 330, 10740, 210, 4230, 8500, 9960, 4830, 760, 34310, 250, 140, 3050, 210, 10, 3100, 120, 50, 4360, 1230, 5240, 1660, 210, 33710, 24280, 590, 0, 590, 1190, 2290, 330, 2380, 2030, 330, 150, 6400, 110, 350, 290, 920, 520, 90, 170, 90, 140, 130, 520, 6400, 1370, 3450, 580]"
2020-11-02 18:10:00+00:00,5818990,2,489.0,"[10, 140, 70, 1643930, 1810, 450, 140740, 130, 15290, 1610, 3440, 110, 3930, 170, 790, 250, 310, 5160, 590, 920, 6340, 39790, 500, 10, 6010, 320, 11830, 12890, 590, 240, 4130, 1880, 2300, 530, 550, 370, 270, 150, 600, 150, 700, 4740, 350, 50, 3890, 460, 1060, 1410, 650, 4000, 940, 610, 30, 390, 19460, 290, 50, 0, 1770, 250, 2470, 770, 7130, 40, 1940, 1010, 200, 320, 10, 320, 3260, 10800, 500, 1690, 5670, 690, 990, 6690, 3970, 1650, 3340, 840, 600, 3470, 620, 940, 8160, 12080, 11510, 640, 1120, 880, 280, 440, 100, 1430, 100, 1320, 1210, 4110, 70, 1430, 1290, 460, 10190, 2090, 3190, 150, 20, 840, 20, 370, 190, 2070, 1010, 1050, 110, 1420, 110, 40, 30, 1160, 130, 100, 70, 5790, 2030, 20, 7650, 250, 570, 3380, 4010, 9090, 3620, 960, 390, 120, 0, 60, 90, 2290, 40, 50, 22880, 80, 2420, 10, 1460, 1560, 60, 110, 13830, 3800, 360, 1540, 260, 760, 490, 11890, 0, 1710, 460, 250, 280, 2120, 660, 8620, 100, 0, 140, 3680, 260, 1130, 2300, 2510, 820, 290, 390, 3010, 170, 440, 880, 1440, 2480, 2750, 160, 560, 1800, 640, 70, 0, 50, 3910, 2550, 330, 20, 600, 100, 240, 20, 1070, 840, 810, 160, 4250, 4220, 150, 3120, 270, 2900, 290, 310, 3680, 540, 0, 30, 2660, 460, 1370, 60, 770, 1250, 320, 2110, 430, 80, 60, 2580, 430, 12900, 30, 170, 100, 4930, 170, 50, 10, 830, 4550, 30, 940, 2610, 280, 270, 730, 7560, 910, 3360, 0, 4010, 3400, 150, 10, 50, 730, 0, 960, 40, 8060, 2390, 70, 70, 100, 220, 160, 20, 810, 2670, 90, 320, 30, 330, 2390, 740, 380, 20, 10, 13070, 80, 30720, 120, 8490, 6380, 1170, 50, 0, 58590, 100, 7310, 40, 30, 750, 30400, 3540, 210, 200, 50, 0, 6380, 170, 20960, 250, 2270, 20, 5390, 870, 2970, 1020, 240, 1280, 3050, 20, 13370, 4660, 10870, 1870, 4430, 50, 2470, 6060, 110, 4230, 1520, 720, 440, 250, 16340, 3050, 50, 1110, 3160, 590, 260, 450, 3280, 4380, 12500, 110, 2260, 13870, 6340, 480, 160, 110, 170, 1570, 24060, 60, 30, 60, 780, 150, 10, 750, 60, 750, 60, 170, 3730, 380, 11890, 160, 0, 16320, 2470, 61070, 280, 1820, 1760, 2880, 1530, 3840, 4010, 340, 50, 210, 180, 10, 20, 180, 1860, 50, 1130, 1150, 140, 400, 80, 50, 760, 9130, 3540, 4680, 1530, 170, 12710, 12490, 230, 5020, 2240, 5470, 220, 60, 6400, 1070, 8220, 2690, 1940, 2700, 60, 2880, 360, 80, 1010, 110, 50, 170, 1180, 870, 10, 59160, 160, 0, 390, 360, 460, 40, 790, 60, 11470, 40, 80, 3700, 30, 60, 250, 40, 240, 3940, 70, 29340, 360, 3470, 1790, 340, 1320, 1140, 340, 270, 3240, 240, 100, 2050, 3430, 11110, 1180, 290, 20, 740, 310, 1750, 860, 430, 10, 140, 11610, 720, 120, 2690, 10, 1280, 13740, 820, 3610, 40, 40, 140, 1050, 7070, 3130, 20, 560, 3160, 13120, 240, 20, 4740, 600]"
2020-11-02 18:15:00+00:00,1364820,3,429.0,"[50, 580, 1180, 2300, 30, 60, 2440, 350, 80, 480, 90, 1080, 530, 1180, 110, 1060, 2480, 1120, 1820, 560, 40, 4280, 2370, 120, 3430, 60, 340, 2180, 16870, 150, 230, 840, 110, 1010, 720, 1680, 250, 2290, 180, 30, 60, 20, 110, 820, 305750, 360, 2660, 3360, 149350, 180, 5300, 540, 6790, 4550, 210, 3650, 540, 180, 170, 1080, 970, 4820, 1430, 180, 130, 1580, 1150, 530, 100, 3900, 4270, 390, 140, 980, 1690, 40, 0, 2450, 40, 2850, 230, 10, 1040, 40, 10, 100, 400, 10, 2940, 90, 300, 30, 40, 400, 4000, 10, 170, 4290, 380, 530, 3160, 10, 10, 2250, 790, 740, 1860, 1870, 290, 240, 170, 120, 1430, 1460, 50, 10, 530, 10, 180, 700, 1680, 30, 10, 130, 300, 2300, 10, 20, 120, 150, 380, 90, 50, 10, 700, 30, 120, 3330, 5780, 4080, 20, 2430, 1490, 40, 2460, 380, 10, 16100, 280, 1440, 410, 20, 100, 10, 380, 16180, 2030, 2240, 2180, 420, 320, 6480, 150, 2280, 1440, 40, 2940, 120, 3640, 850, 360, 140, 730, 4790, 2440, 8820, 40, 380, 1030, 770, 10, 7970, 2920, 2430, 20, 240, 3730, 880, 2110, 810, 150, 1560, 2750, 760, 10800, 30, 1790, 16870, 10, 2740, 510, 260, 6770, 6010, 450, 12920, 330, 230, 1440, 40, 120, 1790, 10, 0, 760, 1120, 3190, 220, 40, 8030, 3660, 830, 20, 50, 110, 540, 2250, 200, 140, 120, 1800, 4390, 80, 2490, 70, 450, 280, 770, 17450, 10, 2630, 6040, 100, 4390, 190, 770, 3440, 130, 3670, 590, 2620, 80, 210, 1610, 1060, 510, 20, 10, 240, 780, 470, 1410, 3850, 66260, 1470, 20, 80, 3370, 370, 700, 2660, 570, 1530, 2880, 2200, 520, 2190, 40, 30, 780, 33730, 10, 13180, 280, 1050, 20, 1790, 530, 10, 1210, 100, 820, 120, 2330, 250, 150, 10, 20, 40, 20, 50, 20, 460, 5120, 1970, 70, 260, 550, 3560, 100, 7980, 10800, 40, 24000, 400, 13650, 4160, 410, 5010, 240, 40, 7100, 80, 3280, 120, 4430, 5580, 250, 5270, 4090, 6740, 80, 40, 2830, 10, 5350, 8970, 200, 3240, 30040, 330, 2280, 30, 2460, 140, 20, 5280, 780, 40, 4270, 2670, 760, 800, 4930, 710, 1220, 380, 40, 10800, 1140, 12150, 4210, 50, 300, 60, 150, 13920, 440, 380, 20, 260, 3770, 980, 120, 90, 300, 100, 680, 2550, 470, 13650, 10, 5870, 30, 4090, 60, 80, 2250, 5700, 130, 1000, 20, 760, 3750, 240, 10, 320, 750, 3650, 10, 1330, 340, 12050, 720, 5660, 900, 10, 2850, 470, 500, 9840, 20, 1000, 300, 10, 280, 2590, 420, 2540, 540, 3750, 520, 240, 50, 6940, 550, 180, 10, 1790]"
2020-11-02 18:20:00+00:00,1015790,0,391.0,"[1500, 1750, 0, 30, 150, 1630, 50, 100, 370, 160, 480, 110, 1030, 270, 20, 150, 2790, 2680, 90, 4100, 5270, 10, 0, 1980, 4960, 650, 370, 4670, 370, 120, 230, 400, 46690, 140, 120, 0, 390, 11250, 2320, 10, 90, 1620, 10, 74420, 960, 40, 3580, 35870, 480, 2100, 60, 6750, 210, 210, 3780, 10, 60, 80, 140, 2110, 300, 3450, 160, 10, 60, 1320, 290, 160, 10, 5770, 150, 2090, 600, 10330, 70, 3460, 330, 1220, 790, 1840, 180, 1220, 2680, 9910, 400, 20, 400, 4430, 0, 30, 810, 3230, 190, 7420, 3380, 490, 180, 3330, 160, 110, 8080, 80, 2070, 350, 450, 3590, 460, 340, 20, 10, 100, 20, 840, 4090, 3920, 20990, 5020, 250, 280, 1430, 0, 40, 18630, 3700, 2110, 370, 3050, 160, 560, 60, 1190, 22400, 50, 210, 190, 110, 10, 33030, 2580, 7220, 330, 60, 260, 1070, 150, 310, 2230, 10, 70, 20, 420, 17760, 7690, 6430, 16960, 540, 20, 250, 100, 20, 7220, 20, 4000, 580, 920, 250, 480, 1180, 6430, 1360, 350, 110, 20, 1280, 710, 10, 4030, 8140, 60, 200, 1590, 100, 90, 120, 300, 5300, 9130, 12650, 1590, 1050, 260, 310, 1280, 50, 0, 2910, 110, 570, 120, 800, 40, 20, 1500, 1630, 12110, 1670, 40, 1360, 320, 510, 160, 40, 440, 5790, 340, 5410, 140, 420, 1580, 0, 0, 2570, 4070, 1010, 2330, 370, 1280, 70, 2220, 480, 1100, 260, 180, 40, 260, 18630, 540, 90, 1090, 570, 50, 360, 380, 1700, 280, 1930, 13590, 20, 1630, 100, 5260, 1240, 60, 11410, 280, 4450, 3040, 60, 180, 130, 590, 14020, 11020, 2310, 300, 880, 4610, 40, 1110, 560, 1650, 9850, 2360, 800, 810, 660, 2760, 120, 670, 1070, 1590, 240, 270, 10, 8910, 120, 300, 2020, 70, 120, 3730, 0, 610, 1890, 39760, 140, 480, 5330, 2530, 100, 130, 5520, 240, 190, 4840, 620, 10, 2220, 320, 4050, 2490, 20, 4080, 2070, 6010, 7300, 1660, 120, 600, 3020, 40640, 260, 100, 60, 20, 80, 130, 570, 0, 150, 1010, 20, 830, 0, 5830, 1980, 1970, 3070, 2010, 0, 410, 4540, 1900, 30, 40, 2050, 3040, 570, 1680, 70, 210, 60, 900, 900, 20, 3030, 990, 10420, 120, 4750, 20, 10, 540, 100, 800, 20800, 140, 20, 2580, 90, 360, 10, 300, 2920, 130, 20, 610, 710, 140, 150, 2450, 1180, 3490, 10410, 2260, 40, 80, 600, 10, 70, 4130]"
2020-11-02 18:25:00+00:00,618670,0,341.0,"[40, 600, 16100, 100, 30, 2420, 780, 40, 1020, 1360, 5140, 470, 90, 4280, 6410, 5800, 780, 640, 890, 10, 5270, 140, 300, 8110, 2230, 530, 30, 310, 15820, 10, 2720, 3590, 2180, 150, 3890, 3570, 2760, 540, 1390, 280, 980, 10320, 1690, 690, 750, 5120, 70, 20, 2830, 130, 120, 1500, 180, 110, 890, 430, 3360, 2100, 440, 170, 410, 4430, 1940, 470, 2140, 6220, 2140, 780, 1030, 20, 3510, 5890, 20, 1190, 70, 470, 6510, 20, 40, 3000, 20, 1940, 20, 920, 590, 520, 12180, 170, 0, 5350, 70, 3980, 60, 670, 5560, 10000, 310, 80, 40, 600, 17070, 7330, 2910, 1000, 100, 40, 20, 440, 4320, 150, 0, 130, 13900, 2870, 180, 620, 170, 1320, 60, 410, 60, 10, 1090, 640, 10, 1310, 3040, 190, 90, 5170, 470, 310, 1080, 3350, 0, 1310, 450, 2580, 50, 1760, 4210, 3530, 9740, 370, 30, 2310, 350, 990, 310, 30, 450, 910, 1410, 1040, 3530, 960, 2730, 1150, 10, 2160, 200, 1800, 13830, 360, 90, 4460, 110, 100, 1120, 2810, 120, 290, 130, 670, 30, 20, 2000, 100, 310, 50, 1040, 20, 1670, 50, 490, 4450, 680, 8210, 20, 660, 1060, 60, 80, 170, 70, 1980, 20, 1680, 4280, 760, 200, 2280, 11570, 1950, 40, 10, 10, 310, 180, 280, 1050, 2720, 6460, 4790, 1090, 0, 490, 20, 700, 390, 200, 200, 3370, 130, 10, 10, 140, 380, 2530, 540, 10, 1120, 1650, 520, 6340, 560, 2040, 1790, 310, 1860, 860, 5500, 50, 570, 240, 1350, 70, 200, 0, 380, 650, 6340, 680, 130, 10, 5180, 490, 530, 5640, 190, 9000, 210, 50, 740, 10, 10, 110, 2140, 300, 10, 120, 50, 1160, 20, 3220, 2000, 300, 250, 80, 220, 270, 7690, 30, 370, 2540, 1660, 30, 1800, 1060, 310, 580, 180, 25400, 100, 140, 2490, 830, 20, 170, 150, 9080, 960, 10, 320, 9440, 8320, 5080, 2430, 560, 1380, 140, 1420, 1420, 290, 140, 3770, 390, 2150, 170, 70, 90, 1210, 60, 40, 80, 670, 4090, 3910, 12820, 410, 160, 2480, 2700, 1040, 300, 110, 370, 340, 510, 2020, 210]"
2020-11-02 18:30:00+00:00,891780,1,279.0,"[20, 2580, 5180, 10, 40, 30, 180, 330, 60, 1780, 2050, 450, 0, 620, 1410, 20, 9440, 200, 2050, 2250, 50, 3890, 1730, 3290, 6290, 70, 500, 9440, 700, 30, 1940, 20, 370, 960, 700, 1480, 130, 360, 470, 50, 10, 6250, 3260, 5090, 630, 100, 440, 40, 290, 780, 240, 3930, 820, 340, 10610, 120, 220, 70, 42560, 160, 220, 1830, 2250, 26160, 2100, 7280, 310, 4140, 2400, 2880, 70, 86230, 30, 40, 4480, 24220, 50, 8910, 4560, 7620, 5000, 50380, 3270, 30, 430, 1060, 1680, 6100, 100, 4150, 70, 60, 3790, 140, 460, 1810, 2150, 300, 710, 18240, 540, 180, 16220, 110, 13520, 30, 0, 190, 1300, 190, 710, 130, 480, 9900, 70, 270, 3890, 4180, 50, 720, 5490, 970, 260, 60, 2630, 90, 3180, 15190, 270, 2990, 60, 3520, 14390, 0, 7120, 50, 280, 1370, 120, 690, 40, 1670, 70, 30, 5290, 30, 1370, 2320, 350, 180, 940, 28590, 5560, 590, 3590, 5240, 240, 70, 40, 20, 2230, 1340, 1410, 1230, 3790, 2340, 330, 20, 8590, 1200, 430, 6380, 1080, 220, 8340, 6500, 170, 12530, 1200, 1950, 19180, 340, 30, 1420, 20, 0, 1290, 10, 690, 220, 320, 7440, 2440, 70, 280, 10, 2290, 140, 220, 60, 1080, 1240, 6870, 200, 10, 440, 6750, 5090, 220, 40, 40, 280, 1530, 2750, 1180, 290, 50, 1510, 2610, 1820, 10, 1390, 90, 20, 4410, 60, 600, 60, 20, 1290, 980, 1420, 20, 30, 10, 510, 320, 3230, 60, 290, 1920, 10, 2560, 10140, 290, 15950, 60, 380, 450, 140, 33710, 930, 1040, 150, 520, 1680, 11760, 260, 1880, 4470, 990, 2040, 330, 200, 50, 70, 230, 200, 60, 590, 45270, 30, 50, 2190, 9340, 990, 40, 3740, 20]"
2020-11-02 18:35:00+00:00,392920,0,214.0,"[1200, 80, 10, 60, 190, 2520, 12810, 20, 840, 1080, 130, 1840, 11980, 2610, 10, 1470, 130, 3370, 560, 250, 17340, 30, 1780, 1810, 100, 130, 2880, 760, 4070, 50, 10, 60, 670, 60, 1500, 9240, 130, 10, 2480, 150, 60, 100, 590, 140, 120, 8590, 240, 70, 170, 5480, 30, 310, 1510, 640, 1510, 220, 4770, 3070, 1600, 40, 3470, 3050, 1160, 380, 3370, 40, 260, 210, 150, 10, 180, 0, 8630, 420, 20, 10770, 20, 150, 33220, 1040, 7240, 80, 2640, 260, 90, 120, 4120, 580, 20, 440, 20, 1030, 690, 70, 1500, 12490, 510, 3580, 340, 530, 10320, 620, 110, 1680, 130, 90, 160, 10, 2250, 1500, 300, 120, 7120, 440, 310, 0, 1440, 420, 30, 230, 10, 1570, 19790, 1430, 150, 3470, 4500, 10, 500, 280, 20, 40, 110, 560, 320, 180, 170, 60, 4060, 30, 60, 1560, 5560, 220, 100, 2120, 460, 10020, 120, 5360, 1390, 530, 3850, 40, 19790, 500, 30, 120, 3730, 20, 190, 1390, 340, 2100, 4500, 2570, 70, 320, 40, 0, 4890, 340, 30, 390, 270, 50, 270, 50, 4030, 1570, 180, 1160, 160, 260, 570, 340, 20, 310, 360, 30, 740, 540, 80, 1220, 80, 4180, 780, 10, 4060, 2800, 3600, 540, 0, 10, 90, 20, 40, 910, 120, 570, 2320, 2840, 3060, 810]"
2020-11-02 18:40:00+00:00,427070,1,199.0,"[40, 40, 9140, 1920, 200, 14890, 910, 5140, 830, 2580, 10, 410, 6710, 1260, 50, 180, 2130, 17740, 5620, 2080, 3260, 20, 600, 20, 3790, 260, 10, 360, 300, 40, 50, 1070, 20, 960, 170, 220, 40, 20, 90, 6590, 40, 5880, 27550, 5390, 330, 240, 890, 910, 2130, 160, 3070, 80, 550, 3190, 3790, 300, 8930, 130, 2200, 440, 360, 510, 20, 100, 120, 20, 2020, 240, 140, 620, 50, 1760, 620, 3190, 4060, 40, 210, 60, 200, 150, 6210, 3080, 10, 30, 1900, 80, 110, 140, 650, 700, 2330, 1310, 220, 1900, 30, 110, 560, 570, 240, 7160, 1270, 11100, 210, 20, 420, 20, 2330, 9140, 310, 150, 270, 960, 130, 8200, 1060, 26630, 130, 2160, 10, 750, 410, 2380, 760, 1780, 19160, 300, 2150, 3420, 380, 1070, 20, 680, 170, 290, 40, 340, 130, 80, 90, 960, 310, 1190, 300, 310, 280, 240, 1240, 11940, 0, 550, 430, 130, 570, 80, 280, 2740, 1310, 1510, 1090, 890, 2360, 390, 2950, 1670, 650, 410, 3270, 10570, 1340, 260, 3770, 1990, 10, 1150, 330, 560, 40, 18470, 1520, 150, 0, 70, 3320, 550, 1300, 410, 150, 2430, 180, 480, 1670, 31370, 500, 1090, 5330, 2350, 100, 440, 400]"
2020-11-02 18:45:00+00:00,583790,1,169.0,"[70, 160, 70, 10, 300, 120, 100, 140, 30, 1450, 2350, 9930, 1970, 1670, 70, 820, 8010, 20, 11350, 2920, 590, 970, 40, 370, 6280, 610, 340, 20, 30, 2500, 680, 300, 1970, 11180, 650, 370, 1160, 120, 11920, 550, 1960, 110, 480, 190, 1010, 0, 500, 90, 3120, 1050, 580, 10, 1300, 150, 3600, 340, 2540, 790, 80, 130, 580, 4290, 830, 10, 1270, 2000, 3060, 280, 280, 340, 4250, 570, 8000, 6710, 400, 340, 120, 3060, 1380, 50, 4320, 650, 150, 1640, 830, 1370, 430, 180, 30, 50, 160, 10, 610, 3440, 530, 80, 490, 70, 10, 20750, 190, 520, 30, 1950, 480, 360, 12820, 4950, 20, 40, 9660, 130, 5010, 1860, 190, 6680, 2070, 4320, 1550, 260, 2050, 720, 60, 5010, 90, 80, 3070, 80, 190, 160, 2160, 1030, 50, 2330, 60, 2050, 180, 410, 2330, 17630, 1150, 580, 1870, 630, 6240, 80, 11090, 20, 870, 10, 110, 4030, 1020, 400, 4960, 1030, 260, 470, 740, 870, 15570, 470, 257180, 1130, 1380, 30, 810, 90, 4010]"
2020-11-02 18:50:00+00:00,405390,1,179.0,"[7290, 4320, 4590, 28860, 270, 2450, 20, 290, 30, 3360, 320, 3310, 220, 1580, 180, 50, 4530, 1440, 1450, 10, 7470, 30, 140, 820, 170, 1180, 5910, 740, 60, 300, 110, 30, 1120, 40, 30, 1100, 730, 420, 70, 380, 1920, 4520, 130, 400, 1100, 700, 230, 1860, 1230, 1310, 920, 1480, 200, 740, 500, 80, 12380, 2770, 1160, 820, 1840, 1150, 70, 20, 2130, 10, 380, 1400, 460, 9450, 960, 1940, 40, 11180, 1460, 120, 1220, 9440, 2110, 2160, 900, 370, 10, 8390, 800, 2370, 40, 6040, 8580, 2850, 4490, 420, 5870, 120, 4280, 4140, 300, 40, 1590, 420, 1850, 3060, 710, 3540, 1220, 19830, 3220, 850, 16840, 15050, 170, 3220, 1160, 4380, 330, 1430, 110, 15760, 3570, 1090, 1600, 1690, 180, 1870, 2340, 40, 5070, 1320, 320, 310, 720, 440, 3610, 4200, 1120, 2240, 190, 270, 1560, 50, 520, 5420, 500, 560, 2210, 30, 20, 1490, 1330, 1470, 3770, 2500, 20, 60, 870, 20, 11530, 190, 2760, 1670, 1230, 2520, 130, 780, 90, 120, 3560, 60, 50, 390, 20, 10, 1540, 3490, 3840, 4040, 480, 0, 140]"
2020-11-02 18:55:00+00:00,466390,0,176.0,"[30, 120, 100, 190, 140, 470, 880, 3700, 340, 10, 0, 1770, 3140, 1200, 100, 340, 1320, 140, 570, 16660, 980, 280, 350, 310, 28270, 610, 1190, 1850, 3090, 270, 9190, 170, 270, 9270, 880, 520, 310, 160, 10, 30, 1370, 10, 410, 1660, 10890, 1670, 1040, 770, 340, 30, 200, 2180, 0, 110, 520, 75440, 1670, 750, 1390, 260, 710, 130, 4090, 10, 8800, 2560, 610, 230, 440, 4400, 160, 1350, 210, 210, 30, 7540, 14670, 20, 140, 210, 40, 2720, 420, 770, 200, 8820, 170, 280, 470, 10, 330, 4980, 1430, 1760, 410, 770, 60, 360, 830, 240, 40, 980, 2580, 320, 3740, 840, 320, 1320, 100, 1330, 3940, 910, 580, 0, 580, 8500, 180, 110, 2920, 3820, 8640, 10280, 270, 2420, 10, 18970, 6560, 680, 2520, 270, 4210, 7150, 1770, 510, 9160, 130, 230, 2680, 300, 180, 10, 1160, 1370, 30, 18590, 180, 2450, 260, 11980, 240, 1180, 720, 1640, 120, 150, 60, 11750, 4900, 5030, 20, 130, 330, 1290, 1830, 3420, 4340, 3140, 5440, 40, 2000, 2090, 1490, 1570, 1150, 4440, 270]"
2020-11-02 19:00:00+00:00,361540,3,154.0,"[30, 10, 370, 720, 2850, 90, 600, 140, 2010, 110, 120, 20, 30, 10, 15040, 230, 7880, 1360, 1080, 50, 3580, 6040, 1200, 50, 760, 2030, 10290, 2370, 520, 70, 460, 710, 1740, 80, 1400, 580, 40360, 530, 20, 130, 5310, 330, 3120, 130, 5010, 770, 50, 120, 3070, 0, 950, 170, 320, 30, 240, 2500, 40, 410, 770, 260, 1840, 290, 1410, 260, 1450, 3570, 550, 70, 920, 210, 320, 30, 90, 22970, 1060, 260, 4990, 80, 22970, 2160, 40, 10240, 4020, 90, 1450, 1010, 630, 690, 180, 530, 860, 1450, 10, 10, 410, 690, 110, 8100, 30, 420, 120, 100, 210, 1560, 0, 69940, 120, 2480, 2100, 1090, 650, 2070, 10, 0, 580, 70, 180, 750, 3750, 20, 60, 80, 320, 700, 600, 1450, 3040, 70, 1500, 120, 1040, 20, 8930, 710, 2550, 330, 450, 1640, 7310, 330, 70, 500, 90, 110, 310, 3680, 1140, 1240, 3460, 2980, 2830, 160, 340, 1840]"
2020-11-02 19:05:00+00:00,494820,0,178.0,"[90, 10, 20, 810, 40, 470, 0, 50, 560, 50, 2670, 220, 2460, 960, 40, 10, 3380, 760, 50, 1050, 350, 960, 1210, 6250, 180, 310, 19240, 980, 1550, 290, 1270, 380, 3340, 180, 29370, 100, 1270, 90, 7820, 160, 5870, 110, 590, 850, 80, 1270, 8730, 360, 3780, 640, 1270, 700, 140, 90, 4180, 600, 1520, 240, 1690, 5840, 250, 50, 5270, 100, 690, 1240, 160, 70, 450, 740, 20, 20, 1050, 9330, 130, 1220, 10640, 1310, 50, 8060, 360, 23120, 70, 3270, 10, 8940, 870, 270, 4340, 50, 280, 490, 6760, 5470, 120, 460, 2380, 10, 10, 1930, 220, 30, 60, 14320, 1320, 7250, 8420, 17770, 120, 280, 90, 6750, 20, 3580, 960, 6860, 1420, 60, 4920, 60, 150, 790, 3760, 2550, 3080, 1620, 70, 1140, 33440, 80, 10, 4230, 550, 270, 150, 40, 1170, 130, 2460, 3480, 170, 1530, 660, 11300, 2560, 1750, 9290, 40, 1190, 10, 300, 1750, 3470, 11730, 4140, 260, 430, 10, 20, 40, 39550, 1000, 9000, 600, 3200, 2310, 3880, 1960, 410, 5730, 160, 600, 30, 260, 4500, 7710, 1850, 130]"
2020-11-02 19:10:00+00:00,2221910,1,204.0,"[130, 2600, 2830, 6720, 1400, 0, 2180, 140, 360, 10, 4070, 460, 18180, 220, 11230, 480, 22490, 100, 1230, 0, 14310, 0, 300, 480, 0, 80, 0, 80, 10480, 100, 1160, 6960, 60, 10, 170, 1390, 8500, 790, 10130, 2830, 410, 130, 30, 70, 560, 30, 150, 660, 4220, 430, 2780, 26030, 100, 1360, 230, 90, 11570, 150, 1200, 7420, 120, 20, 50, 520, 2750, 230, 230, 350, 530, 400, 5120, 48120, 200, 7110, 160, 60, 80, 2660, 20, 6380, 2090, 3080, 750, 20, 180, 70, 1850, 1290, 30, 3680, 220, 1020, 6700, 2990, 40, 490, 230, 730, 3810, 270, 20, 50, 1620, 50, 1720, 10190, 70, 830, 470, 770, 3480, 240, 7020, 11410, 940, 1160, 60, 80, 620, 0, 240, 14420, 4820, 3090, 470, 1080, 2320, 1620, 5880, 220, 5880, 1190, 1400, 30, 520, 840, 760, 4820, 800, 220, 5430, 140, 2030, 2460, 3500, 10, 1170, 220, 1400, 590, 160, 20, 21980, 4520, 3750, 7130, 650, 1190, 4140, 7040, 7580, 1170, 950, 40, 210, 100, 630, 370, 1644700, 100, 70, 5390, 250, 190, 5310, 1480, 4150, 230, 630, 360, 17780, 1870, 2910, 1940, 4080, 730, 1160, 300, 0, 1610, 20, 290, 60, 50, 650, 90, 1810, 240, 20, 2750, 120, 130, 55470, 40]"
2020-11-02 19:15:00+00:00,585420,0,216.0,"[240, 2630, 240, 80, 10, 4630, 1600, 70, 3950, 230, 2930, 1660, 14120, 320, 570, 10, 50, 40, 60, 730, 4680, 100, 380, 10, 100, 1160, 380, 10, 850, 10, 70, 180, 2080, 100, 930, 960, 122380, 780, 10, 970, 2180, 1150, 190, 47870, 3290, 2880, 3700, 2450, 20, 60, 130, 670, 90, 110, 230, 3700, 40, 22600, 400, 290, 20, 1310, 3700, 2690, 6390, 2910, 4550, 8500, 1920, 7290, 260, 170, 3490, 450, 30, 420, 1910, 6780, 40, 1160, 7040, 390, 520, 1470, 750, 1200, 9000, 6150, 30, 180, 4190, 10, 3340, 1560, 790, 940, 210, 6150, 3710, 2960, 220, 4190, 890, 2930, 40, 410, 290, 3460, 0, 400, 420, 680, 420, 3260, 1720, 140, 1230, 110, 9300, 2160, 1000, 1090, 1580, 260, 470, 780, 9100, 550, 8180, 0, 700, 80, 11050, 150, 430, 2230, 1980, 650, 40, 20, 360, 420, 630, 300, 260, 130, 620, 1900, 1630, 80, 1140, 1530, 30, 280, 40, 310, 1420, 70, 390, 0, 50, 20, 110, 220, 30, 360, 1020, 3490, 2380, 220, 240, 3670, 2090, 600, 4360, 17540, 4110, 360, 750, 50, 2430, 50, 600, 190, 2320, 11090, 550, 20, 1790, 820, 300, 1420, 160, 2090, 28050, 2280, 160, 2780, 720, 140, 350, 380, 15290, 1370, 11090, 2090, 10, 240, 300, 40, 60, 240, 3040, 50, 70, 80]"
2020-11-02 19:20:00+00:00,291310,0,181.0,"[30, 4130, 130, 380, 9390, 520, 1260, 20, 4130, 270, 3890, 80, 130, 130, 3220, 180, 830, 950, 14720, 1020, 140, 390, 120, 3370, 50, 220, 150, 3220, 70, 350, 340, 2700, 7120, 1650, 620, 200, 1140, 220, 3040, 310, 170, 90, 120, 370, 7430, 1780, 2160, 4470, 2820, 14780, 1420, 670, 390, 1290, 10, 370, 40, 190, 180, 2390, 10, 7360, 130, 60, 140, 1660, 150, 540, 10, 220, 18950, 480, 1440, 1710, 5060, 20, 720, 180, 1890, 70, 620, 40, 370, 480, 70, 260, 660, 140, 2180, 150, 220, 330, 660, 2600, 60, 2270, 390, 2210, 6950, 80, 2180, 40, 4210, 10650, 250, 660, 460, 1200, 210, 350, 130, 220, 30, 330, 400, 180, 2560, 20, 60, 840, 50, 1120, 3850, 2780, 840, 860, 130, 1140, 2930, 2700, 180, 260, 180, 20, 4140, 500, 80, 2430, 0, 8190, 460, 150, 320, 120, 140, 430, 7320, 0, 2780, 640, 8090, 120, 1160, 60, 120, 790, 40, 15600, 370, 3680, 2200, 1120, 900, 160, 20, 0, 3590, 750, 1580, 10, 230, 1030, 60, 220, 110, 2620, 120, 150, 460, 30, 2690]"
2020-11-02 19:25:00+00:00,248170,0,161.0,"[320, 200, 490, 20, 400, 520, 800, 1300, 230, 70, 500, 13590, 170, 5040, 60, 60, 7030, 360, 830, 460, 100, 20, 110, 1570, 20, 60, 2220, 1620, 0, 890, 10710, 2290, 20, 2900, 2530, 100, 20, 80, 1880, 1690, 1960, 1950, 1190, 60, 1810, 1520, 120, 700, 1080, 4870, 250, 160, 1310, 11560, 460, 8240, 450, 1290, 90, 8440, 550, 540, 1270, 10, 830, 60, 870, 70, 850, 7910, 120, 2560, 10, 340, 4290, 1370, 120, 380, 2010, 2890, 2080, 4100, 380, 230, 130, 520, 210, 240, 680, 1010, 2890, 940, 2280, 460, 300, 50, 6510, 1670, 30, 15570, 3290, 270, 30, 1160, 100, 110, 1720, 420, 4470, 1510, 40, 4530, 20, 1290, 10, 270, 30, 220, 6280, 3160, 2880, 1730, 940, 2460, 3290, 10, 660, 1690, 10, 20, 2290, 370, 7070, 250, 20, 510, 960, 260, 30, 410, 0, 260, 310, 1080, 680, 250, 110, 1300, 3960, 20, 40, 120, 190, 620, 3460, 1830, 50, 910, 910, 1080, 80]"
2020-11-02 19:30:00+00:00,284790,0,126.0,"[1230, 220, 130, 4520, 1000, 1640, 120, 5680, 60, 1410, 240, 120, 340, 740, 3340, 2880, 130, 580, 3980, 30, 1770, 2370, 430, 260, 0, 20, 60, 6040, 40, 70, 570, 2970, 50, 2040, 70, 60, 40, 140, 20, 70, 190, 22890, 200, 8110, 10, 3160, 280, 260, 920, 100, 90, 3680, 280, 350, 2400, 2220, 1280, 20520, 220, 20, 50, 810, 2070, 730, 70, 0, 20, 4350, 460, 1840, 210, 1150, 280, 65350, 1640, 50, 760, 3590, 3340, 1990, 600, 4280, 120, 80, 40, 980, 200, 4080, 4400, 90, 20, 210, 590, 680, 80, 180, 460, 10, 30, 800, 6410, 4310, 5340, 2460, 10690, 3280, 80, 15870, 220, 1530, 160, 50, 60, 10, 7610, 30, 120, 10, 70, 1350, 520, 2520, 2380, 170, 80, 110]"
2020-11-02 19:35:00+00:00,275570,1,96.0,"[20, 3850, 5740, 140, 10, 0, 2290, 2060, 3600, 160, 720, 2010, 3750, 3600, 1260, 30, 10, 1050, 50, 430, 1040, 3780, 30, 4710, 480, 80, 10, 56000, 110, 20680, 2260, 460, 110, 220, 400, 60, 1030, 230, 600, 210, 70, 1720, 3160, 13010, 570, 3030, 80, 2750, 740, 540, 80, 860, 0, 510, 1960, 360, 620, 0, 720, 130, 200, 160, 750, 3410, 3060, 2180, 60, 10, 38370, 120, 1540, 0, 450, 350, 90, 30, 8020, 30, 640, 110, 20, 10, 3170, 670, 50, 12210, 20, 1520, 1520, 20, 3570, 6340, 10, 30, 1760, 30880]"
2020-11-02 19:40:00+00:00,305890,0,97.0,"[280, 60, 20, 330, 1990, 1470, 1480, 260, 50, 7350, 17500, 50, 1070, 1470, 2430, 7150, 230, 2000, 8850, 10, 2030, 1450, 380, 540, 60, 2400, 790, 1360, 310, 14020, 330, 170, 140, 670, 150, 1630, 240, 2100, 1890, 210, 1450, 1700, 420, 0, 44940, 770, 1020, 20, 1370, 4220, 8150, 2360, 380, 490, 4460, 60, 380, 80, 30, 1740, 180, 780, 420, 310, 2960, 40, 500, 3610, 500, 2780, 30, 2260, 1740, 580, 5500, 26750, 190, 280, 100, 140, 170, 920, 740, 6660, 2520, 50, 33180, 300, 380, 1850, 1090, 40, 44940, 580, 240, 750, 2870]"
2020-11-02 19:45:00+00:00,146590,0,116.0,"[20, 150, 460, 10, 4390, 2460, 50, 70, 1450, 460, 50, 4180, 360, 520, 30, 240, 810, 0, 570, 300, 11000, 280, 270, 350, 490, 410, 110, 15830, 390, 810, 250, 440, 20, 100, 1190, 100, 3830, 120, 1040, 590, 210, 690, 570, 1780, 1470, 600, 20, 400, 70, 10, 330, 1150, 150, 100, 220, 1090, 810, 370, 5690, 11050, 1950, 260, 120, 160, 2840, 140, 380, 380, 20, 2330, 180, 1170, 130, 40, 40, 380, 60, 1990, 10, 240, 20, 3910, 1540, 90, 5060, 580, 320, 30, 130, 130, 500, 80, 140, 230, 12060, 9060, 160, 230, 2010, 60, 100, 30, 9400, 1260, 610, 70, 450, 610, 450, 20, 60, 170, 10, 2750, 370, 90]"
2020-11-02 19:50:00+00:00,601540,0,126.0,"[90, 1680, 60, 2440, 110, 3180, 3410, 18410, 1410, 4220, 860, 40, 40, 2920, 1900, 17320, 820, 4640, 1310, 3220, 0, 9560, 1320, 210, 1020, 20, 220, 280, 350, 40, 1950, 12900, 940, 290, 170, 1400, 450, 4390, 2700, 100, 43840, 490, 260, 160, 4190, 660, 0, 670, 2310, 20, 284030, 3810, 5240, 770, 140, 0, 920, 80, 1330, 640, 1990, 1430, 1210, 100, 210, 550, 20, 4480, 3500, 2330, 60, 2330, 890, 2390, 2730, 660, 5540, 860, 5840, 1660, 70, 1400, 720, 330, 10, 180, 440, 6810, 390, 3140, 2500, 20, 1010, 1760, 1600, 6350, 2780, 1140, 8080, 2930, 2200, 190, 1660, 280, 130, 1830, 160, 6880, 560, 580, 230, 30, 320, 4620, 22990, 960, 400, 360, 1160, 7070, 20, 4000, 2320, 5540, 580, 80]"
2020-11-02 19:55:00+00:00,291940,0,113.0,"[1790, 5540, 70, 40, 110, 5400, 20, 330, 40, 910, 910, 5320, 2380, 2490, 160, 2410, 180, 6910, 28090, 500, 300, 1770, 160, 10, 830, 20, 40, 4390, 170, 540, 980, 2140, 170, 130, 10, 4690, 4360, 50, 3760, 4000, 5610, 20, 3410, 40, 3470, 340, 340, 8190, 860, 1820, 410, 1490, 60, 800, 1930, 10, 160, 420, 40, 40, 8250, 230, 60, 40, 520, 910, 1220, 4400, 6590, 340, 770, 60, 1150, 40, 3260, 100, 2730, 80, 580, 60, 4910, 1050, 780, 220, 200, 80, 2550, 75520, 240, 1940, 100, 1120, 1440, 510, 220, 150, 90, 6000, 5020, 510, 180, 180, 170, 160, 4900, 320, 1310, 1540, 10080, 15890, 150, 1430, 10]"
2020-11-02 20:00:00+00:00,200570,0,116.0,"[14060, 670, 70, 680, 1130, 1650, 820, 190, 10, 220, 820, 3360, 30, 20, 1020, 2110, 1300, 370, 3470, 18130, 40, 2500, 170, 50, 1070, 10, 120, 3290, 110, 470, 390, 240, 4290, 540, 70, 760, 3900, 11460, 170, 60, 160, 170, 100, 2260, 90, 4890, 900, 160, 310, 30, 620, 6010, 5780, 6010, 690, 980, 3020, 40, 8180, 1110, 1640, 4890, 130, 590, 4050, 9760, 110, 230, 5750, 1130, 10, 1570, 80, 60, 120, 170, 90, 1200, 10, 2020, 110, 5170, 120, 110, 670, 3380, 100, 80, 400, 1870, 2470, 4970, 1200, 180, 1640, 1120, 2770, 30, 2040, 150, 1200, 590, 50, 350, 80, 890, 2460, 760, 2140, 190, 140, 600, 6260, 1120, 180, 20]"
2020-11-02 20:05:00+00:00,279630,0,117.0,"[140, 600, 4140, 7060, 360, 700, 10, 1470, 4080, 80, 100, 12070, 1470, 520, 420, 90, 550, 130, 90, 140, 2240, 10, 660, 200, 6100, 10, 60480, 11580, 40, 2400, 3220, 470, 3220, 160, 140, 30, 3410, 40, 5750, 3660, 700, 740, 2530, 11370, 140, 110, 60, 20, 2260, 90, 610, 2590, 1260, 1860, 1840, 4000, 1020, 40, 10, 930, 120, 2470, 3660, 440, 1940, 2590, 120, 60, 5560, 2570, 90, 240, 230, 6710, 480, 4670, 310, 9580, 110, 3600, 240, 4050, 2470, 40, 600, 740, 3220, 3600, 10, 2130, 200, 110, 560, 410, 1700, 70, 20, 20, 16190, 120, 70, 160, 2400, 1720, 10, 3220, 250, 170, 1150, 4120, 260, 3490, 7030, 20, 520, 50, 2720]"
2020-11-02 20:10:00+00:00,324660,0,96.0,"[74560, 880, 1130, 7710, 830, 30, 490, 50, 3610, 40, 390, 10, 0, 5450, 10, 9140, 8190, 3070, 40, 80, 260, 200, 620, 1410, 32130, 150, 6660, 210, 430, 1640, 3610, 1120, 1470, 3040, 8360, 5070, 22750, 180, 760, 1170, 520, 360, 1240, 1190, 190, 950, 480, 1920, 40, 7700, 1440, 0, 620, 10, 920, 4200, 1480, 680, 30, 80, 8020, 160, 10, 40, 3960, 390, 650, 840, 5820, 530, 650, 270, 760, 950, 160, 510, 0, 1160, 150, 120, 500, 26630, 900, 80, 2930, 270, 240, 20, 2010, 50, 5650, 150, 2130, 140, 240, 26570]"
2020-11-02 20:15:00+00:00,170140,0,104.0,"[360, 10, 230, 4460, 210, 560, 300, 390, 220, 5650, 390, 200, 1170, 100, 20, 390, 40, 1640, 580, 510, 520, 1290, 20, 15840, 580, 1540, 4870, 9270, 780, 980, 190, 1970, 90, 20, 80, 600, 1020, 1980, 280, 40, 150, 660, 1070, 1550, 1370, 2610, 690, 2840, 20, 5020, 380, 2430, 6130, 5120, 2710, 70, 30, 1540, 600, 860, 70, 160, 1220, 1680, 570, 10, 40, 540, 10, 40, 4030, 4010, 420, 1320, 1960, 70, 10, 6020, 40, 50, 140, 80, 40, 3110, 570, 2760, 350, 3590, 2960, 3510, 50, 240, 90, 5980, 850, 1030, 3160, 19030, 2080, 130, 640, 680, 20, 1540]"
2020-11-02 20:20:00+00:00,268980,1,107.0,"[540, 1740, 100, 360, 970, 860, 220, 3440, 1120, 1020, 11320, 810, 810, 3490, 1550, 3210, 130, 20, 6130, 200, 1800, 50, 9110, 1020, 180, 20, 4930, 270, 490, 720, 4530, 490, 710, 3070, 360, 590, 2530, 440, 3250, 70, 750, 550, 1630, 360, 59390, 10600, 6380, 4550, 1920, 2070, 2480, 4550, 90, 0, 750, 440, 280, 120, 40, 550, 2430, 80, 160, 3210, 140, 1190, 160, 80, 1860, 920, 200, 190, 10, 4710, 15100, 360, 320, 5440, 6760, 1110, 140, 0, 4470, 590, 3360, 180, 10, 2400, 360, 1590, 1560, 8040, 120, 670, 440, 2680, 1590, 240, 1440, 2310, 230, 4240, 30, 130, 130, 80, 17350]"
2020-11-02 20:25:00+00:00,342530,0,126.0,"[30, 560, 310, 170, 40, 550, 2680, 40, 40, 1430, 330, 550, 20, 1430, 1640, 3210, 20, 600, 50, 8060, 100, 10, 6500, 14360, 4930, 7880, 90, 300, 910, 1040, 1880, 40, 1660, 7880, 2560, 40, 460, 1300, 40, 6230, 450, 260, 50, 20, 59160, 720, 1150, 4640, 10330, 670, 400, 6780, 2220, 0, 60, 430, 150, 1720, 3800, 7960, 960, 140, 310, 140, 500, 870, 1110, 60, 1720, 650, 1020, 580, 4900, 0, 580, 660, 90, 770, 80, 450, 2680, 2900, 140, 50, 1300, 180, 0, 650, 3830, 4500, 3830, 11130, 3060, 90, 940, 59160, 1320, 3310, 2460, 650, 240, 1520, 90, 1630, 3150, 30, 140, 1950, 7360, 2650, 550, 720, 210, 8580, 360, 710, 8330, 70, 3060, 10, 10, 0, 1300, 480, 20, 650]"
2020-11-02 20:30:00+00:00,264220,0,106.0,"[120, 350, 10, 160, 20980, 440, 40, 370, 330, 340, 10, 50, 190, 150, 120, 4790, 1960, 150, 300, 730, 380, 40, 680, 1800, 11270, 910, 2550, 2640, 10, 320, 160, 160, 180, 1420, 380, 1750, 280, 3640, 3270, 10, 270, 20, 1610, 2660, 970, 870, 10, 670, 80, 16990, 1690, 1500, 4620, 24520, 1930, 90, 80, 24520, 1290, 20, 80, 350, 60, 160, 6170, 440, 1650, 490, 3040, 3060, 3550, 110, 60, 1330, 760, 34630, 320, 190, 3320, 3060, 90, 1290, 5070, 4250, 40, 250, 5690, 1540, 40, 140, 990, 2650, 390, 390, 860, 70, 80, 250, 40, 0, 960, 300, 200, 330, 27280, 350]"
2020-11-02 20:35:00+00:00,204310,0,80.0,"[60, 610, 680, 330, 30, 110, 250, 30, 10450, 630, 5910, 750, 1460, 110, 3790, 30, 320, 40, 200, 1050, 0, 30, 20, 1010, 2440, 420, 1380, 21160, 280, 210, 60, 300, 100, 1460, 11930, 170, 670, 31760, 3050, 11280, 130, 150, 2710, 490, 32400, 210, 0, 330, 10, 2620, 1610, 1230, 60, 330, 10, 190, 0, 3470, 30, 7240, 5790, 2850, 3780, 10, 220, 7990, 300, 2220, 40, 1410, 1780, 1470, 50, 360, 840, 180, 1280, 1070, 4830, 50]"
2020-11-02 20:40:00+00:00,239620,0,81.0,"[240, 190, 1750, 1790, 90, 740, 110, 350, 10, 850, 20, 160, 1250, 140, 1630, 340, 890, 1720, 690, 400, 320, 600, 2010, 400, 1550, 380, 170, 240, 1160, 820, 1360, 310, 190, 130, 100, 570, 1140, 270, 80, 120, 440, 50, 40, 2720, 2650, 920, 3470, 660, 7940, 30, 2650, 2220, 760, 420, 11950, 3120, 410, 360, 1100, 160, 43780, 6410, 40, 100, 4990, 41820, 230, 540, 3090, 1460, 11410, 380, 900, 210, 70, 4890, 19340, 31760, 170, 210, 470]"
2020-11-02 20:45:00+00:00,166910,0,70.0,"[120, 60, 200, 350, 160, 1400, 3700, 20, 1950, 70, 30, 3340, 0, 30, 270, 4430, 940, 270, 79190, 30, 5370, 310, 80, 0, 0, 90, 2200, 2830, 70, 770, 0, 270, 3530, 90, 640, 2220, 70, 4900, 280, 30, 1360, 940, 120, 3730, 40, 670, 2750, 1360, 310, 1230, 4000, 40, 400, 0, 130, 190, 10, 240, 220, 2070, 120, 4200, 7610, 4900, 1300, 130, 1480, 20, 4010, 3020]"
2020-11-02 20:50:00+00:00,291790,0,85.0,"[330, 7320, 10, 1870, 680, 2480, 20, 1580, 90, 150, 16160, 4500, 620, 570, 11640, 470, 750, 1030, 6160, 9910, 160, 2530, 1570, 840, 3290, 7240, 2320, 10, 630, 830, 120, 170, 50, 4070, 210, 9900, 90, 2230, 40, 5350, 100, 10, 2470, 1260, 3080, 160, 490, 540, 1940, 2170, 80, 140, 10, 7570, 4390, 9100, 120, 10, 20, 50, 3360, 340, 210, 1860, 120, 109470, 280, 1900, 840, 930, 480, 170, 80, 3940, 17590, 410, 2820, 720, 40, 330, 210, 1430, 540, 2010, 10]"
2020-11-02 20:55:00+00:00,255540,0,82.0,"[890, 70, 2980, 410, 1660, 8360, 970, 100, 2200, 2630, 930, 3190, 50, 900, 110, 80, 2380, 620, 1790, 3750, 3580, 40, 80, 90, 6520, 3220, 690, 54160, 7940, 1090, 3580, 600, 3000, 2390, 720, 1890, 110, 30, 17420, 400, 30, 25260, 610, 50, 300, 1100, 780, 2150, 23990, 2150, 610, 4350, 2150, 1000, 4260, 2140, 340, 240, 980, 30, 13290, 2290, 1540, 230, 1510, 1070, 470, 20, 340, 4230, 200, 420, 80, 3780, 380, 180, 3900, 170, 660, 320, 6220, 100]"
2020-11-02 21:00:00+00:00,317700,0,85.0,"[22320, 50, 80, 420, 22320, 19020, 130, 600, 4810, 1510, 10, 760, 2440, 1580, 480, 660, 100, 17590, 30, 20, 51840, 1750, 980, 2220, 870, 920, 30, 190, 23000, 10, 100, 0, 3030, 30, 25640, 1100, 4480, 4160, 1640, 520, 240, 700, 90, 450, 120, 270, 70, 3130, 160, 620, 60, 60, 2630, 530, 20, 310, 2020, 140, 1590, 20, 530, 10140, 25190, 380, 23440, 100, 4710, 7120, 460, 1050, 260, 2430, 310, 3340, 630, 570, 2430, 410, 1640, 90, 30, 270, 100, 1150, 250]"
2020-11-02 21:05:00+00:00,165880,0,79.0,"[730, 80, 700, 790, 410, 130, 230, 520, 600, 30, 60, 500, 40, 250, 1380, 350, 700, 810, 530, 1590, 100, 170, 1080, 310, 8800, 360, 300, 580, 870, 40, 150, 3550, 2430, 3330, 810, 220, 4540, 50, 620, 90, 330, 180, 5680, 160, 330, 20, 20, 1530, 560, 13460, 25640, 6060, 2950, 3410, 120, 130, 330, 1260, 340, 1920, 6480, 160, 130, 30350, 410, 260, 20, 140, 200, 560, 70, 580, 380, 1500, 4070, 2800, 180, 1440, 12890]"
2020-11-02 21:10:00+00:00,526780,1,96.0,"[140, 590, 2690, 1200, 590, 2230, 40, 1140, 5610, 300, 2420, 190, 310, 2570, 1550, 4750, 190, 2870, 2390, 420, 30, 1310, 319570, 2390, 640, 11300, 20, 6290, 930, 2970, 30, 3160, 1510, 10, 20, 140, 1610, 1020, 3110, 2550, 17420, 500, 280, 4520, 480, 200, 4090, 430, 180, 110, 1180, 120, 430, 300, 140, 2700, 20, 1440, 100, 700, 570, 190, 410, 300, 690, 19050, 910, 740, 12890, 4170, 180, 1520, 200, 30350, 70, 2240, 150, 1000, 2490, 20, 300, 1030, 4230, 90, 420, 150, 2260, 500, 960, 2020, 780, 200, 1380, 3320, 3760, 1100]"
2020-11-02 21:15:00+00:00,146010,0,76.0,"[230, 240, 2470, 290, 0, 20, 3610, 360, 540, 1000, 3420, 540, 3410, 320, 450, 20, 920, 12340, 1140, 24600, 20, 4540, 90, 40, 570, 840, 1100, 1110, 80, 70, 720, 210, 810, 0, 160, 1200, 0, 1140, 1030, 300, 700, 40, 50, 10, 420, 10, 1210, 20, 0, 10, 100, 50, 11570, 4770, 50, 10050, 14940, 2910, 970, 140, 3270, 60, 690, 3210, 13650, 30, 330, 100, 460, 10, 680, 280, 260, 2090, 10, 2910]"
2020-11-02 21:20:00+00:00,172380,0,87.0,"[210, 3440, 50, 9930, 150, 2410, 420, 60, 980, 4490, 780, 420, 130, 140, 340, 210, 1320, 100, 140, 4860, 40, 280, 470, 1200, 830, 40, 0, 9670, 50, 1280, 0, 60, 160, 90, 1700, 410, 210, 40, 490, 430, 1840, 4860, 14210, 3630, 240, 740, 690, 60, 460, 120, 3250, 1260, 200, 1580, 180, 390, 450, 10, 390, 990, 40, 620, 2420, 70, 290, 3200, 13400, 610, 2580, 100, 2240, 360, 0, 40, 350, 37480, 4740, 2220, 110, 1920, 90, 9640, 320, 2440, 1900, 1440, 180]"
2020-11-02 21:25:00+00:00,356040,0,89.0,"[2210, 780, 3240, 1630, 2500, 10, 6100, 340, 140, 80, 950, 250, 380, 0, 40, 80, 0, 0, 60, 4260, 0, 640, 60, 2940, 3090, 2130, 580, 218020, 3660, 5900, 450, 520, 150, 4330, 1630, 40, 2200, 1550, 4190, 230, 2640, 0, 1810, 520, 170, 7920, 1470, 2400, 60, 2520, 2070, 1380, 280, 13160, 4770, 60, 500, 750, 3630, 20, 4040, 70, 940, 4040, 880, 1050, 3610, 70, 1280, 380, 4170, 1230, 40, 160, 50, 0, 2690, 110, 250, 0, 700, 550, 180, 180, 10, 290, 180, 7200, 200]"
2020-11-02 21:30:00+00:00,327220,0,79.0,"[3120, 3180, 740, 350, 8720, 350, 380, 1730, 20140, 20, 220, 140, 130, 2180, 35280, 2000, 940, 20, 650, 4060, 2140, 820, 42620, 70, 42620, 4240, 2330, 710, 35880, 4450, 40, 260, 19370, 450, 430, 180, 1200, 1670, 210, 8150, 1200, 210, 20, 270, 4950, 520, 160, 30, 100, 2050, 110, 530, 1320, 1810, 600, 30, 190, 10, 30, 2220, 7660, 230, 21470, 60, 490, 400, 210, 400, 870, 910, 570, 5780, 1530, 140, 1050, 15050, 1230, 80, 540]"
2020-11-02 21:35:00+00:00,224400,0,73.0,"[5350, 530, 1460, 70, 50, 1340, 60, 30, 2100, 400, 23380, 2180, 2560, 1450, 220, 380, 5460, 23380, 20, 220, 7400, 740, 390, 50, 2800, 350, 320, 19650, 80, 3840, 10, 2700, 720, 12910, 190, 10, 3950, 1170, 420, 10, 60, 20, 17490, 1210, 5260, 240, 780, 40, 100, 390, 60, 0, 1140, 2620, 490, 23720, 730, 20, 10420, 40, 280, 20, 10, 800, 16540, 610, 890, 280, 7750, 2510, 1040, 260, 230]"
2020-11-02 21:40:00+00:00,187250,0,81.0,"[680, 16990, 4270, 170, 1610, 1790, 130, 2110, 290, 2200, 200, 140, 130, 230, 580, 210, 2780, 230, 150, 4850, 22130, 80, 1880, 450, 3700, 860, 270, 4040, 5010, 60, 70, 5120, 270, 390, 70, 70, 1230, 3310, 680, 70, 670, 80, 470, 2010, 15530, 2780, 410, 10230, 1870, 1400, 270, 1010, 660, 1580, 170, 12020, 230, 180, 11440, 1010, 15780, 1810, 530, 60, 430, 610, 270, 1510, 600, 120, 510, 1560, 80, 1340, 4300, 10, 10, 2140, 1660, 360, 40]"
2020-11-02 21:45:00+00:00,209390,0,70.0,"[320, 3070, 530, 3380, 240, 1660, 210, 870, 30, 4750, 110, 1550, 2450, 140, 1640, 20, 250, 360, 30, 10950, 130, 10890, 15530, 90, 220, 30, 1810, 15120, 3220, 8800, 40, 3320, 730, 1490, 1190, 30, 5880, 950, 22990, 40, 140, 210, 130, 110, 20, 490, 990, 3780, 2120, 30, 50, 370, 1780, 8120, 6750, 0, 100, 21140, 20, 220, 2570, 4350, 430, 1330, 21080, 4180, 2790, 910, 60, 60]"
2020-11-02 21:50:00+00:00,834010,0,74.0,"[20, 1190, 590, 18660, 4490, 3310, 40, 1560, 850, 15600, 100, 240, 140, 380, 220, 160, 560, 440, 220, 2200, 20860, 950, 3020, 1700, 3910, 4970, 880, 2390, 710, 0, 130, 270, 210, 100, 2520, 2390, 1350, 20, 2660, 5000, 1470, 500, 370, 2870, 3790, 30, 5430, 670, 500, 140, 500, 6770, 2010, 340, 620, 800, 150, 3430, 250, 30, 180, 18610, 18610, 280, 400, 430, 40, 10, 920, 7280, 50, 810, 5470]"
2020-11-02 21:55:00+00:00,298020,0,96.0,"[9100, 20, 3200, 170, 20, 190, 760, 200, 30, 3360, 30, 120, 650, 40, 10, 3640, 2730, 4040, 30, 1380, 2190, 30, 3450, 3170, 530, 20, 260, 3790, 260, 20, 100, 950, 2550, 20, 20, 340, 1550, 0, 1670, 580, 54670, 60, 20, 120, 890, 460, 1840, 140, 20, 720, 1740, 1780, 124600, 10950, 2110, 0, 140, 140, 1260, 20, 3200, 800, 3200, 1230, 110, 1060, 1220, 20, 660, 130, 610, 70, 40, 1220, 30, 1850, 20, 400, 1370, 6270, 1560, 260, 70, 1300, 4780, 4780, 0, 180, 180, 30, 330, 30, 3320, 240, 330, 4220]"
2020-11-02 22:00:00+00:00,105290,0,73.0,"[7240, 860, 1470, 1380, 30, 200, 130, 3450, 30, 560, 260, 2490, 3390, 730, 90, 1810, 310, 2060, 630, 5060, 560, 320, 2560, 560, 800, 380, 10430, 0, 50, 1000, 10, 50, 40, 3040, 320, 8240, 60, 260, 240, 860, 5010, 5010, 820, 740, 14530, 60, 180, 70, 40, 1420, 180, 230, 3740, 210, 3840, 0, 270, 1800, 920, 1390, 480, 270, 40, 50, 1020, 490, 120, 150, 10, 20, 20, 110, 90]"
2020-11-02 22:05:00+00:00,155270,1,63.0,"[780, 850, 2550, 290, 40, 20, 7230, 80, 190, 130, 5350, 9210, 30, 200, 60, 50, 1280, 9210, 3340, 100, 2800, 110, 14830, 200, 120, 600, 2660, 160, 890, 370, 130, 1120, 14340, 1630, 30900, 290, 16820, 2890, 720, 40, 210, 940, 910, 0, 1820, 210, 380, 290, 380, 5160, 140, 380, 0, 200, 360, 50, 50, 0, 100, 2130, 20, 10, 8920]"
2020-11-02 22:10:00+00:00,151720,0,74.0,"[290, 140, 180, 20, 400, 200, 2060, 770, 400, 1740, 560, 50330, 260, 20, 1960, 3300, 110, 130, 2020, 40, 0, 150, 850, 160, 1870, 2360, 40, 710, 70, 360, 80, 740, 120, 2010, 130, 2130, 10, 140, 1300, 810, 490, 2000, 450, 15120, 4380, 4710, 1150, 90, 1690, 50, 360, 760, 1690, 180, 110, 240, 90, 10, 3020, 780, 3770, 430, 200, 15140, 130, 660, 90, 90, 430, 12280, 510, 900, 430, 320]"
2020-11-02 22:15:00+00:00,219150,1,77.0,"[1150, 17630, 2160, 2240, 2090, 4850, 8580, 1520, 3730, 0, 600, 800, 1190, 1890, 37140, 940, 35470, 70, 1350, 6810, 590, 660, 340, 10, 510, 10, 120, 2200, 1130, 2250, 400, 20, 5720, 5690, 2080, 80, 80, 70, 1210, 120, 100, 250, 4790, 3840, 120, 0, 1740, 1040, 170, 80, 110, 10, 770, 6870, 540, 8160, 8380, 100, 1710, 2440, 2610, 20, 160, 1640, 2050, 140, 3790, 180, 290, 4320, 160, 1780, 120, 170, 60, 5840, 1100]"
2020-11-02 22:20:00+00:00,263520,0,85.0,"[1400, 2690, 1680, 1820, 610, 230, 1130, 290, 700, 3820, 80, 2610, 2290, 190, 4220, 540, 0, 470, 720, 80, 170, 80, 4460, 510, 300, 19550, 0, 400, 0, 180, 2540, 70, 1710, 50, 10, 360, 4370, 38800, 40, 4770, 10950, 3420, 70, 4370, 120, 700, 190, 790, 1310, 360, 130, 80, 10, 20, 2890, 130, 20, 16100, 38800, 3000, 2010, 80, 70, 50, 11500, 3520, 3200, 3130, 1870, 0, 2950, 20, 550, 1210, 1230, 320, 130, 3900, 22300, 4440, 250, 100, 120, 1000, 12170]"
2020-11-02 22:25:00+00:00,183490,0,80.0,"[0, 180, 90, 1240, 440, 470, 4960, 750, 1280, 30, 6200, 4610, 100, 0, 10, 3150, 3150, 880, 1460, 1100, 100, 880, 100, 2620, 90, 0, 200, 1980, 190, 450, 1050, 260, 110, 140, 60, 2770, 150, 620, 110, 1000, 3080, 420, 40, 3080, 29190, 20, 140, 110, 12290, 230, 420, 1610, 27370, 460, 280, 3010, 2410, 500, 5310, 1160, 60, 1000, 2230, 120, 80, 9560, 7220, 0, 80, 270, 5060, 110, 590, 40, 390, 1780, 910, 0, 17590, 2290]"
2020-11-02 22:30:00+00:00,382870,0,76.0,"[104300, 100, 12220, 8280, 550, 2900, 7240, 180, 110, 40, 5280, 290, 4010, 1280, 660, 2260, 30, 2230, 5000, 104300, 170, 190, 3410, 4700, 20, 770, 90, 50, 14970, 460, 9740, 5720, 140, 3670, 2480, 6400, 740, 4910, 1030, 20, 510, 80, 110, 60, 5980, 500, 1770, 110, 6690, 640, 260, 980, 1310, 5060, 450, 9480, 670, 1080, 180, 5450, 1540, 4270, 1940, 640, 490, 50, 3910, 1180, 4020, 10, 350, 630, 500, 270, 640, 120]"
2020-11-02 22:35:00+00:00,263680,0,69.0,"[12900, 1790, 670, 30, 840, 1480, 6350, 260, 150, 1770, 4280, 60, 70, 1490, 580, 11190, 10050, 10050, 280, 310, 83890, 20, 910, 4230, 1200, 100, 390, 3550, 370, 500, 2180, 120, 400, 110, 570, 10, 30800, 3170, 2430, 3060, 580, 1540, 580, 130, 4730, 70, 610, 530, 4890, 3530, 4760, 10, 400, 5440, 5700, 4760, 6720, 210, 310, 1960, 1310, 0, 5330, 1970, 1280, 2970, 710, 20, 20]"
2020-11-02 22:40:00+00:00,225580,1,55.0,"[10800, 250, 1840, 1270, 30, 2390, 10, 1270, 110, 6490, 170, 1500, 1320, 60, 1380, 17490, 2490, 2000, 770, 1820, 50, 70, 1820, 23320, 250, 40540, 4780, 910, 410, 1380, 10, 20, 670, 1290, 1150, 5240, 290, 2980, 100, 870, 70, 3260, 0, 3980, 540, 24210, 1970, 110, 610, 10, 500, 2740, 13660, 2000, 32310]"
2020-11-02 22:45:00+00:00,383430,1,77.0,"[40, 2160, 30, 20, 50, 10660, 150, 1200, 140, 3210, 1130, 2080, 230, 420, 2640, 3130, 120, 660, 1780, 210, 4230, 150, 4340, 11240, 3100, 1250, 2030, 25140, 150, 7220, 3620, 2200, 130, 20, 53280, 10, 2440, 0, 150, 780, 34760, 0, 2900, 43320, 170, 3220, 60, 1030, 5630, 11350, 30800, 2800, 1850, 8390, 6790, 60, 140, 9160, 3520, 170, 600, 150, 890, 3460, 760, 2940, 30, 320, 10, 9420, 1480, 0, 540, 28230, 10, 15860, 1070]"
2020-11-02 22:50:00+00:00,162020,0,61.0,"[1160, 1990, 820, 660, 910, 550, 70, 140, 1860, 460, 140, 1750, 56780, 2230, 300, 1160, 4100, 210, 6080, 5020, 1320, 1320, 1530, 2000, 0, 1530, 1180, 1820, 510, 1360, 6670, 500, 390, 540, 260, 960, 160, 14420, 1180, 8170, 180, 720, 110, 5900, 3210, 1910, 60, 140, 1320, 50, 1420, 220, 850, 810, 610, 140, 1030, 4780, 4140, 1880, 330]"
2020-11-02 22:55:00+00:00,150190,0,65.0,"[90, 140, 470, 320, 200, 20, 70, 690, 960, 100, 20, 2360, 760, 1330, 30, 90, 760, 80, 6280, 3680, 790, 120, 3540, 20, 40, 1280, 90, 110, 2910, 10, 86910, 210, 230, 310, 0, 1290, 140, 910, 2810, 70, 410, 230, 340, 0, 50, 0, 1820, 310, 340, 390, 680, 630, 510, 160, 1790, 680, 1510, 1280, 970, 230, 2130, 2550, 190, 3220, 9530]"
2020-11-02 23:00:00+00:00,131420,0,51.0,"[2910, 200, 10270, 710, 360, 1080, 2870, 12910, 210, 11070, 11070, 700, 120, 460, 3180, 720, 3600, 450, 3180, 1520, 450, 30580, 1550, 5120, 4100, 880, 1060, 2830, 630, 180, 290, 290, 300, 300, 10, 690, 30, 1160, 1490, 460, 400, 160, 4660, 530, 2010, 0, 330, 700, 2010, 400, 230]"
2020-11-02 23:05:00+00:00,204110,0,69.0,"[1250, 1260, 520, 390, 3160, 2280, 1380, 3790, 4680, 2280, 4910, 0, 160, 70, 1380, 150, 30, 570, 0, 1060, 320, 13310, 3260, 740, 70, 940, 2320, 160, 100, 360, 30860, 8980, 1180, 12680, 850, 520, 16920, 6550, 4840, 620, 2600, 11820, 410, 3880, 2730, 850, 10, 480, 600, 200, 120, 780, 1450, 16920, 60, 6200, 130, 2020, 2180, 1150, 30, 930, 2280, 40, 1580, 90, 4060, 4010, 1600]"
2020-11-02 23:10:00+00:00,179480,0,60.0,"[2940, 1490, 320, 460, 300, 5070, 4520, 730, 3830, 150, 70, 280, 140, 170, 1530, 11820, 1350, 70, 3580, 6110, 40, 1950, 100, 2600, 10, 220, 900, 20, 190, 21650, 280, 0, 46720, 5060, 0, 10960, 180, 20, 10520, 170, 3200, 150, 320, 2780, 190, 70, 2110, 340, 1380, 15030, 0, 4360, 1280, 300, 10, 200, 270, 290, 270, 410]"
2020-11-02 23:15:00+00:00,140240,0,53.0,"[0, 4290, 4990, 5340, 4660, 11160, 20, 11160, 100, 40, 320, 40, 3770, 20, 7770, 680, 830, 3470, 7730, 80, 90, 200, 730, 7760, 80, 4450, 170, 280, 20, 610, 2110, 2900, 120, 0, 40, 1660, 1630, 140, 350, 1370, 2390, 15890, 430, 1370, 1700, 260, 8470, 17720, 250, 20, 300, 250, 10]"
2020-11-02 23:20:00+00:00,150610,0,52.0,"[150, 950, 10700, 710, 40, 330, 12970, 20, 3470, 17720, 2070, 60, 2450, 40, 100, 380, 19000, 18000, 1750, 70, 2090, 170, 580, 5460, 420, 70, 11800, 70, 340, 300, 0, 20, 710, 700, 90, 8120, 1150, 10, 15820, 2160, 160, 70, 440, 170, 380, 70, 760, 720, 6190, 520, 10, 60]"
2020-11-02 23:25:00+00:00,166480,0,55.0,"[810, 2640, 660, 6850, 20, 350, 1970, 16170, 40, 340, 10, 6440, 20, 4070, 460, 70, 1050, 1180, 5760, 290, 240, 2140, 2770, 450, 440, 2400, 1690, 1340, 390, 1380, 50, 4960, 2920, 20, 10, 420, 400, 110, 2480, 87360, 650, 960, 70, 130, 630, 10, 500, 180, 280, 70, 740, 340, 720, 20, 10]"
2020-11-02 23:30:00+00:00,155330,0,43.0,"[380, 10, 300, 130, 7350, 3280, 10, 11820, 2970, 17300, 260, 1060, 20, 10, 8020, 440, 200, 100, 2920, 310, 1390, 2210, 120, 1430, 6030, 30, 90, 18370, 2480, 700, 80, 160, 90, 17880, 600, 36260, 250, 80, 180, 1230, 30, 8320, 430]"
2020-11-02 23:35:00+00:00,69830,0,49.0,"[2780, 660, 960, 1120, 3360, 2900, 4110, 20, 440, 230, 1220, 160, 260, 800, 20, 70, 2830, 20, 40, 160, 1340, 5280, 1930, 50, 510, 2440, 230, 2260, 720, 30, 20, 3360, 90, 1330, 880, 30, 3840, 400, 2140, 3820, 170, 60, 12150, 1340, 150, 1680, 20, 60, 1340]"
2020-11-02 23:40:00+00:00,186790,0,64.0,"[1540, 20, 1120, 52440, 2380, 370, 260, 1350, 1170, 4230, 880, 400, 5130, 4190, 330, 30, 2680, 920, 1340, 12240, 920, 3430, 390, 3660, 0, 0, 1300, 0, 230, 440, 360, 1020, 820, 3430, 3570, 100, 460, 100, 2440, 1060, 3510, 4150, 11210, 30, 40, 10, 6770, 3760, 430, 430, 810, 220, 2040, 0, 2610, 3240, 40, 9980, 1490, 1250, 12130, 480, 5300, 110]"
2020-11-02 23:45:00+00:00,75950,0,48.0,"[7110, 1250, 5090, 290, 2220, 30, 120, 6680, 960, 180, 940, 570, 1750, 110, 2400, 1030, 70, 3540, 270, 1530, 80, 6380, 4700, 60, 2440, 4440, 80, 20, 130, 330, 40, 30, 2020, 20, 90, 870, 660, 1090, 0, 450, 3270, 550, 4110, 240, 40, 3420, 0, 4250]"
2020-11-02 23:50:00+00:00,388950,0,54.0,"[980, 218030, 20, 10, 1530, 640, 240, 340, 1300, 2260, 1920, 10, 80, 2710, 520, 2320, 90, 2580, 1740, 190, 360, 50, 130, 22390, 8890, 47150, 820, 230, 14660, 420, 2320, 2130, 30, 10, 5160, 80, 7560, 30, 1070, 60, 30, 800, 2880, 2880, 220, 16710, 980, 1300, 7360, 290, 180, 610, 1670, 1980]"
2020-11-02 23:55:00+00:00,87390,0,40.0,"[180, 130, 40, 420, 90, 1440, 30, 290, 9280, 360, 300, 310, 2530, 360, 9290, 230, 940, 20, 60, 2000, 2050, 0, 40, 70, 15410, 450, 120, 30, 690, 2810, 19120, 240, 10, 3890, 70, 710, 11940, 830, 610, 0]"
2020-11-03 00:00:00+00:00,541470,2,55.0,"[2570, 110, 1890, 1960, 5470, 110, 1980, 730, 480, 300, 780, 680, 630, 2040, 630, 1100, 5200, 350, 60, 560, 10, 10, 5380, 2100, 31220, 1000, 1120, 1040, 40, 1230, 14000, 1120, 70, 360, 2390, 203340, 17890, 7930, 1630, 203340, 2190, 3400, 3820, 170, 50, 2880, 520, 10, 50, 250, 250, 3780, 120, 10, 1120]"
2020-11-03 00:05:00+00:00,61800,0,50.0,"[160, 5310, 2730, 90, 200, 400, 4550, 920, 600, 0, 2680, 4620, 300, 20, 1620, 5950, 2390, 370, 5470, 1990, 1720, 620, 50, 600, 240, 40, 40, 240, 10, 40, 1330, 250, 340, 1310, 10, 20, 470, 10040, 190, 320, 30, 250, 30, 30, 60, 670, 40, 190, 2250, 0]"
2020-11-03 00:10:00+00:00,136320,0,51.0,"[2270, 510, 560, 25330, 650, 250, 140, 0, 16000, 150, 470, 410, 2670, 110, 1280, 90, 320, 2020, 640, 80, 200, 10, 1420, 840, 460, 60, 5010, 120, 43050, 1530, 220, 100, 20, 760, 4640, 2600, 240, 110, 5010, 180, 150, 1480, 110, 2130, 290, 570, 2220, 780, 3460, 2550, 2050]"
2020-11-03 00:15:00+00:00,151040,0,55.0,"[20, 770, 1710, 3820, 260, 7310, 10, 10030, 3320, 1140, 3860, 140, 770, 100, 3280, 3370, 7790, 2480, 8500, 20, 560, 990, 210, 1380, 810, 50, 340, 2370, 17520, 190, 930, 8030, 750, 11500, 2940, 7840, 160, 530, 30, 170, 19360, 2290, 620, 1000, 3170, 740, 190, 1500, 120, 730, 20, 730, 3860, 90, 620]"
2020-11-03 00:20:00+00:00,146010,0,47.0,"[100, 5840, 5010, 1350, 20, 2290, 0, 1770, 5440, 370, 7310, 0, 680, 3630, 13820, 60, 6290, 2220, 770, 820, 270, 1950, 9580, 2990, 3490, 210, 580, 210, 10, 4240, 1090, 7780, 270, 30240, 170, 210, 380, 170, 230, 2730, 110, 2260, 100, 3480, 220, 1630, 13620]"
2020-11-03 00:25:00+00:00,135020,0,49.0,"[2660, 70, 540, 0, 10, 20560, 2840, 150, 720, 30, 430, 20, 20, 20, 40, 660, 110, 3750, 5020, 12830, 730, 1010, 220, 530, 1000, 680, 520, 19090, 30, 140, 160, 2260, 70, 50, 200, 29720, 50, 80, 40, 14750, 170, 510, 20, 3720, 350, 40, 140, 4540, 3720]"
2020-11-03 00:30:00+00:00,130500,0,42.0,"[40, 470, 360, 430, 0, 3940, 1420, 1980, 2820, 330, 600, 8700, 44970, 1390, 2250, 340, 250, 29720, 270, 1830, 7730, 2600, 110, 1150, 110, 0, 940, 170, 10, 150, 150, 840, 840, 190, 340, 300, 630, 150, 1080, 8120, 2770, 10]"
2020-11-03 00:35:00+00:00,266750,0,58.0,"[6250, 3340, 270, 110, 830, 5510, 20, 300, 4080, 1970, 3320, 20, 1170, 2400, 280, 2400, 570, 2400, 2490, 2400, 280, 5680, 730, 390, 180, 2040, 110, 1500, 650, 620, 7600, 12460, 7800, 500, 9490, 2510, 7800, 0, 4350, 7800, 790, 3370, 300, 100, 9060, 2040, 700, 770, 650, 20, 440, 13800, 1010, 780, 116520, 1920, 570, 1290]"
2020-11-03 00:40:00+00:00,266040,1,76.0,"[1800, 1050, 30, 60, 950, 40, 200, 270, 210, 4590, 90, 110, 340, 120, 120, 0, 380, 970, 540, 30, 370, 2000, 120, 1510, 240, 520, 380, 360, 2700, 280, 30, 2200, 2200, 290, 100, 11640, 450, 2830, 290, 12690, 50, 1210, 760, 80, 3420, 174490, 390, 280, 190, 30, 1340, 240, 1420, 250, 50, 130, 20, 5410, 20, 2820, 1440, 100, 1600, 0, 3120, 380, 400, 180, 5700, 0, 3540, 160, 1360, 40, 480, 1840]"
2020-11-03 00:45:00+00:00,48670,0,72.0,"[2190, 810, 120, 140, 850, 320, 10, 1370, 280, 1470, 4310, 380, 1430, 280, 4000, 20, 180, 170, 340, 490, 380, 60, 60, 10, 300, 90, 160, 1980, 40, 70, 370, 340, 100, 90, 250, 50, 590, 210, 40, 420, 40, 2670, 500, 90, 80, 10, 2380, 4610, 400, 730, 20, 180, 20, 400, 30, 400, 540, 1850, 630, 1370, 100, 110, 30, 180, 3640, 480, 10, 970, 850, 270, 280, 30]"
2020-11-03 00:50:00+00:00,194170,0,48.0,"[90, 20, 250, 4440, 610, 100, 20, 640, 1720, 200, 0, 60, 280, 740, 3880, 220, 700, 1990, 3620, 15200, 190, 7680, 250, 30, 12230, 5200, 20, 20, 240, 1420, 100, 2360, 40, 2910, 100, 610, 120, 114410, 1040, 830, 1410, 10, 360, 140, 250, 490, 6830, 100]"
2020-11-03 00:55:00+00:00,419490,1,75.0,"[130, 70, 40, 80, 1780, 80, 1370, 1110, 10, 2290, 2680, 70, 50, 70, 1440, 70, 230, 3540, 740, 30, 750, 1470, 4520, 4420, 180, 540, 1520, 440, 380, 180, 320, 140, 60, 630, 12670, 30, 0, 60, 40, 6570, 550, 170, 0, 930, 590, 730, 70, 590, 150, 100, 11070, 40, 1880, 4100, 390, 1010, 20, 1390, 4030, 34040, 7700, 1560, 150, 170, 1070, 3560, 600, 90, 40, 620, 3930, 1030, 470, 285810, 40]"
2020-11-03 01:00:00+00:00,323320,1,68.0,"[600, 1200, 5400, 2340, 940, 230, 10, 60, 1800, 300, 60, 232040, 190, 1480, 3750, 160, 10, 1400, 30, 70, 40, 1220, 2750, 820, 120, 1400, 1180, 40, 3530, 0, 650, 2290, 1490, 650, 2070, 5140, 240, 340, 1440, 1420, 3670, 90, 290, 70, 100, 30, 2480, 480, 15570, 780, 360, 440, 170, 1080, 40, 240, 0, 190, 20, 510, 20, 60, 150, 2390, 920, 13370, 730, 170]"
2020-11-03 01:05:00+00:00,369360,2,78.0,"[1380, 20, 1850, 110, 20, 1100, 1640, 2180, 2860, 23490, 2860, 227610, 3190, 130, 10, 1280, 440, 130, 1640, 40, 3630, 480, 240, 14380, 260, 970, 30, 8980, 340, 190, 10600, 490, 360, 100, 660, 2970, 50, 100, 15400, 120, 420, 680, 2620, 70, 220, 2200, 1830, 160, 10, 470, 310, 480, 160, 560, 200, 2100, 240, 60, 3370, 30, 1500, 50, 10, 320, 1660, 70, 230, 2820, 800, 120, 4570, 60, 1670, 2300, 680, 250, 3580, 150]"
2020-11-03 01:10:00+00:00,286640,1,82.0,"[480, 690, 20, 100, 47760, 1060, 1080, 870, 250, 2750, 10, 150, 60, 10, 130, 240, 20, 490, 118520, 3970, 50, 2960, 4630, 50, 440, 30, 520, 14780, 80, 1390, 420, 1260, 60, 0, 430, 830, 910, 560, 1160, 1400, 180, 690, 0, 1910, 180, 480, 40, 0, 210, 420, 6180, 5790, 31640, 1140, 1080, 10, 470, 730, 1080, 10, 2900, 10, 150, 80, 5370, 1360, 120, 40, 400, 160, 280, 980, 30, 2890, 1720, 20, 10, 3210, 130, 1100, 50, 2770]"
2020-11-03 01:15:00+00:00,236390,1,64.0,"[60, 1450, 190, 38300, 4100, 1200, 1770, 29140, 3290, 1000, 1180, 1150, 20, 2150, 300, 40, 250, 1360, 430, 160, 10, 210, 30, 20, 14000, 10, 8980, 6930, 4670, 55470, 2340, 350, 3540, 4970, 4130, 120, 500, 100, 6430, 490, 50, 570, 10, 340, 9920, 10, 120, 3360, 240, 560, 110, 4100, 10, 150, 1190, 40, 320, 920, 7520, 4960, 470, 10, 160, 410]"
2020-11-03 01:20:00+00:00,36240,0,19.0,"[1450, 850, 10, 2860, 11840, 2500, 80, 30, 10860, 150, 50, 2960, 10, 10, 10, 120, 1820, 120, 510]"
2020-11-03 01:25:00+00:00,79590,0,41.0,"[10, 10, 340, 2050, 180, 20, 100, 40, 360, 20, 10, 5440, 360, 4490, 1720, 90, 40, 180, 4520, 520, 340, 12690, 1640, 420, 5270, 100, 510, 6010, 6150, 230, 170, 60, 1570, 90, 710, 15670, 70, 2510, 540, 2500, 1840]"
2020-11-03 01:30:00+00:00,221540,2,68.0,"[550, 1310, 5860, 1520, 240, 440, 820, 620, 1350, 860, 8060, 10280, 790, 150, 170, 1170, 440, 0, 160, 1560, 8380, 8380, 3580, 11950, 4340, 60, 630, 290, 250, 100, 3420, 1650, 4220, 3410, 230, 12690, 1090, 6360, 330, 420, 1040, 17750, 1310, 20, 2900, 10700, 510, 10520, 3310, 2700, 1000, 280, 3540, 1430, 5410, 70, 130, 2610, 960, 28380, 40, 50, 90, 6700, 380, 7620, 360, 3600]"
2020-11-03 01:35:00+00:00,475080,1,41.0,"[1550, 40, 20, 28380, 2030, 680, 8860, 3570, 140, 80, 2580, 280, 420, 230, 11360, 300, 130, 600, 1830, 10, 280, 250, 60, 1270, 390, 130, 1180, 2440, 23110, 520, 0, 1700, 260, 86270, 950, 120, 750, 3590, 10, 300, 288410]"
2020-11-03 01:40:00+00:00,138400,0,65.0,"[60, 10, 410, 340, 220, 380, 6840, 150, 2530, 1090, 230, 100, 3590, 90, 10, 150, 1650, 2360, 9120, 380, 1210, 540, 700, 820, 70, 310, 44690, 350, 280, 30, 350, 170, 70, 340, 430, 80, 3500, 290, 4270, 2320, 330, 840, 4400, 150, 7690, 5980, 3270, 80, 1030, 4180, 180, 1520, 980, 300, 510, 2440, 520, 540, 4230, 720, 3980, 90, 3200, 540, 170]"
2020-11-03 01:45:00+00:00,131740,0,51.0,"[24310, 1240, 2710, 20, 0, 1090, 3010, 42380, 0, 440, 2500, 120, 130, 80, 470, 2740, 160, 40, 20, 1290, 240, 440, 10, 3120, 4040, 1010, 30, 10, 20, 330, 460, 30, 3660, 40, 20, 22980, 4530, 10, 10, 190, 360, 1770, 10, 3050, 1590, 420, 40, 90, 10, 280, 190]"
2020-11-03 01:50:00+00:00,53740,0,45.0,"[40, 1180, 10, 200, 720, 10, 1690, 100, 540, 1480, 1630, 1740, 110, 310, 1450, 50, 140, 350, 14140, 1550, 1510, 1810, 80, 10, 3460, 3350, 460, 740, 410, 1480, 910, 50, 10, 890, 1650, 10, 4470, 20, 700, 90, 10, 3050, 90, 10, 1030]"
2020-11-03 01:55:00+00:00,113740,0,42.0,"[10, 24310, 350, 140, 120, 1020, 1130, 30, 930, 1450, 10, 0, 120, 3970, 20, 840, 10, 10, 3870, 250, 10, 100, 3110, 250, 10670, 120, 140, 1760, 1920, 10, 320, 9650, 4020, 14290, 7510, 40, 170, 19580, 120, 1110, 240, 10]"
2020-11-03 02:00:00+00:00,121270,1,42.0,"[48130, 2630, 150, 750, 110, 6420, 10, 200, 3030, 3140, 10, 70, 10, 240, 19690, 10, 12700, 110, 10, 4740, 2680, 10, 2520, 180, 320, 110, 10, 120, 150, 10, 3110, 420, 8440, 650, 10, 140, 10, 200, 10, 0, 0, 10]"
2020-11-03 02:05:00+00:00,116620,0,48.0,"[1740, 50, 1520, 720, 5130, 540, 550, 3090, 26330, 50, 2590, 140, 820, 50, 210, 20, 10, 10, 1050, 960, 20, 140, 8160, 130, 10, 50, 1700, 300, 180, 120, 190, 60, 10, 620, 590, 1190, 1770, 550, 31300, 120, 10, 10, 21250, 800, 460, 1240, 50, 10]"
2020-11-03 02:10:00+00:00,102380,0,46.0,"[110, 10, 200, 80, 10, 910, 350, 10, 790, 1560, 10, 50, 6000, 560, 40, 590, 35570, 29660, 10, 20, 880, 2780, 10, 890, 1530, 10, 170, 40, 2350, 50, 10, 4080, 20, 300, 450, 3130, 90, 1210, 40, 1920, 330, 10, 510, 3350, 180, 1500]"
2020-11-03 02:15:00+00:00,226340,0,63.0,"[52240, 10, 60, 1130, 390, 1680, 80, 50, 10, 70, 480, 290, 500, 26930, 10, 3160, 160, 10, 30, 330, 580, 920, 4580, 10, 720, 10, 10, 2800, 10, 320, 170, 3400, 10, 40, 130, 500, 660, 140, 10, 240, 840, 10, 120, 10, 70620, 10740, 80, 10, 30, 100, 160, 120, 200, 4850, 10, 490, 10, 660, 3020, 10, 20, 50, 31300]"
2020-11-03 02:20:00+00:00,163900,1,57.0,"[130, 960, 10, 140, 330, 10, 2760, 40, 840, 370, 530, 80, 2310, 10, 60, 190, 1280, 10, 10, 60, 10, 2390, 38390, 110, 460, 640, 4070, 60, 5770, 2530, 330, 2140, 10, 2360, 120, 280, 5520, 40, 420, 4640, 6470, 4330, 110, 8360, 1410, 15050, 540, 130, 140, 1110, 2140, 380, 4030, 630, 220, 20920, 17510]"
2020-11-03 02:25:00+00:00,121050,0,38.0,"[110, 4220, 1930, 1930, 4370, 490, 490, 160, 1190, 220, 260, 1150, 140, 7280, 1150, 4850, 3690, 50, 580, 10600, 110, 2440, 50, 330, 3110, 970, 8280, 1880, 0, 1410, 240, 8280, 440, 17270, 1110, 30, 5470, 24770]"
2020-11-03 02:30:00+00:00,97940,0,47.0,"[2430, 11460, 870, 1440, 210, 150, 170, 170, 450, 20, 20, 20, 60, 12580, 3990, 2320, 330, 20, 680, 250, 12590, 1160, 1440, 1750, 5020, 260, 10, 240, 60, 640, 16970, 10, 2940, 8760, 180, 10, 60, 650, 50, 2710, 340, 870, 370, 1380, 80, 1750, 0]"
2020-11-03 02:35:00+00:00,164970,1,41.0,"[10, 2060, 39350, 2340, 230, 2050, 30, 1620, 70, 11210, 510, 270, 10040, 320, 1770, 170, 54640, 20, 1210, 270, 240, 1320, 1210, 2050, 20, 780, 7540, 960, 130, 800, 970, 300, 230, 150, 40, 1430, 6170, 720, 8560, 2060, 1100]"
2020-11-03 02:40:00+00:00,179580,0,36.0,"[550, 1100, 4880, 350, 3710, 20, 8860, 1060, 10, 21210, 190, 90, 2750, 2890, 140, 41510, 56210, 20, 350, 1400, 20, 10, 2200, 540, 230, 200, 710, 2890, 1030, 6240, 10, 17530, 50, 310, 110, 200]"
2020-11-03 02:45:00+00:00,54790,0,26.0,"[410, 2150, 30, 120, 110, 40, 3270, 110, 10, 1070, 40, 170, 120, 70, 1070, 450, 100, 70, 9900, 540, 4340, 80, 140, 40, 680, 29660]"
2020-11-03 02:50:00+00:00,127480,0,31.0,"[3940, 12650, 1660, 70, 1520, 620, 240, 230, 10560, 19040, 4840, 5680, 6310, 710, 3340, 9210, 500, 30, 120, 560, 3340, 9900, 410, 520, 280, 11460, 100, 140, 7440, 600, 11460]"
2020-11-03 02:55:00+00:00,51390,0,34.0,"[140, 11460, 30, 180, 370, 360, 6500, 560, 1130, 4920, 570, 2750, 820, 1050, 2600, 180, 1000, 10, 20, 320, 110, 10, 210, 4360, 340, 10, 260, 10, 140, 9230, 420, 40, 1220, 60]"
2020-11-03 03:00:00+00:00,204380,1,95.0,"[520, 1750, 15640, 6010, 6780, 100, 170, 1810, 0, 11320, 1830, 940, 6120, 10, 390, 870, 860, 2500, 1420, 4970, 150, 20, 6560, 50, 9640, 1790, 780, 350, 10, 60, 70, 1060, 20, 120, 40, 120, 40, 1190, 8070, 190, 10, 2740, 2580, 1910, 20, 700, 24380, 2740, 680, 1020, 20, 9750, 50, 390, 30, 400, 1090, 1230, 920, 140, 10, 1080, 990, 4490, 1670, 1840, 420, 3090, 10, 0, 140, 1630, 3200, 60, 1360, 1930, 1350, 470, 670, 30, 1000, 110, 190, 110, 3300, 870, 180, 6780, 1490, 1950, 2010, 100, 680, 15950, 80]"
2020-11-03 03:05:00+00:00,170080,1,94.0,"[2100, 400, 4200, 1590, 0, 10, 3900, 160, 20320, 100, 1920, 3050, 1380, 80, 230, 710, 40, 3570, 40, 10, 2070, 3910, 10, 0, 140, 2150, 30, 500, 10, 50, 1630, 10, 1310, 3860, 470, 10, 20540, 2330, 14290, 440, 340, 1370, 720, 5020, 1050, 10, 340, 2290, 1080, 1110, 200, 30, 10, 740, 19310, 100, 1450, 10, 100, 40, 480, 1810, 10, 4700, 430, 340, 430, 8910, 60, 170, 220, 80, 10, 240, 670, 1600, 10, 2400, 10, 260, 4050, 160, 260, 1210, 90, 60, 20, 430, 750, 5430, 10, 270, 1500, 110]"
2020-11-03 03:10:00+00:00,156500,1,69.0,"[11460, 250, 320, 4600, 190, 5880, 60, 510, 8530, 1830, 70, 2870, 30, 950, 220, 3770, 1110, 120, 30, 300, 80, 850, 770, 120, 390, 470, 310, 2700, 1170, 25710, 520, 490, 13840, 10, 14290, 550, 110, 30, 18410, 10, 1430, 90, 1460, 20, 2850, 60, 60, 200, 2430, 10, 300, 270, 240, 780, 120, 290, 310, 6560, 12710, 170, 50, 410, 290, 950, 200, 20, 150, 20, 120]"
2020-11-03 03:15:00+00:00,138390,0,81.0,"[1360, 560, 2700, 0, 2810, 440, 270, 0, 80, 4530, 440, 70, 180, 40, 440, 1710, 100, 8530, 90, 3420, 36570, 1480, 60, 860, 170, 10, 1520, 580, 210, 530, 5230, 1980, 2290, 2430, 1910, 160, 5680, 10, 800, 1020, 110, 110, 2800, 170, 140, 280, 0, 1060, 10, 200, 50, 1290, 440, 740, 12190, 670, 2000, 710, 940, 940, 1920, 610, 260, 340, 380, 2270, 70, 620, 6820, 2500, 180, 3160, 20, 200, 960, 120, 100, 1500, 70, 40, 130]"
2020-11-03 03:20:00+00:00,47950,0,40.0,"[20, 150, 80, 1060, 14440, 780, 180, 110, 10, 320, 0, 160, 1120, 5060, 0, 100, 60, 3320, 5060, 5140, 310, 100, 80, 10, 310, 90, 330, 180, 2670, 1660, 2640, 670, 220, 330, 490, 0, 130, 160, 0, 400]"
2020-11-03 03:25:00+00:00,96330,0,46.0,"[430, 800, 3290, 3350, 0, 0, 330, 30, 960, 10, 60, 7470, 5270, 2140, 3680, 2940, 370, 150, 590, 300, 90, 70, 710, 1600, 850, 560, 5060, 300, 780, 2630, 10, 1810, 9270, 210, 1540, 12670, 920, 460, 19110, 330, 210, 40, 1140, 490, 3020, 280]"
2020-11-03 03:30:00+00:00,96580,0,55.0,"[2520, 510, 1130, 170, 60, 1130, 40, 40, 430, 190, 100, 730, 10, 7240, 80, 3290, 20, 460, 1220, 1670, 40, 4440, 490, 130, 20, 10, 130, 100, 7320, 2350, 1430, 60, 1280, 3760, 1790, 1660, 40, 90, 240, 42020, 10, 60, 310, 2570, 10, 910, 1140, 770, 1230, 370, 10, 120, 460, 40, 130]"
2020-11-03 03:35:00+00:00,43870,0,45.0,"[440, 10, 30, 10, 340, 340, 70, 2210, 90, 3740, 2480, 3300, 310, 990, 1320, 290, 410, 160, 60, 1980, 20, 2780, 180, 0, 6380, 50, 1900, 80, 100, 840, 110, 390, 320, 90, 470, 1310, 700, 10, 760, 490, 150, 1630, 4440, 1940, 150]"
2020-11-03 03:40:00+00:00,35140,0,48.0,"[550, 1900, 280, 30, 550, 1630, 260, 770, 430, 1630, 310, 640, 570, 1740, 30, 10, 20, 670, 90, 170, 100, 50, 4480, 300, 70, 100, 1850, 30, 10, 670, 400, 3020, 0, 1650, 20, 40, 2600, 3750, 520, 780, 1570, 80, 120, 80, 90, 70, 60, 350]"
2020-11-03 03:45:00+00:00,69600,0,29.0,"[1920, 580, 160, 0, 540, 1010, 19340, 1190, 940, 18630, 680, 80, 50, 10, 30, 2110, 1120, 5720, 190, 6590, 840, 220, 2200, 480, 840, 1200, 60, 1070, 1800]"
2020-11-03 03:50:00+00:00,33790,0,28.0,"[0, 1310, 460, 240, 30, 8770, 1080, 690, 680, 70, 470, 1690, 1070, 2270, 30, 180, 30, 40, 10, 40, 10110, 1910, 1850, 150, 210, 100, 160, 140]"
2020-11-03 03:55:00+00:00,107580,1,35.0,"[15940, 450, 2980, 240, 50, 2980, 1180, 20, 520, 3940, 580, 310, 640, 6200, 8000, 3930, 2830, 530, 1930, 80, 90, 610, 380, 80, 90, 1550, 44030, 10, 1460, 4130, 810, 80, 30, 640, 260]"
2020-11-03 04:00:00+00:00,160860,3,42.0,"[11470, 10, 41170, 160, 160, 0, 80, 2650, 1200, 730, 4280, 1830, 10, 950, 150, 10, 700, 100, 13360, 420, 1000, 420, 6860, 170, 3720, 1620, 4540, 10, 10, 2590, 430, 10, 1380, 70, 10, 1840, 360, 240, 26230, 390, 29240, 280]"
2020-11-03 04:05:00+00:00,55900,0,36.0,"[740, 24920, 700, 410, 220, 360, 10, 1320, 1290, 150, 1930, 150, 10, 10, 1000, 430, 10, 430, 7970, 10, 10, 790, 360, 130, 10, 10, 4420, 3240, 120, 360, 110, 920, 10, 2910, 420, 10]"
2020-11-03 04:10:00+00:00,78470,1,31.0,"[610, 7580, 180, 570, 3190, 1090, 8390, 890, 160, 120, 320, 2660, 20, 11480, 500, 16090, 2830, 1010, 630, 50, 70, 1320, 80, 30, 5780, 110, 130, 1040, 2140, 2370, 7030]"
2020-11-03 04:15:00+00:00,46290,0,33.0,"[2190, 100, 1320, 1120, 160, 20, 2790, 11380, 1970, 50, 1090, 140, 160, 100, 10, 470, 410, 910, 50, 100, 30, 60, 650, 7450, 0, 220, 20, 1110, 4980, 670, 4980, 1450, 130]"
2020-11-03 04:20:00+00:00,82910,2,37.0,"[1090, 2280, 14980, 560, 40, 1040, 640, 270, 870, 260, 3480, 5650, 1080, 510, 0, 120, 2510, 5090, 2080, 1370, 630, 330, 8510, 30, 300, 2370, 1570, 960, 2270, 960, 12900, 1800, 160, 180, 50, 1850, 4120]"
2020-11-03 04:25:00+00:00,844230,1,65.0,"[1530, 60, 510, 510, 340, 4180, 470, 60, 30, 1230, 460, 40, 2500, 920, 540, 1150, 50, 6560, 170, 530, 30, 950, 50, 1160, 3760, 1590, 160, 360, 30, 420, 520, 1010, 3990, 440, 4130, 160, 360, 110, 560, 70, 390, 150, 1410, 260, 950, 310, 2430, 2990, 80, 920, 1570, 430, 2520, 3800, 1240, 2050, 1300, 170, 2460, 350, 23310, 270, 190, 1800]"
2020-11-03 04:30:00+00:00,494910,1,107.0,"[10, 30, 120, 40, 12120, 4680, 1400, 1410, 370, 170, 1510, 0, 630, 2290, 1220, 870, 3280, 3780, 220, 320, 3840, 7300, 40, 15510, 5960, 40, 1500, 560, 10, 1560, 50700, 70, 830, 6240, 7190, 1810, 22570, 40, 11360, 60, 1340, 360, 40, 1150, 210, 1140, 920, 1530, 120, 122230, 17930, 1540, 6220, 880, 10470, 2750, 460, 2890, 730, 1380, 40, 450, 790, 10, 1360, 200, 40, 4810, 1800, 1030, 700, 7780, 290, 1500, 280, 130, 450, 950, 41690, 2120, 16960, 4250, 20, 3820, 270, 3480, 1650, 40, 100, 70, 1720, 8990, 730, 9910, 960, 590, 3690, 2420, 80, 4330, 10280, 70, 3090, 140, 1350, 70, 3460]"
2020-11-03 04:35:00+00:00,338790,0,109.0,"[14430, 1660, 670, 140, 880, 1940, 320, 320, 480, 250, 67820, 30, 10280, 10, 190, 1510, 2370, 610, 130, 60, 0, 3230, 180, 700, 1180, 1320, 3200, 3930, 230, 720, 500, 430, 4950, 420, 60, 70, 280, 3000, 8570, 190, 1050, 70, 240, 1920, 4080, 950, 1760, 3820, 930, 60, 1930, 150, 110, 350, 4240, 3280, 4120, 15470, 690, 110, 0, 1400, 4440, 810, 890, 3280, 20, 190, 80, 5500, 70, 2440, 36830, 480, 3480, 1280, 1170, 17590, 80, 12070, 1500, 2990, 1430, 2290, 5320, 150, 40, 15940, 1860, 60, 2480, 3010, 1120, 460, 320, 10, 3040, 5830, 60, 20, 420, 5150, 2360, 3390, 1780, 2550, 70, 130, 320]"
2020-11-03 04:40:00+00:00,461830,4,72.0,"[3550, 730, 590, 1440, 300, 40, 13650, 330, 200, 500, 270, 880, 100, 1250, 80, 70, 630, 20, 2150, 1170, 280, 510, 950, 10, 1040, 980, 1130, 2200, 30, 380, 36530, 3280, 30, 3900, 164270, 1340, 11520, 40, 30, 900, 390, 1290, 520, 20, 2740, 420, 500, 5640, 5640, 20, 710, 22230, 490, 20, 1400, 0, 890, 90, 1400, 360, 2050, 30, 10, 53820, 1820, 440, 1540, 580, 1720, 96990, 760, 0]"
2020-11-03 04:45:00+00:00,369130,7,83.0,"[280, 4910, 20, 210, 1510, 890, 20, 4120, 8430, 250, 360, 1300, 4460, 130, 930, 1250, 40, 16860, 7420, 1030, 1080, 660, 1870, 2940, 140, 310, 230, 3380, 15330, 28890, 25550, 100, 2650, 290, 1760, 5920, 320, 1220, 920, 30, 890, 220, 160, 1560, 170, 1880, 160, 3150, 1190, 700, 670, 51470, 120, 70, 20, 1010, 17330, 3640, 1600, 400, 2280, 250, 1260, 1990, 10840, 590, 33420, 2600, 520, 620, 290, 67820, 1720, 100, 40, 220, 0, 330, 80, 7570, 560, 660, 950]"
2020-11-03 04:50:00+00:00,213450,4,103.0,"[320, 970, 3530, 50, 80, 100, 300, 1310, 100, 350, 4780, 1250, 280, 1880, 260, 1720, 1930, 1910, 290, 4150, 130, 2770, 2550, 8460, 170, 1220, 1270, 770, 750, 1080, 810, 120, 590, 1090, 18360, 810, 590, 2790, 490, 190, 150, 1730, 50, 60, 2860, 20, 250, 850, 300, 590, 280, 1590, 240, 8430, 1090, 330, 550, 590, 1240, 1460, 1650, 710, 310, 220, 120, 2750, 530, 2920, 7860, 2310, 7530, 10360, 1060, 750, 190, 0, 630, 360, 460, 2880, 1780, 100, 640, 11500, 1100, 30, 990, 370, 30, 930, 370, 1700, 1480, 1270, 470, 4860, 1080, 260, 11500, 11430, 680, 1010, 23040]"
2020-11-03 04:55:00+00:00,356790,7,92.0,"[1010, 90, 910, 110, 460, 1100, 17000, 30, 10, 300, 1040, 590, 1380, 310, 510, 100, 50, 2460, 1860, 4900, 2160, 120, 200, 40, 1920, 3960, 4690, 520, 7310, 390, 200, 180, 1450, 560, 80, 11560, 570, 1100, 4780, 4860, 1890, 190, 10120, 22440, 190, 7310, 64320, 10, 190, 40, 320, 140, 4410, 460, 970, 1380, 1280, 1040, 1360, 710, 40, 40, 1080, 40, 5770, 1190, 2790, 450, 410, 28340, 40, 0, 130, 130, 20, 1030, 780, 290, 48070, 2430, 2740, 20, 290, 30, 510, 47890, 540, 340, 490, 8280, 330, 2620]"
2020-11-03 05:00:00+00:00,124870,0,50.0,"[180, 280, 1820, 520, 210, 130, 1790, 1720, 240, 10, 1200, 1740, 71540, 240, 360, 750, 700, 9540, 360, 660, 310, 450, 580, 3270, 80, 280, 640, 1500, 80, 630, 200, 320, 3760, 1220, 1530, 5440, 600, 490, 450, 120, 200, 790, 560, 6250, 20, 280, 130, 240, 360, 100]"
2020-11-03 05:05:00+00:00,123690,1,41.0,"[340, 140, 150, 6200, 1540, 5560, 1050, 100, 310, 1290, 10, 4060, 26440, 210, 50, 3090, 2270, 30, 2140, 3260, 450, 450, 3760, 2680, 1940, 520, 30960, 2550, 80, 5770, 620, 5620, 440, 810, 200, 3530, 3920, 100, 470, 440, 140]"
2020-11-03 05:10:00+00:00,88250,0,41.0,"[2940, 170, 170, 890, 110, 8150, 930, 100, 620, 610, 15130, 600, 4690, 36270, 20, 20, 10, 20, 500, 100, 410, 850, 960, 230, 380, 0, 20, 6130, 50, 200, 300, 210, 70, 340, 1890, 80, 1620, 1430, 90, 50, 890]"
2020-11-03 05:15:00+00:00,78560,0,37.0,"[360, 1130, 90, 200, 40, 210, 4230, 13080, 360, 310, 3730, 20, 12670, 80, 1230, 1190, 2600, 170, 2330, 4260, 10, 890, 4690, 40, 200, 7920, 300, 4690, 4230, 0, 130, 100, 3130, 290, 150, 3320, 180]"
2020-11-03 05:20:00+00:00,90060,0,42.0,"[5770, 300, 70, 470, 6920, 10290, 190, 19800, 20, 2260, 210, 4730, 2260, 180, 3600, 90, 760, 330, 740, 470, 370, 130, 1920, 120, 600, 710, 1010, 70, 1010, 980, 12300, 1140, 2470, 1010, 1010, 530, 240, 400, 3450, 20, 60, 1050]"
2020-11-03 05:25:00+00:00,25620,0,23.0,"[110, 200, 110, 400, 30, 700, 270, 4590, 2790, 1440, 370, 30, 30, 300, 890, 680, 80, 10020, 280, 150, 2000, 150, 0]"
2020-11-03 05:30:00+00:00,49020,0,27.0,"[19460, 3860, 6400, 10, 20, 370, 40, 330, 190, 1450, 30, 200, 190, 190, 120, 1210, 30, 60, 490, 20, 880, 120, 430, 7950, 1490, 450, 3030]"
2020-11-03 05:35:00+00:00,95770,1,28.0,"[250, 30, 300, 2620, 70, 480, 230, 1480, 110, 470, 250, 800, 3870, 54870, 220, 4130, 170, 14000, 1250, 1090, 5290, 1580, 400, 60, 950, 210, 360, 230]"
2020-11-03 05:40:00+00:00,43270,0,28.0,"[10, 360, 350, 160, 120, 60, 0, 930, 40, 28380, 60, 3250, 1460, 1320, 750, 640, 50, 150, 100, 160, 1250, 640, 840, 660, 90, 20, 190, 1230]"
2020-11-03 05:45:00+00:00,81340,1,32.0,"[140, 1280, 40, 20, 170, 1100, 0, 0, 60, 400, 28380, 110, 2920, 690, 440, 310, 40, 30, 100, 20, 20, 190, 0, 230, 20, 1660, 1380, 3570, 580, 36330, 1030, 80]"
2020-11-03 05:50:00+00:00,43190,1,30.0,"[110, 140, 470, 12810, 4110, 70, 80, 910, 140, 650, 1710, 660, 510, 270, 0, 540, 4780, 40, 30, 20, 4500, 30, 6850, 290, 560, 240, 130, 40, 30, 2470]"
2020-11-03 05:55:00+00:00,106910,0,41.0,"[420, 34940, 1720, 500, 3450, 1240, 540, 1600, 11450, 590, 590, 8820, 80, 590, 470, 4460, 1000, 60, 20, 190, 140, 70, 1230, 20, 1390, 650, 370, 1340, 20, 3100, 220, 3240, 5710, 310, 5500, 1700, 140, 5720, 50, 2350, 910]"
2020-11-03 06:00:00+00:00,38350,0,26.0,"[950, 3360, 300, 440, 2200, 260, 100, 1170, 4270, 2520, 990, 1950, 240, 20, 590, 420, 900, 1150, 40, 810, 2900, 780, 320, 840, 10780, 50]"
2020-11-03 06:05:00+00:00,77390,0,36.0,"[1130, 3490, 1050, 100, 420, 2950, 3490, 2350, 1720, 0, 1140, 2690, 810, 550, 320, 420, 50, 10, 1750, 760, 5380, 1360, 1130, 1820, 270, 60, 37540, 90, 140, 710, 50, 250, 210, 960, 2010, 210]"
2020-11-03 06:10:00+00:00,48010,0,28.0,"[350, 150, 270, 2020, 320, 50, 40, 0, 7800, 50, 150, 1500, 80, 160, 20, 180, 10, 260, 1490, 60, 2950, 20, 1400, 10690, 490, 10690, 1170, 5640]"
2020-11-03 06:15:00+00:00,304990,1,39.0,"[320, 2480, 30420, 1090, 720, 6500, 850, 790, 870, 340, 250, 870, 4380, 90, 360, 950, 170, 2330, 250, 3550, 1940, 11770, 80, 720, 200, 70, 1200, 10, 1050, 260, 1080, 182510, 3920, 5440, 11210, 2360, 1350, 1730, 20510]"
2020-11-03 06:20:00+00:00,167820,0,65.0,"[430, 20, 2300, 4600, 1350, 1030, 2480, 6030, 70, 440, 230, 50, 20, 400, 500, 2890, 940, 7500, 2520, 160, 26790, 1870, 360, 20, 350, 9210, 70, 830, 7380, 60, 3940, 330, 9220, 350, 1380, 1800, 10, 11690, 1470, 5580, 2600, 2040, 3930, 30, 0, 180, 5140, 770, 11350, 720, 860, 80, 120, 3950, 80, 13550, 720, 90, 910, 620, 770, 2060, 80, 20, 480]"
2020-11-03 06:25:00+00:00,305520,0,58.0,"[2360, 1400, 200, 1920, 100, 42450, 150, 750, 3120, 140, 500, 240, 182320, 350, 4070, 3530, 220, 720, 200, 1990, 10, 0, 600, 280, 3220, 880, 70, 1250, 2140, 330, 920, 1440, 200, 490, 5470, 40, 320, 4000, 770, 470, 880, 460, 20, 3310, 1910, 1320, 150, 1020, 80, 0, 8930, 1210, 2440, 3780, 70, 80, 3980, 6250]"
2020-11-03 06:30:00+00:00,97880,1,50.0,"[1530, 330, 1090, 550, 1650, 3330, 3600, 1760, 6640, 410, 270, 410, 50, 2980, 140, 4790, 50, 990, 11440, 60, 990, 260, 5940, 330, 5140, 200, 880, 5500, 100, 90, 3290, 3860, 20, 2740, 2420, 3750, 70, 12000, 130, 400, 380, 610, 240, 270, 920, 70, 1060, 60, 4090, 0]"
2020-11-03 06:35:00+00:00,141660,0,61.0,"[620, 3140, 4530, 100, 230, 60, 8070, 2690, 1700, 330, 350, 4970, 50, 3190, 980, 3930, 390, 860, 38360, 10, 2860, 180, 180, 70, 410, 70, 1940, 850, 1520, 230, 30, 970, 90, 2110, 10, 4420, 4030, 30, 20, 280, 1630, 7910, 4150, 60, 80, 25980, 10, 590, 590, 370, 250, 510, 270, 510, 270, 130, 100, 1950, 640, 720, 80]"
2020-11-03 06:40:00+00:00,127590,0,49.0,"[4830, 110, 500, 530, 30, 190, 3720, 850, 250, 0, 30, 5940, 3710, 550, 3400, 3570, 2690, 120, 50, 50, 440, 120, 12800, 12240, 100, 12800, 190, 2370, 450, 240, 40, 200, 270, 360, 8340, 20, 300, 35480, 1190, 220, 3130, 140, 80, 10, 430, 70, 340, 2520, 1580]"
2020-11-03 06:45:00+00:00,103790,0,32.0,"[430, 2070, 5720, 670, 60, 2430, 4350, 60460, 50, 2120, 280, 330, 370, 10, 6990, 820, 1920, 6480, 750, 70, 390, 300, 2240, 1270, 250, 0, 40, 50, 20, 0, 1530, 1320]"
2020-11-03 06:50:00+00:00,41010,0,27.0,"[630, 5050, 640, 60, 20, 1380, 750, 3770, 1510, 1280, 280, 280, 1020, 3990, 3170, 920, 5040, 390, 190, 230, 3870, 60, 680, 110, 380, 2860, 2450]"
2020-11-03 06:55:00+00:00,83760,2,46.0,"[520, 180, 18350, 840, 2570, 30, 2640, 1760, 90, 1360, 10, 70, 50, 1670, 1050, 570, 20, 20, 31260, 140, 4600, 250, 1360, 30, 10, 1360, 3090, 1360, 1360, 110, 370, 0, 140, 2350, 0, 10, 140, 100, 140, 20, 430, 140, 1570, 40, 1420, 160]"
2020-11-03 07:00:00+00:00,98340,0,34.0,"[2560, 90, 10, 250, 20, 20, 15410, 2730, 15030, 90, 20, 2320, 840, 510, 360, 70, 10, 5230, 1030, 5260, 700, 2320, 0, 40, 2070, 280, 2070, 1630, 19340, 1790, 40, 540, 250, 15410]"
2020-11-03 07:05:00+00:00,76840,0,37.0,"[4090, 10, 230, 360, 20, 4040, 4040, 1800, 3090, 1390, 5400, 3040, 30, 190, 380, 4160, 11570, 1030, 400, 1730, 150, 160, 120, 13640, 3680, 3980, 40, 300, 50, 3090, 230, 1350, 250, 270, 10, 240, 2280]"
2020-11-03 07:10:00+00:00,69370,0,35.0,"[180, 3100, 30, 10, 970, 1150, 3850, 340, 310, 30, 430, 870, 5110, 30, 1590, 320, 22500, 0, 160, 270, 4370, 810, 250, 1010, 40, 1300, 2600, 50, 0, 16450, 10, 180, 920, 110, 20]"
2020-11-03 07:15:00+00:00,115910,0,33.0,"[10, 520, 520, 480, 170, 1610, 2740, 170, 340, 0, 420, 260, 750, 1050, 35290, 70, 70, 23120, 120, 1550, 3320, 31850, 1650, 1100, 60, 50, 660, 2020, 1380, 1020, 2970, 300, 270]"
2020-11-03 07:20:00+00:00,38560,0,33.0,"[450, 430, 2580, 80, 0, 2960, 570, 2580, 20, 1970, 560, 100, 1910, 370, 210, 20, 390, 10, 4040, 2000, 1010, 1080, 170, 4000, 810, 60, 3960, 3500, 410, 1170, 760, 180, 200]"
2020-11-03 07:25:00+00:00,44950,0,25.0,"[800, 6210, 140, 2020, 60, 100, 390, 320, 1360, 120, 690, 1980, 7950, 6320, 450, 130, 30, 780, 1230, 2020, 240, 2740, 590, 6320, 1960]"
2020-11-03 07:30:00+00:00,24980,0,19.0,"[60, 2730, 4170, 1670, 1930, 820, 80, 3970, 440, 500, 600, 1420, 70, 1960, 240, 210, 350, 3730, 30]"
2020-11-03 07:35:00+00:00,50500,0,28.0,"[2050, 60, 40, 60, 270, 370, 250, 640, 3730, 1000, 260, 210, 8920, 200, 3800, 5430, 300, 380, 160, 60, 20, 2670, 3450, 2580, 3970, 3250, 5440, 930]"
2020-11-03 07:40:00+00:00,19040,0,23.0,"[750, 240, 70, 110, 50, 220, 100, 80, 130, 1430, 2560, 10, 4490, 180, 940, 130, 260, 2310, 1510, 220, 2060, 90, 1100]"
2020-11-03 07:45:00+00:00,174450,0,27.0,"[130, 800, 150, 5110, 12100, 20, 135960, 340, 300, 1940, 110, 150, 780, 590, 530, 650, 3390, 90, 850, 970, 5340, 90, 140, 10, 30, 250, 3630]"
2020-11-03 07:50:00+00:00,62240,0,28.0,"[940, 140, 460, 210, 230, 10, 20350, 120, 940, 5690, 3800, 50, 5300, 290, 20, 1750, 2180, 580, 440, 0, 7430, 5510, 10, 20, 440, 20, 1500, 3810]"
2020-11-03 07:55:00+00:00,41060,1,25.0,"[2900, 70, 120, 50, 2830, 3730, 20, 2890, 70, 90, 20, 30, 8680, 230, 3380, 100, 2850, 560, 100, 4140, 2550, 780, 2000, 180, 2690]"
2020-11-03 08:00:00+00:00,154310,1,20.0,"[600, 0, 30, 2200, 140, 3380, 1100, 240, 60, 160, 1500, 50, 3490, 270, 240, 136360, 810, 2140, 1340, 200]"
2020-11-03 08:05:00+00:00,49540,0,41.0,"[3540, 160, 1740, 0, 680, 1000, 650, 6380, 200, 660, 160, 450, 230, 680, 1580, 2200, 2080, 70, 40, 110, 3220, 1420, 2600, 250, 1360, 1910, 140, 1540, 1170, 80, 380, 260, 980, 1180, 590, 390, 720, 280, 410, 40, 8010]"
2020-11-03 08:10:00+00:00,143310,0,41.0,"[310, 50, 20, 2150, 2560, 470, 16600, 11660, 580, 260, 220, 30, 390, 590, 3250, 160, 1190, 1470, 70, 150, 1440, 3210, 850, 340, 740, 400, 78510, 630, 240, 780, 180, 1080, 1930, 2280, 20, 4030, 80, 780, 690, 2560, 360]"
2020-11-03 08:15:00+00:00,66780,0,39.0,"[2020, 30, 2510, 10690, 1650, 1370, 640, 20, 290, 40, 740, 2180, 300, 90, 40, 1690, 820, 1740, 390, 180, 5110, 1630, 400, 180, 640, 490, 1120, 3500, 1920, 130, 3730, 3110, 780, 630, 440, 80, 120, 12510, 2830]"
2020-11-03 08:20:00+00:00,52630,0,39.0,"[60, 2700, 510, 6870, 540, 110, 620, 12510, 390, 180, 630, 270, 420, 100, 40, 10, 220, 210, 8410, 1140, 580, 730, 3200, 60, 10, 5500, 180, 60, 60, 620, 3410, 160, 20, 20, 290, 1390, 60, 140, 200]"
2020-11-03 08:25:00+00:00,93290,0,32.0,"[760, 10030, 770, 20, 760, 60, 470, 160, 120, 1500, 37140, 8800, 60, 3200, 490, 300, 960, 590, 160, 4040, 1020, 290, 9350, 70, 5180, 3500, 1110, 40, 1550, 0, 120, 670]"
2020-11-03 08:30:00+00:00,59300,0,37.0,"[110, 1580, 1500, 1180, 3890, 160, 560, 370, 11810, 450, 1910, 520, 150, 2190, 1500, 20, 80, 180, 640, 2830, 90, 2510, 270, 1730, 1460, 660, 30, 730, 10, 40, 500, 770, 1550, 50, 17160, 10, 100]"
2020-11-03 08:35:00+00:00,117850,0,40.0,"[370, 130, 610, 1800, 320, 320, 480, 940, 2120, 1030, 3890, 220, 1300, 210, 4620, 31530, 250, 140, 1240, 620, 1140, 70, 130, 130, 3090, 49650, 1100, 1980, 1760, 80, 430, 1370, 1970, 110, 290, 250, 30, 260, 1850, 20]"
2020-11-03 08:40:00+00:00,124540,0,50.0,"[4620, 160, 540, 5530, 1070, 20, 28240, 290, 220, 7360, 570, 520, 1130, 11850, 670, 1600, 330, 140, 140, 0, 20, 70, 690, 400, 800, 220, 4260, 4580, 2170, 440, 150, 40, 280, 560, 220, 630, 230, 920, 140, 20, 50, 28240, 2860, 80, 540, 1720, 6420, 290, 2030, 470]"
2020-11-03 08:45:00+00:00,60580,0,30.0,"[1230, 460, 14430, 2700, 150, 2170, 10, 190, 120, 620, 6420, 130, 3960, 2850, 3310, 550, 30, 30, 2280, 140, 750, 8410, 20, 560, 1250, 1070, 6640, 60, 20, 20]"
2020-11-03 08:50:00+00:00,151350,0,44.0,"[220, 90, 11130, 60, 10, 180, 20, 1070, 1190, 2340, 80, 2930, 4940, 2930, 4940, 3680, 130, 4570, 31160, 610, 730, 80, 350, 2090, 10, 5030, 290, 1120, 25360, 520, 340, 370, 4580, 810, 2170, 780, 21640, 1370, 1280, 3540, 4520, 1610, 0, 480]"
2020-11-03 08:55:00+00:00,137930,0,43.0,"[6930, 30, 5900, 90, 780, 1980, 420, 730, 10, 530, 0, 1930, 4370, 1560, 120, 280, 4370, 200, 10, 4390, 1090, 180, 22260, 27780, 70, 160, 620, 910, 140, 1130, 200, 8480, 560, 160, 110, 310, 9670, 27780, 900, 80, 30, 520, 160]"
2020-11-03 09:00:00+00:00,215080,2,37.0,"[8410, 730, 310, 26610, 2840, 1180, 1180, 2640, 10430, 380, 580, 20, 2980, 4290, 118740, 340, 70, 14470, 10, 1440, 30, 30, 320, 0, 50, 1840, 110, 1380, 4590, 60, 1120, 120, 380, 540, 2200, 2510, 2150]"
2020-11-03 09:05:00+00:00,64470,0,45.0,"[2840, 2840, 380, 190, 1470, 110, 10, 240, 80, 2590, 1450, 130, 1850, 740, 1430, 560, 340, 620, 100, 80, 210, 1820, 590, 150, 300, 70, 560, 8280, 2370, 4470, 1500, 160, 10, 770, 410, 21880, 1240, 80, 20, 210, 20, 10, 540, 480, 270]"
2020-11-03 09:10:00+00:00,104570,1,44.0,"[4660, 3390, 270, 240, 1500, 1260, 11630, 270, 1840, 1090, 1150, 200, 90, 120, 1150, 24850, 7440, 1410, 280, 360, 200, 10, 230, 10, 3650, 20, 1420, 710, 230, 3390, 820, 70, 1970, 3390, 450, 5600, 7860, 440, 80, 800, 4010, 70, 2710, 3230]"
2020-11-03 09:15:00+00:00,105550,1,48.0,"[1520, 3030, 170, 490, 830, 1100, 1530, 70, 1190, 580, 4430, 810, 40, 1440, 2160, 350, 120, 7500, 260, 60, 50, 100, 0, 140, 230, 1060, 1370, 840, 20, 920, 810, 380, 140, 370, 100, 1370, 55330, 4180, 130, 420, 3750, 10, 660, 3090, 0, 190, 2190, 20]"
2020-11-03 09:20:00+00:00,120750,0,51.0,"[170, 50, 540, 1210, 680, 250, 3280, 59190, 50, 220, 6000, 10, 10, 0, 120, 890, 2260, 700, 140, 240, 380, 140, 240, 420, 4630, 550, 120, 3840, 70, 910, 3950, 440, 210, 20, 290, 850, 750, 1730, 620, 190, 80, 20, 1530, 15450, 4760, 1190, 1190, 20, 60, 70, 20]"
2020-11-03 09:25:00+00:00,126590,0,45.0,"[2690, 130, 2350, 430, 1610, 700, 32190, 1190, 370, 130, 2080, 730, 520, 1020, 9680, 10, 2420, 210, 1380, 330, 80, 110, 420, 50, 0, 6720, 24960, 5620, 320, 100, 3330, 360, 5840, 2430, 180, 1690, 310, 3240, 550, 8880, 540, 160, 160, 100, 270]"
2020-11-03 09:30:00+00:00,85610,0,30.0,"[60, 60, 2310, 70, 1070, 20, 5420, 3810, 80, 5170, 480, 1630, 260, 6450, 160, 3470, 290, 3470, 25870, 340, 130, 2400, 770, 40, 2120, 1060, 520, 550, 17250, 280]"
2020-11-03 09:35:00+00:00,136920,0,56.0,"[1400, 110, 1510, 150, 6100, 10, 2680, 1000, 640, 280, 0, 400, 5900, 30, 19710, 100, 660, 30, 180, 520, 180, 1130, 4630, 2970, 190, 10, 3190, 330, 620, 90, 650, 60, 3050, 60, 1130, 980, 1040, 810, 50, 1080, 26330, 520, 5060, 10, 460, 1300, 70, 13540, 8500, 30, 430, 11420, 1070, 1070, 640, 2810]"
2020-11-03 09:40:00+00:00,179480,1,28.0,"[10, 430, 70, 210, 170, 3360, 1840, 70, 1340, 10, 290, 10, 420, 2460, 4760, 960, 600, 1340, 870, 550, 740, 20, 10, 160, 1020, 11090, 630, 146040]"
2020-11-03 09:45:00+00:00,218900,2,42.0,"[53290, 240, 3040, 240, 600, 6430, 10, 540, 840, 1310, 120, 760, 13450, 1320, 1340, 630, 5360, 4620, 730, 1200, 0, 40, 2580, 30, 480, 120, 1150, 1190, 2010, 70, 2010, 20, 400, 4100, 420, 630, 7690, 1740, 7690, 81850, 7690, 920]"
2020-11-03 09:50:00+00:00,298620,5,62.0,"[10, 19220, 10430, 81850, 1630, 0, 10, 570, 130, 550, 40, 1060, 3410, 1240, 2900, 630, 5730, 1070, 170, 80, 490, 7560, 80, 1410, 7940, 520, 3080, 1420, 5730, 3340, 4090, 100, 5500, 2680, 3970, 340, 230, 820, 160, 3080, 330, 450, 530, 870, 130, 46130, 980, 190, 2900, 2790, 180, 41080, 60, 1930, 470, 90, 810, 180, 30, 2760, 12440, 20]"
2020-11-03 09:55:00+00:00,137870,0,46.0,"[1180, 60, 5350, 2010, 50, 70, 50, 1500, 1240, 40, 220, 430, 9790, 330, 1490, 300, 60, 1020, 520, 1030, 320, 1500, 430, 30, 60110, 7690, 1260, 15030, 3130, 1250, 3920, 1260, 70, 340, 270, 1070, 3420, 20, 80, 450, 3420, 1990, 690, 540, 540, 2300]"
2020-11-03 10:00:00+00:00,77330,0,52.0,"[360, 1370, 130, 1260, 620, 4210, 700, 330, 870, 1430, 1420, 1650, 2060, 260, 1110, 380, 120, 2780, 1300, 10, 100, 40, 10, 2060, 2460, 1740, 1290, 4940, 130, 4960, 140, 510, 1670, 2840, 1370, 90, 420, 480, 1810, 2780, 6080, 3970, 1550, 560, 420, 6400, 4220, 560, 120, 750, 130, 360]"
2020-11-03 10:05:00+00:00,609620,3,63.0,"[50, 810, 220, 0, 2410, 80, 79810, 30, 140, 8830, 291680, 21780, 1670, 50, 170, 980, 130, 5990, 3700, 81820, 1710, 52440, 3700, 280, 1480, 310, 220, 1510, 200, 2020, 970, 480, 170, 10, 600, 510, 310, 330, 1850, 13260, 140, 310, 1690, 2070, 150, 80, 0, 3410, 400, 3260, 3490, 80, 780, 760, 1670, 80, 2360, 140, 340, 1790, 3240, 80, 590]"
2020-11-03 10:10:00+00:00,196390,1,67.0,"[480, 10630, 1930, 2200, 120, 470, 2480, 20, 330, 640, 1150, 30, 120, 630, 40, 2020, 580, 12800, 140, 6460, 1060, 7480, 1680, 860, 3230, 60, 25090, 3350, 15420, 150, 770, 14480, 3430, 3130, 650, 510, 930, 5020, 10, 2030, 9280, 40, 110, 20, 10, 10210, 60, 9280, 1390, 1060, 460, 730, 3430, 1770, 1990, 5820, 1570, 1140, 1430, 100, 220, 930, 430, 620, 8260, 930, 2490]"
2020-11-03 10:15:00+00:00,95810,0,52.0,"[1100, 990, 4160, 1710, 2100, 1190, 420, 960, 120, 3730, 2160, 540, 150, 40, 21490, 360, 260, 310, 4160, 300, 6600, 320, 860, 1210, 2170, 1710, 890, 4040, 50, 480, 620, 140, 180, 1720, 1170, 820, 520, 500, 90, 40, 830, 30, 90, 1170, 30, 130, 310, 40, 1470, 20240, 60, 1030]"
2020-11-03 10:20:00+00:00,67900,0,57.0,"[340, 2590, 320, 340, 560, 130, 20, 7530, 1710, 540, 4460, 5900, 440, 400, 3110, 4550, 430, 130, 3500, 10, 150, 750, 3330, 430, 840, 340, 1030, 800, 230, 5180, 80, 280, 1390, 1530, 2600, 90, 1090, 60, 310, 1200, 1250, 410, 10, 600, 230, 1170, 80, 40, 230, 340, 1840, 390, 360, 300, 1390, 470, 70]"
2020-11-03 10:25:00+00:00,157280,0,42.0,"[90, 170, 300, 360, 420, 60, 810, 87360, 18420, 1820, 220, 250, 1240, 4480, 3710, 980, 1910, 1220, 600, 360, 1540, 0, 460, 30, 10, 340, 20, 900, 180, 70, 390, 3660, 40, 180, 3960, 8530, 80, 3880, 350, 200, 7650, 30]"
2020-11-03 10:30:00+00:00,78610,0,47.0,"[4940, 1030, 900, 1240, 21990, 570, 250, 10, 470, 1200, 1520, 840, 120, 1470, 450, 280, 450, 30, 2200, 50, 2780, 230, 60, 50, 1750, 1660, 710, 50, 430, 340, 3240, 340, 390, 280, 3360, 170, 1640, 110, 40, 60, 680, 0, 4940, 260, 350, 80, 14600]"
2020-11-03 10:35:00+00:00,349510,1,52.0,"[130, 90, 42670, 600, 540, 2480, 510, 450, 1910, 1580, 40, 330, 80, 1610, 0, 620, 90, 5410, 4210, 590, 1670, 420, 0, 206540, 1350, 1840, 260, 11740, 4330, 530, 380, 11130, 120, 1070, 2110, 30, 1040, 780, 1330, 100, 3430, 1230, 1740, 2220, 490, 1160, 1580, 20, 20480, 6240, 0, 210]"
2020-11-03 10:40:00+00:00,90230,1,50.0,"[1320, 3570, 1780, 630, 1170, 180, 3600, 1340, 2740, 6240, 4690, 290, 3170, 370, 80, 160, 0, 3470, 460, 900, 590, 280, 20240, 800, 4040, 220, 1700, 800, 70, 150, 3180, 90, 80, 70, 2700, 80, 1290, 4760, 2750, 170, 150, 120, 3950, 80, 300, 1400, 180, 1960, 80, 1790]"
2020-11-03 10:45:00+00:00,172490,0,39.0,"[2900, 1100, 840, 420, 330, 1100, 30, 20170, 7400, 210, 50, 80, 4100, 9060, 1430, 2560, 20, 90, 38230, 1160, 20, 2040, 430, 20, 2280, 820, 90, 5380, 2720, 50, 30, 1470, 50820, 1600, 11240, 250, 580, 170, 1200]"
2020-11-03 10:50:00+00:00,49380,0,33.0,"[400, 5540, 7890, 120, 340, 13320, 140, 130, 1440, 80, 30, 0, 0, 160, 220, 230, 2320, 80, 2340, 220, 350, 970, 540, 40, 130, 190, 7090, 310, 710, 300, 430, 820, 2500]"
2020-11-03 10:55:00+00:00,315080,0,49.0,"[100, 1420, 160, 780, 40, 620, 270, 730, 2040, 680, 410, 38150, 40, 5380, 2930, 13940, 820, 180, 3790, 4180, 9780, 3350, 500, 160, 160, 410, 160, 930, 820, 260, 80, 8970, 710, 20, 550, 6670, 700, 3990, 50, 4630, 15570, 440, 50, 170, 12780, 165570, 270, 100, 570]"
2020-11-03 11:00:00+00:00,66490,0,44.0,"[5630, 1660, 2140, 620, 440, 300, 0, 40, 80, 230, 180, 20, 5050, 0, 3110, 17920, 1960, 4980, 650, 0, 4080, 240, 60, 4640, 280, 220, 750, 180, 240, 220, 640, 1180, 340, 180, 760, 430, 250, 620, 1140, 30, 1940, 30, 2720, 310]"
2020-11-03 11:05:00+00:00,65220,0,43.0,"[640, 1490, 10, 100, 270, 1490, 620, 390, 10, 300, 1450, 850, 360, 1900, 1950, 430, 1800, 210, 210, 17080, 210, 70, 720, 1000, 420, 240, 1420, 1340, 300, 490, 1400, 1480, 4400, 3230, 640, 5300, 1100, 4390, 80, 3490, 10, 1740, 190]"
2020-11-03 11:10:00+00:00,100150,0,48.0,"[300, 110, 4100, 250, 770, 250, 20, 6150, 80, 240, 560, 1690, 4730, 440, 1450, 240, 20, 450, 320, 3430, 940, 50, 700, 550, 1620, 60, 700, 1700, 40, 90, 7600, 1010, 2070, 970, 30, 29380, 1390, 80, 22080, 830, 20, 140, 210, 260, 30, 1490, 430, 80]"
2020-11-03 11:15:00+00:00,125990,1,28.0,"[4160, 1480, 1190, 7090, 10180, 30, 7490, 5280, 90, 3660, 3930, 90, 3560, 500, 60340, 880, 10, 9090, 440, 40, 3040, 900, 560, 120, 20, 1620, 170, 30]"
2020-11-03 11:20:00+00:00,51020,0,35.0,"[8770, 40, 40, 520, 10450, 8770, 1110, 450, 280, 490, 270, 1110, 120, 2360, 2360, 610, 4530, 940, 180, 60, 1580, 20, 80, 20, 1230, 70, 120, 400, 50, 820, 100, 220, 1070, 1560, 220]"
2020-11-03 11:25:00+00:00,51440,0,50.0,"[740, 80, 300, 110, 90, 20, 0, 500, 460, 140, 3560, 2430, 80, 10, 110, 1380, 3680, 1290, 120, 1290, 260, 130, 130, 60, 20, 410, 60, 80, 30, 2000, 680, 640, 2150, 680, 1020, 460, 1400, 230, 19030, 370, 180, 100, 140, 180, 70, 330, 980, 950, 1830, 450]"
2020-11-03 11:30:00+00:00,41080,0,31.0,"[430, 2550, 210, 360, 770, 440, 3420, 420, 910, 0, 730, 780, 420, 60, 300, 10, 60, 550, 120, 30, 190, 1930, 7240, 60, 520, 760, 1670, 260, 7720, 7720, 440]"
2020-11-03 11:35:00+00:00,34410,0,43.0,"[30, 300, 270, 390, 1720, 330, 800, 210, 160, 10, 120, 520, 190, 4440, 290, 150, 2390, 160, 340, 100, 1100, 80, 40, 910, 250, 660, 50, 5450, 240, 240, 510, 3500, 1370, 50, 60, 300, 0, 1020, 390, 670, 250, 3970, 380]"
2020-11-03 11:40:00+00:00,43040,0,24.0,"[70, 760, 840, 1830, 2860, 370, 2800, 1470, 220, 2040, 70, 190, 1210, 18610, 90, 1300, 1060, 20, 310, 1780, 1200, 3570, 310, 60]"
2020-11-03 11:45:00+00:00,86360,0,23.0,"[1670, 60, 80, 40, 10, 130, 120, 40, 540, 10090, 3060, 680, 3600, 930, 3450, 580, 45570, 5790, 340, 80, 8100, 320, 1080]"
2020-11-03 11:50:00+00:00,266510,0,24.0,"[630, 490, 3120, 100, 251610, 1850, 20, 630, 390, 20, 150, 50, 3980, 20, 180, 150, 30, 150, 90, 20, 70, 1310, 90, 1360]"
2020-11-03 11:55:00+00:00,42810,1,26.0,"[40, 240, 0, 2930, 290, 60, 280, 760, 3900, 220, 20, 20, 610, 1090, 25810, 950, 460, 30, 310, 310, 310, 2860, 410, 710, 90, 100]"
2020-11-03 12:00:00+00:00,64790,0,26.0,"[380, 480, 90, 3130, 10, 1700, 800, 41580, 240, 170, 20, 140, 540, 830, 70, 0, 4320, 2210, 440, 450, 440, 280, 40, 3020, 2840, 570]"
2020-11-03 12:05:00+00:00,192570,0,34.0,"[60, 760, 0, 6410, 210, 560, 290, 100, 0, 3050, 7860, 60, 3330, 2260, 1560, 760, 1470, 2840, 2200, 820, 10, 200, 1300, 10, 5730, 410, 10, 20480, 5110, 18980, 40, 105260, 70, 360]"
2020-11-03 12:10:00+00:00,71740,0,35.0,"[2310, 290, 460, 400, 12480, 80, 5870, 1400, 180, 2770, 70, 120, 50, 250, 250, 6420, 2020, 4540, 40, 680, 1800, 940, 390, 2850, 1530, 50, 8120, 160, 90, 470, 90, 1800, 50, 40, 12680]"
2020-11-03 12:15:00+00:00,99870,0,34.0,"[180, 620, 1050, 50, 820, 10, 1150, 630, 2960, 860, 270, 260, 220, 2070, 1930, 260, 390, 2770, 860, 1480, 2620, 29190, 16190, 80, 26890, 280, 2100, 280, 40, 930, 280, 1130, 40, 980]"
2020-11-03 12:20:00+00:00,46750,1,23.0,"[410, 80, 230, 60, 1280, 1290, 100, 29250, 950, 30, 140, 1440, 270, 100, 350, 200, 4730, 2270, 1560, 450, 0, 1530, 30]"
2020-11-03 12:25:00+00:00,16140,0,18.0,"[400, 1610, 1530, 140, 350, 360, 390, 1140, 130, 270, 1130, 3170, 40, 690, 3840, 210, 10, 730]"
2020-11-03 12:30:00+00:00,57960,0,29.0,"[0, 50, 340, 110, 5350, 560, 12220, 2020, 200, 12220, 3010, 190, 1600, 200, 390, 50, 30, 80, 360, 3170, 9850, 30, 820, 50, 640, 30, 620, 200, 3570]"
2020-11-03 12:35:00+00:00,103830,0,21.0,"[2290, 2470, 420, 1420, 120, 8490, 60, 8490, 230, 80, 360, 430, 380, 3300, 11320, 0, 410, 4540, 3840, 27590, 27590]"
2020-11-03 12:40:00+00:00,81780,1,24.0,"[240, 50, 2110, 2330, 1410, 610, 2510, 640, 2700, 240, 30520, 20, 10, 30510, 2930, 1060, 1610, 270, 0, 490, 570, 210, 110, 630]"
2020-11-03 12:45:00+00:00,40190,0,31.0,"[310, 1460, 680, 1060, 60, 1320, 690, 1020, 10, 10, 13990, 80, 220, 1980, 70, 1720, 380, 2340, 330, 4890, 80, 220, 4100, 660, 60, 890, 40, 480, 230, 580, 230]"
2020-11-03 12:50:00+00:00,90140,0,27.0,"[260, 6700, 240, 26340, 2470, 2990, 80, 80, 1100, 30630, 70, 10, 11720, 530, 360, 360, 400, 360, 580, 280, 180, 300, 40, 390, 3020, 370, 280]"
2020-11-03 12:55:00+00:00,65480,0,25.0,"[5250, 6500, 2190, 280, 40, 530, 180, 28390, 10, 140, 480, 80, 220, 290, 470, 220, 260, 2310, 1570, 480, 6340, 800, 50, 6590, 1810]"
2020-11-03 13:00:00+00:00,61640,0,24.0,"[790, 2020, 480, 50, 60, 320, 30, 3600, 540, 1450, 760, 200, 10220, 90, 1640, 8350, 28390, 110, 20, 290, 10, 20, 1090, 1110]"
2020-11-03 13:05:00+00:00,125090,1,21.0,"[20, 300, 130, 920, 150, 2640, 3450, 2640, 130, 740, 40, 950, 74020, 220, 1740, 80, 34130, 1310, 180, 1260, 40]"
2020-11-03 13:10:00+00:00,90100,0,18.0,"[2570, 480, 40, 70, 9650, 350, 390, 13610, 44690, 40, 670, 2350, 1560, 10, 980, 3390, 90, 9160]"
2020-11-03 13:15:00+00:00,32150,0,20.0,"[40, 60, 40, 800, 830, 490, 12700, 480, 70, 320, 60, 390, 2920, 280, 1160, 3740, 30, 70, 6000, 1670]"
2020-11-03 13:20:00+00:00,91870,0,22.0,"[10, 30, 60, 1000, 100, 220, 210, 1800, 3060, 240, 360, 370, 550, 0, 40, 650, 440, 68640, 1480, 0, 430, 12180]"
2020-11-03 13:25:00+00:00,180440,1,24.0,"[110, 430, 18320, 1450, 3090, 60, 210, 90, 1820, 660, 1110, 131910, 1870, 170, 480, 60, 180, 220, 9620, 6990, 150, 30, 510, 900]"
2020-11-03 13:30:00+00:00,61490,0,22.0,"[70, 80, 30, 460, 70, 900, 29170, 40, 5040, 20, 120, 1710, 300, 8000, 70, 420, 460, 30, 7600, 5120, 1760, 20]"
2020-11-03 13:35:00+00:00,29520,0,14.0,"[30, 680, 1380, 15340, 1810, 940, 20, 100, 530, 250, 0, 420, 7680, 340]"
2020-11-03 13:40:00+00:00,95770,1,17.0,"[460, 680, 390, 1180, 4260, 60, 53290, 20, 17410, 180, 2970, 4920, 170, 870, 280, 7930, 700]"
2020-11-03 13:45:00+00:00,24750,0,15.0,"[360, 2780, 510, 410, 340, 2660, 3480, 50, 240, 2430, 5680, 4770, 210, 780, 50]"
2020-11-03 13:50:00+00:00,6100,0,12.0,"[130, 40, 450, 0, 860, 670, 1630, 50, 360, 410, 1130, 370]"
2020-11-03 13:55:00+00:00,20670,0,11.0,"[360, 1320, 20, 30, 1300, 420, 380, 14120, 40, 2340, 340]"
2020-11-03 14:00:00+00:00,17100,0,15.0,"[200, 610, 10, 5160, 1130, 80, 140, 120, 1390, 4600, 270, 2660, 60, 100, 570]"
2020-11-03 14:05:00+00:00,11180,0,14.0,"[4090, 1300, 410, 10, 1150, 130, 0, 10, 310, 200, 2800, 520, 120, 130]"
2020-11-03 14:10:00+00:00,99970,0,16.0,"[10, 46920, 2100, 46920, 380, 200, 20, 340, 350, 30, 210, 70, 260, 1370, 370, 420]"
2020-11-03 14:15:00+00:00,61490,0,11.0,"[28180, 13730, 140, 40, 520, 10, 930, 100, 450, 17300, 90]"
2020-11-03 14:20:00+00:00,22630,0,11.0,"[880, 2290, 6820, 40, 40, 3160, 3640, 2670, 310, 870, 1910]"
2020-11-03 14:25:00+00:00,6530,0,7.0,"[150, 330, 1630, 40, 4340, 40, 0]"
2020-11-03 14:30:00+00:00,29210,0,8.0,"[100, 170, 17300, 40, 4340, 2290, 4650, 320]"
2020-11-03 14:35:00+00:00,842920,1,25.0,"[5480, 546130, 170, 2620, 30, 30, 90, 440, 252980, 190, 550, 20, 26590, 50, 850, 20, 150, 2350, 420, 1110, 2120, 150, 60, 310, 10]"
2020-11-03 14:40:00+00:00,48760,0,37.0,"[340, 140, 4100, 10, 90, 1150, 160, 7690, 880, 50, 1070, 50, 0, 440, 80, 1220, 590, 7090, 40, 270, 420, 9380, 140, 850, 110, 110, 260, 80, 130, 350, 2170, 780, 470, 110, 3560, 3920, 460]"
2020-11-03 14:45:00+00:00,86110,0,38.0,"[80, 3170, 140, 710, 2160, 70, 5820, 1270, 1190, 980, 320, 250, 3020, 2050, 1550, 80, 12870, 80, 280, 670, 5250, 300, 280, 12510, 50, 220, 380, 430, 5190, 4360, 2710, 720, 10, 240, 90, 10, 16540, 60]"
2020-11-03 14:50:00+00:00,173070,0,36.0,"[1100, 3660, 10, 3710, 20, 30, 510, 1130, 85380, 4630, 570, 7460, 1260, 80, 15360, 20, 3760, 230, 1540, 160, 90, 40, 40, 400, 5770, 370, 1730, 18370, 2050, 50, 3180, 4090, 2050, 10, 850, 3360]"
2020-11-03 14:55:00+00:00,39140,0,25.0,"[10, 4200, 200, 10, 8400, 460, 240, 490, 3540, 3070, 200, 90, 4120, 6210, 110, 250, 2610, 840, 1140, 20, 270, 70, 1550, 500, 540]"
2020-11-03 15:00:00+00:00,95390,0,25.0,"[50, 40, 2640, 2040, 360, 150, 60, 340, 6360, 320, 2240, 100, 8880, 51900, 2050, 740, 20, 1830, 2040, 0, 1450, 10300, 10, 660, 810]"
2020-11-03 15:05:00+00:00,42730,0,28.0,"[520, 5680, 40, 4130, 1520, 1200, 60, 1720, 310, 100, 6030, 820, 3300, 5180, 120, 170, 170, 790, 0, 50, 2530, 110, 2700, 4790, 30, 510, 140, 10]"
2020-11-03 15:10:00+00:00,94440,0,25.0,"[200, 3690, 400, 8260, 4440, 530, 3020, 60, 330, 1200, 50, 170, 240, 0, 530, 33410, 21700, 150, 350, 1370, 1510, 1090, 1580, 9450, 710]"
2020-11-03 15:15:00+00:00,16360,0,18.0,"[520, 180, 30, 2750, 340, 5080, 1720, 260, 90, 40, 360, 550, 1230, 1020, 200, 520, 1340, 130]"
2020-11-03 15:20:00+00:00,69840,0,27.0,"[120, 2040, 2590, 30, 140, 70, 600, 1300, 300, 30, 3410, 23140, 480, 1470, 320, 550, 10, 8160, 100, 130, 19050, 340, 3410, 640, 1230, 180, 0]"
2020-11-03 15:25:00+00:00,22450,0,14.0,"[2430, 4360, 1500, 10, 1500, 430, 110, 410, 0, 4180, 90, 140, 1970, 5320]"
2020-11-03 15:30:00+00:00,56140,0,23.0,"[330, 50, 480, 290, 40, 8490, 180, 2140, 1650, 10950, 10, 610, 1260, 950, 20, 1120, 330, 1800, 16750, 1050, 5820, 1410, 410]"
2020-11-03 15:35:00+00:00,7110,0,16.0,"[730, 220, 150, 80, 60, 390, 1600, 20, 1390, 30, 1520, 60, 240, 330, 30, 260]"
2020-11-03 15:40:00+00:00,22020,0,18.0,"[780, 320, 110, 270, 290, 330, 50, 280, 40, 30, 170, 490, 50, 0, 600, 11120, 1270, 5820]"
2020-11-03 15:45:00+00:00,96630,0,28.0,"[7000, 50, 200, 4830, 13140, 3890, 120, 270, 370, 28390, 400, 1050, 950, 950, 270, 80, 3510, 1450, 160, 3550, 4080, 730, 260, 700, 2180, 40, 600, 17410]"
2020-11-03 15:50:00+00:00,18400,0,17.0,"[330, 430, 190, 10, 840, 20, 20, 60, 3220, 6560, 4560, 1220, 130, 160, 190, 90, 370]"
2020-11-03 15:55:00+00:00,27310,0,12.0,"[20, 5090, 660, 620, 330, 14440, 400, 620, 10, 1310, 220, 3590]"
2020-11-03 16:00:00+00:00,63670,0,17.0,"[230, 6340, 100, 520, 230, 1580, 8350, 1880, 70, 11940, 770, 17230, 810, 110, 280, 460, 12770]"
2020-11-03 16:05:00+00:00,25360,0,14.0,"[400, 2020, 1920, 330, 60, 4420, 250, 7580, 3300, 80, 1080, 2800, 240, 880]"
2020-11-03 16:10:00+00:00,4140,0,8.0,"[230, 50, 290, 70, 2600, 0, 900, 0]"
2020-11-03 16:15:00+00:00,34250,0,15.0,"[2500, 810, 200, 4170, 660, 550, 1720, 500, 20, 0, 80, 10140, 1210, 11570, 120]"
2020-11-03 16:20:00+00:00,22540,0,19.0,"[540, 980, 2490, 10, 680, 3200, 2040, 70, 470, 910, 2810, 10, 170, 650, 570, 1160, 2040, 1460, 2280]"
2020-11-03 16:25:00+00:00,10830,0,13.0,"[960, 360, 500, 5080, 1220, 180, 40, 390, 50, 1350, 590, 50, 60]"
2020-11-03 16:30:00+00:00,19550,0,8.0,"[1480, 390, 0, 2980, 100, 4270, 50, 10280]"
2020-11-03 16:35:00+00:00,155470,2,12.0,"[107330, 30500, 670, 480, 790, 6880, 260, 410, 2370, 1390, 4010, 380]"
2020-11-03 16:40:00+00:00,16170,0,11.0,"[280, 50, 180, 6660, 4120, 1990, 60, 20, 1820, 50, 940]"
2020-11-03 16:45:00+00:00,58390,0,11.0,"[970, 1200, 300, 3830, 340, 80, 80, 2770, 540, 580, 47700]"
2020-11-03 16:50:00+00:00,2540,0,6.0,"[140, 240, 1160, 60, 910, 30]"
2020-11-03 16:55:00+00:00,14680,0,9.0,"[30, 140, 1150, 2480, 2200, 300, 140, 30, 8210]"
2020-11-03 17:00:00+00:00,25500,0,5.0,"[25070, 60, 150, 150, 70]"
2020-11-03 17:05:00+00:00,26240,0,17.0,"[930, 2380, 20, 9290, 30, 560, 300, 1680, 110, 2460, 4460, 40, 20, 230, 540, 110, 3080]"
2020-11-03 17:10:00+00:00,14430,0,7.0,"[11220, 850, 70, 830, 460, 810, 190]"
2020-11-03 17:15:00+00:00,10680,0,13.0,"[1070, 20, 500, 1880, 4180, 990, 120, 20, 360, 860, 50, 380, 250]"
2020-11-03 17:20:00+00:00,15470,0,6.0,"[500, 10, 870, 11620, 1170, 1300]"
2020-11-03 17:25:00+00:00,13750,0,10.0,"[180, 2850, 520, 10, 2250, 2850, 4260, 540, 190, 100]"
2020-11-03 17:30:00+00:00,4460,0,5.0,"[330, 150, 1680, 2280, 20]"
2020-11-03 17:35:00+00:00,3330,0,8.0,"[90, 40, 0, 1360, 260, 400, 10, 1170]"
2020-11-03 17:40:00+00:00,19150,0,14.0,"[2450, 140, 540, 6340, 20, 20, 440, 3840, 240, 380, 90, 4550, 90, 10]"
2020-11-03 17:45:00+00:00,10420,0,8.0,"[10, 20, 280, 180, 100, 7100, 40, 2690]"
2020-11-03 17:50:00+00:00,4090,0,9.0,"[650, 350, 640, 100, 210, 70, 130, 1670, 270]"
2020-11-03 17:55:00+00:00,4180,0,5.0,"[750, 1080, 300, 40, 2010]"
2020-11-03 18:00:00+00:00,33640,0,3.0,"[28530, 650, 4460]"
2020-11-03 18:05:00+00:00,27460,0,10.0,"[0, 20, 890, 820, 6100, 200, 690, 40, 18560, 140]"
2020-11-03 18:10:00+00:00,11420,0,8.0,"[3420, 50, 140, 650, 1390, 480, 3570, 1720]"
2020-11-03 18:15:00+00:00,1700,0,5.0,"[800, 610, 180, 30, 80]"
2020-11-03 18:20:00+00:00,22270,0,5.0,"[620, 10560, 10250, 140, 700]"
2020-11-03 18:25:00+00:00,8170,0,7.0,"[470, 150, 900, 100, 120, 5740, 690]"
2020-11-03 18:30:00+00:00,2510,0,2.0,"[2470, 40]"
2020-11-03 18:35:00+00:00,18890,0,8.0,"[5180, 1420, 1490, 1810, 1360, 5170, 1580, 880]"
2020-11-03 18:40:00+00:00,790,0,5.0,"[40, 70, 230, 240, 210]"
2020-11-03 18:45:00+00:00,45470,0,16.0,"[5770, 1210, 4430, 170, 12240, 1440, 40, 3630, 7020, 2030, 150, 3440, 2610, 880, 130, 280]"
2020-11-03 18:50:00+00:00,5190,0,7.0,"[520, 2060, 10, 30, 110, 1440, 1020]"
2020-11-03 18:55:00+00:00,54850,0,14.0,"[3800, 4580, 850, 4580, 2990, 1520, 0, 15080, 40, 4580, 4580, 4580, 3090, 4580]"
2020-11-03 19:00:00+00:00,469190,2,14.0,"[1790, 810, 3140, 87990, 50, 580, 1180, 321790, 20290, 3410, 9780, 80, 17600, 700]"
2020-11-03 19:05:00+00:00,121920,1,23.0,"[450, 2150, 60, 340, 270, 340, 800, 800, 910, 9240, 90880, 2600, 450, 60, 280, 1490, 220, 4080, 2750, 1220, 940, 180, 1410]"
2020-11-03 19:10:00+00:00,9440,0,10.0,"[80, 1510, 540, 2190, 430, 1050, 200, 2700, 720, 20]"
2020-11-03 19:15:00+00:00,35970,1,16.0,"[110, 19300, 70, 560, 380, 2420, 320, 90, 5760, 20, 620, 230, 850, 600, 3720, 920]"
2020-11-03 19:20:00+00:00,35880,0,10.0,"[2150, 14620, 3110, 170, 60, 2670, 10140, 2040, 620, 300]"
2020-11-03 19:25:00+00:00,19870,1,12.0,"[520, 780, 580, 860, 110, 4040, 430, 1450, 50, 170, 260, 10620]"
2020-11-03 19:30:00+00:00,12200,0,8.0,"[290, 910, 210, 590, 2580, 2480, 3410, 1730]"
2020-11-03 19:35:00+00:00,704720,1,14.0,"[30, 80, 26750, 360, 970, 20, 120, 50, 570, 6010, 667580, 1090, 530, 560]"
2020-11-03 19:40:00+00:00,36800,1,13.0,"[670, 18050, 530, 1050, 540, 360, 2850, 340, 5050, 50, 70, 3050, 4190]"
2020-11-03 19:45:00+00:00,43450,0,19.0,"[550, 1420, 40, 160, 480, 520, 620, 8150, 20430, 2540, 40, 380, 30, 150, 370, 2750, 4270, 130, 420]"
2020-11-03 19:50:00+00:00,5990,0,9.0,"[30, 250, 2190, 190, 140, 1880, 940, 130, 240]"
2020-11-03 19:55:00+00:00,41300,0,16.0,"[1540, 540, 30, 1160, 20, 1350, 10, 790, 20, 3490, 310, 160, 10960, 90, 16220, 4610]"
2020-11-03 20:00:00+00:00,50310,1,10.0,"[28310, 590, 2190, 1100, 5140, 3500, 1300, 250, 5550, 2380]"
2020-11-03 20:05:00+00:00,24010,0,14.0,"[600, 2370, 100, 640, 70, 300, 1890, 2030, 2290, 2290, 2290, 810, 2600, 5730]"
2020-11-03 20:10:00+00:00,14450,0,6.0,"[250, 30, 13570, 20, 20, 560]"
2020-11-03 20:15:00+00:00,16290,0,9.0,"[630, 4580, 260, 1680, 380, 6080, 160, 380, 2140]"
2020-11-03 20:20:00+00:00,81870,0,7.0,"[800, 120, 180, 1190, 77790, 50, 1740]"
2020-11-03 20:25:00+00:00,42020,0,7.0,"[640, 1230, 29980, 600, 110, 60, 9400]"
2020-11-03 20:30:00+00:00,42170,0,18.0,"[460, 240, 160, 90, 800, 270, 1240, 380, 3430, 3980, 320, 850, 320, 190, 5610, 2810, 330, 20690]"
2020-11-03 20:35:00+00:00,16970,0,10.0,"[520, 100, 2420, 400, 2480, 8420, 530, 1360, 400, 340]"
2020-11-03 20:40:00+00:00,24100,0,16.0,"[590, 8060, 20, 9180, 110, 90, 1600, 490, 760, 410, 1270, 200, 1200, 10, 60, 50]"
2020-11-03 20:45:00+00:00,9520,0,7.0,"[50, 3650, 1280, 370, 230, 3780, 160]"
2020-11-03 20:50:00+00:00,32100,0,10.0,"[4940, 850, 110, 50, 50, 620, 20, 10, 140, 25310]"
2020-11-03 20:55:00+00:00,3520,0,7.0,"[240, 10, 970, 560, 60, 740, 940]"
2020-11-03 21:00:00+00:00,7540,0,5.0,"[280, 740, 260, 390, 5870]"
2020-11-03 21:05:00+00:00,10340,0,8.0,"[220, 480, 430, 1860, 350, 3680, 280, 3040]"
2020-11-03 21:10:00+00:00,550,0,2.0,"[400, 150]"
2020-11-03 21:15:00+00:00,7810,0,6.0,"[100, 310, 240, 5660, 70, 1430]"
2020-11-03 21:20:00+00:00,83510,0,5.0,"[440, 20, 20, 30, 83000]"
2020-11-03 21:25:00+00:00,2550,0,7.0,"[430, 240, 300, 1200, 60, 80, 240]"
2020-11-03 21:30:00+00:00,15340,0,10.0,"[1400, 810, 120, 4190, 1600, 840, 410, 2420, 2080, 1470]"
2020-11-03 21:35:00+00:00,21950,0,4.0,"[16280, 40, 1030, 4600]"
2020-11-03 21:40:00+00:00,26870,0,9.0,"[3920, 3330, 10, 7660, 8590, 30, 150, 2980, 200]"
2020-11-03 21:45:00+00:00,20310,0,9.0,"[1850, 1480, 110, 13410, 920, 100, 2360, 50, 30]"
2020-11-03 21:50:00+00:00,27310,0,4.0,"[9090, 5810, 1260, 11150]"
2020-11-03 21:55:00+00:00,12870,0,10.0,"[90, 40, 2700, 160, 240, 50, 20, 220, 8270, 1080]"
2020-11-03 22:00:00+00:00,410,0,2.0,"[40, 370]"
2020-11-03 22:05:00+00:00,375670,1,16.0,"[1110, 2030, 1410, 358230, 1530, 330, 270, 2470, 20, 370, 1080, 1230, 1500, 1050, 90, 2950]"
2020-11-03 22:10:00+00:00,21160,0,16.0,"[520, 1620, 3890, 470, 100, 140, 580, 1630, 100, 4430, 240, 2480, 4190, 280, 300, 190]"
2020-11-03 22:15:00+00:00,4630,0,16.0,"[0, 40, 240, 90, 180, 100, 90, 210, 1230, 20, 20, 670, 580, 260, 160, 740]"
2020-11-03 22:20:00+00:00,24960,1,18.0,"[1410, 2560, 210, 1620, 500, 1700, 940, 290, 280, 7300, 80, 110, 640, 100, 660, 40, 4500, 2020]"
2020-11-03 22:25:00+00:00,13370,0,15.0,"[20, 1570, 280, 360, 1190, 940, 60, 4470, 590, 760, 1160, 1030, 380, 470, 90]"
2020-11-03 22:30:00+00:00,37210,0,18.0,"[8270, 3380, 1200, 1390, 20, 340, 70, 670, 740, 580, 13630, 100, 1900, 1360, 120, 2780, 400, 260]"
2020-11-03 22:35:00+00:00,11200,0,9.0,"[6120, 70, 160, 140, 3370, 230, 100, 460, 550]"
2020-11-03 22:40:00+00:00,11940,0,15.0,"[660, 10, 180, 40, 1210, 1460, 460, 40, 4370, 600, 40, 1270, 1510, 50, 40]"
2020-11-03 22:45:00+00:00,4160,0,10.0,"[70, 1420, 600, 70, 120, 520, 940, 40, 360, 20]"
2020-11-03 22:50:00+00:00,2970,0,9.0,"[370, 210, 40, 30, 260, 100, 20, 1350, 590]"
2020-11-03 22:55:00+00:00,2330,0,8.0,"[10, 270, 190, 280, 50, 1280, 170, 80]"
2020-11-03 23:00:00+00:00,7300,0,7.0,"[70, 1300, 1290, 2850, 80, 1470, 240]"
2020-11-03 23:05:00+00:00,9700,0,6.0,"[1220, 870, 1460, 160, 2540, 3450]"
2020-11-03 23:10:00+00:00,41480,0,10.0,"[3260, 5770, 240, 70, 60, 17500, 5480, 340, 80, 8680]"
2020-11-03 23:15:00+00:00,18260,0,10.0,"[2060, 350, 1380, 610, 60, 780, 620, 11220, 250, 930]"
2020-11-03 23:20:00+00:00,7550,0,5.0,"[90, 6720, 660, 10, 70]"
2020-11-03 23:25:00+00:00,1260,0,5.0,"[940, 170, 10, 20, 120]"
2020-11-03 23:30:00+00:00,14740,0,3.0,"[13360, 400, 980]"
2020-11-03 23:35:00+00:00,13830,1,7.0,"[320, 880, 3140, 360, 4120, 4710, 300]"
2020-11-03 23:40:00+00:00,37340,0,17.0,"[370, 80, 1060, 3190, 1820, 130, 300, 3190, 1970, 130, 10, 550, 15560, 1550, 4690, 50, 2690]"
2020-11-03 23:45:00+00:00,104730,2,22.0,"[35120, 5040, 290, 3850, 380, 1050, 1160, 6880, 4580, 6370, 20, 18750, 4170, 2090, 60, 3360, 1030, 8210, 330, 300, 810, 880]"
2020-11-03 23:50:00+00:00,13470,0,10.0,"[560, 5100, 710, 10, 100, 120, 890, 100, 5050, 830]"
2020-11-03 23:55:00+00:00,44370,0,11.0,"[5280, 19720, 80, 80, 9200, 3740, 3670, 60, 390, 1580, 570]"
2020-11-04 00:00:00+00:00,4860,0,8.0,"[100, 380, 1800, 380, 220, 100, 1560, 320]"
2020-11-04 00:05:00+00:00,2670,0,6.0,"[310, 40, 1040, 290, 300, 690]"
2020-11-04 00:10:00+00:00,380,0,3.0,"[30, 150, 200]"
2020-11-04 00:15:00+00:00,3130,0,4.0,"[0, 90, 1180, 1860]"
2020-11-04 00:20:00+00:00,1790,0,3.0,"[600, 270, 920]"
2020-11-04 00:25:00+00:00,510,0,1.0,[510]
2020-11-04 00:30:00+00:00,60780,1,4.0,"[58850, 1660, 130, 140]"
2020-11-04 00:35:00+00:00,1490,0,2.0,"[530, 960]"
2020-11-04 00:40:00+00:00,110,0,1.0,[110]
2020-11-04 00:45:00+00:00,3130,0,2.0,"[660, 2470]"
2020-11-04 00:50:00+00:00,0,0,0.0,[]
2020-11-04 00:55:00+00:00,2660,0,3.0,"[320, 510, 1830]"
2020-11-04 01:00:00+00:00,4810,0,3.0,"[160, 4490, 160]"
2020-11-04 01:05:00+00:00,4920,0,2.0,"[1060, 3860]"
2020-11-04 01:10:00+00:00,9780,0,3.0,"[8490, 970, 320]"
2020-11-04 01:15:00+00:00,0,0,0.0,[]
2020-11-04 01:20:00+00:00,150,0,3.0,"[120, 30, 0]"
2020-11-04 01:25:00+00:00,450,0,2.0,"[410, 40]"
2020-11-04 01:30:00+00:00,2320,0,4.0,"[1560, 330, 20, 410]"
2020-11-04 01:35:00+00:00,0,0,0.0,[]
2020-11-04 01:40:00+00:00,0,0,0.0,[]
2020-11-04 01:45:00+00:00,20,0,1.0,[20]
2020-11-04 01:50:00+00:00,50,0,2.0,"[30, 20]"
2020-11-04 01:55:00+00:00,0,0,1.0,[0]
2020-11-04 02:00:00+00:00,12090,0,2.0,"[370, 11720]"
2020-11-04 02:05:00+00:00,3670,0,1.0,[3670]
2020-11-04 02:10:00+00:00,120,0,1.0,[120]
2020-11-04 02:15:00+00:00,0,0,0.0,[]
2020-11-04 02:20:00+00:00,2670,0,1.0,[2670]
2020-11-04 02:25:00+00:00,1000,0,2.0,"[910, 90]"
2020-11-04 02:30:00+00:00,0,0,0.0,[]
2020-11-04 02:35:00+00:00,0,0,0.0,[]
2020-11-04 02:40:00+00:00,40,0,2.0,"[20, 20]"
2020-11-04 02:45:00+00:00,410,0,1.0,[410]
2020-11-04 02:50:00+00:00,990,0,1.0,[990]
2020-11-04 02:55:00+00:00,210,0,1.0,[210]
2020-11-04 03:00:00+00:00,30,0,1.0,[30]
2020-11-04 03:05:00+00:00,11980,0,1.0,[11980]
2020-11-04 03:10:00+00:00,80,0,1.0,[80]
2020-11-04 03:15:00+00:00,670,0,1.0,[670]
2020-11-04 03:20:00+00:00,780,0,1.0,[780]
2020-11-04 03:25:00+00:00,0,0,0.0,[]
2020-11-04 03:30:00+00:00,2000,0,2.0,"[2000, 0]"
2020-11-04 03:35:00+00:00,0,0,0.0,[]
2020-11-04 03:40:00+00:00,5030,0,2.0,"[0, 5030]"
2020-11-04 03:45:00+00:00,0,0,0.0,[]
2020-11-04 03:50:00+00:00,100,0,1.0,[100]
2020-11-04 03:55:00+00:00,0,0,0.0,[]
2020-11-04 04:00:00+00:00,40,0,1.0,[40]
2020-11-04 04:05:00+00:00,0,0,0.0,[]
2020-11-04 04:10:00+00:00,0,0,0.0,[]
2020-11-04 04:15:00+00:00,90,0,2.0,"[40, 50]"
2020-11-04 04:20:00+00:00,380,0,1.0,[380]
2020-11-04 04:25:00+00:00,0,0,0.0,[]
2020-11-04 04:30:00+00:00,0,0,0.0,[]
2020-11-04 04:35:00+00:00,300,0,1.0,[300]
2020-11-04 04:40:00+00:00,11020,0,3.0,"[1680, 0, 9340]"
2020-11-04 04:45:00+00:00,410,0,1.0,[410]
2020-11-04 04:50:00+00:00,0,0,0.0,[]
2020-11-04 04:55:00+00:00,0,0,0.0,[]
2020-11-04 05:00:00+00:00,200,0,2.0,"[100, 100]"
2020-11-04 05:05:00+00:00,1680,0,3.0,"[70, 30, 1580]"
2020-11-04 05:10:00+00:00,0,0,0.0,[]
2020-11-04 05:15:00+00:00,0,0,0.0,[]
2020-11-04 05:20:00+00:00,0,0,0.0,[]
2020-11-04 05:25:00+00:00,0,0,0.0,[]
2020-11-04 05:30:00+00:00,0,0,0.0,[]
2020-11-04 05:35:00+00:00,420,0,1.0,[420]
2020-11-04 05:40:00+00:00,0,0,0.0,[]
2020-11-04 05:45:00+00:00,1600,0,1.0,[1600]
2020-11-04 05:50:00+00:00,0,0,0.0,[]
2020-11-04 05:55:00+00:00,3960,0,1.0,[3960]
2020-11-04 06:00:00+00:00,0,0,0.0,[]
2020-11-04 06:05:00+00:00,0,0,0.0,[]
2020-11-04 06:10:00+00:00,210,0,1.0,[210]
2020-11-04 06:15:00+00:00,0,0,0.0,[]
2020-11-04 06:20:00+00:00,0,0,0.0,[]
2020-11-04 06:25:00+00:00,0,0,0.0,[]
2020-11-04 06:30:00+00:00,0,0,0.0,[]
2020-11-04 06:35:00+00:00,0,0,0.0,[]
2020-11-04 06:40:00+00:00,80,0,2.0,"[20, 60]"
2020-11-04 06:45:00+00:00,140,0,1.0,[140]
2020-11-04 06:50:00+00:00,0,0,0.0,[]
2020-11-04 06:55:00+00:00,4420,0,2.0,"[170, 4250]"
2020-11-04 07:00:00+00:00,0,0,0.0,[]
2020-11-04 07:05:00+00:00,13130,1,1.0,[13130]
2020-11-04 07:10:00+00:00,0,0,0.0,[]
2020-11-04 07:15:00+00:00,0,0,0.0,[]
2020-11-04 07:20:00+00:00,0,0,0.0,[]
2020-11-04 07:25:00+00:00,9440,0,4.0,"[1440, 1990, 990, 5020]"
2020-11-04 07:30:00+00:00,0,0,0.0,[]
2020-11-04 07:35:00+00:00,0,0,0.0,[]
2020-11-04 07:40:00+00:00,750,0,2.0,"[750, 0]"
2020-11-04 07:45:00+00:00,220,0,1.0,[220]
2020-11-04 07:50:00+00:00,1580,0,2.0,"[1560, 20]"
2020-11-04 07:55:00+00:00,0,0,0.0,[]
2020-11-04 08:00:00+00:00,1050,0,1.0,[1050]
2020-11-04 08:05:00+00:00,2690,0,1.0,[2690]
2020-11-04 08:10:00+00:00,15050,0,2.0,"[13680, 1370]"
2020-11-04 08:15:00+00:00,0,0,0.0,[]
2020-11-04 08:20:00+00:00,4510,0,3.0,"[110, 3260, 1140]"
2020-11-04 08:25:00+00:00,3000,0,2.0,"[130, 2870]"
2020-11-04 08:30:00+00:00,5230,0,3.0,"[200, 2500, 2530]"
2020-11-04 08:35:00+00:00,5650,0,4.0,"[1900, 960, 2220, 570]"
2020-11-04 08:40:00+00:00,10,0,1.0,[10]
2020-11-04 08:45:00+00:00,19690,0,3.0,"[13720, 5870, 100]"
2020-11-04 08:50:00+00:00,2120,0,2.0,"[530, 1590]"
2020-11-04 08:55:00+00:00,290,0,1.0,[290]
2020-11-04 09:00:00+00:00,3010,0,2.0,"[330, 2680]"
2020-11-04 09:05:00+00:00,3160,0,4.0,"[2560, 0, 40, 560]"
2020-11-04 09:10:00+00:00,710,0,1.0,[710]
2020-11-04 09:15:00+00:00,40,0,1.0,[40]
2020-11-04 09:20:00+00:00,60,0,1.0,[60]
2020-11-04 09:25:00+00:00,60,0,1.0,[60]
2020-11-04 09:30:00+00:00,2940,0,5.0,"[720, 160, 80, 850, 1130]"
2020-11-04 09:35:00+00:00,1360,0,3.0,"[10, 30, 1320]"
2020-11-04 09:40:00+00:00,5990,0,1.0,[5990]
2020-11-04 09:45:00+00:00,3060,0,1.0,[3060]
2020-11-04 09:50:00+00:00,3960,0,2.0,"[2200, 1760]"
2020-11-04 09:55:00+00:00,1500,0,1.0,[1500]
2020-11-04 10:00:00+00:00,1080,0,3.0,"[250, 110, 720]"
2020-11-04 10:05:00+00:00,170,0,2.0,"[160, 10]"
2020-11-04 10:10:00+00:00,0,0,0.0,[]
2020-11-04 10:15:00+00:00,400,0,1.0,[400]
2020-11-04 10:20:00+00:00,260,0,1.0,[260]
2020-11-04 10:25:00+00:00,2090,0,1.0,[2090]
2020-11-04 10:30:00+00:00,250,0,1.0,[250]
2020-11-04 10:35:00+00:00,1500,0,2.0,"[1040, 460]"
2020-11-04 10:40:00+00:00,2000,0,3.0,"[1560, 40, 400]"
2020-11-04 10:45:00+00:00,0,0,0.0,[]
2020-11-04 10:50:00+00:00,120,0,1.0,[120]
2020-11-04 10:55:00+00:00,0,0,1.0,[0]
2020-11-04 11:00:00+00:00,0,0,0.0,[]
2020-11-04 11:05:00+00:00,0,0,0.0,[]
2020-11-04 11:10:00+00:00,0,0,0.0,[]
2020-11-04 11:15:00+00:00,0,0,0.0,[]
2020-11-04 11:20:00+00:00,20,0,1.0,[20]
2020-11-04 11:25:00+00:00,0,0,0.0,[]
2020-11-04 11:30:00+00:00,0,0,0.0,[]
2020-11-04 11:35:00+00:00,300,0,3.0,"[60, 230, 10]"
2020-11-04 11:40:00+00:00,0,0,0.0,[]
2020-11-04 11:45:00+00:00,30,0,1.0,[30]
2020-11-04 11:50:00+00:00,0,0,1.0,[0]
2020-11-04 11:55:00+00:00,0,0,0.0,[]
2020-11-04 12:00:00+00:00,0,0,0.0,[]
2020-11-04 12:05:00+00:00,1450,0,1.0,[1450]
2020-11-04 12:10:00+00:00,0,0,0.0,[]
2020-11-04 12:15:00+00:00,0,0,0.0,[]
2020-11-04 12:20:00+00:00,170,0,1.0,[170]
2020-11-04 12:25:00+00:00,110,0,1.0,[110]
2020-11-04 12:30:00+00:00,0,0,0.0,[]
2020-11-04 12:35:00+00:00,4680,0,1.0,[4680]
2020-11-04 12:40:00+00:00,1670,0,1.0,[1670]
2020-11-04 12:45:00+00:00,50,0,2.0,"[50, 0]"
2020-11-04 12:50:00+00:00,30,0,1.0,[30]
2020-11-04 12:55:00+00:00,2590,0,1.0,[2590]
2020-11-04 13:00:00+00:00,0,0,0.0,[]
2020-11-04 13:05:00+00:00,0,0,0.0,[]
2020-11-04 13:10:00+00:00,0,0,0.0,[]
2020-11-04 13:15:00+00:00,20,0,1.0,[20]
2020-11-04 13:20:00+00:00,0,0,0.0,[]
2020-11-04 13:25:00+00:00,0,0,0.0,[]
2020-11-04 13:30:00+00:00,0,0,0.0,[]
2020-11-04 13:35:00+00:00,770,0,1.0,[770]
2020-11-04 13:40:00+00:00,160,0,1.0,[160]
2020-11-04 13:45:00+00:00,100,0,1.0,[100]
2020-11-04 13:50:00+00:00,0,0,0.0,[]
2020-11-04 13:55:00+00:00,0,0,0.0,[]
2020-11-04 14:00:00+00:00,0,0,0.0,[]
2020-11-04 14:05:00+00:00,0,0,0.0,[]
2020-11-04 14:10:00+00:00,2470,0,1.0,[2470]
2020-11-04 14:15:00+00:00,670,0,1.0,[670]
2020-11-04 14:20:00+00:00,0,0,0.0,[]
2020-11-04 14:25:00+00:00,0,0,0.0,[]
2020-11-04 14:30:00+00:00,0,0,0.0,[]
2020-11-04 14:35:00+00:00,0,0,0.0,[]
2020-11-04 14:40:00+00:00,0,0,0.0,[]
2020-11-04 14:45:00+00:00,0,0,0.0,[]
2020-11-04 14:50:00+00:00,10,0,1.0,[10]
2020-11-04 14:55:00+00:00,0,0,0.0,[]
2020-11-04 15:00:00+00:00,0,0,0.0,[]
2020-11-04 15:05:00+00:00,5140,0,1.0,[5140]
2020-11-04 15:10:00+00:00,0,0,0.0,[]
2020-11-04 15:15:00+00:00,0,0,0.0,[]
2020-11-04 15:20:00+00:00,0,0,0.0,[]
2020-11-04 15:25:00+00:00,280,0,1.0,[280]
2020-11-04 15:30:00+00:00,0,0,0.0,[]
2020-11-04 15:35:00+00:00,0,0,0.0,[]
2020-11-04 15:40:00+00:00,0,0,0.0,[]
2020-11-04 15:45:00+00:00,0,0,0.0,[]
2020-11-04 15:50:00+00:00,80,0,1.0,[80]
2020-11-04 15:55:00+00:00,1850,0,1.0,[1850]
2020-11-04 16:00:00+00:00,0,0,0.0,[]
2020-11-04 16:05:00+00:00,140,0,1.0,[140]
2020-11-04 16:10:00+00:00,0,0,0.0,[]
2020-11-04 16:15:00+00:00,0,0,0.0,[]
2020-11-04 16:20:00+00:00,0,0,0.0,[]
2020-11-04 16:25:00+00:00,0,0,0.0,[]
2020-11-04 16:30:00+00:00,0,0,0.0,[]
2020-11-04 16:35:00+00:00,0,0,0.0,[]
2020-11-04 16:40:00+00:00,0,0,0.0,[]
2020-11-04 16:45:00+00:00,210,0,1.0,[210]
2020-11-04 16:50:00+00:00,0,0,0.0,[]
2020-11-04 16:55:00+00:00,620,0,1.0,[620]
2020-11-04 17:00:00+00:00,660,0,1.0,[660]
2020-11-04 17:05:00+00:00,0,0,0.0,[]
2020-11-04 17:10:00+00:00,0,0,0.0,[]
2020-11-04 17:15:00+00:00,0,0,0.0,[]
2020-11-04 17:20:00+00:00,2330,0,2.0,"[0, 2330]"
2020-11-04 17:25:00+00:00,0,0,0.0,[]
2020-11-04 17:30:00+00:00,0,0,0.0,[]
2020-11-04 17:35:00+00:00,0,0,0.0,[]
2020-11-04 17:40:00+00:00,0,0,0.0,[]
2020-11-04 17:45:00+00:00,0,0,0.0,[]
2020-11-04 17:50:00+00:00,0,0,0.0,[]
2020-11-04 17:55:00+00:00,0,0,0.0,[]
2020-11-04 18:00:00+00:00,350,0,1.0,[350]
2020-11-04 18:05:00+00:00,13400,0,1.0,[13400]
2020-11-04 18:10:00+00:00,790,0,3.0,"[420, 60, 310]"
2020-11-04 18:15:00+00:00,100,0,1.0,[100]
2020-11-04 18:20:00+00:00,0,0,0.0,[]
2020-11-04 18:25:00+00:00,0,0,0.0,[]
2020-11-04 18:30:00+00:00,2950,0,1.0,[2950]
2020-11-04 18:35:00+00:00,650,0,1.0,[650]
2020-11-04 18:40:00+00:00,40,0,1.0,[40]
2020-11-04 18:45:00+00:00,430,0,1.0,[430]
2020-11-04 18:50:00+00:00,1450,0,1.0,[1450]
2020-11-04 18:55:00+00:00,0,0,0.0,[]
2020-11-04 19:00:00+00:00,0,0,1.0,[0]
2020-11-04 19:05:00+00:00,1110,0,1.0,[1110]
2020-11-04 19:10:00+00:00,0,0,0.0,[]
2020-11-04 19:15:00+00:00,0,0,0.0,[]
2020-11-04 19:20:00+00:00,0,0,0.0,[]
2020-11-04 19:25:00+00:00,0,0,0.0,[]
2020-11-04 19:30:00+00:00,14950,0,3.0,"[13670, 200, 1080]"
2020-11-04 19:35:00+00:00,0,0,0.0,[]
2020-11-04 19:40:00+00:00,19260,0,2.0,"[18200, 1060]"
2020-11-04 19:45:00+00:00,0,0,0.0,[]
2020-11-04 19:50:00+00:00,0,0,0.0,[]
2020-11-04 19:55:00+00:00,3250,0,1.0,[3250]
2020-11-04 20:00:00+00:00,50,0,1.0,[50]
2020-11-04 20:05:00+00:00,0,0,0.0,[]
2020-11-04 20:10:00+00:00,1520,0,1.0,[1520]
2020-11-04 20:15:00+00:00,12230,0,1.0,[12230]
2020-11-04 20:20:00+00:00,0,0,0.0,[]
2020-11-04 20:25:00+00:00,0,0,0.0,[]
2020-11-04 20:30:00+00:00,0,0,0.0,[]
2020-11-04 20:35:00+00:00,0,0,0.0,[]
2020-11-04 20:40:00+00:00,0,0,0.0,[]
2020-11-04 20:45:00+00:00,0,0,0.0,[]
2020-11-04 20:50:00+00:00,0,0,0.0,[]
2020-11-04 20:55:00+00:00,40,0,1.0,[40]
2020-11-04 21:00:00+00:00,0,0,0.0,[]
2020-11-04 21:05:00+00:00,40,0,1.0,[40]
2020-11-04 21:10:00+00:00,220,0,1.0,[220]
2020-11-04 21:15:00+00:00,0,0,0.0,[]
2020-11-04 21:20:00+00:00,0,0,0.0,[]
2020-11-04 21:25:00+00:00,0,0,0.0,[]
2020-11-04 21:30:00+00:00,0,0,0.0,[]
2020-11-04 21:35:00+00:00,0,0,0.0,[]
2020-11-04 21:40:00+00:00,0,0,0.0,[]
2020-11-04 21:45:00+00:00,0,0,0.0,[]
2020-11-04 21:50:00+00:00,0,0,0.0,[]
2020-11-04 21:55:00+00:00,0,0,0.0,[]
2020-11-04 22:00:00+00:00,0,0,0.0,[]
2020-11-04 22:05:00+00:00,0,0,0.0,[]
2020-11-04 22:10:00+00:00,0,0,0.0,[]
2020-11-04 22:15:00+00:00,0,0,1.0,[0]
2020-11-04 22:20:00+00:00,0,0,0.0,[]
2020-11-04 22:25:00+00:00,0,0,0.0,[]
2020-11-04 22:30:00+00:00,0,0,0.0,[]
2020-11-04 22:35:00+00:00,0,0,0.0,[]
2020-11-04 22:40:00+00:00,0,0,0.0,[]
2020-11-04 22:45:00+00:00,0,0,0.0,[]
2020-11-04 22:50:00+00:00,0,0,1.0,[0]
2020-11-04 22:55:00+00:00,0,0,0.0,[]
2020-11-04 23:00:00+00:00,2740,0,2.0,"[2190, 550]"
2020-11-04 23:05:00+00:00,0,0,0.0,[]
2020-11-04 23:10:00+00:00,0,0,0.0,[]
2020-11-04 23:15:00+00:00,0,0,0.0,[]
2020-11-04 23:20:00+00:00,0,0,0.0,[]
2020-11-04 23:25:00+00:00,0,0,0.0,[]
2020-11-04 23:30:00+00:00,0,0,0.0,[]
2020-11-04 23:35:00+00:00,0,0,0.0,[]
2020-11-04 23:40:00+00:00,0,0,0.0,[]
2020-11-04 23:45:00+00:00,0,0,0.0,[]
2020-11-04 23:50:00+00:00,0,0,0.0,[]
2020-11-04 23:55:00+00:00,0,0,0.0,[]
2020-11-05 00:00:00+00:00,0,0,0.0,[]
2020-11-05 00:05:00+00:00,0,0,0.0,[]
2020-11-05 00:10:00+00:00,0,0,0.0,[]
2020-11-05 00:15:00+00:00,0,0,0.0,[]
2020-11-05 00:20:00+00:00,0,0,0.0,[]
2020-11-05 00:25:00+00:00,0,0,0.0,[]
2020-11-05 00:30:00+00:00,0,0,0.0,[]
2020-11-05 00:35:00+00:00,0,0,0.0,[]
2020-11-05 00:40:00+00:00,0,0,0.0,[]
2020-11-05 00:45:00+00:00,5960,0,2.0,"[5480, 480]"
2020-11-05 00:50:00+00:00,0,0,0.0,[]
2020-11-05 00:55:00+00:00,2850,0,1.0,[2850]
2020-11-05 01:00:00+00:00,0,0,0.0,[]
2020-11-05 01:05:00+00:00,0,0,0.0,[]
2020-11-05 01:10:00+00:00,0,0,0.0,[]
2020-11-05 01:15:00+00:00,0,0,0.0,[]
2020-11-05 01:20:00+00:00,0,0,0.0,[]
2020-11-05 01:25:00+00:00,0,0,0.0,[]
2020-11-05 01:30:00+00:00,0,0,0.0,[]
2020-11-05 01:35:00+00:00,60,0,1.0,[60]
2020-11-05 01:40:00+00:00,2560,0,1.0,[2560]
2020-11-05 01:45:00+00:00,0,0,0.0,[]
2020-11-05 01:50:00+00:00,0,0,0.0,[]
2020-11-05 01:55:00+00:00,0,0,0.0,[]
2020-11-05 02:00:00+00:00,0,0,0.0,[]
2020-11-05 02:05:00+00:00,40,0,1.0,[40]
2020-11-05 02:10:00+00:00,0,0,0.0,[]
2020-11-05 02:15:00+00:00,0,0,0.0,[]
2020-11-05 02:20:00+00:00,0,0,0.0,[]
2020-11-05 02:25:00+00:00,0,0,0.0,[]
2020-11-05 02:30:00+00:00,0,0,0.0,[]
2020-11-05 02:35:00+00:00,0,0,0.0,[]
2020-11-05 02:40:00+00:00,0,0,0.0,[]
2020-11-05 02:45:00+00:00,0,0,0.0,[]
2020-11-05 02:50:00+00:00,0,0,0.0,[]
2020-11-05 02:55:00+00:00,0,0,0.0,[]
2020-11-05 03:00:00+00:00,0,0,0.0,[]
2020-11-05 03:05:00+00:00,0,0,0.0,[]
2020-11-05 03:10:00+00:00,0,0,0.0,[]
2020-11-05 03:15:00+00:00,0,0,0.0,[]
2020-11-05 03:20:00+00:00,0,0,0.0,[]
2020-11-05 03:25:00+00:00,0,0,0.0,[]
2020-11-05 03:30:00+00:00,0,0,0.0,[]
2020-11-05 03:35:00+00:00,0,0,0.0,[]
2020-11-05 03:40:00+00:00,0,0,0.0,[]
2020-11-05 03:45:00+00:00,0,0,0.0,[]
2020-11-05 03:50:00+00:00,0,0,0.0,[]
2020-11-05 03:55:00+00:00,0,0,0.0,[]
2020-11-05 04:00:00+00:00,70,0,1.0,[70]
2020-11-05 04:05:00+00:00,0,0,0.0,[]
2020-11-05 04:10:00+00:00,0,0,0.0,[]
2020-11-05 04:15:00+00:00,0,0,0.0,[]
2020-11-05 04:20:00+00:00,0,0,0.0,[]
2020-11-05 04:25:00+00:00,0,0,0.0,[]
2020-11-05 04:30:00+00:00,6120,0,1.0,[6120]
2020-11-05 04:35:00+00:00,0,0,0.0,[]
2020-11-05 04:40:00+00:00,0,0,0.0,[]
2020-11-05 04:45:00+00:00,0,0,0.0,[]
2020-11-05 04:50:00+00:00,0,0,0.0,[]
2020-11-05 04:55:00+00:00,0,0,0.0,[]
2020-11-05 05:00:00+00:00,0,0,0.0,[]
2020-11-05 05:05:00+00:00,0,0,0.0,[]
2020-11-05 05:10:00+00:00,0,0,0.0,[]
2020-11-05 05:15:00+00:00,0,0,0.0,[]
2020-11-05 05:20:00+00:00,0,0,0.0,[]
2020-11-05 05:25:00+00:00,0,0,0.0,[]
2020-11-05 05:30:00+00:00,0,0,0.0,[]
2020-11-05 05:35:00+00:00,0,0,0.0,[]
2020-11-05 05:40:00+00:00,0,0,0.0,[]
2020-11-05 05:45:00+00:00,0,0,0.0,[]
2020-11-05 05:50:00+00:00,0,0,0.0,[]
2020-11-05 05:55:00+00:00,700,0,3.0,"[210, 430, 60]"
2020-11-05 06:00:00+00:00,0,0,0.0,[]
2020-11-05 06:05:00+00:00,90,0,1.0,[90]
2020-11-05 06:10:00+00:00,0,0,0.0,[]
2020-11-05 06:15:00+00:00,0,0,0.0,[]
2020-11-05 06:20:00+00:00,0,0,0.0,[]
2020-11-05 06:25:00+00:00,0,0,0.0,[]
2020-11-05 06:30:00+00:00,0,0,0.0,[]
2020-11-05 06:35:00+00:00,1840,0,2.0,"[350, 1490]"
2020-11-05 06:40:00+00:00,0,0,0.0,[]
2020-11-05 06:45:00+00:00,0,0,0.0,[]
2020-11-05 06:50:00+00:00,4050,0,2.0,"[430, 3620]"
2020-11-05 06:55:00+00:00,30,0,1.0,[30]
2020-11-05 07:00:00+00:00,0,0,0.0,[]
2020-11-05 07:05:00+00:00,0,0,0.0,[]
2020-11-05 07:10:00+00:00,0,0,0.0,[]
2020-11-05 07:15:00+00:00,0,0,0.0,[]
2020-11-05 07:20:00+00:00,0,0,0.0,[]
2020-11-05 07:25:00+00:00,710,0,1.0,[710]
2020-11-05 07:30:00+00:00,0,0,0.0,[]
2020-11-05 07:35:00+00:00,0,0,0.0,[]
2020-11-05 07:40:00+00:00,0,0,0.0,[]
2020-11-05 07:45:00+00:00,0,0,0.0,[]
2020-11-05 07:50:00+00:00,7200,0,1.0,[7200]
2020-11-05 07:55:00+00:00,0,0,0.0,[]
2020-11-05 08:00:00+00:00,0,0,0.0,[]
2020-11-05 08:05:00+00:00,3290,0,1.0,[3290]
2020-11-05 08:10:00+00:00,0,0,0.0,[]
2020-11-05 08:15:00+00:00,200,0,1.0,[200]
2020-11-05 08:20:00+00:00,0,0,0.0,[]
2020-11-05 08:25:00+00:00,0,0,0.0,[]
2020-11-05 08:30:00+00:00,460,0,1.0,[460]
2020-11-05 08:35:00+00:00,11270,0,1.0,[11270]
2020-11-05 08:40:00+00:00,340,0,1.0,[340]
2020-11-05 08:45:00+00:00,80,0,1.0,[80]
2020-11-05 08:50:00+00:00,0,0,1.0,[0]
2020-11-05 08:55:00+00:00,0,0,0.0,[]
2020-11-05 09:00:00+00:00,0,0,0.0,[]
2020-11-05 09:05:00+00:00,7300,0,1.0,[7300]
2020-11-05 09:10:00+00:00,0,0,0.0,[]
2020-11-05 09:15:00+00:00,1360,0,1.0,[1360]
2020-11-05 09:20:00+00:00,440,0,1.0,[440]
2020-11-05 09:25:00+00:00,630,0,2.0,"[90, 540]"
2020-11-05 09:30:00+00:00,600,0,3.0,"[40, 540, 20]"
2020-11-05 09:35:00+00:00,4800,0,1.0,[4800]
2020-11-05 09:40:00+00:00,0,0,0.0,[]
2020-11-05 09:45:00+00:00,0,0,0.0,[]
2020-11-05 09:50:00+00:00,0,0,0.0,[]
2020-11-05 09:55:00+00:00,50,0,1.0,[50]
2020-11-05 10:00:00+00:00,30,0,1.0,[30]
2020-11-05 10:05:00+00:00,0,0,0.0,[]
2020-11-05 10:10:00+00:00,0,0,0.0,[]
2020-11-05 10:15:00+00:00,0,0,0.0,[]
2020-11-05 10:20:00+00:00,110,0,1.0,[110]
2020-11-05 10:25:00+00:00,0,0,0.0,[]
2020-11-05 10:30:00+00:00,0,0,0.0,[]
2020-11-05 10:35:00+00:00,510,0,1.0,[510]
2020-11-05 10:40:00+00:00,0,0,0.0,[]
2020-11-05 10:45:00+00:00,1350,0,2.0,"[790, 560]"
2020-11-05 10:50:00+00:00,0,0,0.0,[]
2020-11-05 10:55:00+00:00,0,0,0.0,[]
2020-11-05 11:00:00+00:00,20,0,1.0,[20]
2020-11-05 11:05:00+00:00,560,0,1.0,[560]
2020-11-05 11:10:00+00:00,440,0,1.0,[440]
2020-11-05 11:15:00+00:00,290,0,1.0,[290]
2020-11-05 11:20:00+00:00,0,0,0.0,[]
2020-11-05 11:25:00+00:00,3150,0,1.0,[3150]
2020-11-05 11:30:00+00:00,11300,0,3.0,"[10, 5990, 5300]"
2020-11-05 11:35:00+00:00,210,0,1.0,[210]
2020-11-05 11:40:00+00:00,3860,0,1.0,[3860]
2020-11-05 11:45:00+00:00,1820,0,2.0,"[560, 1260]"
2020-11-05 11:50:00+00:00,20,0,1.0,[20]
2020-11-05 11:55:00+00:00,0,0,0.0,[]
2020-11-05 12:00:00+00:00,780,0,2.0,"[690, 90]"
2020-11-05 12:05:00+00:00,0,0,0.0,[]
2020-11-05 12:10:00+00:00,0,0,0.0,[]
2020-11-05 12:15:00+00:00,1960,0,1.0,[1960]
2020-11-05 12:20:00+00:00,0,0,0.0,[]
2020-11-05 12:25:00+00:00,0,0,0.0,[]
2020-11-05 12:30:00+00:00,940,0,1.0,[940]
2020-11-05 12:35:00+00:00,180,0,1.0,[180]
2020-11-05 12:40:00+00:00,0,0,0.0,[]
2020-11-05 12:45:00+00:00,890,0,2.0,"[120, 770]"
2020-11-05 12:50:00+00:00,0,0,0.0,[]
2020-11-05 12:55:00+00:00,10,0,1.0,[10]
2020-11-05 13:00:00+00:00,0,0,0.0,[]
2020-11-05 13:05:00+00:00,0,0,0.0,[]
2020-11-05 13:10:00+00:00,0,0,0.0,[]
2020-11-05 13:15:00+00:00,0,0,0.0,[]
2020-11-05 13:20:00+00:00,0,0,0.0,[]
2020-11-05 13:25:00+00:00,70,0,1.0,[70]
2020-11-05 13:30:00+00:00,0,0,0.0,[]
2020-11-05 13:35:00+00:00,0,0,0.0,[]
2020-11-05 13:40:00+00:00,0,0,0.0,[]
2020-11-05 13:45:00+00:00,260,0,1.0,[260]
2020-11-05 13:50:00+00:00,0,0,0.0,[]
2020-11-05 13:55:00+00:00,1699560,1,17.0,"[1644710, 1200, 1150, 2950, 980, 3030, 50, 290, 2680, 12930, 980, 370, 6260, 20350, 990, 60, 580]"
2020-11-05 14:00:00+00:00,7300,0,4.0,"[5630, 0, 1050, 620]"
2020-11-05 14:05:00+00:00,860,0,2.0,"[380, 480]"
2020-11-05 14:10:00+00:00,5650,0,4.0,"[3220, 60, 240, 2130]"
2020-11-05 14:15:00+00:00,1570,0,3.0,"[880, 230, 460]"
2020-11-05 14:20:00+00:00,0,0,0.0,[]
2020-11-05 14:25:00+00:00,2740,0,1.0,[2740]
2020-11-05 14:30:00+00:00,110090,0,1.0,[110090]
2020-11-05 14:35:00+00:00,0,0,0.0,[]
2020-11-05 14:40:00+00:00,840,0,1.0,[840]
2020-11-05 14:45:00+00:00,19980,0,1.0,[19980]
2020-11-05 14:50:00+00:00,0,0,0.0,[]
2020-11-05 14:55:00+00:00,16340,0,4.0,"[1840, 40, 0, 14460]"
2020-11-05 15:00:00+00:00,0,0,0.0,[]
2020-11-05 15:05:00+00:00,0,0,0.0,[]
2020-11-05 15:10:00+00:00,0,0,0.0,[]
2020-11-05 15:15:00+00:00,0,0,0.0,[]
2020-11-05 15:20:00+00:00,0,0,0.0,[]
2020-11-05 15:25:00+00:00,150,0,1.0,[150]
2020-11-05 15:30:00+00:00,0,0,0.0,[]
2020-11-05 15:35:00+00:00,0,0,0.0,[]
2020-11-05 15:40:00+00:00,4180,0,1.0,[4180]
2020-11-05 15:45:00+00:00,2590,0,2.0,"[2430, 160]"
2020-11-05 15:50:00+00:00,2210,0,2.0,"[1140, 1070]"
2020-11-05 15:55:00+00:00,0,0,0.0,[]
2020-11-05 16:00:00+00:00,370,0,1.0,[370]
2020-11-05 16:05:00+00:00,720,0,1.0,[720]
2020-11-05 16:10:00+00:00,30,0,1.0,[30]
2020-11-05 16:15:00+00:00,0,0,0.0,[]
2020-11-05 16:20:00+00:00,0,0,0.0,[]
2020-11-05 16:25:00+00:00,0,0,0.0,[]
2020-11-05 16:30:00+00:00,0,0,0.0,[]
2020-11-05 16:35:00+00:00,0,0,0.0,[]
2020-11-05 16:40:00+00:00,0,0,0.0,[]
2020-11-05 16:45:00+00:00,3400,0,1.0,[3400]
2020-11-05 16:50:00+00:00,4200,0,1.0,[4200]
2020-11-05 16:55:00+00:00,0,0,0.0,[]
2020-11-05 17:00:00+00:00,18350,0,1.0,[18350]
2020-11-05 17:05:00+00:00,0,0,0.0,[]
2020-11-05 17:10:00+00:00,2140,0,1.0,[2140]
2020-11-05 17:15:00+00:00,46800,0,1.0,[46800]
2020-11-05 17:20:00+00:00,0,0,0.0,[]
2020-11-05 17:25:00+00:00,5860,0,1.0,[5860]
2020-11-05 17:30:00+00:00,0,0,0.0,[]
2020-11-05 17:35:00+00:00,0,0,0.0,[]
2020-11-05 17:40:00+00:00,0,0,0.0,[]
2020-11-05 17:45:00+00:00,0,0,0.0,[]
2020-11-05 17:50:00+00:00,0,0,0.0,[]
2020-11-05 17:55:00+00:00,0,0,1.0,[0]
2020-11-05 18:00:00+00:00,0,0,0.0,[]
2020-11-05 18:05:00+00:00,0,0,0.0,[]
2020-11-05 18:10:00+00:00,0,0,0.0,[]
2020-11-05 18:15:00+00:00,1680,0,1.0,[1680]
2020-11-05 18:20:00+00:00,0,0,0.0,[]
2020-11-05 18:25:00+00:00,0,0,0.0,[]
2020-11-05 18:30:00+00:00,0,0,0.0,[]
2020-11-05 18:35:00+00:00,0,0,0.0,[]
2020-11-05 18:40:00+00:00,0,0,0.0,[]
2020-11-05 18:45:00+00:00,0,0,0.0,[]
2020-11-05 18:50:00+00:00,0,0,0.0,[]
2020-11-05 18:55:00+00:00,0,0,0.0,[]
2020-11-05 19:00:00+00:00,0,0,0.0,[]
2020-11-05 19:05:00+00:00,0,0,0.0,[]
2020-11-05 19:10:00+00:00,1880,0,1.0,[1880]
2020-11-05 19:15:00+00:00,0,0,0.0,[]
2020-11-05 19:20:00+00:00,0,0,0.0,[]
2020-11-05 19:25:00+00:00,0,0,0.0,[]
2020-11-05 19:30:00+00:00,0,0,0.0,[]
2020-11-05 19:35:00+00:00,0,0,0.0,[]
2020-11-05 19:40:00+00:00,0,0,0.0,[]
2020-11-05 19:45:00+00:00,0,0,0.0,[]
2020-11-05 19:50:00+00:00,0,0,0.0,[]
2020-11-05 19:55:00+00:00,0,0,0.0,[]
2020-11-05 20:00:00+00:00,0,0,0.0,[]
2020-11-05 20:05:00+00:00,0,0,0.0,[]
2020-11-05 20:10:00+00:00,0,0,0.0,[]
2020-11-05 20:15:00+00:00,0,0,0.0,[]
2020-11-05 20:20:00+00:00,0,0,0.0,[]
2020-11-05 20:25:00+00:00,0,0,0.0,[]
2020-11-05 20:30:00+00:00,0,0,0.0,[]
2020-11-05 20:35:00+00:00,600,0,1.0,[600]
2020-11-05 20:40:00+00:00,0,0,0.0,[]
2020-11-05 20:45:00+00:00,0,0,0.0,[]
2020-11-05 20:50:00+00:00,0,0,0.0,[]
2020-11-05 20:55:00+00:00,0,0,0.0,[]
2020-11-05 21:00:00+00:00,0,0,0.0,[]
2020-11-05 21:05:00+00:00,0,0,0.0,[]
2020-11-05 21:10:00+00:00,0,0,0.0,[]
2020-11-05 21:15:00+00:00,0,0,0.0,[]
2020-11-05 21:20:00+00:00,0,0,0.0,[]
2020-11-05 21:25:00+00:00,0,0,0.0,[]
2020-11-05 21:30:00+00:00,0,0,0.0,[]
2020-11-05 21:35:00+00:00,0,0,0.0,[]
2020-11-05 21:40:00+00:00,0,0,0.0,[]
2020-11-05 21:45:00+00:00,0,0,0.0,[]
2020-11-05 21:50:00+00:00,0,0,0.0,[]
2020-11-05 21:55:00+00:00,0,0,0.0,[]
2020-11-05 22:00:00+00:00,0,0,0.0,[]
2020-11-05 22:05:00+00:00,0,0,0.0,[]
2020-11-05 22:10:00+00:00,0,0,0.0,[]
2020-11-05 22:15:00+00:00,0,0,0.0,[]
2020-11-05 22:20:00+00:00,0,0,0.0,[]
2020-11-05 22:25:00+00:00,0,0,0.0,[]
2020-11-05 22:30:00+00:00,0,0,0.0,[]
2020-11-05 22:35:00+00:00,0,0,0.0,[]
2020-11-05 22:40:00+00:00,0,0,0.0,[]
2020-11-05 22:45:00+00:00,0,0,0.0,[]
2020-11-05 22:50:00+00:00,0,0,0.0,[]
2020-11-05 22:55:00+00:00,0,0,0.0,[]
2020-11-05 23:00:00+00:00,0,0,0.0,[]
2020-11-05 23:05:00+00:00,0,0,0.0,[]
2020-11-05 23:10:00+00:00,1660,0,1.0,[1660]
2020-11-05 23:15:00+00:00,0,0,0.0,[]
2020-11-05 23:20:00+00:00,0,0,0.0,[]
2020-11-05 23:25:00+00:00,0,0,0.0,[]
2020-11-05 23:30:00+00:00,1660,0,1.0,[1660]
2020-11-05 23:35:00+00:00,0,0,0.0,[]
2020-11-05 23:40:00+00:00,0,0,0.0,[]
2020-11-05 23:45:00+00:00,0,0,0.0,[]
2020-11-05 23:50:00+00:00,0,0,0.0,[]
2020-11-05 23:55:00+00:00,0,0,0.0,[]
2020-11-06 00:00:00+00:00,0,0,0.0,[]
2020-11-06 00:05:00+00:00,0,0,0.0,[]
2020-11-06 00:10:00+00:00,0,0,0.0,[]
2020-11-06 00:15:00+00:00,0,0,0.0,[]
2020-11-06 00:20:00+00:00,0,0,0.0,[]
2020-11-06 00:25:00+00:00,0,0,0.0,[]
2020-11-06 00:30:00+00:00,0,0,0.0,[]
2020-11-06 00:35:00+00:00,0,0,0.0,[]
2020-11-06 00:40:00+00:00,0,0,0.0,[]
2020-11-06 00:45:00+00:00,0,0,0.0,[]
2020-11-06 00:50:00+00:00,0,0,0.0,[]
2020-11-06 00:55:00+00:00,0,0,0.0,[]
2020-11-06 01:00:00+00:00,0,0,0.0,[]
2020-11-06 01:05:00+00:00,0,0,0.0,[]
2020-11-06 01:10:00+00:00,0,0,0.0,[]
2020-11-06 01:15:00+00:00,0,0,0.0,[]
2020-11-06 01:20:00+00:00,860,0,2.0,"[680, 180]"
2020-11-06 01:25:00+00:00,0,0,0.0,[]
2020-11-06 01:30:00+00:00,0,0,0.0,[]
2020-11-06 01:35:00+00:00,0,0,0.0,[]
2020-11-06 01:40:00+00:00,0,0,0.0,[]
2020-11-06 01:45:00+00:00,0,0,0.0,[]
2020-11-06 01:50:00+00:00,0,0,0.0,[]
2020-11-06 01:55:00+00:00,0,0,0.0,[]
2020-11-06 02:00:00+00:00,0,0,0.0,[]
2020-11-06 02:05:00+00:00,0,0,0.0,[]
2020-11-06 02:10:00+00:00,0,0,0.0,[]
2020-11-06 02:15:00+00:00,0,0,0.0,[]
2020-11-06 02:20:00+00:00,0,0,0.0,[]
2020-11-06 02:25:00+00:00,0,0,0.0,[]
2020-11-06 02:30:00+00:00,0,0,0.0,[]
2020-11-06 02:35:00+00:00,0,0,0.0,[]
2020-11-06 02:40:00+00:00,0,0,0.0,[]
2020-11-06 02:45:00+00:00,0,0,0.0,[]
2020-11-06 02:50:00+00:00,0,0,0.0,[]
2020-11-06 02:55:00+00:00,0,0,0.0,[]
2020-11-06 03:00:00+00:00,0,0,0.0,[]
2020-11-06 03:05:00+00:00,0,0,0.0,[]
2020-11-06 03:10:00+00:00,0,0,0.0,[]
2020-11-06 03:15:00+00:00,0,0,0.0,[]
2020-11-06 03:20:00+00:00,0,0,0.0,[]
2020-11-06 03:25:00+00:00,0,0,0.0,[]
2020-11-06 03:30:00+00:00,0,0,0.0,[]
2020-11-06 03:35:00+00:00,0,0,0.0,[]
2020-11-06 03:40:00+00:00,0,0,0.0,[]
2020-11-06 03:45:00+00:00,0,0,0.0,[]
2020-11-06 03:50:00+00:00,0,0,0.0,[]
2020-11-06 03:55:00+00:00,0,0,0.0,[]
2020-11-06 04:00:00+00:00,0,0,0.0,[]
2020-11-06 04:05:00+00:00,0,0,0.0,[]
2020-11-06 04:10:00+00:00,0,0,0.0,[]
2020-11-06 04:15:00+00:00,0,0,0.0,[]
2020-11-06 04:20:00+00:00,0,0,0.0,[]
2020-11-06 04:25:00+00:00,0,0,0.0,[]
2020-11-06 04:30:00+00:00,0,0,0.0,[]
2020-11-06 04:35:00+00:00,0,0,0.0,[]
2020-11-06 04:40:00+00:00,0,0,0.0,[]
2020-11-06 04:45:00+00:00,0,0,0.0,[]
2020-11-06 04:50:00+00:00,0,0,0.0,[]
2020-11-06 04:55:00+00:00,0,0,0.0,[]
2020-11-06 05:00:00+00:00,0,0,0.0,[]
2020-11-06 05:05:00+00:00,0,0,0.0,[]
2020-11-06 05:10:00+00:00,0,0,0.0,[]
2020-11-06 05:15:00+00:00,0,0,0.0,[]
2020-11-06 05:20:00+00:00,0,0,0.0,[]
2020-11-06 05:25:00+00:00,0,0,0.0,[]
2020-11-06 05:30:00+00:00,0,0,0.0,[]
2020-11-06 05:35:00+00:00,0,0,0.0,[]
2020-11-06 05:40:00+00:00,0,0,0.0,[]
2020-11-06 05:45:00+00:00,0,0,0.0,[]
2020-11-06 05:50:00+00:00,0,0,0.0,[]
2020-11-06 05:55:00+00:00,0,0,0.0,[]
2020-11-06 06:00:00+00:00,0,0,0.0,[]
2020-11-06 06:05:00+00:00,0,0,0.0,[]
2020-11-06 06:10:00+00:00,0,0,0.0,[]
2020-11-06 06:15:00+00:00,0,0,0.0,[]
2020-11-06 06:20:00+00:00,0,0,0.0,[]
2020-11-06 06:25:00+00:00,0,0,0.0,[]
2020-11-06 06:30:00+00:00,0,0,0.0,[]
2020-11-06 06:35:00+00:00,0,0,0.0,[]
2020-11-06 06:40:00+00:00,0,0,0.0,[]
2020-11-06 06:45:00+00:00,0,0,0.0,[]
2020-11-06 06:50:00+00:00,0,0,0.0,[]
2020-11-06 06:55:00+00:00,0,0,0.0,[]
2020-11-06 07:00:00+00:00,780,0,1.0,[780]
2020-11-06 07:05:00+00:00,0,0,0.0,[]
2020-11-06 07:10:00+00:00,0,0,0.0,[]
2020-11-06 07:15:00+00:00,0,0,0.0,[]
2020-11-06 07:20:00+00:00,0,0,0.0,[]
2020-11-06 07:25:00+00:00,0,0,0.0,[]
2020-11-06 07:30:00+00:00,0,0,0.0,[]
2020-11-06 07:35:00+00:00,0,0,0.0,[]
2020-11-06 07:40:00+00:00,0,0,0.0,[]
2020-11-06 07:45:00+00:00,0,0,0.0,[]
2020-11-06 07:50:00+00:00,0,0,0.0,[]
2020-11-06 07:55:00+00:00,0,0,0.0,[]
2020-11-06 08:00:00+00:00,0,0,0.0,[]
2020-11-06 08:05:00+00:00,0,0,0.0,[]
2020-11-06 08:10:00+00:00,0,0,0.0,[]
2020-11-06 08:15:00+00:00,0,0,0.0,[]
2020-11-06 08:20:00+00:00,0,0,0.0,[]
2020-11-06 08:25:00+00:00,0,0,0.0,[]
2020-11-06 08:30:00+00:00,0,0,0.0,[]
2020-11-06 08:35:00+00:00,0,0,0.0,[]
2020-11-06 08:40:00+00:00,0,0,0.0,[]
2020-11-06 08:45:00+00:00,8600,0,2.0,"[8590, 10]"
2020-11-06 08:50:00+00:00,560,0,1.0,[560]
2020-11-06 08:55:00+00:00,0,0,0.0,[]
2020-11-06 09:00:00+00:00,0,0,0.0,[]
2020-11-06 09:05:00+00:00,1990,0,1.0,[1990]
2020-11-06 09:10:00+00:00,0,0,0.0,[]
2020-11-06 09:15:00+00:00,0,0,0.0,[]
2020-11-06 09:20:00+00:00,0,0,0.0,[]
2020-11-06 09:25:00+00:00,0,0,0.0,[]
2020-11-06 09:30:00+00:00,10600,0,2.0,"[5300, 5300]"
2020-11-06 09:35:00+00:00,0,0,0.0,[]
2020-11-06 09:40:00+00:00,0,0,0.0,[]
2020-11-06 09:45:00+00:00,0,0,0.0,[]
2020-11-06 09:50:00+00:00,0,0,0.0,[]
2020-11-06 09:55:00+00:00,2980,0,2.0,"[1490, 1490]"
2020-11-06 10:00:00+00:00,0,0,0.0,[]
2020-11-06 10:05:00+00:00,0,0,0.0,[]
2020-11-06 10:10:00+00:00,0,0,0.0,[]
2020-11-06 10:15:00+00:00,990,0,1.0,[990]
2020-11-06 10:20:00+00:00,0,0,0.0,[]
2020-11-06 10:25:00+00:00,0,0,0.0,[]
2020-11-06 10:30:00+00:00,5290,0,1.0,[5290]
2020-11-06 10:35:00+00:00,0,0,0.0,[]
2020-11-06 10:40:00+00:00,0,0,0.0,[]
2020-11-06 10:45:00+00:00,0,0,0.0,[]
2020-11-06 10:50:00+00:00,0,0,0.0,[]
2020-11-06 10:55:00+00:00,0,0,0.0,[]
2020-11-06 11:00:00+00:00,0,0,0.0,[]
2020-11-06 11:05:00+00:00,0,0,0.0,[]
2020-11-06 11:10:00+00:00,0,0,0.0,[]
2020-11-06 11:15:00+00:00,0,0,0.0,[]
2020-11-06 11:20:00+00:00,0,0,0.0,[]
2020-11-06 11:25:00+00:00,0,0,0.0,[]
2020-11-06 11:30:00+00:00,0,0,0.0,[]
2020-11-06 11:35:00+00:00,0,0,0.0,[]
2020-11-06 11:40:00+00:00,0,0,0.0,[]
2020-11-06 11:45:00+00:00,0,0,0.0,[]
2020-11-06 11:50:00+00:00,0,0,0.0,[]
2020-11-06 11:55:00+00:00,0,0,0.0,[]
2020-11-06 12:00:00+00:00,0,0,0.0,[]
2020-11-06 12:05:00+00:00,0,0,0.0,[]
2020-11-06 12:10:00+00:00,0,0,0.0,[]
2020-11-06 12:15:00+00:00,0,0,0.0,[]
2020-11-06 12:20:00+00:00,0,0,0.0,[]
2020-11-06 12:25:00+00:00,0,0,0.0,[]
2020-11-06 12:30:00+00:00,0,0,0.0,[]
2020-11-06 12:35:00+00:00,0,0,0.0,[]
2020-11-06 12:40:00+00:00,0,0,0.0,[]
2020-11-06 12:45:00+00:00,0,0,0.0,[]
2020-11-06 12:50:00+00:00,0,0,0.0,[]
2020-11-06 12:55:00+00:00,0,0,0.0,[]
2020-11-06 13:00:00+00:00,0,0,0.0,[]
2020-11-06 13:05:00+00:00,0,0,0.0,[]
2020-11-06 13:10:00+00:00,0,0,0.0,[]
2020-11-06 13:15:00+00:00,0,0,0.0,[]
2020-11-06 13:20:00+00:00,0,0,0.0,[]
2020-11-06 13:25:00+00:00,0,0,0.0,[]
2020-11-06 13:30:00+00:00,0,0,0.0,[]
2020-11-06 13:35:00+00:00,0,0,0.0,[]
2020-11-06 13:40:00+00:00,0,0,0.0,[]
2020-11-06 13:45:00+00:00,0,0,0.0,[]
2020-11-06 13:50:00+00:00,0,0,0.0,[]
2020-11-06 13:55:00+00:00,0,0,0.0,[]
2020-11-06 14:00:00+00:00,0,0,0.0,[]
2020-11-06 14:05:00+00:00,1970,0,1.0,[1970]
2020-11-06 14:10:00+00:00,16230,0,2.0,"[13770, 2460]"
2020-11-06 14:15:00+00:00,0,0,0.0,[]
2020-11-06 14:20:00+00:00,0,0,0.0,[]
2020-11-06 14:25:00+00:00,0,0,0.0,[]
2020-11-06 14:30:00+00:00,0,0,0.0,[]
2020-11-06 14:35:00+00:00,0,0,0.0,[]
2020-11-06 14:40:00+00:00,0,0,0.0,[]
2020-11-06 14:45:00+00:00,0,0,0.0,[]
2020-11-06 14:50:00+00:00,0,0,0.0,[]
2020-11-06 14:55:00+00:00,0,0,0.0,[]
2020-11-06 15:00:00+00:00,0,0,0.0,[]
2020-11-06 15:05:00+00:00,0,0,0.0,[]
2020-11-06 15:10:00+00:00,0,0,0.0,[]
2020-11-06 15:15:00+00:00,0,0,0.0,[]
2020-11-06 15:20:00+00:00,0,0,0.0,[]
2020-11-06 15:25:00+00:00,0,0,0.0,[]
2020-11-06 15:30:00+00:00,0,0,0.0,[]
2020-11-06 15:35:00+00:00,0,0,0.0,[]
2020-11-06 15:40:00+00:00,0,0,0.0,[]
2020-11-06 15:45:00+00:00,0,0,0.0,[]
2020-11-06 15:50:00+00:00,0,0,0.0,[]
2020-11-06 15:55:00+00:00,0,0,0.0,[]
2020-11-06 16:00:00+00:00,0,0,0.0,[]
2020-11-06 16:05:00+00:00,0,0,0.0,[]
2020-11-06 16:10:00+00:00,0,0,0.0,[]
2020-11-06 16:15:00+00:00,0,0,0.0,[]
2020-11-06 16:20:00+00:00,0,0,0.0,[]
2020-11-06 16:25:00+00:00,0,0,0.0,[]
2020-11-06 16:30:00+00:00,0,0,0.0,[]
2020-11-06 16:35:00+00:00,0,0,0.0,[]
2020-11-06 16:40:00+00:00,0,0,0.0,[]
2020-11-06 16:45:00+00:00,0,0,0.0,[]
2020-11-06 16:50:00+00:00,0,0,0.0,[]
2020-11-06 16:55:00+00:00,0,0,0.0,[]
2020-11-06 17:00:00+00:00,0,0,0.0,[]
2020-11-06 17:05:00+00:00,0,0,0.0,[]
2020-11-06 17:10:00+00:00,0,0,0.0,[]
2020-11-06 17:15:00+00:00,0,0,0.0,[]
2020-11-06 17:20:00+00:00,0,0,0.0,[]
2020-11-06 17:25:00+00:00,0,0,0.0,[]
2020-11-06 17:30:00+00:00,0,0,0.0,[]
2020-11-06 17:35:00+00:00,0,0,0.0,[]
2020-11-06 17:40:00+00:00,0,0,0.0,[]
2020-11-06 17:45:00+00:00,0,0,0.0,[]
2020-11-06 17:50:00+00:00,0,0,0.0,[]
2020-11-06 17:55:00+00:00,0,0,0.0,[]
2020-11-06 18:00:00+00:00,0,0,0.0,[]
2020-11-06 18:05:00+00:00,0,0,0.0,[]
2020-11-06 18:10:00+00:00,0,0,0.0,[]
2020-11-06 18:15:00+00:00,0,0,0.0,[]
2020-11-06 18:20:00+00:00,0,0,0.0,[]
2020-11-06 18:25:00+00:00,0,0,0.0,[]
2020-11-06 18:30:00+00:00,0,0,0.0,[]
2020-11-06 18:35:00+00:00,0,0,0.0,[]
2020-11-06 18:40:00+00:00,0,0,0.0,[]
2020-11-06 18:45:00+00:00,0,0,0.0,[]
2020-11-06 18:50:00+00:00,0,0,0.0,[]
2020-11-06 18:55:00+00:00,0,0,0.0,[]
2020-11-06 19:00:00+00:00,0,0,0.0,[]
2020-11-06 19:05:00+00:00,0,0,0.0,[]
2020-11-06 19:10:00+00:00,0,0,0.0,[]
2020-11-06 19:15:00+00:00,0,0,0.0,[]
2020-11-06 19:20:00+00:00,0,0,0.0,[]
2020-11-06 19:25:00+00:00,0,0,0.0,[]
2020-11-06 19:30:00+00:00,0,0,0.0,[]
2020-11-06 19:35:00+00:00,0,0,0.0,[]
2020-11-06 19:40:00+00:00,0,0,0.0,[]
2020-11-06 19:45:00+00:00,0,0,0.0,[]
2020-11-06 19:50:00+00:00,0,0,0.0,[]
2020-11-06 19:55:00+00:00,0,0,0.0,[]
2020-11-06 20:00:00+00:00,0,0,0.0,[]
2020-11-06 20:05:00+00:00,0,0,0.0,[]
2020-11-06 20:10:00+00:00,0,0,0.0,[]
2020-11-06 20:15:00+00:00,0,0,0.0,[]
2020-11-06 20:20:00+00:00,0,0,0.0,[]
2020-11-06 20:25:00+00:00,0,0,0.0,[]
2020-11-06 20:30:00+00:00,0,0,0.0,[]
2020-11-06 20:35:00+00:00,0,0,0.0,[]
2020-11-06 20:40:00+00:00,0,0,0.0,[]
2020-11-06 20:45:00+00:00,0,0,0.0,[]
2020-11-06 20:50:00+00:00,0,0,0.0,[]
2020-11-06 20:55:00+00:00,0,0,0.0,[]
2020-11-06 21:00:00+00:00,0,0,0.0,[]
2020-11-06 21:05:00+00:00,0,0,0.0,[]
2020-11-06 21:10:00+00:00,0,0,0.0,[]
2020-11-06 21:15:00+00:00,0,0,0.0,[]
2020-11-06 21:20:00+00:00,0,0,0.0,[]
2020-11-06 21:25:00+00:00,0,0,0.0,[]
2020-11-06 21:30:00+00:00,0,0,0.0,[]
2020-11-06 21:35:00+00:00,0,0,0.0,[]
2020-11-06 21:40:00+00:00,0,0,0.0,[]
2020-11-06 21:45:00+00:00,0,0,0.0,[]
2020-11-06 21:50:00+00:00,0,0,0.0,[]
2020-11-06 21:55:00+00:00,0,0,0.0,[]
2020-11-06 22:00:00+00:00,0,0,0.0,[]
2020-11-06 22:05:00+00:00,0,0,0.0,[]
2020-11-06 22:10:00+00:00,0,0,0.0,[]
2020-11-06 22:15:00+00:00,0,0,0.0,[]
2020-11-06 22:20:00+00:00,0,0,0.0,[]
2020-11-06 22:25:00+00:00,710,0,1.0,[710]
2020-11-06 22:30:00+00:00,0,0,0.0,[]
2020-11-06 22:35:00+00:00,0,0,0.0,[]
2020-11-06 22:40:00+00:00,0,0,0.0,[]
2020-11-06 22:45:00+00:00,0,0,0.0,[]
2020-11-06 22:50:00+00:00,0,0,0.0,[]
2020-11-06 22:55:00+00:00,0,0,0.0,[]
2020-11-06 23:00:00+00:00,0,0,0.0,[]
2020-11-06 23:05:00+00:00,0,0,0.0,[]
2020-11-06 23:10:00+00:00,0,0,0.0,[]
2020-11-06 23:15:00+00:00,0,0,0.0,[]
2020-11-06 23:20:00+00:00,0,0,0.0,[]
2020-11-06 23:25:00+00:00,0,0,0.0,[]
2020-11-06 23:30:00+00:00,0,0,0.0,[]
2020-11-06 23:35:00+00:00,0,0,0.0,[]
2020-11-06 23:40:00+00:00,0,0,0.0,[]
2020-11-06 23:45:00+00:00,0,0,0.0,[]
2020-11-06 23:50:00+00:00,0,0,0.0,[]
2020-11-06 23:55:00+00:00,0,0,0.0,[]
2020-11-07 00:00:00+00:00,0,0,0.0,[]
2020-11-07 00:05:00+00:00,0,0,0.0,[]
2020-11-07 00:10:00+00:00,0,0,0.0,[]
2020-11-07 00:15:00+00:00,0,0,0.0,[]
2020-11-07 00:20:00+00:00,0,0,0.0,[]
2020-11-07 00:25:00+00:00,0,0,0.0,[]
2020-11-07 00:30:00+00:00,0,0,0.0,[]
2020-11-07 00:35:00+00:00,0,0,0.0,[]
2020-11-07 00:40:00+00:00,0,0,0.0,[]
2020-11-07 00:45:00+00:00,0,0,0.0,[]
2020-11-07 00:50:00+00:00,0,0,0.0,[]
2020-11-07 00:55:00+00:00,0,0,0.0,[]
2020-11-07 01:00:00+00:00,0,0,0.0,[]
2020-11-07 01:05:00+00:00,0,0,0.0,[]
2020-11-07 01:10:00+00:00,0,0,0.0,[]
2020-11-07 01:15:00+00:00,0,0,0.0,[]
2020-11-07 01:20:00+00:00,0,0,0.0,[]
2020-11-07 01:25:00+00:00,0,0,0.0,[]
2020-11-07 01:30:00+00:00,0,0,0.0,[]
2020-11-07 01:35:00+00:00,0,0,0.0,[]
2020-11-07 01:40:00+00:00,0,0,0.0,[]
2020-11-07 01:45:00+00:00,0,0,0.0,[]
2020-11-07 01:50:00+00:00,0,0,0.0,[]
2020-11-07 01:55:00+00:00,0,0,0.0,[]
2020-11-07 02:00:00+00:00,0,0,0.0,[]
2020-11-07 02:05:00+00:00,0,0,0.0,[]
2020-11-07 02:10:00+00:00,0,0,0.0,[]
2020-11-07 02:15:00+00:00,0,0,0.0,[]
2020-11-07 02:20:00+00:00,0,0,0.0,[]
2020-11-07 02:25:00+00:00,0,0,0.0,[]
2020-11-07 02:30:00+00:00,0,0,0.0,[]
2020-11-07 02:35:00+00:00,0,0,0.0,[]
2020-11-07 02:40:00+00:00,0,0,0.0,[]
2020-11-07 02:45:00+00:00,0,0,0.0,[]
2020-11-07 02:50:00+00:00,0,0,0.0,[]
2020-11-07 02:55:00+00:00,0,0,0.0,[]
2020-11-07 03:00:00+00:00,0,0,0.0,[]
2020-11-07 03:05:00+00:00,0,0,0.0,[]
2020-11-07 03:10:00+00:00,0,0,0.0,[]
2020-11-07 03:15:00+00:00,0,0,0.0,[]
2020-11-07 03:20:00+00:00,0,0,0.0,[]
2020-11-07 03:25:00+00:00,0,0,0.0,[]
2020-11-07 03:30:00+00:00,0,0,0.0,[]
2020-11-07 03:35:00+00:00,0,0,0.0,[]
2020-11-07 03:40:00+00:00,0,0,0.0,[]
2020-11-07 03:45:00+00:00,0,0,0.0,[]
2020-11-07 03:50:00+00:00,0,0,0.0,[]
2020-11-07 03:55:00+00:00,0,0,0.0,[]
2020-11-07 04:00:00+00:00,0,0,0.0,[]
2020-11-07 04:05:00+00:00,0,0,0.0,[]
2020-11-07 04:10:00+00:00,0,0,0.0,[]
2020-11-07 04:15:00+00:00,0,0,0.0,[]
2020-11-07 04:20:00+00:00,0,0,0.0,[]
2020-11-07 04:25:00+00:00,0,0,0.0,[]
2020-11-07 04:30:00+00:00,0,0,0.0,[]
2020-11-07 04:35:00+00:00,0,0,0.0,[]
2020-11-07 04:40:00+00:00,0,0,0.0,[]
2020-11-07 04:45:00+00:00,0,0,0.0,[]
2020-11-07 04:50:00+00:00,0,0,0.0,[]
2020-11-07 04:55:00+00:00,0,0,0.0,[]
2020-11-07 05:00:00+00:00,0,0,0.0,[]
2020-11-07 05:05:00+00:00,0,0,0.0,[]
2020-11-07 05:10:00+00:00,0,0,0.0,[]
2020-11-07 05:15:00+00:00,0,0,0.0,[]
2020-11-07 05:20:00+00:00,0,0,0.0,[]
2020-11-07 05:25:00+00:00,0,0,0.0,[]
2020-11-07 05:30:00+00:00,200,0,1.0,[200]
2020-11-07 05:35:00+00:00,0,0,0.0,[]
2020-11-07 05:40:00+00:00,0,0,0.0,[]
2020-11-07 05:45:00+00:00,0,0,0.0,[]
2020-11-07 05:50:00+00:00,0,0,0.0,[]
2020-11-07 05:55:00+00:00,0,0,0.0,[]
2020-11-07 06:00:00+00:00,0,0,0.0,[]
2020-11-07 06:05:00+00:00,0,0,0.0,[]
2020-11-07 06:10:00+00:00,0,0,0.0,[]
2020-11-07 06:15:00+00:00,0,0,0.0,[]
2020-11-07 06:20:00+00:00,0,0,0.0,[]
2020-11-07 06:25:00+00:00,0,0,0.0,[]
2020-11-07 06:30:00+00:00,0,0,0.0,[]
2020-11-07 06:35:00+00:00,0,0,0.0,[]
2020-11-07 06:40:00+00:00,0,0,0.0,[]
2020-11-07 06:45:00+00:00,0,0,0.0,[]
2020-11-07 06:50:00+00:00,0,0,0.0,[]
2020-11-07 06:55:00+00:00,0,0,0.0,[]
2020-11-07 07:00:00+00:00,0,0,0.0,[]
2020-11-07 07:05:00+00:00,0,0,0.0,[]
2020-11-07 07:10:00+00:00,0,0,0.0,[]
2020-11-07 07:15:00+00:00,0,0,0.0,[]
2020-11-07 07:20:00+00:00,0,0,0.0,[]
2020-11-07 07:25:00+00:00,0,0,0.0,[]
2020-11-07 07:30:00+00:00,10,0,1.0,[10]
2020-11-07 07:35:00+00:00,0,0,0.0,[]
2020-11-07 07:40:00+00:00,0,0,0.0,[]
2020-11-07 07:45:00+00:00,0,0,0.0,[]
2020-11-07 07:50:00+00:00,0,0,0.0,[]
2020-11-07 07:55:00+00:00,0,0,0.0,[]
2020-11-07 08:00:00+00:00,0,0,0.0,[]
2020-11-07 08:05:00+00:00,0,0,0.0,[]
2020-11-07 08:10:00+00:00,0,0,0.0,[]
2020-11-07 08:15:00+00:00,0,0,0.0,[]
2020-11-07 08:20:00+00:00,0,0,0.0,[]
2020-11-07 08:25:00+00:00,0,0,0.0,[]
2020-11-07 08:30:00+00:00,0,0,0.0,[]
2020-11-07 08:35:00+00:00,0,0,0.0,[]
2020-11-07 08:40:00+00:00,0,0,0.0,[]
2020-11-07 08:45:00+00:00,0,0,0.0,[]
2020-11-07 08:50:00+00:00,0,0,0.0,[]
2020-11-07 08:55:00+00:00,0,0,0.0,[]
2020-11-07 09:00:00+00:00,70,0,1.0,[70]
2020-11-07 09:05:00+00:00,0,0,0.0,[]
2020-11-07 09:10:00+00:00,0,0,0.0,[]
2020-11-07 09:15:00+00:00,0,0,0.0,[]
2020-11-07 09:20:00+00:00,0,0,0.0,[]
2020-11-07 09:25:00+00:00,0,0,0.0,[]
2020-11-07 09:30:00+00:00,0,0,0.0,[]
2020-11-07 09:35:00+00:00,0,0,0.0,[]
2020-11-07 09:40:00+00:00,0,0,0.0,[]
2020-11-07 09:45:00+00:00,0,0,0.0,[]
2020-11-07 09:50:00+00:00,0,0,0.0,[]
2020-11-07 09:55:00+00:00,0,0,0.0,[]
2020-11-07 10:00:00+00:00,0,0,0.0,[]
2020-11-07 10:05:00+00:00,0,0,0.0,[]
2020-11-07 10:10:00+00:00,0,0,0.0,[]
2020-11-07 10:15:00+00:00,0,0,0.0,[]
2020-11-07 10:20:00+00:00,0,0,0.0,[]
2020-11-07 10:25:00+00:00,0,0,0.0,[]
2020-11-07 10:30:00+00:00,0,0,0.0,[]
2020-11-07 10:35:00+00:00,0,0,0.0,[]
2020-11-07 10:40:00+00:00,0,0,0.0,[]
2020-11-07 10:45:00+00:00,0,0,0.0,[]
2020-11-07 10:50:00+00:00,0,0,0.0,[]
2020-11-07 10:55:00+00:00,0,0,0.0,[]
2020-11-07 11:00:00+00:00,0,0,0.0,[]
2020-11-07 11:05:00+00:00,0,0,0.0,[]
2020-11-07 11:10:00+00:00,0,0,0.0,[]
2020-11-07 11:15:00+00:00,0,0,0.0,[]
2020-11-07 11:20:00+00:00,0,0,0.0,[]
2020-11-07 11:25:00+00:00,0,0,0.0,[]
2020-11-07 11:30:00+00:00,0,0,0.0,[]
2020-11-07 11:35:00+00:00,0,0,0.0,[]
2020-11-07 11:40:00+00:00,0,0,0.0,[]
2020-11-07 11:45:00+00:00,0,0,0.0,[]
2020-11-07 11:50:00+00:00,0,0,0.0,[]
2020-11-07 11:55:00+00:00,0,0,0.0,[]
2020-11-07 12:00:00+00:00,0,0,0.0,[]
2020-11-07 12:05:00+00:00,0,0,0.0,[]
2020-11-07 12:10:00+00:00,0,0,0.0,[]
2020-11-07 12:15:00+00:00,0,0,0.0,[]
2020-11-07 12:20:00+00:00,0,0,0.0,[]
2020-11-07 12:25:00+00:00,0,0,0.0,[]
2020-11-07 12:30:00+00:00,140,0,1.0,[140]
2020-11-07 12:35:00+00:00,0,0,0.0,[]
2020-11-07 12:40:00+00:00,0,0,0.0,[]
2020-11-07 12:45:00+00:00,0,0,0.0,[]
2020-11-07 12:50:00+00:00,0,0,0.0,[]
2020-11-07 12:55:00+00:00,1040,0,1.0,[1040]
2020-11-07 13:00:00+00:00,0,0,0.0,[]
2020-11-07 13:05:00+00:00,0,0,0.0,[]
2020-11-07 13:10:00+00:00,0,0,0.0,[]
2020-11-07 13:15:00+00:00,0,0,0.0,[]
2020-11-07 13:20:00+00:00,0,0,0.0,[]
2020-11-07 13:25:00+00:00,0,0,0.0,[]
2020-11-07 13:30:00+00:00,0,0,0.0,[]
2020-11-07 13:35:00+00:00,0,0,0.0,[]
2020-11-07 13:40:00+00:00,0,0,0.0,[]
2020-11-07 13:45:00+00:00,0,0,0.0,[]
2020-11-07 13:50:00+00:00,0,0,0.0,[]
2020-11-07 13:55:00+00:00,0,0,0.0,[]
2020-11-07 14:00:00+00:00,0,0,0.0,[]
2020-11-07 14:05:00+00:00,0,0,0.0,[]
2020-11-07 14:10:00+00:00,0,0,0.0,[]
2020-11-07 14:15:00+00:00,0,0,0.0,[]
2020-11-07 14:20:00+00:00,0,0,0.0,[]
2020-11-07 14:25:00+00:00,0,0,0.0,[]
2020-11-07 14:30:00+00:00,0,0,0.0,[]
2020-11-07 14:35:00+00:00,0,0,0.0,[]
2020-11-07 14:40:00+00:00,0,0,0.0,[]
2020-11-07 14:45:00+00:00,0,0,0.0,[]
2020-11-07 14:50:00+00:00,0,0,0.0,[]
2020-11-07 14:55:00+00:00,0,0,0.0,[]
2020-11-07 15:00:00+00:00,0,0,0.0,[]
2020-11-07 15:05:00+00:00,0,0,0.0,[]
2020-11-07 15:10:00+00:00,0,0,0.0,[]
2020-11-07 15:15:00+00:00,0,0,0.0,[]
2020-11-07 15:20:00+00:00,0,0,0.0,[]
2020-11-07 15:25:00+00:00,0,0,0.0,[]
2020-11-07 15:30:00+00:00,0,0,0.0,[]
2020-11-07 15:35:00+00:00,0,0,0.0,[]
2020-11-07 15:40:00+00:00,0,0,0.0,[]
2020-11-07 15:45:00+00:00,0,0,0.0,[]
2020-11-07 15:50:00+00:00,0,0,0.0,[]
2020-11-07 15:55:00+00:00,0,0,0.0,[]
2020-11-07 16:00:00+00:00,0,0,0.0,[]
2020-11-07 16:05:00+00:00,0,0,0.0,[]
2020-11-07 16:10:00+00:00,0,0,0.0,[]
2020-11-07 16:15:00+00:00,0,0,0.0,[]
2020-11-07 16:20:00+00:00,0,0,0.0,[]
2020-11-07 16:25:00+00:00,0,0,0.0,[]
2020-11-07 16:30:00+00:00,0,0,0.0,[]
2020-11-07 16:35:00+00:00,0,0,0.0,[]
2020-11-07 16:40:00+00:00,0,0,0.0,[]
2020-11-07 16:45:00+00:00,0,0,0.0,[]
2020-11-07 16:50:00+00:00,0,0,0.0,[]
2020-11-07 16:55:00+00:00,0,0,0.0,[]
2020-11-07 17:00:00+00:00,0,0,0.0,[]
2020-11-07 17:05:00+00:00,0,0,0.0,[]
2020-11-07 17:10:00+00:00,0,0,0.0,[]
2020-11-07 17:15:00+00:00,1010,0,2.0,"[170, 840]"
2020-11-07 17:20:00+00:00,0,0,0.0,[]
2020-11-07 17:25:00+00:00,0,0,0.0,[]
2020-11-07 17:30:00+00:00,0,0,0.0,[]
2020-11-07 17:35:00+00:00,0,0,0.0,[]
2020-11-07 17:40:00+00:00,0,0,0.0,[]
2020-11-07 17:45:00+00:00,0,0,0.0,[]
2020-11-07 17:50:00+00:00,0,0,0.0,[]
2020-11-07 17:55:00+00:00,0,0,0.0,[]
2020-11-07 18:00:00+00:00,0,0,0.0,[]
2020-11-07 18:05:00+00:00,0,0,0.0,[]
2020-11-07 18:10:00+00:00,0,0,0.0,[]
2020-11-07 18:15:00+00:00,0,0,0.0,[]
2020-11-07 18:20:00+00:00,0,0,0.0,[]
2020-11-07 18:25:00+00:00,0,0,0.0,[]
2020-11-07 18:30:00+00:00,0,0,0.0,[]
2020-11-07 18:35:00+00:00,0,0,0.0,[]
2020-11-07 18:40:00+00:00,0,0,0.0,[]
2020-11-07 18:45:00+00:00,0,0,0.0,[]
2020-11-07 18:50:00+00:00,0,0,0.0,[]
2020-11-07 18:55:00+00:00,0,0,0.0,[]
2020-11-07 19:00:00+00:00,0,0,0.0,[]
2020-11-07 19:05:00+00:00,0,0,0.0,[]
2020-11-07 19:10:00+00:00,0,0,0.0,[]
2020-11-07 19:15:00+00:00,0,0,0.0,[]
2020-11-07 19:20:00+00:00,0,0,0.0,[]
2020-11-07 19:25:00+00:00,0,0,0.0,[]
2020-11-07 19:30:00+00:00,0,0,0.0,[]
2020-11-07 19:35:00+00:00,0,0,0.0,[]
2020-11-07 19:40:00+00:00,0,0,0.0,[]
2020-11-07 19:45:00+00:00,0,0,0.0,[]
2020-11-07 19:50:00+00:00,0,0,0.0,[]
2020-11-07 19:55:00+00:00,0,0,0.0,[]
2020-11-07 20:00:00+00:00,0,0,0.0,[]
2020-11-07 20:05:00+00:00,1690,0,1.0,[1690]
2020-11-07 20:10:00+00:00,0,0,0.0,[]
2020-11-07 20:15:00+00:00,0,0,0.0,[]
2020-11-07 20:20:00+00:00,0,0,0.0,[]
2020-11-07 20:25:00+00:00,0,0,0.0,[]
2020-11-07 20:30:00+00:00,0,0,0.0,[]
2020-11-07 20:35:00+00:00,0,0,0.0,[]
2020-11-07 20:40:00+00:00,0,0,0.0,[]
2020-11-07 20:45:00+00:00,0,0,0.0,[]
2020-11-07 20:50:00+00:00,0,0,0.0,[]
2020-11-07 20:55:00+00:00,0,0,0.0,[]
2020-11-07 21:00:00+00:00,0,0,0.0,[]
2020-11-07 21:05:00+00:00,30,0,1.0,[30]
2020-11-07 21:10:00+00:00,0,0,0.0,[]
2020-11-07 21:15:00+00:00,0,0,0.0,[]
2020-11-07 21:20:00+00:00,0,0,0.0,[]
2020-11-07 21:25:00+00:00,0,0,0.0,[]
2020-11-07 21:30:00+00:00,0,0,0.0,[]
2020-11-07 21:35:00+00:00,0,0,0.0,[]
2020-11-07 21:40:00+00:00,0,0,0.0,[]
2020-11-07 21:45:00+00:00,0,0,0.0,[]
2020-11-07 21:50:00+00:00,0,0,0.0,[]
2020-11-07 21:55:00+00:00,0,0,0.0,[]
2020-11-07 22:00:00+00:00,0,0,0.0,[]
2020-11-07 22:05:00+00:00,0,0,0.0,[]
2020-11-07 22:10:00+00:00,0,0,0.0,[]
2020-11-07 22:15:00+00:00,0,0,0.0,[]
2020-11-07 22:20:00+00:00,0,0,0.0,[]
2020-11-07 22:25:00+00:00,0,0,0.0,[]
2020-11-07 22:30:00+00:00,0,0,0.0,[]
2020-11-07 22:35:00+00:00,0,0,0.0,[]
2020-11-07 22:40:00+00:00,0,0,0.0,[]
2020-11-07 22:45:00+00:00,0,0,0.0,[]
2020-11-07 22:50:00+00:00,0,0,0.0,[]
2020-11-07 22:55:00+00:00,0,0,0.0,[]
2020-11-07 23:00:00+00:00,0,0,0.0,[]
2020-11-07 23:05:00+00:00,0,0,0.0,[]
2020-11-07 23:10:00+00:00,0,0,0.0,[]
2020-11-07 23:15:00+00:00,0,0,0.0,[]
2020-11-07 23:20:00+00:00,0,0,0.0,[]
2020-11-07 23:25:00+00:00,0,0,0.0,[]
2020-11-07 23:30:00+00:00,0,0,0.0,[]
2020-11-07 23:35:00+00:00,0,0,0.0,[]
2020-11-07 23:40:00+00:00,0,0,0.0,[]
2020-11-07 23:45:00+00:00,0,0,0.0,[]
2020-11-07 23:50:00+00:00,0,0,0.0,[]
2020-11-07 23:55:00+00:00,0,0,0.0,[]
2020-11-08 00:00:00+00:00,0,0,0.0,[]
2020-11-08 00:05:00+00:00,800,0,1.0,[800]
2020-11-08 00:10:00+00:00,0,0,0.0,[]
2020-11-08 00:15:00+00:00,0,0,0.0,[]
2020-11-08 00:20:00+00:00,0,0,0.0,[]
2020-11-08 00:25:00+00:00,0,0,0.0,[]
2020-11-08 00:30:00+00:00,0,0,0.0,[]
2020-11-08 00:35:00+00:00,0,0,0.0,[]
2020-11-08 00:40:00+00:00,0,0,0.0,[]
2020-11-08 00:45:00+00:00,0,0,0.0,[]
2020-11-08 00:50:00+00:00,0,0,0.0,[]
2020-11-08 00:55:00+00:00,0,0,0.0,[]
2020-11-08 01:00:00+00:00,0,0,0.0,[]
2020-11-08 01:05:00+00:00,0,0,0.0,[]
2020-11-08 01:10:00+00:00,0,0,0.0,[]
2020-11-08 01:15:00+00:00,0,0,0.0,[]
2020-11-08 01:20:00+00:00,0,0,0.0,[]
2020-11-08 01:25:00+00:00,0,0,0.0,[]
2020-11-08 01:30:00+00:00,0,0,0.0,[]
2020-11-08 01:35:00+00:00,0,0,0.0,[]
2020-11-08 01:40:00+00:00,0,0,0.0,[]
2020-11-08 01:45:00+00:00,580,0,1.0,[580]
2020-11-08 01:50:00+00:00,0,0,0.0,[]
2020-11-08 01:55:00+00:00,0,0,0.0,[]
2020-11-08 02:00:00+00:00,0,0,0.0,[]
2020-11-08 02:05:00+00:00,0,0,0.0,[]
2020-11-08 02:10:00+00:00,0,0,0.0,[]
2020-11-08 02:15:00+00:00,0,0,0.0,[]
2020-11-08 02:20:00+00:00,0,0,0.0,[]
2020-11-08 02:25:00+00:00,0,0,0.0,[]
2020-11-08 02:30:00+00:00,0,0,0.0,[]
2020-11-08 02:35:00+00:00,0,0,0.0,[]
2020-11-08 02:40:00+00:00,0,0,0.0,[]
2020-11-08 02:45:00+00:00,0,0,0.0,[]
2020-11-08 02:50:00+00:00,0,0,0.0,[]
2020-11-08 02:55:00+00:00,0,0,0.0,[]
2020-11-08 03:00:00+00:00,0,0,0.0,[]
2020-11-08 03:05:00+00:00,0,0,0.0,[]
2020-11-08 03:10:00+00:00,0,0,0.0,[]
2020-11-08 03:15:00+00:00,0,0,0.0,[]
2020-11-08 03:20:00+00:00,0,0,0.0,[]
2020-11-08 03:25:00+00:00,0,0,0.0,[]
2020-11-08 03:30:00+00:00,0,0,0.0,[]
2020-11-08 03:35:00+00:00,0,0,0.0,[]
2020-11-08 03:40:00+00:00,0,0,0.0,[]
2020-11-08 03:45:00+00:00,0,0,0.0,[]
2020-11-08 03:50:00+00:00,0,0,0.0,[]
2020-11-08 03:55:00+00:00,0,0,0.0,[]
2020-11-08 04:00:00+00:00,0,0,0.0,[]
2020-11-08 04:05:00+00:00,0,0,0.0,[]
2020-11-08 04:10:00+00:00,0,0,0.0,[]
2020-11-08 04:15:00+00:00,7910,0,1.0,[7910]
2020-11-08 04:20:00+00:00,0,0,0.0,[]
2020-11-08 04:25:00+00:00,0,0,0.0,[]
2020-11-08 04:30:00+00:00,0,0,0.0,[]
2020-11-08 04:35:00+00:00,0,0,0.0,[]
2020-11-08 04:40:00+00:00,0,0,0.0,[]
2020-11-08 04:45:00+00:00,0,0,0.0,[]
2020-11-08 04:50:00+00:00,0,0,0.0,[]
2020-11-08 04:55:00+00:00,0,0,0.0,[]
2020-11-08 05:00:00+00:00,0,0,0.0,[]
2020-11-08 05:05:00+00:00,0,0,0.0,[]
2020-11-08 05:10:00+00:00,0,0,0.0,[]
2020-11-08 05:15:00+00:00,0,0,0.0,[]
2020-11-08 05:20:00+00:00,0,0,0.0,[]
2020-11-08 05:25:00+00:00,0,0,0.0,[]
2020-11-08 05:30:00+00:00,0,0,0.0,[]
2020-11-08 05:35:00+00:00,0,0,0.0,[]
2020-11-08 05:40:00+00:00,0,0,0.0,[]
2020-11-08 05:45:00+00:00,0,0,0.0,[]
2020-11-08 05:50:00+00:00,0,0,0.0,[]
2020-11-08 05:55:00+00:00,130,0,1.0,[130]
2020-11-08 06:00:00+00:00,0,0,0.0,[]
2020-11-08 06:05:00+00:00,0,0,0.0,[]
2020-11-08 06:10:00+00:00,0,0,0.0,[]
2020-11-08 06:15:00+00:00,0,0,0.0,[]
2020-11-08 06:20:00+00:00,0,0,0.0,[]
2020-11-08 06:25:00+00:00,0,0,0.0,[]
2020-11-08 06:30:00+00:00,0,0,0.0,[]
2020-11-08 06:35:00+00:00,0,0,0.0,[]
2020-11-08 06:40:00+00:00,0,0,0.0,[]
2020-11-08 06:45:00+00:00,0,0,0.0,[]
2020-11-08 06:50:00+00:00,0,0,0.0,[]
2020-11-08 06:55:00+00:00,0,0,0.0,[]
2020-11-08 07:00:00+00:00,0,0,0.0,[]
2020-11-08 07:05:00+00:00,0,0,0.0,[]
2020-11-08 07:10:00+00:00,0,0,0.0,[]
2020-11-08 07:15:00+00:00,0,0,0.0,[]
2020-11-08 07:20:00+00:00,0,0,0.0,[]
2020-11-08 07:25:00+00:00,0,0,0.0,[]
2020-11-08 07:30:00+00:00,0,0,0.0,[]
2020-11-08 07:35:00+00:00,0,0,0.0,[]
2020-11-08 07:40:00+00:00,0,0,0.0,[]
2020-11-08 07:45:00+00:00,0,0,0.0,[]
2020-11-08 07:50:00+00:00,0,0,0.0,[]
2020-11-08 07:55:00+00:00,0,0,0.0,[]
2020-11-08 08:00:00+00:00,0,0,0.0,[]
2020-11-08 08:05:00+00:00,0,0,0.0,[]
2020-11-08 08:10:00+00:00,0,0,0.0,[]
2020-11-08 08:15:00+00:00,0,0,0.0,[]
2020-11-08 08:20:00+00:00,0,0,0.0,[]
2020-11-08 08:25:00+00:00,0,0,0.0,[]
2020-11-08 08:30:00+00:00,0,0,0.0,[]
2020-11-08 08:35:00+00:00,0,0,0.0,[]
2020-11-08 08:40:00+00:00,0,0,0.0,[]
2020-11-08 08:45:00+00:00,0,0,0.0,[]
2020-11-08 08:50:00+00:00,0,0,0.0,[]
2020-11-08 08:55:00+00:00,0,0,0.0,[]
2020-11-08 09:00:00+00:00,0,0,0.0,[]
2020-11-08 09:05:00+00:00,0,0,0.0,[]
2020-11-08 09:10:00+00:00,0,0,0.0,[]
2020-11-08 09:15:00+00:00,0,0,0.0,[]
2020-11-08 09:20:00+00:00,0,0,0.0,[]
2020-11-08 09:25:00+00:00,0,0,0.0,[]
2020-11-08 09:30:00+00:00,0,0,0.0,[]
2020-11-08 09:35:00+00:00,0,0,0.0,[]
2020-11-08 09:40:00+00:00,0,0,0.0,[]
2020-11-08 09:45:00+00:00,0,0,0.0,[]
2020-11-08 09:50:00+00:00,850,0,1.0,[850]
2020-11-08 09:55:00+00:00,0,0,0.0,[]
2020-11-08 10:00:00+00:00,0,0,0.0,[]
2020-11-08 10:05:00+00:00,0,0,0.0,[]
2020-11-08 10:10:00+00:00,0,0,0.0,[]
2020-11-08 10:15:00+00:00,0,0,0.0,[]
2020-11-08 10:20:00+00:00,0,0,0.0,[]
2020-11-08 10:25:00+00:00,0,0,0.0,[]
2020-11-08 10:30:00+00:00,0,0,0.0,[]
2020-11-08 10:35:00+00:00,0,0,0.0,[]
2020-11-08 10:40:00+00:00,0,0,0.0,[]
2020-11-08 10:45:00+00:00,0,0,0.0,[]
2020-11-08 10:50:00+00:00,0,0,0.0,[]
2020-11-08 10:55:00+00:00,0,0,0.0,[]
2020-11-08 11:00:00+00:00,0,0,0.0,[]
2020-11-08 11:05:00+00:00,0,0,0.0,[]
2020-11-08 11:10:00+00:00,0,0,0.0,[]
2020-11-08 11:15:00+00:00,0,0,0.0,[]
2020-11-08 11:20:00+00:00,0,0,0.0,[]
2020-11-08 11:25:00+00:00,0,0,0.0,[]
2020-11-08 11:30:00+00:00,0,0,0.0,[]
2020-11-08 11:35:00+00:00,0,0,0.0,[]
2020-11-08 11:40:00+00:00,0,0,0.0,[]
2020-11-08 11:45:00+00:00,0,0,0.0,[]
2020-11-08 11:50:00+00:00,0,0,0.0,[]
2020-11-08 11:55:00+00:00,0,0,0.0,[]
2020-11-08 12:00:00+00:00,0,0,0.0,[]
2020-11-08 12:05:00+00:00,0,0,0.0,[]
2020-11-08 12:10:00+00:00,0,0,0.0,[]
2020-11-08 12:15:00+00:00,0,0,0.0,[]
2020-11-08 12:20:00+00:00,0,0,0.0,[]
2020-11-08 12:25:00+00:00,0,0,0.0,[]
2020-11-08 12:30:00+00:00,0,0,0.0,[]
2020-11-08 12:35:00+00:00,0,0,0.0,[]
2020-11-08 12:40:00+00:00,0,0,0.0,[]
2020-11-08 12:45:00+00:00,0,0,0.0,[]
2020-11-08 12:50:00+00:00,0,0,0.0,[]
2020-11-08 12:55:00+00:00,0,0,0.0,[]
2020-11-08 13:00:00+00:00,0,0,0.0,[]
2020-11-08 13:05:00+00:00,0,0,0.0,[]
2020-11-08 13:10:00+00:00,0,0,0.0,[]
2020-11-08 13:15:00+00:00,0,0,0.0,[]
2020-11-08 13:20:00+00:00,0,0,0.0,[]
2020-11-08 13:25:00+00:00,0,0,0.0,[]
2020-11-08 13:30:00+00:00,0,0,0.0,[]
2020-11-08 13:35:00+00:00,0,0,0.0,[]
2020-11-08 13:40:00+00:00,2690,0,1.0,[2690]
2020-11-08 13:45:00+00:00,0,0,0.0,[]
2020-11-08 13:50:00+00:00,0,0,0.0,[]
2020-11-08 13:55:00+00:00,0,0,0.0,[]
2020-11-08 14:00:00+00:00,0,0,0.0,[]
2020-11-08 14:05:00+00:00,0,0,0.0,[]
2020-11-08 14:10:00+00:00,0,0,0.0,[]
2020-11-08 14:15:00+00:00,0,0,0.0,[]
2020-11-08 14:20:00+00:00,0,0,0.0,[]
2020-11-08 14:25:00+00:00,0,0,0.0,[]
2020-11-08 14:30:00+00:00,0,0,0.0,[]
2020-11-08 14:35:00+00:00,0,0,0.0,[]
2020-11-08 14:40:00+00:00,0,0,0.0,[]
2020-11-08 14:45:00+00:00,0,0,0.0,[]
2020-11-08 14:50:00+00:00,0,0,0.0,[]
2020-11-08 14:55:00+00:00,0,0,0.0,[]
2020-11-08 15:00:00+00:00,0,0,0.0,[]
2020-11-08 15:05:00+00:00,0,0,0.0,[]
2020-11-08 15:10:00+00:00,0,0,0.0,[]
2020-11-08 15:15:00+00:00,0,0,0.0,[]
2020-11-08 15:20:00+00:00,0,0,0.0,[]
2020-11-08 15:25:00+00:00,0,0,0.0,[]
2020-11-08 15:30:00+00:00,0,0,0.0,[]
2020-11-08 15:35:00+00:00,0,0,0.0,[]
2020-11-08 15:40:00+00:00,0,0,0.0,[]
2020-11-08 15:45:00+00:00,0,0,0.0,[]
2020-11-08 15:50:00+00:00,0,0,0.0,[]
2020-11-08 15:55:00+00:00,0,0,0.0,[]
2020-11-08 16:00:00+00:00,0,0,0.0,[]
2020-11-08 16:05:00+00:00,0,0,0.0,[]
2020-11-08 16:10:00+00:00,0,0,0.0,[]
2020-11-08 16:15:00+00:00,0,0,0.0,[]
2020-11-08 16:20:00+00:00,0,0,0.0,[]
2020-11-08 16:25:00+00:00,0,0,0.0,[]
2020-11-08 16:30:00+00:00,0,0,0.0,[]
2020-11-08 16:35:00+00:00,0,0,0.0,[]
2020-11-08 16:40:00+00:00,0,0,0.0,[]
2020-11-08 16:45:00+00:00,0,0,0.0,[]
2020-11-08 16:50:00+00:00,0,0,0.0,[]
2020-11-08 16:55:00+00:00,0,0,0.0,[]
2020-11-08 17:00:00+00:00,0,0,0.0,[]
2020-11-08 17:05:00+00:00,0,0,0.0,[]
2020-11-08 17:10:00+00:00,0,0,0.0,[]
2020-11-08 17:15:00+00:00,0,0,0.0,[]
2020-11-08 17:20:00+00:00,0,0,0.0,[]
2020-11-08 17:25:00+00:00,0,0,0.0,[]
2020-11-08 17:30:00+00:00,0,0,0.0,[]
2020-11-08 17:35:00+00:00,0,0,0.0,[]
2020-11-08 17:40:00+00:00,0,0,0.0,[]
2020-11-08 17:45:00+00:00,0,0,0.0,[]
2020-11-08 17:50:00+00:00,0,0,0.0,[]
2020-11-08 17:55:00+00:00,0,0,0.0,[]
2020-11-08 18:00:00+00:00,0,0,0.0,[]
2020-11-08 18:05:00+00:00,0,0,0.0,[]
2020-11-08 18:10:00+00:00,0,0,0.0,[]
2020-11-08 18:15:00+00:00,0,0,0.0,[]
2020-11-08 18:20:00+00:00,0,0,0.0,[]
2020-11-08 18:25:00+00:00,0,0,0.0,[]
2020-11-08 18:30:00+00:00,0,0,0.0,[]
2020-11-08 18:35:00+00:00,0,0,0.0,[]
2020-11-08 18:40:00+00:00,30,0,1.0,[30]
2020-11-08 18:45:00+00:00,0,0,0.0,[]
2020-11-08 18:50:00+00:00,0,0,0.0,[]
2020-11-08 18:55:00+00:00,0,0,0.0,[]
2020-11-08 19:00:00+00:00,0,0,0.0,[]
2020-11-08 19:05:00+00:00,0,0,0.0,[]
2020-11-08 19:10:00+00:00,0,0,0.0,[]
2020-11-08 19:15:00+00:00,0,0,0.0,[]
2020-11-08 19:20:00+00:00,0,0,0.0,[]
2020-11-08 19:25:00+00:00,0,0,0.0,[]
2020-11-08 19:30:00+00:00,0,0,0.0,[]
2020-11-08 19:35:00+00:00,0,0,0.0,[]
2020-11-08 19:40:00+00:00,0,0,0.0,[]
2020-11-08 19:45:00+00:00,0,0,0.0,[]
2020-11-08 19:50:00+00:00,0,0,0.0,[]
2020-11-08 19:55:00+00:00,0,0,0.0,[]
2020-11-08 20:00:00+00:00,0,0,0.0,[]
2020-11-08 20:05:00+00:00,0,0,0.0,[]
2020-11-08 20:10:00+00:00,0,0,0.0,[]
2020-11-08 20:15:00+00:00,0,0,0.0,[]
2020-11-08 20:20:00+00:00,0,0,0.0,[]
2020-11-08 20:25:00+00:00,0,0,0.0,[]
2020-11-08 20:30:00+00:00,0,0,0.0,[]
2020-11-08 20:35:00+00:00,0,0,0.0,[]
2020-11-08 20:40:00+00:00,0,0,0.0,[]
2020-11-08 20:45:00+00:00,0,0,0.0,[]
2020-11-08 20:50:00+00:00,0,0,0.0,[]
2020-11-08 20:55:00+00:00,0,0,0.0,[]
2020-11-08 21:00:00+00:00,0,0,0.0,[]
2020-11-08 21:05:00+00:00,0,0,0.0,[]
2020-11-08 21:10:00+00:00,0,0,0.0,[]
2020-11-08 21:15:00+00:00,0,0,0.0,[]
2020-11-08 21:20:00+00:00,0,0,0.0,[]
2020-11-08 21:25:00+00:00,0,0,0.0,[]
2020-11-08 21:30:00+00:00,0,0,0.0,[]
2020-11-08 21:35:00+00:00,0,0,0.0,[]
2020-11-08 21:40:00+00:00,0,0,0.0,[]
2020-11-08 21:45:00+00:00,240,0,1.0,[240]
2020-11-08 21:50:00+00:00,0,0,0.0,[]
2020-11-08 21:55:00+00:00,0,0,0.0,[]
2020-11-08 22:00:00+00:00,0,0,0.0,[]
2020-11-08 22:05:00+00:00,0,0,0.0,[]
2020-11-08 22:10:00+00:00,0,0,0.0,[]
2020-11-08 22:15:00+00:00,0,0,0.0,[]
2020-11-08 22:20:00+00:00,0,0,0.0,[]
2020-11-08 22:25:00+00:00,0,0,0.0,[]
2020-11-08 22:30:00+00:00,0,0,1.0,[0]
2020-11-08 22:35:00+00:00,0,0,0.0,[]
2020-11-08 22:40:00+00:00,0,0,0.0,[]
2020-11-08 22:45:00+00:00,0,0,0.0,[]
2020-11-08 22:50:00+00:00,0,0,0.0,[]
2020-11-08 22:55:00+00:00,0,0,0.0,[]
2020-11-08 23:00:00+00:00,0,0,0.0,[]
2020-11-08 23:05:00+00:00,0,0,0.0,[]
2020-11-08 23:10:00+00:00,0,0,0.0,[]
2020-11-08 23:15:00+00:00,0,0,0.0,[]
2020-11-08 23:20:00+00:00,0,0,0.0,[]
2020-11-08 23:25:00+00:00,0,0,0.0,[]
2020-11-08 23:30:00+00:00,0,0,0.0,[]
2020-11-08 23:35:00+00:00,0,0,0.0,[]
2020-11-08 23:40:00+00:00,0,0,0.0,[]
2020-11-08 23:45:00+00:00,0,0,0.0,[]
2020-11-08 23:50:00+00:00,0,0,0.0,[]
2020-11-08 23:55:00+00:00,0,0,0.0,[]
2020-11-09 00:00:00+00:00,0,0,0.0,[]
2020-11-09 00:05:00+00:00,0,0,0.0,[]
2020-11-09 00:10:00+00:00,0,0,0.0,[]
2020-11-09 00:15:00+00:00,0,0,0.0,[]
2020-11-09 00:20:00+00:00,0,0,0.0,[]
2020-11-09 00:25:00+00:00,0,0,0.0,[]
2020-11-09 00:30:00+00:00,0,0,0.0,[]
2020-11-09 00:35:00+00:00,0,0,0.0,[]
2020-11-09 00:40:00+00:00,0,0,0.0,[]
2020-11-09 00:45:00+00:00,0,0,0.0,[]
2020-11-09 00:50:00+00:00,0,0,0.0,[]
2020-11-09 00:55:00+00:00,0,0,0.0,[]
2020-11-09 01:00:00+00:00,0,0,0.0,[]
2020-11-09 01:05:00+00:00,0,0,0.0,[]
2020-11-09 01:10:00+00:00,0,0,0.0,[]
2020-11-09 01:15:00+00:00,0,0,0.0,[]
2020-11-09 01:20:00+00:00,0,0,0.0,[]
2020-11-09 01:25:00+00:00,0,0,0.0,[]
2020-11-09 01:30:00+00:00,0,0,0.0,[]
2020-11-09 01:35:00+00:00,0,0,0.0,[]
2020-11-09 01:40:00+00:00,0,0,0.0,[]
2020-11-09 01:45:00+00:00,0,0,0.0,[]
2020-11-09 01:50:00+00:00,0,0,0.0,[]
2020-11-09 01:55:00+00:00,0,0,0.0,[]
2020-11-09 02:00:00+00:00,0,0,0.0,[]
2020-11-09 02:05:00+00:00,0,0,0.0,[]
2020-11-09 02:10:00+00:00,0,0,0.0,[]
2020-11-09 02:15:00+00:00,0,0,0.0,[]
2020-11-09 02:20:00+00:00,0,0,0.0,[]
2020-11-09 02:25:00+00:00,0,0,0.0,[]
2020-11-09 02:30:00+00:00,0,0,0.0,[]
2020-11-09 02:35:00+00:00,0,0,0.0,[]
2020-11-09 02:40:00+00:00,0,0,0.0,[]
2020-11-09 02:45:00+00:00,0,0,0.0,[]
2020-11-09 02:50:00+00:00,0,0,0.0,[]
2020-11-09 02:55:00+00:00,0,0,0.0,[]
2020-11-09 03:00:00+00:00,0,0,0.0,[]
2020-11-09 03:05:00+00:00,0,0,0.0,[]
2020-11-09 03:10:00+00:00,0,0,0.0,[]
2020-11-09 03:15:00+00:00,0,0,0.0,[]
2020-11-09 03:20:00+00:00,0,0,0.0,[]
2020-11-09 03:25:00+00:00,0,0,0.0,[]
2020-11-09 03:30:00+00:00,0,0,0.0,[]
2020-11-09 03:35:00+00:00,0,0,0.0,[]
2020-11-09 03:40:00+00:00,0,0,0.0,[]
2020-11-09 03:45:00+00:00,0,0,0.0,[]
2020-11-09 03:50:00+00:00,0,0,0.0,[]
2020-11-09 03:55:00+00:00,0,0,0.0,[]
2020-11-09 04:00:00+00:00,830,0,1.0,[830]
2020-11-09 04:05:00+00:00,0,0,0.0,[]
2020-11-09 04:10:00+00:00,0,0,0.0,[]
2020-11-09 04:15:00+00:00,0,0,0.0,[]
2020-11-09 04:20:00+00:00,0,0,0.0,[]
2020-11-09 04:25:00+00:00,0,0,0.0,[]
2020-11-09 04:30:00+00:00,0,0,0.0,[]
2020-11-09 04:35:00+00:00,0,0,0.0,[]
2020-11-09 04:40:00+00:00,0,0,0.0,[]
2020-11-09 04:45:00+00:00,0,0,0.0,[]
2020-11-09 04:50:00+00:00,0,0,0.0,[]
2020-11-09 04:55:00+00:00,0,0,0.0,[]
2020-11-09 05:00:00+00:00,0,0,0.0,[]
2020-11-09 05:05:00+00:00,0,0,0.0,[]
2020-11-09 05:10:00+00:00,0,0,0.0,[]
2020-11-09 05:15:00+00:00,0,0,0.0,[]
2020-11-09 05:20:00+00:00,0,0,0.0,[]
2020-11-09 05:25:00+00:00,0,0,0.0,[]
2020-11-09 05:30:00+00:00,0,0,0.0,[]
2020-11-09 05:35:00+00:00,0,0,0.0,[]
2020-11-09 05:40:00+00:00,0,0,0.0,[]
2020-11-09 05:45:00+00:00,0,0,0.0,[]
2020-11-09 05:50:00+00:00,0,0,0.0,[]
2020-11-09 05:55:00+00:00,0,0,0.0,[]
2020-11-09 06:00:00+00:00,0,0,0.0,[]
2020-11-09 06:05:00+00:00,0,0,0.0,[]
2020-11-09 06:10:00+00:00,0,0,0.0,[]
2020-11-09 06:15:00+00:00,0,0,0.0,[]
2020-11-09 06:20:00+00:00,0,0,0.0,[]
2020-11-09 06:25:00+00:00,0,0,0.0,[]
2020-11-09 06:30:00+00:00,0,0,0.0,[]
2020-11-09 06:35:00+00:00,0,0,0.0,[]
2020-11-09 06:40:00+00:00,0,0,0.0,[]
2020-11-09 06:45:00+00:00,0,0,0.0,[]
2020-11-09 06:50:00+00:00,0,0,0.0,[]
2020-11-09 06:55:00+00:00,0,0,0.0,[]
2020-11-09 07:00:00+00:00,0,0,0.0,[]
2020-11-09 07:05:00+00:00,0,0,0.0,[]
2020-11-09 07:10:00+00:00,0,0,0.0,[]
2020-11-09 07:15:00+00:00,0,0,0.0,[]
2020-11-09 07:20:00+00:00,0,0,0.0,[]
2020-11-09 07:25:00+00:00,0,0,0.0,[]
2020-11-09 07:30:00+00:00,0,0,0.0,[]
2020-11-09 07:35:00+00:00,0,0,0.0,[]
2020-11-09 07:40:00+00:00,0,0,0.0,[]
2020-11-09 07:45:00+00:00,0,0,0.0,[]
2020-11-09 07:50:00+00:00,0,0,0.0,[]
2020-11-09 07:55:00+00:00,0,0,0.0,[]
2020-11-09 08:00:00+00:00,0,0,0.0,[]
2020-11-09 08:05:00+00:00,0,0,0.0,[]
2020-11-09 08:10:00+00:00,0,0,0.0,[]
2020-11-09 08:15:00+00:00,0,0,0.0,[]
2020-11-09 08:20:00+00:00,0,0,0.0,[]
2020-11-09 08:25:00+00:00,0,0,0.0,[]
2020-11-09 08:30:00+00:00,0,0,0.0,[]
2020-11-09 08:35:00+00:00,0,0,0.0,[]
2020-11-09 08:40:00+00:00,0,0,0.0,[]
2020-11-09 08:45:00+00:00,0,0,0.0,[]
2020-11-09 08:50:00+00:00,0,0,0.0,[]
2020-11-09 08:55:00+00:00,0,0,0.0,[]
2020-11-09 09:00:00+00:00,0,0,0.0,[]
2020-11-09 09:05:00+00:00,0,0,0.0,[]
2020-11-09 09:10:00+00:00,0,0,0.0,[]
2020-11-09 09:15:00+00:00,0,0,0.0,[]
2020-11-09 09:20:00+00:00,0,0,0.0,[]
2020-11-09 09:25:00+00:00,0,0,0.0,[]
2020-11-09 09:30:00+00:00,0,0,0.0,[]
2020-11-09 09:35:00+00:00,0,0,0.0,[]
2020-11-09 09:40:00+00:00,0,0,0.0,[]
2020-11-09 09:45:00+00:00,0,0,0.0,[]
2020-11-09 09:50:00+00:00,0,0,0.0,[]
2020-11-09 09:55:00+00:00,0,0,0.0,[]
2020-11-09 10:00:00+00:00,0,0,0.0,[]
2020-11-09 10:05:00+00:00,0,0,0.0,[]
2020-11-09 10:10:00+00:00,0,0,0.0,[]
2020-11-09 10:15:00+00:00,0,0,0.0,[]
2020-11-09 10:20:00+00:00,0,0,0.0,[]
2020-11-09 10:25:00+00:00,0,0,0.0,[]
2020-11-09 10:30:00+00:00,0,0,0.0,[]
2020-11-09 10:35:00+00:00,0,0,0.0,[]
2020-11-09 10:40:00+00:00,0,0,0.0,[]
2020-11-09 10:45:00+00:00,0,0,0.0,[]
2020-11-09 10:50:00+00:00,0,0,0.0,[]
2020-11-09 10:55:00+00:00,0,0,0.0,[]
2020-11-09 11:00:00+00:00,0,0,0.0,[]
2020-11-09 11:05:00+00:00,0,0,0.0,[]
2020-11-09 11:10:00+00:00,0,0,0.0,[]
2020-11-09 11:15:00+00:00,0,0,0.0,[]
2020-11-09 11:20:00+00:00,0,0,0.0,[]
2020-11-09 11:25:00+00:00,0,0,0.0,[]
2020-11-09 11:30:00+00:00,0,0,0.0,[]
2020-11-09 11:35:00+00:00,0,0,0.0,[]
2020-11-09 11:40:00+00:00,0,0,0.0,[]
2020-11-09 11:45:00+00:00,0,0,0.0,[]
2020-11-09 11:50:00+00:00,0,0,0.0,[]
2020-11-09 11:55:00+00:00,0,0,0.0,[]
2020-11-09 12:00:00+00:00,0,0,0.0,[]
2020-11-09 12:05:00+00:00,0,0,0.0,[]
2020-11-09 12:10:00+00:00,0,0,0.0,[]
2020-11-09 12:15:00+00:00,0,0,0.0,[]
2020-11-09 12:20:00+00:00,0,0,0.0,[]
2020-11-09 12:25:00+00:00,0,0,0.0,[]
2020-11-09 12:30:00+00:00,0,0,0.0,[]
2020-11-09 12:35:00+00:00,0,0,0.0,[]
2020-11-09 12:40:00+00:00,0,0,0.0,[]
2020-11-09 12:45:00+00:00,0,0,0.0,[]
2020-11-09 12:50:00+00:00,0,0,0.0,[]
2020-11-09 12:55:00+00:00,0,0,0.0,[]
2020-11-09 13:00:00+00:00,0,0,0.0,[]
2020-11-09 13:05:00+00:00,0,0,0.0,[]
2020-11-09 13:10:00+00:00,0,0,0.0,[]
2020-11-09 13:15:00+00:00,430,0,1.0,[430]
2020-11-09 13:20:00+00:00,0,0,0.0,[]
2020-11-09 13:25:00+00:00,0,0,0.0,[]
2020-11-09 13:30:00+00:00,0,0,0.0,[]
2020-11-09 13:35:00+00:00,0,0,0.0,[]
2020-11-09 13:40:00+00:00,0,0,0.0,[]
2020-11-09 13:45:00+00:00,0,0,0.0,[]
2020-11-09 13:50:00+00:00,0,0,0.0,[]
2020-11-09 13:55:00+00:00,0,0,0.0,[]
2020-11-09 14:00:00+00:00,0,0,0.0,[]
2020-11-09 14:05:00+00:00,0,0,0.0,[]
2020-11-09 14:10:00+00:00,0,0,0.0,[]
2020-11-09 14:15:00+00:00,0,0,0.0,[]
2020-11-09 14:20:00+00:00,0,0,0.0,[]
2020-11-09 14:25:00+00:00,0,0,0.0,[]
2020-11-09 14:30:00+00:00,0,0,0.0,[]
2020-11-09 14:35:00+00:00,0,0,0.0,[]
2020-11-09 14:40:00+00:00,0,0,0.0,[]
2020-11-09 14:45:00+00:00,0,0,0.0,[]
2020-11-09 14:50:00+00:00,0,0,0.0,[]
2020-11-09 14:55:00+00:00,0,0,0.0,[]
2020-11-09 15:00:00+00:00,0,0,0.0,[]
2020-11-09 15:05:00+00:00,0,0,0.0,[]
2020-11-09 15:10:00+00:00,0,0,0.0,[]
2020-11-09 15:15:00+00:00,0,0,0.0,[]
2020-11-09 15:20:00+00:00,0,0,0.0,[]
2020-11-09 15:25:00+00:00,0,0,0.0,[]
2020-11-09 15:30:00+00:00,0,0,0.0,[]
2020-11-09 15:35:00+00:00,0,0,0.0,[]
2020-11-09 15:40:00+00:00,0,0,0.0,[]
2020-11-09 15:45:00+00:00,0,0,0.0,[]
2020-11-09 15:50:00+00:00,0,0,0.0,[]
2020-11-09 15:55:00+00:00,0,0,0.0,[]
2020-11-09 16:00:00+00:00,0,0,0.0,[]
2020-11-09 16:05:00+00:00,0,0,0.0,[]
2020-11-09 16:10:00+00:00,0,0,0.0,[]
2020-11-09 16:15:00+00:00,0,0,0.0,[]
2020-11-09 16:20:00+00:00,0,0,0.0,[]
2020-11-09 16:25:00+00:00,0,0,0.0,[]
2020-11-09 16:30:00+00:00,0,0,0.0,[]
2020-11-09 16:35:00+00:00,0,0,0.0,[]
2020-11-09 16:40:00+00:00,0,0,0.0,[]
2020-11-09 16:45:00+00:00,0,0,0.0,[]
2020-11-09 16:50:00+00:00,0,0,0.0,[]
2020-11-09 16:55:00+00:00,0,0,0.0,[]
2020-11-09 17:00:00+00:00,0,0,0.0,[]
2020-11-09 17:05:00+00:00,0,0,0.0,[]
2020-11-09 17:10:00+00:00,0,0,0.0,[]
2020-11-09 17:15:00+00:00,0,0,0.0,[]
2020-11-09 17:20:00+00:00,0,0,0.0,[]
2020-11-09 17:25:00+00:00,0,0,0.0,[]
2020-11-09 17:30:00+00:00,0,0,0.0,[]
2020-11-09 17:35:00+00:00,0,0,0.0,[]
2020-11-09 17:40:00+00:00,0,0,0.0,[]
2020-11-09 17:45:00+00:00,0,0,0.0,[]
2020-11-09 17:50:00+00:00,0,0,0.0,[]
2020-11-09 17:55:00+00:00,0,0,0.0,[]
2020-11-09 18:00:00+00:00,0,0,0.0,[]
2020-11-09 18:05:00+00:00,0,0,0.0,[]
2020-11-09 18:10:00+00:00,10,0,1.0,[10]
2020-11-09 18:15:00+00:00,0,0,0.0,[]
2020-11-09 18:20:00+00:00,0,0,0.0,[]
2020-11-09 18:25:00+00:00,0,0,0.0,[]
2020-11-09 18:30:00+00:00,0,0,0.0,[]
2020-11-09 18:35:00+00:00,0,0,0.0,[]
2020-11-09 18:40:00+00:00,0,0,0.0,[]
2020-11-09 18:45:00+00:00,0,0,0.0,[]
2020-11-09 18:50:00+00:00,0,0,0.0,[]
2020-11-09 18:55:00+00:00,0,0,0.0,[]
2020-11-09 19:00:00+00:00,0,0,0.0,[]
2020-11-09 19:05:00+00:00,0,0,0.0,[]
2020-11-09 19:10:00+00:00,0,0,0.0,[]
2020-11-09 19:15:00+00:00,0,0,0.0,[]
2020-11-09 19:20:00+00:00,0,0,0.0,[]
2020-11-09 19:25:00+00:00,0,0,0.0,[]
2020-11-09 19:30:00+00:00,0,0,0.0,[]
2020-11-09 19:35:00+00:00,0,0,0.0,[]
2020-11-09 19:40:00+00:00,0,0,0.0,[]
2020-11-09 19:45:00+00:00,0,0,0.0,[]
2020-11-09 19:50:00+00:00,0,0,0.0,[]
2020-11-09 19:55:00+00:00,0,0,0.0,[]
2020-11-09 20:00:00+00:00,0,0,0.0,[]
2020-11-09 20:05:00+00:00,0,0,0.0,[]
2020-11-09 20:10:00+00:00,0,0,0.0,[]
2020-11-09 20:15:00+00:00,0,0,0.0,[]
2020-11-09 20:20:00+00:00,0,0,0.0,[]
2020-11-09 20:25:00+00:00,0,0,0.0,[]
2020-11-09 20:30:00+00:00,0,0,0.0,[]
2020-11-09 20:35:00+00:00,0,0,0.0,[]
2020-11-09 20:40:00+00:00,0,0,0.0,[]
2020-11-09 20:45:00+00:00,0,0,0.0,[]
2020-11-09 20:50:00+00:00,0,0,0.0,[]
2020-11-09 20:55:00+00:00,0,0,0.0,[]
2020-11-09 21:00:00+00:00,0,0,0.0,[]
2020-11-09 21:05:00+00:00,0,0,0.0,[]
2020-11-09 21:10:00+00:00,0,0,0.0,[]
2020-11-09 21:15:00+00:00,0,0,0.0,[]
2020-11-09 21:20:00+00:00,0,0,0.0,[]
2020-11-09 21:25:00+00:00,0,0,0.0,[]
2020-11-09 21:30:00+00:00,0,0,0.0,[]
2020-11-09 21:35:00+00:00,0,0,0.0,[]
2020-11-09 21:40:00+00:00,0,0,0.0,[]
2020-11-09 21:45:00+00:00,0,0,0.0,[]
2020-11-09 21:50:00+00:00,0,0,0.0,[]
2020-11-09 21:55:00+00:00,0,0,0.0,[]
2020-11-09 22:00:00+00:00,0,0,0.0,[]
2020-11-09 22:05:00+00:00,0,0,0.0,[]
2020-11-09 22:10:00+00:00,0,0,0.0,[]
2020-11-09 22:15:00+00:00,0,0,0.0,[]
2020-11-09 22:20:00+00:00,0,0,0.0,[]
2020-11-09 22:25:00+00:00,0,0,0.0,[]
2020-11-09 22:30:00+00:00,0,0,0.0,[]
2020-11-09 22:35:00+00:00,0,0,0.0,[]
2020-11-09 22:40:00+00:00,0,0,0.0,[]
2020-11-09 22:45:00+00:00,0,0,0.0,[]
2020-11-09 22:50:00+00:00,0,0,0.0,[]
2020-11-09 22:55:00+00:00,0,0,0.0,[]
2020-11-09 23:00:00+00:00,0,0,0.0,[]
2020-11-09 23:05:00+00:00,0,0,0.0,[]
2020-11-09 23:10:00+00:00,0,0,0.0,[]
2020-11-09 23:15:00+00:00,0,0,0.0,[]
2020-11-09 23:20:00+00:00,0,0,0.0,[]
2020-11-09 23:25:00+00:00,0,0,0.0,[]
2020-11-09 23:30:00+00:00,0,0,0.0,[]
2020-11-09 23:35:00+00:00,0,0,0.0,[]
2020-11-09 23:40:00+00:00,0,0,0.0,[]
2020-11-09 23:45:00+00:00,0,0,0.0,[]
2020-11-09 23:50:00+00:00,0,0,0.0,[]
2020-11-09 23:55:00+00:00,0,0,0.0,[]
2020-11-10 00:00:00+00:00,0,0,0.0,[]
2020-11-10 00:05:00+00:00,0,0,0.0,[]
2020-11-10 00:10:00+00:00,0,0,0.0,[]
2020-11-10 00:15:00+00:00,740,0,1.0,[740]
2020-11-10 00:20:00+00:00,0,0,0.0,[]
2020-11-10 00:25:00+00:00,0,0,0.0,[]
2020-11-10 00:30:00+00:00,0,0,0.0,[]
2020-11-10 00:35:00+00:00,0,0,0.0,[]
2020-11-10 00:40:00+00:00,0,0,0.0,[]
2020-11-10 00:45:00+00:00,0,0,0.0,[]
2020-11-10 00:50:00+00:00,0,0,0.0,[]
2020-11-10 00:55:00+00:00,0,0,0.0,[]
2020-11-10 01:00:00+00:00,0,0,0.0,[]
2020-11-10 01:05:00+00:00,0,0,0.0,[]
2020-11-10 01:10:00+00:00,0,0,0.0,[]
2020-11-10 01:15:00+00:00,0,0,0.0,[]
2020-11-10 01:20:00+00:00,0,0,0.0,[]
2020-11-10 01:25:00+00:00,0,0,0.0,[]
2020-11-10 01:30:00+00:00,0,0,0.0,[]
2020-11-10 01:35:00+00:00,0,0,0.0,[]
2020-11-10 01:40:00+00:00,0,0,0.0,[]
2020-11-10 01:45:00+00:00,0,0,0.0,[]
2020-11-10 01:50:00+00:00,0,0,0.0,[]
2020-11-10 01:55:00+00:00,0,0,0.0,[]
2020-11-10 02:00:00+00:00,0,0,0.0,[]
2020-11-10 02:05:00+00:00,0,0,0.0,[]
2020-11-10 02:10:00+00:00,0,0,0.0,[]
2020-11-10 02:15:00+00:00,0,0,0.0,[]
2020-11-10 02:20:00+00:00,0,0,0.0,[]
2020-11-10 02:25:00+00:00,0,0,0.0,[]
2020-11-10 02:30:00+00:00,0,0,0.0,[]
2020-11-10 02:35:00+00:00,0,0,0.0,[]
2020-11-10 02:40:00+00:00,0,0,0.0,[]
2020-11-10 02:45:00+00:00,0,0,0.0,[]
2020-11-10 02:50:00+00:00,0,0,0.0,[]
2020-11-10 02:55:00+00:00,0,0,0.0,[]
2020-11-10 03:00:00+00:00,0,0,0.0,[]
2020-11-10 03:05:00+00:00,0,0,0.0,[]
2020-11-10 03:10:00+00:00,0,0,0.0,[]
2020-11-10 03:15:00+00:00,0,0,0.0,[]
2020-11-10 03:20:00+00:00,0,0,0.0,[]
2020-11-10 03:25:00+00:00,0,0,0.0,[]
2020-11-10 03:30:00+00:00,0,0,0.0,[]
2020-11-10 03:35:00+00:00,0,0,0.0,[]
2020-11-10 03:40:00+00:00,0,0,0.0,[]
2020-11-10 03:45:00+00:00,0,0,0.0,[]
2020-11-10 03:50:00+00:00,0,0,0.0,[]
2020-11-10 03:55:00+00:00,0,0,0.0,[]
2020-11-10 04:00:00+00:00,0,0,0.0,[]
2020-11-10 04:05:00+00:00,0,0,0.0,[]
2020-11-10 04:10:00+00:00,0,0,0.0,[]
2020-11-10 04:15:00+00:00,0,0,0.0,[]
2020-11-10 04:20:00+00:00,0,0,0.0,[]
2020-11-10 04:25:00+00:00,0,0,0.0,[]
2020-11-10 04:30:00+00:00,0,0,0.0,[]
2020-11-10 04:35:00+00:00,0,0,0.0,[]
2020-11-10 04:40:00+00:00,0,0,0.0,[]
2020-11-10 04:45:00+00:00,0,0,0.0,[]
2020-11-10 04:50:00+00:00,0,0,0.0,[]
2020-11-10 04:55:00+00:00,0,0,0.0,[]
2020-11-10 05:00:00+00:00,0,0,0.0,[]
2020-11-10 05:05:00+00:00,0,0,0.0,[]
2020-11-10 05:10:00+00:00,0,0,0.0,[]
2020-11-10 05:15:00+00:00,0,0,0.0,[]
2020-11-10 05:20:00+00:00,0,0,0.0,[]
2020-11-10 05:25:00+00:00,0,0,0.0,[]
2020-11-10 05:30:00+00:00,0,0,0.0,[]
2020-11-10 05:35:00+00:00,0,0,0.0,[]
2020-11-10 05:40:00+00:00,0,0,0.0,[]
2020-11-10 05:45:00+00:00,0,0,0.0,[]
2020-11-10 05:50:00+00:00,0,0,0.0,[]
2020-11-10 05:55:00+00:00,0,0,0.0,[]
2020-11-10 06:00:00+00:00,0,0,0.0,[]
2020-11-10 06:05:00+00:00,0,0,0.0,[]
2020-11-10 06:10:00+00:00,0,0,0.0,[]
2020-11-10 06:15:00+00:00,0,0,0.0,[]
2020-11-10 06:20:00+00:00,0,0,0.0,[]
2020-11-10 06:25:00+00:00,0,0,0.0,[]
2020-11-10 06:30:00+00:00,0,0,0.0,[]
2020-11-10 06:35:00+00:00,0,0,0.0,[]
2020-11-10 06:40:00+00:00,0,0,0.0,[]
2020-11-10 06:45:00+00:00,0,0,0.0,[]
2020-11-10 06:50:00+00:00,0,0,0.0,[]
2020-11-10 06:55:00+00:00,0,0,0.0,[]
2020-11-10 07:00:00+00:00,0,0,0.0,[]
2020-11-10 07:05:00+00:00,0,0,0.0,[]
2020-11-10 07:10:00+00:00,0,0,0.0,[]
2020-11-10 07:15:00+00:00,0,0,0.0,[]
2020-11-10 07:20:00+00:00,0,0,0.0,[]
2020-11-10 07:25:00+00:00,0,0,0.0,[]
2020-11-10 07:30:00+00:00,0,0,0.0,[]
2020-11-10 07:35:00+00:00,0,0,0.0,[]
2020-11-10 07:40:00+00:00,0,0,0.0,[]
2020-11-10 07:45:00+00:00,0,0,0.0,[]
2020-11-10 07:50:00+00:00,0,0,0.0,[]
2020-11-10 07:55:00+00:00,0,0,0.0,[]
2020-11-10 08:00:00+00:00,0,0,0.0,[]
2020-11-10 08:05:00+00:00,0,0,0.0,[]
2020-11-10 08:10:00+00:00,0,0,0.0,[]
2020-11-10 08:15:00+00:00,0,0,0.0,[]
2020-11-10 08:20:00+00:00,0,0,0.0,[]
2020-11-10 08:25:00+00:00,0,0,0.0,[]
2020-11-10 08:30:00+00:00,0,0,0.0,[]
2020-11-10 08:35:00+00:00,0,0,0.0,[]
2020-11-10 08:40:00+00:00,0,0,0.0,[]
2020-11-10 08:45:00+00:00,0,0,0.0,[]
2020-11-10 08:50:00+00:00,0,0,0.0,[]
2020-11-10 08:55:00+00:00,0,0,0.0,[]
2020-11-10 09:00:00+00:00,0,0,0.0,[]
2020-11-10 09:05:00+00:00,0,0,0.0,[]
2020-11-10 09:10:00+00:00,0,0,0.0,[]
2020-11-10 09:15:00+00:00,0,0,0.0,[]
2020-11-10 09:20:00+00:00,0,0,0.0,[]
2020-11-10 09:25:00+00:00,0,0,0.0,[]
2020-11-10 09:30:00+00:00,0,0,0.0,[]
2020-11-10 09:35:00+00:00,0,0,0.0,[]
2020-11-10 09:40:00+00:00,0,0,0.0,[]
2020-11-10 09:45:00+00:00,0,0,0.0,[]
2020-11-10 09:50:00+00:00,0,0,0.0,[]
2020-11-10 09:55:00+00:00,0,0,0.0,[]
2020-11-10 10:00:00+00:00,0,0,0.0,[]
2020-11-10 10:05:00+00:00,0,0,0.0,[]
2020-11-10 10:10:00+00:00,0,0,0.0,[]
2020-11-10 10:15:00+00:00,0,0,0.0,[]
2020-11-10 10:20:00+00:00,0,0,0.0,[]
2020-11-10 10:25:00+00:00,0,0,0.0,[]
2020-11-10 10:30:00+00:00,0,0,0.0,[]
2020-11-10 10:35:00+00:00,0,0,0.0,[]
2020-11-10 10:40:00+00:00,0,0,0.0,[]
2020-11-10 10:45:00+00:00,0,0,0.0,[]
2020-11-10 10:50:00+00:00,0,0,0.0,[]
2020-11-10 10:55:00+00:00,0,0,0.0,[]
2020-11-10 11:00:00+00:00,0,0,0.0,[]
2020-11-10 11:05:00+00:00,0,0,0.0,[]
2020-11-10 11:10:00+00:00,0,0,0.0,[]
2020-11-10 11:15:00+00:00,0,0,0.0,[]
2020-11-10 11:20:00+00:00,0,0,0.0,[]
2020-11-10 11:25:00+00:00,0,0,0.0,[]
2020-11-10 11:30:00+00:00,0,0,0.0,[]
2020-11-10 11:35:00+00:00,0,0,0.0,[]
2020-11-10 11:40:00+00:00,0,0,0.0,[]
2020-11-10 11:45:00+00:00,0,0,0.0,[]
2020-11-10 11:50:00+00:00,0,0,0.0,[]
2020-11-10 11:55:00+00:00,0,0,0.0,[]
2020-11-10 12:00:00+00:00,0,0,0.0,[]
2020-11-10 12:05:00+00:00,0,0,0.0,[]
2020-11-10 12:10:00+00:00,0,0,0.0,[]
2020-11-10 12:15:00+00:00,0,0,0.0,[]
2020-11-10 12:20:00+00:00,0,0,0.0,[]
2020-11-10 12:25:00+00:00,0,0,0.0,[]
2020-11-10 12:30:00+00:00,0,0,0.0,[]
2020-11-10 12:35:00+00:00,0,0,0.0,[]
2020-11-10 12:40:00+00:00,0,0,0.0,[]
2020-11-10 12:45:00+00:00,0,0,0.0,[]
2020-11-10 12:50:00+00:00,0,0,0.0,[]
2020-11-10 12:55:00+00:00,0,0,0.0,[]
2020-11-10 13:00:00+00:00,0,0,0.0,[]
2020-11-10 13:05:00+00:00,0,0,0.0,[]
2020-11-10 13:10:00+00:00,0,0,0.0,[]
2020-11-10 13:15:00+00:00,0,0,0.0,[]
2020-11-10 13:20:00+00:00,0,0,0.0,[]
2020-11-10 13:25:00+00:00,0,0,0.0,[]
2020-11-10 13:30:00+00:00,0,0,0.0,[]
2020-11-10 13:35:00+00:00,0,0,0.0,[]
2020-11-10 13:40:00+00:00,0,0,0.0,[]
2020-11-10 13:45:00+00:00,0,0,0.0,[]
2020-11-10 13:50:00+00:00,0,0,0.0,[]
2020-11-10 13:55:00+00:00,0,0,0.0,[]
2020-11-10 14:00:00+00:00,0,0,0.0,[]
2020-11-10 14:05:00+00:00,0,0,0.0,[]
2020-11-10 14:10:00+00:00,0,0,0.0,[]
2020-11-10 14:15:00+00:00,0,0,0.0,[]
2020-11-10 14:20:00+00:00,0,0,0.0,[]
2020-11-10 14:25:00+00:00,0,0,0.0,[]
2020-11-10 14:30:00+00:00,0,0,0.0,[]
2020-11-10 14:35:00+00:00,0,0,0.0,[]
2020-11-10 14:40:00+00:00,0,0,0.0,[]
2020-11-10 14:45:00+00:00,0,0,0.0,[]
2020-11-10 14:50:00+00:00,0,0,0.0,[]
2020-11-10 14:55:00+00:00,0,0,0.0,[]
2020-11-10 15:00:00+00:00,0,0,0.0,[]
2020-11-10 15:05:00+00:00,0,0,0.0,[]
2020-11-10 15:10:00+00:00,0,0,0.0,[]
2020-11-10 15:15:00+00:00,0,0,0.0,[]
2020-11-10 15:20:00+00:00,0,0,0.0,[]
2020-11-10 15:25:00+00:00,0,0,0.0,[]
2020-11-10 15:30:00+00:00,0,0,0.0,[]
2020-11-10 15:35:00+00:00,0,0,0.0,[]
2020-11-10 15:40:00+00:00,0,0,0.0,[]
2020-11-10 15:45:00+00:00,0,0,0.0,[]
2020-11-10 15:50:00+00:00,0,0,0.0,[]
2020-11-10 15:55:00+00:00,0,0,0.0,[]
2020-11-10 16:00:00+00:00,0,0,0.0,[]
2020-11-10 16:05:00+00:00,0,0,0.0,[]
2020-11-10 16:10:00+00:00,0,0,0.0,[]
2020-11-10 16:15:00+00:00,0,0,0.0,[]
2020-11-10 16:20:00+00:00,0,0,0.0,[]
2020-11-10 16:25:00+00:00,0,0,0.0,[]
2020-11-10 16:30:00+00:00,0,0,0.0,[]
2020-11-10 16:35:00+00:00,0,0,0.0,[]
2020-11-10 16:40:00+00:00,0,0,0.0,[]
2020-11-10 16:45:00+00:00,0,0,0.0,[]
2020-11-10 16:50:00+00:00,0,0,0.0,[]
2020-11-10 16:55:00+00:00,0,0,0.0,[]
2020-11-10 17:00:00+00:00,0,0,0.0,[]
2020-11-10 17:05:00+00:00,0,0,0.0,[]
2020-11-10 17:10:00+00:00,0,0,0.0,[]
2020-11-10 17:15:00+00:00,0,0,0.0,[]
2020-11-10 17:20:00+00:00,0,0,0.0,[]
2020-11-10 17:25:00+00:00,0,0,0.0,[]
2020-11-10 17:30:00+00:00,0,0,0.0,[]
2020-11-10 17:35:00+00:00,0,0,0.0,[]
2020-11-10 17:40:00+00:00,0,0,0.0,[]
2020-11-10 17:45:00+00:00,0,0,0.0,[]
2020-11-10 17:50:00+00:00,0,0,0.0,[]
2020-11-10 17:55:00+00:00,0,0,0.0,[]
2020-11-10 18:00:00+00:00,0,0,0.0,[]
2020-11-10 18:05:00+00:00,0,0,0.0,[]
2020-11-10 18:10:00+00:00,0,0,0.0,[]
2020-11-10 18:15:00+00:00,0,0,0.0,[]
2020-11-10 18:20:00+00:00,0,0,0.0,[]
2020-11-10 18:25:00+00:00,0,0,0.0,[]
2020-11-10 18:30:00+00:00,0,0,0.0,[]
2020-11-10 18:35:00+00:00,0,0,0.0,[]
2020-11-10 18:40:00+00:00,0,0,0.0,[]
2020-11-10 18:45:00+00:00,0,0,0.0,[]
2020-11-10 18:50:00+00:00,0,0,0.0,[]
2020-11-10 18:55:00+00:00,70,0,1.0,[70]
2020-11-10 19:00:00+00:00,0,0,0.0,[]
2020-11-10 19:05:00+00:00,0,0,0.0,[]
2020-11-10 19:10:00+00:00,0,0,0.0,[]
2020-11-10 19:15:00+00:00,0,0,0.0,[]
2020-11-10 19:20:00+00:00,0,0,0.0,[]
2020-11-10 19:25:00+00:00,0,0,0.0,[]
2020-11-10 19:30:00+00:00,0,0,0.0,[]
2020-11-10 19:35:00+00:00,0,0,0.0,[]
2020-11-10 19:40:00+00:00,0,0,0.0,[]
2020-11-10 19:45:00+00:00,0,0,0.0,[]
2020-11-10 19:50:00+00:00,0,0,0.0,[]
2020-11-10 19:55:00+00:00,0,0,0.0,[]
2020-11-10 20:00:00+00:00,0,0,0.0,[]
2020-11-10 20:05:00+00:00,0,0,0.0,[]
2020-11-10 20:10:00+00:00,0,0,0.0,[]
2020-11-10 20:15:00+00:00,0,0,0.0,[]
2020-11-10 20:20:00+00:00,0,0,0.0,[]
2020-11-10 20:25:00+00:00,0,0,0.0,[]
2020-11-10 20:30:00+00:00,0,0,0.0,[]
2020-11-10 20:35:00+00:00,0,0,0.0,[]
2020-11-10 20:40:00+00:00,0,0,0.0,[]
2020-11-10 20:45:00+00:00,0,0,0.0,[]
2020-11-10 20:50:00+00:00,0,0,0.0,[]
2020-11-10 20:55:00+00:00,0,0,0.0,[]
2020-11-10 21:00:00+00:00,0,0,0.0,[]
2020-11-10 21:05:00+00:00,0,0,0.0,[]
2020-11-10 21:10:00+00:00,0,0,0.0,[]
2020-11-10 21:15:00+00:00,0,0,0.0,[]
2020-11-10 21:20:00+00:00,0,0,0.0,[]
2020-11-10 21:25:00+00:00,0,0,0.0,[]
2020-11-10 21:30:00+00:00,0,0,0.0,[]
2020-11-10 21:35:00+00:00,0,0,0.0,[]
2020-11-10 21:40:00+00:00,0,0,0.0,[]
2020-11-10 21:45:00+00:00,0,0,0.0,[]
2020-11-10 21:50:00+00:00,0,0,0.0,[]
2020-11-10 21:55:00+00:00,0,0,0.0,[]
2020-11-10 22:00:00+00:00,0,0,0.0,[]
2020-11-10 22:05:00+00:00,0,0,0.0,[]
2020-11-10 22:10:00+00:00,0,0,0.0,[]
2020-11-10 22:15:00+00:00,0,0,0.0,[]
2020-11-10 22:20:00+00:00,0,0,0.0,[]
2020-11-10 22:25:00+00:00,0,0,0.0,[]
2020-11-10 22:30:00+00:00,0,0,0.0,[]
2020-11-10 22:35:00+00:00,0,0,0.0,[]
2020-11-10 22:40:00+00:00,0,0,0.0,[]
2020-11-10 22:45:00+00:00,0,0,0.0,[]
2020-11-10 22:50:00+00:00,0,0,0.0,[]
2020-11-10 22:55:00+00:00,0,0,0.0,[]
2020-11-10 23:00:00+00:00,0,0,0.0,[]
2020-11-10 23:05:00+00:00,0,0,0.0,[]
2020-11-10 23:10:00+00:00,0,0,0.0,[]
2020-11-10 23:15:00+00:00,0,0,0.0,[]
2020-11-10 23:20:00+00:00,0,0,0.0,[]
2020-11-10 23:25:00+00:00,0,0,0.0,[]
2020-11-10 23:30:00+00:00,0,0,0.0,[]
2020-11-10 23:35:00+00:00,0,0,0.0,[]
2020-11-10 23:40:00+00:00,0,0,0.0,[]
2020-11-10 23:45:00+00:00,0,0,0.0,[]
2020-11-10 23:50:00+00:00,0,0,0.0,[]
2020-11-10 23:55:00+00:00,0,0,0.0,[]
2020-11-11 00:00:00+00:00,0,0,0.0,[]
2020-11-11 00:05:00+00:00,0,0,0.0,[]
2020-11-11 00:10:00+00:00,0,0,0.0,[]
2020-11-11 00:15:00+00:00,0,0,0.0,[]
2020-11-11 00:20:00+00:00,0,0,0.0,[]
2020-11-11 00:25:00+00:00,0,0,0.0,[]
2020-11-11 00:30:00+00:00,0,0,0.0,[]
2020-11-11 00:35:00+00:00,0,0,0.0,[]
2020-11-11 00:40:00+00:00,0,0,0.0,[]
2020-11-11 00:45:00+00:00,0,0,0.0,[]
2020-11-11 00:50:00+00:00,0,0,0.0,[]
2020-11-11 00:55:00+00:00,0,0,0.0,[]
2020-11-11 01:00:00+00:00,0,0,0.0,[]
2020-11-11 01:05:00+00:00,0,0,0.0,[]
2020-11-11 01:10:00+00:00,0,0,0.0,[]
2020-11-11 01:15:00+00:00,0,0,0.0,[]
2020-11-11 01:20:00+00:00,0,0,0.0,[]
2020-11-11 01:25:00+00:00,0,0,0.0,[]
2020-11-11 01:30:00+00:00,0,0,0.0,[]
2020-11-11 01:35:00+00:00,0,0,0.0,[]
2020-11-11 01:40:00+00:00,0,0,0.0,[]
2020-11-11 01:45:00+00:00,0,0,0.0,[]
2020-11-11 01:50:00+00:00,0,0,0.0,[]
2020-11-11 01:55:00+00:00,0,0,0.0,[]
2020-11-11 02:00:00+00:00,0,0,0.0,[]
2020-11-11 02:05:00+00:00,0,0,0.0,[]
2020-11-11 02:10:00+00:00,0,0,0.0,[]
2020-11-11 02:15:00+00:00,0,0,0.0,[]
2020-11-11 02:20:00+00:00,0,0,0.0,[]
2020-11-11 02:25:00+00:00,0,0,0.0,[]
2020-11-11 02:30:00+00:00,0,0,0.0,[]
2020-11-11 02:35:00+00:00,0,0,0.0,[]
2020-11-11 02:40:00+00:00,0,0,0.0,[]
2020-11-11 02:45:00+00:00,0,0,0.0,[]
2020-11-11 02:50:00+00:00,0,0,0.0,[]
2020-11-11 02:55:00+00:00,0,0,0.0,[]
2020-11-11 03:00:00+00:00,0,0,0.0,[]
2020-11-11 03:05:00+00:00,0,0,0.0,[]
2020-11-11 03:10:00+00:00,0,0,0.0,[]
2020-11-11 03:15:00+00:00,0,0,0.0,[]
2020-11-11 03:20:00+00:00,0,0,0.0,[]
2020-11-11 03:25:00+00:00,0,0,0.0,[]
2020-11-11 03:30:00+00:00,0,0,0.0,[]
2020-11-11 03:35:00+00:00,0,0,0.0,[]
2020-11-11 03:40:00+00:00,0,0,0.0,[]
2020-11-11 03:45:00+00:00,0,0,0.0,[]
2020-11-11 03:50:00+00:00,0,0,0.0,[]
2020-11-11 03:55:00+00:00,0,0,0.0,[]
2020-11-11 04:00:00+00:00,0,0,0.0,[]
2020-11-11 04:05:00+00:00,0,0,0.0,[]
2020-11-11 04:10:00+00:00,0,0,0.0,[]
2020-11-11 04:15:00+00:00,0,0,0.0,[]
2020-11-11 04:20:00+00:00,0,0,0.0,[]
2020-11-11 04:25:00+00:00,0,0,0.0,[]
2020-11-11 04:30:00+00:00,0,0,0.0,[]
2020-11-11 04:35:00+00:00,0,0,0.0,[]
2020-11-11 04:40:00+00:00,0,0,0.0,[]
2020-11-11 04:45:00+00:00,0,0,0.0,[]
2020-11-11 04:50:00+00:00,0,0,0.0,[]
2020-11-11 04:55:00+00:00,0,0,0.0,[]
2020-11-11 05:00:00+00:00,0,0,0.0,[]
2020-11-11 05:05:00+00:00,0,0,0.0,[]
2020-11-11 05:10:00+00:00,0,0,0.0,[]
2020-11-11 05:15:00+00:00,0,0,0.0,[]
2020-11-11 05:20:00+00:00,0,0,0.0,[]
2020-11-11 05:25:00+00:00,0,0,0.0,[]
2020-11-11 05:30:00+00:00,0,0,0.0,[]
2020-11-11 05:35:00+00:00,0,0,0.0,[]
2020-11-11 05:40:00+00:00,0,0,0.0,[]
2020-11-11 05:45:00+00:00,0,0,0.0,[]
2020-11-11 05:50:00+00:00,0,0,0.0,[]
2020-11-11 05:55:00+00:00,0,0,0.0,[]
2020-11-11 06:00:00+00:00,0,0,0.0,[]
2020-11-11 06:05:00+00:00,0,0,0.0,[]
2020-11-11 06:10:00+00:00,0,0,0.0,[]
2020-11-11 06:15:00+00:00,0,0,0.0,[]
2020-11-11 06:20:00+00:00,0,0,0.0,[]
2020-11-11 06:25:00+00:00,0,0,0.0,[]
2020-11-11 06:30:00+00:00,0,0,0.0,[]
2020-11-11 06:35:00+00:00,0,0,0.0,[]
2020-11-11 06:40:00+00:00,0,0,0.0,[]
2020-11-11 06:45:00+00:00,0,0,0.0,[]
2020-11-11 06:50:00+00:00,0,0,0.0,[]
2020-11-11 06:55:00+00:00,0,0,0.0,[]
2020-11-11 07:00:00+00:00,0,0,0.0,[]
2020-11-11 07:05:00+00:00,0,0,0.0,[]
2020-11-11 07:10:00+00:00,0,0,0.0,[]
2020-11-11 07:15:00+00:00,0,0,0.0,[]
2020-11-11 07:20:00+00:00,0,0,0.0,[]
2020-11-11 07:25:00+00:00,0,0,0.0,[]
2020-11-11 07:30:00+00:00,0,0,0.0,[]
2020-11-11 07:35:00+00:00,0,0,0.0,[]
2020-11-11 07:40:00+00:00,0,0,0.0,[]
2020-11-11 07:45:00+00:00,0,0,0.0,[]
2020-11-11 07:50:00+00:00,0,0,0.0,[]
2020-11-11 07:55:00+00:00,0,0,0.0,[]
2020-11-11 08:00:00+00:00,0,0,0.0,[]
2020-11-11 08:05:00+00:00,0,0,0.0,[]
2020-11-11 08:10:00+00:00,0,0,0.0,[]
2020-11-11 08:15:00+00:00,0,0,0.0,[]
2020-11-11 08:20:00+00:00,0,0,0.0,[]
2020-11-11 08:25:00+00:00,0,0,0.0,[]
2020-11-11 08:30:00+00:00,0,0,0.0,[]
2020-11-11 08:35:00+00:00,0,0,0.0,[]
2020-11-11 08:40:00+00:00,0,0,0.0,[]
2020-11-11 08:45:00+00:00,0,0,0.0,[]
2020-11-11 08:50:00+00:00,0,0,0.0,[]
2020-11-11 08:55:00+00:00,0,0,0.0,[]
2020-11-11 09:00:00+00:00,0,0,0.0,[]
2020-11-11 09:05:00+00:00,0,0,0.0,[]
2020-11-11 09:10:00+00:00,0,0,0.0,[]
2020-11-11 09:15:00+00:00,0,0,0.0,[]
2020-11-11 09:20:00+00:00,0,0,0.0,[]
2020-11-11 09:25:00+00:00,0,0,0.0,[]
2020-11-11 09:30:00+00:00,0,0,0.0,[]
2020-11-11 09:35:00+00:00,0,0,0.0,[]
2020-11-11 09:40:00+00:00,0,0,0.0,[]
2020-11-11 09:45:00+00:00,0,0,0.0,[]
2020-11-11 09:50:00+00:00,0,0,0.0,[]
2020-11-11 09:55:00+00:00,0,0,0.0,[]
2020-11-11 10:00:00+00:00,0,0,0.0,[]
2020-11-11 10:05:00+00:00,0,0,0.0,[]
2020-11-11 10:10:00+00:00,0,0,0.0,[]
2020-11-11 10:15:00+00:00,0,0,0.0,[]
2020-11-11 10:20:00+00:00,0,0,0.0,[]
2020-11-11 10:25:00+00:00,0,0,0.0,[]
2020-11-11 10:30:00+00:00,0,0,0.0,[]
2020-11-11 10:35:00+00:00,0,0,0.0,[]
2020-11-11 10:40:00+00:00,0,0,0.0,[]
2020-11-11 10:45:00+00:00,0,0,0.0,[]
2020-11-11 10:50:00+00:00,0,0,0.0,[]
2020-11-11 10:55:00+00:00,0,0,0.0,[]
2020-11-11 11:00:00+00:00,0,0,0.0,[]
2020-11-11 11:05:00+00:00,0,0,0.0,[]
2020-11-11 11:10:00+00:00,0,0,0.0,[]
2020-11-11 11:15:00+00:00,0,0,0.0,[]
2020-11-11 11:20:00+00:00,0,0,0.0,[]
2020-11-11 11:25:00+00:00,0,0,0.0,[]
2020-11-11 11:30:00+00:00,0,0,0.0,[]
2020-11-11 11:35:00+00:00,0,0,0.0,[]
2020-11-11 11:40:00+00:00,0,0,0.0,[]
2020-11-11 11:45:00+00:00,0,0,0.0,[]
2020-11-11 11:50:00+00:00,0,0,0.0,[]
2020-11-11 11:55:00+00:00,0,0,0.0,[]
2020-11-11 12:00:00+00:00,0,0,0.0,[]
2020-11-11 12:05:00+00:00,0,0,0.0,[]
2020-11-11 12:10:00+00:00,0,0,0.0,[]
2020-11-11 12:15:00+00:00,0,0,0.0,[]
2020-11-11 12:20:00+00:00,670,0,1.0,[670]
2020-11-11 12:25:00+00:00,0,0,0.0,[]
2020-11-11 12:30:00+00:00,0,0,0.0,[]
2020-11-11 12:35:00+00:00,640,0,1.0,[640]
2020-11-11 12:40:00+00:00,0,0,0.0,[]
2020-11-11 12:45:00+00:00,0,0,0.0,[]
2020-11-11 12:50:00+00:00,0,0,0.0,[]
2020-11-11 12:55:00+00:00,0,0,0.0,[]
2020-11-11 13:00:00+00:00,0,0,0.0,[]
2020-11-11 13:05:00+00:00,0,0,0.0,[]
2020-11-11 13:10:00+00:00,0,0,0.0,[]
2020-11-11 13:15:00+00:00,0,0,0.0,[]
2020-11-11 13:20:00+00:00,0,0,0.0,[]
2020-11-11 13:25:00+00:00,0,0,0.0,[]
2020-11-11 13:30:00+00:00,0,0,0.0,[]
2020-11-11 13:35:00+00:00,0,0,0.0,[]
2020-11-11 13:40:00+00:00,0,0,0.0,[]
2020-11-11 13:45:00+00:00,0,0,0.0,[]
2020-11-11 13:50:00+00:00,0,0,0.0,[]
2020-11-11 13:55:00+00:00,0,0,0.0,[]
2020-11-11 14:00:00+00:00,0,0,0.0,[]
2020-11-11 14:05:00+00:00,0,0,0.0,[]
2020-11-11 14:10:00+00:00,0,0,0.0,[]
2020-11-11 14:15:00+00:00,0,0,0.0,[]
2020-11-11 14:20:00+00:00,0,0,0.0,[]
2020-11-11 14:25:00+00:00,0,0,0.0,[]
2020-11-11 14:30:00+00:00,0,0,0.0,[]
2020-11-11 14:35:00+00:00,0,0,0.0,[]
2020-11-11 14:40:00+00:00,0,0,0.0,[]
2020-11-11 14:45:00+00:00,0,0,0.0,[]
2020-11-11 14:50:00+00:00,0,0,0.0,[]
2020-11-11 14:55:00+00:00,0,0,0.0,[]
2020-11-11 15:00:00+00:00,0,0,0.0,[]
2020-11-11 15:05:00+00:00,0,0,0.0,[]
2020-11-11 15:10:00+00:00,0,0,0.0,[]
2020-11-11 15:15:00+00:00,0,0,0.0,[]
2020-11-11 15:20:00+00:00,0,0,0.0,[]
2020-11-11 15:25:00+00:00,0,0,0.0,[]
2020-11-11 15:30:00+00:00,0,0,0.0,[]
2020-11-11 15:35:00+00:00,0,0,0.0,[]
2020-11-11 15:40:00+00:00,0,0,0.0,[]
2020-11-11 15:45:00+00:00,0,0,0.0,[]
2020-11-11 15:50:00+00:00,0,0,0.0,[]
2020-11-11 15:55:00+00:00,0,0,0.0,[]
2020-11-11 16:00:00+00:00,0,0,0.0,[]
2020-11-11 16:05:00+00:00,0,0,0.0,[]
2020-11-11 16:10:00+00:00,0,0,0.0,[]
2020-11-11 16:15:00+00:00,0,0,0.0,[]
2020-11-11 16:20:00+00:00,0,0,0.0,[]
2020-11-11 16:25:00+00:00,0,0,0.0,[]
2020-11-11 16:30:00+00:00,0,0,0.0,[]
2020-11-11 16:35:00+00:00,0,0,0.0,[]
2020-11-11 16:40:00+00:00,0,0,0.0,[]
2020-11-11 16:45:00+00:00,0,0,0.0,[]
2020-11-11 16:50:00+00:00,0,0,0.0,[]
2020-11-11 16:55:00+00:00,0,0,0.0,[]
2020-11-11 17:00:00+00:00,0,0,0.0,[]
2020-11-11 17:05:00+00:00,0,0,0.0,[]
2020-11-11 17:10:00+00:00,0,0,0.0,[]
2020-11-11 17:15:00+00:00,0,0,0.0,[]
2020-11-11 17:20:00+00:00,0,0,0.0,[]
2020-11-11 17:25:00+00:00,0,0,0.0,[]
2020-11-11 17:30:00+00:00,0,0,0.0,[]
2020-11-11 17:35:00+00:00,0,0,0.0,[]
2020-11-11 17:40:00+00:00,0,0,0.0,[]
2020-11-11 17:45:00+00:00,0,0,0.0,[]
2020-11-11 17:50:00+00:00,0,0,0.0,[]
2020-11-11 17:55:00+00:00,0,0,0.0,[]
2020-11-11 18:00:00+00:00,0,0,0.0,[]
2020-11-11 18:05:00+00:00,0,0,0.0,[]
2020-11-11 18:10:00+00:00,0,0,0.0,[]
2020-11-11 18:15:00+00:00,0,0,0.0,[]
2020-11-11 18:20:00+00:00,0,0,0.0,[]
2020-11-11 18:25:00+00:00,0,0,0.0,[]
2020-11-11 18:30:00+00:00,0,0,0.0,[]
2020-11-11 18:35:00+00:00,0,0,0.0,[]
2020-11-11 18:40:00+00:00,0,0,0.0,[]
2020-11-11 18:45:00+00:00,0,0,0.0,[]
2020-11-11 18:50:00+00:00,0,0,0.0,[]
2020-11-11 18:55:00+00:00,0,0,0.0,[]
2020-11-11 19:00:00+00:00,0,0,0.0,[]
2020-11-11 19:05:00+00:00,0,0,0.0,[]
2020-11-11 19:10:00+00:00,0,0,0.0,[]
2020-11-11 19:15:00+00:00,0,0,0.0,[]
2020-11-11 19:20:00+00:00,0,0,0.0,[]
2020-11-11 19:25:00+00:00,0,0,0.0,[]
2020-11-11 19:30:00+00:00,0,0,0.0,[]
2020-11-11 19:35:00+00:00,0,0,0.0,[]
2020-11-11 19:40:00+00:00,0,0,0.0,[]
2020-11-11 19:45:00+00:00,0,0,0.0,[]
2020-11-11 19:50:00+00:00,0,0,0.0,[]
2020-11-11 19:55:00+00:00,0,0,0.0,[]
2020-11-11 20:00:00+00:00,0,0,0.0,[]
2020-11-11 20:05:00+00:00,0,0,0.0,[]
2020-11-11 20:10:00+00:00,0,0,0.0,[]
2020-11-11 20:15:00+00:00,0,0,0.0,[]
2020-11-11 20:20:00+00:00,0,0,0.0,[]
2020-11-11 20:25:00+00:00,0,0,0.0,[]
2020-11-11 20:30:00+00:00,0,0,0.0,[]
2020-11-11 20:35:00+00:00,0,0,0.0,[]
2020-11-11 20:40:00+00:00,0,0,0.0,[]
2020-11-11 20:45:00+00:00,0,0,0.0,[]
2020-11-11 20:50:00+00:00,0,0,0.0,[]
2020-11-11 20:55:00+00:00,0,0,0.0,[]
2020-11-11 21:00:00+00:00,0,0,0.0,[]
2020-11-11 21:05:00+00:00,0,0,0.0,[]
2020-11-11 21:10:00+00:00,0,0,0.0,[]
2020-11-11 21:15:00+00:00,0,0,0.0,[]
2020-11-11 21:20:00+00:00,0,0,0.0,[]
2020-11-11 21:25:00+00:00,0,0,0.0,[]
2020-11-11 21:30:00+00:00,0,0,0.0,[]
2020-11-11 21:35:00+00:00,0,0,0.0,[]
2020-11-11 21:40:00+00:00,0,0,0.0,[]
2020-11-11 21:45:00+00:00,0,0,0.0,[]
2020-11-11 21:50:00+00:00,0,0,0.0,[]
2020-11-11 21:55:00+00:00,0,0,0.0,[]
2020-11-11 22:00:00+00:00,0,0,0.0,[]
2020-11-11 22:05:00+00:00,0,0,0.0,[]
2020-11-11 22:10:00+00:00,0,0,0.0,[]
2020-11-11 22:15:00+00:00,0,0,0.0,[]
2020-11-11 22:20:00+00:00,0,0,0.0,[]
2020-11-11 22:25:00+00:00,0,0,0.0,[]
2020-11-11 22:30:00+00:00,0,0,0.0,[]
2020-11-11 22:35:00+00:00,0,0,0.0,[]
2020-11-11 22:40:00+00:00,0,0,0.0,[]
2020-11-11 22:45:00+00:00,0,0,0.0,[]
2020-11-11 22:50:00+00:00,0,0,0.0,[]
2020-11-11 22:55:00+00:00,0,0,0.0,[]
2020-11-11 23:00:00+00:00,0,0,0.0,[]
2020-11-11 23:05:00+00:00,0,0,0.0,[]
2020-11-11 23:10:00+00:00,0,0,0.0,[]
2020-11-11 23:15:00+00:00,0,0,0.0,[]
2020-11-11 23:20:00+00:00,0,0,0.0,[]
2020-11-11 23:25:00+00:00,0,0,0.0,[]
2020-11-11 23:30:00+00:00,0,0,0.0,[]
2020-11-11 23:35:00+00:00,0,0,0.0,[]
2020-11-11 23:40:00+00:00,0,0,0.0,[]
2020-11-11 23:45:00+00:00,0,0,0.0,[]
2020-11-11 23:50:00+00:00,0,0,0.0,[]
2020-11-11 23:55:00+00:00,0,0,0.0,[]
2020-11-12 00:00:00+00:00,0,0,0.0,[]
2020-11-12 00:05:00+00:00,0,0,0.0,[]
2020-11-12 00:10:00+00:00,0,0,0.0,[]
2020-11-12 00:15:00+00:00,0,0,0.0,[]
2020-11-12 00:20:00+00:00,0,0,0.0,[]
2020-11-12 00:25:00+00:00,0,0,0.0,[]
2020-11-12 00:30:00+00:00,0,0,0.0,[]
2020-11-12 00:35:00+00:00,0,0,0.0,[]
2020-11-12 00:40:00+00:00,0,0,0.0,[]
2020-11-12 00:45:00+00:00,0,0,0.0,[]
2020-11-12 00:50:00+00:00,0,0,0.0,[]
2020-11-12 00:55:00+00:00,0,0,0.0,[]
2020-11-12 01:00:00+00:00,0,0,0.0,[]
2020-11-12 01:05:00+00:00,0,0,0.0,[]
2020-11-12 01:10:00+00:00,0,0,0.0,[]
2020-11-12 01:15:00+00:00,0,0,0.0,[]
2020-11-12 01:20:00+00:00,0,0,0.0,[]
2020-11-12 01:25:00+00:00,0,0,0.0,[]
2020-11-12 01:30:00+00:00,0,0,0.0,[]
2020-11-12 01:35:00+00:00,0,0,0.0,[]
2020-11-12 01:40:00+00:00,0,0,0.0,[]
2020-11-12 01:45:00+00:00,0,0,0.0,[]
2020-11-12 01:50:00+00:00,0,0,0.0,[]
2020-11-12 01:55:00+00:00,0,0,0.0,[]
2020-11-12 02:00:00+00:00,0,0,0.0,[]
2020-11-12 02:05:00+00:00,0,0,0.0,[]
2020-11-12 02:10:00+00:00,0,0,0.0,[]
2020-11-12 02:15:00+00:00,0,0,0.0,[]
2020-11-12 02:20:00+00:00,0,0,0.0,[]
2020-11-12 02:25:00+00:00,0,0,0.0,[]
2020-11-12 02:30:00+00:00,0,0,0.0,[]
2020-11-12 02:35:00+00:00,0,0,0.0,[]
2020-11-12 02:40:00+00:00,0,0,0.0,[]
2020-11-12 02:45:00+00:00,0,0,0.0,[]
2020-11-12 02:50:00+00:00,0,0,0.0,[]
2020-11-12 02:55:00+00:00,0,0,0.0,[]
2020-11-12 03:00:00+00:00,0,0,0.0,[]
2020-11-12 03:05:00+00:00,0,0,0.0,[]
2020-11-12 03:10:00+00:00,0,0,0.0,[]
2020-11-12 03:15:00+00:00,0,0,0.0,[]
2020-11-12 03:20:00+00:00,0,0,0.0,[]
2020-11-12 03:25:00+00:00,0,0,0.0,[]
2020-11-12 03:30:00+00:00,0,0,0.0,[]
2020-11-12 03:35:00+00:00,0,0,0.0,[]
2020-11-12 03:40:00+00:00,0,0,0.0,[]
2020-11-12 03:45:00+00:00,0,0,0.0,[]
2020-11-12 03:50:00+00:00,0,0,0.0,[]
2020-11-12 03:55:00+00:00,0,0,0.0,[]
2020-11-12 04:00:00+00:00,0,0,0.0,[]
2020-11-12 04:05:00+00:00,0,0,0.0,[]
2020-11-12 04:10:00+00:00,0,0,0.0,[]
2020-11-12 04:15:00+00:00,0,0,0.0,[]
2020-11-12 04:20:00+00:00,0,0,0.0,[]
2020-11-12 04:25:00+00:00,0,0,0.0,[]
2020-11-12 04:30:00+00:00,0,0,0.0,[]
2020-11-12 04:35:00+00:00,0,0,0.0,[]
2020-11-12 04:40:00+00:00,0,0,0.0,[]
2020-11-12 04:45:00+00:00,0,0,0.0,[]
2020-11-12 04:50:00+00:00,0,0,0.0,[]
2020-11-12 04:55:00+00:00,0,0,0.0,[]
2020-11-12 05:00:00+00:00,0,0,0.0,[]
2020-11-12 05:05:00+00:00,0,0,0.0,[]
2020-11-12 05:10:00+00:00,0,0,0.0,[]
2020-11-12 05:15:00+00:00,0,0,0.0,[]
2020-11-12 05:20:00+00:00,0,0,0.0,[]
2020-11-12 05:25:00+00:00,0,0,0.0,[]
2020-11-12 05:30:00+00:00,0,0,0.0,[]
2020-11-12 05:35:00+00:00,0,0,0.0,[]
2020-11-12 05:40:00+00:00,0,0,0.0,[]
2020-11-12 05:45:00+00:00,0,0,0.0,[]
2020-11-12 05:50:00+00:00,0,0,0.0,[]
2020-11-12 05:55:00+00:00,0,0,0.0,[]
2020-11-12 06:00:00+00:00,0,0,0.0,[]
2020-11-12 06:05:00+00:00,0,0,0.0,[]
2020-11-12 06:10:00+00:00,0,0,0.0,[]
2020-11-12 06:15:00+00:00,0,0,0.0,[]
2020-11-12 06:20:00+00:00,0,0,0.0,[]
2020-11-12 06:25:00+00:00,0,0,0.0,[]
2020-11-12 06:30:00+00:00,0,0,0.0,[]
2020-11-12 06:35:00+00:00,0,0,0.0,[]
2020-11-12 06:40:00+00:00,0,0,0.0,[]
2020-11-12 06:45:00+00:00,0,0,0.0,[]
2020-11-12 06:50:00+00:00,0,0,0.0,[]
2020-11-12 06:55:00+00:00,0,0,0.0,[]
2020-11-12 07:00:00+00:00,0,0,0.0,[]
2020-11-12 07:05:00+00:00,0,0,0.0,[]
2020-11-12 07:10:00+00:00,0,0,0.0,[]
2020-11-12 07:15:00+00:00,0,0,0.0,[]
2020-11-12 07:20:00+00:00,0,0,0.0,[]
2020-11-12 07:25:00+00:00,0,0,0.0,[]
2020-11-12 07:30:00+00:00,0,0,0.0,[]
2020-11-12 07:35:00+00:00,0,0,0.0,[]
2020-11-12 07:40:00+00:00,0,0,0.0,[]
2020-11-12 07:45:00+00:00,0,0,0.0,[]
2020-11-12 07:50:00+00:00,0,0,0.0,[]
2020-11-12 07:55:00+00:00,0,0,0.0,[]
2020-11-12 08:00:00+00:00,0,0,0.0,[]
2020-11-12 08:05:00+00:00,0,0,0.0,[]
2020-11-12 08:10:00+00:00,0,0,0.0,[]
2020-11-12 08:15:00+00:00,0,0,0.0,[]
2020-11-12 08:20:00+00:00,0,0,0.0,[]
2020-11-12 08:25:00+00:00,0,0,0.0,[]
2020-11-12 08:30:00+00:00,0,0,0.0,[]
2020-11-12 08:35:00+00:00,0,0,0.0,[]
2020-11-12 08:40:00+00:00,0,0,0.0,[]
2020-11-12 08:45:00+00:00,0,0,0.0,[]
2020-11-12 08:50:00+00:00,0,0,0.0,[]
2020-11-12 08:55:00+00:00,0,0,0.0,[]
2020-11-12 09:00:00+00:00,0,0,0.0,[]
2020-11-12 09:05:00+00:00,0,0,0.0,[]
2020-11-12 09:10:00+00:00,0,0,0.0,[]
2020-11-12 09:15:00+00:00,0,0,0.0,[]
2020-11-12 09:20:00+00:00,0,0,0.0,[]
2020-11-12 09:25:00+00:00,0,0,0.0,[]
2020-11-12 09:30:00+00:00,0,0,0.0,[]
2020-11-12 09:35:00+00:00,0,0,0.0,[]
2020-11-12 09:40:00+00:00,0,0,0.0,[]
2020-11-12 09:45:00+00:00,0,0,0.0,[]
2020-11-12 09:50:00+00:00,0,0,0.0,[]
2020-11-12 09:55:00+00:00,0,0,0.0,[]
2020-11-12 10:00:00+00:00,0,0,0.0,[]
2020-11-12 10:05:00+00:00,0,0,0.0,[]
2020-11-12 10:10:00+00:00,0,0,0.0,[]
2020-11-12 10:15:00+00:00,0,0,0.0,[]
2020-11-12 10:20:00+00:00,0,0,0.0,[]
2020-11-12 10:25:00+00:00,0,0,0.0,[]
2020-11-12 10:30:00+00:00,0,0,0.0,[]
2020-11-12 10:35:00+00:00,0,0,0.0,[]
2020-11-12 10:40:00+00:00,0,0,0.0,[]
2020-11-12 10:45:00+00:00,0,0,0.0,[]
2020-11-12 10:50:00+00:00,0,0,0.0,[]
2020-11-12 10:55:00+00:00,0,0,0.0,[]
2020-11-12 11:00:00+00:00,0,0,0.0,[]
2020-11-12 11:05:00+00:00,0,0,0.0,[]
2020-11-12 11:10:00+00:00,0,0,0.0,[]
2020-11-12 11:15:00+00:00,0,0,0.0,[]
2020-11-12 11:20:00+00:00,0,0,0.0,[]
2020-11-12 11:25:00+00:00,0,0,0.0,[]
2020-11-12 11:30:00+00:00,0,0,0.0,[]
2020-11-12 11:35:00+00:00,0,0,0.0,[]
2020-11-12 11:40:00+00:00,0,0,0.0,[]
2020-11-12 11:45:00+00:00,0,0,0.0,[]
2020-11-12 11:50:00+00:00,0,0,0.0,[]
2020-11-12 11:55:00+00:00,0,0,0.0,[]
2020-11-12 12:00:00+00:00,0,0,0.0,[]
2020-11-12 12:05:00+00:00,0,0,0.0,[]
2020-11-12 12:10:00+00:00,0,0,0.0,[]
2020-11-12 12:15:00+00:00,0,0,0.0,[]
2020-11-12 12:20:00+00:00,0,0,0.0,[]
2020-11-12 12:25:00+00:00,0,0,0.0,[]
2020-11-12 12:30:00+00:00,0,0,0.0,[]
2020-11-12 12:35:00+00:00,0,0,0.0,[]
2020-11-12 12:40:00+00:00,0,0,0.0,[]
2020-11-12 12:45:00+00:00,0,0,0.0,[]
2020-11-12 12:50:00+00:00,0,0,0.0,[]
2020-11-12 12:55:00+00:00,0,0,0.0,[]
2020-11-12 13:00:00+00:00,0,0,0.0,[]
2020-11-12 13:05:00+00:00,0,0,0.0,[]
2020-11-12 13:10:00+00:00,0,0,0.0,[]
2020-11-12 13:15:00+00:00,0,0,0.0,[]
2020-11-12 13:20:00+00:00,0,0,0.0,[]
2020-11-12 13:25:00+00:00,0,0,0.0,[]
2020-11-12 13:30:00+00:00,0,0,0.0,[]
2020-11-12 13:35:00+00:00,0,0,0.0,[]
2020-11-12 13:40:00+00:00,0,0,0.0,[]
2020-11-12 13:45:00+00:00,0,0,0.0,[]
2020-11-12 13:50:00+00:00,0,0,0.0,[]
2020-11-12 13:55:00+00:00,0,0,0.0,[]
2020-11-12 14:00:00+00:00,0,0,0.0,[]
2020-11-12 14:05:00+00:00,0,0,0.0,[]
2020-11-12 14:10:00+00:00,0,0,0.0,[]
2020-11-12 14:15:00+00:00,0,0,0.0,[]
2020-11-12 14:20:00+00:00,0,0,0.0,[]
2020-11-12 14:25:00+00:00,0,0,0.0,[]
2020-11-12 14:30:00+00:00,0,0,0.0,[]
2020-11-12 14:35:00+00:00,0,0,0.0,[]
2020-11-12 14:40:00+00:00,0,0,0.0,[]
2020-11-12 14:45:00+00:00,0,0,0.0,[]
2020-11-12 14:50:00+00:00,0,0,0.0,[]
2020-11-12 14:55:00+00:00,0,0,0.0,[]
2020-11-12 15:00:00+00:00,0,0,0.0,[]
2020-11-12 15:05:00+00:00,0,0,0.0,[]
2020-11-12 15:10:00+00:00,0,0,0.0,[]
2020-11-12 15:15:00+00:00,0,0,0.0,[]
2020-11-12 15:20:00+00:00,0,0,0.0,[]
2020-11-12 15:25:00+00:00,0,0,0.0,[]
2020-11-12 15:30:00+00:00,0,0,0.0,[]
2020-11-12 15:35:00+00:00,0,0,0.0,[]
2020-11-12 15:40:00+00:00,0,0,0.0,[]
2020-11-12 15:45:00+00:00,0,0,0.0,[]
2020-11-12 15:50:00+00:00,0,0,0.0,[]
2020-11-12 15:55:00+00:00,0,0,0.0,[]
2020-11-12 16:00:00+00:00,0,0,0.0,[]
2020-11-12 16:05:00+00:00,0,0,0.0,[]
2020-11-12 16:10:00+00:00,0,0,0.0,[]
2020-11-12 16:15:00+00:00,0,0,0.0,[]
2020-11-12 16:20:00+00:00,0,0,0.0,[]
2020-11-12 16:25:00+00:00,0,0,0.0,[]
2020-11-12 16:30:00+00:00,0,0,0.0,[]
2020-11-12 16:35:00+00:00,0,0,0.0,[]
2020-11-12 16:40:00+00:00,0,0,0.0,[]
2020-11-12 16:45:00+00:00,0,0,0.0,[]
2020-11-12 16:50:00+00:00,0,0,0.0,[]
2020-11-12 16:55:00+00:00,0,0,0.0,[]
2020-11-12 17:00:00+00:00,0,0,0.0,[]
2020-11-12 17:05:00+00:00,0,0,0.0,[]
2020-11-12 17:10:00+00:00,0,0,0.0,[]
2020-11-12 17:15:00+00:00,0,0,0.0,[]
2020-11-12 17:20:00+00:00,0,0,0.0,[]
2020-11-12 17:25:00+00:00,0,0,0.0,[]
2020-11-12 17:30:00+00:00,0,0,0.0,[]
2020-11-12 17:35:00+00:00,0,0,0.0,[]
2020-11-12 17:40:00+00:00,0,0,0.0,[]
2020-11-12 17:45:00+00:00,0,0,0.0,[]
2020-11-12 17:50:00+00:00,0,0,0.0,[]
2020-11-12 17:55:00+00:00,0,0,0.0,[]
2020-11-12 18:00:00+00:00,0,0,0.0,[]
2020-11-12 18:05:00+00:00,0,0,0.0,[]
2020-11-12 18:10:00+00:00,0,0,0.0,[]
2020-11-12 18:15:00+00:00,0,0,0.0,[]
2020-11-12 18:20:00+00:00,0,0,0.0,[]
2020-11-12 18:25:00+00:00,0,0,0.0,[]
2020-11-12 18:30:00+00:00,0,0,0.0,[]
2020-11-12 18:35:00+00:00,0,0,0.0,[]
2020-11-12 18:40:00+00:00,0,0,0.0,[]
2020-11-12 18:45:00+00:00,0,0,0.0,[]
2020-11-12 18:50:00+00:00,0,0,0.0,[]
2020-11-12 18:55:00+00:00,0,0,0.0,[]
2020-11-12 19:00:00+00:00,0,0,0.0,[]
2020-11-12 19:05:00+00:00,0,0,0.0,[]
2020-11-12 19:10:00+00:00,0,0,0.0,[]
2020-11-12 19:15:00+00:00,0,0,0.0,[]
2020-11-12 19:20:00+00:00,0,0,0.0,[]
2020-11-12 19:25:00+00:00,0,0,0.0,[]
2020-11-12 19:30:00+00:00,0,0,0.0,[]
2020-11-12 19:35:00+00:00,0,0,0.0,[]
2020-11-12 19:40:00+00:00,0,0,0.0,[]
2020-11-12 19:45:00+00:00,0,0,0.0,[]
2020-11-12 19:50:00+00:00,0,0,0.0,[]
2020-11-12 19:55:00+00:00,0,0,0.0,[]
2020-11-12 20:00:00+00:00,0,0,0.0,[]
2020-11-12 20:05:00+00:00,0,0,0.0,[]
2020-11-12 20:10:00+00:00,0,0,0.0,[]
2020-11-12 20:15:00+00:00,0,0,0.0,[]
2020-11-12 20:20:00+00:00,0,0,0.0,[]
2020-11-12 20:25:00+00:00,0,0,0.0,[]
2020-11-12 20:30:00+00:00,0,0,0.0,[]
2020-11-12 20:35:00+00:00,0,0,0.0,[]
2020-11-12 20:40:00+00:00,0,0,0.0,[]
2020-11-12 20:45:00+00:00,0,0,0.0,[]
2020-11-12 20:50:00+00:00,0,0,0.0,[]
2020-11-12 20:55:00+00:00,0,0,0.0,[]
2020-11-12 21:00:00+00:00,0,0,0.0,[]
2020-11-12 21:05:00+00:00,810,0,1.0,[810]
2020-11-12 21:10:00+00:00,0,0,0.0,[]
2020-11-12 21:15:00+00:00,0,0,0.0,[]
2020-11-12 21:20:00+00:00,0,0,0.0,[]
2020-11-12 21:25:00+00:00,0,0,0.0,[]
2020-11-12 21:30:00+00:00,0,0,0.0,[]
2020-11-12 21:35:00+00:00,0,0,0.0,[]
2020-11-12 21:40:00+00:00,0,0,0.0,[]
2020-11-12 21:45:00+00:00,0,0,0.0,[]
2020-11-12 21:50:00+00:00,0,0,0.0,[]
2020-11-12 21:55:00+00:00,0,0,0.0,[]
2020-11-12 22:00:00+00:00,0,0,0.0,[]
2020-11-12 22:05:00+00:00,0,0,0.0,[]
2020-11-12 22:10:00+00:00,0,0,0.0,[]
2020-11-12 22:15:00+00:00,0,0,0.0,[]
2020-11-12 22:20:00+00:00,0,0,0.0,[]
2020-11-12 22:25:00+00:00,0,0,0.0,[]
2020-11-12 22:30:00+00:00,0,0,0.0,[]
2020-11-12 22:35:00+00:00,0,0,0.0,[]
2020-11-12 22:40:00+00:00,0,0,0.0,[]
2020-11-12 22:45:00+00:00,0,0,0.0,[]
2020-11-12 22:50:00+00:00,0,0,0.0,[]
2020-11-12 22:55:00+00:00,0,0,0.0,[]
2020-11-12 23:00:00+00:00,0,0,0.0,[]
2020-11-12 23:05:00+00:00,0,0,0.0,[]
2020-11-12 23:10:00+00:00,0,0,0.0,[]
2020-11-12 23:15:00+00:00,0,0,0.0,[]
2020-11-12 23:20:00+00:00,0,0,0.0,[]
2020-11-12 23:25:00+00:00,0,0,0.0,[]
2020-11-12 23:30:00+00:00,0,0,0.0,[]
2020-11-12 23:35:00+00:00,0,0,0.0,[]
2020-11-12 23:40:00+00:00,0,0,0.0,[]
2020-11-12 23:45:00+00:00,0,0,0.0,[]
2020-11-12 23:50:00+00:00,0,0,0.0,[]
2020-11-12 23:55:00+00:00,0,0,0.0,[]
2020-11-13 00:00:00+00:00,0,0,0.0,[]
2020-11-13 00:05:00+00:00,0,0,0.0,[]
2020-11-13 00:10:00+00:00,0,0,0.0,[]
2020-11-13 00:15:00+00:00,0,0,0.0,[]
2020-11-13 00:20:00+00:00,0,0,0.0,[]
2020-11-13 00:25:00+00:00,0,0,0.0,[]
2020-11-13 00:30:00+00:00,0,0,0.0,[]
2020-11-13 00:35:00+00:00,0,0,0.0,[]
2020-11-13 00:40:00+00:00,0,0,0.0,[]
2020-11-13 00:45:00+00:00,0,0,0.0,[]
2020-11-13 00:50:00+00:00,0,0,0.0,[]
2020-11-13 00:55:00+00:00,0,0,0.0,[]
2020-11-13 01:00:00+00:00,0,0,0.0,[]
2020-11-13 01:05:00+00:00,0,0,0.0,[]
2020-11-13 01:10:00+00:00,0,0,0.0,[]
2020-11-13 01:15:00+00:00,0,0,0.0,[]
2020-11-13 01:20:00+00:00,0,0,0.0,[]
2020-11-13 01:25:00+00:00,0,0,0.0,[]
2020-11-13 01:30:00+00:00,0,0,0.0,[]
2020-11-13 01:35:00+00:00,0,0,0.0,[]
2020-11-13 01:40:00+00:00,0,0,0.0,[]
2020-11-13 01:45:00+00:00,0,0,0.0,[]
2020-11-13 01:50:00+00:00,0,0,0.0,[]
2020-11-13 01:55:00+00:00,0,0,0.0,[]
2020-11-13 02:00:00+00:00,0,0,0.0,[]
2020-11-13 02:05:00+00:00,0,0,0.0,[]
2020-11-13 02:10:00+00:00,0,0,0.0,[]
2020-11-13 02:15:00+00:00,0,0,0.0,[]
2020-11-13 02:20:00+00:00,0,0,0.0,[]
2020-11-13 02:25:00+00:00,0,0,0.0,[]
2020-11-13 02:30:00+00:00,0,0,0.0,[]
2020-11-13 02:35:00+00:00,0,0,0.0,[]
2020-11-13 02:40:00+00:00,0,0,0.0,[]
2020-11-13 02:45:00+00:00,0,0,0.0,[]
2020-11-13 02:50:00+00:00,0,0,0.0,[]
2020-11-13 02:55:00+00:00,0,0,0.0,[]
2020-11-13 03:00:00+00:00,0,0,0.0,[]
2020-11-13 03:05:00+00:00,0,0,0.0,[]
2020-11-13 03:10:00+00:00,0,0,0.0,[]
2020-11-13 03:15:00+00:00,0,0,0.0,[]
2020-11-13 03:20:00+00:00,0,0,0.0,[]
2020-11-13 03:25:00+00:00,0,0,0.0,[]
2020-11-13 03:30:00+00:00,0,0,0.0,[]
2020-11-13 03:35:00+00:00,0,0,0.0,[]
2020-11-13 03:40:00+00:00,0,0,0.0,[]
2020-11-13 03:45:00+00:00,0,0,0.0,[]
2020-11-13 03:50:00+00:00,0,0,0.0,[]
2020-11-13 03:55:00+00:00,0,0,0.0,[]
2020-11-13 04:00:00+00:00,0,0,0.0,[]
2020-11-13 04:05:00+00:00,0,0,0.0,[]
2020-11-13 04:10:00+00:00,0,0,0.0,[]
2020-11-13 04:15:00+00:00,0,0,0.0,[]
2020-11-13 04:20:00+00:00,0,0,0.0,[]
2020-11-13 04:25:00+00:00,0,0,0.0,[]
2020-11-13 04:30:00+00:00,0,0,0.0,[]
2020-11-13 04:35:00+00:00,0,0,0.0,[]
2020-11-13 04:40:00+00:00,0,0,0.0,[]
2020-11-13 04:45:00+00:00,0,0,0.0,[]
2020-11-13 04:50:00+00:00,0,0,0.0,[]
2020-11-13 04:55:00+00:00,0,0,0.0,[]
2020-11-13 05:00:00+00:00,0,0,0.0,[]
2020-11-13 05:05:00+00:00,0,0,0.0,[]
2020-11-13 05:10:00+00:00,0,0,0.0,[]
2020-11-13 05:15:00+00:00,0,0,0.0,[]
2020-11-13 05:20:00+00:00,0,0,0.0,[]
2020-11-13 05:25:00+00:00,0,0,0.0,[]
2020-11-13 05:30:00+00:00,0,0,0.0,[]
2020-11-13 05:35:00+00:00,0,0,0.0,[]
2020-11-13 05:40:00+00:00,0,0,0.0,[]
2020-11-13 05:45:00+00:00,0,0,0.0,[]
2020-11-13 05:50:00+00:00,0,0,0.0,[]
2020-11-13 05:55:00+00:00,0,0,0.0,[]
2020-11-13 06:00:00+00:00,0,0,0.0,[]
2020-11-13 06:05:00+00:00,0,0,0.0,[]
2020-11-13 06:10:00+00:00,0,0,0.0,[]
2020-11-13 06:15:00+00:00,0,0,0.0,[]
2020-11-13 06:20:00+00:00,0,0,0.0,[]
2020-11-13 06:25:00+00:00,0,0,0.0,[]
2020-11-13 06:30:00+00:00,0,0,0.0,[]
2020-11-13 06:35:00+00:00,0,0,0.0,[]
2020-11-13 06:40:00+00:00,0,0,0.0,[]
2020-11-13 06:45:00+00:00,0,0,0.0,[]
2020-11-13 06:50:00+00:00,0,0,0.0,[]
2020-11-13 06:55:00+00:00,0,0,0.0,[]
2020-11-13 07:00:00+00:00,0,0,0.0,[]
2020-11-13 07:05:00+00:00,0,0,0.0,[]
2020-11-13 07:10:00+00:00,0,0,0.0,[]
2020-11-13 07:15:00+00:00,0,0,0.0,[]
2020-11-13 07:20:00+00:00,0,0,0.0,[]
2020-11-13 07:25:00+00:00,0,0,0.0,[]
2020-11-13 07:30:00+00:00,0,0,0.0,[]
2020-11-13 07:35:00+00:00,0,0,0.0,[]
2020-11-13 07:40:00+00:00,0,0,0.0,[]
2020-11-13 07:45:00+00:00,0,0,0.0,[]
2020-11-13 07:50:00+00:00,0,0,0.0,[]
2020-11-13 07:55:00+00:00,0,0,0.0,[]
2020-11-13 08:00:00+00:00,0,0,0.0,[]
2020-11-13 08:05:00+00:00,0,0,0.0,[]
2020-11-13 08:10:00+00:00,0,0,0.0,[]
2020-11-13 08:15:00+00:00,0,0,0.0,[]
2020-11-13 08:20:00+00:00,0,0,0.0,[]
2020-11-13 08:25:00+00:00,0,0,0.0,[]
2020-11-13 08:30:00+00:00,0,0,0.0,[]
2020-11-13 08:35:00+00:00,0,0,0.0,[]
2020-11-13 08:40:00+00:00,0,0,0.0,[]
2020-11-13 08:45:00+00:00,0,0,0.0,[]
2020-11-13 08:50:00+00:00,0,0,0.0,[]
2020-11-13 08:55:00+00:00,0,0,0.0,[]
2020-11-13 09:00:00+00:00,0,0,0.0,[]
2020-11-13 09:05:00+00:00,0,0,0.0,[]
2020-11-13 09:10:00+00:00,0,0,0.0,[]
2020-11-13 09:15:00+00:00,0,0,0.0,[]
2020-11-13 09:20:00+00:00,0,0,0.0,[]
2020-11-13 09:25:00+00:00,0,0,0.0,[]
2020-11-13 09:30:00+00:00,0,0,0.0,[]
2020-11-13 09:35:00+00:00,0,0,0.0,[]
2020-11-13 09:40:00+00:00,0,0,0.0,[]
2020-11-13 09:45:00+00:00,0,0,0.0,[]
2020-11-13 09:50:00+00:00,0,0,0.0,[]
2020-11-13 09:55:00+00:00,0,0,0.0,[]
2020-11-13 10:00:00+00:00,0,0,0.0,[]
2020-11-13 10:05:00+00:00,0,0,0.0,[]
2020-11-13 10:10:00+00:00,0,0,0.0,[]
2020-11-13 10:15:00+00:00,0,0,0.0,[]
2020-11-13 10:20:00+00:00,0,0,0.0,[]
2020-11-13 10:25:00+00:00,0,0,0.0,[]
2020-11-13 10:30:00+00:00,0,0,0.0,[]
2020-11-13 10:35:00+00:00,0,0,0.0,[]
2020-11-13 10:40:00+00:00,0,0,0.0,[]
2020-11-13 10:45:00+00:00,0,0,0.0,[]
2020-11-13 10:50:00+00:00,0,0,0.0,[]
2020-11-13 10:55:00+00:00,0,0,0.0,[]
2020-11-13 11:00:00+00:00,0,0,0.0,[]
2020-11-13 11:05:00+00:00,0,0,0.0,[]
2020-11-13 11:10:00+00:00,0,0,0.0,[]
2020-11-13 11:15:00+00:00,0,0,0.0,[]
2020-11-13 11:20:00+00:00,0,0,0.0,[]
2020-11-13 11:25:00+00:00,0,0,0.0,[]
2020-11-13 11:30:00+00:00,0,0,0.0,[]
2020-11-13 11:35:00+00:00,0,0,0.0,[]
2020-11-13 11:40:00+00:00,0,0,0.0,[]
2020-11-13 11:45:00+00:00,0,0,0.0,[]
2020-11-13 11:50:00+00:00,0,0,0.0,[]
2020-11-13 11:55:00+00:00,0,0,0.0,[]
2020-11-13 12:00:00+00:00,0,0,0.0,[]
2020-11-13 12:05:00+00:00,0,0,0.0,[]
2020-11-13 12:10:00+00:00,0,0,0.0,[]
2020-11-13 12:15:00+00:00,0,0,0.0,[]
2020-11-13 12:20:00+00:00,0,0,0.0,[]
2020-11-13 12:25:00+00:00,0,0,0.0,[]
2020-11-13 12:30:00+00:00,3590,0,1.0,[3590]
2020-11-13 12:35:00+00:00,0,0,0.0,[]
2020-11-13 12:40:00+00:00,0,0,0.0,[]
2020-11-13 12:45:00+00:00,0,0,0.0,[]
2020-11-13 12:50:00+00:00,0,0,0.0,[]
2020-11-13 12:55:00+00:00,0,0,0.0,[]
2020-11-13 13:00:00+00:00,0,0,0.0,[]
2020-11-13 13:05:00+00:00,0,0,0.0,[]
2020-11-13 13:10:00+00:00,0,0,0.0,[]
2020-11-13 13:15:00+00:00,0,0,0.0,[]
2020-11-13 13:20:00+00:00,0,0,0.0,[]
2020-11-13 13:25:00+00:00,0,0,0.0,[]
2020-11-13 13:30:00+00:00,0,0,0.0,[]
2020-11-13 13:35:00+00:00,0,0,0.0,[]
2020-11-13 13:40:00+00:00,0,0,0.0,[]
2020-11-13 13:45:00+00:00,0,0,0.0,[]
2020-11-13 13:50:00+00:00,0,0,0.0,[]
2020-11-13 13:55:00+00:00,0,0,0.0,[]
2020-11-13 14:00:00+00:00,0,0,0.0,[]
2020-11-13 14:05:00+00:00,0,0,0.0,[]
2020-11-13 14:10:00+00:00,0,0,0.0,[]
2020-11-13 14:15:00+00:00,0,0,0.0,[]
2020-11-13 14:20:00+00:00,0,0,0.0,[]
2020-11-13 14:25:00+00:00,0,0,0.0,[]
2020-11-13 14:30:00+00:00,0,0,0.0,[]
2020-11-13 14:35:00+00:00,0,0,0.0,[]
2020-11-13 14:40:00+00:00,0,0,0.0,[]
2020-11-13 14:45:00+00:00,0,0,0.0,[]
2020-11-13 14:50:00+00:00,0,0,0.0,[]
2020-11-13 14:55:00+00:00,0,0,0.0,[]
2020-11-13 15:00:00+00:00,0,0,0.0,[]
2020-11-13 15:05:00+00:00,0,0,0.0,[]
2020-11-13 15:10:00+00:00,0,0,0.0,[]
2020-11-13 15:15:00+00:00,0,0,0.0,[]
2020-11-13 15:20:00+00:00,0,0,0.0,[]
2020-11-13 15:25:00+00:00,0,0,0.0,[]
2020-11-13 15:30:00+00:00,0,0,0.0,[]
2020-11-13 15:35:00+00:00,0,0,0.0,[]
2020-11-13 15:40:00+00:00,0,0,0.0,[]
2020-11-13 15:45:00+00:00,0,0,0.0,[]
2020-11-13 15:50:00+00:00,0,0,0.0,[]
2020-11-13 15:55:00+00:00,0,0,0.0,[]
2020-11-13 16:00:00+00:00,0,0,0.0,[]
2020-11-13 16:05:00+00:00,0,0,0.0,[]
2020-11-13 16:10:00+00:00,0,0,0.0,[]
2020-11-13 16:15:00+00:00,0,0,0.0,[]
2020-11-13 16:20:00+00:00,0,0,0.0,[]
2020-11-13 16:25:00+00:00,0,0,0.0,[]
2020-11-13 16:30:00+00:00,0,0,0.0,[]
2020-11-13 16:35:00+00:00,0,0,0.0,[]
2020-11-13 16:40:00+00:00,0,0,0.0,[]
2020-11-13 16:45:00+00:00,0,0,0.0,[]
2020-11-13 16:50:00+00:00,0,0,0.0,[]
2020-11-13 16:55:00+00:00,0,0,0.0,[]
2020-11-13 17:00:00+00:00,0,0,0.0,[]
2020-11-13 17:05:00+00:00,0,0,0.0,[]
2020-11-13 17:10:00+00:00,0,0,0.0,[]
2020-11-13 17:15:00+00:00,0,0,0.0,[]
2020-11-13 17:20:00+00:00,0,0,0.0,[]
2020-11-13 17:25:00+00:00,0,0,0.0,[]
2020-11-13 17:30:00+00:00,0,0,0.0,[]
2020-11-13 17:35:00+00:00,0,0,0.0,[]
2020-11-13 17:40:00+00:00,0,0,0.0,[]
2020-11-13 17:45:00+00:00,0,0,0.0,[]
2020-11-13 17:50:00+00:00,0,0,0.0,[]
2020-11-13 17:55:00+00:00,0,0,0.0,[]
2020-11-13 18:00:00+00:00,0,0,0.0,[]
2020-11-13 18:05:00+00:00,0,0,0.0,[]
2020-11-13 18:10:00+00:00,0,0,0.0,[]
2020-11-13 18:15:00+00:00,0,0,0.0,[]
2020-11-13 18:20:00+00:00,0,0,0.0,[]
2020-11-13 18:25:00+00:00,0,0,0.0,[]
2020-11-13 18:30:00+00:00,0,0,0.0,[]
2020-11-13 18:35:00+00:00,0,0,0.0,[]
2020-11-13 18:40:00+00:00,0,0,0.0,[]
2020-11-13 18:45:00+00:00,0,0,0.0,[]
2020-11-13 18:50:00+00:00,0,0,0.0,[]
2020-11-13 18:55:00+00:00,0,0,0.0,[]
2020-11-13 19:00:00+00:00,0,0,0.0,[]
2020-11-13 19:05:00+00:00,0,0,0.0,[]
2020-11-13 19:10:00+00:00,0,0,0.0,[]
2020-11-13 19:15:00+00:00,0,0,0.0,[]
2020-11-13 19:20:00+00:00,0,0,0.0,[]
2020-11-13 19:25:00+00:00,0,0,0.0,[]
2020-11-13 19:30:00+00:00,0,0,0.0,[]
2020-11-13 19:35:00+00:00,0,0,0.0,[]
2020-11-13 19:40:00+00:00,0,0,0.0,[]
2020-11-13 19:45:00+00:00,0,0,0.0,[]
2020-11-13 19:50:00+00:00,0,0,0.0,[]
2020-11-13 19:55:00+00:00,0,0,0.0,[]
2020-11-13 20:00:00+00:00,0,0,0.0,[]
2020-11-13 20:05:00+00:00,0,0,0.0,[]
2020-11-13 20:10:00+00:00,0,0,0.0,[]
2020-11-13 20:15:00+00:00,0,0,0.0,[]
2020-11-13 20:20:00+00:00,0,0,0.0,[]
2020-11-13 20:25:00+00:00,0,0,0.0,[]
2020-11-13 20:30:00+00:00,0,0,0.0,[]
2020-11-13 20:35:00+00:00,0,0,0.0,[]
2020-11-13 20:40:00+00:00,0,0,0.0,[]
2020-11-13 20:45:00+00:00,0,0,0.0,[]
2020-11-13 20:50:00+00:00,0,0,0.0,[]
2020-11-13 20:55:00+00:00,0,0,0.0,[]
2020-11-13 21:00:00+00:00,0,0,0.0,[]
2020-11-13 21:05:00+00:00,0,0,0.0,[]
2020-11-13 21:10:00+00:00,0,0,0.0,[]
2020-11-13 21:15:00+00:00,0,0,0.0,[]
2020-11-13 21:20:00+00:00,0,0,0.0,[]
2020-11-13 21:25:00+00:00,0,0,0.0,[]
2020-11-13 21:30:00+00:00,0,0,0.0,[]
2020-11-13 21:35:00+00:00,0,0,0.0,[]
2020-11-13 21:40:00+00:00,0,0,0.0,[]
2020-11-13 21:45:00+00:00,0,0,0.0,[]
2020-11-13 21:50:00+00:00,0,0,0.0,[]
2020-11-13 21:55:00+00:00,0,0,0.0,[]
2020-11-13 22:00:00+00:00,0,0,0.0,[]
2020-11-13 22:05:00+00:00,0,0,0.0,[]
2020-11-13 22:10:00+00:00,0,0,0.0,[]
2020-11-13 22:15:00+00:00,0,0,0.0,[]
2020-11-13 22:20:00+00:00,0,0,0.0,[]
2020-11-13 22:25:00+00:00,0,0,0.0,[]
2020-11-13 22:30:00+00:00,0,0,0.0,[]
2020-11-13 22:35:00+00:00,0,0,0.0,[]
2020-11-13 22:40:00+00:00,0,0,0.0,[]
2020-11-13 22:45:00+00:00,0,0,0.0,[]
2020-11-13 22:50:00+00:00,0,0,0.0,[]
2020-11-13 22:55:00+00:00,0,0,0.0,[]
2020-11-13 23:00:00+00:00,0,0,0.0,[]
2020-11-13 23:05:00+00:00,50,0,1.0,[50]
2020-11-13 23:10:00+00:00,0,0,0.0,[]
2020-11-13 23:15:00+00:00,0,0,0.0,[]
2020-11-13 23:20:00+00:00,0,0,0.0,[]
2020-11-13 23:25:00+00:00,0,0,0.0,[]
2020-11-13 23:30:00+00:00,0,0,0.0,[]
2020-11-13 23:35:00+00:00,0,0,0.0,[]
2020-11-13 23:40:00+00:00,0,0,0.0,[]
2020-11-13 23:45:00+00:00,0,0,0.0,[]
2020-11-13 23:50:00+00:00,0,0,0.0,[]
2020-11-13 23:55:00+00:00,0,0,0.0,[]
2020-11-14 00:00:00+00:00,0,0,0.0,[]
2020-11-14 00:05:00+00:00,0,0,0.0,[]
2020-11-14 00:10:00+00:00,0,0,0.0,[]
2020-11-14 00:15:00+00:00,0,0,0.0,[]
2020-11-14 00:20:00+00:00,0,0,0.0,[]
2020-11-14 00:25:00+00:00,0,0,0.0,[]
2020-11-14 00:30:00+00:00,0,0,0.0,[]
2020-11-14 00:35:00+00:00,0,0,0.0,[]
2020-11-14 00:40:00+00:00,0,0,0.0,[]
2020-11-14 00:45:00+00:00,0,0,0.0,[]
2020-11-14 00:50:00+00:00,0,0,0.0,[]
2020-11-14 00:55:00+00:00,0,0,0.0,[]
2020-11-14 01:00:00+00:00,0,0,0.0,[]
2020-11-14 01:05:00+00:00,0,0,0.0,[]
2020-11-14 01:10:00+00:00,0,0,0.0,[]
2020-11-14 01:15:00+00:00,0,0,0.0,[]
2020-11-14 01:20:00+00:00,0,0,0.0,[]
2020-11-14 01:25:00+00:00,0,0,0.0,[]
2020-11-14 01:30:00+00:00,0,0,0.0,[]
2020-11-14 01:35:00+00:00,0,0,0.0,[]
2020-11-14 01:40:00+00:00,0,0,0.0,[]
2020-11-14 01:45:00+00:00,0,0,0.0,[]
2020-11-14 01:50:00+00:00,0,0,0.0,[]
2020-11-14 01:55:00+00:00,0,0,0.0,[]
2020-11-14 02:00:00+00:00,0,0,0.0,[]
2020-11-14 02:05:00+00:00,0,0,0.0,[]
2020-11-14 02:10:00+00:00,0,0,0.0,[]
2020-11-14 02:15:00+00:00,0,0,0.0,[]
2020-11-14 02:20:00+00:00,0,0,0.0,[]
2020-11-14 02:25:00+00:00,0,0,0.0,[]
2020-11-14 02:30:00+00:00,0,0,0.0,[]
2020-11-14 02:35:00+00:00,0,0,0.0,[]
2020-11-14 02:40:00+00:00,0,0,0.0,[]
2020-11-14 02:45:00+00:00,0,0,0.0,[]
2020-11-14 02:50:00+00:00,0,0,0.0,[]
2020-11-14 02:55:00+00:00,0,0,0.0,[]
2020-11-14 03:00:00+00:00,0,0,0.0,[]
2020-11-14 03:05:00+00:00,0,0,0.0,[]
2020-11-14 03:10:00+00:00,0,0,0.0,[]
2020-11-14 03:15:00+00:00,0,0,0.0,[]
2020-11-14 03:20:00+00:00,0,0,0.0,[]
2020-11-14 03:25:00+00:00,0,0,0.0,[]
2020-11-14 03:30:00+00:00,0,0,0.0,[]
2020-11-14 03:35:00+00:00,0,0,0.0,[]
2020-11-14 03:40:00+00:00,0,0,0.0,[]
2020-11-14 03:45:00+00:00,0,0,0.0,[]
2020-11-14 03:50:00+00:00,0,0,0.0,[]
2020-11-14 03:55:00+00:00,0,0,0.0,[]
2020-11-14 04:00:00+00:00,0,0,0.0,[]
2020-11-14 04:05:00+00:00,0,0,0.0,[]
2020-11-14 04:10:00+00:00,0,0,0.0,[]
2020-11-14 04:15:00+00:00,0,0,0.0,[]
2020-11-14 04:20:00+00:00,0,0,0.0,[]
2020-11-14 04:25:00+00:00,0,0,0.0,[]
2020-11-14 04:30:00+00:00,0,0,0.0,[]
2020-11-14 04:35:00+00:00,0,0,0.0,[]
2020-11-14 04:40:00+00:00,0,0,0.0,[]
2020-11-14 04:45:00+00:00,0,0,0.0,[]
2020-11-14 04:50:00+00:00,0,0,0.0,[]
2020-11-14 04:55:00+00:00,0,0,0.0,[]
2020-11-14 05:00:00+00:00,0,0,0.0,[]
2020-11-14 05:05:00+00:00,0,0,0.0,[]
2020-11-14 05:10:00+00:00,0,0,0.0,[]
2020-11-14 05:15:00+00:00,0,0,0.0,[]
2020-11-14 05:20:00+00:00,0,0,0.0,[]
2020-11-14 05:25:00+00:00,0,0,0.0,[]
2020-11-14 05:30:00+00:00,0,0,0.0,[]
2020-11-14 05:35:00+00:00,0,0,0.0,[]
2020-11-14 05:40:00+00:00,0,0,0.0,[]
2020-11-14 05:45:00+00:00,0,0,0.0,[]
2020-11-14 05:50:00+00:00,0,0,0.0,[]
2020-11-14 05:55:00+00:00,0,0,0.0,[]
2020-11-14 06:00:00+00:00,0,0,0.0,[]
2020-11-14 06:05:00+00:00,0,0,0.0,[]
2020-11-14 06:10:00+00:00,0,0,0.0,[]
2020-11-14 06:15:00+00:00,0,0,0.0,[]
2020-11-14 06:20:00+00:00,0,0,0.0,[]
2020-11-14 06:25:00+00:00,0,0,0.0,[]
2020-11-14 06:30:00+00:00,0,0,0.0,[]
2020-11-14 06:35:00+00:00,0,0,0.0,[]
2020-11-14 06:40:00+00:00,0,0,0.0,[]
2020-11-14 06:45:00+00:00,0,0,0.0,[]
2020-11-14 06:50:00+00:00,0,0,0.0,[]
2020-11-14 06:55:00+00:00,0,0,0.0,[]
2020-11-14 07:00:00+00:00,0,0,0.0,[]
2020-11-14 07:05:00+00:00,0,0,0.0,[]
2020-11-14 07:10:00+00:00,0,0,0.0,[]
2020-11-14 07:15:00+00:00,0,0,0.0,[]
2020-11-14 07:20:00+00:00,0,0,0.0,[]
2020-11-14 07:25:00+00:00,0,0,0.0,[]
2020-11-14 07:30:00+00:00,0,0,0.0,[]
2020-11-14 07:35:00+00:00,0,0,0.0,[]
2020-11-14 07:40:00+00:00,0,0,0.0,[]
2020-11-14 07:45:00+00:00,0,0,0.0,[]
2020-11-14 07:50:00+00:00,0,0,0.0,[]
2020-11-14 07:55:00+00:00,0,0,0.0,[]
2020-11-14 08:00:00+00:00,0,0,0.0,[]
2020-11-14 08:05:00+00:00,0,0,0.0,[]
2020-11-14 08:10:00+00:00,0,0,0.0,[]
2020-11-14 08:15:00+00:00,0,0,0.0,[]
2020-11-14 08:20:00+00:00,0,0,0.0,[]
2020-11-14 08:25:00+00:00,0,0,0.0,[]
2020-11-14 08:30:00+00:00,0,0,0.0,[]
2020-11-14 08:35:00+00:00,0,0,0.0,[]
2020-11-14 08:40:00+00:00,0,0,0.0,[]
2020-11-14 08:45:00+00:00,0,0,0.0,[]
2020-11-14 08:50:00+00:00,0,0,0.0,[]
2020-11-14 08:55:00+00:00,0,0,0.0,[]
2020-11-14 09:00:00+00:00,0,0,0.0,[]
2020-11-14 09:05:00+00:00,0,0,0.0,[]
2020-11-14 09:10:00+00:00,0,0,0.0,[]
2020-11-14 09:15:00+00:00,0,0,0.0,[]
2020-11-14 09:20:00+00:00,0,0,0.0,[]
2020-11-14 09:25:00+00:00,0,0,0.0,[]
2020-11-14 09:30:00+00:00,0,0,0.0,[]
2020-11-14 09:35:00+00:00,0,0,0.0,[]
2020-11-14 09:40:00+00:00,0,0,0.0,[]
2020-11-14 09:45:00+00:00,0,0,0.0,[]
2020-11-14 09:50:00+00:00,0,0,0.0,[]
2020-11-14 09:55:00+00:00,0,0,0.0,[]
2020-11-14 10:00:00+00:00,0,0,0.0,[]
2020-11-14 10:05:00+00:00,0,0,0.0,[]
2020-11-14 10:10:00+00:00,0,0,0.0,[]
2020-11-14 10:15:00+00:00,0,0,0.0,[]
2020-11-14 10:20:00+00:00,0,0,0.0,[]
2020-11-14 10:25:00+00:00,0,0,0.0,[]
2020-11-14 10:30:00+00:00,0,0,0.0,[]
2020-11-14 10:35:00+00:00,0,0,0.0,[]
2020-11-14 10:40:00+00:00,0,0,0.0,[]
2020-11-14 10:45:00+00:00,0,0,0.0,[]
2020-11-14 10:50:00+00:00,0,0,0.0,[]
2020-11-14 10:55:00+00:00,0,0,0.0,[]
2020-11-14 11:00:00+00:00,0,0,0.0,[]
2020-11-14 11:05:00+00:00,0,0,0.0,[]
2020-11-14 11:10:00+00:00,0,0,0.0,[]
2020-11-14 11:15:00+00:00,0,0,0.0,[]
2020-11-14 11:20:00+00:00,0,0,0.0,[]
2020-11-14 11:25:00+00:00,0,0,0.0,[]
2020-11-14 11:30:00+00:00,0,0,0.0,[]
2020-11-14 11:35:00+00:00,0,0,0.0,[]
2020-11-14 11:40:00+00:00,0,0,0.0,[]
2020-11-14 11:45:00+00:00,0,0,0.0,[]
2020-11-14 11:50:00+00:00,0,0,0.0,[]
2020-11-14 11:55:00+00:00,0,0,0.0,[]
2020-11-14 12:00:00+00:00,0,0,0.0,[]
2020-11-14 12:05:00+00:00,0,0,0.0,[]
2020-11-14 12:10:00+00:00,0,0,0.0,[]
2020-11-14 12:15:00+00:00,0,0,0.0,[]
2020-11-14 12:20:00+00:00,0,0,0.0,[]
2020-11-14 12:25:00+00:00,0,0,0.0,[]
2020-11-14 12:30:00+00:00,0,0,0.0,[]
2020-11-14 12:35:00+00:00,0,0,0.0,[]
2020-11-14 12:40:00+00:00,0,0,0.0,[]
2020-11-14 12:45:00+00:00,0,0,0.0,[]
2020-11-14 12:50:00+00:00,0,0,0.0,[]
2020-11-14 12:55:00+00:00,0,0,0.0,[]
2020-11-14 13:00:00+00:00,0,0,0.0,[]
2020-11-14 13:05:00+00:00,0,0,0.0,[]
2020-11-14 13:10:00+00:00,0,0,0.0,[]
2020-11-14 13:15:00+00:00,0,0,0.0,[]
2020-11-14 13:20:00+00:00,0,0,0.0,[]
2020-11-14 13:25:00+00:00,0,0,0.0,[]
2020-11-14 13:30:00+00:00,0,0,0.0,[]
2020-11-14 13:35:00+00:00,0,0,0.0,[]
2020-11-14 13:40:00+00:00,0,0,0.0,[]
2020-11-14 13:45:00+00:00,0,0,0.0,[]
2020-11-14 13:50:00+00:00,0,0,0.0,[]
2020-11-14 13:55:00+00:00,0,0,0.0,[]
2020-11-14 14:00:00+00:00,0,0,0.0,[]
2020-11-14 14:05:00+00:00,0,0,0.0,[]
2020-11-14 14:10:00+00:00,0,0,0.0,[]
2020-11-14 14:15:00+00:00,0,0,0.0,[]
2020-11-14 14:20:00+00:00,0,0,0.0,[]
2020-11-14 14:25:00+00:00,0,0,0.0,[]
2020-11-14 14:30:00+00:00,0,0,0.0,[]
2020-11-14 14:35:00+00:00,0,0,0.0,[]
2020-11-14 14:40:00+00:00,0,0,0.0,[]
2020-11-14 14:45:00+00:00,0,0,0.0,[]
2020-11-14 14:50:00+00:00,0,0,0.0,[]
2020-11-14 14:55:00+00:00,0,0,0.0,[]
2020-11-14 15:00:00+00:00,0,0,0.0,[]
2020-11-14 15:05:00+00:00,0,0,0.0,[]
2020-11-14 15:10:00+00:00,0,0,0.0,[]
2020-11-14 15:15:00+00:00,0,0,0.0,[]
2020-11-14 15:20:00+00:00,0,0,0.0,[]
2020-11-14 15:25:00+00:00,0,0,0.0,[]
2020-11-14 15:30:00+00:00,0,0,0.0,[]
2020-11-14 15:35:00+00:00,0,0,0.0,[]
2020-11-14 15:40:00+00:00,0,0,0.0,[]
2020-11-14 15:45:00+00:00,0,0,0.0,[]
2020-11-14 15:50:00+00:00,0,0,0.0,[]
2020-11-14 15:55:00+00:00,0,0,0.0,[]
2020-11-14 16:00:00+00:00,0,0,0.0,[]
2020-11-14 16:05:00+00:00,0,0,0.0,[]
2020-11-14 16:10:00+00:00,0,0,0.0,[]
2020-11-14 16:15:00+00:00,0,0,0.0,[]
2020-11-14 16:20:00+00:00,0,0,0.0,[]
2020-11-14 16:25:00+00:00,0,0,0.0,[]
2020-11-14 16:30:00+00:00,0,0,0.0,[]
2020-11-14 16:35:00+00:00,0,0,0.0,[]
2020-11-14 16:40:00+00:00,0,0,0.0,[]
2020-11-14 16:45:00+00:00,0,0,0.0,[]
2020-11-14 16:50:00+00:00,0,0,0.0,[]
2020-11-14 16:55:00+00:00,0,0,0.0,[]
2020-11-14 17:00:00+00:00,0,0,0.0,[]
2020-11-14 17:05:00+00:00,0,0,0.0,[]
2020-11-14 17:10:00+00:00,50,0,1.0,[50]
2020-11-14 17:15:00+00:00,0,0,0.0,[]
2020-11-14 17:20:00+00:00,0,0,0.0,[]
2020-11-14 17:25:00+00:00,0,0,0.0,[]
2020-11-14 17:30:00+00:00,0,0,0.0,[]
2020-11-14 17:35:00+00:00,0,0,0.0,[]
2020-11-14 17:40:00+00:00,0,0,0.0,[]
2020-11-14 17:45:00+00:00,0,0,0.0,[]
2020-11-14 17:50:00+00:00,0,0,0.0,[]
2020-11-14 17:55:00+00:00,0,0,0.0,[]
2020-11-14 18:00:00+00:00,0,0,0.0,[]
2020-11-14 18:05:00+00:00,0,0,0.0,[]
2020-11-14 18:10:00+00:00,0,0,0.0,[]
2020-11-14 18:15:00+00:00,0,0,0.0,[]
2020-11-14 18:20:00+00:00,0,0,0.0,[]
2020-11-14 18:25:00+00:00,0,0,0.0,[]
2020-11-14 18:30:00+00:00,0,0,0.0,[]
2020-11-14 18:35:00+00:00,0,0,0.0,[]
2020-11-14 18:40:00+00:00,0,0,0.0,[]
2020-11-14 18:45:00+00:00,0,0,0.0,[]
2020-11-14 18:50:00+00:00,0,0,0.0,[]
2020-11-14 18:55:00+00:00,0,0,0.0,[]
2020-11-14 19:00:00+00:00,0,0,0.0,[]
2020-11-14 19:05:00+00:00,0,0,0.0,[]
2020-11-14 19:10:00+00:00,0,0,0.0,[]
2020-11-14 19:15:00+00:00,0,0,0.0,[]
2020-11-14 19:20:00+00:00,0,0,0.0,[]
2020-11-14 19:25:00+00:00,0,0,0.0,[]
2020-11-14 19:30:00+00:00,0,0,0.0,[]
2020-11-14 19:35:00+00:00,0,0,0.0,[]
2020-11-14 19:40:00+00:00,0,0,0.0,[]
2020-11-14 19:45:00+00:00,0,0,0.0,[]
2020-11-14 19:50:00+00:00,0,0,0.0,[]
2020-11-14 19:55:00+00:00,0,0,0.0,[]
2020-11-14 20:00:00+00:00,0,0,0.0,[]
2020-11-14 20:05:00+00:00,0,0,0.0,[]
2020-11-14 20:10:00+00:00,0,0,0.0,[]
2020-11-14 20:15:00+00:00,0,0,0.0,[]
2020-11-14 20:20:00+00:00,0,0,0.0,[]
2020-11-14 20:25:00+00:00,0,0,0.0,[]
2020-11-14 20:30:00+00:00,0,0,0.0,[]
2020-11-14 20:35:00+00:00,0,0,0.0,[]
2020-11-14 20:40:00+00:00,0,0,0.0,[]
2020-11-14 20:45:00+00:00,0,0,0.0,[]
2020-11-14 20:50:00+00:00,0,0,0.0,[]
2020-11-14 20:55:00+00:00,0,0,0.0,[]
2020-11-14 21:00:00+00:00,0,0,0.0,[]
2020-11-14 21:05:00+00:00,0,0,0.0,[]
2020-11-14 21:10:00+00:00,0,0,0.0,[]
2020-11-14 21:15:00+00:00,0,0,0.0,[]
2020-11-14 21:20:00+00:00,0,0,0.0,[]
2020-11-14 21:25:00+00:00,0,0,0.0,[]
2020-11-14 21:30:00+00:00,0,0,0.0,[]
2020-11-14 21:35:00+00:00,0,0,0.0,[]
2020-11-14 21:40:00+00:00,0,0,0.0,[]
2020-11-14 21:45:00+00:00,0,0,0.0,[]
2020-11-14 21:50:00+00:00,0,0,0.0,[]
2020-11-14 21:55:00+00:00,0,0,0.0,[]
2020-11-14 22:00:00+00:00,0,0,0.0,[]
2020-11-14 22:05:00+00:00,0,0,0.0,[]
2020-11-14 22:10:00+00:00,0,0,0.0,[]
2020-11-14 22:15:00+00:00,0,0,0.0,[]
2020-11-14 22:20:00+00:00,0,0,0.0,[]
2020-11-14 22:25:00+00:00,0,0,0.0,[]
2020-11-14 22:30:00+00:00,0,0,0.0,[]
2020-11-14 22:35:00+00:00,0,0,0.0,[]
2020-11-14 22:40:00+00:00,0,0,0.0,[]
2020-11-14 22:45:00+00:00,0,0,0.0,[]
2020-11-14 22:50:00+00:00,0,0,0.0,[]
2020-11-14 22:55:00+00:00,0,0,0.0,[]
2020-11-14 23:00:00+00:00,0,0,0.0,[]
2020-11-14 23:05:00+00:00,0,0,0.0,[]
2020-11-14 23:10:00+00:00,0,0,0.0,[]
2020-11-14 23:15:00+00:00,0,0,0.0,[]
2020-11-14 23:20:00+00:00,0,0,0.0,[]
2020-11-14 23:25:00+00:00,0,0,0.0,[]
2020-11-14 23:30:00+00:00,0,0,0.0,[]
2020-11-14 23:35:00+00:00,0,0,0.0,[]
2020-11-14 23:40:00+00:00,0,0,0.0,[]
2020-11-14 23:45:00+00:00,0,0,0.0,[]
2020-11-14 23:50:00+00:00,0,0,0.0,[]
2020-11-14 23:55:00+00:00,0,0,0.0,[]
2020-11-15 00:00:00+00:00,0,0,0.0,[]
2020-11-15 00:05:00+00:00,0,0,0.0,[]
2020-11-15 00:10:00+00:00,0,0,0.0,[]
2020-11-15 00:15:00+00:00,0,0,0.0,[]
2020-11-15 00:20:00+00:00,0,0,0.0,[]
2020-11-15 00:25:00+00:00,0,0,0.0,[]
2020-11-15 00:30:00+00:00,0,0,0.0,[]
2020-11-15 00:35:00+00:00,0,0,0.0,[]
2020-11-15 00:40:00+00:00,0,0,0.0,[]
2020-11-15 00:45:00+00:00,0,0,0.0,[]
2020-11-15 00:50:00+00:00,0,0,0.0,[]
2020-11-15 00:55:00+00:00,0,0,0.0,[]
2020-11-15 01:00:00+00:00,0,0,0.0,[]
2020-11-15 01:05:00+00:00,0,0,0.0,[]
2020-11-15 01:10:00+00:00,0,0,0.0,[]
2020-11-15 01:15:00+00:00,0,0,0.0,[]
2020-11-15 01:20:00+00:00,0,0,0.0,[]
2020-11-15 01:25:00+00:00,0,0,0.0,[]
2020-11-15 01:30:00+00:00,0,0,0.0,[]
2020-11-15 01:35:00+00:00,0,0,0.0,[]
2020-11-15 01:40:00+00:00,0,0,0.0,[]
2020-11-15 01:45:00+00:00,0,0,0.0,[]
2020-11-15 01:50:00+00:00,0,0,0.0,[]
2020-11-15 01:55:00+00:00,0,0,0.0,[]
2020-11-15 02:00:00+00:00,0,0,0.0,[]
2020-11-15 02:05:00+00:00,0,0,0.0,[]
2020-11-15 02:10:00+00:00,0,0,0.0,[]
2020-11-15 02:15:00+00:00,0,0,0.0,[]
2020-11-15 02:20:00+00:00,0,0,0.0,[]
2020-11-15 02:25:00+00:00,0,0,0.0,[]
2020-11-15 02:30:00+00:00,0,0,0.0,[]
2020-11-15 02:35:00+00:00,0,0,0.0,[]
2020-11-15 02:40:00+00:00,0,0,0.0,[]
2020-11-15 02:45:00+00:00,0,0,0.0,[]
2020-11-15 02:50:00+00:00,0,0,0.0,[]
2020-11-15 02:55:00+00:00,0,0,0.0,[]
2020-11-15 03:00:00+00:00,0,0,0.0,[]
2020-11-15 03:05:00+00:00,0,0,0.0,[]
2020-11-15 03:10:00+00:00,0,0,0.0,[]
2020-11-15 03:15:00+00:00,0,0,0.0,[]
2020-11-15 03:20:00+00:00,0,0,0.0,[]
2020-11-15 03:25:00+00:00,0,0,0.0,[]
2020-11-15 03:30:00+00:00,0,0,0.0,[]
2020-11-15 03:35:00+00:00,0,0,0.0,[]
2020-11-15 03:40:00+00:00,0,0,0.0,[]
2020-11-15 03:45:00+00:00,0,0,0.0,[]
2020-11-15 03:50:00+00:00,0,0,0.0,[]
2020-11-15 03:55:00+00:00,0,0,0.0,[]
2020-11-15 04:00:00+00:00,0,0,0.0,[]
2020-11-15 04:05:00+00:00,0,0,0.0,[]
2020-11-15 04:10:00+00:00,0,0,0.0,[]
2020-11-15 04:15:00+00:00,0,0,0.0,[]
2020-11-15 04:20:00+00:00,0,0,0.0,[]
2020-11-15 04:25:00+00:00,0,0,0.0,[]
2020-11-15 04:30:00+00:00,0,0,0.0,[]
2020-11-15 04:35:00+00:00,0,0,0.0,[]
2020-11-15 04:40:00+00:00,0,0,0.0,[]
2020-11-15 04:45:00+00:00,0,0,0.0,[]
2020-11-15 04:50:00+00:00,0,0,0.0,[]
2020-11-15 04:55:00+00:00,0,0,0.0,[]
2020-11-15 05:00:00+00:00,460,0,1.0,[460]
2020-11-15 05:05:00+00:00,0,0,0.0,[]
2020-11-15 05:10:00+00:00,0,0,0.0,[]
2020-11-15 05:15:00+00:00,0,0,0.0,[]
2020-11-15 05:20:00+00:00,0,0,0.0,[]
2020-11-15 05:25:00+00:00,0,0,0.0,[]
2020-11-15 05:30:00+00:00,0,0,0.0,[]
2020-11-15 05:35:00+00:00,0,0,0.0,[]
2020-11-15 05:40:00+00:00,0,0,0.0,[]
2020-11-15 05:45:00+00:00,0,0,0.0,[]
2020-11-15 05:50:00+00:00,0,0,0.0,[]
2020-11-15 05:55:00+00:00,0,0,0.0,[]
2020-11-15 06:00:00+00:00,0,0,0.0,[]
2020-11-15 06:05:00+00:00,0,0,0.0,[]
2020-11-15 06:10:00+00:00,0,0,0.0,[]
2020-11-15 06:15:00+00:00,0,0,0.0,[]
2020-11-15 06:20:00+00:00,0,0,0.0,[]
2020-11-15 06:25:00+00:00,0,0,0.0,[]
2020-11-15 06:30:00+00:00,0,0,0.0,[]
2020-11-15 06:35:00+00:00,0,0,0.0,[]
2020-11-15 06:40:00+00:00,0,0,0.0,[]
2020-11-15 06:45:00+00:00,0,0,0.0,[]
2020-11-15 06:50:00+00:00,0,0,0.0,[]
2020-11-15 06:55:00+00:00,0,0,0.0,[]
2020-11-15 07:00:00+00:00,0,0,0.0,[]
2020-11-15 07:05:00+00:00,0,0,0.0,[]
2020-11-15 07:10:00+00:00,0,0,0.0,[]
2020-11-15 07:15:00+00:00,0,0,0.0,[]
2020-11-15 07:20:00+00:00,0,0,0.0,[]
2020-11-15 07:25:00+00:00,0,0,0.0,[]
2020-11-15 07:30:00+00:00,0,0,0.0,[]
2020-11-15 07:35:00+00:00,0,0,0.0,[]
2020-11-15 07:40:00+00:00,0,0,0.0,[]
2020-11-15 07:45:00+00:00,0,0,0.0,[]
2020-11-15 07:50:00+00:00,0,0,0.0,[]
2020-11-15 07:55:00+00:00,0,0,0.0,[]
2020-11-15 08:00:00+00:00,0,0,0.0,[]
2020-11-15 08:05:00+00:00,0,0,0.0,[]
2020-11-15 08:10:00+00:00,0,0,0.0,[]
2020-11-15 08:15:00+00:00,0,0,0.0,[]
2020-11-15 08:20:00+00:00,0,0,0.0,[]
2020-11-15 08:25:00+00:00,0,0,0.0,[]
2020-11-15 08:30:00+00:00,0,0,0.0,[]
2020-11-15 08:35:00+00:00,0,0,0.0,[]
2020-11-15 08:40:00+00:00,0,0,0.0,[]
2020-11-15 08:45:00+00:00,0,0,0.0,[]
2020-11-15 08:50:00+00:00,0,0,0.0,[]
2020-11-15 08:55:00+00:00,0,0,0.0,[]
2020-11-15 09:00:00+00:00,0,0,0.0,[]
2020-11-15 09:05:00+00:00,0,0,0.0,[]
2020-11-15 09:10:00+00:00,0,0,0.0,[]
2020-11-15 09:15:00+00:00,0,0,0.0,[]
2020-11-15 09:20:00+00:00,0,0,0.0,[]
2020-11-15 09:25:00+00:00,0,0,0.0,[]
2020-11-15 09:30:00+00:00,0,0,0.0,[]
2020-11-15 09:35:00+00:00,0,0,0.0,[]
2020-11-15 09:40:00+00:00,0,0,0.0,[]
2020-11-15 09:45:00+00:00,0,0,0.0,[]
2020-11-15 09:50:00+00:00,0,0,0.0,[]
2020-11-15 09:55:00+00:00,0,0,0.0,[]
2020-11-15 10:00:00+00:00,0,0,0.0,[]
2020-11-15 10:05:00+00:00,0,0,0.0,[]
2020-11-15 10:10:00+00:00,0,0,0.0,[]
2020-11-15 10:15:00+00:00,0,0,0.0,[]
2020-11-15 10:20:00+00:00,0,0,0.0,[]
2020-11-15 10:25:00+00:00,0,0,0.0,[]
2020-11-15 10:30:00+00:00,0,0,0.0,[]
2020-11-15 10:35:00+00:00,0,0,0.0,[]
2020-11-15 10:40:00+00:00,210,0,1.0,[210]
2020-11-15 10:45:00+00:00,0,0,0.0,[]
2020-11-15 10:50:00+00:00,7480,0,1.0,[7480]
2020-11-15 10:55:00+00:00,0,0,0.0,[]
2020-11-15 11:00:00+00:00,0,0,0.0,[]
2020-11-15 11:05:00+00:00,0,0,0.0,[]
2020-11-15 11:10:00+00:00,0,0,0.0,[]
2020-11-15 11:15:00+00:00,0,0,0.0,[]
2020-11-15 11:20:00+00:00,0,0,0.0,[]
2020-11-15 11:25:00+00:00,0,0,0.0,[]
2020-11-15 11:30:00+00:00,0,0,0.0,[]
2020-11-15 11:35:00+00:00,0,0,0.0,[]
2020-11-15 11:40:00+00:00,0,0,0.0,[]
2020-11-15 11:45:00+00:00,0,0,0.0,[]
2020-11-15 11:50:00+00:00,0,0,0.0,[]
2020-11-15 11:55:00+00:00,0,0,0.0,[]
2020-11-15 12:00:00+00:00,0,0,0.0,[]
2020-11-15 12:05:00+00:00,0,0,0.0,[]
2020-11-15 12:10:00+00:00,0,0,0.0,[]
2020-11-15 12:15:00+00:00,0,0,0.0,[]
2020-11-15 12:20:00+00:00,0,0,0.0,[]
2020-11-15 12:25:00+00:00,0,0,0.0,[]
2020-11-15 12:30:00+00:00,0,0,0.0,[]
2020-11-15 12:35:00+00:00,0,0,0.0,[]
2020-11-15 12:40:00+00:00,0,0,0.0,[]
2020-11-15 12:45:00+00:00,0,0,0.0,[]
2020-11-15 12:50:00+00:00,0,0,0.0,[]
2020-11-15 12:55:00+00:00,0,0,0.0,[]
2020-11-15 13:00:00+00:00,0,0,0.0,[]
2020-11-15 13:05:00+00:00,0,0,0.0,[]
2020-11-15 13:10:00+00:00,0,0,0.0,[]
2020-11-15 13:15:00+00:00,0,0,0.0,[]
2020-11-15 13:20:00+00:00,0,0,0.0,[]
2020-11-15 13:25:00+00:00,0,0,0.0,[]
2020-11-15 13:30:00+00:00,0,0,0.0,[]
2020-11-15 13:35:00+00:00,0,0,0.0,[]
2020-11-15 13:40:00+00:00,0,0,0.0,[]
2020-11-15 13:45:00+00:00,0,0,0.0,[]
2020-11-15 13:50:00+00:00,0,0,0.0,[]
2020-11-15 13:55:00+00:00,0,0,0.0,[]
2020-11-15 14:00:00+00:00,0,0,0.0,[]
2020-11-15 14:05:00+00:00,0,0,0.0,[]
2020-11-15 14:10:00+00:00,0,0,0.0,[]
2020-11-15 14:15:00+00:00,0,0,0.0,[]
2020-11-15 14:20:00+00:00,0,0,0.0,[]
2020-11-15 14:25:00+00:00,0,0,0.0,[]
2020-11-15 14:30:00+00:00,0,0,0.0,[]
2020-11-15 14:35:00+00:00,0,0,0.0,[]
2020-11-15 14:40:00+00:00,0,0,0.0,[]
2020-11-15 14:45:00+00:00,0,0,0.0,[]
2020-11-15 14:50:00+00:00,0,0,0.0,[]
2020-11-15 14:55:00+00:00,0,0,0.0,[]
2020-11-15 15:00:00+00:00,0,0,0.0,[]
2020-11-15 15:05:00+00:00,0,0,0.0,[]
2020-11-15 15:10:00+00:00,0,0,0.0,[]
2020-11-15 15:15:00+00:00,0,0,0.0,[]
2020-11-15 15:20:00+00:00,0,0,0.0,[]
2020-11-15 15:25:00+00:00,0,0,0.0,[]
2020-11-15 15:30:00+00:00,0,0,0.0,[]
2020-11-15 15:35:00+00:00,0,0,0.0,[]
2020-11-15 15:40:00+00:00,0,0,0.0,[]
2020-11-15 15:45:00+00:00,0,0,0.0,[]
2020-11-15 15:50:00+00:00,0,0,0.0,[]
2020-11-15 15:55:00+00:00,0,0,0.0,[]
2020-11-15 16:00:00+00:00,0,0,0.0,[]
2020-11-15 16:05:00+00:00,0,0,0.0,[]
2020-11-15 16:10:00+00:00,0,0,0.0,[]
2020-11-15 16:15:00+00:00,0,0,0.0,[]
2020-11-15 16:20:00+00:00,0,0,0.0,[]
2020-11-15 16:25:00+00:00,0,0,0.0,[]
2020-11-15 16:30:00+00:00,0,0,0.0,[]
2020-11-15 16:35:00+00:00,0,0,0.0,[]
2020-11-15 16:40:00+00:00,0,0,0.0,[]
2020-11-15 16:45:00+00:00,0,0,0.0,[]
2020-11-15 16:50:00+00:00,0,0,0.0,[]
2020-11-15 16:55:00+00:00,0,0,0.0,[]
2020-11-15 17:00:00+00:00,0,0,0.0,[]
2020-11-15 17:05:00+00:00,0,0,0.0,[]
2020-11-15 17:10:00+00:00,0,0,0.0,[]
2020-11-15 17:15:00+00:00,0,0,0.0,[]
2020-11-15 17:20:00+00:00,0,0,0.0,[]
2020-11-15 17:25:00+00:00,0,0,0.0,[]
2020-11-15 17:30:00+00:00,0,0,0.0,[]
2020-11-15 17:35:00+00:00,0,0,0.0,[]
2020-11-15 17:40:00+00:00,0,0,0.0,[]
2020-11-15 17:45:00+00:00,0,0,0.0,[]
2020-11-15 17:50:00+00:00,0,0,0.0,[]
2020-11-15 17:55:00+00:00,0,0,0.0,[]
2020-11-15 18:00:00+00:00,0,0,0.0,[]
2020-11-15 18:05:00+00:00,0,0,0.0,[]
2020-11-15 18:10:00+00:00,0,0,0.0,[]
2020-11-15 18:15:00+00:00,0,0,0.0,[]
2020-11-15 18:20:00+00:00,0,0,0.0,[]
2020-11-15 18:25:00+00:00,0,0,0.0,[]
2020-11-15 18:30:00+00:00,0,0,0.0,[]
2020-11-15 18:35:00+00:00,0,0,0.0,[]
2020-11-15 18:40:00+00:00,0,0,0.0,[]
2020-11-15 18:45:00+00:00,0,0,0.0,[]
2020-11-15 18:50:00+00:00,0,0,0.0,[]
2020-11-15 18:55:00+00:00,0,0,0.0,[]
2020-11-15 19:00:00+00:00,0,0,0.0,[]
2020-11-15 19:05:00+00:00,0,0,0.0,[]
2020-11-15 19:10:00+00:00,0,0,0.0,[]
2020-11-15 19:15:00+00:00,0,0,0.0,[]
2020-11-15 19:20:00+00:00,0,0,0.0,[]
2020-11-15 19:25:00+00:00,0,0,0.0,[]
2020-11-15 19:30:00+00:00,0,0,0.0,[]
2020-11-15 19:35:00+00:00,0,0,0.0,[]
2020-11-15 19:40:00+00:00,0,0,0.0,[]
2020-11-15 19:45:00+00:00,0,0,0.0,[]
2020-11-15 19:50:00+00:00,0,0,0.0,[]
2020-11-15 19:55:00+00:00,0,0,0.0,[]
2020-11-15 20:00:00+00:00,0,0,0.0,[]
2020-11-15 20:05:00+00:00,0,0,0.0,[]
2020-11-15 20:10:00+00:00,0,0,0.0,[]
2020-11-15 20:15:00+00:00,0,0,0.0,[]
2020-11-15 20:20:00+00:00,0,0,0.0,[]
2020-11-15 20:25:00+00:00,0,0,0.0,[]
2020-11-15 20:30:00+00:00,0,0,0.0,[]
2020-11-15 20:35:00+00:00,0,0,0.0,[]
2020-11-15 20:40:00+00:00,0,0,0.0,[]
2020-11-15 20:45:00+00:00,0,0,0.0,[]
2020-11-15 20:50:00+00:00,0,0,0.0,[]
2020-11-15 20:55:00+00:00,0,0,0.0,[]
2020-11-15 21:00:00+00:00,0,0,0.0,[]
2020-11-15 21:05:00+00:00,0,0,0.0,[]
2020-11-15 21:10:00+00:00,0,0,0.0,[]
2020-11-15 21:15:00+00:00,0,0,0.0,[]
2020-11-15 21:20:00+00:00,0,0,0.0,[]
2020-11-15 21:25:00+00:00,0,0,0.0,[]
2020-11-15 21:30:00+00:00,0,0,0.0,[]
2020-11-15 21:35:00+00:00,0,0,0.0,[]
2020-11-15 21:40:00+00:00,0,0,0.0,[]
2020-11-15 21:45:00+00:00,0,0,0.0,[]
2020-11-15 21:50:00+00:00,0,0,0.0,[]
2020-11-15 21:55:00+00:00,0,0,0.0,[]
2020-11-15 22:00:00+00:00,0,0,0.0,[]
2020-11-15 22:05:00+00:00,0,0,0.0,[]
2020-11-15 22:10:00+00:00,0,0,0.0,[]
2020-11-15 22:15:00+00:00,0,0,0.0,[]
2020-11-15 22:20:00+00:00,0,0,0.0,[]
2020-11-15 22:25:00+00:00,0,0,0.0,[]
2020-11-15 22:30:00+00:00,0,0,0.0,[]
2020-11-15 22:35:00+00:00,0,0,0.0,[]
2020-11-15 22:40:00+00:00,0,0,0.0,[]
2020-11-15 22:45:00+00:00,0,0,0.0,[]
2020-11-15 22:50:00+00:00,0,0,0.0,[]
2020-11-15 22:55:00+00:00,0,0,0.0,[]
2020-11-15 23:00:00+00:00,0,0,0.0,[]
2020-11-15 23:05:00+00:00,0,0,0.0,[]
2020-11-15 23:10:00+00:00,0,0,0.0,[]
2020-11-15 23:15:00+00:00,0,0,0.0,[]
2020-11-15 23:20:00+00:00,0,0,0.0,[]
2020-11-15 23:25:00+00:00,0,0,0.0,[]
2020-11-15 23:30:00+00:00,0,0,0.0,[]
2020-11-15 23:35:00+00:00,0,0,0.0,[]
2020-11-15 23:40:00+00:00,0,0,0.0,[]
2020-11-15 23:45:00+00:00,0,0,0.0,[]
2020-11-15 23:50:00+00:00,0,0,0.0,[]
2020-11-15 23:55:00+00:00,0,0,0.0,[]
2020-11-16 00:00:00+00:00,0,0,0.0,[]
2020-11-16 00:05:00+00:00,0,0,0.0,[]
2020-11-16 00:10:00+00:00,0,0,0.0,[]
2020-11-16 00:15:00+00:00,0,0,0.0,[]
2020-11-16 00:20:00+00:00,0,0,0.0,[]
2020-11-16 00:25:00+00:00,0,0,0.0,[]
2020-11-16 00:30:00+00:00,0,0,0.0,[]
2020-11-16 00:35:00+00:00,0,0,0.0,[]
2020-11-16 00:40:00+00:00,0,0,0.0,[]
2020-11-16 00:45:00+00:00,0,0,0.0,[]
2020-11-16 00:50:00+00:00,0,0,0.0,[]
2020-11-16 00:55:00+00:00,0,0,0.0,[]
2020-11-16 01:00:00+00:00,0,0,0.0,[]
2020-11-16 01:05:00+00:00,0,0,0.0,[]
2020-11-16 01:10:00+00:00,0,0,0.0,[]
2020-11-16 01:15:00+00:00,0,0,0.0,[]
2020-11-16 01:20:00+00:00,0,0,0.0,[]
2020-11-16 01:25:00+00:00,0,0,0.0,[]
2020-11-16 01:30:00+00:00,0,0,0.0,[]
2020-11-16 01:35:00+00:00,0,0,0.0,[]
2020-11-16 01:40:00+00:00,0,0,0.0,[]
2020-11-16 01:45:00+00:00,0,0,0.0,[]
2020-11-16 01:50:00+00:00,0,0,0.0,[]
2020-11-16 01:55:00+00:00,0,0,0.0,[]
2020-11-16 02:00:00+00:00,0,0,0.0,[]
2020-11-16 02:05:00+00:00,0,0,0.0,[]
2020-11-16 02:10:00+00:00,0,0,0.0,[]
2020-11-16 02:15:00+00:00,0,0,0.0,[]
2020-11-16 02:20:00+00:00,0,0,0.0,[]
2020-11-16 02:25:00+00:00,0,0,0.0,[]
2020-11-16 02:30:00+00:00,0,0,0.0,[]
2020-11-16 02:35:00+00:00,0,0,0.0,[]
2020-11-16 02:40:00+00:00,0,0,0.0,[]
2020-11-16 02:45:00+00:00,0,0,0.0,[]
2020-11-16 02:50:00+00:00,0,0,0.0,[]
2020-11-16 02:55:00+00:00,0,0,0.0,[]
2020-11-16 03:00:00+00:00,0,0,0.0,[]
2020-11-16 03:05:00+00:00,0,0,0.0,[]
2020-11-16 03:10:00+00:00,0,0,0.0,[]
2020-11-16 03:15:00+00:00,0,0,0.0,[]
2020-11-16 03:20:00+00:00,0,0,0.0,[]
2020-11-16 03:25:00+00:00,0,0,0.0,[]
2020-11-16 03:30:00+00:00,0,0,0.0,[]
2020-11-16 03:35:00+00:00,0,0,0.0,[]
2020-11-16 03:40:00+00:00,0,0,0.0,[]
2020-11-16 03:45:00+00:00,0,0,0.0,[]
2020-11-16 03:50:00+00:00,0,0,0.0,[]
2020-11-16 03:55:00+00:00,0,0,0.0,[]
2020-11-16 04:00:00+00:00,0,0,0.0,[]
2020-11-16 04:05:00+00:00,0,0,0.0,[]
2020-11-16 04:10:00+00:00,0,0,0.0,[]
2020-11-16 04:15:00+00:00,0,0,0.0,[]
2020-11-16 04:20:00+00:00,0,0,0.0,[]
2020-11-16 04:25:00+00:00,0,0,0.0,[]
2020-11-16 04:30:00+00:00,0,0,0.0,[]
2020-11-16 04:35:00+00:00,0,0,0.0,[]
2020-11-16 04:40:00+00:00,0,0,0.0,[]
2020-11-16 04:45:00+00:00,0,0,0.0,[]
2020-11-16 04:50:00+00:00,0,0,0.0,[]
2020-11-16 04:55:00+00:00,0,0,0.0,[]
2020-11-16 05:00:00+00:00,0,0,0.0,[]
2020-11-16 05:05:00+00:00,0,0,0.0,[]
2020-11-16 05:10:00+00:00,0,0,0.0,[]
2020-11-16 05:15:00+00:00,0,0,0.0,[]
2020-11-16 05:20:00+00:00,0,0,0.0,[]
2020-11-16 05:25:00+00:00,0,0,0.0,[]
2020-11-16 05:30:00+00:00,0,0,0.0,[]
2020-11-16 05:35:00+00:00,0,0,0.0,[]
2020-11-16 05:40:00+00:00,0,0,0.0,[]
2020-11-16 05:45:00+00:00,0,0,0.0,[]
2020-11-16 05:50:00+00:00,0,0,0.0,[]
2020-11-16 05:55:00+00:00,0,0,0.0,[]
2020-11-16 06:00:00+00:00,0,0,0.0,[]
2020-11-16 06:05:00+00:00,0,0,0.0,[]
2020-11-16 06:10:00+00:00,0,0,0.0,[]
2020-11-16 06:15:00+00:00,0,0,0.0,[]
2020-11-16 06:20:00+00:00,0,0,0.0,[]
2020-11-16 06:25:00+00:00,0,0,0.0,[]
2020-11-16 06:30:00+00:00,0,0,0.0,[]
2020-11-16 06:35:00+00:00,0,0,0.0,[]
2020-11-16 06:40:00+00:00,0,0,0.0,[]
2020-11-16 06:45:00+00:00,0,0,0.0,[]
2020-11-16 06:50:00+00:00,0,0,0.0,[]
2020-11-16 06:55:00+00:00,0,0,0.0,[]
2020-11-16 07:00:00+00:00,0,0,0.0,[]
2020-11-16 07:05:00+00:00,0,0,0.0,[]
2020-11-16 07:10:00+00:00,0,0,0.0,[]
2020-11-16 07:15:00+00:00,0,0,0.0,[]
2020-11-16 07:20:00+00:00,0,0,0.0,[]
2020-11-16 07:25:00+00:00,0,0,0.0,[]
2020-11-16 07:30:00+00:00,0,0,0.0,[]
2020-11-16 07:35:00+00:00,0,0,0.0,[]
2020-11-16 07:40:00+00:00,0,0,0.0,[]
2020-11-16 07:45:00+00:00,0,0,0.0,[]
2020-11-16 07:50:00+00:00,0,0,0.0,[]
2020-11-16 07:55:00+00:00,0,0,0.0,[]
2020-11-16 08:00:00+00:00,0,0,0.0,[]
2020-11-16 08:05:00+00:00,0,0,0.0,[]
2020-11-16 08:10:00+00:00,0,0,0.0,[]
2020-11-16 08:15:00+00:00,0,0,0.0,[]
2020-11-16 08:20:00+00:00,0,0,0.0,[]
2020-11-16 08:25:00+00:00,0,0,0.0,[]
2020-11-16 08:30:00+00:00,0,0,0.0,[]
2020-11-16 08:35:00+00:00,0,0,0.0,[]
2020-11-16 08:40:00+00:00,0,0,0.0,[]
2020-11-16 08:45:00+00:00,0,0,0.0,[]
2020-11-16 08:50:00+00:00,0,0,0.0,[]
2020-11-16 08:55:00+00:00,0,0,0.0,[]
2020-11-16 09:00:00+00:00,0,0,0.0,[]
2020-11-16 09:05:00+00:00,0,0,0.0,[]
2020-11-16 09:10:00+00:00,0,0,0.0,[]
2020-11-16 09:15:00+00:00,0,0,0.0,[]
2020-11-16 09:20:00+00:00,0,0,0.0,[]
2020-11-16 09:25:00+00:00,0,0,0.0,[]
2020-11-16 09:30:00+00:00,0,0,0.0,[]
2020-11-16 09:35:00+00:00,0,0,0.0,[]
2020-11-16 09:40:00+00:00,0,0,0.0,[]
2020-11-16 09:45:00+00:00,0,0,0.0,[]
2020-11-16 09:50:00+00:00,0,0,0.0,[]
2020-11-16 09:55:00+00:00,0,0,0.0,[]
2020-11-16 10:00:00+00:00,0,0,0.0,[]
2020-11-16 10:05:00+00:00,0,0,0.0,[]
2020-11-16 10:10:00+00:00,0,0,0.0,[]
2020-11-16 10:15:00+00:00,0,0,0.0,[]
2020-11-16 10:20:00+00:00,0,0,0.0,[]
2020-11-16 10:25:00+00:00,0,0,0.0,[]
2020-11-16 10:30:00+00:00,0,0,0.0,[]
2020-11-16 10:35:00+00:00,0,0,0.0,[]
2020-11-16 10:40:00+00:00,0,0,0.0,[]
2020-11-16 10:45:00+00:00,0,0,0.0,[]
2020-11-16 10:50:00+00:00,0,0,0.0,[]
2020-11-16 10:55:00+00:00,0,0,0.0,[]
2020-11-16 11:00:00+00:00,0,0,0.0,[]
2020-11-16 11:05:00+00:00,0,0,0.0,[]
2020-11-16 11:10:00+00:00,0,0,0.0,[]
2020-11-16 11:15:00+00:00,0,0,0.0,[]
2020-11-16 11:20:00+00:00,0,0,0.0,[]
2020-11-16 11:25:00+00:00,0,0,0.0,[]
2020-11-16 11:30:00+00:00,0,0,0.0,[]
2020-11-16 11:35:00+00:00,0,0,0.0,[]
2020-11-16 11:40:00+00:00,0,0,0.0,[]
2020-11-16 11:45:00+00:00,0,0,0.0,[]
2020-11-16 11:50:00+00:00,0,0,0.0,[]
2020-11-16 11:55:00+00:00,0,0,0.0,[]
2020-11-16 12:00:00+00:00,0,0,0.0,[]
2020-11-16 12:05:00+00:00,0,0,0.0,[]
2020-11-16 12:10:00+00:00,0,0,0.0,[]
2020-11-16 12:15:00+00:00,0,0,0.0,[]
2020-11-16 12:20:00+00:00,0,0,0.0,[]
2020-11-16 12:25:00+00:00,0,0,0.0,[]
2020-11-16 12:30:00+00:00,0,0,0.0,[]
2020-11-16 12:35:00+00:00,0,0,0.0,[]
2020-11-16 12:40:00+00:00,0,0,0.0,[]
2020-11-16 12:45:00+00:00,0,0,0.0,[]
2020-11-16 12:50:00+00:00,0,0,0.0,[]
2020-11-16 12:55:00+00:00,0,0,0.0,[]
2020-11-16 13:00:00+00:00,0,0,0.0,[]
2020-11-16 13:05:00+00:00,0,0,0.0,[]
2020-11-16 13:10:00+00:00,0,0,0.0,[]
2020-11-16 13:15:00+00:00,0,0,0.0,[]
2020-11-16 13:20:00+00:00,0,0,0.0,[]
2020-11-16 13:25:00+00:00,0,0,0.0,[]
2020-11-16 13:30:00+00:00,0,0,0.0,[]
2020-11-16 13:35:00+00:00,0,0,0.0,[]
2020-11-16 13:40:00+00:00,0,0,0.0,[]
2020-11-16 13:45:00+00:00,0,0,0.0,[]
2020-11-16 13:50:00+00:00,0,0,0.0,[]
2020-11-16 13:55:00+00:00,0,0,0.0,[]
2020-11-16 14:00:00+00:00,0,0,0.0,[]
2020-11-16 14:05:00+00:00,0,0,0.0,[]
2020-11-16 14:10:00+00:00,0,0,0.0,[]
2020-11-16 14:15:00+00:00,0,0,0.0,[]
2020-11-16 14:20:00+00:00,0,0,0.0,[]
2020-11-16 14:25:00+00:00,0,0,0.0,[]
2020-11-16 14:30:00+00:00,0,0,0.0,[]
2020-11-16 14:35:00+00:00,0,0,0.0,[]
2020-11-16 14:40:00+00:00,0,0,0.0,[]
2020-11-16 14:45:00+00:00,0,0,0.0,[]
2020-11-16 14:50:00+00:00,0,0,0.0,[]
2020-11-16 14:55:00+00:00,0,0,0.0,[]
2020-11-16 15:00:00+00:00,0,0,0.0,[]
2020-11-16 15:05:00+00:00,0,0,0.0,[]
2020-11-16 15:10:00+00:00,0,0,0.0,[]
2020-11-16 15:15:00+00:00,0,0,0.0,[]
2020-11-16 15:20:00+00:00,0,0,0.0,[]
2020-11-16 15:25:00+00:00,0,0,0.0,[]
2020-11-16 15:30:00+00:00,0,0,0.0,[]
2020-11-16 15:35:00+00:00,0,0,0.0,[]
2020-11-16 15:40:00+00:00,0,0,0.0,[]
2020-11-16 15:45:00+00:00,0,0,0.0,[]
2020-11-16 15:50:00+00:00,0,0,0.0,[]
2020-11-16 15:55:00+00:00,0,0,0.0,[]
2020-11-16 16:00:00+00:00,0,0,0.0,[]
2020-11-16 16:05:00+00:00,0,0,0.0,[]
2020-11-16 16:10:00+00:00,0,0,0.0,[]
2020-11-16 16:15:00+00:00,0,0,0.0,[]
2020-11-16 16:20:00+00:00,0,0,0.0,[]
2020-11-16 16:25:00+00:00,0,0,0.0,[]
2020-11-16 16:30:00+00:00,0,0,0.0,[]
2020-11-16 16:35:00+00:00,0,0,0.0,[]
2020-11-16 16:40:00+00:00,0,0,0.0,[]
2020-11-16 16:45:00+00:00,0,0,0.0,[]
2020-11-16 16:50:00+00:00,0,0,0.0,[]
2020-11-16 16:55:00+00:00,0,0,0.0,[]
2020-11-16 17:00:00+00:00,0,0,0.0,[]
2020-11-16 17:05:00+00:00,0,0,0.0,[]
2020-11-16 17:10:00+00:00,0,0,0.0,[]
2020-11-16 17:15:00+00:00,0,0,0.0,[]
2020-11-16 17:20:00+00:00,0,0,0.0,[]
2020-11-16 17:25:00+00:00,0,0,0.0,[]
2020-11-16 17:30:00+00:00,0,0,0.0,[]
2020-11-16 17:35:00+00:00,0,0,0.0,[]
2020-11-16 17:40:00+00:00,0,0,0.0,[]
2020-11-16 17:45:00+00:00,0,0,0.0,[]
2020-11-16 17:50:00+00:00,0,0,0.0,[]
2020-11-16 17:55:00+00:00,0,0,0.0,[]
2020-11-16 18:00:00+00:00,0,0,0.0,[]
2020-11-16 18:05:00+00:00,0,0,0.0,[]
2020-11-16 18:10:00+00:00,0,0,0.0,[]
2020-11-16 18:15:00+00:00,0,0,0.0,[]
2020-11-16 18:20:00+00:00,0,0,0.0,[]
2020-11-16 18:25:00+00:00,0,0,0.0,[]
2020-11-16 18:30:00+00:00,0,0,0.0,[]
2020-11-16 18:35:00+00:00,0,0,0.0,[]
2020-11-16 18:40:00+00:00,0,0,0.0,[]
2020-11-16 18:45:00+00:00,0,0,0.0,[]
2020-11-16 18:50:00+00:00,0,0,0.0,[]
2020-11-16 18:55:00+00:00,0,0,0.0,[]
2020-11-16 19:00:00+00:00,0,0,0.0,[]
2020-11-16 19:05:00+00:00,0,0,0.0,[]
2020-11-16 19:10:00+00:00,0,0,0.0,[]
2020-11-16 19:15:00+00:00,0,0,0.0,[]
2020-11-16 19:20:00+00:00,0,0,0.0,[]
2020-11-16 19:25:00+00:00,0,0,0.0,[]
2020-11-16 19:30:00+00:00,0,0,0.0,[]
2020-11-16 19:35:00+00:00,0,0,0.0,[]
2020-11-16 19:40:00+00:00,0,0,0.0,[]
2020-11-16 19:45:00+00:00,0,0,0.0,[]
2020-11-16 19:50:00+00:00,0,0,0.0,[]
2020-11-16 19:55:00+00:00,0,0,0.0,[]
2020-11-16 20:00:00+00:00,0,0,0.0,[]
2020-11-16 20:05:00+00:00,0,0,0.0,[]
2020-11-16 20:10:00+00:00,0,0,0.0,[]
2020-11-16 20:15:00+00:00,0,0,0.0,[]
2020-11-16 20:20:00+00:00,0,0,0.0,[]
2020-11-16 20:25:00+00:00,0,0,0.0,[]
2020-11-16 20:30:00+00:00,0,0,0.0,[]
2020-11-16 20:35:00+00:00,0,0,0.0,[]
2020-11-16 20:40:00+00:00,0,0,0.0,[]
2020-11-16 20:45:00+00:00,0,0,0.0,[]
2020-11-16 20:50:00+00:00,0,0,0.0,[]
2020-11-16 20:55:00+00:00,0,0,0.0,[]
2020-11-16 21:00:00+00:00,0,0,0.0,[]
2020-11-16 21:05:00+00:00,0,0,0.0,[]
2020-11-16 21:10:00+00:00,0,0,0.0,[]
2020-11-16 21:15:00+00:00,0,0,0.0,[]
2020-11-16 21:20:00+00:00,0,0,0.0,[]
2020-11-16 21:25:00+00:00,0,0,0.0,[]
2020-11-16 21:30:00+00:00,0,0,0.0,[]
2020-11-16 21:35:00+00:00,0,0,0.0,[]
2020-11-16 21:40:00+00:00,0,0,0.0,[]
2020-11-16 21:45:00+00:00,0,0,0.0,[]
2020-11-16 21:50:00+00:00,0,0,0.0,[]
2020-11-16 21:55:00+00:00,0,0,0.0,[]
2020-11-16 22:00:00+00:00,0,0,0.0,[]
2020-11-16 22:05:00+00:00,0,0,0.0,[]
2020-11-16 22:10:00+00:00,0,0,0.0,[]
2020-11-16 22:15:00+00:00,0,0,0.0,[]
2020-11-16 22:20:00+00:00,40,0,1.0,[40]
2020-11-16 22:25:00+00:00,0,0,0.0,[]
2020-11-16 22:30:00+00:00,0,0,0.0,[]
2020-11-16 22:35:00+00:00,0,0,0.0,[]
2020-11-16 22:40:00+00:00,0,0,0.0,[]
2020-11-16 22:45:00+00:00,0,0,0.0,[]
2020-11-16 22:50:00+00:00,0,0,0.0,[]
2020-11-16 22:55:00+00:00,0,0,0.0,[]
2020-11-16 23:00:00+00:00,0,0,0.0,[]
2020-11-16 23:05:00+00:00,0,0,0.0,[]
2020-11-16 23:10:00+00:00,0,0,0.0,[]
2020-11-16 23:15:00+00:00,0,0,0.0,[]
2020-11-16 23:20:00+00:00,0,0,0.0,[]
2020-11-16 23:25:00+00:00,0,0,0.0,[]
2020-11-16 23:30:00+00:00,0,0,0.0,[]
2020-11-16 23:35:00+00:00,0,0,0.0,[]
2020-11-16 23:40:00+00:00,0,0,0.0,[]
2020-11-16 23:45:00+00:00,0,0,0.0,[]
2020-11-16 23:50:00+00:00,0,0,0.0,[]
2020-11-16 23:55:00+00:00,0,0,0.0,[]
2020-11-17 00:00:00+00:00,0,0,0.0,[]
2020-11-17 00:05:00+00:00,0,0,0.0,[]
2020-11-17 00:10:00+00:00,0,0,0.0,[]
2020-11-17 00:15:00+00:00,0,0,0.0,[]
2020-11-17 00:20:00+00:00,0,0,0.0,[]
2020-11-17 00:25:00+00:00,0,0,0.0,[]
2020-11-17 00:30:00+00:00,0,0,0.0,[]
2020-11-17 00:35:00+00:00,0,0,0.0,[]
2020-11-17 00:40:00+00:00,0,0,0.0,[]
2020-11-17 00:45:00+00:00,0,0,0.0,[]
2020-11-17 00:50:00+00:00,0,0,0.0,[]
2020-11-17 00:55:00+00:00,0,0,0.0,[]
2020-11-17 01:00:00+00:00,0,0,0.0,[]
2020-11-17 01:05:00+00:00,0,0,0.0,[]
2020-11-17 01:10:00+00:00,0,0,0.0,[]
2020-11-17 01:15:00+00:00,0,0,0.0,[]
2020-11-17 01:20:00+00:00,0,0,0.0,[]
2020-11-17 01:25:00+00:00,0,0,0.0,[]
2020-11-17 01:30:00+00:00,0,0,0.0,[]
2020-11-17 01:35:00+00:00,0,0,0.0,[]
2020-11-17 01:40:00+00:00,0,0,0.0,[]
2020-11-17 01:45:00+00:00,0,0,0.0,[]
2020-11-17 01:50:00+00:00,0,0,0.0,[]
2020-11-17 01:55:00+00:00,0,0,0.0,[]
2020-11-17 02:00:00+00:00,0,0,0.0,[]
2020-11-17 02:05:00+00:00,0,0,0.0,[]
2020-11-17 02:10:00+00:00,0,0,0.0,[]
2020-11-17 02:15:00+00:00,0,0,0.0,[]
2020-11-17 02:20:00+00:00,0,0,0.0,[]
2020-11-17 02:25:00+00:00,0,0,0.0,[]
2020-11-17 02:30:00+00:00,0,0,0.0,[]
2020-11-17 02:35:00+00:00,0,0,0.0,[]
2020-11-17 02:40:00+00:00,0,0,0.0,[]
2020-11-17 02:45:00+00:00,0,0,0.0,[]
2020-11-17 02:50:00+00:00,0,0,0.0,[]
2020-11-17 02:55:00+00:00,0,0,0.0,[]
2020-11-17 03:00:00+00:00,0,0,0.0,[]
2020-11-17 03:05:00+00:00,0,0,0.0,[]
2020-11-17 03:10:00+00:00,0,0,0.0,[]
2020-11-17 03:15:00+00:00,0,0,0.0,[]
2020-11-17 03:20:00+00:00,0,0,0.0,[]
2020-11-17 03:25:00+00:00,0,0,0.0,[]
2020-11-17 03:30:00+00:00,0,0,0.0,[]
2020-11-17 03:35:00+00:00,0,0,0.0,[]
2020-11-17 03:40:00+00:00,0,0,0.0,[]
2020-11-17 03:45:00+00:00,0,0,0.0,[]
2020-11-17 03:50:00+00:00,0,0,0.0,[]
2020-11-17 03:55:00+00:00,0,0,0.0,[]
2020-11-17 04:00:00+00:00,0,0,0.0,[]
2020-11-17 04:05:00+00:00,0,0,0.0,[]
2020-11-17 04:10:00+00:00,0,0,0.0,[]
2020-11-17 04:15:00+00:00,0,0,0.0,[]
2020-11-17 04:20:00+00:00,0,0,0.0,[]
2020-11-17 04:25:00+00:00,0,0,0.0,[]
2020-11-17 04:30:00+00:00,0,0,0.0,[]
2020-11-17 04:35:00+00:00,0,0,0.0,[]
2020-11-17 04:40:00+00:00,0,0,0.0,[]
2020-11-17 04:45:00+00:00,0,0,0.0,[]
2020-11-17 04:50:00+00:00,0,0,0.0,[]
2020-11-17 04:55:00+00:00,0,0,0.0,[]
2020-11-17 05:00:00+00:00,0,0,0.0,[]
2020-11-17 05:05:00+00:00,0,0,0.0,[]
2020-11-17 05:10:00+00:00,0,0,0.0,[]
2020-11-17 05:15:00+00:00,0,0,0.0,[]
2020-11-17 05:20:00+00:00,0,0,0.0,[]
2020-11-17 05:25:00+00:00,0,0,0.0,[]
2020-11-17 05:30:00+00:00,0,0,0.0,[]
2020-11-17 05:35:00+00:00,0,0,0.0,[]
2020-11-17 05:40:00+00:00,0,0,0.0,[]
2020-11-17 05:45:00+00:00,0,0,0.0,[]
2020-11-17 05:50:00+00:00,0,0,0.0,[]
2020-11-17 05:55:00+00:00,0,0,0.0,[]
2020-11-17 06:00:00+00:00,0,0,0.0,[]
2020-11-17 06:05:00+00:00,0,0,0.0,[]
2020-11-17 06:10:00+00:00,0,0,0.0,[]
2020-11-17 06:15:00+00:00,0,0,0.0,[]
2020-11-17 06:20:00+00:00,0,0,0.0,[]
2020-11-17 06:25:00+00:00,0,0,0.0,[]
2020-11-17 06:30:00+00:00,0,0,0.0,[]
2020-11-17 06:35:00+00:00,0,0,0.0,[]
2020-11-17 06:40:00+00:00,0,0,0.0,[]
2020-11-17 06:45:00+00:00,0,0,0.0,[]
2020-11-17 06:50:00+00:00,0,0,0.0,[]
2020-11-17 06:55:00+00:00,0,0,0.0,[]
2020-11-17 07:00:00+00:00,0,0,0.0,[]
2020-11-17 07:05:00+00:00,0,0,0.0,[]
2020-11-17 07:10:00+00:00,0,0,0.0,[]
2020-11-17 07:15:00+00:00,0,0,0.0,[]
2020-11-17 07:20:00+00:00,0,0,0.0,[]
2020-11-17 07:25:00+00:00,0,0,0.0,[]
2020-11-17 07:30:00+00:00,0,0,0.0,[]
2020-11-17 07:35:00+00:00,0,0,0.0,[]
2020-11-17 07:40:00+00:00,0,0,0.0,[]
2020-11-17 07:45:00+00:00,0,0,0.0,[]
2020-11-17 07:50:00+00:00,0,0,0.0,[]
2020-11-17 07:55:00+00:00,0,0,0.0,[]
2020-11-17 08:00:00+00:00,0,0,0.0,[]
2020-11-17 08:05:00+00:00,0,0,0.0,[]
2020-11-17 08:10:00+00:00,0,0,0.0,[]
2020-11-17 08:15:00+00:00,0,0,0.0,[]
2020-11-17 08:20:00+00:00,0,0,0.0,[]
2020-11-17 08:25:00+00:00,0,0,0.0,[]
2020-11-17 08:30:00+00:00,0,0,0.0,[]
2020-11-17 08:35:00+00:00,0,0,0.0,[]
2020-11-17 08:40:00+00:00,0,0,0.0,[]
2020-11-17 08:45:00+00:00,0,0,0.0,[]
2020-11-17 08:50:00+00:00,0,0,0.0,[]
2020-11-17 08:55:00+00:00,0,0,0.0,[]
2020-11-17 09:00:00+00:00,0,0,0.0,[]
2020-11-17 09:05:00+00:00,0,0,0.0,[]
2020-11-17 09:10:00+00:00,0,0,0.0,[]
2020-11-17 09:15:00+00:00,0,0,0.0,[]
2020-11-17 09:20:00+00:00,0,0,0.0,[]
2020-11-17 09:25:00+00:00,0,0,0.0,[]
2020-11-17 09:30:00+00:00,0,0,0.0,[]
2020-11-17 09:35:00+00:00,0,0,0.0,[]
2020-11-17 09:40:00+00:00,0,0,0.0,[]
2020-11-17 09:45:00+00:00,0,0,0.0,[]
2020-11-17 09:50:00+00:00,0,0,0.0,[]
2020-11-17 09:55:00+00:00,0,0,0.0,[]
2020-11-17 10:00:00+00:00,0,0,0.0,[]
2020-11-17 10:05:00+00:00,0,0,0.0,[]
2020-11-17 10:10:00+00:00,0,0,0.0,[]
2020-11-17 10:15:00+00:00,0,0,0.0,[]
2020-11-17 10:20:00+00:00,0,0,0.0,[]
2020-11-17 10:25:00+00:00,0,0,0.0,[]
2020-11-17 10:30:00+00:00,0,0,0.0,[]
2020-11-17 10:35:00+00:00,0,0,0.0,[]
2020-11-17 10:40:00+00:00,0,0,0.0,[]
2020-11-17 10:45:00+00:00,0,0,0.0,[]
2020-11-17 10:50:00+00:00,0,0,0.0,[]
2020-11-17 10:55:00+00:00,0,0,0.0,[]
2020-11-17 11:00:00+00:00,0,0,0.0,[]
2020-11-17 11:05:00+00:00,0,0,0.0,[]
2020-11-17 11:10:00+00:00,0,0,0.0,[]
2020-11-17 11:15:00+00:00,0,0,0.0,[]
2020-11-17 11:20:00+00:00,0,0,0.0,[]
2020-11-17 11:25:00+00:00,0,0,0.0,[]
2020-11-17 11:30:00+00:00,0,0,0.0,[]
2020-11-17 11:35:00+00:00,0,0,0.0,[]
2020-11-17 11:40:00+00:00,0,0,0.0,[]
2020-11-17 11:45:00+00:00,0,0,0.0,[]
2020-11-17 11:50:00+00:00,0,0,0.0,[]
2020-11-17 11:55:00+00:00,0,0,0.0,[]
2020-11-17 12:00:00+00:00,0,0,0.0,[]
2020-11-17 12:05:00+00:00,0,0,0.0,[]
2020-11-17 12:10:00+00:00,0,0,0.0,[]
2020-11-17 12:15:00+00:00,0,0,0.0,[]
2020-11-17 12:20:00+00:00,0,0,0.0,[]
2020-11-17 12:25:00+00:00,0,0,0.0,[]
2020-11-17 12:30:00+00:00,0,0,0.0,[]
2020-11-17 12:35:00+00:00,0,0,0.0,[]
2020-11-17 12:40:00+00:00,0,0,0.0,[]
2020-11-17 12:45:00+00:00,0,0,0.0,[]
2020-11-17 12:50:00+00:00,0,0,0.0,[]
2020-11-17 12:55:00+00:00,0,0,0.0,[]
2020-11-17 13:00:00+00:00,0,0,0.0,[]
2020-11-17 13:05:00+00:00,0,0,0.0,[]
2020-11-17 13:10:00+00:00,0,0,0.0,[]
2020-11-17 13:15:00+00:00,0,0,0.0,[]
2020-11-17 13:20:00+00:00,0,0,0.0,[]
2020-11-17 13:25:00+00:00,0,0,0.0,[]
2020-11-17 13:30:00+00:00,0,0,0.0,[]
2020-11-17 13:35:00+00:00,0,0,0.0,[]
2020-11-17 13:40:00+00:00,0,0,0.0,[]
2020-11-17 13:45:00+00:00,0,0,0.0,[]
2020-11-17 13:50:00+00:00,0,0,0.0,[]
2020-11-17 13:55:00+00:00,0,0,0.0,[]
2020-11-17 14:00:00+00:00,0,0,0.0,[]
2020-11-17 14:05:00+00:00,0,0,0.0,[]
2020-11-17 14:10:00+00:00,0,0,0.0,[]
2020-11-17 14:15:00+00:00,0,0,0.0,[]
2020-11-17 14:20:00+00:00,0,0,0.0,[]
2020-11-17 14:25:00+00:00,0,0,0.0,[]
2020-11-17 14:30:00+00:00,0,0,0.0,[]
2020-11-17 14:35:00+00:00,0,0,0.0,[]
2020-11-17 14:40:00+00:00,0,0,0.0,[]
2020-11-17 14:45:00+00:00,0,0,0.0,[]
2020-11-17 14:50:00+00:00,0,0,0.0,[]
2020-11-17 14:55:00+00:00,0,0,0.0,[]
2020-11-17 15:00:00+00:00,0,0,0.0,[]
2020-11-17 15:05:00+00:00,0,0,0.0,[]
2020-11-17 15:10:00+00:00,0,0,0.0,[]
2020-11-17 15:15:00+00:00,0,0,0.0,[]
2020-11-17 15:20:00+00:00,0,0,0.0,[]
2020-11-17 15:25:00+00:00,0,0,0.0,[]
2020-11-17 15:30:00+00:00,0,0,0.0,[]
2020-11-17 15:35:00+00:00,0,0,0.0,[]
2020-11-17 15:40:00+00:00,0,0,0.0,[]
2020-11-17 15:45:00+00:00,0,0,0.0,[]
2020-11-17 15:50:00+00:00,0,0,0.0,[]
2020-11-17 15:55:00+00:00,0,0,0.0,[]
2020-11-17 16:00:00+00:00,0,0,0.0,[]
2020-11-17 16:05:00+00:00,0,0,0.0,[]
2020-11-17 16:10:00+00:00,0,0,0.0,[]
2020-11-17 16:15:00+00:00,0,0,0.0,[]
2020-11-17 16:20:00+00:00,0,0,0.0,[]
2020-11-17 16:25:00+00:00,0,0,0.0,[]
2020-11-17 16:30:00+00:00,0,0,0.0,[]
2020-11-17 16:35:00+00:00,0,0,0.0,[]
2020-11-17 16:40:00+00:00,0,0,0.0,[]
2020-11-17 16:45:00+00:00,0,0,0.0,[]
2020-11-17 16:50:00+00:00,0,0,0.0,[]
2020-11-17 16:55:00+00:00,0,0,0.0,[]
2020-11-17 17:00:00+00:00,0,0,0.0,[]
2020-11-17 17:05:00+00:00,0,0,0.0,[]
2020-11-17 17:10:00+00:00,0,0,0.0,[]
2020-11-17 17:15:00+00:00,0,0,0.0,[]
2020-11-17 17:20:00+00:00,0,0,0.0,[]
2020-11-17 17:25:00+00:00,0,0,0.0,[]
2020-11-17 17:30:00+00:00,0,0,0.0,[]
2020-11-17 17:35:00+00:00,0,0,0.0,[]
2020-11-17 17:40:00+00:00,0,0,0.0,[]
2020-11-17 17:45:00+00:00,0,0,0.0,[]
2020-11-17 17:50:00+00:00,0,0,0.0,[]
2020-11-17 17:55:00+00:00,0,0,0.0,[]
2020-11-17 18:00:00+00:00,0,0,0.0,[]
2020-11-17 18:05:00+00:00,0,0,0.0,[]
2020-11-17 18:10:00+00:00,0,0,0.0,[]
2020-11-17 18:15:00+00:00,0,0,0.0,[]
2020-11-17 18:20:00+00:00,0,0,0.0,[]
2020-11-17 18:25:00+00:00,0,0,0.0,[]
2020-11-17 18:30:00+00:00,0,0,0.0,[]
2020-11-17 18:35:00+00:00,0,0,0.0,[]
2020-11-17 18:40:00+00:00,0,0,0.0,[]
2020-11-17 18:45:00+00:00,0,0,0.0,[]
2020-11-17 18:50:00+00:00,0,0,0.0,[]
2020-11-17 18:55:00+00:00,0,0,0.0,[]
2020-11-17 19:00:00+00:00,0,0,0.0,[]
2020-11-17 19:05:00+00:00,0,0,0.0,[]
2020-11-17 19:10:00+00:00,0,0,0.0,[]
2020-11-17 19:15:00+00:00,0,0,0.0,[]
2020-11-17 19:20:00+00:00,0,0,0.0,[]
2020-11-17 19:25:00+00:00,0,0,0.0,[]
2020-11-17 19:30:00+00:00,0,0,0.0,[]
2020-11-17 19:35:00+00:00,0,0,0.0,[]
2020-11-17 19:40:00+00:00,0,0,0.0,[]
2020-11-17 19:45:00+00:00,0,0,0.0,[]
2020-11-17 19:50:00+00:00,0,0,0.0,[]
2020-11-17 19:55:00+00:00,0,0,0.0,[]
2020-11-17 20:00:00+00:00,0,0,0.0,[]
2020-11-17 20:05:00+00:00,0,0,0.0,[]
2020-11-17 20:10:00+00:00,0,0,0.0,[]
2020-11-17 20:15:00+00:00,0,0,0.0,[]
2020-11-17 20:20:00+00:00,0,0,0.0,[]
2020-11-17 20:25:00+00:00,0,0,0.0,[]
2020-11-17 20:30:00+00:00,0,0,0.0,[]
2020-11-17 20:35:00+00:00,0,0,0.0,[]
2020-11-17 20:40:00+00:00,0,0,0.0,[]
2020-11-17 20:45:00+00:00,0,0,0.0,[]
2020-11-17 20:50:00+00:00,0,0,0.0,[]
2020-11-17 20:55:00+00:00,0,0,0.0,[]
2020-11-17 21:00:00+00:00,0,0,0.0,[]
2020-11-17 21:05:00+00:00,0,0,0.0,[]
2020-11-17 21:10:00+00:00,0,0,0.0,[]
2020-11-17 21:15:00+00:00,0,0,0.0,[]
2020-11-17 21:20:00+00:00,0,0,0.0,[]
2020-11-17 21:25:00+00:00,0,0,0.0,[]
2020-11-17 21:30:00+00:00,0,0,0.0,[]
2020-11-17 21:35:00+00:00,0,0,0.0,[]
2020-11-17 21:40:00+00:00,0,0,0.0,[]
2020-11-17 21:45:00+00:00,0,0,0.0,[]
2020-11-17 21:50:00+00:00,0,0,0.0,[]
2020-11-17 21:55:00+00:00,0,0,0.0,[]
2020-11-17 22:00:00+00:00,0,0,0.0,[]
2020-11-17 22:05:00+00:00,0,0,0.0,[]
2020-11-17 22:10:00+00:00,0,0,0.0,[]
2020-11-17 22:15:00+00:00,0,0,0.0,[]
2020-11-17 22:20:00+00:00,0,0,0.0,[]
2020-11-17 22:25:00+00:00,0,0,0.0,[]
2020-11-17 22:30:00+00:00,0,0,0.0,[]
2020-11-17 22:35:00+00:00,0,0,0.0,[]
2020-11-17 22:40:00+00:00,0,0,0.0,[]
2020-11-17 22:45:00+00:00,0,0,0.0,[]
2020-11-17 22:50:00+00:00,0,0,0.0,[]
2020-11-17 22:55:00+00:00,0,0,0.0,[]
2020-11-17 23:00:00+00:00,0,0,0.0,[]
2020-11-17 23:05:00+00:00,0,0,0.0,[]
2020-11-17 23:10:00+00:00,0,0,0.0,[]
2020-11-17 23:15:00+00:00,0,0,0.0,[]
2020-11-17 23:20:00+00:00,0,0,0.0,[]
2020-11-17 23:25:00+00:00,0,0,0.0,[]
2020-11-17 23:30:00+00:00,0,0,0.0,[]
2020-11-17 23:35:00+00:00,0,0,0.0,[]
2020-11-17 23:40:00+00:00,0,0,0.0,[]
2020-11-17 23:45:00+00:00,0,0,0.0,[]
2020-11-17 23:50:00+00:00,0,0,0.0,[]
2020-11-17 23:55:00+00:00,0,0,0.0,[]
2020-11-18 00:00:00+00:00,0,0,0.0,[]
2020-11-18 00:05:00+00:00,0,0,0.0,[]
2020-11-18 00:10:00+00:00,0,0,0.0,[]
2020-11-18 00:15:00+00:00,0,0,0.0,[]
2020-11-18 00:20:00+00:00,0,0,0.0,[]
2020-11-18 00:25:00+00:00,0,0,0.0,[]
2020-11-18 00:30:00+00:00,0,0,0.0,[]
2020-11-18 00:35:00+00:00,0,0,0.0,[]
2020-11-18 00:40:00+00:00,0,0,0.0,[]
2020-11-18 00:45:00+00:00,0,0,0.0,[]
2020-11-18 00:50:00+00:00,0,0,0.0,[]
2020-11-18 00:55:00+00:00,0,0,0.0,[]
2020-11-18 01:00:00+00:00,0,0,0.0,[]
2020-11-18 01:05:00+00:00,0,0,0.0,[]
2020-11-18 01:10:00+00:00,0,0,0.0,[]
2020-11-18 01:15:00+00:00,0,0,0.0,[]
2020-11-18 01:20:00+00:00,0,0,0.0,[]
2020-11-18 01:25:00+00:00,0,0,0.0,[]
2020-11-18 01:30:00+00:00,0,0,0.0,[]
2020-11-18 01:35:00+00:00,0,0,0.0,[]
2020-11-18 01:40:00+00:00,0,0,0.0,[]
2020-11-18 01:45:00+00:00,0,0,0.0,[]
2020-11-18 01:50:00+00:00,0,0,0.0,[]
2020-11-18 01:55:00+00:00,0,0,0.0,[]
2020-11-18 02:00:00+00:00,0,0,0.0,[]
2020-11-18 02:05:00+00:00,0,0,0.0,[]
2020-11-18 02:10:00+00:00,0,0,0.0,[]
2020-11-18 02:15:00+00:00,0,0,0.0,[]
2020-11-18 02:20:00+00:00,0,0,0.0,[]
2020-11-18 02:25:00+00:00,0,0,0.0,[]
2020-11-18 02:30:00+00:00,0,0,0.0,[]
2020-11-18 02:35:00+00:00,0,0,0.0,[]
2020-11-18 02:40:00+00:00,0,0,0.0,[]
2020-11-18 02:45:00+00:00,0,0,0.0,[]
2020-11-18 02:50:00+00:00,0,0,0.0,[]
2020-11-18 02:55:00+00:00,0,0,0.0,[]
2020-11-18 03:00:00+00:00,0,0,0.0,[]
2020-11-18 03:05:00+00:00,0,0,0.0,[]
2020-11-18 03:10:00+00:00,0,0,0.0,[]
2020-11-18 03:15:00+00:00,0,0,0.0,[]
2020-11-18 03:20:00+00:00,0,0,0.0,[]
2020-11-18 03:25:00+00:00,0,0,0.0,[]
2020-11-18 03:30:00+00:00,0,0,0.0,[]
2020-11-18 03:35:00+00:00,0,0,0.0,[]
2020-11-18 03:40:00+00:00,0,0,0.0,[]
2020-11-18 03:45:00+00:00,0,0,0.0,[]
2020-11-18 03:50:00+00:00,0,0,0.0,[]
2020-11-18 03:55:00+00:00,0,0,0.0,[]
2020-11-18 04:00:00+00:00,0,0,0.0,[]
2020-11-18 04:05:00+00:00,0,0,0.0,[]
2020-11-18 04:10:00+00:00,0,0,0.0,[]
2020-11-18 04:15:00+00:00,0,0,0.0,[]
2020-11-18 04:20:00+00:00,0,0,0.0,[]
2020-11-18 04:25:00+00:00,0,0,0.0,[]
2020-11-18 04:30:00+00:00,0,0,0.0,[]
2020-11-18 04:35:00+00:00,0,0,0.0,[]
2020-11-18 04:40:00+00:00,0,0,0.0,[]
2020-11-18 04:45:00+00:00,0,0,0.0,[]
2020-11-18 04:50:00+00:00,0,0,0.0,[]
2020-11-18 04:55:00+00:00,0,0,0.0,[]
2020-11-18 05:00:00+00:00,0,0,0.0,[]
2020-11-18 05:05:00+00:00,0,0,0.0,[]
2020-11-18 05:10:00+00:00,0,0,0.0,[]
2020-11-18 05:15:00+00:00,0,0,0.0,[]
2020-11-18 05:20:00+00:00,0,0,0.0,[]
2020-11-18 05:25:00+00:00,0,0,0.0,[]
2020-11-18 05:30:00+00:00,0,0,0.0,[]
2020-11-18 05:35:00+00:00,0,0,0.0,[]
2020-11-18 05:40:00+00:00,0,0,0.0,[]
2020-11-18 05:45:00+00:00,0,0,0.0,[]
2020-11-18 05:50:00+00:00,0,0,0.0,[]
2020-11-18 05:55:00+00:00,0,0,0.0,[]
2020-11-18 06:00:00+00:00,0,0,0.0,[]
2020-11-18 06:05:00+00:00,0,0,0.0,[]
2020-11-18 06:10:00+00:00,0,0,0.0,[]
2020-11-18 06:15:00+00:00,0,0,0.0,[]
2020-11-18 06:20:00+00:00,0,0,0.0,[]
2020-11-18 06:25:00+00:00,0,0,0.0,[]
2020-11-18 06:30:00+00:00,0,0,0.0,[]
2020-11-18 06:35:00+00:00,0,0,0.0,[]
2020-11-18 06:40:00+00:00,0,0,0.0,[]
2020-11-18 06:45:00+00:00,0,0,0.0,[]
2020-11-18 06:50:00+00:00,0,0,0.0,[]
2020-11-18 06:55:00+00:00,0,0,0.0,[]
2020-11-18 07:00:00+00:00,0,0,0.0,[]
2020-11-18 07:05:00+00:00,0,0,0.0,[]
2020-11-18 07:10:00+00:00,0,0,0.0,[]
2020-11-18 07:15:00+00:00,0,0,0.0,[]
2020-11-18 07:20:00+00:00,0,0,0.0,[]
2020-11-18 07:25:00+00:00,0,0,0.0,[]
2020-11-18 07:30:00+00:00,0,0,0.0,[]
2020-11-18 07:35:00+00:00,0,0,0.0,[]
2020-11-18 07:40:00+00:00,0,0,0.0,[]
2020-11-18 07:45:00+00:00,0,0,0.0,[]
2020-11-18 07:50:00+00:00,0,0,0.0,[]
2020-11-18 07:55:00+00:00,0,0,0.0,[]
2020-11-18 08:00:00+00:00,0,0,0.0,[]
2020-11-18 08:05:00+00:00,0,0,0.0,[]
2020-11-18 08:10:00+00:00,0,0,0.0,[]
2020-11-18 08:15:00+00:00,0,0,0.0,[]
2020-11-18 08:20:00+00:00,0,0,0.0,[]
2020-11-18 08:25:00+00:00,0,0,0.0,[]
2020-11-18 08:30:00+00:00,0,0,0.0,[]
2020-11-18 08:35:00+00:00,0,0,0.0,[]
2020-11-18 08:40:00+00:00,0,0,0.0,[]
2020-11-18 08:45:00+00:00,0,0,0.0,[]
2020-11-18 08:50:00+00:00,0,0,0.0,[]
2020-11-18 08:55:00+00:00,0,0,0.0,[]
2020-11-18 09:00:00+00:00,0,0,0.0,[]
2020-11-18 09:05:00+00:00,0,0,0.0,[]
2020-11-18 09:10:00+00:00,0,0,0.0,[]
2020-11-18 09:15:00+00:00,0,0,0.0,[]
2020-11-18 09:20:00+00:00,0,0,0.0,[]
2020-11-18 09:25:00+00:00,0,0,0.0,[]
2020-11-18 09:30:00+00:00,0,0,0.0,[]
2020-11-18 09:35:00+00:00,0,0,0.0,[]
2020-11-18 09:40:00+00:00,0,0,0.0,[]
2020-11-18 09:45:00+00:00,0,0,0.0,[]
2020-11-18 09:50:00+00:00,0,0,0.0,[]
2020-11-18 09:55:00+00:00,0,0,0.0,[]
2020-11-18 10:00:00+00:00,0,0,0.0,[]
2020-11-18 10:05:00+00:00,0,0,0.0,[]
2020-11-18 10:10:00+00:00,0,0,0.0,[]
2020-11-18 10:15:00+00:00,0,0,0.0,[]
2020-11-18 10:20:00+00:00,0,0,0.0,[]
2020-11-18 10:25:00+00:00,0,0,0.0,[]
2020-11-18 10:30:00+00:00,0,0,0.0,[]
2020-11-18 10:35:00+00:00,0,0,0.0,[]
2020-11-18 10:40:00+00:00,0,0,0.0,[]
2020-11-18 10:45:00+00:00,0,0,0.0,[]
2020-11-18 10:50:00+00:00,0,0,0.0,[]
2020-11-18 10:55:00+00:00,0,0,0.0,[]
2020-11-18 11:00:00+00:00,0,0,0.0,[]
2020-11-18 11:05:00+00:00,0,0,0.0,[]
2020-11-18 11:10:00+00:00,0,0,0.0,[]
2020-11-18 11:15:00+00:00,0,0,0.0,[]
2020-11-18 11:20:00+00:00,0,0,0.0,[]
2020-11-18 11:25:00+00:00,0,0,0.0,[]
2020-11-18 11:30:00+00:00,0,0,0.0,[]
2020-11-18 11:35:00+00:00,0,0,0.0,[]
2020-11-18 11:40:00+00:00,0,0,0.0,[]
2020-11-18 11:45:00+00:00,0,0,0.0,[]
2020-11-18 11:50:00+00:00,0,0,0.0,[]
2020-11-18 11:55:00+00:00,0,0,0.0,[]
2020-11-18 12:00:00+00:00,8900,0,1.0,[8900]
2020-11-18 12:05:00+00:00,1560,0,1.0,[1560]
2020-11-18 12:10:00+00:00,0,0,0.0,[]
2020-11-18 12:15:00+00:00,0,0,0.0,[]
2020-11-18 12:20:00+00:00,0,0,0.0,[]
2020-11-18 12:25:00+00:00,0,0,0.0,[]
2020-11-18 12:30:00+00:00,0,0,0.0,[]
2020-11-18 12:35:00+00:00,0,0,0.0,[]
2020-11-18 12:40:00+00:00,0,0,0.0,[]
2020-11-18 12:45:00+00:00,0,0,0.0,[]
2020-11-18 12:50:00+00:00,0,0,0.0,[]
2020-11-18 12:55:00+00:00,0,0,0.0,[]
2020-11-18 13:00:00+00:00,0,0,0.0,[]
2020-11-18 13:05:00+00:00,0,0,0.0,[]
2020-11-18 13:10:00+00:00,0,0,0.0,[]
2020-11-18 13:15:00+00:00,0,0,0.0,[]
2020-11-18 13:20:00+00:00,0,0,0.0,[]
2020-11-18 13:25:00+00:00,0,0,0.0,[]
2020-11-18 13:30:00+00:00,0,0,0.0,[]
2020-11-18 13:35:00+00:00,0,0,0.0,[]
2020-11-18 13:40:00+00:00,0,0,0.0,[]
2020-11-18 13:45:00+00:00,0,0,0.0,[]
2020-11-18 13:50:00+00:00,0,0,0.0,[]
2020-11-18 13:55:00+00:00,0,0,0.0,[]
2020-11-18 14:00:00+00:00,0,0,0.0,[]
2020-11-18 14:05:00+00:00,0,0,0.0,[]
2020-11-18 14:10:00+00:00,0,0,0.0,[]
2020-11-18 14:15:00+00:00,0,0,0.0,[]
2020-11-18 14:20:00+00:00,0,0,0.0,[]
2020-11-18 14:25:00+00:00,0,0,0.0,[]
2020-11-18 14:30:00+00:00,0,0,0.0,[]
2020-11-18 14:35:00+00:00,0,0,0.0,[]
2020-11-18 14:40:00+00:00,0,0,0.0,[]
2020-11-18 14:45:00+00:00,0,0,0.0,[]
2020-11-18 14:50:00+00:00,0,0,0.0,[]
2020-11-18 14:55:00+00:00,0,0,0.0,[]
2020-11-18 15:00:00+00:00,0,0,0.0,[]
2020-11-18 15:05:00+00:00,0,0,0.0,[]
2020-11-18 15:10:00+00:00,0,0,0.0,[]
2020-11-18 15:15:00+00:00,0,0,0.0,[]
2020-11-18 15:20:00+00:00,0,0,0.0,[]
2020-11-18 15:25:00+00:00,0,0,0.0,[]
2020-11-18 15:30:00+00:00,0,0,0.0,[]
2020-11-18 15:35:00+00:00,0,0,0.0,[]
2020-11-18 15:40:00+00:00,0,0,0.0,[]
2020-11-18 15:45:00+00:00,0,0,0.0,[]
2020-11-18 15:50:00+00:00,0,0,0.0,[]
2020-11-18 15:55:00+00:00,0,0,0.0,[]
2020-11-18 16:00:00+00:00,0,0,0.0,[]
2020-11-18 16:05:00+00:00,0,0,0.0,[]
2020-11-18 16:10:00+00:00,0,0,0.0,[]
2020-11-18 16:15:00+00:00,0,0,0.0,[]
2020-11-18 16:20:00+00:00,0,0,0.0,[]
2020-11-18 16:25:00+00:00,0,0,0.0,[]
2020-11-18 16:30:00+00:00,0,0,0.0,[]
2020-11-18 16:35:00+00:00,0,0,0.0,[]
2020-11-18 16:40:00+00:00,0,0,0.0,[]
2020-11-18 16:45:00+00:00,0,0,0.0,[]
2020-11-18 16:50:00+00:00,0,0,0.0,[]
2020-11-18 16:55:00+00:00,0,0,0.0,[]
2020-11-18 17:00:00+00:00,0,0,0.0,[]
2020-11-18 17:05:00+00:00,0,0,0.0,[]
2020-11-18 17:10:00+00:00,0,0,0.0,[]
2020-11-18 17:15:00+00:00,0,0,0.0,[]
2020-11-18 17:20:00+00:00,0,0,0.0,[]
2020-11-18 17:25:00+00:00,0,0,0.0,[]
2020-11-18 17:30:00+00:00,0,0,0.0,[]
2020-11-18 17:35:00+00:00,0,0,0.0,[]
2020-11-18 17:40:00+00:00,0,0,0.0,[]
2020-11-18 17:45:00+00:00,0,0,0.0,[]
2020-11-18 17:50:00+00:00,0,0,0.0,[]
2020-11-18 17:55:00+00:00,0,0,0.0,[]
2020-11-18 18:00:00+00:00,0,0,0.0,[]
2020-11-18 18:05:00+00:00,0,0,0.0,[]
2020-11-18 18:10:00+00:00,0,0,0.0,[]
2020-11-18 18:15:00+00:00,0,0,0.0,[]
2020-11-18 18:20:00+00:00,0,0,0.0,[]
2020-11-18 18:25:00+00:00,0,0,0.0,[]
2020-11-18 18:30:00+00:00,0,0,0.0,[]
2020-11-18 18:35:00+00:00,0,0,0.0,[]
2020-11-18 18:40:00+00:00,0,0,0.0,[]
2020-11-18 18:45:00+00:00,0,0,0.0,[]
2020-11-18 18:50:00+00:00,0,0,0.0,[]
2020-11-18 18:55:00+00:00,0,0,0.0,[]
2020-11-18 19:00:00+00:00,0,0,0.0,[]
2020-11-18 19:05:00+00:00,0,0,0.0,[]
2020-11-18 19:10:00+00:00,0,0,0.0,[]
2020-11-18 19:15:00+00:00,0,0,0.0,[]
2020-11-18 19:20:00+00:00,0,0,0.0,[]
2020-11-18 19:25:00+00:00,0,0,0.0,[]
2020-11-18 19:30:00+00:00,0,0,0.0,[]
2020-11-18 19:35:00+00:00,0,0,0.0,[]
2020-11-18 19:40:00+00:00,0,0,0.0,[]
2020-11-18 19:45:00+00:00,0,0,0.0,[]
2020-11-18 19:50:00+00:00,0,0,0.0,[]
2020-11-18 19:55:00+00:00,0,0,0.0,[]
2020-11-18 20:00:00+00:00,0,0,0.0,[]
2020-11-18 20:05:00+00:00,0,0,0.0,[]
2020-11-18 20:10:00+00:00,0,0,0.0,[]
2020-11-18 20:15:00+00:00,0,0,0.0,[]
2020-11-18 20:20:00+00:00,0,0,0.0,[]
2020-11-18 20:25:00+00:00,0,0,0.0,[]
2020-11-18 20:30:00+00:00,0,0,0.0,[]
2020-11-18 20:35:00+00:00,0,0,0.0,[]
2020-11-18 20:40:00+00:00,0,0,0.0,[]
2020-11-18 20:45:00+00:00,0,0,0.0,[]
2020-11-18 20:50:00+00:00,0,0,0.0,[]
2020-11-18 20:55:00+00:00,0,0,0.0,[]
2020-11-18 21:00:00+00:00,0,0,0.0,[]
2020-11-18 21:05:00+00:00,0,0,0.0,[]
2020-11-18 21:10:00+00:00,0,0,0.0,[]
2020-11-18 21:15:00+00:00,0,0,0.0,[]
2020-11-18 21:20:00+00:00,0,0,0.0,[]
2020-11-18 21:25:00+00:00,0,0,0.0,[]
2020-11-18 21:30:00+00:00,0,0,0.0,[]
2020-11-18 21:35:00+00:00,0,0,0.0,[]
2020-11-18 21:40:00+00:00,0,0,0.0,[]
2020-11-18 21:45:00+00:00,0,0,0.0,[]
2020-11-18 21:50:00+00:00,0,0,0.0,[]
2020-11-18 21:55:00+00:00,0,0,0.0,[]
2020-11-18 22:00:00+00:00,0,0,0.0,[]
2020-11-18 22:05:00+00:00,0,0,0.0,[]
2020-11-18 22:10:00+00:00,0,0,0.0,[]
2020-11-18 22:15:00+00:00,0,0,0.0,[]
2020-11-18 22:20:00+00:00,0,0,0.0,[]
2020-11-18 22:25:00+00:00,0,0,0.0,[]
2020-11-18 22:30:00+00:00,0,0,0.0,[]
2020-11-18 22:35:00+00:00,0,0,0.0,[]
2020-11-18 22:40:00+00:00,0,0,0.0,[]
2020-11-18 22:45:00+00:00,0,0,0.0,[]
2020-11-18 22:50:00+00:00,0,0,0.0,[]
2020-11-18 22:55:00+00:00,0,0,0.0,[]
2020-11-18 23:00:00+00:00,0,0,0.0,[]
2020-11-18 23:05:00+00:00,0,0,0.0,[]
2020-11-18 23:10:00+00:00,0,0,0.0,[]
2020-11-18 23:15:00+00:00,0,0,0.0,[]
2020-11-18 23:20:00+00:00,0,0,0.0,[]
2020-11-18 23:25:00+00:00,0,0,0.0,[]
2020-11-18 23:30:00+00:00,0,0,0.0,[]
2020-11-18 23:35:00+00:00,0,0,0.0,[]
2020-11-18 23:40:00+00:00,0,0,0.0,[]
2020-11-18 23:45:00+00:00,0,0,0.0,[]
2020-11-18 23:50:00+00:00,0,0,0.0,[]
2020-11-18 23:55:00+00:00,0,0,0.0,[]
2020-11-19 00:00:00+00:00,0,0,0.0,[]
2020-11-19 00:05:00+00:00,0,0,0.0,[]
2020-11-19 00:10:00+00:00,0,0,0.0,[]
2020-11-19 00:15:00+00:00,0,0,0.0,[]
2020-11-19 00:20:00+00:00,0,0,0.0,[]
2020-11-19 00:25:00+00:00,0,0,0.0,[]
2020-11-19 00:30:00+00:00,0,0,0.0,[]
2020-11-19 00:35:00+00:00,0,0,0.0,[]
2020-11-19 00:40:00+00:00,0,0,0.0,[]
2020-11-19 00:45:00+00:00,0,0,0.0,[]
2020-11-19 00:50:00+00:00,0,0,0.0,[]
2020-11-19 00:55:00+00:00,0,0,0.0,[]
2020-11-19 01:00:00+00:00,0,0,0.0,[]
2020-11-19 01:05:00+00:00,0,0,0.0,[]
2020-11-19 01:10:00+00:00,0,0,0.0,[]
2020-11-19 01:15:00+00:00,0,0,0.0,[]
2020-11-19 01:20:00+00:00,0,0,0.0,[]
2020-11-19 01:25:00+00:00,0,0,0.0,[]
2020-11-19 01:30:00+00:00,0,0,0.0,[]
2020-11-19 01:35:00+00:00,0,0,0.0,[]
2020-11-19 01:40:00+00:00,0,0,0.0,[]
2020-11-19 01:45:00+00:00,0,0,0.0,[]
2020-11-19 01:50:00+00:00,0,0,0.0,[]
2020-11-19 01:55:00+00:00,0,0,0.0,[]
2020-11-19 02:00:00+00:00,0,0,0.0,[]
2020-11-19 02:05:00+00:00,0,0,0.0,[]
2020-11-19 02:10:00+00:00,0,0,0.0,[]
2020-11-19 02:15:00+00:00,0,0,0.0,[]
2020-11-19 02:20:00+00:00,0,0,0.0,[]
2020-11-19 02:25:00+00:00,0,0,0.0,[]
2020-11-19 02:30:00+00:00,0,0,0.0,[]
2020-11-19 02:35:00+00:00,0,0,0.0,[]
2020-11-19 02:40:00+00:00,0,0,0.0,[]
2020-11-19 02:45:00+00:00,0,0,0.0,[]
2020-11-19 02:50:00+00:00,0,0,0.0,[]
2020-11-19 02:55:00+00:00,0,0,0.0,[]
2020-11-19 03:00:00+00:00,0,0,0.0,[]
2020-11-19 03:05:00+00:00,0,0,0.0,[]
2020-11-19 03:10:00+00:00,0,0,0.0,[]
2020-11-19 03:15:00+00:00,0,0,0.0,[]
2020-11-19 03:20:00+00:00,0,0,0.0,[]
2020-11-19 03:25:00+00:00,0,0,0.0,[]
2020-11-19 03:30:00+00:00,0,0,0.0,[]
2020-11-19 03:35:00+00:00,0,0,0.0,[]
2020-11-19 03:40:00+00:00,0,0,0.0,[]
2020-11-19 03:45:00+00:00,0,0,0.0,[]
2020-11-19 03:50:00+00:00,0,0,0.0,[]
2020-11-19 03:55:00+00:00,0,0,0.0,[]
2020-11-19 04:00:00+00:00,0,0,0.0,[]
2020-11-19 04:05:00+00:00,0,0,0.0,[]
2020-11-19 04:10:00+00:00,0,0,0.0,[]
2020-11-19 04:15:00+00:00,0,0,0.0,[]
2020-11-19 04:20:00+00:00,0,0,0.0,[]
2020-11-19 04:25:00+00:00,0,0,0.0,[]
2020-11-19 04:30:00+00:00,0,0,0.0,[]
2020-11-19 04:35:00+00:00,0,0,0.0,[]
2020-11-19 04:40:00+00:00,0,0,0.0,[]
2020-11-19 04:45:00+00:00,0,0,0.0,[]
2020-11-19 04:50:00+00:00,0,0,0.0,[]
2020-11-19 04:55:00+00:00,0,0,0.0,[]
2020-11-19 05:00:00+00:00,0,0,0.0,[]
2020-11-19 05:05:00+00:00,0,0,0.0,[]
2020-11-19 05:10:00+00:00,0,0,0.0,[]
2020-11-19 05:15:00+00:00,0,0,0.0,[]
2020-11-19 05:20:00+00:00,0,0,0.0,[]
2020-11-19 05:25:00+00:00,0,0,0.0,[]
2020-11-19 05:30:00+00:00,0,0,0.0,[]
2020-11-19 05:35:00+00:00,0,0,0.0,[]
2020-11-19 05:40:00+00:00,0,0,0.0,[]
2020-11-19 05:45:00+00:00,0,0,0.0,[]
2020-11-19 05:50:00+00:00,0,0,0.0,[]
2020-11-19 05:55:00+00:00,0,0,0.0,[]
2020-11-19 06:00:00+00:00,0,0,0.0,[]
2020-11-19 06:05:00+00:00,0,0,0.0,[]
2020-11-19 06:10:00+00:00,0,0,0.0,[]
2020-11-19 06:15:00+00:00,0,0,0.0,[]
2020-11-19 06:20:00+00:00,0,0,0.0,[]
2020-11-19 06:25:00+00:00,0,0,0.0,[]
2020-11-19 06:30:00+00:00,0,0,0.0,[]
2020-11-19 06:35:00+00:00,0,0,0.0,[]
2020-11-19 06:40:00+00:00,0,0,0.0,[]
2020-11-19 06:45:00+00:00,0,0,0.0,[]
2020-11-19 06:50:00+00:00,0,0,0.0,[]
2020-11-19 06:55:00+00:00,0,0,0.0,[]
2020-11-19 07:00:00+00:00,0,0,0.0,[]
2020-11-19 07:05:00+00:00,0,0,0.0,[]
2020-11-19 07:10:00+00:00,0,0,0.0,[]
2020-11-19 07:15:00+00:00,0,0,0.0,[]
2020-11-19 07:20:00+00:00,0,0,0.0,[]
2020-11-19 07:25:00+00:00,0,0,0.0,[]
2020-11-19 07:30:00+00:00,0,0,0.0,[]
2020-11-19 07:35:00+00:00,0,0,0.0,[]
2020-11-19 07:40:00+00:00,0,0,0.0,[]
2020-11-19 07:45:00+00:00,0,0,0.0,[]
2020-11-19 07:50:00+00:00,0,0,0.0,[]
2020-11-19 07:55:00+00:00,0,0,0.0,[]
2020-11-19 08:00:00+00:00,0,0,0.0,[]
2020-11-19 08:05:00+00:00,0,0,0.0,[]
2020-11-19 08:10:00+00:00,0,0,0.0,[]
2020-11-19 08:15:00+00:00,0,0,0.0,[]
2020-11-19 08:20:00+00:00,0,0,0.0,[]
2020-11-19 08:25:00+00:00,0,0,0.0,[]
2020-11-19 08:30:00+00:00,0,0,0.0,[]
2020-11-19 08:35:00+00:00,0,0,0.0,[]
2020-11-19 08:40:00+00:00,0,0,0.0,[]
2020-11-19 08:45:00+00:00,0,0,0.0,[]
2020-11-19 08:50:00+00:00,0,0,0.0,[]
2020-11-19 08:55:00+00:00,0,0,0.0,[]
2020-11-19 09:00:00+00:00,0,0,0.0,[]
2020-11-19 09:05:00+00:00,0,0,0.0,[]
2020-11-19 09:10:00+00:00,0,0,0.0,[]
2020-11-19 09:15:00+00:00,0,0,0.0,[]
2020-11-19 09:20:00+00:00,0,0,0.0,[]
2020-11-19 09:25:00+00:00,0,0,0.0,[]
2020-11-19 09:30:00+00:00,0,0,0.0,[]
2020-11-19 09:35:00+00:00,0,0,0.0,[]
2020-11-19 09:40:00+00:00,0,0,0.0,[]
2020-11-19 09:45:00+00:00,0,0,0.0,[]
2020-11-19 09:50:00+00:00,0,0,0.0,[]
2020-11-19 09:55:00+00:00,0,0,0.0,[]
2020-11-19 10:00:00+00:00,0,0,0.0,[]
2020-11-19 10:05:00+00:00,0,0,0.0,[]
2020-11-19 10:10:00+00:00,0,0,0.0,[]
2020-11-19 10:15:00+00:00,0,0,0.0,[]
2020-11-19 10:20:00+00:00,0,0,0.0,[]
2020-11-19 10:25:00+00:00,0,0,0.0,[]
2020-11-19 10:30:00+00:00,0,0,0.0,[]
2020-11-19 10:35:00+00:00,0,0,0.0,[]
2020-11-19 10:40:00+00:00,0,0,0.0,[]
2020-11-19 10:45:00+00:00,0,0,0.0,[]
2020-11-19 10:50:00+00:00,0,0,0.0,[]
2020-11-19 10:55:00+00:00,0,0,0.0,[]
2020-11-19 11:00:00+00:00,0,0,0.0,[]
2020-11-19 11:05:00+00:00,0,0,0.0,[]
2020-11-19 11:10:00+00:00,0,0,0.0,[]
2020-11-19 11:15:00+00:00,0,0,0.0,[]
2020-11-19 11:20:00+00:00,0,0,0.0,[]
2020-11-19 11:25:00+00:00,0,0,0.0,[]
2020-11-19 11:30:00+00:00,0,0,0.0,[]
2020-11-19 11:35:00+00:00,0,0,0.0,[]
2020-11-19 11:40:00+00:00,0,0,0.0,[]
2020-11-19 11:45:00+00:00,0,0,0.0,[]
2020-11-19 11:50:00+00:00,0,0,0.0,[]
2020-11-19 11:55:00+00:00,0,0,0.0,[]
2020-11-19 12:00:00+00:00,10,0,1.0,[10]
2020-11-19 12:05:00+00:00,0,0,0.0,[]
2020-11-19 12:10:00+00:00,0,0,0.0,[]
2020-11-19 12:15:00+00:00,0,0,0.0,[]
2020-11-19 12:20:00+00:00,0,0,0.0,[]
2020-11-19 12:25:00+00:00,0,0,0.0,[]
2020-11-19 12:30:00+00:00,0,0,0.0,[]
2020-11-19 12:35:00+00:00,0,0,0.0,[]
2020-11-19 12:40:00+00:00,0,0,0.0,[]
2020-11-19 12:45:00+00:00,0,0,0.0,[]
2020-11-19 12:50:00+00:00,0,0,0.0,[]
2020-11-19 12:55:00+00:00,0,0,0.0,[]
2020-11-19 13:00:00+00:00,0,0,0.0,[]
2020-11-19 13:05:00+00:00,0,0,0.0,[]
2020-11-19 13:10:00+00:00,0,0,0.0,[]
2020-11-19 13:15:00+00:00,0,0,0.0,[]
2020-11-19 13:20:00+00:00,0,0,0.0,[]
2020-11-19 13:25:00+00:00,0,0,0.0,[]
2020-11-19 13:30:00+00:00,0,0,0.0,[]
2020-11-19 13:35:00+00:00,0,0,0.0,[]
2020-11-19 13:40:00+00:00,0,0,0.0,[]
2020-11-19 13:45:00+00:00,0,0,0.0,[]
2020-11-19 13:50:00+00:00,0,0,0.0,[]
2020-11-19 13:55:00+00:00,0,0,0.0,[]
2020-11-19 14:00:00+00:00,0,0,0.0,[]
2020-11-19 14:05:00+00:00,0,0,0.0,[]
2020-11-19 14:10:00+00:00,0,0,0.0,[]
2020-11-19 14:15:00+00:00,0,0,0.0,[]
2020-11-19 14:20:00+00:00,0,0,0.0,[]
2020-11-19 14:25:00+00:00,0,0,0.0,[]
2020-11-19 14:30:00+00:00,0,0,0.0,[]
2020-11-19 14:35:00+00:00,0,0,0.0,[]
2020-11-19 14:40:00+00:00,0,0,0.0,[]
2020-11-19 14:45:00+00:00,0,0,0.0,[]
2020-11-19 14:50:00+00:00,0,0,0.0,[]
2020-11-19 14:55:00+00:00,0,0,0.0,[]
2020-11-19 15:00:00+00:00,0,0,0.0,[]
2020-11-19 15:05:00+00:00,0,0,0.0,[]
2020-11-19 15:10:00+00:00,0,0,0.0,[]
2020-11-19 15:15:00+00:00,0,0,0.0,[]
2020-11-19 15:20:00+00:00,0,0,0.0,[]
2020-11-19 15:25:00+00:00,0,0,0.0,[]
2020-11-19 15:30:00+00:00,0,0,0.0,[]
2020-11-19 15:35:00+00:00,0,0,0.0,[]
2020-11-19 15:40:00+00:00,0,0,0.0,[]
2020-11-19 15:45:00+00:00,0,0,0.0,[]
2020-11-19 15:50:00+00:00,0,0,0.0,[]
2020-11-19 15:55:00+00:00,0,0,0.0,[]
2020-11-19 16:00:00+00:00,0,0,0.0,[]
2020-11-19 16:05:00+00:00,0,0,0.0,[]
2020-11-19 16:10:00+00:00,0,0,0.0,[]
2020-11-19 16:15:00+00:00,0,0,0.0,[]
2020-11-19 16:20:00+00:00,0,0,0.0,[]
2020-11-19 16:25:00+00:00,0,0,0.0,[]
2020-11-19 16:30:00+00:00,0,0,0.0,[]
2020-11-19 16:35:00+00:00,0,0,0.0,[]
2020-11-19 16:40:00+00:00,0,0,0.0,[]
2020-11-19 16:45:00+00:00,0,0,0.0,[]
2020-11-19 16:50:00+00:00,0,0,0.0,[]
2020-11-19 16:55:00+00:00,0,0,0.0,[]
2020-11-19 17:00:00+00:00,0,0,0.0,[]
2020-11-19 17:05:00+00:00,0,0,0.0,[]
2020-11-19 17:10:00+00:00,0,0,0.0,[]
2020-11-19 17:15:00+00:00,0,0,0.0,[]
2020-11-19 17:20:00+00:00,0,0,0.0,[]
2020-11-19 17:25:00+00:00,0,0,0.0,[]
2020-11-19 17:30:00+00:00,0,0,0.0,[]
2020-11-19 17:35:00+00:00,0,0,0.0,[]
2020-11-19 17:40:00+00:00,0,0,0.0,[]
2020-11-19 17:45:00+00:00,0,0,0.0,[]
2020-11-19 17:50:00+00:00,0,0,0.0,[]
2020-11-19 17:55:00+00:00,0,0,0.0,[]
2020-11-19 18:00:00+00:00,0,0,0.0,[]
2020-11-19 18:05:00+00:00,0,0,0.0,[]
2020-11-19 18:10:00+00:00,0,0,0.0,[]
2020-11-19 18:15:00+00:00,0,0,0.0,[]
2020-11-19 18:20:00+00:00,0,0,0.0,[]
2020-11-19 18:25:00+00:00,0,0,0.0,[]
2020-11-19 18:30:00+00:00,0,0,0.0,[]
2020-11-19 18:35:00+00:00,0,0,0.0,[]
2020-11-19 18:40:00+00:00,0,0,0.0,[]
2020-11-19 18:45:00+00:00,0,0,0.0,[]
2020-11-19 18:50:00+00:00,0,0,0.0,[]
2020-11-19 18:55:00+00:00,0,0,0.0,[]
2020-11-19 19:00:00+00:00,0,0,0.0,[]
2020-11-19 19:05:00+00:00,0,0,0.0,[]
2020-11-19 19:10:00+00:00,0,0,0.0,[]
2020-11-19 19:15:00+00:00,0,0,0.0,[]
2020-11-19 19:20:00+00:00,0,0,0.0,[]
2020-11-19 19:25:00+00:00,0,0,0.0,[]
2020-11-19 19:30:00+00:00,0,0,0.0,[]
2020-11-19 19:35:00+00:00,0,0,0.0,[]
2020-11-19 19:40:00+00:00,0,0,0.0,[]
2020-11-19 19:45:00+00:00,0,0,0.0,[]
2020-11-19 19:50:00+00:00,0,0,0.0,[]
2020-11-19 19:55:00+00:00,0,0,0.0,[]
2020-11-19 20:00:00+00:00,2640,0,1.0,[2640]
