created_at,user_followers_count,user_verified,total_tweets,follower_distribution
2020-11-03 11:50:00+00:00,3920,0,2.0,"[3510, 410]"
2020-11-03 11:55:00+00:00,0,0,0.0,[]
2020-11-03 12:00:00+00:00,0,0,0.0,[]
2020-11-03 12:05:00+00:00,0,0,0.0,[]
2020-11-03 12:10:00+00:00,0,0,0.0,[]
2020-11-03 12:15:00+00:00,0,0,0.0,[]
2020-11-03 12:20:00+00:00,0,0,0.0,[]
2020-11-03 12:25:00+00:00,0,0,0.0,[]
2020-11-03 12:30:00+00:00,0,0,0.0,[]
2020-11-03 12:35:00+00:00,0,0,0.0,[]
2020-11-03 12:40:00+00:00,0,0,0.0,[]
2020-11-03 12:45:00+00:00,0,0,0.0,[]
2020-11-03 12:50:00+00:00,40160,0,10.0,"[21210, 450, 300, 240, 670, 30, 70, 1760, 8540, 6890]"
2020-11-03 12:55:00+00:00,67320,0,23.0,"[170, 170, 8360, 790, 1850, 25270, 50, 90, 400, 1670, 3760, 270, 5650, 80, 40, 3090, 2790, 720, 1080, 6900, 2100, 2020, 0]"
2020-11-03 13:00:00+00:00,124970,0,11.0,"[6500, 1790, 2380, 12050, 50620, 5920, 2630, 37220, 1540, 1000, 3320]"
2020-11-03 13:05:00+00:00,21040,0,11.0,"[3450, 120, 9290, 170, 3330, 110, 200, 3470, 50, 610, 240]"
2020-11-03 13:10:00+00:00,109630,0,16.0,"[5460, 3450, 2480, 4070, 120, 0, 80870, 50, 410, 5060, 1100, 70, 5000, 0, 390, 1100]"
2020-11-03 13:15:00+00:00,779530,0,21.0,"[1320, 450, 840, 6720, 1660, 5030, 70, 1190, 2180, 1440, 180, 150, 5570, 1300, 1100, 230, 150020, 150020, 150020, 150020, 150020]"
2020-11-03 13:20:00+00:00,22808600,25,3711.0,"[400, 400, 400, 400, 400, 10, 10, 10, 10, 10, 980, 16200, 16200, 16200, 16200, 16200, 440, 440, 440, 440, 440, 250, 60, 960, 2680, 960, 960, 960, 960, 5870, 5870, 5870, 5870, 5870, 60, 60, 60, 60, 60, 20, 20, 20, 20, 20, 2180, 2180, 2180, 2180, 2180, 710, 710, 710, 710, 710, 9720, 340, 340, 340, 340, 340, 370, 410, 410, 370, 370, 410, 370, 410, 370, 410, 500, 500, 500, 500, 500, 100, 100, 100, 100, 100, 6900, 6900, 6900, 6900, 6900, 9440, 9440, 9440, 9440, 9440, 110, 110, 110, 110, 110, 10, 710, 10, 710, 10, 10, 710, 710, 710, 10, 6380, 6380, 6380, 6380, 6380, 8980, 290, 8980, 290, 8980, 290, 8980, 290, 8980, 290, 271580, 271580, 271580, 271580, 271580, 0, 0, 0, 0, 0, 30, 30, 30, 30, 30, 80, 80, 80, 80, 80, 50, 50, 50, 50, 50, 100, 100, 230, 230, 970, 100, 970, 230, 970, 100, 970, 970, 230, 100, 230, 1190, 1190, 1190, 1190, 1190, 20420, 20420, 20420, 20420, 20420, 102170, 2750, 2750, 102170, 102170, 2750, 102170, 2750, 2750, 102170, 150020, 100, 220, 70, 100, 70, 220, 100, 70, 100, 70, 70, 220, 100, 220, 220, 1270, 8050, 8050, 1270, 8050, 8050, 1270, 1270, 8050, 1270, 40, 30, 30, 250, 40, 30, 30, 250, 40, 250, 250, 40, 250, 40, 30, 0, 0, 0, 1410, 0, 1410, 1410, 1410, 0, 1410, 250, 250, 250, 250, 250, 12490, 12490, 12490, 12490, 12490, 20970, 1180, 20970, 20970, 20970, 20970, 1460, 1460, 1460, 1460, 1460, 60, 140, 230, 11560, 60, 11560, 230, 11560, 60, 11560, 230, 140, 140, 11560, 230, 140, 140, 230, 60, 60, 2510, 2510, 2510, 2510, 2510, 3080, 3080, 3080, 110, 110, 110, 3080, 110, 110, 3080, 30, 30, 30, 30, 30, 10230, 90, 10230, 90, 90, 10230, 10230, 90, 10230, 90, 640, 640, 660, 660, 640, 660, 640, 660, 640, 660, 1680, 880, 410, 1680, 1680, 410, 410, 1680, 410, 410, 1680, 930, 930, 930, 930, 930, 1770, 1770, 1770, 1770, 1770, 4020, 4020, 15870, 15870, 15870, 4020, 4020, 15870, 4020, 15870, 10, 4060, 60, 10, 10, 4060, 60, 10, 60, 60, 4060, 60, 4060, 4060, 10, 260, 260, 260, 260, 260, 60, 860, 1760, 1760, 1760, 60, 60, 60, 60, 1760, 1760, 890, 890, 510, 480, 890, 480, 510, 480, 510, 7020, 480, 7020, 480, 890, 510, 7020, 890, 7020, 7020, 510, 60, 20, 20, 60, 20, 60, 60, 20, 20, 20, 60, 20, 20, 20, 20, 4980, 200, 20, 390, 400, 100, 670, 200, 4980, 670, 20, 670, 390, 4980, 20, 20, 4980, 200, 20, 390, 20, 20, 20, 200, 670, 670, 4980, 200, 20, 390, 390, 20, 4840, 4840, 4840, 4840, 4840, 74810, 40, 74810, 40, 74810, 40, 74810, 40, 74810, 40, 190, 670, 90, 670, 90, 90, 90, 90, 260, 670, 670, 670, 40, 70, 40, 40, 40, 40, 15880, 240, 15880, 9090, 1520, 4020, 1520, 15880, 260, 240, 260, 15880, 240, 1520, 260, 4020, 260, 240, 4020, 4020, 1520, 15880, 4020, 1520, 260, 240, 880, 850, 140, 140, 140, 140, 880, 140, 140, 850, 140, 880, 140, 140, 850, 880, 880, 140, 850, 850, 390, 4940, 4940, 4940, 4940, 4940, 100, 40, 100, 500, 500, 100, 500, 40, 40, 40, 100, 500, 100, 500, 40, 930, 930, 930, 930, 930, 180, 9280, 180, 9280, 180, 9280, 9280, 180, 9280, 180, 930, 10, 10, 10, 10, 10, 11460, 0, 60, 8170, 8170, 0, 60, 0, 60, 7240, 8170, 60, 7240, 0, 7240, 7240, 60, 8170, 8170, 7240, 0, 380, 3410, 3410, 380, 380, 380, 3410, 3410, 380, 3410, 120, 610, 610, 100, 610, 100, 100, 100, 610, 100, 610, 90, 90, 90, 90, 90, 20790, 380, 380, 40, 20790, 380, 380, 380, 20790, 20790, 20790, 350, 6330, 1680, 1290, 1250, 7440, 7440, 7440, 1680, 1680, 1680, 1290, 350, 6330, 3650, 440, 440, 3650, 3650, 7440, 7440, 350, 440, 3650, 350, 350, 1290, 6330, 440, 1290, 6330, 440, 1290, 6330, 3650, 1680, 1020, 290, 2550, 80, 50, 50, 80, 2550, 290, 80, 50, 290, 2550, 80, 1020, 2550, 80, 2550, 1020, 290, 50, 290, 1020, 1020, 50, 9120, 9120, 170, 9120, 9120, 170, 170, 170, 170, 9120, 10, 26780, 70, 300, 70, 70, 26780, 10, 300, 26780, 10, 300, 70, 300, 10, 26780, 70, 26780, 300, 10, 0, 0, 0, 0, 0, 3420, 3420, 600, 3420, 600, 3420, 3420, 600, 600, 600, 1210, 140, 190, 750, 750, 750, 140, 1210, 1210, 190, 140, 750, 190, 190, 1210, 750, 190, 1210, 140, 140, 50, 50, 1870, 50, 1870, 50, 1870, 1870, 50, 1870, 3800, 3800, 3800, 3800, 3800, 100, 100, 150, 150, 150, 100, 150, 150, 100, 100, 840, 6760, 820, 6760, 1150, 980, 980, 840, 1150, 6760, 6760, 980, 1150, 6760, 820, 840, 1150, 840, 980, 1150, 820, 820, 980, 840, 820, 210, 990, 150, 8090, 400, 400, 210, 170, 70, 150, 400, 400, 170, 210, 990, 210, 170, 150, 8090, 8090, 990, 210, 400, 170, 150, 8090, 990, 170, 8090, 990, 150, 120, 40, 40, 33380, 60, 40, 120, 40, 120, 120, 40, 120, 81970, 230, 230, 230, 230, 81970, 81970, 230, 81970, 81970, 4380, 200, 290, 290, 200, 200, 4380, 4380, 290, 290, 10, 200, 4380, 10, 200, 4380, 290, 10, 10, 10, 2190, 2190, 2550, 2190, 2190, 2190, 390, 380, 390, 380, 180, 390, 180, 390, 380, 180, 180, 390, 380, 380, 180, 230, 1203970, 1203970, 1203970, 960, 960, 960, 1203970, 960, 960, 1203970, 960, 1100, 40, 180, 40, 960, 180, 1100, 1100, 180, 1100, 40, 960, 180, 180, 960, 40, 40, 1100, 960, 0, 20, 20, 20, 20, 20, 5750, 5750, 5750, 280, 280, 280, 5750, 5750, 280, 280, 1360, 40, 1360, 1360, 440, 20, 1360, 20, 440, 440, 20, 40, 440, 60, 40, 1360, 20, 440, 60, 40, 20, 40, 5060, 5060, 5060, 5060, 5060, 6760, 50, 1960, 4840, 1960, 130, 130, 4840, 50, 180, 130, 1960, 1960, 130, 180, 50, 50, 180, 1960, 50, 4840, 180, 180, 4840, 4840, 50, 130, 330, 5810, 330, 150, 150, 20, 150, 5810, 90, 20, 4480, 90, 5810, 90, 5810, 5810, 11560, 20, 330, 4480, 90, 20, 4480, 150, 330, 330, 90, 20, 150, 4480, 4480, 180, 5060, 5060, 180, 180, 180, 5060, 180, 5060, 5060, 5180, 260, 80, 1710, 1710, 1710, 5180, 5180, 80, 1710, 5180, 260, 80, 260, 260, 80, 1710, 5180, 260, 80, 100, 0, 10, 100, 0, 100, 10040, 10, 0, 10040, 0, 10, 4840, 0, 10040, 10, 10040, 100, 10040, 100, 10, 20, 100, 1420, 1150, 20, 150, 1420, 590, 150, 1420, 2910, 590, 150, 20, 100, 2910, 100, 1150, 2910, 590, 20, 20, 590, 1150, 1420, 100, 2910, 590, 1150, 1420, 100, 2910, 150, 150, 1150, 10, 520, 1360, 50, 10, 1360, 50, 4240, 1360, 50, 10, 1360, 4240, 10, 4240, 1360, 4240, 50, 10, 4240, 50, 180, 50, 50, 11810, 50, 470, 470, 470, 470, 50, 50, 11810, 11810, 11810, 11810, 10, 470, 620, 1530, 28220, 220, 1140, 2250, 2250, 1530, 1140, 28220, 2250, 2250, 1140, 28220, 1140, 1140, 28220, 1530, 28220, 1530, 2250, 1530, 160, 30, 3180, 260, 260, 3000, 5060, 160, 160, 3180, 260, 3180, 3000, 3000, 3180, 160, 260, 3000, 160, 260, 3000, 3180, 790, 790, 790, 790, 30, 790, 1900, 980, 0, 0, 980, 1220, 1220, 2590, 1900, 1900, 1220, 980, 2590, 1900, 2590, 980, 1900, 2590, 0, 1220, 0, 2590, 980, 0, 1220, 100, 590, 820, 360, 820, 820, 1820, 590, 100, 360, 1820, 1820, 360, 360, 820, 100, 820, 590, 100, 360, 1820, 590, 1820, 590, 100, 910, 1160, 2300, 910, 2300, 2080, 2060, 2300, 2080, 1160, 910, 2060, 2060, 910, 2080, 2080, 2300, 2060, 2300, 1160, 910, 1160, 2060, 1160, 2080, 1680, 530, 230, 530, 430, 430, 530, 1680, 430, 430, 530, 430, 1680, 1680, 1680, 530, 3140, 3140, 1820, 3140, 820, 3140, 3140, 2570, 2570, 1710, 2570, 2570, 2570, 350, 3430, 1040, 1920, 350, 110, 3580, 860, 20, 110, 3580, 3430, 110, 1920, 350, 860, 3430, 3580, 1920, 350, 860, 860, 3580, 110, 1920, 1920, 860, 350, 3430, 3580, 110, 3430, 30, 650, 30, 20, 80, 3070, 20, 540, 650, 80, 3070, 20, 30, 80, 650, 650, 540, 80, 80, 540, 30, 540, 3070, 540, 3070, 20, 20, 650, 3070, 30, 620, 7230, 2280, 250, 40, 620, 2280, 40, 40, 250, 2280, 7230, 250, 250, 620, 40, 7230, 620, 620, 7230, 7230, 40, 2280, 250, 2280, 3180, 30, 20, 30, 30, 30, 30, 350, 30, 490, 250, 40, 40, 40, 860, 40, 860, 110, 110, 40, 860, 270, 490, 40, 860, 490, 270, 860, 30, 110, 270, 490, 40, 270, 270, 490, 40, 40, 250, 110, 170, 40, 110, 30, 30, 30, 240, 30, 10, 240, 30, 30, 240, 30, 240, 10, 10, 30, 10, 240, 10, 80, 80, 2100, 2100, 2100, 80, 2100, 80, 2100, 80, 30, 60, 30, 210, 60, 210, 30, 30, 60, 210, 210, 30, 60, 210, 60, 1150, 20, 20, 0, 1150, 20, 1150, 0, 20, 0, 1150, 0, 20, 1150, 0, 2750, 100, 1250, 70, 220, 2750, 100, 70, 2750, 220, 1250, 220, 70, 100, 2750, 1250, 2750, 100, 220, 220, 1250, 1250, 70, 100, 70, 50, 50, 50, 50, 50, 320, 320, 3770, 320, 490, 490, 490, 490, 3770, 320, 320, 3770, 3770, 490, 3770, 1840, 1840, 150, 150, 4680, 1840, 4680, 150, 4680, 4680, 1840, 150, 150, 1840, 4680, 30, 4110, 2540, 3080, 30, 2540, 2750, 4110, 30, 2540, 4110, 30, 2540, 4110, 30, 4110, 2540, 90, 70, 70, 70, 70, 90, 70, 90, 90, 90, 260, 260, 2910, 170, 70, 170, 1040, 70, 70, 1040, 70, 1040, 170, 260, 70, 1040, 170, 260, 170, 260, 1040, 20, 4250, 4250, 20, 4250, 20, 4250, 4250, 20, 20, 770, 20, 12150, 970, 470, 80, 12150, 470, 770, 970, 300, 970, 470, 80, 770, 970, 80, 970, 470, 80, 770, 300, 20, 470, 12150, 20, 20, 12150, 770, 300, 300, 80, 12150, 20, 300, 2020, 2020, 2020, 2020, 2020, 600, 600, 3160, 600, 3160, 3160, 600, 3160, 3160, 600, 4980, 17490, 17490, 4980, 17490, 17490, 4980, 17490, 4980, 4980, 240, 1430, 560, 1430, 560, 1430, 560, 1430, 560, 1430, 560, 370, 370, 40, 40, 370, 40, 40, 370, 370, 40, 20, 20, 3890, 80, 20, 3890, 80, 20, 3890, 20, 3890, 3890, 80, 80, 80, 660, 280, 660, 280, 280, 660, 280, 280, 660, 660, 1550, 700, 970, 100, 100, 100, 700, 700, 700, 100, 970, 700, 970, 970, 970, 100, 180, 360, 2330, 3820, 2330, 360, 3820, 2330, 680, 130, 130, 360, 680, 2330, 180, 360, 3820, 680, 2330, 180, 360, 3820, 130, 680, 180, 3820, 680, 180, 130, 130, 330, 40, 330, 330, 40, 330, 330, 2920, 2920, 700, 2920, 700, 40, 700, 2920, 700, 40, 40, 700, 2920, 5190, 5190, 5190, 5190, 5190, 500, 2080, 500, 500, 500, 500, 2590, 1080, 2590, 1080, 2590, 1080, 2590, 1080, 1080, 2590, 2250, 2410, 2250, 1360, 1360, 2250, 1360, 2250, 1360, 1360, 2250, 210, 1480, 30, 210, 380, 30, 320, 210, 1480, 1480, 30, 380, 320, 320, 30, 210, 1480, 380, 320, 380, 320, 210, 1480, 30, 380, 1280, 430, 1280, 430, 1280, 430, 1280, 430, 1280, 430, 17490, 430, 240, 240, 240, 240, 240, 4040, 32090, 20, 20, 4040, 14710, 32090, 14710, 4040, 32090, 14710, 4040, 32090, 32090, 14710, 20, 4040, 14710, 20, 20, 260, 120, 60, 120, 60, 120, 60, 60, 60, 120, 120, 30, 5970, 5970, 30, 30, 5970, 20970, 30, 5970, 5970, 30, 3040, 1940, 220, 3040, 1940, 1940, 3040, 3040, 1940, 1940, 3040, 0, 90, 290, 10440, 290, 90, 90, 10440, 290, 290, 10440, 290, 10440, 90, 10440, 90, 6030, 1120, 2610, 1120, 190, 6030, 160, 140, 190, 140, 160, 190, 6030, 160, 6030, 190, 2610, 1120, 2610, 6030, 160, 2610, 160, 140, 2610, 140, 190, 140, 1120, 1120, 320, 320, 320, 320, 320, 110, 10, 10, 110, 0, 160, 0, 10, 40, 160, 110, 10, 40, 40, 160, 110, 10, 40, 160, 0, 110, 160, 40, 0, 0, 9090, 9090, 1170, 9090, 1170, 60, 170, 60, 170, 1170, 170, 1170, 60, 170, 9090, 60, 170, 60, 1170, 9090, 330, 8510, 8510, 2290, 200, 40, 200, 2290, 8510, 200, 2290, 8510, 200, 2290, 2290, 8510, 200, 70, 70, 790, 70, 70, 70, 2260, 2260, 40, 1270, 90, 2260, 40, 90, 2260, 40, 2260, 90, 40, 90, 40, 90, 630, 4120, 4120, 4120, 40, 130, 6500, 130, 40, 6500, 4120, 40, 40, 6500, 130, 40, 6500, 130, 130, 4120, 6500, 1450, 20, 20, 1450, 320, 60, 1450, 20, 20, 1150, 670, 1150, 20, 320, 1450, 670, 60, 1150, 670, 1450, 670, 320, 1150, 60, 60, 1150, 670, 320, 320, 60, 190, 1230, 90, 260, 5160, 90, 190, 190, 10, 190, 5160, 190, 10, 5160, 10, 250, 5160, 90, 90, 90, 5160, 10, 10, 10, 90, 10, 90, 90, 60, 90, 10, 10, 60, 410, 60, 10, 90, 410, 410, 410, 60, 410, 60, 4070, 590, 6290, 4070, 4040, 6290, 4070, 590, 590, 590, 3790, 6290, 4070, 3790, 6290, 4070, 590, 6290, 3790, 3790, 3790, 220, 70, 9120, 3040, 70, 220, 220, 70, 220, 70, 70, 220, 10, 10, 10, 150, 1120, 10, 1120, 10, 150, 1120, 1120, 150, 1120, 150, 150, 970, 150, 130, 130, 60, 970, 130, 50, 60, 50, 970, 60, 50, 130, 60, 970, 60, 130, 50, 50, 970, 0, 0, 0, 14950, 14950, 0, 14950, 14950, 14950, 0, 250, 250, 270, 250, 270, 270, 250, 270, 10, 250, 270, 140, 860, 1700, 140, 860, 1700, 860, 1700, 140, 860, 860, 1700, 1700, 140, 140, 90, 90, 70, 90, 70, 90, 90, 70, 70, 70, 330, 70, 100, 370, 7640, 70, 7640, 370, 70, 330, 370, 100, 7640, 370, 7640, 70, 330, 370, 100, 100, 70, 330, 330, 100, 7640, 0, 2620, 60, 0, 0, 2620, 2620, 0, 2620, 60, 60, 2620, 60, 10, 0, 60, 170, 170, 5570, 170, 5570, 5570, 5570, 170, 5570, 170, 40, 25410, 27460, 25410, 40, 270, 270, 27460, 25410, 270, 40, 25410, 270, 40, 27460, 25410, 27460, 27460, 270, 40, 70, 1520, 20, 1640, 1460, 5880, 5880, 5880, 5880, 1460, 5880, 1640, 1520, 1460, 1640, 1520, 1460, 1640, 1520, 1460, 1520, 1640, 10, 100, 100, 4130, 4130, 4130, 4130, 100, 100, 100, 4130, 220, 20, 220, 220, 20, 40, 220, 20, 40, 220, 20, 40, 20, 40, 40, 120, 1460, 120, 10, 120, 120, 120, 10, 10, 10, 10, 10, 70, 20, 220, 70, 220, 240, 240, 220, 10, 220, 20, 240, 20, 220, 240, 70, 10, 70, 10, 20, 240, 70, 10, 20, 19490, 410, 120, 260, 260, 120, 19490, 19490, 260, 10, 20, 10, 19490, 260, 10, 120, 840, 20, 20, 20, 10, 10, 19490, 260, 840, 120, 840, 20, 840, 120, 840, 780, 70, 10, 70, 70, 5420, 10, 290, 3150, 290, 5420, 3150, 10, 290, 290, 3150, 70, 5420, 3150, 290, 10, 70, 5420, 5420, 10, 3150, 610, 580, 40, 610, 19560, 19560, 610, 580, 580, 19560, 610, 580, 40, 19560, 19560, 580, 610, 80, 80, 80, 180, 180, 80, 180, 180, 80, 180, 160, 160, 160, 160, 220, 220, 160, 220, 220, 220, 4020, 4020, 4020, 4020, 4020, 650, 120, 120, 120, 120, 650, 650, 120, 650, 650, 50, 5570, 50, 50, 50, 50, 80, 10, 10, 80, 180, 1480, 980, 250, 10, 10, 10, 250, 980, 10, 10, 980, 250, 10, 10, 180, 80, 80, 3320, 3320, 980, 180, 1480, 250, 10, 80, 3320, 980, 180, 1480, 3320, 180, 1480, 250, 1480, 3320, 60, 160, 160, 160, 160, 160, 70, 1560, 30, 1560, 1560, 1560, 70, 30, 70, 70, 30, 30, 1560, 70, 30, 33380, 580, 33380, 280, 100, 33380, 280, 100, 33380, 580, 100, 580, 280, 100, 33380, 100, 580, 280, 580, 280, 20, 20, 670, 20, 20, 190, 20, 190, 190, 190, 190, 33380, 40, 33380, 40, 40, 33380, 4020, 40, 33380, 40, 33380, 190, 190, 700, 530, 530, 440, 910, 910, 700, 440, 190, 530, 190, 700, 190, 910, 440, 910, 440, 700, 440, 700, 530, 530, 910, 1160, 90, 10, 1600, 10, 10, 4700, 90, 90, 90, 1160, 31420, 4700, 1160, 90, 90, 10, 31420, 4700, 31420, 1160, 90, 4700, 31420, 1160, 10, 1600, 90, 4700, 31420, 90, 90, 110, 110, 110, 1800, 110, 110, 1800, 1800, 1800, 1800, 220, 1320, 220, 0, 40, 110, 110, 0, 0, 220, 40, 220, 40, 110, 110, 40, 110, 1320, 0, 220, 0, 1320, 1320, 40, 1320, 2020, 100, 390, 390, 490, 100, 490, 100, 390, 390, 390, 390, 390, 390, 100, 490, 390, 490, 100, 390, 490, 10, 260, 2050, 50, 260, 1420, 2050, 2050, 10, 1420, 2050, 10, 260, 1420, 1420, 2050, 10, 260, 10, 260, 1420, 30, 30, 30, 30, 30, 50, 50, 50, 50, 50, 1610, 120, 50, 50, 150, 50, 120, 120, 150, 30, 50, 150, 30, 120, 150, 50, 120, 150, 30, 30, 30, 3820, 270, 1360, 340, 340, 40, 40, 340, 40, 270, 270, 40, 270, 340, 340, 1660, 40, 270, 1420, 850, 56870, 850, 850, 7110, 7110, 850, 120, 1420, 56870, 56870, 120, 1420, 7110, 56870, 850, 120, 7110, 56870, 120, 7110, 1420, 1420, 120, 5750, 5750, 5750, 5750, 5750, 50, 190, 50, 160, 230, 380, 1480, 4890, 1480, 4890, 50, 1480, 160, 380, 230, 160, 380, 230, 4890, 380, 1480, 50, 230, 4890, 160, 50, 230, 160, 380, 1480, 4890, 990, 6030, 460, 30, 460, 30, 460, 460, 30, 30, 31420, 460, 990, 990, 990, 30, 990, 4060, 4060, 210, 4060, 100, 210, 100, 100, 710, 100, 4060, 4060, 210, 710, 710, 210, 710, 100, 710, 30, 210, 30, 310, 30, 30, 30, 30, 570, 10, 10, 260, 570, 10, 1040, 570, 1040, 1040, 1040, 260, 10, 570, 1040, 260, 10, 570, 260, 260, 70, 1160, 550, 200, 70, 70, 550, 550, 200, 70, 550, 200, 70, 200, 200, 550, 260, 260, 310, 10, 310, 260, 10, 10, 310, 260, 310, 10, 310, 10, 260, 1710, 270, 1710, 270, 20, 20, 1710, 20, 1710, 20, 270, 1710, 20, 270, 270, 0, 990, 990, 20, 990, 320, 0, 320, 0, 320, 320, 0, 990, 320, 0, 990, 0, 110, 0, 280, 0, 280, 0, 280, 280, 280, 0, 40, 210, 13060, 40, 790, 660, 40, 13060, 13060, 1570, 40, 1290, 13060, 660, 1290, 210, 790, 40, 210, 1570, 1290, 13060, 1570, 210, 660, 790, 1290, 660, 210, 790, 1290, 1570, 660, 790, 1570, 1170, 580, 580, 1170, 580, 1170, 580, 580, 1170, 1170, 1760, 0, 690, 0, 0, 690, 110, 1760, 23000, 110, 1760, 10, 10, 10, 23000, 110, 0, 23000, 690, 1760, 110, 1760, 10, 690, 110, 23000, 23000, 10, 0, 690, 10, 10, 10, 10, 10, 180, 440, 100, 100, 2080, 180, 440, 2080, 100, 2080, 180, 100, 100, 2080, 180, 2080, 440, 100, 100, 100, 100, 100, 180, 440, 440, 2430, 90, 50, 50, 50, 50, 50, 90, 2430, 90, 90, 2430, 90, 2430, 2430, 2480, 3660, 3660, 2780, 2780, 2780, 2480, 3660, 3660, 2780, 2480, 2780, 2480, 3660, 2480, 80, 80, 80, 80, 80, 750, 80, 10, 220, 220, 1180, 750, 750, 1180, 220, 220, 80, 10, 1180, 80, 220, 80, 10, 1180, 10, 80, 750, 10, 750, 1180, 20, 20, 20, 20, 20, 640, 300, 770, 300, 20, 10, 300, 770, 20, 10, 20, 10, 640, 20, 10, 300, 770, 640, 29890, 20, 10, 770, 640, 29890, 29890, 300, 770, 640, 29890, 300, 120, 230, 120, 120, 120, 230, 120, 230, 120, 230, 230, 250, 810, 120, 250, 810, 70, 2340, 810, 250, 120, 70, 400, 2340, 250, 120, 400, 2340, 250, 120, 810, 400, 2340, 120, 810, 400, 400, 70, 70, 70, 2340, 12560, 30, 450, 30, 12560, 30, 12560, 450, 450, 30, 12560, 450, 450, 30, 12560, 1080, 20, 1080, 10, 1080, 320, 20, 20, 0, 20, 320, 1650, 320, 20, 0, 10, 1080, 0, 0, 10, 1080, 10, 10, 0, 320, 320, 180, 1760, 180, 1760, 420, 180, 180, 420, 420, 420, 180, 1760, 420, 1760, 1760, 10, 490, 410, 410, 10, 490, 410, 490, 10, 10, 410, 410, 10, 490, 490, 220, 220, 6750, 11670, 11670, 220, 4110, 11670, 220, 11670, 4110, 220, 4110, 4110, 160, 4110, 11670, 10, 100, 10, 30, 30, 30, 10, 30, 10, 30, 10, 160, 160, 560, 70, 80, 240, 10, 70, 3260, 240, 3260, 70, 3260, 240, 60, 3980, 10, 10, 10, 110, 110, 110, 21570, 240, 70, 3980, 10, 10, 70, 110, 60, 70, 3980, 10, 10, 240, 21570, 21570, 3980, 60, 21570, 70, 3980, 10, 60, 70, 70, 110, 70, 10, 21570, 3260, 60, 3260, 1230, 4120, 4120, 4120, 6020, 4120, 4120, 12560, 70, 200, 70, 170, 0, 170, 70, 200, 0, 0, 200, 170, 70, 0, 200, 0, 200, 70, 170, 310, 200, 70, 60, 200, 310, 70, 60, 200, 310, 70, 200, 310, 60, 200, 70, 60, 310, 70, 60, 2050, 0, 0, 0, 0, 0, 11670, 7270, 320, 10, 7270, 410, 10, 320, 360, 410, 10, 7270, 360, 320, 410, 360, 7270, 320, 410, 10, 360, 320, 10, 7270, 410, 360, 150, 330, 330, 12160, 150, 140, 3060, 150, 140, 12160, 140, 3060, 140, 3060, 12160, 330, 150, 12160, 150, 3060, 12160, 330, 3060, 330, 140, 0, 90, 90, 0, 0, 0, 90, 90, 0, 90, 4110, 570, 4110, 100, 100, 60, 2990, 50, 50, 2990, 100, 4110, 570, 100, 570, 2990, 50, 2990, 50, 100, 4110, 570, 2990, 570, 50, 4110, 8440, 8440, 8440, 8440, 8440, 6300, 6300, 6300, 6300, 6300, 170, 640, 270, 290, 290, 290, 270, 43190, 270, 290, 270, 640, 180, 290, 4120, 43190, 640, 43190, 43190, 640, 43190, 270, 640, 230, 500, 410, 500, 250, 410, 250, 230, 410, 250, 250, 410, 500, 230, 500, 230, 230, 250, 410, 500, 190, 3780, 190, 3780, 3780, 190, 3780, 190, 3780, 190, 3780, 2920, 80, 3780, 80, 3780, 3780, 2920, 2920, 80, 2920, 80, 3780, 80, 2920, 110, 10, 2120, 510, 510, 1650, 1650, 2120, 10, 2120, 7470, 1650, 10, 10, 510, 1650, 2120, 2120, 1650, 7470, 510, 10, 7470, 510, 7470, 3550, 7470, 30, 30, 0, 110, 30, 90, 90, 0, 110, 0, 30, 110, 110, 120, 110, 90, 120, 120, 0, 90, 120, 90, 0, 120, 30, 0, 420, 420, 420, 420, 420, 20, 370, 160, 310, 370, 370, 310, 90, 90, 370, 310, 3440, 90, 90, 310, 310, 90, 370]"
2020-11-03 13:25:00+00:00,28249160,45,6086.0,"[920, 3980, 10, 0, 90, 0, 920, 920, 920, 3980, 0, 60, 0, 60, 920, 3980, 90, 10, 3980, 3980, 60, 90, 10, 90, 90, 10, 60, 10, 0, 60, 640, 320, 320, 80, 10, 320, 80, 320, 10, 80, 10, 640, 80, 10, 320, 640, 640, 640, 80, 10, 3370, 50, 50, 3370, 50, 50, 3370, 3370, 50, 3370, 1190, 6210, 1190, 1190, 770, 770, 1190, 770, 1190, 770, 770, 30, 1160, 30, 30, 910, 30, 30, 30, 140, 220, 340, 10, 140, 10, 26310, 340, 140, 10, 26310, 220, 220, 26310, 340, 26310, 140, 10, 340, 140, 340, 220, 220, 26310, 10, 300, 660, 1170, 200, 300, 300, 50, 300, 50, 960, 2310, 2310, 50, 300, 2310, 960, 960, 200, 2310, 200, 960, 50, 960, 200, 2310, 200, 50, 9040, 10610, 40, 9040, 10610, 40, 40, 10610, 9040, 9040, 9040, 40, 10610, 40, 10610, 40, 74810, 300, 60, 40, 4150, 60, 300, 4150, 40, 40, 470, 60, 60, 300, 4150, 470, 40, 4150, 470, 300, 470, 470, 4150, 60, 300, 350, 350, 350, 350, 350, 10, 70, 70, 70, 70, 70, 1040, 1040, 880, 880, 1040, 880, 1040, 1040, 880, 880, 370, 340, 140, 30, 140, 370, 30, 140, 30, 370, 30, 30, 140, 370, 1320, 140, 370, 50, 50, 530, 50, 50, 530, 50, 530, 530, 530, 60, 3110, 3110, 3110, 60, 60, 3110, 3110, 60, 60, 10, 10, 400, 400, 6280, 7820, 10, 6280, 7820, 10, 6280, 7820, 400, 6280, 7820, 400, 10, 6280, 7820, 400, 2650, 720, 1920, 2650, 720, 1920, 2650, 1920, 720, 2650, 720, 1920, 2650, 720, 1920, 310, 4050, 310, 310, 310, 310, 680, 10, 30, 2760, 680, 30, 680, 2760, 10, 680, 10, 10, 2760, 10, 10, 10, 10, 30, 680, 10, 10, 30, 2760, 30, 710, 550, 550, 710, 710, 100, 550, 710, 550, 710, 550, 90, 1950, 1720, 300, 1950, 90, 90, 90, 1720, 1950, 300, 300, 1720, 1950, 1720, 1950, 90, 300, 300, 1720, 80, 270, 20, 40, 20, 40, 40, 40, 20, 270, 20, 270, 270, 20, 270, 3780, 40, 110, 90, 110, 90, 110, 110, 110, 90, 110, 110, 90, 110, 110, 110, 90, 150, 200, 150, 150, 150, 150, 230, 90, 230, 50, 90, 230, 230, 90, 90, 230, 90, 620, 620, 170, 460, 0, 170, 2210, 2210, 2210, 2210, 170, 170, 460, 620, 460, 620, 460, 170, 100, 620, 2210, 460, 20, 0, 5680, 140, 20, 5680, 140, 20, 140, 140, 5680, 140, 20, 5680, 5680, 20, 1600, 1600, 1600, 1600, 1600, 40, 40, 40, 1540, 1540, 1540, 40, 40, 40, 40, 1540, 40, 40, 1540, 40, 1410, 1130, 1410, 1130, 1410, 1410, 1130, 810, 1410, 40, 810, 1130, 1130, 810, 810, 810, 80, 80, 1030, 80, 16440, 80, 1030, 1030, 16440, 80, 1030, 16440, 16440, 16440, 0, 0, 1150, 0, 0, 0, 3060, 460, 560, 560, 20, 560, 60, 20, 560, 20, 20, 460, 560, 180, 460, 180, 60, 460, 60, 510, 60, 460, 180, 20, 180, 180, 60, 110, 520, 520, 520, 520, 520, 0, 20, 20, 0, 0, 0, 0, 20, 20, 20, 1410, 220, 10, 220, 700, 700, 10, 220, 220, 10, 700, 10, 220, 700, 10, 700, 900, 0, 7680, 7680, 100, 100, 7680, 7680, 7680, 100, 100, 110, 100, 60, 140, 140, 60, 140, 60, 60, 140, 60, 140, 5680, 440, 440, 140, 210, 440, 440, 140, 210, 210, 440, 140, 210, 140, 210, 140, 560, 170, 650, 650, 41930, 560, 560, 41930, 560, 560, 170, 650, 170, 170, 650, 650, 170, 41930, 41930, 41930, 140, 1280, 860, 10, 740, 740, 740, 10, 1280, 1280, 10, 1280, 10, 1280, 740, 10, 740, 50, 3270, 50, 50, 1420, 90, 1420, 3270, 90, 3270, 1420, 50, 90, 1420, 3270, 3270, 1420, 90, 50, 90, 300, 10250, 610, 360, 300, 30, 0, 610, 30, 2160, 50, 2160, 50, 30, 13060, 0, 2160, 40, 40, 300, 30, 30, 50, 0, 40, 610, 2160, 610, 50, 40, 300, 40, 610, 300, 0, 0, 2160, 50, 650, 1100, 870, 870, 1250, 1250, 1100, 1250, 870, 870, 1250, 1100, 870, 1250, 1100, 1100, 1660, 120, 300, 20, 530, 120, 10250, 120, 10250, 1660, 1660, 10250, 1660, 10250, 1660, 10250, 120, 120, 330, 30, 330, 30, 30, 330, 30, 330, 30, 330, 420, 420, 460, 420, 420, 1990, 420, 260, 0, 0, 0, 260, 260, 260, 0, 260, 0, 360, 360, 360, 360, 360, 80, 100, 0, 70, 100, 0, 70, 70, 70, 80, 100, 80, 0, 100, 70, 0, 80, 100, 0, 80, 70, 160, 10, 160, 10, 160, 160, 160, 10, 10, 2350, 10, 1110, 180, 180, 1110, 1110, 1110, 60, 670, 670, 180, 1110, 670, 670, 670, 180, 180, 150, 150, 150, 150, 150, 280, 20, 150, 20, 50, 150, 280, 150, 280, 280, 50, 150, 20, 50, 150, 20, 50, 20, 50, 280, 5850, 680, 300, 80, 680, 10, 680, 10, 680, 680, 10, 10, 10, 120, 120, 120, 120, 120, 260, 260, 120, 260, 120, 120, 120, 120, 260, 260, 920, 260, 260, 410, 410, 410, 410, 260, 260, 410, 120, 260, 90, 90, 250, 250, 1080, 1610, 1080, 90, 90, 250, 1080, 1080, 1610, 90, 1610, 250, 3890, 1610, 250, 1610, 1080, 2720, 170, 3580, 30, 2720, 350, 3580, 30, 2720, 120, 350, 350, 170, 2720, 3580, 350, 30, 30, 2720, 3580, 170, 170, 30, 170, 3580, 350, 1250, 60, 60, 250, 60, 1250, 60, 250, 1250, 250, 1250, 250, 1250, 250, 60, 1520, 1520, 80, 10, 1520, 10, 80, 10, 10, 80, 10, 10, 1520, 30, 1520, 80, 30, 10, 30, 30, 10, 30, 10, 80, 10, 170, 1370, 30, 30, 30, 170, 170, 30, 170, 30, 1370, 170, 190, 190, 30, 200, 30, 200, 190, 30, 200, 30, 200, 190, 30, 190, 100, 120, 4680, 0, 1540, 0, 0, 1540, 4680, 1540, 4680, 1540, 0, 4680, 1540, 0, 4680, 1000, 20, 60, 160, 230, 60, 240, 1000, 230, 1000, 240, 230, 60, 60, 240, 230, 240, 240, 230, 60, 1000, 1000, 110, 20, 20, 110, 110, 20, 110, 280, 280, 20, 280, 110, 20, 280, 280, 320, 80, 80, 80, 80, 80, 20, 430, 0, 2430, 430, 0, 430, 0, 20, 0, 20, 0, 30, 20, 430, 430, 20, 20, 20, 20, 20, 20, 300, 21850, 21850, 810, 16440, 21850, 21850, 21850, 250, 220, 220, 2510, 250, 220, 250, 220, 250, 220, 1850, 250, 1700, 70, 70, 690, 690, 90, 20, 690, 690, 90, 90, 70, 1700, 1700, 20, 1700, 690, 70, 20, 20, 90, 20, 1700, 90, 70, 340, 10, 10, 10, 230, 9740, 60, 10, 10, 10, 10, 770, 770, 120, 770, 770, 770, 10, 10, 10, 280, 280, 280, 280, 280, 50, 50, 50, 50, 50, 30, 30, 3000, 300, 30, 30, 1620, 1620, 3000, 300, 1620, 3000, 300, 20, 20, 50, 300, 50, 30, 50, 1620, 3000, 300, 20, 50, 1620, 50, 20, 3000, 20, 240, 6380, 6380, 240, 240, 6380, 240, 6380, 240, 6380, 150, 150, 80, 80, 150, 80, 150, 150, 80, 80, 10, 50, 9650, 50, 840, 10, 50, 10, 9650, 50, 10, 9650, 50, 9650, 9650, 10, 100, 100, 120, 100, 120, 100, 1460, 1460, 100, 120, 120, 120, 1460, 1460, 1460, 60, 60, 240, 440, 240, 50, 440, 440, 360, 440, 360, 440, 60, 60, 240, 360, 360, 60, 240, 360, 1680, 1680, 1680, 100, 100, 200, 100, 1680, 200, 200, 1680, 200, 100, 200, 100, 1100, 1230, 4720, 60, 60, 4720, 0, 0, 60, 4720, 4720, 4720, 0, 60, 0, 60, 0, 40, 130, 40, 130, 110, 110, 40, 440, 130, 110, 40, 130, 110, 40, 110, 130, 560, 560, 560, 40, 40, 40, 40, 310, 310, 560, 40, 310, 560, 310, 310, 20, 1860, 1860, 1860, 0, 0, 20, 20, 0, 20, 1860, 0, 20, 1860, 0, 1080, 1080, 1500, 1080, 1080, 1080, 50, 80, 1680, 3930, 80, 11790, 80, 11790, 3930, 11790, 11790, 1680, 50, 1680, 80, 3930, 50, 1680, 3930, 3930, 11790, 80, 1680, 50, 50, 30, 140, 140, 30, 140, 30, 140, 30, 30, 3000, 140, 430, 60, 2350, 430, 40, 2350, 120, 430, 90, 430, 430, 90, 40, 2350, 770, 40, 2350, 40, 2350, 40, 9970, 9970, 9970, 9970, 9970, 110, 1080, 2120, 250, 250, 110, 2120, 2120, 250, 2120, 110, 2120, 250, 110, 110, 250, 40, 4380, 15870, 40, 20, 1410, 4380, 40, 15870, 20, 40, 1870, 4380, 1870, 4380, 1410, 15870, 20, 1870, 40, 4380, 1410, 15870, 20, 1870, 20, 1870, 1410, 15870, 1410, 40, 440, 140, 30, 440, 3390, 70, 70, 3390, 3390, 3390, 70, 70, 3390, 70, 20, 1940, 20, 800, 800, 30, 30, 2220, 30, 2220, 20, 30, 2220, 800, 30, 20, 2220, 800, 1940, 2220, 20, 800, 330, 1560, 2770, 570, 330, 2770, 570, 2770, 570, 2770, 1560, 330, 330, 570, 570, 330, 2770, 1070, 1070, 10, 1070, 1070, 170, 1070, 3380, 800, 2390, 150, 800, 290, 150, 290, 2540, 160, 290, 3380, 2390, 3380, 290, 2540, 160, 800, 2540, 160, 150, 3380, 2390, 800, 2540, 160, 150, 3380, 2390, 160, 290, 2540, 800, 2390, 150, 820, 20, 30, 210, 30, 30, 210, 210, 30, 210, 30, 20, 210, 750, 300, 300, 750, 300, 300, 300, 660, 660, 660, 660, 660, 4020, 960, 30, 960, 30, 4020, 960, 4020, 30, 4020, 960, 30, 4020, 960, 30, 330, 330, 330, 330, 330, 12690, 70, 3510, 70, 430, 3510, 430, 70, 3510, 430, 40, 3510, 430, 40, 430, 40, 70, 0, 70, 40, 3510, 40, 40, 40, 40, 40, 40, 7820, 160, 740, 680, 450, 450, 740, 680, 740, 450, 680, 740, 450, 680, 740, 450, 10, 10, 320, 1020, 510, 10, 1020, 320, 510, 1020, 510, 510, 10, 1020, 10, 320, 1020, 320, 510, 320, 9490, 120, 120, 260, 120, 120, 120, 260, 40, 3100, 3100, 31770, 40, 3100, 40, 3100, 40, 40, 3100, 80, 2540, 2540, 80, 320, 320, 2540, 80, 80, 2540, 320, 320, 80, 2540, 320, 200, 50, 750, 750, 200, 750, 50, 200, 10, 200, 10, 10, 200, 10, 750, 50, 50, 10, 750, 50, 390, 60, 390, 60, 390, 60, 390, 60, 390, 60, 40, 40, 40, 120, 40, 1610, 40, 1610, 1610, 1610, 0, 690, 20, 690, 0, 0, 0, 20, 690, 20, 690, 20, 690, 20, 2370, 0, 200, 450, 2790, 2790, 200, 3640, 3640, 200, 2790, 3640, 2790, 200, 2790, 200, 3640, 560, 3640, 1510, 2340, 3510, 170, 1600, 1000, 1000, 1420, 170, 1420, 1420, 3510, 1510, 170, 1600, 1000, 1510, 1600, 1000, 3510, 1510, 170, 1600, 3510, 1510, 170, 1600, 1000, 1420, 1420, 3510, 9490, 80, 1280, 9970, 1280, 3650, 110, 110, 3650, 3650, 340, 110, 1280, 3650, 340, 110, 1280, 3650, 340, 340, 110, 340, 1280, 50, 310, 80, 2870, 2700, 2870, 80, 80, 50, 50, 2700, 80, 50, 2870, 2700, 50, 80, 2870, 310, 2870, 2700, 2700, 20, 430, 40, 3770, 680, 8190, 30, 680, 40, 30, 30, 3770, 80, 750, 20, 80, 5860, 5860, 680, 20, 80, 5860, 30, 20, 3770, 40, 80, 5860, 40, 3770, 680, 30, 20, 430, 5860, 3770, 40, 680, 80, 300, 700, 220, 300, 300, 700, 220, 300, 700, 220, 220, 220, 700, 700, 300, 2210, 260, 90, 2210, 230, 230, 90, 2210, 2210, 260, 90, 90, 90, 260, 230, 260, 2210, 90, 260, 90, 90, 230, 90, 230, 90, 150, 150, 3390, 130, 3390, 1140, 270, 3390, 1140, 270, 3390, 150, 130, 130, 3390, 150, 270, 1140, 270, 1140, 270, 1140, 130, 130, 150, 130, 20, 820, 100, 10, 60, 310, 40, 310, 320, 310, 60, 60, 320, 130, 40, 130, 80, 80, 320, 310, 130, 310, 320, 80, 100, 40, 60, 80, 100, 40, 60, 80, 100, 100, 130, 40, 10, 120, 450, 10, 120, 450, 10, 120, 450, 10, 450, 20, 120, 120, 450, 10, 70, 100, 100, 130, 100, 100, 90, 70, 130, 100, 90, 2870, 80, 2870, 2870, 90, 170, 8480, 20, 8480, 11080, 11080, 90, 2870, 8480, 170, 20, 11080, 11080, 90, 8480, 90, 8480, 170, 20, 11080, 2870, 20, 170, 20, 170, 120, 200, 3820, 80, 200, 6900, 120, 6900, 80, 80, 3820, 6900, 120, 200, 120, 3820, 6900, 200, 6900, 80, 3820, 3820, 80, 200, 50, 120, 21450, 21450, 80, 21450, 80, 110, 50, 4640, 80, 110, 4640, 21450, 4640, 110, 50, 110, 50, 4640, 80, 120, 110, 50, 4640, 120, 80, 120, 21450, 120, 360, 3220, 4910, 360, 3220, 30, 4910, 3220, 30, 4910, 3220, 30, 1200, 30, 3220, 360, 4910, 360, 4910, 10, 360, 30, 3510, 4120, 350, 160, 4400, 4400, 350, 9390, 4120, 9390, 350, 9390, 4400, 9390, 4400, 9390, 3510, 350, 4400, 4120, 4120, 4120, 350, 30, 1430, 120, 1030, 60, 30, 1430, 1030, 4290, 1430, 1030, 1430, 1030, 30, 4290, 1430, 1030, 4290, 4290, 30, 4290, 30, 20, 20, 70, 770, 770, 70, 430, 770, 70, 20, 20, 70, 770, 70, 1600, 770, 1600, 430, 1600, 20, 1600, 10, 230, 3640, 10, 10, 230, 280, 220, 220, 240, 10, 230, 10, 280, 220, 240, 230, 230, 280, 220, 220, 280, 240, 240, 240, 280, 3560, 22860, 20, 540, 3560, 250, 50, 250, 22860, 540, 22860, 3560, 250, 50, 540, 3560, 22860, 250, 50, 540, 3560, 22860, 250, 50, 200, 50, 540, 15870, 10, 240, 10, 10, 10, 240, 240, 15870, 10, 240, 240, 15870, 10, 10, 15870, 10, 10, 15870, 10, 0, 60, 60, 250, 140, 60, 6030, 140, 60, 6030, 140, 6030, 140, 140, 6030, 60, 6030, 40, 8090, 5860, 1090, 10, 80, 8090, 100, 80, 830, 100, 1090, 80, 100, 830, 10, 80, 830, 1090, 5860, 8090, 10, 5860, 100, 8090, 10, 5860, 100, 830, 1090, 10, 5860, 80, 830, 1090, 8090, 30, 2930, 1420, 4610, 0, 320, 100, 100, 320, 4610, 100, 100, 30, 320, 30, 4610, 320, 100, 4610, 30, 1420, 0, 0, 4610, 0, 320, 30, 0, 30, 1600, 340, 220, 10, 150, 220, 150, 30, 220, 150, 30, 10, 220, 150, 30, 220, 150, 30, 30, 1210, 1210, 1210, 1210, 1210, 650, 980, 980, 980, 650, 980, 650, 650, 650, 980, 430, 120, 390, 2390, 2390, 390, 2390, 390, 120, 2390, 390, 2390, 390, 120, 120, 120, 30, 170, 100, 0, 170, 0, 4220, 4220, 4220, 100, 0, 100, 0, 30, 30, 170, 30, 100, 4220, 100, 0, 170, 170, 30, 4220, 2260, 2260, 240, 2260, 2260, 2260, 130, 2690, 2690, 2690, 5200, 130, 5200, 130, 130, 2690, 2690, 5200, 130, 5200, 5200, 110, 250, 0, 1350, 250, 250, 880, 110, 1350, 250, 1270, 880, 1270, 250, 0, 110, 110, 1350, 250, 250, 1270, 110, 250, 250, 1270, 1350, 250, 1270, 0, 1350, 0, 0, 880, 880, 880, 10, 10880, 1270, 10, 1270, 290, 10, 10880, 1680, 1270, 1270, 10880, 1270, 10, 10880, 1000, 10, 10880, 1000, 11020, 11020, 11020, 11020, 11020, 570, 80880, 100, 790, 100, 80, 790, 1900, 100, 100, 1900, 1900, 80, 790, 1900, 80, 790, 80, 790, 80880, 1900, 80, 100, 1900, 40, 150, 150, 150, 150, 150, 300, 300, 3240, 20, 140, 300, 140, 20, 20, 140, 20, 300, 140, 300, 140, 680, 1890, 30, 30, 1890, 30, 30, 30, 680, 860, 1320, 1320, 2260, 220, 200, 1320, 200, 200, 200, 1320, 200, 1320, 60, 50, 8190, 390, 1910, 1910, 90, 90, 1860, 1860, 90, 390, 90, 390, 500, 90, 8190, 1910, 1860, 390, 1910, 1860, 1910, 1860, 40, 34130, 60, 40, 990, 40, 660, 5200, 5200, 5200, 990, 5200, 34130, 10, 990, 990, 20, 10, 10, 10, 40, 10, 990, 60, 5200, 40, 520, 7630, 10, 10, 10, 10, 520, 520, 520, 520, 7630, 10, 7630, 7630, 7630, 7610, 140, 90, 7610, 0, 3330, 140, 3330, 140, 90, 7610, 0, 3330, 3330, 140, 90, 7610, 3330, 140, 90, 7610, 0, 0, 80, 90, 0, 180, 4730, 11780, 10, 160, 160, 160, 180, 11780, 10, 160, 180, 11780, 10, 10, 160, 160, 180, 11780, 10, 160, 160, 180, 11780, 150, 160, 160, 1180, 1230, 1180, 1180, 1180, 1230, 1180, 100, 1230, 100, 100, 1230, 100, 100, 1230, 7630, 3700, 560, 7630, 7630, 7630, 1430, 100, 60, 60, 560, 1430, 1430, 60, 1430, 7630, 1430, 3700, 60, 60, 560, 560, 560, 670, 2310, 80, 710, 100, 100, 100, 2310, 80, 100, 80, 80, 80, 100, 5200, 3320, 3320, 3320, 3320, 3320, 200, 170, 4290, 4290, 1060, 90, 1060, 4290, 200, 170, 90, 170, 4290, 1060, 1060, 90, 200, 170, 90, 1060, 90, 200, 200, 170, 4290, 2480, 4420, 110, 2480, 2480, 450, 450, 450, 450, 2480, 2480, 4420, 450, 1490, 280, 1310, 1560, 2880, 30, 280, 1490, 1560, 280, 1490, 30, 30, 280, 1490, 1560, 1310, 280, 1490, 30, 1320, 1310, 1560, 1310, 2880, 1560, 1310, 30, 70, 1370, 560, 350, 1530, 350, 560, 350, 560, 560, 1530, 350, 560, 1370, 1530, 1370, 1530, 1530, 1370, 1370, 350, 540, 1510, 100, 1300, 540, 80, 540, 100, 540, 1300, 3170, 1830, 1510, 1510, 80, 1830, 1300, 3170, 1510, 80, 540, 1830, 1300, 3170, 100, 1510, 3170, 80, 1830, 100, 1830, 1300, 10, 100, 80, 3170, 10, 520, 320, 110, 1620, 10, 1620, 110, 520, 320, 320, 1620, 1620, 110, 10, 10, 10, 1120, 110, 520, 1120, 1120, 10, 10, 110, 520, 320, 10, 10, 1620, 1120, 520, 320, 2290, 10, 3270, 510, 11750, 530, 180, 1180, 60, 3270, 3270, 180, 290, 180, 530, 3270, 180, 530, 3270, 11750, 290, 530, 11750, 290, 290, 11750, 11750, 290, 510, 180, 530, 440, 770, 0, 2100, 0, 770, 0, 2100, 0, 2100, 0, 2100, 3980, 2100, 770, 3980, 3980, 770, 3980, 770, 3980, 10, 8670, 350, 8670, 10, 350, 10, 8670, 8670, 10, 8670, 10, 350, 350, 350, 3930, 3540, 90, 770, 390, 90, 20, 3540, 90, 20, 20, 390, 3540, 90, 770, 3930, 770, 3930, 20, 20, 770, 3930, 390, 770, 3930, 390, 90, 390, 3540, 3540, 2020, 180, 2340, 380, 180, 180, 2020, 180, 380, 2020, 380, 4640, 4150, 2020, 380, 2020, 180, 380, 60, 20, 63000, 3540, 3540, 20, 20, 3540, 63000, 20, 3540, 60, 63000, 60, 9490, 63000, 60, 63000, 20, 60, 3540, 60, 30, 30, 60, 60, 10, 60, 10, 30, 10, 30, 30, 10, 60, 10, 10, 1620, 2430, 2430, 5540, 60, 5540, 60, 2430, 60, 5540, 60, 5540, 2430, 5540, 2430, 60, 100, 140, 70, 40, 190, 40, 190, 720, 70, 40, 70, 190, 70, 190, 720, 100, 70, 40, 720, 720, 190, 720, 40, 6030, 2100, 560, 2100, 480, 480, 6030, 2100, 480, 6030, 2100, 560, 480, 480, 6030, 2100, 560, 6030, 560, 60, 400, 230, 60, 14430, 630, 300, 230, 60, 400, 630, 14430, 400, 60, 300, 280, 230, 14430, 400, 630, 230, 60, 14430, 300, 400, 630, 14430, 630, 230, 300, 300, 40, 30, 40, 40, 40, 220, 30, 40, 220, 220, 220, 40, 40, 30, 220, 30, 40, 40, 30, 40, 8900, 420, 30, 40, 1750, 420, 340, 6020, 40, 2540, 40, 30, 8900, 8900, 1750, 420, 2540, 40, 30, 2540, 420, 1750, 30, 40, 420, 340, 2540, 8900, 1750, 2540, 8900, 1750, 30, 110, 200, 110, 150, 1250, 50, 300, 50, 200, 300, 1250, 300, 300, 10, 200, 4430, 50, 110, 1250, 150, 10, 2530, 4430, 150, 110, 1250, 150, 10, 2530, 300, 50, 1250, 4430, 150, 10, 2530, 110, 10, 2530, 50, 2530, 4430, 200, 4430, 200, 130, 1870, 11750, 1870, 310, 310, 11130, 11130, 130, 310, 1870, 11750, 310, 11130, 310, 1870, 11750, 130, 1870, 11130, 11750, 130, 130, 190, 11750, 11130, 180, 180, 470, 110, 60, 470, 540, 0, 1900, 9120, 120, 60, 470, 830, 830, 130, 130, 130, 130, 120, 60, 120, 9120, 110, 120, 60, 470, 110, 120, 60, 470, 110, 830, 110, 130, 830, 0, 540, 830, 410, 760, 1180, 260, 1220, 8090, 0, 130, 4120, 5760, 130, 9490, 760, 3940, 410, 1180, 410, 9490, 760, 10, 410, 9490, 8090, 1180, 130, 1180, 260, 9490, 3940, 8090, 0, 260, 3940, 8090, 1180, 410, 260, 9490, 10, 130, 0, 3940, 8090, 130, 0, 260, 0, 3940, 760, 760, 130, 20, 330, 2310, 330, 330, 20, 2310, 20, 20, 2310, 330, 20, 2310, 330, 2310, 770, 970, 3460, 210, 320, 210, 3460, 60, 210, 970, 3460, 970, 60, 60, 970, 3460, 210, 60, 970, 3460, 210, 60, 20, 930, 250, 250, 20, 510, 530, 9970, 20, 20, 2300, 20, 530, 530, 9970, 530, 510, 20, 250, 20, 20, 510, 9970, 530, 250, 20, 2300, 20, 510, 9970, 930, 9970, 510, 250, 930, 930, 930, 1540, 10, 1540, 10, 1540, 40, 120, 90, 120, 40, 200, 200, 90, 40, 10, 1540, 120, 10, 90, 90, 120, 10, 90, 1540, 40, 120, 200, 40, 200, 200, 30, 120, 90, 5300, 90, 90, 3400, 210, 3400, 90, 30, 3400, 30, 30, 3400, 90, 30, 3400, 90, 40, 1670, 40, 1670, 90, 1670, 90, 70, 20, 40, 40, 70, 1670, 90, 70, 90, 1670, 40, 70, 20, 70, 0, 40, 2430, 70, 40, 330, 6280, 330, 70, 330, 40, 70, 2950, 70, 70, 330, 2950, 0, 40, 330, 2950, 0, 40, 2950, 2950, 0, 6280, 6280, 0, 6280, 6280, 710, 1460, 700, 1460, 700, 700, 1460, 700, 1460, 700, 1460, 1270, 220, 450, 450, 25110, 450, 25110, 450, 25110, 450, 25110, 25110, 180, 330, 2200, 5860, 170, 330, 9400, 9400, 330, 220, 220, 1040, 220, 9400, 220, 5860, 170, 220, 180, 5860, 170, 9400, 9400, 5860, 170, 5860, 170, 330, 330, 21880, 550, 2100, 10, 10, 20, 20, 2100, 2000, 2100, 0, 20, 10, 550, 2000, 20, 2100, 20, 10, 2100, 2000, 2000, 0, 10, 2000, 550, 550, 10, 550, 130, 2580, 10, 21850, 130, 21850, 2580, 30, 30, 21850, 2580, 30, 430, 430, 110, 430, 21850, 2580, 430, 21850, 2580, 10, 130, 30, 430, 130, 30, 130, 210, 290, 650, 240, 2820, 290, 650, 290, 650, 290, 650, 210, 290, 650, 40, 60, 2940, 13010, 13010, 40, 2940, 80880, 13010, 40, 2940, 13010, 40, 60, 13010, 2940, 40, 2940, 1180, 30, 100, 100, 2560, 920, 9400, 30, 1180, 4120, 4050, 100, 100, 1180, 60, 2560, 920, 100, 60, 2560, 4050, 100, 60, 100, 1180, 2560, 4050, 920, 100, 60, 100, 4120, 2560, 4050, 60, 920, 100, 1180, 920, 4050, 10, 40, 100, 40, 100, 40, 100, 40, 10, 10, 10, 10, 100, 40, 100, 430, 10, 10, 10, 10, 10, 310, 1150, 10, 1150, 10, 1150, 870, 870, 870, 10, 1150, 10, 870, 10, 870, 280, 280, 150, 280, 480, 480, 280, 480, 280, 480, 60, 1050, 3640, 90, 41960, 1370, 1050, 60, 1050, 150, 41960, 60, 1050, 10220, 1370, 150, 60, 41960, 90, 3640, 150, 3640, 650, 10220, 60, 1370, 1050, 41960, 90, 1370, 10220, 3640, 150, 41960, 90, 1370, 10220, 3640, 90, 10220, 150, 460, 440, 30, 20, 30, 30, 30, 30, 440, 220, 14430, 370, 220, 220, 3740, 3740, 220, 370, 220, 370, 14430, 14430, 70, 14430, 370, 14430, 3740, 3740, 370, 3740, 220, 2020, 30, 5570, 1350, 220, 640, 640, 220, 640, 640, 100, 30, 2020, 100, 5570, 2020, 100, 30, 2020, 100, 220, 30, 640, 2020, 100, 220, 5570, 30, 5570, 5570, 160, 10, 10, 10, 10, 10, 160, 10, 110, 660, 110, 430, 80, 420, 430, 8300, 950, 80, 420, 8300, 950, 8300, 950, 1150, 8300, 430, 430, 420, 1150, 430, 1150, 420, 80, 10, 1150, 10, 80, 1150, 660, 110, 110, 420, 10, 110, 8300, 110, 80, 110, 10, 950, 950, 2120, 1150, 160, 100, 160, 160, 1920, 160, 1920, 160, 160, 1150, 160, 160, 160, 1920, 1150, 160, 1920, 1920, 1150, 100, 1150, 560, 19360, 10540, 4520, 20, 830, 20, 560, 40, 19360, 10540, 830, 20, 560, 140, 20, 560, 19360, 10540, 830, 20, 560, 19360, 10540, 830, 830, 19360, 10540, 40, 1290, 410, 60, 410, 2420, 60, 10, 410, 60, 60, 1290, 1290, 410, 60, 1290, 1290, 410, 2290, 170, 150, 7680, 100, 90, 770, 170, 170, 770, 90, 190, 1150, 150, 170, 7680, 1150, 190, 150, 770, 170, 2290, 1150, 190, 7680, 770, 770, 2410, 2290, 100, 1150, 7680, 190, 90, 150, 1150, 2410, 2290, 2410, 90, 150, 90, 2410, 2290, 190, 7680, 2410, 210, 1160, 0, 2120, 3600, 15390, 200, 330, 3600, 180, 210, 15390, 2120, 180, 3600, 15390, 2120, 15390, 2120, 180, 3600, 210, 0, 15390, 2120, 180, 180, 3600, 210, 210, 90, 4400, 20, 2910, 2910, 90, 2910, 2910, 9090, 20, 9090, 20, 90, 170, 170, 9090, 20, 170, 90, 9090, 20, 170, 9090, 90, 2910, 40, 330, 1750, 330, 1750, 330, 160, 40, 160, 1900, 40, 160, 1750, 160, 40, 330, 1900, 1750, 40, 160, 330, 1900, 1900, 1900, 1750, 10530, 10530, 1050, 10530, 1050, 1050, 10, 10530, 1050, 10530, 1050, 450, 430, 200, 450, 450, 3460, 110, 450, 110, 3460, 3460, 110, 450, 3460, 110, 110, 3460, 430, 310, 50, 240, 550, 1260, 480, 10, 240, 50, 10, 140, 50, 1490, 50, 310, 10, 1260, 480, 140, 140, 50, 10, 10, 140, 140, 50, 1490, 1260, 310, 480, 240, 1260, 310, 480, 240, 1490, 1260, 310, 480, 1490, 1490, 240, 480, 80, 80, 80, 480, 80, 80, 80, 80, 480, 80, 480, 480, 80, 80, 110, 280, 0, 60, 710, 40, 550, 110, 550, 280, 10, 60, 550, 60, 280, 110, 40, 110, 550, 10, 280, 710, 60, 10, 710, 40, 110, 280, 10, 710, 40, 0, 40, 710, 10, 550, 60, 20, 310, 2440, 310, 310, 310, 2440, 3740, 310, 50, 10, 280, 0, 0, 100, 690, 50, 690, 60, 2940, 0, 50, 10, 2940, 60, 2940, 2940, 690, 240, 690, 60, 300, 100, 300, 1650, 2940, 60, 60, 0, 1650, 690, 240, 10, 240, 10, 100, 50, 240, 280, 1650, 100, 1650, 240, 100, 300, 1650, 300, 50, 300, 10, 0, 60, 340, 280, 660, 6760, 3930, 340, 660, 20, 180, 20, 550, 340, 660, 20, 280, 3930, 550, 550, 180, 280, 340, 550, 180, 280, 3930, 20, 550, 180, 280, 3930, 3930, 20, 180, 660, 660, 20, 1900, 70, 300, 0, 0, 1980, 300, 70, 20, 7220, 300, 7220, 20, 1900, 1980, 1900, 70, 0, 0, 7220, 20, 1980, 1900, 300, 20, 20, 1980, 1900, 300, 70, 0, 20, 1980, 7220, 70, 0, 7220, 3730, 200, 1870, 3730, 1870, 200, 200, 3730, 1870, 1870, 200, 3730, 1870, 200, 3730, 4120, 80, 20, 60, 10, 2860, 20, 580, 430, 80, 20, 80, 80, 80, 60, 20, 60, 60, 2860, 580, 580, 60, 580, 20, 580, 580, 580, 430, 150, 40, 270, 270, 270, 30, 150, 30, 270, 150, 30, 40, 30, 270, 150, 30, 150, 1410, 120, 880, 15390, 90, 1430, 880, 1410, 1410, 15390, 120, 15390, 880, 120, 1430, 1410, 90, 880, 120, 1430, 1430, 90, 120, 90, 880, 1430, 120, 15390, 1410, 90, 15390, 1650, 30, 10, 10, 80, 80, 10, 70, 70, 540, 10, 110, 10, 110, 1650, 80, 10, 10, 80, 10, 110, 70, 1650, 70, 110, 1650, 80, 10, 70, 10, 110, 1650, 5880, 1990, 1990, 1990, 5880, 5880, 5880, 1990, 1990, 5880, 3240, 690, 100, 3240, 420, 750, 420, 420, 3240, 3240, 420, 3240, 420, 14860, 2340, 0, 440, 90, 790, 0, 430, 9510, 8340, 14860, 8340, 14860, 790, 430, 8340, 87320, 790, 9510, 9510, 8340, 87320, 14860, 790, 0, 14860, 440, 430, 8340, 87320, 0, 430, 0, 430, 9510, 87320, 9510, 790, 87320, 2570, 810, 170, 3510, 170, 810, 170, 810, 170, 2570, 3510, 810, 2570, 3510, 810, 170, 2570, 3510, 2570, 3510, 8670, 30, 1020, 3320, 1020, 20, 1020, 20, 20, 1010, 20, 680, 30, 680, 3320, 680, 3320, 30, 1020, 680, 8670, 3320, 30, 8670, 3320, 30, 680, 1010, 1020, 8670, 8670, 20, 430, 580, 50, 580, 50, 580, 50, 580, 430, 580, 50, 50, 230, 980, 20, 10, 2400, 980, 10, 2400, 230, 10, 980, 10, 230, 20, 980, 10, 230, 2400, 980, 10, 2400, 230, 30, 1430, 1530, 1600, 1760, 30, 1600, 30, 1430, 50, 50, 1600, 1530, 1600, 1530, 1430, 30, 50, 1530, 1760, 50, 1760, 1530, 1760, 50, 1600, 1760, 1430, 30, 1430, 2120, 0, 2120, 0, 0, 2120, 2120, 0, 0, 2120, 110, 130, 30, 1220, 140, 140, 20, 20, 15390, 110, 110, 15390, 130, 130, 3060, 15390, 140, 15390, 1220, 20, 3060, 140, 110, 1220, 30, 140, 1220, 20, 3060, 130, 1220, 15390, 20, 3060, 130, 110, 3060, 140, 400, 60, 10, 140, 400, 100, 580, 1610, 400, 1610, 60, 140, 140, 400, 1610, 60, 400, 100, 1610, 60, 140, 10, 10, 10, 10, 60, 1610, 50, 230, 190, 50, 420, 420, 50, 230, 420, 2390, 230, 190, 230, 190, 420, 2390, 190, 420, 2390, 190, 2390, 50, 2390, 230, 50, 180, 1940, 110, 20, 0, 180, 30, 0, 20, 2120, 0, 2120, 130, 180, 130, 110, 20, 20, 2120, 0, 110, 180, 110, 20, 130, 110, 130, 2120, 0, 2120, 180, 2460, 110, 1020, 280, 460, 1350, 20, 110, 280, 1350, 110, 110, 2460, 1020, 280, 1350, 2460, 2460, 1020, 280, 1350, 1350, 110, 2460, 1020, 280, 1020, 50, 11930, 410, 100, 660, 150, 660, 410, 3020, 870, 660, 410, 660, 410, 100, 660, 410, 20, 3020, 3020, 100, 11930, 3020, 100, 3020, 11930, 11930, 100, 11930, 1220, 6200, 13290, 180, 20, 90, 20, 180, 180, 1150, 180, 180, 90, 90, 13290, 20, 6200, 13290, 13290, 20, 90, 13290, 20, 90, 4070, 30, 120, 4070, 610, 2050, 16270, 120, 4070, 230, 120, 4070, 30, 230, 120, 230, 230, 120, 4070, 230, 190, 190, 3140, 26780, 60, 530, 440, 3690, 190, 440, 3690, 3690, 440, 190, 440, 530, 190, 3140, 3690, 60, 530, 530, 3690, 440, 530, 50, 120, 20, 50, 30, 2800, 4420, 1260, 20, 1260, 1260, 1260, 20, 1260, 2800, 4420, 50, 30, 2800, 4420, 50, 30, 2800, 4420, 30, 20, 30, 2800, 4420, 50, 20, 520, 2890, 180, 3980, 520, 520, 240, 520, 2890, 180, 3980, 2890, 180, 520, 2890, 180, 2890, 180, 3980, 3980, 3980, 1020, 3290, 630, 3290, 370, 1020, 3290, 630, 1020, 370, 1020, 630, 630, 1020, 3290, 630, 370, 3290, 370, 370, 900, 4990, 10, 10, 4990, 900, 900, 10, 4990, 900, 5790, 4990, 900, 5790, 5790, 4990, 5790, 10, 5790, 10, 60, 60, 130, 60, 30, 80, 320, 10, 10, 130, 60, 520, 120, 80, 10, 60, 30, 130, 10, 30, 130, 1580, 10, 30, 130, 30, 320, 520, 80, 520, 80, 520, 520, 80, 9400, 130, 100, 220, 10, 10, 1700, 1700, 1460, 1460, 100, 9400, 130, 130, 100, 150, 1460, 9400, 10, 1460, 130, 1700, 9400, 10, 1460, 130, 1700, 100, 100, 10, 1700, 9400, 20, 2700, 430, 5030, 6210, 6210, 430, 20, 430, 6210, 20, 5030, 430, 2700, 5030, 2700, 6210, 5030, 20, 2700, 430, 5030, 20, 2700, 4480, 20, 20, 20, 20, 20, 130, 180, 20, 1990, 190, 180, 20, 80, 190, 20, 80, 2980, 20, 20, 180, 8260, 180, 2980, 190, 8260, 80, 2980, 110, 180, 9970, 20, 190, 2980, 110, 20, 80, 8260, 110, 20, 20, 2980, 8260, 110, 8260, 20, 110, 80, 190, 70, 70, 100, 100, 7050, 1350, 70, 70, 70, 100, 100, 2220, 100, 140, 20, 290, 290, 2430, 710, 190, 190, 710, 530, 710, 530, 2430, 1060, 2430, 290, 190, 530, 1060, 140, 290, 710, 190, 530, 1060, 290, 20, 710, 140, 190, 530, 1060, 140, 2430, 1060, 2430, 140, 990, 20, 130, 3380, 130, 130, 990, 130, 620, 20, 620, 990, 20, 3380, 990, 20, 3380, 620, 130, 3380, 990, 1400, 20, 620, 3380, 620, 1900, 2660, 2660, 2660, 2660, 2660, 800, 850, 470, 850, 470, 800, 20, 20, 470, 850, 20, 800, 130, 850, 20, 470, 800, 850, 20, 470, 800, 310, 310, 2210, 2290, 30, 9970, 360, 1020, 2060, 770, 920, 10, 770, 8730, 2210, 10, 310, 10, 0, 8730, 2210, 10, 30, 1020, 8730, 310, 360, 9970, 920, 10, 8730, 2290, 1020, 30, 8730, 2290, 1020, 360, 770, 0, 2060, 920, 2210, 2290, 1020, 360, 770, 0, 30, 2060, 920, 2290, 360, 0, 2210, 9970, 2060, 920, 290, 30, 9970, 9970, 310, 2060, 770, 0, 210, 2510, 210, 60, 2000, 280, 60, 20, 210, 60, 20, 20, 130, 60, 15450, 20, 20, 60, 210, 210, 60, 30, 80, 60, 80, 140, 630, 40, 140, 630, 630, 4270, 140, 60, 80, 630, 40, 140, 30, 60, 80, 630, 60, 80, 140, 930, 1090, 2860, 1790, 13660, 930, 180, 20, 1790, 7200, 180, 7200, 7200, 7200, 1260, 2440, 1260, 1500, 10540, 13660, 2440, 2860, 13660, 20, 20, 10540, 180, 1260, 1790, 30, 10540, 1790, 20, 2440, 2860, 10540, 13660, 1500, 180, 1790, 930, 2440, 2860, 20, 10540, 13660, 1500, 180, 1260, 2440, 2860, 1500, 1500, 3690, 1260, 930, 930, 7200, 3070, 4050, 20, 140, 50, 50, 140, 500, 1460, 140, 4050, 140, 50, 190, 4050, 4050, 4050, 50, 140, 50, 600, 8090, 1700, 3210, 70, 70, 70, 3210, 3210, 1700, 8090, 600, 1560, 720, 70, 1700, 3210, 8090, 600, 1700, 8090, 600, 70, 8090, 600, 3210, 1700, 40, 40, 500, 1110, 1190, 130, 1350, 640, 4480, 130, 40, 640, 170, 50, 50, 640, 4480, 170, 1110, 50, 50, 50, 4480, 170, 40, 1110, 640, 130, 40, 170, 130, 1110, 640, 1190, 500, 1110, 130, 500, 4480, 500, 500, 1350, 4480, 1300, 1450, 40, 190, 2510, 60, 10, 10, 10, 0, 60, 10, 60, 2580, 60, 10, 2510, 40, 60, 190, 40, 0, 190, 40, 0, 0, 190, 40, 190, 0, 200, 10, 90, 140, 30, 320, 200, 140, 90, 320, 30, 320, 200, 520, 140, 320, 90, 320, 140, 520, 12750, 140, 10, 12750, 30, 90, 30, 200, 520, 12750, 140, 10, 200, 520, 140, 12750, 30, 140, 10, 140, 10, 12750, 520, 140, 90, 2290, 130, 14950, 120, 210, 2900, 1320, 400, 210, 210, 1320, 2290, 130, 20, 400, 1320, 130, 20, 20, 2290, 130, 210, 2900, 400, 20, 2290, 1320, 120, 130, 210, 400, 20, 2290, 400, 1320, 80, 280, 80, 80, 1020, 80, 1020, 1020, 1020, 100, 40, 280, 280, 40, 100, 280, 40, 100, 40, 100, 100, 40, 280, 80, 1020, 60, 550, 3890, 120, 550, 120, 120, 120, 140, 120, 550, 140, 550, 60, 140, 60, 140, 120, 550, 60, 140, 120, 120, 60, 120, 120, 4220, 90, 10, 360, 40, 40, 360, 450, 40, 360, 450, 4220, 900, 40, 360, 4220, 80, 80, 80, 80, 900, 40, 360, 4220, 900, 450, 900, 80, 900, 4220, 450, 450, 10230, 190, 80, 90, 20, 4330, 60, 4330, 7970, 500, 50, 1510, 500, 1510, 50, 1510, 190, 10230, 500, 90, 7970, 20, 60, 190, 10230, 4330, 60, 2430, 4330, 20, 60, 50, 1510, 190, 90, 7970, 20, 60, 4330, 50, 1510, 190, 90, 7970, 90, 500, 50, 7970, 20, 10230, 10230, 500, 80, 20, 3080, 30, 240, 10, 3080, 80, 20, 240, 10, 3080, 240, 80, 10, 3080, 20, 30, 240, 10, 20, 80, 240, 10, 20, 80, 3080, 5570, 2510, 180, 4380, 10, 20, 1130, 10, 190, 4380, 80, 190, 110, 80, 10, 80, 190, 100, 180, 190, 1130, 1130, 180, 180, 100, 20, 10, 5570, 4380, 180, 80, 100, 20, 190, 10, 5570, 4380, 1130, 2510, 110, 20, 80, 100, 30, 20, 5570, 4380, 100, 5570, 1130, 220, 220, 6890, 1490, 5010, 1490, 220, 220, 5010, 410, 6670, 5010, 1490, 220, 5010, 5010, 1490, 1490, 800, 800, 80, 4070, 80, 10, 80, 130, 4070, 130, 800, 4070, 80, 800, 130, 4070, 80, 800, 130, 4070, 130, 80, 2130, 30, 170, 210, 1560, 30, 30, 10, 210, 1560, 1990, 70, 210, 1990, 210, 30, 210, 1560, 1990, 210, 1560, 350, 1560, 30, 350, 960, 70, 960, 210, 350, 30, 210, 1990, 10, 960, 70, 210, 350, 30, 210, 1990, 10, 2130, 350, 30, 70, 70, 10, 960, 30, 960, 10, 1540, 14060, 80, 3540, 20, 3540, 80, 14060, 80, 20, 80, 14060, 20, 3540, 80, 20, 14060, 20, 3540, 14060, 3540, 50, 1300, 2740, 420, 2740, 50, 130, 50, 80, 80, 50, 420, 80, 50, 420, 80, 420, 420, 80, 2740, 290, 2740, 2740, 160, 1490, 160, 1130, 1130, 1490, 1130, 1490, 1490, 1130, 160, 160, 1490, 1130, 160, 380, 1400, 70, 380, 1400, 380, 150, 1400, 1400, 380, 380, 150, 1400, 150, 150, 150, 120, 460, 230, 300, 230, 460, 300, 300, 460, 120, 300, 460, 120, 230, 460, 120, 300, 120, 230, 5540, 110, 700, 380, 4020, 4030, 380, 100, 4030, 4020, 700, 100, 110, 4020, 4030, 380, 700, 700, 100, 380, 110, 4020, 4030, 700, 100, 380, 110, 4020, 4030, 100, 110, 20, 40, 20, 230, 420, 10840, 1330, 10840, 40, 1330, 40, 20, 420, 1330, 10840, 40, 1330, 10840, 40, 230, 1330, 560, 20, 20, 420, 560, 20, 420, 20, 10840, 20, 420, 20, 560, 560, 20, 560, 250, 200, 1980, 610, 10, 4380, 30, 1000, 1980, 1980, 1000, 3400, 200, 1000, 1980, 1000, 10, 250, 3400, 1980, 1000, 3400, 250, 3400, 250, 250, 3400]"
2020-11-03 13:30:00+00:00,75680640,22,7043.0,"[900, 4120, 340, 900, 340, 900, 340, 900, 340, 340, 900, 2290, 10, 2290, 10, 10, 100, 2290, 2290, 10, 2290, 10, 20, 230, 740, 100, 5510, 140, 180, 180, 240, 20, 740, 740, 230, 410, 140, 100, 230, 410, 20, 180, 240, 230, 5510, 140, 100, 740, 5510, 240, 20, 410, 240, 410, 180, 240, 20, 230, 140, 100, 740, 410, 2500, 140, 100, 5510, 5510, 180, 10, 1610, 110, 4330, 2390, 110, 2390, 700, 910, 110, 10, 2390, 110, 110, 2390, 2390, 450, 700, 280, 700, 110, 1950, 10, 10, 10, 110, 10, 700, 10, 700, 700, 3370, 540, 3370, 3370, 3370, 540, 360, 360, 360, 360, 360, 90, 3370, 140, 10, 960, 10, 50, 50, 440, 440, 140, 440, 140, 960, 140, 50, 20, 440, 50, 960, 440, 50, 10, 960, 960, 10, 140, 10, 270, 450, 450, 450, 0, 0, 0, 5020, 450, 0, 0, 1330, 0, 450, 410, 410, 290, 5190, 11670, 480, 290, 410, 5190, 5190, 11670, 480, 11670, 480, 290, 410, 11670, 480, 290, 5190, 480, 11670, 5190, 410, 290, 920, 70, 920, 400, 400, 90, 400, 920, 400, 920, 70, 400, 920, 10, 5840, 960, 80, 5840, 210, 5840, 210, 80, 10, 10, 960, 960, 960, 10, 960, 5840, 210, 80, 210, 80, 210, 5840, 80, 10, 70, 3620, 5790, 40, 40, 3620, 70, 70, 5790, 5790, 30, 40, 70, 3620, 5790, 30, 3620, 30, 3620, 40, 40, 70, 30, 5790, 30, 60, 60, 60, 1120, 60, 1120, 1120, 1120, 1120, 60, 40, 70, 40, 10, 70, 10, 16020, 70, 60, 16020, 10, 40, 70, 10, 40, 16020, 70, 10, 40, 16020, 16020, 250, 60, 16330, 350, 180, 100, 100, 11760, 100, 250, 11760, 1300, 350, 350, 60, 16330, 490, 100, 350, 60, 11760, 250, 16330, 250, 16330, 350, 100, 60, 250, 60, 11760, 16330, 11760, 230, 1290, 760, 1290, 230, 5140, 5140, 1290, 990, 230, 5460, 10, 990, 990, 5140, 300, 5140, 990, 990, 990, 760, 300, 5140, 300, 990, 230, 1290, 10, 5460, 990, 300, 760, 1290, 5460, 990, 230, 990, 300, 760, 20, 760, 5460, 5460, 43190, 30, 110, 400, 400, 43190, 110, 43190, 400, 43190, 400, 43190, 400, 60, 570, 550, 0, 0, 290, 0, 60, 290, 240, 10, 60, 60, 10, 570, 570, 60, 10, 570, 550, 290, 60, 60, 10, 0, 60, 0, 550, 570, 60, 550, 290, 550, 290, 240, 60, 10, 100, 370, 100, 60, 370, 700, 370, 40, 700, 40, 370, 60, 60, 100, 60, 40, 700, 370, 100, 40, 60, 100, 100, 700, 40, 700, 50, 20, 6840, 50, 20, 6840, 20, 250, 250, 6840, 300, 50, 250, 50, 20, 250, 250, 6840, 6840, 50, 20, 30, 170, 530, 530, 30, 1620, 110, 110, 30, 1620, 530, 30, 110, 530, 110, 530, 30, 170, 110, 8520, 400, 3240, 8520, 8520, 15980, 8520, 1020, 8520, 190, 70, 0, 70, 3300, 70, 200, 90, 490, 200, 420, 490, 0, 420, 190, 200, 90, 490, 190, 200, 490, 70, 420, 420, 70, 3420, 43190, 420, 190, 190, 200, 490, 4750, 5190, 830, 20, 20, 1200, 1200, 2090, 30, 30, 220, 20, 220, 1200, 2090, 30, 2090, 220, 1200, 20, 830, 4750, 2090, 5190, 30, 830, 5790, 4750, 5190, 830, 5190, 830, 20, 5190, 5790, 220, 1200, 5790, 4750, 2090, 220, 5790, 5790, 4750, 30, 2040, 7670, 20, 0, 380, 180, 380, 1480, 0, 0, 30, 180, 0, 2040, 0, 2040, 0, 1480, 0, 180, 380, 180, 2020, 2040, 2020, 180, 1480, 2040, 2020, 380, 1480, 2020, 1480, 380, 10, 4410, 10, 10, 10, 4410, 4410, 4410, 4410, 4410, 4410, 10, 4410, 4410, 4410, 130, 2310, 750, 1290, 11080, 0, 10, 11080, 0, 11080, 11080, 2310, 11080, 10, 10, 10, 10, 750, 0, 0, 0, 1850, 13700, 1850, 350, 350, 1850, 13700, 190, 13700, 190, 190, 350, 350, 20, 1850, 13700, 190, 1850, 13700, 190, 350, 750, 280, 280, 750, 250, 410, 220, 90, 710, 90, 20, 710, 20, 250, 90, 20, 710, 250, 220, 90, 20, 220, 20, 250, 220, 220, 710, 250, 90, 710, 950, 120, 950, 950, 20, 120, 950, 950, 20, 570, 20, 10360, 20, 20, 10360, 20, 20, 160, 20, 20, 570, 20, 10360, 10360, 10360, 20, 1280, 120, 2280, 120, 990, 2280, 1280, 120, 1280, 120, 10, 30, 2280, 120, 2280, 1280, 2280, 1280, 4330, 0, 460, 2660, 1080, 1080, 4330, 0, 4330, 460, 2660, 1080, 1080, 4330, 2660, 2660, 4330, 2660, 1080, 1370, 810, 120, 120, 810, 120, 120, 810, 810, 120, 810, 950, 460, 950, 460, 230, 460, 230, 230, 460, 950, 230, 460, 950, 230, 950, 3740, 3110, 1250, 50, 1250, 3110, 1250, 50, 3110, 3110, 50, 50, 3740, 1250, 3110, 1250, 3740, 3740, 3740, 50, 500, 50, 330, 150, 540, 150, 70, 540, 500, 50, 500, 540, 70, 50, 500, 330, 150, 500, 150, 50, 540, 70, 5190, 30, 50, 330, 540, 330, 150, 70, 70, 330, 1790, 230, 1010, 950, 390, 390, 1790, 950, 390, 3550, 11720, 1790, 230, 950, 1790, 950, 390, 60, 950, 390, 1790, 20, 1120, 360, 410, 380, 140, 20, 380, 140, 410, 20, 380, 10, 360, 20, 380, 410, 360, 140, 380, 410, 360, 20, 140, 140, 410, 360, 60, 12530, 450, 190, 450, 450, 60, 60, 190, 190, 12530, 12530, 450, 60, 190, 12530, 190, 60, 450, 12530, 280, 930, 140, 10, 480, 60, 930, 280, 10, 280, 930, 10, 10, 280, 10, 480, 60, 10, 10, 280, 930, 60, 10, 10, 10, 60, 60, 930, 340, 130, 60, 570, 2540, 20, 570, 12820, 60, 12820, 60, 20, 130, 210, 140, 340, 60, 570, 130, 12820, 570, 60, 20, 20, 130, 2540, 130, 570, 2540, 340, 12820, 2540, 340, 20, 2540, 340, 12820, 1670, 30, 30, 1150, 2110, 1460, 1670, 30, 170, 200, 2110, 1460, 170, 200, 1150, 30, 170, 200, 30, 2110, 1460, 200, 170, 1150, 30, 1670, 2110, 1670, 200, 1150, 2110, 1460, 1670, 1150, 1460, 220, 7480, 750, 7480, 330, 330, 750, 570, 750, 330, 7480, 330, 7480, 220, 7480, 750, 330, 750, 0, 0, 120, 0, 0, 0, 80, 480, 340, 22260, 950, 950, 22260, 340, 100, 480, 60, 60, 480, 720, 22260, 100, 1250, 340, 480, 22260, 20, 950, 340, 720, 3890, 60, 20, 340, 950, 480, 22260, 20, 60, 950, 20, 720, 3890, 100, 720, 3890, 3890, 720, 3890, 100, 20, 100, 60, 15980, 20, 40, 40, 40, 40, 20, 15980, 40, 20, 15980, 20, 15980, 15980, 20, 200, 7650, 3550, 420, 3550, 7950, 420, 420, 7650, 7650, 200, 7950, 160, 420, 160, 160, 200, 160, 200, 3550, 160, 7650, 200, 7950, 3550, 420, 7950, 7650, 7950, 3550, 3060, 140, 3610, 3610, 60, 120, 120, 520, 120, 520, 3060, 40, 3610, 120, 140, 3060, 40, 3610, 120, 60, 40, 3610, 520, 3060, 60, 520, 3060, 60, 520, 40, 40, 60, 2440, 1280, 1280, 2440, 40, 120, 130, 380, 300, 130, 120, 300, 8520, 8520, 130, 120, 120, 300, 8520, 300, 8520, 130, 130, 300, 120, 8520, 20, 750, 40, 20, 30, 20, 40, 360, 360, 40, 360, 40, 20, 30, 40, 20, 30, 30, 360, 2040, 360, 30, 200, 190, 190, 130, 10, 200, 460, 2540, 190, 130, 190, 460, 130, 200, 190, 460, 2540, 130, 460, 2540, 130, 460, 200, 2540, 680, 2540, 200, 5020, 3550, 50, 500, 500, 50, 500, 50, 500, 50, 500, 50, 2020, 570, 200, 570, 2090, 200, 2500, 200, 570, 2020, 2020, 570, 200, 2500, 2500, 2020, 200, 2500, 570, 2500, 2020, 160, 160, 860, 10, 160, 10, 10, 160, 860, 10, 10, 160, 860, 860, 10, 10, 10, 10, 10, 860, 950, 100, 5390, 90, 8520, 3890, 1090, 1090, 100, 90, 3890, 1090, 3890, 3890, 3890, 1090, 5390, 100, 1090, 5390, 100, 90, 90, 5390, 100, 90, 5390, 10, 3040, 3870, 3040, 10, 20, 10, 40, 10, 10, 40, 3040, 3870, 40, 20, 10, 40, 3040, 3870, 20, 20, 10, 10, 40, 3040, 3870, 10, 3870, 20, 10, 50, 30, 380, 1350, 240, 37700, 50, 380, 240, 240, 1350, 37700, 1350, 37700, 240, 50, 30, 380, 50, 1350, 380, 240, 50, 380, 1350, 37700, 37700, 40, 25240, 280, 1710, 25240, 1710, 25240, 280, 8550, 40, 25240, 1710, 8550, 280, 1710, 8550, 40, 40, 8550, 40, 25240, 280, 40, 280, 1710, 8550, 110, 20, 10700, 70, 10700, 70, 10700, 20, 7950, 20, 20, 10700, 110, 70, 70, 70, 10700, 20, 20, 170, 70, 40, 70, 170, 90, 70, 40, 70, 170, 40, 40, 170, 750, 40, 70, 170, 170, 180, 40, 4740, 640, 10, 6200, 560, 170, 640, 180, 180, 6200, 640, 4740, 10, 6200, 560, 10, 4740, 170, 180, 40, 40, 170, 4740, 10, 640, 180, 560, 6200, 10, 560, 6200, 4740, 10, 40, 40, 640, 560, 1650, 120, 30, 1230, 30, 2440, 1650, 1230, 1230, 30, 30, 1230, 30, 2440, 1650, 1650, 1230, 1650, 160, 1090, 510, 2310, 610, 610, 160, 3340, 3890, 3890, 3890, 610, 1090, 610, 3340, 2310, 12820, 160, 3340, 2310, 1090, 610, 3340, 2310, 1090, 3890, 3340, 160, 2310, 3890, 160, 1090, 470, 90, 400, 7670, 2210, 6070, 390, 470, 470, 2210, 37700, 470, 400, 37700, 400, 2210, 37700, 6070, 390, 90, 37700, 2210, 470, 90, 90, 400, 37700, 90, 400, 2210, 140, 190, 2810, 2810, 80, 190, 40, 190, 2810, 80, 2810, 80, 80, 190, 190, 80, 2810, 2570, 1320, 7930, 6350, 300, 7930, 2570, 130, 6350, 130, 6350, 130, 2570, 6350, 300, 1320, 130, 7930, 300, 130, 1320, 300, 7930, 2570, 6350, 1320, 300, 7930, 2570, 1320, 12070, 310, 1170, 12070, 12070, 50, 20, 50, 370, 20, 20, 370, 1170, 120, 310, 50, 1170, 50, 310, 370, 1170, 50, 20, 310, 370, 1170, 370, 20, 12070, 12070, 310, 240, 660, 1080, 240, 660, 240, 2760, 160, 1080, 1080, 1080, 660, 240, 660, 160, 660, 240, 2760, 1080, 2760, 160, 160, 2760, 160, 50, 50, 320, 50, 50, 320, 320, 320, 50, 320, 50, 310, 10, 50, 8130, 3130, 5120, 10, 5120, 380, 8130, 5120, 380, 310, 5120, 310, 310, 8130, 8130, 50, 50, 10, 3130, 380, 10, 50, 8130, 380, 50, 310, 5120, 10, 380, 380, 2340, 380, 150, 3280, 60, 150, 2340, 150, 2340, 3280, 2340, 380, 2340, 370, 3280, 60, 370, 3280, 370, 150, 370, 380, 150, 3280, 370, 380, 140, 570, 140, 730, 140, 70, 70, 730, 140, 730, 570, 730, 70, 730, 140, 70, 70, 660, 10, 10, 10, 660, 10, 660, 10, 660, 660, 4810, 790, 370, 1360, 300, 500, 370, 790, 4640, 420, 1440, 370, 370, 110, 1440, 1440, 420, 710, 1440, 710, 420, 370, 840, 10700, 1440, 420, 420, 710, 10700, 790, 10700, 1360, 10700, 840, 1360, 500, 4640, 790, 790, 710, 110, 710, 10700, 110, 110, 110, 1360, 4640, 4640, 1360, 4640, 230, 1160, 1280, 230, 190, 150, 230, 190, 190, 190, 150, 190, 230, 150, 150, 230, 150, 2530, 310, 1820, 2590, 90, 990, 2590, 410, 2530, 310, 410, 480, 1440, 10, 480, 2590, 2530, 410, 410, 410, 480, 10, 2530, 310, 1820, 2590, 10, 480, 10, 310, 310, 20, 480, 2530, 2590, 10, 3610, 3610, 7220, 50, 3610, 40, 140, 50, 140, 3610, 50, 40, 90, 90, 3610, 140, 90, 140, 90, 50, 90, 50, 140, 170, 490, 1650, 570, 10810, 20, 490, 570, 10810, 170, 10810, 170, 10810, 170, 10810, 170, 610, 3240, 3240, 3240, 130, 270, 2620, 130, 3240, 3240, 610, 130, 1650, 130, 130, 170, 140, 140, 20, 550, 170, 170, 5980, 110, 2080, 5980, 20, 5980, 80, 140, 80, 80, 140, 80, 110, 20, 5980, 170, 80, 140, 170, 20, 5980, 20, 550, 550, 550, 550, 310, 50, 20, 320, 50, 2540, 320, 20, 50, 20, 50, 20, 50, 320, 320, 50, 50, 320, 50, 50, 20, 50, 400, 0, 60, 60, 2090, 60, 0, 810, 400, 810, 60, 2090, 0, 810, 60, 1500, 2090, 60, 400, 0, 810, 60, 400, 60, 60, 0, 810, 2090, 60, 400, 1330, 30, 70, 190, 1030, 60, 250, 1030, 70, 250, 740, 250, 60, 250, 190, 1030, 70, 60, 250, 60, 1030, 70, 250, 70, 60, 80, 260, 4130, 100, 80, 100, 100, 260, 4130, 260, 100, 80, 4130, 260, 100, 80, 10610, 4130, 260, 4130, 3610, 80, 110, 180, 20370, 3130, 460, 220, 9400, 60, 60, 9400, 290, 60, 220, 110, 2660, 290, 180, 180, 9400, 20370, 110, 20370, 290, 110, 20370, 2660, 9400, 220, 180, 290, 110, 20370, 9400, 3130, 1540, 180, 60, 60, 220, 3130, 3130, 220, 3130, 290, 50, 50, 50, 3530, 460, 980, 180, 980, 180, 0, 180, 0, 50, 50, 1130, 2190, 0, 180, 980, 50, 50, 50, 50, 50, 180, 980, 0, 2190, 2190, 2190, 0, 2190, 110, 2280, 190, 120, 1430, 1430, 3250, 3250, 184500, 40, 1430, 300, 40, 190, 120, 3250, 40, 120, 1430, 40, 40, 2280, 300, 184500, 190, 1430, 300, 120, 190, 3250, 300, 190, 120, 3250, 300, 40, 40, 100, 150, 130, 150, 150, 130, 150, 1240, 130, 1240, 1240, 130, 150, 90, 100, 130, 1240, 100, 1240, 100, 100, 300, 70, 2540, 4970, 300, 2840, 4970, 1010, 70, 230, 2800, 1870, 2840, 2800, 230, 4970, 70, 2840, 2540, 1870, 2540, 300, 2800, 1870, 2540, 4970, 70, 4970, 70, 2840, 300, 2800, 230, 1870, 2540, 230, 2800, 1870, 300, 230, 2840, 1690, 370, 1690, 1690, 1690, 170, 1690, 650, 1480, 12820, 1980, 1040, 850, 70, 170, 170, 1480, 1980, 1040, 170, 12820, 650, 1980, 12820, 170, 1480, 650, 170, 1480, 1040, 1040, 12820, 650, 1480, 1980, 1040, 12820, 1980, 650, 37700, 120, 120, 120, 300, 37700, 37700, 70, 120, 37700, 70, 70, 120, 37700, 70, 70, 10, 5270, 120, 250, 120, 5270, 220, 350, 1210, 10, 500, 120, 350, 10, 1210, 500, 350, 10, 5270, 220, 250, 250, 350, 5270, 220, 250, 500, 1210, 500, 10, 120, 5270, 220, 250, 220, 120, 350, 1210, 1210, 500, 4020, 1840, 1160, 940, 120, 1480, 120, 340, 740, 230, 1480, 230, 4020, 940, 230, 4020, 120, 1840, 100, 120, 1160, 100, 230, 4020, 940, 740, 1480, 1480, 740, 740, 740, 1480, 340, 100, 4020, 1840, 940, 1840, 940, 120, 230, 100, 100, 340, 1840, 340, 340, 100, 3230, 460, 90, 4140, 10700, 110, 100, 100, 100, 460, 90, 4140, 90, 110, 460, 4140, 90, 3230, 10700, 460, 4140, 90, 10700, 4140, 460, 110, 10700, 110, 10700, 110, 100, 1430, 460, 40, 2040, 1100, 1130, 40, 40, 460, 1130, 1130, 40, 100, 11200, 40, 2040, 130, 1430, 1100, 40, 40, 2040, 100, 1430, 9230, 1130, 1100, 40, 2040, 1430, 9230, 460, 460, 40, 2040, 9230, 1130, 1100, 9230, 1100, 40, 460, 1430, 9230, 3790, 120, 20, 3790, 120, 120, 40, 20, 3790, 120, 20, 20, 3790, 120, 20, 3790, 2140, 40, 40, 7600, 40, 40, 37700, 800, 37700, 37700, 2140, 7600, 40, 800, 2140, 7600, 40, 800, 37700, 2140, 40, 7600, 40, 800, 37700, 2140, 40, 7600, 40, 800, 400, 1920, 400, 1920, 160, 400, 3560, 3560, 1920, 160, 160, 1920, 160, 3560, 400, 160, 3560, 400, 3560, 1920, 60, 8610, 2170, 390, 2170, 2170, 60, 390, 2170, 350, 8610, 60, 350, 2170, 350, 8610, 60, 390, 60, 350, 8610, 8610, 350, 390, 390, 220, 1470, 500, 220, 220, 220, 500, 500, 220, 1470, 500, 500, 310, 150, 1000, 240, 190, 130, 130, 190, 190, 130, 1000, 190, 130, 190, 1000, 190, 310, 1000, 190, 310, 310, 1000, 190, 130, 310, 190, 190, 3740, 60, 1330, 1330, 60, 60, 1330, 3740, 3740, 60, 3740, 1330, 60, 3740, 1330, 170, 300, 60, 0, 2680, 60, 480, 1380, 60, 0, 300, 2680, 300, 0, 2510, 2510, 1380, 2680, 60, 1380, 480, 2680, 300, 2510, 2680, 300, 2510, 2510, 1380, 60, 0, 1380, 0, 300, 90, 90, 300, 390, 130, 90, 390, 100, 440, 90, 300, 130, 300, 130, 390, 390, 390, 90, 130, 130, 940, 300, 180, 210, 90, 5710, 5710, 90, 5710, 20, 5710, 5710, 90, 90, 90, 90, 0, 310, 0, 490, 310, 490, 310, 490, 100, 310, 490, 90, 0, 90, 360, 0, 0, 90, 310, 490, 90, 0, 5280, 260, 10700, 260, 20, 20, 6060, 20, 40, 20, 0, 10, 3070, 10700, 40, 10700, 6060, 20, 40, 360, 960, 10, 6060, 3850, 0, 10, 40, 10700, 6060, 3070, 3850, 960, 10, 260, 6060, 3850, 10, 3850, 960, 0, 40, 3850, 10700, 960, 0, 960, 260, 260, 140, 50, 2090, 40, 250, 50, 50, 10, 2090, 140, 2090, 50, 50, 20, 10, 140, 50, 50, 250, 10, 140, 2090, 140, 10, 2800, 10, 2090, 1370, 1560, 2530, 1370, 250, 940, 1370, 2530, 1370, 1560, 250, 2530, 250, 2530, 2530, 1560, 940, 1560, 940, 250, 940, 940, 1560, 250, 240, 260, 6290, 5120, 20, 240, 240, 5120, 1110, 240, 5120, 6290, 240, 5120, 6290, 6290, 5120, 6290, 570, 1550, 10560, 29540, 400, 1550, 400, 570, 29540, 570, 1550, 29540, 980, 400, 980, 980, 1550, 29540, 10560, 3420, 570, 400, 980, 3420, 400, 3420, 29540, 3420, 3420, 1550, 980, 570, 1160, 100, 3980, 1160, 3980, 100, 3980, 3980, 100, 1160, 1160, 1160, 100, 100, 3980, 3420, 200, 950, 3420, 3420, 0, 950, 3420, 200, 950, 200, 0, 950, 200, 0, 950, 200, 3420, 0, 0, 2510, 30, 50, 30, 30, 50, 2510, 50, 50, 30, 2510, 2510, 50, 2510, 30, 280, 1780, 5450, 0, 1780, 280, 0, 0, 1780, 280, 0, 5450, 280, 1780, 280, 5450, 280, 1780, 0, 5450, 280, 5450, 8550, 940, 4710, 90, 940, 4710, 8550, 4710, 8550, 940, 940, 4710, 8550, 940, 4710, 8550, 940, 940, 90, 260, 4970, 380, 380, 260, 90, 260, 940, 380, 260, 90, 940, 380, 260, 90, 380, 90, 940, 190, 450, 450, 90, 190, 190, 190, 450, 90, 450, 90, 190, 90, 90, 450, 720, 0, 220, 11630, 80, 1660, 180, 0, 80, 80, 720, 0, 180, 80, 220, 180, 80, 240, 180, 0, 0, 180, 60, 20, 0, 1300, 0, 1300, 990, 0, 20, 20, 1300, 0, 1300, 20, 0, 1300, 990, 990, 20, 990, 1420, 1420, 0, 1420, 0, 1420, 0, 1420, 0, 0, 380, 50, 70, 49600, 90, 1570, 960, 50, 960, 3670, 960, 1570, 1700, 380, 3670, 380, 90, 380, 70, 380, 3670, 50, 1570, 70, 960, 3670, 50, 1570, 1700, 90, 70, 3670, 50, 1570, 1700, 90, 49600, 70, 90, 960, 1700, 1700, 6120, 2440, 6120, 30, 740, 6120, 740, 6290, 90, 740, 30, 90, 100, 0, 30, 740, 6120, 30, 30, 90, 740, 6120, 90, 90, 1230, 1230, 480, 60, 60, 2530, 1550, 60, 1550, 60, 1230, 1550, 1550, 3360, 1230, 1550, 2530, 1230, 2530, 480, 60, 2530, 2530, 180, 280, 2350, 140, 290, 700, 3350, 260, 260, 260, 180, 180, 2350, 180, 2350, 140, 110, 700, 3350, 2350, 280, 180, 260, 110, 3350, 290, 3350, 2350, 110, 290, 110, 3350, 290, 290, 260, 110, 6140, 4520, 1800, 6140, 6140, 6140, 6140, 4520, 2440, 1480, 1030, 130, 130, 130, 130, 90, 1030, 1880, 1880, 1030, 1480, 1880, 1030, 1480, 1880, 1030, 1480, 1880, 130, 1480, 690, 100, 5270, 740, 2460, 30, 2460, 740, 2460, 740, 690, 30, 690, 5270, 30, 5270, 690, 5270, 30, 2460, 30, 2460, 5270, 740, 690, 740, 1900, 5160, 40, 40, 5160, 40, 1900, 5160, 5160, 1900, 5160, 40, 1900, 40, 1900, 100, 40, 1520, 270, 60, 30, 1580, 30, 270, 1520, 1520, 30, 270, 40, 1580, 30, 1520, 1580, 1520, 270, 30, 100, 1580, 270, 1580, 40, 40, 40, 1990, 230, 230, 1990, 10, 580, 1990, 10, 1990, 230, 10, 10, 10, 740, 230, 230, 1990, 530, 4350, 300, 530, 1100, 700, 4350, 5400, 31760, 50, 100, 300, 530, 530, 4350, 100, 100, 700, 9140, 50, 31760, 300, 50, 700, 9140, 50, 50, 1100, 1100, 0, 31760, 50, 700, 100, 700, 0, 4350, 50, 31760, 300, 1100, 0, 4350, 50, 31760, 300, 1100, 0, 0, 50, 9140, 50, 9140, 9140, 100, 530, 80, 4600, 1030, 380, 1030, 40, 4600, 4600, 1030, 380, 380, 4600, 1030, 380, 4600, 1030, 380, 2460, 90, 620, 620, 5220, 90, 620, 90, 5220, 90, 5220, 5220, 5220, 620, 620, 620, 90, 90, 50, 40, 90, 90, 90, 11200, 11200, 40, 11200, 40, 11200, 40, 40, 11200, 90, 50, 4710, 5380, 2440, 90, 4710, 290, 5380, 4710, 290, 3680, 290, 5380, 4710, 290, 5380, 5380, 4710, 290, 300, 50, 5140, 0, 1820, 1820, 150, 88220, 30, 150, 50, 150, 0, 30, 88220, 1820, 5140, 150, 50, 30, 0, 88220, 240, 240, 30, 5140, 240, 30, 0, 150, 88220, 1820, 0, 240, 5140, 240, 88220, 50, 50, 5140, 1820, 7220, 290, 220, 170, 30, 2210, 2210, 290, 370, 2210, 290, 930, 290, 930, 930, 930, 370, 220, 290, 170, 930, 2210, 370, 2210, 370, 370, 1970, 1970, 50, 170, 4050, 200, 200, 76210, 170, 1970, 200, 9960, 76210, 50, 4050, 200, 1970, 170, 170, 200, 1970, 170, 330, 330, 170, 330, 330, 170, 4420, 170, 770, 330, 170, 4420, 7430, 7430, 170, 330, 4420, 7430, 330, 4420, 7430, 330, 7430, 4420, 330, 330, 20, 31620, 210, 1840, 70, 70, 70, 8090, 70, 20, 8090, 8090, 70, 20, 8090, 20, 8090, 1840, 20, 1840, 1330, 1840, 1840, 730, 1790, 730, 2660, 1040, 4060, 50, 4060, 1040, 130, 730, 730, 2660, 4060, 1040, 1790, 1040, 1790, 4060, 1040, 1790, 4060, 1790, 730, 2680, 2470, 930, 4710, 70, 350, 930, 350, 930, 350, 350, 70, 70, 350, 150, 70, 930, 930, 150, 150, 150, 60, 150, 70, 770, 20, 80, 5980, 3740, 26560, 250, 200, 1200, 1190, 3740, 770, 26560, 770, 20, 5980, 3740, 5980, 20, 26560, 770, 20, 5980, 26560, 770, 200, 20, 26560, 3740, 5980, 3740, 980, 9140, 110, 180, 1370, 980, 1170, 1370, 1550, 1170, 1370, 180, 1550, 180, 1550, 180, 1550, 1370, 980, 1550, 1370, 980, 1170, 180, 110, 1710, 810, 980, 1170, 1170, 9140, 1200, 180, 60, 60, 570, 10, 180, 60, 340, 340, 10, 60, 10, 180, 570, 10, 340, 180, 10, 340, 340, 180, 60, 320, 90, 770, 320, 1670, 190, 1360, 30, 30, 0, 5760, 10, 90, 1670, 10, 10, 20, 3580, 10, 1360, 90, 320, 10, 190, 30, 320, 3580, 770, 30, 190, 770, 90, 1670, 1360, 90, 0, 3580, 770, 30, 320, 1670, 1670, 3580, 3580, 1360, 30, 1360, 770, 190, 30, 190, 290, 980, 70, 90, 120, 290, 120, 30, 290, 120, 70, 290, 980, 70, 70, 120, 70, 290, 120, 750, 140, 140, 3790, 5140, 5140, 140, 5140, 5140, 140, 5140, 140, 80, 80, 120, 4890, 10810, 80, 120, 80, 10810, 10810, 80, 8090, 80, 8090, 120, 8090, 120, 4890, 4890, 10810, 80, 8090, 120, 10810, 4890, 80, 80, 4890, 8090, 80, 380, 7070, 3580, 60, 90, 230, 1650, 4410, 520, 380, 380, 2470, 490, 0, 7070, 520, 380, 380, 3580, 230, 230, 520, 7070, 0, 1280, 520, 3580, 230, 7070, 90, 0, 520, 3580, 230, 7070, 0, 490, 3580, 490, 490, 0, 490, 490, 230, 1600, 2800, 70, 80, 70, 490, 520, 520, 70, 490, 2800, 80, 2800, 80, 80, 520, 230, 80, 70, 490, 2800, 230, 490, 70, 520, 230, 1600, 2800, 520, 230, 230, 120, 10, 190, 190, 120, 270, 120, 120, 10, 190, 120, 190, 10, 10, 10, 190, 790, 170, 100, 110, 790, 170, 170, 110, 790, 600, 170, 110, 100, 790, 170, 110, 100, 790, 110, 100, 100, 40, 790, 590, 910, 1050, 10, 2050, 70, 1200, 40, 10, 10, 10, 10, 1050, 40, 70, 1050, 40, 590, 40, 590, 40, 70, 40, 70, 590, 40, 910, 70, 40, 1050, 1050, 590, 40, 1540, 3330, 4350, 16670, 160, 1540, 3330, 4350, 3330, 4350, 3330, 160, 1540, 4350, 3330, 160, 1540, 160, 4350, 160, 1540, 12020, 10, 30, 330, 90, 30, 40, 1170, 280, 30, 30, 30, 30, 1700, 1700, 12020, 90, 90, 1170, 280, 10, 30, 1170, 40, 10, 280, 10, 90, 1170, 280, 12020, 90, 1170, 280, 10, 30, 12020, 1700, 12020, 1700, 30, 30, 80, 50, 10, 350, 80, 10, 80, 10, 180, 180, 80, 10, 350, 80, 180, 10, 180, 180, 50, 3990, 210, 210, 160, 210, 210, 210, 440, 130, 4890, 440, 5760, 370, 440, 3220, 130, 440, 440, 130, 130, 130, 1050, 620, 620, 600, 20, 1050, 1120, 1050, 1120, 3590, 1970, 600, 1050, 1970, 3590, 1970, 1120, 3590, 620, 3590, 620, 1970, 600, 1120, 3590, 620, 1970, 600, 1050, 600, 1120, 110, 600, 600, 60, 60, 20, 0, 3330, 110, 110, 0, 600, 110, 600, 60, 600, 60, 110, 60, 420, 40, 90, 740, 330, 1010, 3980, 1010, 330, 3980, 170, 1010, 40, 40, 60, 420, 330, 330, 40, 740, 3980, 420, 1010, 90, 3980, 330, 3980, 1010, 420, 40, 420, 1110, 20, 1900, 2970, 5710, 3510, 1150, 1900, 1520, 1520, 20, 1150, 970, 5710, 1520, 3510, 2970, 1900, 2970, 5710, 3510, 3510, 1150, 5710, 1520, 3510, 2970, 970, 970, 1150, 5710, 1520, 2970, 1900, 970, 1150, 1900, 970, 20, 20, 680, 130, 31620, 110, 130, 130, 1460, 130, 1460, 130, 31620, 31620, 130, 130, 1460, 31620, 130, 31620, 1460, 1460, 60, 130, 130, 1240, 80, 1080, 1240, 24480, 20, 20, 1240, 1080, 80, 20, 80, 20, 1240, 24480, 1080, 80, 20, 1240, 1080, 80, 24480, 1080, 24480, 24480, 16670, 10, 320, 36950, 16670, 16670, 10, 36950, 320, 10, 36950, 16670, 320, 10, 16670, 320, 10, 320, 36950, 36950, 460, 100, 460, 80, 300, 100, 80, 300, 460, 300, 80, 190, 10, 100, 300, 80, 460, 100, 100, 80, 460, 300, 4820, 840, 7740, 4820, 4820, 4820, 7740, 7740, 4820, 7740, 7740, 170, 6640, 11440, 3050, 370, 10, 170, 170, 370, 30, 30, 130, 30, 170, 10, 110, 30, 370, 170, 110, 6640, 11440, 370, 110, 30, 370, 110, 6640, 10, 110, 6640, 6640, 10, 10, 2730, 300, 10, 1370, 10, 320, 4720, 3200, 90, 90, 10, 1710, 90, 10, 10, 320, 4720, 10, 320, 90, 10, 10, 320, 4720, 90, 300, 1370, 10, 320, 3200, 10, 1370, 1370, 4720, 1370, 4720, 6030, 90, 180, 0, 0, 180, 0, 90, 90, 6030, 90, 6030, 0, 180, 90, 6030, 180, 6030, 180, 180, 0, 110, 70, 880, 110, 2090, 600, 2240, 140, 710, 1820, 110, 2240, 880, 600, 710, 2240, 70, 110, 2240, 600, 110, 880, 710, 600, 880, 70, 600, 2240, 140, 880, 710, 70, 70, 710, 180, 200, 180, 200, 110, 280, 180, 8330, 8330, 280, 180, 8330, 3130, 200, 8330, 280, 280, 180, 200, 3130, 8330, 3130, 3130, 200, 3130, 280, 50, 250, 13430, 80, 80, 80, 80, 240, 80, 80, 13430, 60, 13430, 60, 250, 80, 13430, 60, 60, 80, 290, 13430, 60, 80, 80, 3450, 2000, 6670, 3070, 6910, 20, 300, 340, 300, 10, 3450, 20, 870, 850, 10, 2800, 3450, 6670, 3450, 870, 300, 300, 850, 10, 870, 20, 340, 850, 6910, 6670, 20, 300, 340, 10, 6670, 870, 20, 6910, 340, 10, 3070, 850, 6910, 340, 870, 6910, 850, 6670, 3450, 20, 640, 120, 50, 140, 50, 700, 100, 140, 120, 120, 700, 50, 700, 50, 140, 20, 700, 100, 120, 640, 140, 100, 100, 100, 50, 120, 700, 140, 240, 50, 70, 450, 240, 50, 240, 240, 450, 70, 50, 450, 60, 50, 450, 450, 70, 50, 70, 240, 70, 3930, 100, 3330, 1920, 1920, 4420, 290, 4420, 4420, 180, 290, 3330, 290, 90, 290, 4420, 3330, 290, 4420, 100, 1920, 3330, 1920, 1920, 3330, 40, 3970, 6320, 6320, 3970, 6320, 3970, 3970, 6320, 3970, 6320, 490, 220, 20, 430, 500, 1400, 2220, 1660, 1280, 220, 1660, 490, 20, 6460, 1900, 490, 330, 500, 1900, 1170, 430, 330, 220, 220, 330, 6460, 490, 430, 330, 20, 6460, 1900, 1170, 500, 330, 220, 6460, 1900, 1170, 500, 490, 1400, 430, 1280, 2220, 1660, 20, 6460, 1660, 500, 1900, 1170, 1170, 430, 1660, 20, 40, 790, 570, 40, 790, 790, 40, 790, 40, 790, 40, 600, 990, 11760, 370, 3160, 160, 3160, 600, 3160, 370, 3160, 370, 600, 600, 370, 11760, 160, 370, 11760, 11760, 600, 3160, 11760, 1710, 30, 1780, 8390, 1780, 8390, 30, 8390, 1710, 1780, 1710, 30, 1710, 1780, 8390, 8390, 1780, 30, 30, 1710, 100, 5070, 140, 80, 960, 960, 1520, 1520, 1520, 4340, 1520, 1520, 1230, 960, 4340, 1230, 80, 5070, 960, 1230, 100, 960, 100, 1230, 100, 1230, 100, 140, 4340, 4340, 4340, 90, 7630, 170, 90, 170, 670, 2800, 90, 7630, 170, 670, 10850, 7630, 90, 90, 7630, 10850, 10850, 7630, 170, 670, 10850, 170, 670, 10850, 670, 10, 30, 24480, 90, 320, 30, 420, 24480, 90, 420, 30, 24480, 90, 24480, 90, 420, 24480, 90, 30, 420, 30, 400, 2130, 2130, 1110, 2130, 50, 1110, 1110, 2130, 50, 50, 2130, 1110, 50, 50, 1110, 980, 1610, 490, 690, 50, 17330, 1610, 2360, 2360, 8390, 690, 1610, 50, 690, 1610, 50, 2360, 2360, 690, 50, 8390, 2360, 980, 690, 1610, 50, 17330, 8390, 8390, 8390, 1600, 160, 160, 20, 160, 1730, 430, 430, 250, 800, 180, 250, 430, 20, 1730, 160, 160, 1730, 1730, 430, 20, 250, 430, 250, 20, 1730, 20, 250, 3200, 12690, 3200, 12690, 12690, 3200, 12690, 12690, 3200, 3200, 50, 1050, 80, 50, 1050, 1360, 80, 1050, 50, 80, 50, 80, 1050, 50, 180, 1380, 80, 1050, 1150, 210, 20, 1530, 860, 80, 9360, 20, 380, 1180, 3450, 210, 150, 380, 20, 210, 860, 80, 380, 20, 80, 150, 210, 9360, 20, 860, 80, 380, 9360, 860, 860, 80, 150, 210, 150, 9360, 380, 9360, 1180, 150, 110, 0, 24480, 150, 150, 0, 0, 110, 110, 0, 110, 150, 110, 150, 150, 0, 12490, 400, 40, 60, 11760, 40, 8970, 2620, 11760, 60, 11760, 40, 12490, 400, 60, 60, 11760, 40, 12490, 400, 60, 11760, 40, 12490, 400, 2620, 12490, 2620, 400, 2620, 2620, 130, 490, 700, 80, 130, 130, 10, 20, 10, 20, 20, 490, 130, 490, 10, 20, 130, 700, 490, 20, 10, 10, 490, 1560, 1560, 110, 1560, 110, 1560, 1560, 110, 110, 110, 120, 280, 3870, 290, 60, 280, 300, 300, 280, 300, 300, 3870, 60, 280, 300, 3870, 60, 290, 290, 280, 3870, 60, 3870, 60, 290, 290, 10, 8130, 8130, 160, 720, 2360, 8130, 3770, 10, 10, 8130, 2360, 8130, 10, 720, 10, 2360, 160, 2360, 2360, 66290, 660, 400, 1710, 430, 400, 1710, 66290, 66290, 1710, 400, 66290, 1710, 660, 430, 400, 1710, 400, 66290, 1380, 1010, 1380, 1380, 1010, 1270, 1270, 1270, 1270, 1010, 1380, 1010, 1010, 1270, 1380, 160, 6030, 8430, 160, 8430, 160, 160, 8430, 6030, 6030, 6030, 8430, 6030, 160, 8430, 190, 0, 520, 110, 0, 190, 110, 260, 190, 110, 260, 0, 190, 110, 260, 0, 190, 110, 260, 0, 260, 5980, 440, 240, 4400, 240, 400, 5980, 240, 440, 440, 400, 5980, 240, 400, 5980, 240, 440, 400, 400, 5980, 440, 140, 60, 1160, 1430, 740, 60, 140, 140, 1160, 630, 110, 840, 840, 630, 140, 60, 1160, 1430, 840, 110, 1430, 3590, 100, 630, 630, 60, 1160, 1430, 840, 110, 630, 140, 60, 1160, 1430, 840, 60, 110, 60, 110, 520, 90, 60, 2070, 520, 20, 8090, 20, 1230, 20, 520, 520, 2070, 8090, 20, 520, 20, 2070, 60, 8090, 2070, 60, 8090, 2070, 60, 60, 8090, 0, 10, 9740, 2040, 9740, 0, 10, 2040, 2040, 0, 9740, 10, 2040, 0, 0, 10, 9740, 10, 9740, 2040, 30, 120, 2460, 1650, 20, 20, 20, 2460, 50, 50, 2460, 50, 2460, 1650, 20, 50, 30, 30, 30, 30, 10560, 43190, 50, 20, 2460, 60, 2690, 18140, 1210, 2240, 280, 4550, 18140, 1280, 160, 1280, 3320, 80, 500, 80, 500, 18140, 160, 40, 280, 4550, 1210, 280, 3320, 2690, 1280, 500, 1210, 80, 4550, 100, 160, 60, 2690, 80, 100, 160, 3320, 18140, 280, 1210, 80, 100, 160, 40, 2690, 80, 60, 18140, 3320, 2240, 500, 1210, 80, 4550, 100, 40, 280, 2690, 80, 60, 3320, 1280, 500, 80, 100, 40, 40, 80, 60, 4550, 1280, 3590, 90, 1120, 1120, 1120, 3590, 3590, 1120, 1120, 3590, 3590, 1300, 1730, 1060, 1300, 500, 240, 500, 330, 500, 1300, 330, 1060, 1300, 1300, 500, 330, 1060, 240, 330, 1060, 1060, 3650, 330, 500, 1000, 60, 440, 340, 3340, 50, 50, 50, 1000, 50, 1000, 700, 50, 340, 3340, 340, 700, 440, 60, 3340, 3340, 50, 60, 80, 440, 60, 700, 440, 80, 700, 3340, 80, 700, 440, 60, 80, 80, 340, 1000, 340, 1000, 150, 520, 910, 910, 520, 150, 910, 150, 150, 150, 910, 520, 520, 520, 170, 250, 2460, 170, 2580, 150, 170, 250, 250, 170, 2580, 250, 2580, 2580, 170, 250, 2580, 3180, 50, 1490, 2250, 50, 90, 2250, 3180, 90, 11760, 3180, 2250, 90, 90, 3180, 50, 90, 11760, 50, 90, 11760, 50, 3180, 490, 2250, 90, 11760, 90, 11760, 90, 2250, 90, 80, 20, 18140, 550, 20, 20, 3860, 80, 3860, 20, 3860, 80, 3860, 80, 20, 3860, 80, 20, 30, 4540, 4540, 2040, 2040, 30, 2040, 30, 2360, 2040, 110, 4540, 3870, 110, 110, 3870, 3870, 110, 3870, 110, 4540, 2040, 30, 3870, 30, 4540, 10, 10, 660, 660, 10, 10, 660, 660, 660, 10, 460, 130, 420, 70, 130, 1120, 130, 70, 460, 460, 420, 170, 420, 130, 70, 460, 420, 420, 460, 130, 70, 70, 4020, 31380, 31380, 31380, 4020, 4020, 31380, 4020, 31380, 4020, 1530, 90, 2740, 40, 580, 600, 2520, 2520, 40, 1530, 580, 600, 40, 2740, 90, 40, 1530, 580, 90, 2740, 90, 1530, 580, 600, 2520, 2740, 90, 40, 1530, 580, 600, 2520, 600, 2740, 2520, 4340, 770, 20, 2900, 2900, 700, 20, 4340, 4340, 700, 20, 4340, 770, 2900, 700, 20, 2900, 700, 20, 700, 4340, 2900, 720, 1670, 720, 1670, 10, 10, 720, 10, 1670, 1670, 8680, 1670, 720, 10, 720, 10, 90, 1060, 4070, 90, 90, 4070, 400, 110, 90, 1060, 110, 90, 110, 4070, 4070, 90, 1060, 110, 90, 1060, 110, 90, 90, 90, 1060, 90, 4070, 770, 200, 80, 0, 0, 0, 770, 40, 40, 200, 2340, 0, 2340, 770, 200, 260, 40, 200, 770, 40, 200, 2340, 0, 80, 2340, 40, 770, 2340, 100, 40, 10, 40, 40, 40, 100, 100, 40, 100, 100, 0, 260, 260, 12490, 460, 0, 10, 0, 12490, 1130, 460, 460, 60, 12490, 60, 12490, 260, 60, 0, 10, 60, 12490, 460, 260, 460, 260, 60, 1130, 0, 10, 10, 10, 6530, 200, 90, 3270, 8760, 700, 90, 3250, 20, 20, 3270, 2460, 90, 90, 700, 200, 8760, 90, 20, 700, 20, 3270, 200, 8760, 700, 20, 3270, 200, 8760, 3250, 8760, 3270, 200, 700, 80, 80, 1580, 4110, 90, 30, 30, 30, 1580, 30, 90, 1580, 30, 80, 90, 1580, 80, 90, 1580, 80, 90, 4790, 30, 30, 230, 4790, 230, 30, 30, 30, 4790, 200, 230, 30, 200, 30, 200, 230, 4790, 30, 30, 230, 200, 4790, 30, 200, 4500, 290, 290, 1550, 1550, 290, 4500, 1550, 120, 0, 9180, 150, 1550, 4500, 290, 4500, 4500, 290, 2520, 20, 2360, 440, 4210, 720, 720, 4210, 720, 4210, 720, 2930, 720, 440, 4210, 440, 20, 440, 2930, 2360, 440, 2360, 2360, 2360, 4210, 270, 280, 90, 150, 50, 280, 50, 270, 50, 270, 90, 280, 150, 270, 150, 280, 50, 280, 50, 150, 90, 270, 150, 90, 90, 2740, 2420, 1520, 1650, 2740, 250, 130, 130, 1650, 250, 1650, 1520, 2740, 130, 1520, 1520, 2740, 1650, 1520, 2740, 2420, 130, 1650, 250, 2900, 250, 250, 130, 80, 80, 460, 260, 80, 260, 80, 260, 260, 80, 260, 20, 680, 100, 3060, 660, 1340, 160, 310, 310, 310, 3060, 280, 500, 3060, 280, 3060, 280, 310, 160, 1340, 3060, 280, 10, 660, 1340, 280, 10, 160, 1340, 10, 10, 160, 1340, 160, 310, 10, 470, 1190, 8220, 470, 8220, 470, 8220, 8220, 470, 8220, 80, 470, 3870, 3180, 1000, 90, 3870, 3870, 3180, 3180, 3870, 3870, 1000, 3180, 3180, 10, 3970, 270, 690, 1420, 10, 90, 690, 3970, 38250, 690, 4040, 4040, 3970, 690, 4040, 3970, 3970, 4040, 690, 4040, 280, 6220, 20060, 20060, 6220, 20060, 6220, 20060, 6220, 6220, 20060, 20, 20, 640, 390, 20, 640, 20, 640, 390, 20, 390, 390, 640, 390, 640, 20, 2290, 6040, 690, 220, 2090, 3400, 220, 120, 2570, 1640, 3400, 1610, 220, 120, 2090, 3400, 6040, 2570, 6040, 220, 690, 2090, 2090, 3400, 6040, 2570, 120, 2570, 1640, 690, 2090, 3400, 6040, 2570, 120, 690, 690, 120, 220, 140, 250, 140, 140, 250, 8290, 8290, 250, 140, 250, 140, 250, 8290, 8290, 8290, 70, 2620, 1480, 1890, 70, 70, 1480, 30, 30, 1890, 1480, 30, 30, 1480, 1480, 1890, 1890, 1890, 70, 70, 30, 2190, 100, 40, 80, 100, 80, 100, 270, 260, 260, 260, 100, 260, 260, 80, 270, 80, 100, 7180, 270, 80, 100, 270, 100, 6460, 3060, 40, 70, 2440, 40, 1610, 40, 280, 1610, 3060, 40, 40, 6460, 1610, 40, 70, 40, 40, 3060, 6460, 40, 280, 70, 3060, 1610, 6460, 40, 70, 3060, 6460, 70, 1610, 0, 5430, 370, 5430, 0, 910, 0, 910, 5430, 580, 580, 0, 0, 5430, 910, 0, 0, 580, 5430, 580, 0, 580, 0, 0, 910, 910, 2580, 2420, 6660, 2420, 2580, 2580, 490, 490, 490, 2580, 490, 2420, 2420, 2580, 2420, 490, 440, 1170, 110, 1170, 620, 440, 110, 620, 440, 1170, 440, 110, 620, 620, 110, 620, 110, 440, 1170, 1170, 80, 80, 1260, 1220, 1870, 80, 80, 80, 80, 80, 1220, 1260, 1260, 80, 1260, 80, 1260, 80, 80, 31620, 10, 10, 1480, 10, 1480, 1480, 31620, 710, 31620, 1480, 10, 31620, 1480, 10, 31620, 860, 5980, 110, 3320, 110, 120, 110, 3320, 110, 110, 11190, 2290, 190, 190, 2290, 190, 2290, 190, 2290, 190, 2290, 520, 1480, 280, 10, 7430, 30, 10, 1300, 2270, 2270, 10, 2270, 7430, 10, 280, 520, 7430, 1300, 30, 10, 1480, 10, 520, 10, 7430, 1300, 30, 10, 1480, 280, 2270, 520, 10, 7430, 1300, 30, 10, 1480, 280, 520, 1300, 30, 1480, 2270, 280, 9150, 250, 250, 250, 9150, 250, 9150, 1300, 250, 9150, 1300, 250, 1300, 250, 1300, 250, 1300, 9150, 250, 250, 2510, 10, 360, 80, 260, 260, 260, 10, 260, 360, 10, 260, 2510, 10, 10, 1270, 18140, 20, 1270, 18140, 1270, 1390, 20, 1390, 20, 18140, 18140, 1270, 20, 1390, 18140, 1270, 1520, 20, 1390, 1390, 760, 170, 0, 2800, 0, 5390, 0, 5390, 760, 2800, 5390, 0, 760, 5390, 0, 760, 2800, 170, 5390, 2800, 760, 2800, 2290, 3320, 3300, 400, 2290, 3320, 2290, 2290, 2290, 3290, 3380, 120, 430, 1220, 610, 80, 80, 120, 610, 80, 80, 610, 80, 430, 20, 1220, 120, 430, 610, 1220, 3380, 430, 120, 1220, 430, 610, 120, 1220, 240, 2480, 100, 0, 2480, 2480, 1420, 60, 100, 240, 2480, 100, 240, 0, 60, 1420, 240, 2480, 1420, 60, 0, 60, 1420, 240, 100, 0, 60, 1420, 100, 0, 1750, 280, 70, 280, 60, 70, 280, 460, 280, 280, 60, 70, 460, 60, 70, 60, 60, 70, 460, 460, 460, 8430, 30, 180, 120, 830, 120, 480, 480, 2330, 2330, 480, 830, 180, 120, 480, 2330, 2330, 120, 180, 830, 2330, 120, 480, 30, 180, 830, 830, 180, 110, 1910, 570, 100, 3740, 10, 10, 10, 120, 1910, 3740, 570, 1170, 3740, 570, 100, 120, 3740, 1910, 1170, 100, 480, 4690, 570, 1170, 1910, 3740, 1170, 10, 100, 120, 1910, 1170, 120, 10, 100, 120, 570, 1750, 4160, 680, 100, 50, 3100, 20, 1750, 100, 3100, 100, 3100, 680, 20, 1750, 680, 680, 20, 3100, 1750, 680, 20, 3100, 1750, 20, 100, 100, 370, 550, 370, 50, 1480, 370, 1480, 1480, 370, 1480, 1480, 370, 50, 250, 4340, 2520, 790, 380, 120, 80, 80, 80, 2520, 790, 2520, 80, 120, 80, 790, 120, 2520, 250, 4340, 790, 250, 120, 250, 4340, 250, 4340, 4340, 790, 2520, 120, 1180, 10, 10550, 10550, 10550, 1180, 10550, 10550, 130, 2480, 1380, 130, 3480, 130, 410, 3480, 3480, 130, 7430, 2880, 7430, 2880, 410, 130, 1380, 7430, 1380, 3480, 130, 2880, 410, 1380, 3480, 7430, 2880, 410, 1380, 7430, 130, 2880, 410, 1220, 430, 290, 4280, 1220, 4280, 18140, 4280, 290, 1220, 50, 1070, 260, 50, 1070, 260, 50, 1070, 260, 50, 260, 1220, 4280, 260, 290, 50, 1070, 1220, 4280, 290, 1070, 290, 15300, 5460, 110, 3290, 5300, 110, 5460, 5300, 5460, 5300, 3290, 110, 5460, 5300, 110, 5300, 930, 5460, 110, 300, 1230, 330, 300, 340, 340, 340, 330, 340, 340, 330, 1230, 300, 1230, 330, 1230, 330, 300, 300, 1230, 40, 1040, 100, 940, 90, 1040, 940, 1040, 100, 940, 1040, 100, 940, 1040, 40, 100, 940, 100, 100, 280, 30, 280, 280, 50, 2660, 20, 80, 10, 3760, 50, 20, 2660, 2660, 50, 20, 30, 10, 2660, 50, 10, 50, 280, 20, 2660, 20, 10, 10, 280, 90, 150, 800, 2210, 2210, 2210, 2210, 90, 2210, 350, 680, 350, 680, 350, 680, 680, 350, 680, 350, 120, 9780, 680, 6150, 480, 480, 570, 680, 120, 480, 120, 6150, 480, 120, 120, 480, 6150, 680, 9780, 680, 120, 6150, 680, 6150, 340, 4280, 1470, 4360, 30, 50, 1470, 1470, 1150, 100, 1150, 1150, 340, 30, 50, 100, 30, 100, 1470, 4360, 1150, 30, 50, 100, 1470, 4360, 1150, 340, 4360, 340, 100, 50, 30, 4360, 340, 50, 120, 2320, 790, 2320, 120, 2320, 2320, 2320, 40, 1360, 0, 10, 1000, 450, 1360, 40, 100, 100, 100, 450, 40, 450, 40, 450, 30, 100, 0, 1360, 10, 1000, 40, 450, 30, 100, 30, 10, 1360, 10, 1360, 10, 30, 30, 880, 20, 50, 80870, 880, 1300, 1300, 2290, 50, 50, 880, 100, 50, 0, 100, 100, 80870, 2290, 880, 1300, 100, 1300, 80870, 2290, 100, 80870, 50, 2290, 880, 1300, 2290, 80870, 130, 480, 480, 0, 3590, 3590, 130, 480, 480, 0, 480, 0, 480, 130, 3590, 480, 0, 130, 3590, 480, 0, 480, 480, 520, 130, 3590, 10, 100, 170, 10, 170, 170, 170, 10, 100, 170, 10, 10, 0, 260, 370, 280, 3810, 280, 370, 5160, 5160, 370, 280, 66290, 280, 1170, 5160, 0, 3810, 370, 5160, 13990, 66290, 0, 260, 5160, 370, 280, 3810, 66290, 0, 66290, 0, 3810, 3810, 400, 66290, 800, 270, 4640, 1530, 1890, 1660, 1660, 800, 60, 4640, 60, 4640, 60, 1660, 4640, 60, 1660, 60, 800, 1660, 800, 4640, 800, 1080, 2800, 1080, 1080, 1080, 1080, 4810, 4810, 4810, 4810, 4810, 50, 10, 2190, 90, 350, 10, 350, 90, 350, 90, 350, 2190, 10, 2190, 90, 2190, 10, 90, 350, 2190, 90, 10, 50, 50, 50, 50, 30, 4810, 50, 2320, 150, 30, 4810, 1430, 30, 160, 1430, 100, 150, 30, 160, 50, 4810, 50, 160, 2320, 30, 100, 150, 4810, 50, 1430, 160, 2320, 100, 150, 50, 1430, 4810, 160, 2320, 100, 150, 100, 2320, 1430, 2840, 220, 340, 220, 110, 220, 2840, 110, 2840, 110, 220, 2840, 110, 110, 2840, 220]"
2020-11-03 13:35:00+00:00,20521190,14,6875.0,"[60, 300, 130, 60, 210, 460, 270, 60, 270, 130, 460, 210, 50, 130, 210, 460, 270, 210, 50, 130, 460, 60, 270, 210, 50, 130, 460, 1050, 60, 270, 50, 50, 420, 1520, 40, 790, 970, 40, 970, 790, 970, 420, 420, 970, 790, 970, 40, 420, 790, 40, 420, 790, 40, 170, 110, 480, 6640, 40, 480, 6640, 480, 6640, 40, 40, 6640, 480, 40, 40, 6640, 480, 410, 160, 160, 160, 410, 760, 410, 760, 160, 760, 160, 410, 760, 410, 7630, 760, 2050, 5960, 2050, 40, 2050, 2050, 5960, 2050, 1120, 30, 600, 40, 220, 190, 170, 170, 220, 600, 600, 30, 170, 30, 170, 220, 220, 30, 170, 40, 600, 220, 600, 30, 1020, 690, 1020, 1670, 4210, 1670, 170, 950, 4210, 1020, 170, 170, 4210, 4210, 950, 1670, 1670, 1020, 170, 690, 690, 950, 690, 950, 1020, 950, 4210, 1670, 170, 690, 60, 180, 60, 70, 60, 60, 180, 14750, 60, 180, 70, 180, 70, 180, 70, 70, 90, 250, 620, 10, 100, 240, 250, 110, 0, 100, 110, 240, 0, 90, 240, 90, 90, 0, 100, 110, 10, 100, 110, 240, 1700, 90, 10, 240, 10, 0, 0, 110, 100, 10, 0, 6170, 6170, 6170, 6170, 60, 2750, 530, 0, 0, 11440, 0, 2750, 2750, 530, 60, 0, 2750, 620, 9280, 6170, 530, 530, 530, 2750, 2620, 2620, 3180, 3530, 1210, 780, 300, 240, 10660, 3530, 10660, 240, 3530, 1210, 780, 300, 1020, 200, 10660, 1210, 300, 3530, 10660, 300, 200, 3530, 10660, 3180, 240, 1210, 780, 200, 240, 1210, 200, 240, 780, 300, 780, 40, 100, 5680, 380, 3930, 300, 380, 340, 340, 300, 5680, 380, 3930, 100, 300, 380, 340, 300, 380, 5680, 100, 300, 3930, 5680, 100, 3930, 340, 5680, 3930, 100, 340, 19140, 450, 390, 50, 570, 450, 19140, 50, 19140, 150, 390, 150, 390, 450, 570, 50, 19140, 150, 570, 50, 450, 150, 390, 390, 570, 50, 19140, 150, 570, 450, 90, 30, 10, 950, 110, 60, 30, 90, 10, 60, 10, 10, 60, 110, 950, 10120, 60, 90, 110, 10, 950, 110, 90, 60, 30, 90, 90, 90, 950, 0, 90, 110, 90, 30, 90, 30, 950, 90, 3040, 1370, 30, 50, 50, 3040, 40, 320, 50, 660, 3000, 40, 35080, 3040, 50, 660, 3040, 50, 320, 50, 320, 440, 20, 50, 40, 40, 35080, 3040, 3000, 50, 320, 35080, 3000, 50, 35080, 320, 660, 3000, 3000, 50, 660, 660, 40, 35080, 24030, 950, 70, 430, 230, 950, 950, 230, 24030, 430, 950, 950, 950, 950, 950, 24030, 430, 950, 29550, 230, 430, 24030, 230, 950, 24030, 70, 230, 430, 40, 190, 1560, 2210, 1560, 410, 3760, 40, 3760, 40, 1560, 190, 410, 410, 190, 40, 3760, 190, 410, 1560, 3760, 190, 40, 1560, 410, 3760, 60, 90, 60, 5220, 730, 60, 90, 730, 730, 3020, 170, 170, 90, 170, 1070, 5220, 730, 60, 170, 1070, 5220, 90, 3020, 170, 1070, 5220, 1070, 1070, 5220, 60, 90, 730, 48480, 1230, 1230, 1230, 1230, 48480, 1230, 48480, 7800, 48480, 80880, 48480, 30, 1940, 430, 240, 240, 2750, 90, 430, 1950, 1950, 30, 120, 1950, 30, 180, 1790, 120, 60, 60, 240, 1950, 30, 1940, 430, 180, 6030, 60, 430, 240, 30, 120, 1790, 30, 1940, 180, 60, 240, 1950, 30, 120, 1790, 1940, 180, 60, 120, 240, 30, 1940, 430, 180, 30, 30, 1790, 1790, 17060, 6750, 470, 10660, 650, 6750, 1510, 10660, 1510, 10660, 310, 10660, 1510, 310, 310, 470, 10660, 17060, 1510, 6750, 470, 650, 310, 17060, 650, 17060, 6750, 470, 17060, 470, 650, 310, 6750, 650, 1510, 120, 230, 230, 120, 120, 230, 230, 120, 230, 120, 210, 30, 30, 110, 310, 760, 30, 110, 110, 30, 110, 30, 110, 320, 66290, 12820, 12820, 66290, 2320, 2320, 2320, 2320, 12820, 320, 66290, 2320, 66290, 12820, 12820, 66290, 290, 10, 650, 2340, 650, 60, 2340, 2340, 50, 2340, 50, 650, 290, 650, 290, 290, 650, 290, 50, 2340, 50, 50, 2650, 12490, 20, 20, 220, 3930, 1560, 12490, 220, 2650, 2650, 12490, 3930, 1560, 2650, 220, 2650, 1560, 3930, 1560, 20, 3930, 12490, 220, 3930, 12490, 1560, 220, 2750, 530, 390, 530, 2750, 530, 2750, 0, 480, 480, 390, 390, 480, 530, 2750, 480, 0, 390, 480, 0, 390, 0, 2750, 0, 530, 2690, 2690, 2690, 1760, 2690, 2690, 100, 140, 140, 1420, 15390, 140, 140, 5710, 140, 70, 1260, 1020, 1530, 1020, 1020, 1260, 70, 1260, 70, 1020, 1260, 70, 1020, 1260, 70, 1000, 30, 1680, 1680, 1000, 1000, 30, 1680, 30, 1680, 920, 1000, 30, 1000, 30, 1680, 2520, 1220, 20, 110, 20, 110, 110, 240, 110, 110, 2520, 80, 20, 2520, 20, 2520, 2520, 20, 1120, 330, 230, 4400, 220, 850, 1120, 60, 230, 4400, 850, 330, 4400, 330, 60, 230, 60, 230, 10550, 1120, 330, 4400, 220, 10550, 850, 330, 4400, 220, 10550, 850, 10550, 1120, 220, 1120, 60, 60, 220, 10550, 850, 230, 890, 7920, 300, 330, 480, 30, 30, 890, 90, 30, 330, 3240, 480, 890, 7920, 30, 90, 480, 480, 3240, 90, 7920, 890, 90, 330, 3240, 300, 7920, 330, 3240, 3240, 40, 7920, 890, 330, 90, 480, 30, 80, 2340, 80, 80, 1360, 80, 2340, 2340, 110, 340, 140, 2340, 80, 2340, 440, 440, 1680, 440, 63830, 1560, 1560, 1680, 440, 1680, 63830, 63830, 1560, 1560, 1680, 63830, 1560, 1680, 63830, 440, 1350, 220, 220, 220, 220, 1350, 220, 740, 100, 740, 10, 350, 840, 840, 910, 19140, 910, 170, 840, 170, 840, 910, 740, 350, 910, 910, 19140, 910, 17460, 19140, 740, 350, 910, 170, 170, 19140, 840, 910, 910, 170, 19140, 10, 350, 910, 350, 170, 740, 100, 120, 100, 80, 1740, 20, 1740, 80, 100, 120, 80, 120, 6560, 1740, 100, 120, 6560, 80, 100, 100, 120, 6560, 6560, 1740, 6560, 1740, 100, 80, 10, 1020, 660, 7960, 5700, 20230, 7960, 3460, 20230, 7960, 3460, 660, 40, 5700, 3460, 660, 7960, 20230, 5700, 3460, 660, 20230, 660, 3460, 20230, 7960, 5700, 5700, 110, 300, 110, 300, 1960, 300, 20, 120, 0, 12480, 110, 110, 300, 1960, 300, 1960, 110, 1960, 1960, 5500, 40, 1450, 980, 980, 280, 1450, 40, 980, 1450, 980, 280, 2070, 1450, 40, 280, 280, 40, 980, 40, 280, 1450, 140, 560, 560, 560, 140, 140, 140, 560, 560, 140, 2440, 50, 610, 1880, 1100, 20, 10, 1880, 30, 10, 30, 2440, 4160, 30, 610, 0, 4160, 10, 50, 1100, 10, 50, 1880, 0, 610, 30, 4160, 50, 1100, 2440, 20, 1880, 0, 610, 4160, 10, 50, 610, 2440, 1880, 4160, 0, 30, 1100, 0, 1100, 2440, 1260, 1320, 2540, 6330, 1260, 1260, 1260, 220, 220, 6330, 220, 6330, 2540, 2540, 1260, 6330, 2540, 220, 1320, 6330, 2540, 220, 1320, 1320, 1320, 30, 200, 2020, 30, 30, 120, 120, 2020, 120, 20, 30, 30, 200, 2020, 2160, 20, 120, 20, 2020, 20, 200, 120, 2020, 20, 200, 200, 20, 230, 3110, 330, 50, 560, 50, 3110, 3110, 560, 3110, 20, 50, 560, 3110, 48480, 50, 560, 560, 50, 70, 800, 10, 160, 160, 30, 30, 30, 160, 800, 800, 160, 30, 160, 800, 800, 10, 210, 10, 10, 10, 30, 340, 48480, 48480, 110, 40, 40, 48480, 110, 48480, 110, 340, 40, 110, 590, 110, 40, 40, 48480, 280, 1500, 7960, 90, 90, 90, 1500, 1500, 110, 100, 90, 1500, 90, 1500, 40, 30, 30, 40, 30, 330, 40, 330, 330, 30, 40, 30, 330, 40, 330, 20, 1620, 1850, 70, 90, 1630, 1620, 70, 1620, 1620, 1630, 100, 20, 70, 1620, 20, 70, 1850, 1630, 100, 100, 1850, 20, 1850, 1630, 100, 20, 1850, 100, 70, 1630, 40, 11220, 120, 40, 320, 320, 2420, 1670, 2420, 180, 40, 2420, 180, 40, 180, 180, 40, 2420, 11220, 320, 11220, 320, 11220, 320, 180, 11220, 10, 2420, 20, 30, 20, 20, 340, 20, 30, 20, 660, 580, 1170, 1170, 1170, 580, 660, 660, 580, 660, 1170, 580, 660, 580, 1170, 60, 40, 360, 1170, 70, 360, 60, 60, 1170, 10, 1170, 10, 10, 60, 10, 60, 1170, 130, 360, 1170, 360, 130, 10, 360, 560, 7920, 40, 560, 7920, 7920, 120, 7920, 120, 560, 40, 120, 560, 40, 7920, 120, 40, 40, 560, 3490, 110, 20220, 140, 3490, 1400, 3490, 140, 3770, 810, 140, 20220, 3490, 140, 20220, 140, 20220, 3490, 20220, 11590, 18350, 18350, 11590, 1160, 11590, 18350, 2690, 620, 620, 520, 620, 620, 11590, 620, 18350, 11590, 18350, 60, 130, 60, 1950, 240, 1240, 11330, 11330, 1240, 60, 1240, 940, 1950, 11330, 1950, 100, 11330, 100, 11330, 60, 100, 100, 60, 1240, 940, 100, 60, 1240, 1950, 1950, 40, 9400, 10900, 6350, 40, 9400, 9400, 1200, 10900, 10900, 1200, 9400, 9400, 40, 10900, 1200, 1200, 40, 10900, 40, 1200, 2540, 1300, 780, 1700, 2320, 1300, 1300, 780, 2320, 1300, 780, 2320, 1700, 780, 2320, 780, 1700, 2320, 1700, 1300, 1700, 540, 5700, 6080, 250, 250, 6080, 250, 250, 30, 540, 6080, 250, 6080, 540, 540, 540, 90, 6080, 30, 30, 550, 8260, 130, 60, 650, 390, 80, 80, 290, 60, 13020, 50, 130, 50, 290, 80, 13020, 650, 130, 130, 30, 290, 80, 650, 60, 50, 130, 290, 80, 13020, 650, 8260, 50, 13020, 290, 30, 650, 60, 50, 60, 13020, 30, 1480, 250, 1480, 1480, 0, 250, 1480, 0, 250, 70, 0, 250, 0, 250, 1480, 0, 11640, 3470, 11640, 18350, 11640, 250, 0, 3590, 3470, 11640, 90, 3470, 3590, 60, 3470, 90, 18350, 480, 11640, 3470, 90, 18350, 1160, 2440, 90, 3590, 18350, 480, 90, 3590, 0, 18350, 480, 480, 3590, 480, 550, 40, 540, 11590, 140, 550, 15230, 140, 550, 15230, 40, 140, 15230, 11590, 40, 140, 11590, 15230, 40, 140, 540, 550, 40, 11590, 11590, 15230, 550, 220, 1320, 5320, 3040, 3090, 2250, 220, 3040, 510, 1320, 3090, 2250, 510, 220, 660, 220, 3040, 1320, 3090, 2250, 510, 3040, 1320, 3090, 2250, 510, 220, 3090, 2250, 510, 3040, 1320, 20, 20, 20, 20, 20, 230, 7730, 2430, 10, 80, 620, 620, 10, 80, 10, 2430, 620, 2370, 2430, 80, 620, 2370, 2430, 80, 620, 2370, 10, 160, 10, 2430, 80, 2370, 2370, 630, 3410, 320, 630, 3410, 630, 630, 3410, 3410, 320, 3410, 630, 0, 2340, 1090, 530, 5000, 530, 250, 160, 0, 530, 530, 160, 530, 0, 160, 160, 0, 250, 250, 250, 250, 0, 160, 0, 0, 1560, 3110, 0, 1560, 2190, 1560, 1560, 3110, 0, 3110, 3110, 1560, 0, 3110, 20670, 310, 20670, 20670, 210, 20670, 310, 310, 310, 50, 20670, 310, 50, 50, 50, 50, 24460, 86800, 5110, 10, 1910, 10, 10, 5110, 10, 5110, 1910, 10, 5110, 1910, 5110, 1910, 1910, 730, 6720, 10450, 30, 170, 270, 10450, 180, 270, 4690, 170, 170, 6720, 270, 270, 1340, 180, 6720, 1340, 270, 170, 10450, 270, 1340, 180, 170, 10450, 6720, 270, 270, 1340, 180, 1340, 270, 270, 180, 6720, 30, 10450, 0, 5640, 1070, 1070, 1070, 1070, 0, 5640, 1070, 40, 70, 120, 1620, 1300, 230, 1330, 1330, 120, 1330, 1330, 120, 40, 20, 10190, 110, 6460, 230, 70, 10190, 110, 1300, 70, 6460, 10190, 110, 230, 1300, 70, 70, 40, 6460, 10190, 110, 230, 1330, 1300, 6460, 120, 40, 6460, 230, 10190, 110, 40, 120, 1300, 80, 10500, 4690, 100, 620, 100, 10500, 80, 10500, 9550, 620, 80, 10500, 620, 80, 10500, 4690, 100, 4690, 620, 80, 100, 4690, 100, 20, 620, 4690, 20, 9150, 130, 40, 10, 1530, 2600, 1530, 10, 1150, 1530, 40, 40, 9150, 1530, 9150, 1530, 20, 40, 9150, 10, 9150, 40, 10, 10, 60, 100, 70, 12690, 1340, 30, 60, 60, 100, 1340, 1340, 100, 60, 100, 60, 70, 100, 70, 70, 70, 1340, 1340, 8040, 250, 0, 1760, 8040, 8040, 8040, 0, 8040, 0, 0, 0, 230, 13820, 1430, 13820, 230, 890, 40, 13820, 13820, 230, 40, 13820, 230, 40, 40, 40, 230, 30, 80, 1450, 50, 100, 5750, 5750, 5750, 30, 50, 5750, 100, 80, 30, 30, 50, 30, 30, 5750, 50, 100, 80, 30, 100, 30, 80, 30, 100, 30, 30, 50, 50, 80, 160, 160, 3350, 160, 160, 3350, 1480, 160, 3350, 3350, 3350, 10850, 30, 30, 30, 10850, 30, 30, 8240, 3540, 4210, 90, 4210, 1970, 1130, 40, 1970, 40, 40, 90, 1970, 1130, 40, 90, 1130, 40, 1970, 90, 1970, 4210, 90, 1130, 4210, 4210, 1130, 3590, 2950, 540, 160, 50, 2950, 540, 2960, 2960, 11740, 3590, 2950, 540, 2960, 2950, 3590, 0, 50, 540, 2950, 2960, 50, 540, 160, 2960, 50, 50, 3590, 1630, 1870, 1870, 0, 1870, 0, 1920, 0, 0, 1870, 0, 1870, 330, 330, 2420, 5220, 130, 130, 10, 330, 2420, 120, 10, 120, 2420, 120, 130, 120, 330, 130, 130, 50, 180, 5220, 1970, 5220, 10, 5220, 10, 330, 5220, 2420, 10, 120, 2420, 1730, 280, 60, 13820, 110, 840, 240, 1730, 840, 840, 840, 280, 21850, 440, 1730, 280, 240, 240, 280, 21850, 440, 240, 1730, 280, 21850, 440, 240, 1730, 21850, 440, 840, 110, 110, 440, 110, 21850, 110, 3130, 810, 3130, 5020, 2690, 50, 240, 130, 240, 2690, 5020, 50, 5020, 2690, 240, 50, 5020, 240, 50, 5020, 2690, 240, 50, 2690, 120, 120, 120, 120, 120, 0, 0, 180, 0, 40, 390, 390, 180, 0, 40, 390, 0, 180, 40, 390, 40, 390, 180, 40, 180, 24460, 30, 40, 1570, 0, 100, 17310, 480, 1540, 0, 480, 480, 0, 100, 0, 480, 100, 1540, 0, 480, 30, 100, 40, 1540, 1570, 1540, 1570, 100, 1540, 1570, 1570, 170, 200, 19020, 1180, 170, 1470, 200, 240, 15040, 180, 180, 170, 170, 170, 1470, 5700, 15040, 1470, 15040, 1470, 19020, 200, 180, 180, 15040, 1470, 19020, 200, 240, 15040, 180, 19020, 200, 19020, 20, 280, 20, 1700, 220, 20, 0, 20, 22960, 0, 220, 1700, 20, 0, 22960, 220, 0, 1700, 20, 22960, 220, 1700, 1700, 22960, 220, 20, 22960, 0, 1570, 5710, 2480, 1570, 590, 240, 5710, 590, 2480, 5710, 590, 240, 1570, 570, 2480, 570, 5710, 590, 240, 1570, 570, 2480, 5710, 590, 240, 1570, 2480, 50, 570, 240, 570, 10, 720, 40, 10, 790, 1660, 4490, 160, 1660, 8240, 8240, 1660, 790, 790, 8240, 8240, 790, 10, 40, 790, 720, 1660, 720, 40, 10, 40, 720, 720, 1660, 10, 8240, 40, 240, 8540, 90, 3910, 3910, 310, 3910, 310, 3910, 310, 8540, 310, 2950, 8540, 3910, 310, 8540, 8540, 660, 230, 1150, 110, 1460, 110, 1460, 110, 520, 1570, 1460, 110, 110, 110, 520, 520, 1460, 110, 160, 520, 520, 110, 2750, 110, 1460, 110, 11320, 1620, 1620, 7820, 1620, 7820, 11320, 2430, 7820, 11320, 7820, 11320, 7820, 1620, 1620, 11320, 1700, 30, 5620, 400, 530, 400, 1700, 30, 30, 1700, 1700, 400, 30, 1700, 5620, 400, 30, 400, 50, 5160, 660, 50, 50, 50, 50, 50, 50, 50, 50, 50, 50, 8540, 1910, 160, 4880, 380, 60, 90, 1910, 8540, 1910, 8540, 1910, 8540, 60, 4880, 160, 8540, 1910, 60, 4880, 5190, 60, 4880, 60, 4880, 15940, 190, 190, 15940, 15940, 190, 790, 5320, 190, 8240, 15940, 15940, 190, 50, 350, 3090, 350, 590, 3180, 350, 590, 590, 3180, 50, 590, 3180, 3090, 590, 50, 770, 3090, 50, 3090, 350, 3180, 50, 3090, 350, 3180, 5110, 1220, 1990, 40, 30, 2530, 1220, 1990, 2530, 1320, 1990, 40, 40, 1320, 1320, 1990, 2530, 1320, 1220, 30, 1320, 2530, 40, 1220, 30, 2530, 40, 1220, 30, 30, 1990, 70, 840, 100, 4160, 70, 4160, 4160, 100, 70, 70, 4160, 70, 4160, 100, 100, 100, 180, 1560, 580, 380, 1760, 1070, 180, 1560, 180, 380, 1070, 380, 1560, 180, 1070, 1070, 1560, 380, 1760, 1070, 180, 1560, 380, 1760, 1760, 1760, 400, 960, 180, 330, 330, 330, 330, 180, 330, 280, 0, 1620, 11640, 140, 280, 2740, 140, 280, 2740, 280, 2740, 140, 280, 2740, 1620, 2740, 140, 140, 43190, 6320, 11740, 1740, 2690, 180, 370, 110, 170, 11740, 370, 11740, 180, 180, 180, 410, 410, 1740, 110, 43190, 110, 11740, 1740, 110, 43190, 6320, 370, 170, 1740, 110, 43190, 180, 370, 170, 43190, 1740, 410, 11740, 370, 170, 170, 410, 410, 790, 790, 790, 790, 790, 790, 790, 790, 3170, 790, 790, 90, 440, 3250, 10, 440, 1380, 3250, 10, 4040, 4040, 1240, 3250, 10, 3250, 4040, 4040, 3250, 440, 10, 1380, 440, 440, 1380, 1240, 1380, 10, 4040, 1380, 1240, 1240, 1240, 90, 0, 170, 19560, 60, 4160, 50, 50, 4160, 50, 4160, 2020, 570, 60, 2020, 60, 19560, 19560, 50, 190, 50, 2020, 19560, 50, 4160, 50, 2020, 19560, 170, 50, 4160, 2020, 50, 50, 60, 60, 500, 6080, 6080, 6080, 6080, 500, 6080, 12920, 10660, 10660, 1950, 110, 110, 12920, 12920, 10660, 1590, 1590, 12920, 1590, 12920, 1590, 1590, 110, 110, 10660, 10660, 110, 550, 4780, 910, 910, 4780, 910, 4780, 910, 4780, 910, 4780, 280, 350, 350, 350, 350, 350, 200, 5710, 0, 1100, 0, 200, 0, 450, 1100, 3090, 110, 1100, 110, 3090, 5710, 0, 450, 90, 1100, 450, 200, 110, 1100, 3090, 5710, 90, 0, 450, 200, 110, 5710, 200, 3090, 5710, 90, 90, 3090, 90, 450, 110, 130, 3460, 100, 30, 370, 1370, 100, 1370, 100, 370, 3460, 3460, 370, 1370, 3460, 1370, 100, 30, 3460, 1370, 100, 370, 370, 2210, 370, 630, 140, 140, 40, 630, 110, 630, 110, 110, 40, 40, 110, 40, 630, 140, 110, 140, 630, 40, 140, 380, 2800, 0, 30, 2850, 20, 1040, 20, 40, 530, 20, 1040, 360, 380, 2800, 1040, 1040, 360, 20, 40, 360, 0, 380, 2800, 360, 40, 380, 2800, 360, 20, 40, 0, 380, 2800, 30, 1040, 0, 40, 0, 20, 20, 2560, 2650, 2560, 2740, 2650, 2740, 400, 10, 250, 20, 2740, 2560, 2650, 2740, 2560, 20, 2650, 2560, 2650, 2740, 20, 160, 490, 24010, 970, 3500, 160, 13020, 490, 970, 3500, 24010, 160, 3500, 160, 490, 970, 3500, 24010, 160, 490, 970, 24010, 3500, 490, 580, 970, 24010, 18310, 340, 0, 18310, 340, 20, 18310, 0, 340, 18310, 20, 0, 340, 18310, 20, 340, 0, 20, 20, 0, 120, 0, 5440, 610, 610, 30, 370, 30, 20, 120, 70, 120, 70, 30, 70, 120, 70, 610, 20, 120, 70, 30, 20, 20, 610, 1380, 3580, 11740, 610, 20, 30, 0, 270, 180, 10, 180, 60, 180, 60, 2730, 60, 10, 180, 60, 180, 60, 10, 230, 800, 40, 19020, 800, 880, 40, 40, 10, 800, 10, 40, 800, 10, 230, 10, 230, 230, 40, 800, 230, 150, 140, 140, 300, 1870, 150, 140, 300, 150, 150, 1870, 300, 140, 140, 300, 1870, 150, 210, 300, 1870, 1870, 60, 13820, 90, 1870, 13820, 130, 120, 90, 320, 90, 320, 100, 60, 90, 13820, 1870, 13820, 13820, 1870, 60, 60, 90, 13820, 1870, 320, 13820, 60, 13820, 1870, 320, 100, 100, 13820, 320, 100, 13820, 620, 10, 10, 560, 560, 560, 10, 560, 10, 560, 10, 620, 6150, 530, 170, 230, 390, 390, 390, 230, 6150, 230, 370, 40, 530, 170, 390, 6150, 170, 530, 390, 370, 170, 530, 230, 370, 170, 6150, 6150, 370, 370, 230, 530, 1470, 30, 190, 1470, 1470, 30, 1470, 760, 30, 1020, 30, 1020, 1020, 1470, 1020, 30, 1020, 170, 4520, 180, 15890, 20, 180, 180, 4520, 4520, 4520, 15890, 15890, 4520, 180, 15890, 15890, 180, 170, 50, 10660, 60, 2910, 2910, 60, 60, 50, 2910, 2650, 50, 2650, 50, 260, 260, 2910, 2650, 50, 2910, 2650, 260, 60, 2650, 260, 2090, 60, 260, 1510, 80, 30, 100, 11320, 10, 8340, 11320, 11320, 11320, 8340, 1510, 30, 11320, 10, 8340, 1510, 8340, 1510, 8340, 1510, 30, 25070, 80, 220, 25070, 220, 25070, 220, 80, 3750, 25070, 80, 80, 80, 220, 25070, 220, 3260, 880, 410, 410, 500, 40, 500, 410, 40, 1050, 410, 500, 40, 500, 3260, 880, 40, 500, 880, 880, 410, 880, 40, 150, 810, 9100, 1150, 9100, 30, 30, 9100, 30, 9100, 9100, 30, 30, 150, 340, 1470, 0, 1010, 740, 10, 620, 1010, 0, 950, 220, 0, 1010, 4010, 950, 4010, 1010, 620, 220, 4690, 4010, 950, 0, 40, 620, 220, 1010, 0, 950, 740, 620, 4010, 950, 740, 620, 220, 1370, 740, 740, 4010, 220, 1810, 14130, 0, 0, 0, 0, 0, 170, 5660, 38400, 5660, 5660, 5660, 170, 960, 38400, 5660, 170, 38400, 170, 38400, 38400, 170, 7730, 80, 10, 40, 1260, 200, 20, 20, 20, 20, 20, 7730, 40, 1260, 7730, 200, 200, 7730, 1260, 200, 7730, 10, 40, 1260, 200, 1260, 40, 40, 2080, 10, 100, 10, 100, 2080, 100, 2080, 100, 2080, 10, 100, 2080, 25070, 10, 10, 460, 910, 160, 9130, 3260, 210, 3260, 210, 160, 160, 3260, 160, 210, 3260, 160, 210, 210, 3260, 1250, 1250, 80, 710, 100, 80, 2940, 1250, 100, 710, 100, 2940, 710, 2940, 2940, 1250, 80, 710, 2940, 1250, 80, 710, 100, 80, 100, 1080, 40, 100, 940, 260, 230, 100, 1080, 260, 940, 940, 260, 230, 100, 1080, 260, 940, 100, 40, 1080, 230, 260, 940, 230, 230, 100, 1080, 2660, 380, 240, 240, 2660, 2250, 2250, 240, 2660, 2250, 240, 2660, 240, 2660, 2250, 2250, 1810, 2670, 1390, 3680, 20, 3680, 1390, 20, 30, 3680, 1390, 1810, 2670, 3680, 1390, 20, 2670, 1810, 20, 1810, 3680, 1390, 2670, 20, 2670, 110, 1810, 17460, 60, 70, 2690, 390, 540, 540, 60, 17460, 2690, 60, 390, 540, 17460, 2690, 60, 70, 390, 540, 17460, 2690, 60, 390, 17460, 390, 540, 2690, 40, 1260, 180, 40, 10, 1260, 180, 1880, 1880, 10, 10, 1260, 180, 40, 10, 250, 1880, 1880, 40, 1880, 40, 10, 1260, 180, 1260, 180, 650, 50, 0, 2100, 380, 10660, 7000, 320, 6830, 1980, 1410, 0, 1010, 1410, 0, 1980, 0, 0, 1410, 1980, 0, 0, 0, 10660, 6830, 7000, 2100, 0, 7000, 10660, 6830, 7000, 2100, 10660, 6830, 1980, 7000, 380, 1410, 6830, 0, 1980, 2100, 10660, 2100, 1410, 1800, 51500, 60, 1800, 80, 1800, 1800, 80, 90, 1800, 90, 51500, 80, 60, 90, 51500, 90, 80, 51500, 80, 90, 51500, 1200, 230, 400, 7330, 1200, 400, 230, 7330, 1200, 7330, 7330, 1200, 230, 7330, 230, 1200, 230, 3540, 9320, 50, 20, 120, 660, 1870, 160, 290, 10, 160, 240, 2660, 50, 290, 4210, 2660, 20, 10, 240, 660, 4210, 660, 20, 290, 10, 2660, 660, 4210, 50, 240, 120, 10, 290, 2660, 660, 4210, 50, 240, 160, 120, 10, 290, 4210, 50, 240, 2660, 160, 120, 20, 20, 160, 120, 50, 300, 300, 300, 50, 11320, 300, 50, 710, 300, 10, 50, 50, 5120, 1500, 40, 0, 1210, 130, 5320, 40, 1500, 710, 130, 560, 0, 560, 0, 130, 560, 1500, 5320, 1210, 130, 1500, 0, 130, 40, 5320, 40, 560, 1210, 560, 1500, 0, 1210, 5320, 5320, 1210, 920, 66640, 66640, 450, 1360, 66640, 920, 66640, 66640, 60, 1470, 3770, 10, 60, 10, 340, 40, 10, 340, 10, 280, 40, 60, 40, 3770, 40, 60, 3770, 40, 60, 340, 3770, 10, 3770, 340, 340, 950, 2100, 370, 370, 950, 2100, 370, 2100, 950, 2100, 370, 950, 2100, 950, 370, 2240, 1460, 2240, 430, 2240, 430, 740, 430, 430, 2240, 2240, 0, 740, 1460, 2240, 740, 740, 0, 740, 1460, 2240, 0, 430, 1460, 0, 1460, 0, 110, 2160, 1450, 2160, 110, 1450, 110, 70, 1450, 2160, 1450, 110, 2160, 1450, 110, 2160, 120, 220, 40, 220, 40, 40, 40, 220, 0, 220, 120, 40, 120, 40, 220, 120, 40, 40, 40, 40, 120, 4500, 50, 100, 400, 1120, 1120, 260, 1120, 4500, 50, 100, 50, 4500, 1120, 50, 4500, 100, 1120, 260, 400, 4140, 400, 4140, 4140, 4500, 100, 400, 4140, 100, 400, 4140, 50, 200, 2190, 50, 260, 3770, 50, 3770, 50, 3770, 2190, 200, 3770, 200, 3770, 2190, 50, 200, 50, 2190, 200, 2190, 7920, 1470, 50, 7920, 130, 7920, 130, 7920, 130, 50, 130, 50, 120, 1470, 50, 50, 130, 7920, 1470, 50, 50, 1470, 50, 50, 50, 1470, 10, 110, 20, 3630, 20, 1000, 60, 3630, 20, 3630, 1000, 170, 60, 1000, 110, 60, 3630, 1000, 110, 20, 20, 60, 3630, 1000, 110, 60, 10, 110, 1350, 3380, 3380, 3380, 3380, 3380, 5190, 140, 140, 5190, 70, 820, 5190, 140, 5190, 140, 5190, 140, 3820, 8090, 1920, 2160, 4500, 4500, 8090, 1920, 8090, 1410, 1920, 4500, 8090, 1920, 4500, 8090, 1920, 4500, 710, 1750, 2130, 1750, 300, 300, 710, 1750, 300, 710, 1750, 300, 710, 300, 710, 1750, 260, 10, 760, 12790, 1820, 2700, 12790, 12790, 750, 2700, 1820, 10, 750, 3680, 750, 1820, 2700, 760, 12790, 10, 1820, 10, 750, 2700, 760, 2700, 1820, 750, 10, 260, 760, 760, 12790, 120, 120, 5320, 5320, 5320, 5320, 120, 5320, 120, 120, 160, 200, 40, 200, 40, 40, 40, 160, 200, 200, 160, 160, 40, 200, 160, 2370, 1470, 17370, 250, 530, 5980, 50, 50, 50, 1480, 5980, 1470, 1470, 5980, 530, 50, 1480, 5980, 1470, 530, 250, 1480, 5980, 1470, 530, 1480, 50, 1480, 250, 530, 250, 250, 190, 20, 190, 20, 0, 20, 1560, 10, 440, 80, 10, 190, 80, 20, 210, 1560, 80, 20, 80, 190, 210, 440, 40, 20, 440, 10, 40, 20, 10, 440, 40, 210, 0, 20, 40, 440, 40, 80, 210, 190, 10, 1560, 20, 1560, 20, 210, 1560, 3760, 1490, 850, 70, 1400, 3760, 90, 70, 340, 340, 3760, 340, 1400, 620, 1400, 70, 70, 1490, 340, 1490, 620, 340, 1490, 1400, 1490, 620, 70, 3760, 620, 1400, 3760, 620, 120, 5130, 130, 5130, 30, 120, 5130, 5130, 5130, 120, 11030, 5570, 11030, 120, 120, 11030, 120, 11030, 11030, 120, 2040, 1540, 70, 510, 220, 510, 1540, 70, 1540, 220, 70, 220, 510, 1540, 220, 1540, 70, 510, 220, 70, 510, 180, 180, 4030, 0, 1330, 80, 1330, 1330, 80, 4030, 180, 4030, 80, 0, 0, 1330, 80, 80, 0, 1330, 180, 4030, 0, 4030, 180, 200, 350, 10, 40, 90, 200, 1130, 200, 0, 10, 110, 1130, 350, 200, 90, 110, 0, 10, 350, 110, 1130, 10, 0, 90, 110, 1130, 40, 200, 350, 10, 0, 90, 350, 1130, 110, 90, 0, 100, 160, 60, 1620, 100, 60, 100, 100, 60, 60, 1620, 160, 1620, 60, 100, 160, 1620, 1620, 160, 160, 20, 30, 740, 50, 950, 0, 950, 0, 240, 950, 740, 30, 740, 30, 50, 740, 30, 50, 950, 740, 30, 50, 0, 0, 50, 0, 950, 1770, 370, 320, 370, 2120, 370, 370, 370, 320, 2120, 320, 2120, 2120, 320, 2120, 1770, 320, 1340, 20, 100, 730, 7600, 120, 120, 0, 1340, 730, 0, 30, 130, 130, 30, 120, 730, 20, 120, 100, 0, 270, 30, 1340, 100, 20, 120, 30, 130, 1340, 0, 100, 20, 30, 130, 1340, 730, 0, 130, 730, 100, 20, 1270, 90, 300, 150, 3700, 30, 7330, 240, 630, 150, 630, 70, 70, 150, 630, 630, 120, 1660, 150, 90, 70, 90, 30, 630, 70, 300, 150, 90, 90, 70, 70, 660, 12070, 660, 12070, 12070, 660, 12070, 660, 30, 660, 12070, 4140, 490, 490, 240, 4140, 490, 20, 240, 20, 5150, 240, 240, 4140, 490, 20, 240, 4140, 490, 20, 20, 4140, 190, 740, 120, 2590, 24460, 320, 100, 320, 400, 100, 100, 190, 400, 740, 100, 320, 400, 740, 6140, 740, 120, 100, 320, 190, 740, 120, 320, 400, 190, 120, 120, 190, 400, 510, 7070, 60, 10, 38880, 60, 5510, 20, 10, 100, 510, 60, 38880, 180, 7070, 1420, 7070, 60, 100, 1420, 10, 60, 10, 60, 38880, 60, 180, 10, 100, 1420, 1420, 38880, 60, 60, 180, 510, 10, 5510, 7070, 100, 10, 10, 510, 10, 38880, 60, 7070, 1420, 180, 100, 510, 10, 180, 0, 0, 25070, 430, 20, 240, 240, 240, 0, 20, 40, 240, 25070, 430, 25070, 25070, 430, 40, 240, 25070, 430, 40, 40, 20, 40, 20, 430, 0, 0, 20, 0, 6610, 1050, 30, 30, 6610, 1050, 3640, 930, 30, 6610, 1050, 3640, 30, 6610, 1050, 3640, 30, 6610, 1050, 3640, 3640, 400, 400, 210, 210, 400, 210, 400, 400, 210, 210, 160, 30, 1470, 6590, 2310, 650, 30, 30, 160, 30, 30, 650, 650, 160, 160, 30, 6590, 6590, 2310, 30, 650, 30, 1470, 6590, 650, 30, 2310, 160, 650, 2310, 6590, 2310, 30, 440, 40, 780, 150, 1130, 780, 780, 2150, 430, 430, 780, 40, 40, 430, 780, 780, 430, 780, 780, 430, 780, 780, 150, 40, 150, 150, 200, 150, 40, 440, 640, 3760, 50, 1820, 3760, 3760, 640, 3760, 640, 50, 1820, 50, 640, 1820, 1820, 50, 1820, 640, 50, 3760, 15230, 4660, 170, 4660, 710, 15230, 210, 370, 4660, 15230, 370, 4660, 210, 210, 370, 4660, 15230, 210, 170, 370, 15230, 210, 370, 380, 520, 380, 210, 210, 210, 210, 380, 210, 380, 380, 380, 380, 740, 430, 1330, 400, 7300, 400, 7300, 400, 120, 430, 120, 430, 7300, 740, 120, 430, 7300, 740, 1330, 120, 430, 400, 740, 120, 740, 7300, 400, 1150, 1420, 30, 1150, 30, 20, 0, 23910, 1150, 30, 10, 20, 10, 20, 20, 2070, 1920, 0, 20, 23910, 1150, 0, 10, 30, 10, 1150, 0, 10, 0, 30, 310, 60, 80, 3240, 510, 5600, 780, 5600, 10, 3240, 80, 5600, 10, 5600, 3240, 510, 780, 310, 80, 60, 510, 80, 780, 310, 10, 5600, 3240, 60, 310, 780, 80, 60, 310, 10, 510, 10, 3240, 60, 510, 780, 2250, 740, 630, 710, 120, 120, 120, 120, 710, 710, 740, 740, 710, 740, 710, 740, 120, 2580, 1190, 11030, 2580, 410, 410, 1190, 2580, 410, 1190, 11030, 2580, 1190, 410, 11030, 1190, 410, 11030, 2580, 11030, 10, 140, 10, 5410, 10, 300, 10, 5410, 5410, 5410, 300, 5410, 10, 140, 300, 300, 300, 1050, 740, 40, 12370, 40, 40, 40, 3330, 740, 12370, 12370, 740, 12370, 740, 40, 740, 3330, 3330, 25480, 12370, 3330, 3330, 30, 90, 460, 1000, 90, 80, 90, 80, 460, 460, 80, 80, 90, 80, 80, 80, 80, 1000, 460, 30, 80, 460, 80, 90, 4710, 3240, 22550, 3110, 3110, 140, 3110, 3110, 140, 210, 210, 140, 210, 3110, 210, 4710, 3240, 210, 3240, 140, 140, 4710, 3240, 22550, 4710, 3240, 4710, 2120, 80400, 40, 4220, 4220, 4220, 2120, 80400, 2120, 1970, 80400, 40, 80400, 2120, 40, 80400, 2120, 4220, 40, 40, 4220, 2660, 150, 2620, 2620, 2620, 520, 2620, 520, 2620, 7070, 520, 520, 150, 520, 2660, 150, 150, 150, 5600, 11510, 310, 310, 310, 11510, 11510, 60, 310, 11510, 310, 580, 11510, 1090, 20, 2100, 33230, 50, 220, 3260, 2100, 3260, 3260, 50, 2100, 1090, 33230, 50, 1090, 2100, 50, 3260, 1090, 33230, 50, 3260, 2100, 33230, 1090, 33230, 4140, 250, 40, 12200, 4720, 280, 280, 120, 4720, 120, 280, 120, 4140, 12200, 4140, 120, 120, 4140, 120, 120, 12200, 4720, 120, 280, 12200, 120, 4140, 250, 120, 4720, 40, 12200, 250, 250, 4720, 250, 280, 280, 2620, 210, 7830, 7830, 80400, 7830, 80400, 80400, 2380, 280, 2620, 280, 7830, 280, 2380, 2620, 7830, 280, 80400, 2380, 2620, 2380, 80400, 2620, 2380, 270, 70, 70, 950, 270, 80, 12790, 950, 270, 70, 950, 270, 70, 270, 950, 950, 70, 690, 1050, 180, 10, 4140, 230, 4140, 1840, 40, 10, 230, 10, 40, 1050, 10, 10, 100, 1050, 10, 1050, 230, 4140, 10, 1050, 230, 4140, 100, 100, 180, 40, 8820, 180, 10, 10, 100, 180, 40, 100, 180, 40, 10, 230, 4140, 1100, 120, 240, 3180, 120, 30, 190, 190, 1580, 120, 190, 3180, 1580, 120, 70, 100, 190, 30, 3180, 3180, 30, 3180, 1580, 190, 1580, 120, 1580, 30, 30, 6290, 270, 170, 6830, 500, 6290, 6290, 6830, 500, 180, 140, 6290, 1870, 270, 500, 180, 270, 500, 180, 6830, 500, 180, 6830, 180, 6830, 270, 270, 6290, 240, 1180, 1180, 1180, 140, 50, 240, 240, 1180, 50, 1180, 50, 240, 50, 240, 10810, 40, 1730, 40, 40, 2600, 1730, 220, 40, 40, 1730, 220, 1730, 220, 1730, 10810, 2600, 7970, 2600, 220, 2600, 2600, 220, 6760, 210, 50, 120, 110, 120, 50, 6760, 6760, 120, 50, 50, 6760, 120, 50, 6760, 120, 210, 120, 240, 250, 1310, 2370, 310, 240, 310, 240, 240, 240, 250, 240, 100, 100, 250, 100, 1310, 240, 100, 240, 250, 1310, 240, 100, 250, 1310, 310, 310, 310, 1310, 30, 30, 60, 70, 3280, 60, 30, 3280, 30, 3280, 60, 70, 3280, 60, 3280, 70, 70, 70, 30, 60, 7130, 5510, 20, 3780, 0, 40, 1400, 150, 1400, 3780, 14700, 40, 14700, 150, 5510, 150, 40, 1400, 20, 3780, 14700, 5510, 3420, 5510, 14700, 20, 3780, 150, 0, 1400, 20, 3780, 14700, 40, 310, 40, 20, 1400, 150, 5510, 10, 2210, 1570, 540, 2210, 540, 10, 2210, 1570, 540, 10, 1570, 540, 10, 10, 540, 2210, 1570, 1570, 2210, 13430, 140, 200, 1250, 1250, 250, 20, 10230, 180, 10230, 1250, 1250, 2540, 2540, 1250, 10230, 2540, 140, 180, 10230, 540, 180, 180, 2540, 180, 2540, 10230, 6760, 460, 250, 120, 4780, 2980, 120, 4780, 2980, 2980, 480, 460, 460, 250, 250, 4780, 2980, 460, 460, 120, 250, 4780, 2980, 120, 250, 4780, 120, 760, 240, 240, 240, 20, 70, 70, 70, 70, 240, 70, 240, 600, 990, 8190, 70, 11970, 380, 11970, 380, 380, 8190, 4540, 11030, 8190, 990, 600, 4540, 11970, 8190, 990, 4540, 11970, 990, 380, 4540, 380, 4540, 11970, 8190, 990, 240, 160, 0, 1490, 0, 160, 7830, 1250, 1250, 140, 4140, 240, 1490, 1490, 240, 240, 1490, 140, 0, 160, 7830, 140, 1490, 0, 160, 7830, 1250, 240, 7830, 140, 160, 1250, 0, 7830, 1250, 140, 14700, 30, 80, 14700, 6530, 80, 80, 30, 14700, 70, 14700, 30, 80, 80, 30, 70, 30, 14700, 3650, 330, 140, 10, 10, 830, 140, 830, 830, 330, 330, 140, 830, 10, 10, 330, 830, 10, 330, 140, 140, 10, 400, 1520, 100, 770, 1520, 770, 400, 560, 770, 1520, 400, 100, 10, 770, 400, 100, 1520, 770, 400, 100, 10, 100, 10, 10, 170, 580, 0, 0, 110, 1660, 2430, 60, 170, 60, 60, 1040, 0, 60, 0, 2430, 170, 60, 0, 170, 170, 70, 30, 990, 20, 430, 7300, 30, 20, 70, 70, 990, 7300, 990, 20, 70, 30, 990, 70, 30, 20, 7300, 990, 7300, 30, 7300, 20, 20, 1400, 1220, 1170, 8330, 5210, 8330, 1400, 8330, 1400, 1170, 5210, 1400, 1170, 5210, 8330, 1400, 1220, 1170, 5210, 8330, 40, 1170, 40, 1630, 840, 60, 540, 38880, 90, 1630, 840, 840, 60, 1630, 40, 90, 1630, 840, 540, 60, 40, 320, 60, 40, 90, 1630, 840, 40, 60, 38880, 90, 320, 90, 320, 320, 90, 540, 320, 540, 90, 540, 11510, 30, 50, 260, 11970, 30, 11970, 90, 120, 11510, 260, 120, 260, 11510, 11970, 50, 120, 30, 50, 120, 260, 90, 30, 50, 120, 30, 50, 11970, 11510, 260, 11970, 11510, 7590, 7590, 7590, 1130, 140, 7590, 7590, 210, 100, 100, 100, 100, 210, 100, 80, 430, 80, 80, 80, 10, 430, 80, 430, 430, 430, 0, 3900, 0, 3900, 3900, 0, 3900, 3900, 0, 0, 10, 260, 3420, 260, 10940, 10940, 10, 20, 260, 30, 10940, 10, 3420, 3420, 260, 3420, 10, 20, 260, 3420, 10, 20, 20, 10940, 10940, 20, 70, 1460, 2500, 2500, 9480, 40, 10, 3180, 10, 10, 40, 3180, 3180, 40, 2500, 70, 2500, 3180, 40, 70, 3180, 1460, 40, 10, 70, 2500, 60, 70, 10, 10, 10, 70, 8310, 70, 100, 20, 70, 10, 70, 100, 8310, 3800, 10, 70, 8310, 10, 100, 3800, 20, 10, 3800, 20, 20, 10, 100, 8310, 3800, 10, 10, 100, 8310, 3800, 10, 20, 26380, 1120, 520, 220, 1940, 190, 520, 1940, 1940, 190, 190, 1940, 190, 1120, 26380, 520, 190, 1120, 26380, 10, 520, 1120, 26380, 520, 1940, 1120, 26380, 220, 30, 160, 70, 30, 500, 70, 550, 500, 500, 40, 10, 160, 160, 10, 550, 70, 30, 500, 160, 550, 70, 30, 10, 40, 500, 160, 550, 30, 10, 550, 70, 10, 320, 630, 320, 30, 30, 320, 630, 630, 630, 30, 630, 320, 320, 30, 30, 20, 20, 50, 1630, 2510, 20, 20, 310, 2510, 1200, 1200, 2510, 2500, 1200, 1200, 20, 310, 50, 2510, 1200, 2510, 280, 30, 370, 20, 6230, 370, 30, 280, 20, 20, 6230, 370, 30, 280, 6230, 30, 280, 370, 6230, 30, 6230, 370, 20, 20, 280, 4770, 20370, 40, 0, 4770, 40, 20370, 20370, 0, 40, 0, 20370, 4770, 40, 0, 20370, 4770, 40, 4770, 0, 3940, 10, 40, 50, 3940, 40, 660, 660, 50, 3940, 40, 10, 10, 3940, 660, 50, 50, 3940, 40, 10, 660, 50, 40, 10, 660, 1000, 10, 1000, 1000, 1000, 1000, 3780, 260, 60, 190, 290, 0, 190, 3780, 3780, 0, 0, 90, 0, 260, 190, 3780, 0, 3780, 0, 190, 60, 260, 0, 90, 260, 190, 0, 260, 0, 0, 450, 1180, 2070, 500, 500, 320, 0, 2070, 1180, 500, 500, 1180, 2380, 1180, 2070, 500, 1180, 450, 2070, 2070, 40, 80, 70, 80, 80, 70, 40, 70, 40, 70, 40, 80, 70, 40, 80, 200, 1120, 20, 1120, 20, 1120, 20, 1120, 20, 200, 20, 4770, 1120, 1000, 500, 500, 19380, 30, 8190, 70, 10, 390, 460, 220, 70, 220, 460, 390, 460, 10, 220, 10, 70, 10, 220, 30, 390, 10, 220, 30, 70, 30, 320, 390, 460, 390, 460, 70, 30, 60, 20, 140, 590, 2990, 590, 60, 590, 590, 2990, 590, 20, 2990, 140, 20, 2990, 20, 2990, 20, 1500, 20, 200, 20, 560, 200, 1500, 200, 1500, 200, 1500, 20, 200, 1500, 20, 20, 280, 14500, 880, 16120, 3410, 220, 880, 770, 220, 220, 220, 600, 16120, 280, 16120, 880, 600, 600, 280, 3410, 880, 600, 280, 220, 3410, 880, 14500, 280, 600, 16120, 3410, 14500, 14500, 16120, 14500, 3410, 90, 70, 10, 110, 10, 70, 70, 70, 90, 90, 70, 10, 90, 10, 10, 1730, 90, 3620, 150, 3620, 3620, 150, 150, 150, 3620, 3620, 150, 40, 690, 450, 450, 60, 460, 450, 60, 60, 3560, 0, 450, 60, 40, 60, 450, 40, 40, 40, 310, 1430, 310, 1430, 1430, 230, 1430, 310, 310, 1430, 310, 10, 20, 1740, 220, 830, 10, 1740, 70, 830, 20, 830, 20, 10, 1740, 830, 220, 20, 10, 1740, 20, 1740, 830, 10, 110, 70, 110, 220, 110, 70, 220, 220, 70, 70, 100, 110, 70, 220, 220, 110, 160, 150, 40140, 40140, 40140, 150, 150, 150, 150, 40140, 40140, 870, 6140, 6140, 6140, 6140, 6140, 4080, 2040, 2920, 2320, 220, 2320, 2920, 450, 450, 2040, 450, 2920, 2320, 40, 40, 2320, 2040, 40, 450, 2320, 40, 450, 40, 2920, 2040, 2040, 2920, 40, 660, 140, 20, 30, 660, 140, 60, 60, 60, 30, 1170, 660, 60, 660, 380, 140, 40, 140, 60, 20, 40, 1170, 660, 40, 1170, 140, 1170, 40, 1170, 30, 30, 30, 30, 30, 30, 1080, 2340, 920, 2340, 11270, 2340, 2340, 2340, 40, 320, 110, 1130, 90, 15510, 40, 15510, 110, 90, 15510, 110, 90, 90, 40, 15510, 40, 90, 15510, 110, 40, 110, 660, 2360, 330, 30, 30, 30, 720, 2360, 660, 2360, 140, 30, 2360, 660, 600, 30, 2360, 660, 600, 600, 600, 660, 600, 680, 240, 680, 30, 30, 620, 620, 240, 620, 30, 240, 30, 620, 680, 680, 680, 240, 30, 240, 1460, 380, 30, 730, 190, 190, 16750, 60, 30, 730, 380, 30, 190, 730, 190, 190, 730, 30, 380, 16750, 1460, 380, 730, 30, 380, 4500, 4500, 940, 940, 940, 4500, 940, 4500, 940, 4500, 800, 750, 550, 1600, 70, 1600, 800, 800, 70, 800, 60, 7300, 1600, 70, 3760, 1600, 800, 70, 1600, 70, 330, 1120, 330, 220, 220, 220, 330, 220, 740, 740, 330, 740, 1120, 1120, 220, 330, 740, 1120, 1120, 740, 40, 10, 40, 4540, 1080, 1080, 1080, 10, 40, 11490, 40, 10, 10, 40, 1080, 10, 1080, 90, 310, 1400, 7230, 40, 0, 1400, 4400, 0, 4400, 310, 1400, 40, 4400, 0, 90, 310, 90, 310, 90, 0, 4400, 40, 0, 40, 1400, 310, 40, 1400, 4400, 90, 9320, 41220, 40, 24460, 10, 40, 0, 9320, 40, 10, 9320, 9320, 40, 10, 40, 9320, 41220, 10, 15360, 10, 60, 5390, 15450, 160, 30, 3260, 15450, 60, 2940, 60, 160, 3260, 30, 40, 160, 1430, 15450, 310, 30, 2940, 15450, 60, 160, 3260, 1430, 1430, 2940, 60, 160, 5390, 3260, 2940, 5390, 40, 3260, 1430, 30, 30, 2940, 30, 1430, 5390, 5390, 15450, 1720, 40, 780, 650, 3930, 1720, 50, 1720, 840, 40, 40, 840, 40, 840, 50, 650, 40, 50, 650, 3930, 780, 50, 840, 650, 1720, 50, 840, 650, 1720, 1190, 9630, 0, 10, 200, 200, 200, 40, 1190, 0, 40, 10, 9630, 0, 200, 10, 40, 9630, 0, 200, 40, 10, 40, 9630, 10, 1190, 9630, 0, 1190, 1190, 1380, 38400, 10, 38400, 38400, 10, 330, 38400, 30, 330, 330, 38400, 10, 330, 50, 1380, 10, 330, 1380, 10, 30, 10, 1380, 30, 30, 20670, 1380, 30, 31760, 31760, 31760, 1380, 1380, 31760, 350, 1380, 1380, 31760, 1380, 290, 20, 80, 1290, 80, 20, 80, 1290, 290, 1290, 290, 20, 20, 80, 290, 20, 1290, 80, 1290, 290, 720, 0, 60, 1020, 14600, 1110, 23200, 1110, 5360, 3040, 0, 0, 1110, 23200, 23200, 1020, 60, 1020, 0, 14600, 1110, 23200, 1020, 0, 1110, 1020, 23200, 5750, 20, 220, 30, 190, 190, 5750, 220, 30, 190, 30, 5750, 30, 220, 5750, 30, 220, 190, 220, 190, 5750, 3810, 13990, 550, 60, 3910, 3910, 60, 60, 3910, 3810, 3810, 60, 3910, 16750, 60, 3810, 3810, 3910, 40, 1400, 80, 1080, 10, 40, 40, 4480, 80, 1400, 4480, 1400, 40, 40, 1480, 40, 1400, 80, 4480, 40, 40, 1400, 80, 4480, 1480, 1480, 4480, 40, 1480, 80, 40, 1480, 10, 180, 20, 20, 10, 0, 20, 300, 10, 0, 180, 60, 180, 20, 10, 0, 20, 180, 0, 10, 0, 180, 60, 25860, 25070, 5920, 5920, 25860, 5920, 60, 25860, 5920, 25860, 60, 5920, 25860, 60, 60]"
2020-11-03 13:40:00+00:00,11288590,3,5530.0,"[17890, 50, 2760, 80, 1080, 20, 20, 490, 1080, 490, 80, 490, 20, 80, 490, 20, 1080, 50, 17890, 2760, 80, 1080, 1080, 80, 80, 20, 490, 40, 860, 90, 200, 860, 90, 860, 90, 860, 40, 860, 90, 90, 1110, 640, 74940, 10, 240, 74940, 10, 74940, 240, 74940, 240, 74940, 240, 240, 1020, 8090, 4170, 150, 7410, 90, 90, 7410, 8090, 150, 4170, 8090, 16120, 8090, 90, 7410, 420, 1020, 16120, 4170, 150, 1020, 16120, 4170, 150, 4170, 420, 90, 16120, 7410, 1020, 16120, 220, 8090, 90, 7410, 1020, 150, 2620, 410, 30, 240, 4320, 4320, 4320, 2290, 2290, 30, 2620, 4320, 30, 2290, 2620, 2290, 30, 2290, 4320, 2620, 30, 2620, 770, 10040, 120, 120, 120, 80, 80, 10040, 1000, 2200, 80, 10040, 10040, 120, 80, 10040, 120, 80, 1480, 120, 120, 10, 490, 490, 70, 490, 490, 70, 70, 10, 70, 10, 10, 70, 490, 10, 1040, 30, 2170, 30, 1040, 200, 30, 200, 1040, 200, 30, 200, 200, 30, 1040, 1040, 230, 230, 3910, 220, 3910, 230, 3910, 3910, 3910, 230, 230, 990, 5550, 3740, 3360, 1810, 250, 30, 20, 5550, 250, 3360, 1810, 1810, 20, 3740, 20, 30, 5550, 3360, 250, 1810, 3360, 30, 5550, 250, 1810, 20, 3740, 580, 30, 20, 3740, 30, 3740, 580, 5550, 3360, 250, 230, 360, 80, 80, 230, 80, 360, 10, 80, 80, 360, 230, 360, 360, 230, 230, 0, 2680, 2680, 1260, 640, 1260, 2680, 1260, 2680, 0, 0, 30850, 570, 1260, 1260, 0, 2680, 0, 20, 8310, 1390, 10520, 5390, 11690, 540, 5390, 20, 8310, 540, 1390, 2410, 5390, 20, 540, 20, 540, 1390, 10520, 5390, 20, 8310, 5390, 8310, 1390, 8310, 50, 1390, 540, 210, 20, 140, 710, 140, 20, 210, 60, 140, 710, 210, 20, 210, 140, 710, 20, 210, 140, 710, 710, 20, 1050, 3390, 1050, 3390, 3390, 3390, 1050, 1050, 1050, 3390, 2200, 2910, 610, 0, 0, 20, 0, 130, 30, 130, 130, 0, 20, 2910, 130, 130, 2910, 30, 0, 20, 2910, 0, 20, 20, 30, 2910, 30, 30, 610, 7230, 17380, 2760, 2760, 2760, 2760, 960, 9920, 160, 50, 160, 160, 50, 960, 50, 160, 960, 50, 9920, 200, 960, 50, 160, 960, 20, 30, 40, 650, 40, 650, 30, 20, 40, 40, 30, 20, 650, 40, 30, 20, 30, 650, 20, 650, 20, 100, 100, 100, 20, 100, 100, 100, 100, 100, 20, 20, 100, 100, 100, 100, 100, 20, 100, 100, 30, 310, 460, 20, 20, 430, 30, 460, 20, 460, 30, 30, 30, 460, 20, 460, 20, 400, 2670, 120, 6290, 6290, 9320, 6290, 2670, 6290, 6290, 120, 60, 3760, 450, 450, 3760, 3760, 450, 3760, 450, 450, 3760, 510, 20, 550, 550, 60, 20, 450, 20, 20, 20, 550, 550, 450, 450, 510, 550, 450, 510, 450, 510, 510, 4590, 6210, 240, 4590, 10, 30, 4590, 4590, 4590, 120, 4160, 30, 770, 120, 0, 80, 80, 3880, 80, 120, 80, 0, 550, 120, 80, 550, 80, 3910, 770, 30, 30, 120, 0, 80, 770, 550, 120, 80, 770, 120, 80, 550, 120, 30, 80, 770, 120, 550, 120, 30, 0, 0, 3320, 30, 3780, 3780, 70, 3320, 30, 3320, 3320, 30, 3230, 30, 3780, 3230, 30, 3780, 3320, 80, 600, 3220, 120, 120, 80, 600, 740, 120, 600, 740, 600, 740, 120, 600, 80, 80, 740, 120, 740, 80, 100, 2800, 220, 100, 50, 10, 100, 2800, 1060, 220, 70, 0, 30, 70, 2800, 100, 2800, 100, 50, 10, 100, 220, 70, 50, 100, 10, 100, 220, 70, 50, 2800, 100, 10, 10, 100, 50, 70, 100, 220, 7330, 1060, 8090, 4400, 280, 170, 180, 60, 60, 180, 1060, 4320, 1290, 1060, 1060, 170, 60, 280, 1290, 280, 4320, 1290, 7330, 170, 7330, 170, 1290, 280, 180, 4400, 1290, 7330, 60, 1060, 4320, 7330, 170, 4400, 4320, 60, 280, 180, 830, 450, 4320, 4400, 4400, 180, 10, 10, 2290, 60, 0, 0, 10, 0, 10, 60, 10, 1360, 60, 0, 2630, 2630, 10, 60, 0, 10, 10, 60, 0, 10, 10, 200, 0, 280, 30, 30, 0, 200, 30, 100, 0, 280, 200, 30, 0, 200, 280, 0, 280, 280, 200, 30, 30, 2510, 600, 600, 150, 600, 600, 600, 140, 140, 140, 120, 140, 140, 20, 20, 20, 20, 20, 2560, 10, 20, 140, 3470, 140, 3470, 3470, 10, 140, 140, 140, 3470, 3470, 10, 10, 10, 25070, 80, 0, 0, 25070, 80, 25070, 4430, 2930, 0, 80, 25070, 2930, 0, 80, 2930, 0, 2930, 80, 25070, 2930, 2110, 5180, 90, 360, 1250, 320, 360, 1810, 1250, 360, 2110, 320, 2110, 1810, 1810, 1250, 360, 5180, 2110, 320, 1250, 360, 2110, 320, 1810, 320, 1250, 560, 80, 3390, 2780, 80, 2780, 80, 840, 80, 560, 2780, 80, 2780, 2780, 560, 560, 560, 1290, 690, 1460, 1000, 1000, 1460, 690, 1460, 1000, 1460, 400, 690, 1000, 1460, 690, 1000, 690, 1250, 120, 1250, 120, 1250, 14820, 230, 230, 230, 14820, 120, 1170, 14820, 14820, 230, 1250, 120, 120, 14820, 230, 1250, 130, 30, 130, 30, 50, 50, 50, 130, 30, 50, 130, 50, 30, 30, 130, 2280, 30, 30, 100, 100, 100, 2280, 30, 100, 2280, 2280, 100, 30, 2280, 30, 10710, 5250, 0, 240, 990, 170, 90, 90, 990, 240, 990, 240, 90, 90, 10710, 5250, 10710, 170, 10710, 0, 990, 240, 5250, 90, 990, 240, 5250, 5250, 10710, 490, 70, 70, 490, 70, 490, 490, 70, 490, 70, 1220, 1220, 480, 70, 4500, 1220, 480, 480, 480, 1220, 1220, 480, 10, 10, 10, 10, 10, 10, 130, 130, 10, 130, 10, 10, 10, 130, 130, 4230, 22220, 22220, 130, 22220, 22220, 22220, 490, 40, 800, 100, 10, 100, 490, 40, 10, 100, 490, 40, 10, 100, 490, 10, 40, 10, 100, 490, 40, 10, 3220, 220, 600, 3680, 680, 220, 3220, 680, 600, 50, 50, 50, 680, 3680, 3680, 680, 220, 680, 600, 50, 3220, 3680, 3220, 220, 600, 50, 3220, 220, 3680, 600, 300, 990, 110, 300, 110, 110, 110, 110, 300, 300, 300, 20, 690, 690, 690, 690, 80, 690, 420, 14450, 0, 1850, 1850, 14450, 1850, 0, 14450, 1850, 1850, 0, 14450, 0, 0, 14450, 3360, 190, 8830, 50, 17070, 30, 17070, 30, 17070, 3360, 190, 380, 380, 30, 380, 30, 3360, 380, 3360, 3360, 17070, 30, 17070, 380, 90, 0, 0, 0, 0, 90, 0, 90, 90, 90, 0, 360, 40, 20, 10, 660, 80, 360, 40, 40, 80, 360, 20, 660, 930, 80, 360, 20, 730, 360, 20, 660, 660, 240, 20, 80, 40, 660, 80, 40, 10, 120, 200, 40, 0, 0, 40, 950, 120, 120, 0, 40, 40, 120, 40, 0, 120, 310, 0, 40, 50, 10, 4020, 40, 40, 10, 50, 50, 10, 40, 10, 10, 40, 50, 50, 460, 2970, 60, 720, 660, 240, 720, 5270, 2970, 5270, 720, 2970, 660, 2970, 720, 660, 60, 5270, 720, 660, 5270, 4380, 2970, 660, 5270, 2910, 41300, 40, 4070, 200, 2910, 2910, 40, 40, 41300, 41300, 40, 41300, 2910, 2910, 41300, 40, 560, 0, 40, 560, 40, 0, 560, 0, 560, 40, 40, 560, 40, 0, 0, 40, 30, 20, 30, 30, 20, 3580, 3580, 3580, 20, 20, 30, 3580, 20, 30, 13990, 3580, 420, 280, 150, 420, 4320, 160, 150, 420, 4320, 4320, 280, 150, 420, 4320, 420, 160, 150, 4320, 2540, 160, 160, 160, 150, 120, 340, 110, 3260, 0, 0, 7940, 1090, 0, 1090, 0, 630, 0, 0, 340, 340, 20, 20, 340, 0, 110, 1090, 340, 1090, 20, 3260, 0, 0, 3260, 1090, 0, 20, 3260, 20, 3260, 190, 20, 1260, 20, 190, 20, 1260, 1260, 20, 10, 20, 190, 10, 1260, 190, 190, 1260, 10, 50, 10, 10, 250, 380, 240, 3210, 250, 4640, 250, 250, 3210, 4640, 580, 4640, 250, 110, 580, 4640, 580, 580, 4640, 580, 220, 60, 10710, 10, 220, 2290, 10710, 220, 10, 10710, 2290, 10, 2290, 220, 220, 10, 10710, 2290, 10, 10710, 2290, 710, 1760, 10, 710, 40, 40, 1760, 40, 710, 10, 40, 710, 10, 1760, 710, 10, 1760, 10, 40, 1760, 4430, 590, 850, 590, 850, 590, 480, 480, 850, 480, 850, 480, 590, 850, 480, 590, 5610, 150, 10, 5610, 10, 6400, 150, 10, 150, 150, 10, 5610, 5610, 5610, 150, 10, 10, 470, 2340, 300, 2160, 80, 150, 3880, 470, 3880, 80, 3880, 270, 270, 2340, 470, 2340, 3880, 270, 10, 20, 300, 2160, 80, 2340, 270, 270, 470, 80, 3880, 80, 470, 10, 10, 10, 2340, 190, 420, 2280, 1110, 190, 190, 420, 190, 420, 420, 190, 420, 1110, 60, 2510, 60, 550, 190, 190, 550, 190, 190, 550, 190, 60, 2510, 550, 550, 60, 60, 2860, 5270, 50, 10, 2680, 41300, 510, 2680, 10, 90, 2680, 90, 2760, 510, 50, 2680, 90, 10, 2760, 510, 2760, 10, 2760, 41300, 2760, 41300, 10, 90, 510, 41300, 2680, 90, 510, 41300, 240, 2520, 220, 240, 220, 30, 160, 5020, 1320, 260, 30, 260, 260, 260, 5020, 260, 160, 1320, 160, 260, 1320, 5020, 260, 260, 1320, 5020, 260, 5020, 260, 160, 160, 1320, 20, 280, 620, 120, 120, 20, 120, 120, 120, 20, 20, 280, 20, 280, 280, 280, 20, 270, 260, 40, 130, 160, 130, 160, 270, 130, 160, 6400, 260, 160, 6400, 260, 130, 20, 270, 40, 6400, 6400, 260, 160, 6400, 260, 130, 270, 270, 50, 160, 840, 60, 2490, 4090, 60, 40, 2490, 840, 2490, 2490, 60, 50, 840, 40, 840, 40, 60, 40, 2490, 840, 40, 60, 130, 120, 120, 130, 130, 120, 120, 130, 120, 130, 1640, 2130, 3220, 2130, 20, 2130, 1640, 1640, 20, 20, 2130, 3220, 1640, 20, 3220, 1640, 3220, 3220, 20, 2130, 270, 10, 2910, 150, 3830, 10, 10, 10, 270, 3830, 3830, 3830, 270, 270, 3830, 10, 270, 10, 4030, 250, 250, 40, 4030, 2060, 4030, 250, 10, 4030, 40, 10, 40, 10, 250, 4030, 40, 250, 10, 40, 3320, 3100, 5280, 1470, 1380, 0, 0, 10, 1470, 3320, 3100, 0, 5280, 1470, 5280, 5280, 1470, 3320, 3100, 3100, 3320, 3100, 0, 5280, 3320, 0, 1470, 10, 70, 70, 70, 70, 70, 3010, 380, 480, 300, 870, 480, 1130, 1130, 1130, 380, 480, 1130, 870, 870, 480, 1130, 870, 480, 4060, 870, 3870, 2390, 1500, 2910, 1370, 3870, 330, 2910, 370, 1370, 1500, 3870, 1500, 2390, 3870, 260, 1500, 330, 2910, 370, 1370, 370, 1500, 2390, 3870, 2910, 370, 2390, 2390, 2910, 1370, 1370, 370, 70, 70, 1560, 110, 30, 3360, 40, 70, 1560, 110, 110, 70, 40, 280, 40, 30, 70, 30, 280, 1560, 110, 30, 280, 1560, 280, 1560, 40, 40, 280, 110, 30, 660, 160, 90, 660, 160, 25860, 160, 160, 660, 90, 660, 160, 40, 660, 50, 180, 1060, 40, 330, 40, 40, 180, 330, 330, 40, 50, 180, 40, 330, 1060, 180, 180, 330, 1060, 1060, 1060, 110, 110, 1280, 20, 110, 690, 1280, 20, 690, 20, 110, 20, 690, 690, 1280, 20, 110, 690, 20, 1280, 1280, 2680, 10, 10, 10, 10, 10, 0, 33230, 2160, 340, 0, 33230, 0, 0, 33230, 33230, 0, 33230, 300, 2430, 14450, 1910, 30, 2970, 500, 2430, 500, 0, 1540, 30, 1540, 300, 2430, 500, 2430, 500, 300, 1540, 30, 30, 30, 2430, 500, 300, 1540, 300, 1540, 120, 1520, 1890, 320, 1890, 270, 1890, 320, 1520, 50, 320, 1520, 1520, 1890, 320, 1890, 320, 1520, 850, 2170, 850, 950, 30, 950, 850, 850, 950, 2170, 950, 850, 150, 2170, 2170, 2170, 950, 280, 2800, 10, 1320, 130, 2800, 10, 130, 10, 130, 20, 10, 130, 2800, 10, 130, 20, 2800, 20, 20, 20, 2800, 3440, 3440, 3440, 380, 20, 80, 5020, 380, 5020, 20, 80, 3440, 5020, 80, 380, 5020, 80, 3440, 380, 5020, 80, 20, 20, 380, 20, 22930, 3240, 180, 180, 180, 22930, 20, 22930, 180, 22930, 180, 22930, 2510, 10, 280, 220, 480, 10, 280, 280, 280, 10, 2510, 280, 10, 10, 220, 6530, 1390, 1390, 600, 40, 210, 210, 210, 600, 210, 1390, 6530, 6530, 40, 1390, 6530, 1390, 600, 210, 40, 600, 40, 40, 6530, 600, 30, 0, 1380, 5970, 230, 2830, 270, 1380, 1380, 5970, 2830, 1380, 1380, 230, 270, 230, 230, 270, 270, 230, 270, 20, 830, 20, 50, 680, 880, 0, 60, 120, 330, 100, 120, 680, 330, 880, 100, 120, 170, 1820, 330, 680, 100, 880, 50, 680, 100, 120, 330, 880, 100, 120, 330, 880, 50, 50, 50, 680, 240, 1130, 240, 40, 260, 40, 1130, 1130, 1130, 240, 1130, 240, 260, 40, 40, 40, 240, 2800, 770, 770, 140, 6150, 770, 140, 770, 6150, 6150, 6150, 770, 2450, 6150, 1610, 780, 1610, 1610, 1610, 1610, 160, 60, 5460, 160, 5460, 160, 5460, 60, 160, 5460, 60, 60, 160, 5460, 450, 60, 600, 40, 340, 40, 160, 4760, 160, 4760, 160, 340, 40, 320, 160, 40, 340, 40, 340, 40, 4760, 4760, 340, 160, 4760, 160, 20, 40, 40, 260, 80, 160, 260, 50, 80, 80, 260, 40, 160, 40, 80, 260, 40, 40, 50, 40, 50, 260, 160, 40, 50, 40, 40, 80, 50, 160, 70, 2270, 2270, 100, 100, 2270, 70, 2270, 100, 2270, 100, 70, 100, 70, 70, 2400, 20, 120, 120, 20, 20, 20, 980, 980, 980, 120, 980, 120, 20, 980, 120, 250, 1130, 1160, 10, 1160, 1160, 1130, 10, 1160, 250, 1130, 10, 250, 1130, 250, 1130, 5060, 1160, 10, 250, 5060, 10, 4050, 1520, 1070, 5970, 20400, 4050, 0, 170, 20400, 1960, 170, 4050, 5970, 4050, 1960, 20400, 0, 5970, 1960, 170, 0, 170, 5970, 1960, 170, 20400, 0, 20400, 0, 1520, 1960, 5970, 4050, 620, 130, 7660, 620, 620, 7660, 7660, 620, 680, 7660, 620, 680, 680, 680, 7660, 680, 2650, 0, 250, 260, 50900, 270, 0, 2650, 0, 270, 270, 50900, 2650, 2650, 50900, 270, 0, 260, 270, 50900, 0, 2650, 50900, 90, 1740, 650, 90, 1740, 650, 1740, 650, 1740, 650, 90, 90, 1740, 90, 650, 2080, 2080, 250, 310, 520, 10, 10, 520, 10, 10, 250, 10, 10, 520, 10, 520, 10, 520, 10, 10, 660, 300, 210, 130, 300, 60, 300, 130, 60, 60, 130, 660, 130, 60, 60, 130, 300, 300, 1390, 11320, 100, 30, 100, 100, 1390, 30, 100, 1390, 30, 100, 1390, 1390, 30, 30, 30, 2880, 2430, 2880, 2880, 30, 30, 2880, 2880, 30, 30, 10, 290, 20, 10, 20, 290, 20, 290, 290, 290, 10, 20, 10, 20, 10, 1390, 10, 750, 1860, 750, 10, 10, 750, 10, 10, 750, 750, 530, 40, 770, 240, 60, 530, 770, 300, 40, 300, 1400, 770, 770, 300, 1400, 530, 300, 530, 40, 40, 1400, 1400, 530, 40, 300, 1400, 770, 20, 680, 4020, 20, 80, 300, 30, 2710, 20, 20400, 300, 30, 300, 2710, 30, 80, 2710, 80, 2710, 300, 300, 70, 80, 30, 80, 2710, 30, 8570, 3610, 430, 3610, 8570, 3610, 8570, 430, 3610, 430, 8570, 430, 3610, 8570, 430, 0, 140, 2280, 2050, 2050, 2980, 130, 140, 2050, 2050, 140, 140, 2050, 140, 110, 60, 760, 60, 760, 60, 760, 1220, 760, 760, 60, 990, 60, 10, 10, 1070, 10, 1290, 1070, 1070, 4640, 1290, 1290, 10, 1070, 10, 10, 10, 1290, 1290, 10, 1070, 10, 10, 10, 40, 1200, 10, 130, 1200, 10, 10, 1200, 1200, 40, 40, 40, 10, 40, 1200, 1000, 40, 160, 30, 160, 30, 1000, 40, 1000, 40, 60, 160, 30, 160, 1000, 1000, 40, 160, 40, 30, 30, 1380, 3800, 12220, 80, 150, 80, 12220, 80, 12220, 150, 150, 12220, 80, 1380, 150, 150, 1380, 1380, 12220, 1380, 80, 50, 840, 5610, 840, 540, 540, 50, 50, 840, 540, 50, 840, 540, 5610, 50, 540, 840, 370, 6360, 10, 10, 840, 370, 160, 840, 10, 370, 10, 840, 370, 840, 840, 370, 600, 370, 10, 17640, 34760, 350, 7230, 1190, 300, 17640, 100, 17640, 300, 100, 17640, 300, 300, 100, 300, 17640, 100, 7230, 100, 350, 690, 3640, 350, 3640, 350, 280, 3640, 3640, 3640, 350, 350, 350, 1420, 1020, 970, 350, 970, 210, 1420, 1420, 5470, 210, 350, 970, 1420, 210, 350, 1020, 970, 210, 1420, 350, 210, 970, 40, 1310, 880, 1310, 4560, 880, 10, 10, 210, 10, 210, 40, 210, 1310, 10, 880, 40, 880, 210, 1310, 880, 210, 1310, 10, 40, 40, 30, 1400, 30, 150, 60, 20, 40, 120, 60, 3350, 1260, 1260, 60, 20, 60, 20, 40, 1260, 20, 3350, 150, 120, 60, 3350, 150, 1260, 3350, 150, 1260, 3350, 150, 20, 30, 6150, 30, 30, 30, 30, 6150, 500, 0, 500, 10430, 500, 500, 500, 10, 23010, 110, 20, 70, 20, 60, 110, 10, 70, 23010, 110, 23010, 110, 10, 70, 23010, 20, 70, 20, 110, 10, 70, 23010, 20, 10, 70, 1440, 70, 70, 70, 70, 70, 1440, 70, 1440, 70, 70, 70, 1440, 120, 1440, 240, 190, 950, 90, 90, 840, 190, 950, 190, 840, 950, 190, 840, 90, 90, 190, 840, 90, 950, 1580, 840, 950, 1760, 5760, 780, 3410, 80, 5760, 1330, 4380, 1330, 80, 5760, 3410, 5760, 80, 1330, 3410, 80, 1330, 4380, 780, 1760, 3410, 4380, 1760, 1760, 3410, 4380, 5760, 80, 1760, 4380, 1330, 500, 110, 230, 40, 230, 50, 50, 60, 40, 230, 60, 40, 60, 110, 230, 40, 50, 50, 40, 60, 50, 230, 60, 10, 1030, 1030, 70, 70, 1030, 1030, 10, 10, 70, 10, 10, 70, 1030, 10, 10, 70, 10, 10, 10, 50900, 2360, 740, 20, 4620, 740, 740, 3240, 2360, 3240, 2360, 4620, 50, 40, 20, 740, 20, 40, 2360, 10, 740, 50, 50900, 50900, 740, 3240, 4620, 740, 740, 3240, 40, 20, 4620, 50900, 50, 3240, 40, 4620, 50900, 2360, 740, 740, 20, 40, 50, 50, 10, 170, 1340, 10, 20, 30, 1680, 310, 130, 1680, 130, 20, 1340, 10, 130, 20, 1340, 30, 310, 10, 130, 20, 1340, 1680, 20, 1340, 10, 1680, 130, 310, 310, 310, 1680, 2120, 690, 2120, 4380, 10, 2120, 2120, 490, 2120, 480, 60, 680, 2560, 170, 680, 480, 60, 60, 680, 60, 680, 480, 680, 60, 480, 480, 740, 490, 60, 620, 2810, 36020, 490, 210, 740, 1360, 490, 60, 170, 60, 60, 740, 740, 490, 36020, 620, 170, 36020, 740, 1360, 620, 36020, 170, 620, 210, 36020, 490, 620, 60, 1360, 1360, 170, 1360, 170, 60, 5060, 280, 60, 1400, 1400, 1400, 5060, 280, 60, 60, 1400, 60, 20, 1400, 90, 2130, 950, 180, 100, 2130, 90, 2130, 110, 180, 2130, 90, 950, 180, 90, 180, 180, 90, 2130, 30, 5860, 590, 0, 60, 70, 60, 1010, 0, 5860, 0, 30, 590, 60, 5860, 1010, 30, 3230, 590, 5860, 0, 30, 3230, 590, 60, 1010, 3230, 3230, 0, 5860, 30, 3230, 590, 60, 1010, 1010, 770, 4170, 110, 3960, 0, 60, 3960, 770, 0, 0, 4170, 3960, 4170, 770, 4170, 3960, 0, 4170, 3960, 770, 60, 60, 60, 0, 60, 770, 460, 110, 200, 460, 200, 200, 200, 200, 11670, 180, 100, 180, 180, 680, 690, 1800, 180, 680, 180, 680, 680, 680, 5040, 0, 20, 180, 0, 20, 180, 0, 20, 180, 180, 0, 20, 180, 0, 20, 80, 50, 430, 0, 50, 10, 10, 4030, 4030, 0, 430, 4030, 50, 430, 0, 10, 10, 0, 50, 4030, 10, 4030, 50, 430, 0, 6510, 430, 580, 30, 2910, 1610, 2910, 10, 1610, 580, 1610, 580, 2910, 1610, 2910, 580, 580, 2910, 1610, 100, 100, 370, 300, 1590, 100, 100, 100, 2290, 50, 220, 2310, 50, 50, 50, 1190, 220, 210, 220, 50, 210, 220, 210, 210, 210, 220, 25410, 50, 3350, 60, 90, 90, 25410, 50, 90, 25410, 25410, 90, 50, 50, 90, 25410, 1550, 50, 430, 12210, 10520, 4900, 430, 12210, 430, 12210, 430, 12210, 4900, 430, 12210, 4900, 4900, 4900, 3630, 120, 3630, 120, 120, 120, 160, 3630, 120, 3630, 3630, 470, 470, 60, 60, 200, 60, 60, 470, 470, 470, 60, 150, 200, 1220, 120, 120, 1150, 1220, 1220, 200, 120, 200, 1220, 150, 200, 150, 120, 120, 150, 200, 1220, 490, 20, 260, 20, 20, 260, 20, 260, 260, 20, 260, 20, 20, 2860, 1740, 480, 620, 20, 620, 15940, 220, 1740, 20, 620, 20, 620, 20, 20, 620, 1740, 1740, 1740, 2560, 250, 250, 250, 250, 2560, 180, 250, 30, 5040, 30, 10, 10, 5040, 10, 30, 5040, 30, 30, 5040, 10, 30, 5040, 10, 30, 20, 23200, 1560, 10, 70, 90, 20, 70, 20, 20, 12080, 10, 70, 10, 20, 70, 1560, 23200, 10, 70, 20, 23200, 10, 1560, 23200, 1560, 23200, 1560, 20, 60, 3700, 210, 10, 1310, 7140, 7140, 7140, 210, 1310, 210, 1310, 210, 10, 10, 1310, 210, 1310, 7140, 7140, 10, 10, 4330, 530, 4330, 530, 10470, 530, 4330, 10470, 4330, 10470, 530, 10470, 4330, 530, 10470, 940, 2650, 240, 240, 370, 630, 240, 370, 630, 240, 370, 630, 240, 370, 370, 630, 630, 320, 20, 20, 20, 80, 280, 80, 320, 280, 320, 280, 80, 20, 280, 80, 280, 80, 20, 320, 320, 450, 360, 10, 200, 360, 200, 200, 90, 90, 360, 10, 200, 200, 360, 360, 10, 10, 10, 90, 90, 90, 30, 130, 19820, 500, 130, 130, 19820, 130, 130, 30, 500, 19820, 500, 19820, 19820, 500, 500, 10, 1570, 19620, 20, 550, 24390, 550, 20, 24390, 10, 24390, 550, 10, 10, 550, 24390, 20, 10, 550, 24390, 20, 20, 11960, 11960, 270, 11960, 330, 270, 330, 5040, 270, 5040, 11960, 270, 5040, 5040, 11960, 270, 330, 330, 5040, 330, 510, 17640, 510, 210, 480, 210, 80, 120, 480, 510, 480, 580, 210, 580, 580, 510, 580, 510, 480, 210, 480, 580, 210, 310, 430, 140, 430, 140, 430, 140, 20, 130, 140, 430, 430, 140, 130, 40, 600, 810, 20420, 410, 130, 810, 410, 810, 600, 20420, 40, 410, 810, 810, 130, 410, 600, 40, 410, 40, 600, 40, 600, 130, 130, 30, 0, 1340, 0, 590, 0, 1340, 1340, 1340, 0, 0, 1340, 1620, 230, 230, 34670, 1620, 1620, 1620, 34670, 34670, 230, 1620, 34670, 230, 34670, 230, 10, 10, 160, 150, 150, 220, 150, 10, 150, 10, 10, 150, 190, 6000, 200, 990, 340, 1840, 730, 1280, 820, 820, 1840, 730, 1280, 6000, 1280, 1840, 1280, 6000, 730, 730, 730, 200, 820, 820, 1840, 1280, 6000, 200, 6000, 1840, 200, 820, 200, 1170, 900, 60, 900, 9530, 80, 50, 990, 20, 9530, 9530, 20, 1480, 50, 60, 990, 20, 990, 6080, 9530, 20, 900, 1170, 900, 60, 9530, 80, 6080, 1170, 20, 6080, 1170, 900, 60, 990, 1480, 80, 50, 990, 50, 1480, 1170, 34670, 6080, 1480, 50, 80, 80, 6080, 60, 1480, 0, 2710, 3840, 8950, 8950, 3840, 3840, 2710, 0, 0, 2710, 0, 3470, 2710, 8950, 3840, 0, 3470, 8950, 8950, 3470, 3840, 2710, 3470, 3470, 2910, 2620, 460, 460, 2620, 2910, 150, 2910, 460, 150, 2620, 460, 150, 460, 150, 2910, 2620, 150, 2910, 2620, 550, 1020, 1020, 80, 1020, 1020, 1050, 1020, 2000, 1440, 870, 280, 1440, 2240, 20, 20, 2240, 20, 2240, 1440, 20, 2000, 2240, 1440, 2000, 1440, 20, 2000, 190, 2000, 2240, 690, 1630, 1490, 1490, 690, 1480, 690, 1490, 140, 690, 1490, 690, 1490, 420, 1800, 420, 120, 420, 100, 2070, 20, 1320, 120, 120, 1800, 420, 20, 3180, 3180, 120, 3180, 630, 20, 420, 1800, 1800, 1320, 300, 1320, 1320, 1800, 120, 1320, 3180, 3180, 20, 160, 20, 70, 840, 220, 3840, 120, 70, 120, 220, 840, 70, 120, 70, 120, 220, 70, 120, 220, 220, 100, 40, 0, 160, 17640, 90, 7650, 0, 0, 0, 90, 0, 160, 40, 8920, 8920, 90, 40, 100, 40, 8920, 90, 100, 8920, 8920, 100, 40, 90, 100, 17190, 30, 30, 17190, 17190, 30, 17190, 30, 17190, 30, 10, 0, 2560, 2560, 0, 2560, 0, 2560, 2560, 0, 0, 20, 10, 10, 10, 10, 10, 10, 1030, 70, 690, 2170, 2170, 9160, 560, 2170, 2170, 2170, 2810, 10, 4330, 10, 3340, 170, 2810, 10, 3340, 2810, 10, 2810, 3340, 2810, 10, 3340, 3340, 48570, 170, 170, 170, 170, 320, 15010, 15010, 10, 15010, 10, 15010, 15010, 10, 5760, 9530, 10, 10, 660, 660, 660, 660, 260, 660, 910, 1140, 910, 300, 910, 1140, 910, 300, 1630, 300, 300, 1140, 1630, 910, 300, 1630, 300, 1140, 1630, 300, 1630, 1140, 320, 130, 60, 320, 130, 320, 320, 320, 130, 130, 130, 800, 3420, 3420, 800, 800, 3420, 800, 3420, 3420, 800, 70, 170, 730, 170, 70, 170, 70, 170, 70, 170, 70, 250, 5560, 15010, 4180, 5560, 4180, 0, 15010, 4180, 250, 220, 15010, 0, 15010, 15010, 5560, 5560, 220, 250, 0, 5560, 220, 0, 4180, 250, 220, 4180, 220, 250, 0, 60, 1010, 30, 60, 60, 40, 40, 1010, 60, 30, 1010, 40, 40, 1010, 1010, 40, 60, 700, 33160, 33160, 33160, 33160, 1670, 33160, 1670, 1670, 700, 700, 40, 1670, 700, 1670, 700, 510, 9160, 510, 170, 170, 9160, 170, 9160, 90, 1390, 170, 9160, 510, 510, 170, 9160, 510, 260, 6230, 20, 260, 260, 20, 6230, 20, 6230, 20, 6230, 20, 260, 6230, 260, 4040, 2840, 70, 2810, 2840, 4040, 2840, 1630, 4040, 2840, 4040, 70, 2840, 4040, 2450, 930, 1100, 420, 860, 420, 420, 2450, 2450, 1100, 2450, 1100, 420, 930, 2450, 1100, 420, 1100, 480, 410, 10, 3970, 480, 410, 410, 10, 10, 410, 10, 410, 480, 10, 480, 480, 7230, 580, 90, 30, 3780, 30, 90, 30, 2200, 90, 580, 3780, 2200, 90, 2200, 580, 90, 580, 2200, 30, 2200, 580, 30, 980, 0, 0, 0, 0, 0, 940, 40, 240, 300, 940, 20, 130, 1440, 20, 20, 130, 20, 20, 130, 20, 140, 60, 940, 240, 1440, 240, 1440, 20, 20, 940, 240, 1440, 40, 940, 40, 130, 40, 20, 40, 20, 1440, 240, 9670, 2660, 70, 360, 1260, 1670, 2450, 40, 4220, 4220, 1260, 1260, 5910, 4220, 4220, 2640, 1260, 4220, 1260, 1670, 360, 16860, 20, 1070, 16860, 16860, 16860, 16860, 40, 670, 670, 10, 670, 670, 670, 800, 120, 0, 2880, 2820, 2820, 120, 2820, 0, 0, 70, 120, 120, 0, 2820, 120, 0, 2820, 0, 0, 0, 450, 0, 0, 10, 420, 7710, 26640, 1710, 160, 420, 10, 420, 160, 70, 480, 30, 160, 30, 1320, 480, 480, 10, 70, 1710, 70, 420, 160, 30, 26640, 30, 26640, 1710, 1320, 70, 420, 26640, 26640, 1710, 1320, 70, 480, 480, 1320, 1320, 10, 10, 1710, 160, 30, 20, 12550, 2240, 10, 2240, 10, 2240, 10, 10, 2240, 2240, 10, 30, 20, 20, 10, 20, 10, 30, 2430, 2430, 90, 30, 20, 10, 2430, 90, 20, 10, 30, 2430, 90, 30, 10, 90, 90, 920, 920, 760, 760, 140, 1060, 760, 620, 1060, 920, 140, 620, 760, 760, 920, 620, 140, 1060, 140, 920, 1060, 620, 140, 1060, 620, 350, 4090, 40, 350, 4090, 4090, 350, 4090, 350, 4090, 350, 1750, 1750, 50, 10, 20, 1750, 320, 10, 1750, 10, 320, 10, 50, 1750, 320, 10, 50, 10, 10, 1750, 1750, 320, 10, 50, 10, 1750, 320, 10, 1750, 50, 3960, 1750, 510, 380, 1380, 300, 500, 4330, 10, 300, 10, 310, 10, 10, 500, 510, 310, 510, 500, 300, 500, 510, 10, 300, 500, 510, 300, 500, 310, 310, 310, 10, 10, 10, 10470, 1870, 110, 0, 10, 220, 190, 190, 190, 110, 0, 190, 190, 10, 0, 0, 0, 1620, 600, 0, 920, 1080, 290, 0, 290, 0, 290, 600, 0, 1620, 290, 0, 290, 600, 600, 160, 600, 1400, 5200, 15590, 1400, 15590, 1060, 1400, 1400, 15590, 1060, 15590, 1060, 1060, 1400, 1060, 60, 630, 1200, 1200, 11140, 60, 170, 630, 60, 1200, 630, 60, 60, 630, 1200, 630, 1200, 3460, 1760, 3880, 1760, 320, 16370, 290, 16370, 3880, 3880, 3460, 320, 3880, 320, 3460, 16370, 16370, 3460, 320, 320, 3460, 3880, 16370, 40, 9160, 520, 280, 16020, 280, 280, 280, 280, 150, 30160, 320, 30160, 30160, 30160, 30160, 3820, 3820, 5460, 3820, 5460, 3820, 3820, 5460, 5460, 5460, 4640, 1390, 10, 1780, 1870, 1780, 70, 1870, 1870, 5060, 4640, 20, 1780, 70, 10, 5060, 4640, 1870, 1780, 70, 1780, 70, 1870, 4640, 10, 70, 4640, 10, 10, 100, 1670, 240, 320, 450, 1380, 2360, 610, 610, 100, 100, 450, 320, 1670, 2360, 450, 1380, 240, 1670, 2360, 100, 1380, 320, 1670, 2360, 450, 1380, 240, 610, 320, 610, 1670, 2360, 100, 450, 1380, 320, 610, 100, 240, 240, 40, 260, 0, 30, 30, 40, 30, 40, 0, 40, 30, 260, 40, 30, 10, 350, 11140, 11140, 11140, 10, 11140, 350, 10, 350, 11140, 10, 350, 660, 10, 10, 350, 580, 140, 0, 140, 580, 140, 580, 580, 140, 140, 580, 260, 60, 2360, 60, 60, 4630, 260, 2360, 2360, 4630, 60, 260, 2360, 4630, 60, 260, 2360, 4630, 260, 4630, 1150, 1610, 250, 510, 1610, 1150, 1150, 1610, 1610, 510, 1150, 1610, 510, 510, 510, 2180, 0, 20, 1280, 1680, 2180, 20, 1540, 1540, 810, 2180, 480, 1540, 1540, 1280, 20, 1280, 20, 0, 480, 2180, 0, 1280, 2180, 480, 20, 0, 2180, 1680, 810, 480, 1680, 20, 1280, 0, 2180, 2180, 810, 1680, 810, 480, 0, 2180, 2180, 1680, 1540, 810, 20, 10, 1000, 90, 240, 1870, 370, 90, 10, 370, 10, 1000, 1870, 1000, 10, 1000, 90, 370, 1870, 370, 1870, 10, 1000, 90, 370, 1870, 90, 10, 8830, 12170, 170, 160, 1100, 1820, 170, 2070, 170, 250, 170, 1820, 2070, 1820, 1820, 2070, 170, 1100, 1820, 160, 1100, 160, 1100, 160, 160, 2070, 2070, 1100, 310, 900, 2240, 900, 40, 40, 40, 40, 900, 900, 310, 900, 2240, 4040, 40, 60, 1030, 610, 610, 1030, 3540, 1030, 3540, 2180, 60, 610, 3540, 3540, 2180, 60, 2180, 1030, 2180, 60, 2180, 610, 60, 610, 1030, 3540, 1820, 30, 230, 890, 230, 40, 40, 40, 100, 40, 1820, 100, 100, 100, 40, 230, 100, 230, 230, 250, 250, 250, 250, 250, 2280, 90, 20, 4640, 160, 160, 20, 4640, 10, 20, 90, 10, 160, 2280, 20, 4640, 10, 10, 160, 4640, 10, 4640, 160, 20, 10, 50, 10, 10, 10, 10, 30, 190, 90, 90, 280, 90, 190, 90, 190, 90, 190, 190, 3410, 280, 280, 40, 280, 280, 280, 290, 290, 1300, 290, 1300, 1300, 1300, 290, 1300, 290, 10, 180, 130, 130, 10, 180, 180, 5250, 130, 10, 10, 180, 130, 10, 180, 130, 17070, 4840, 340, 370, 90, 2860, 1850, 340, 17070, 90, 17070, 2860, 90, 17070, 4840, 2860, 90, 1850, 340, 1850, 2860, 4840, 1850, 340, 2860, 90, 17070, 4840, 340, 1850, 4840, 180, 180, 1970, 70, 20, 240, 470, 470, 470, 180, 300, 180, 70, 1970, 20, 20, 70, 20, 70, 1970, 470, 20, 1970, 470, 180, 1970, 70, 18180, 150, 0, 18180, 18180, 20, 20, 20, 20, 20, 18180, 18180, 2200, 300, 2610, 40, 300, 20, 2610, 2610, 300, 2200, 2610, 2200, 300, 2200, 300, 2200, 2610, 6220, 5210, 1550, 520, 6220, 520, 5210, 1550, 6220, 520, 5210, 6220, 6220, 5210, 1550, 5210, 1550, 1550, 520, 520, 30, 10, 80, 100, 890, 12060, 12060, 80, 12060, 100, 12060, 100, 12060, 80, 100, 890, 100, 890, 80, 890, 890, 360, 80, 60, 30, 230, 1650, 30, 1590, 30, 1650, 230, 1650, 60, 30, 230, 1650, 1650, 230, 30, 230, 2120, 40, 40, 40, 0, 2120, 40, 2120, 0, 2120, 0, 40, 2120, 0, 0, 170, 4630, 70, 10, 10, 10, 30, 480, 70, 480, 10, 480, 70, 480, 30, 70, 70, 480, 10, 1020, 60, 840, 60, 60, 1020, 60, 19820, 840, 1020, 60, 170, 170, 840, 2830, 60, 1020, 840, 60, 2830, 1020, 840, 2830, 170, 170, 2830, 60, 2830, 60, 60, 170, 180, 140, 50, 50, 50, 3040, 3040, 3040, 50, 50, 50, 110, 50, 460, 180, 140, 50, 50, 50, 3040, 3040, 180, 180, 180, 250, 7020, 330, 80, 4140, 250, 10, 10, 330, 330, 250, 80, 10, 330, 80, 250, 10, 4140, 80, 10, 4140, 250, 4140, 330, 4140, 80, 5060, 740, 100, 120, 120, 10, 10, 10, 10, 100, 10, 120, 120, 100, 120, 100, 5060, 100, 1650, 30, 3640, 1700, 1380, 1750, 1650, 1700, 400, 910, 1750, 30, 400, 3640, 1020, 910, 1700, 3640, 3640, 1650, 30, 400, 1700, 3640, 1750, 400, 1750, 400, 910, 1700, 910, 1180, 1650, 1750, 910, 30, 30, 1650, 3940, 6230, 180, 340, 340, 610, 3940, 340, 6230, 610, 450, 7330, 3940, 5820, 610, 450, 3940, 6230, 610, 450, 340, 6230, 610, 450, 340, 6230, 3940, 450, 6270, 5910, 50, 3560, 5910, 50, 6270, 50, 5910, 6270, 5910, 5910, 50, 6270, 50, 6270, 10, 0, 2400, 10, 1230, 80, 0, 1850, 80, 0, 1230, 1230, 1230, 10, 0, 0, 0, 10, 1850, 0, 80, 80, 80, 0, 0, 10, 0, 1230, 50, 110, 50, 50, 50, 50, 40, 1810, 60, 10, 1810, 10, 90, 90, 1810, 10, 10, 90, 60, 10, 60, 1810, 90, 60, 90, 60, 1810, 270, 370, 460, 210, 300, 80, 270, 370, 80, 210, 80, 210, 300, 270, 370, 210, 460, 270, 460, 270, 460, 300, 80, 210, 460, 300, 300, 370, 370, 80, 60, 50, 160, 1150, 160, 50, 1810, 10, 10800, 1810, 580, 810, 10, 10800, 1810, 10, 580, 580, 10, 580, 1810, 10800, 1810, 10, 10800, 10800, 580, 750, 750, 750, 120, 1230, 750, 750, 70, 0, 0, 100, 100, 0, 100, 0, 70, 100, 0, 100, 4260, 10, 10, 30, 10, 10, 10, 130, 10, 130, 130, 10, 130, 130, 3680, 2110, 2050, 2110, 1190, 10, 3680, 2050, 10, 60, 10, 60, 60, 1190, 2050, 2110, 1190, 3680, 2050, 2110, 1190, 1190, 60, 10, 3680, 60, 2050, 2110, 3680, 10, 0, 20, 20, 240, 0, 20, 240, 20, 240, 0, 20, 240, 0, 0, 240, 5200, 5200, 90, 5200, 5200, 5200, 70]"
2020-11-03 13:45:00+00:00,11045210,2,4295.0,"[50, 100, 150, 390, 350, 50, 390, 130, 100, 50, 150, 390, 150, 390, 100, 50, 150, 390, 100, 50, 100, 150, 60, 470, 50, 480, 50, 2530, 50, 2530, 480, 480, 470, 2530, 50, 480, 470, 2530, 50, 2530, 470, 480, 470, 470, 20, 470, 470, 470, 470, 4510, 1420, 340, 120, 5640, 120, 5640, 1420, 340, 1420, 120, 120, 1420, 120, 1420, 2940, 14760, 0, 2940, 120, 14760, 0, 2940, 0, 2940, 0, 120, 2940, 0, 120, 120, 30, 120, 14760, 14760, 14760, 3560, 120, 60, 40, 1050, 340, 3560, 10, 10, 970, 80, 80, 10, 70, 1050, 60, 40, 1050, 340, 40, 970, 70, 60, 40, 1050, 3560, 970, 340, 80, 80, 80, 60, 1050, 3560, 970, 340, 970, 10, 10, 3560, 340, 60, 10, 40, 70, 70, 70, 680, 450, 1370, 6760, 80, 280, 280, 1370, 280, 1370, 280, 280, 80, 1370, 80, 1370, 80, 80, 3790, 680, 3790, 3790, 680, 680, 680, 680, 3790, 3790, 4500, 430, 430, 430, 430, 340, 1870, 20, 150, 10, 40, 40, 40, 420, 10, 1870, 20, 10, 1870, 1870, 10, 40, 10, 1870, 40, 50, 2020, 180, 50, 50, 50, 50, 380, 180, 30, 180, 180, 4530, 30, 180, 30, 180, 30, 30, 60, 500, 500, 14760, 500, 60, 500, 60, 500, 60, 60, 13570, 70, 330, 4220, 70, 410, 2050, 480, 320, 71780, 71780, 380, 70, 13570, 410, 330, 13570, 70, 4220, 410, 71780, 480, 330, 380, 480, 330, 13570, 380, 4220, 330, 410, 380, 70, 71780, 4220, 410, 4220, 380, 480, 480, 13570, 71780, 660, 6920, 0, 660, 6920, 0, 6920, 0, 660, 6920, 0, 660, 6920, 0, 660, 2710, 50, 50, 3840, 50, 2710, 2710, 2710, 2710, 50, 50, 500, 3790, 290, 10720, 670, 290, 290, 290, 4210, 290, 3790, 3790, 10720, 4210, 500, 10720, 4210, 4210, 500, 10720, 500, 4210, 500, 10720, 3790, 3790, 1050, 50, 7060, 21330, 50, 50, 50, 1050, 7060, 1050, 50, 21330, 1050, 21330, 1050, 7060, 7060, 21330, 220, 21330, 7060, 80, 3370, 60, 30, 700, 100, 100, 10, 10, 80, 30, 3370, 60, 10, 80, 100, 30, 100, 30, 1390, 30, 10, 10, 100, 240, 50, 20, 20, 2190, 2190, 240, 240, 2190, 2190, 240, 50, 2190, 240, 50, 50, 20, 50, 20, 20, 20, 70, 70, 20, 70, 20, 20, 70, 70, 20, 3120, 2460, 3120, 3120, 3120, 3120, 20, 20, 20, 20, 14760, 14760, 50, 20, 50, 20, 50, 14760, 14760, 20, 50, 14760, 50, 3740, 140, 140, 10, 10, 140, 10, 10, 3740, 140, 3740, 10, 140, 3740, 3740, 3670, 480, 3670, 30, 30, 480, 30, 30, 480, 480, 30, 480, 2160, 3510, 20, 1080, 810, 70, 50, 3510, 2160, 2160, 3510, 3510, 70, 70, 2160, 3510, 1080, 810, 70, 810, 70, 2160, 810, 810, 50, 1110, 40, 380, 21110, 1020, 1020, 21110, 3790, 380, 3030, 290, 380, 21110, 1020, 380, 21110, 1020, 1020, 380, 21110, 820, 1190, 220, 220, 1190, 820, 220, 820, 820, 1190, 820, 220, 1190, 1190, 220, 800, 5820, 140, 900, 900, 2330, 800, 900, 5820, 780, 800, 5820, 780, 900, 5820, 780, 800, 5820, 780, 800, 780, 900, 10, 2020, 7680, 10, 7680, 2020, 7680, 2020, 10, 21330, 10, 21330, 2020, 7680, 21330, 10, 21330, 21330, 2020, 7680, 1360, 730, 3840, 1310, 110, 110, 30, 110, 3840, 3840, 20, 110, 110, 30, 1310, 1360, 730, 1360, 3840, 1360, 1310, 3840, 30, 1360, 30, 1310, 30, 1310, 70, 40, 80, 40, 6540, 70, 60, 3340, 80, 40, 40, 80, 20, 3340, 3340, 70, 70, 80, 40, 3340, 70, 80, 3340, 510, 1060, 5610, 180, 490, 490, 180, 5610, 180, 5610, 180, 5610, 1060, 490, 5610, 490, 490, 180, 40, 40, 40, 40, 40, 1070, 60, 1070, 60, 60, 1070, 1070, 60, 1070, 60, 4660, 500, 20, 80, 80, 37140, 4660, 500, 80, 500, 37140, 4660, 20, 80, 20, 500, 37140, 4660, 37140, 80, 500, 4660, 37140, 20, 20, 0, 370, 370, 370, 370, 370, 0, 0, 0, 100, 0, 110, 80, 190, 780, 780, 80, 190, 780, 80, 190, 780, 80, 780, 80, 190, 190, 1650, 300, 300, 80, 190, 190, 1650, 190, 80, 1650, 190, 300, 1650, 190, 300, 80, 300, 80, 80, 1650, 50, 40, 50, 50, 40, 610, 40, 50, 40, 50, 40, 50, 2660, 50, 1400, 6830, 50, 1400, 6830, 2660, 1400, 6830, 2660, 1400, 50, 6830, 2660, 1400, 6830, 2660, 50, 180, 20, 4020, 710, 20, 710, 710, 20, 710, 20, 710, 20, 680, 1180, 7060, 1180, 60, 680, 1180, 60, 680, 7060, 7060, 60, 680, 60, 7060, 1180, 60, 680, 7060, 1180, 16100, 620, 240, 620, 620, 620, 240, 16100, 8660, 20, 0, 620, 240, 16100, 240, 16100, 240, 16100, 80, 150, 10, 1260, 80, 670, 80, 670, 670, 150, 80, 670, 500, 150, 670, 150, 80, 150, 90, 90, 90, 90, 90, 2980, 1500, 5820, 5820, 5820, 2980, 160, 1500, 2980, 2980, 5820, 2980, 5820, 180, 920, 500, 180, 920, 500, 260, 180, 260, 260, 920, 180, 260, 920, 500, 180, 500, 260, 500, 920, 460, 490, 30, 490, 2310, 3840, 490, 30, 2310, 10, 460, 2310, 30, 460, 2310, 30, 490, 460, 490, 460, 2310, 30, 10, 20, 20, 30, 20, 20, 20, 530, 530, 530, 530, 530, 50, 110, 50, 50, 110, 50, 50, 70, 810, 810, 70, 70, 810, 70, 810, 70, 810, 230, 770, 3120, 140, 140, 140, 140, 140, 100, 10, 10, 510, 4380, 510, 100, 10, 510, 4380, 100, 400, 510, 10, 10, 510, 1260, 960, 960, 1260, 960, 0, 960, 1260, 1260, 960, 1260, 0, 0, 0, 0, 50, 0, 340, 340, 16780, 20, 20, 36270, 1330, 120, 70, 36270, 1330, 340, 20, 1330, 1330, 16780, 16780, 340, 1330, 36270, 16780, 340, 16780, 70, 20, 120, 36270, 20, 36270, 1370, 1370, 1370, 9460, 40, 40, 40, 9460, 1370, 40, 9460, 9460, 1370, 40, 9460, 13660, 70, 0, 0, 3060, 60, 120, 13660, 40, 0, 0, 3060, 70, 120, 70, 0, 0, 0, 70, 13660, 120, 40, 3060, 40, 60, 40, 70, 13660, 120, 0, 60, 40, 0, 0, 3060, 60, 3060, 60, 13660, 120, 690, 850, 850, 850, 850, 850, 850, 530, 690, 850, 530, 530, 690, 530, 690, 850, 530, 690, 850, 850, 1360, 1360, 1360, 1360, 1360, 60, 70, 2400, 70, 70, 2400, 70, 70, 310, 140, 230, 15040, 210, 12870, 3170, 12870, 230, 15040, 820, 310, 210, 430, 15040, 820, 310, 15040, 10, 820, 310, 210, 230, 3170, 12870, 15040, 820, 310, 210, 230, 10, 12870, 820, 230, 3170, 10, 10, 210, 10, 3170, 12870, 3170, 1160, 2650, 200, 2650, 1160, 3820, 1160, 200, 2650, 90, 90, 2650, 90, 1160, 90, 90, 150, 2650, 1160, 6120, 60, 2840, 6120, 6120, 60, 60, 60, 60, 6120, 6120, 180, 120, 10, 2140, 120, 180, 180, 2140, 120, 2140, 120, 120, 2140, 180, 2140, 180, 470, 5450, 60, 470, 5450, 730, 470, 5450, 60, 60, 470, 5450, 470, 60, 5450, 60, 60, 10660, 1330, 10660, 1330, 0, 350, 350, 16370, 10660, 60, 0, 10660, 16370, 350, 60, 350, 0, 0, 350, 60, 10660, 1330, 1330, 0, 60, 1330, 2790, 550, 30, 3060, 120, 2790, 550, 30, 2790, 550, 550, 30, 2790, 550, 30, 2790, 30, 100, 1250, 20, 470, 470, 1250, 100, 470, 7010, 10, 1250, 20, 1250, 470, 100, 470, 100, 20, 20, 20, 1250, 100, 30, 270, 270, 60, 270, 270, 270, 2760, 180, 2760, 2360, 70, 4440, 120, 2450, 1270, 120, 120, 70, 1270, 70, 2450, 4440, 2450, 4440, 1270, 120, 4440, 70, 1270, 70, 2450, 120, 4440, 1270, 2450, 60, 390, 1340, 290, 60, 1070, 290, 3000, 390, 60, 290, 3000, 390, 60, 290, 3000, 3000, 390, 60, 290, 3000, 390, 20, 36270, 1910, 100, 1380, 36270, 100, 1380, 40, 150, 20, 40, 36270, 1380, 40, 100, 40, 1380, 40, 100, 36270, 1380, 100, 36270, 36270, 230, 80, 80, 2360, 80, 230, 80, 80, 22550, 11190, 11190, 11190, 11190, 11190, 10, 80, 190, 220, 220, 220, 190, 190, 220, 190, 220, 190, 250, 20100, 20100, 250, 250, 20100, 250, 20100, 250, 20100, 60, 140, 1560, 140, 60, 140, 60, 140, 60, 60, 140, 5300, 320, 5300, 320, 320, 5300, 320, 5300, 320, 360, 5300, 7430, 40, 210, 40, 210, 7430, 210, 7430, 210, 40, 40, 7430, 7430, 210, 40, 600, 160, 15340, 15340, 160, 260, 260, 160, 260, 60, 15340, 60, 260, 160, 15340, 15340, 260, 160, 2570, 1510, 20, 200, 520, 520, 20, 200, 200, 520, 20, 20, 200, 2570, 520, 200, 20, 520, 2570, 2570, 2570, 330, 3390, 640, 330, 640, 640, 330, 640, 3390, 640, 330, 330, 3200, 3200, 1270, 1270, 140, 1270, 140, 1370, 3000, 1370, 1370, 140, 1370, 3200, 1270, 140, 3200, 140, 1270, 3200, 4770, 3520, 20, 4770, 4770, 4770, 20, 3520, 20, 3520, 20, 20, 3520, 4770, 3520, 20, 360, 0, 9460, 0, 1320, 670, 0, 9460, 0, 1320, 670, 0, 1320, 9460, 0, 360, 1320, 0, 9460, 0, 670, 0, 9460, 670, 0, 1320, 2400, 360, 10, 10, 10, 10, 150, 10, 810, 70, 70, 4200, 70, 70, 70, 80, 1380, 1380, 1380, 1380, 1380, 22770, 370, 310, 22770, 22770, 9120, 22770, 22770, 560, 4320, 100, 16780, 2390, 80, 1440, 4320, 2390, 2390, 100, 16780, 100, 1440, 4320, 1440, 100, 2390, 560, 80, 1440, 100, 16780, 2390, 16780, 4320, 16780, 1440, 4320, 1870, 260, 500, 1870, 260, 194590, 500, 1870, 1870, 500, 500, 1870, 260, 500, 260, 260, 380, 20, 20, 20, 380, 20, 20, 3740, 1040, 1040, 3740, 140, 30, 1040, 3740, 1040, 3740, 3740, 1040, 7060, 1060, 590, 2110, 2110, 1060, 590, 7060, 7060, 2110, 1060, 590, 7060, 2110, 1060, 590, 7060, 2110, 1060, 590, 1990, 60, 60, 1990, 60, 1990, 60, 1990, 60, 1990, 2330, 2330, 2330, 2330, 2330, 960, 1030, 10, 3620, 0, 1030, 3620, 1030, 3620, 3620, 0, 1030, 0, 0, 3620, 1030, 0, 710, 110, 4110, 40, 4110, 3660, 180, 260, 3660, 4320, 90, 3660, 180, 40, 3660, 4110, 3660, 4110, 40, 260, 260, 40, 180, 40, 260, 4110, 180, 260, 180, 140, 980, 140, 140, 980, 680, 980, 140, 140, 980, 980, 5200, 10, 30, 30, 5200, 10, 10, 30, 10, 30, 5200, 30, 5200, 5200, 3200, 60, 1130, 1130, 60, 1990, 100, 1990, 100, 100, 1990, 100, 1990, 100, 60, 1990, 330, 40, 980, 330, 20, 230, 10, 330, 330, 40, 980, 330, 10, 40, 22330, 40, 22330, 22330, 40, 40, 22330, 22330, 40, 210, 1060, 2270, 480, 210, 480, 380, 80, 2270, 2270, 380, 1060, 1060, 480, 380, 210, 1060, 480, 2270, 380, 1060, 2270, 210, 480, 380, 210, 1470, 160, 6060, 160, 1470, 1470, 160, 160, 160, 1470, 1470, 160, 160, 160, 160, 160, 760, 210, 7040, 120, 70, 760, 2870, 120, 1190, 70, 70, 120, 760, 2870, 210, 120, 760, 70, 7040, 2870, 210, 120, 70, 760, 7040, 2870, 2870, 7040, 7040, 210, 210, 5900, 5900, 5900, 5900, 5900, 180, 1860, 1500, 20150, 300, 300, 1860, 1860, 4100, 4100, 1860, 1860, 4100, 20150, 1500, 4100, 300, 300, 4100, 300, 1020, 60, 2260, 360, 360, 360, 360, 1020, 60, 1020, 1020, 1020, 360, 2870, 140, 10, 910, 180, 180, 910, 910, 180, 910, 910, 180, 180, 10660, 1000, 140, 770, 140, 770, 770, 10660, 1000, 30, 10660, 140, 140, 770, 10660, 1000, 140, 770, 10660, 1000, 1000, 2880, 620, 2660, 2270, 2660, 17490, 620, 17490, 620, 2660, 17490, 2660, 620, 17490, 620, 17490, 2660, 110, 1180, 1190, 2160, 40, 40, 1190, 40, 110, 2160, 40, 110, 1190, 1190, 40, 110, 1190, 110, 2910, 90, 1610, 1610, 2910, 90, 90, 90, 2910, 1610, 1610, 2910, 90, 2910, 1610, 20, 2460, 5830, 5830, 20, 2460, 1860, 110, 1860, 1860, 2060, 1860, 1860, 110, 1870, 10630, 2050, 10630, 10630, 2050, 10630, 10630, 860, 80, 270, 80, 270, 860, 860, 270, 80, 80, 270, 860, 270, 80, 860, 1500, 20, 20, 20, 20, 20, 1360, 70, 50, 40, 1360, 50, 1360, 40, 70, 40, 70, 1360, 50, 40, 50, 40, 50, 70, 1360, 5300, 690, 690, 90, 1560, 1320, 2720, 260, 4610, 2720, 1560, 260, 4610, 690, 260, 90, 4610, 1560, 260, 4610, 690, 90, 2720, 1560, 2720, 260, 4610, 690, 1560, 90, 2720, 90, 830, 90, 1060, 830, 90, 830, 830, 90, 830, 90, 90, 2510, 270, 270, 270, 270, 2510, 2510, 270, 2510, 2510, 690, 10, 3870, 11960, 11960, 300, 3870, 300, 11960, 3870, 690, 11960, 3870, 300, 10, 690, 3870, 11960, 300, 300, 690, 690, 690, 3820, 150, 170, 3820, 170, 170, 170, 3820, 170, 3820, 3820, 40, 70, 70, 410, 410, 410, 70, 410, 410, 70, 70, 930, 2460, 2460, 2460, 2460, 2460, 1270, 70, 1270, 70, 70, 1270, 70, 1270, 1270, 690, 220, 4240, 690, 220, 690, 690, 220, 220, 220, 690, 690, 1230, 30, 40, 690, 0, 40, 690, 690, 30, 0, 30, 0, 30, 0, 40, 40, 30, 0, 40, 690, 1180, 90, 3120, 90, 310, 3120, 1180, 90, 90, 3120, 310, 90, 1180, 90, 310, 310, 3120, 90, 1180, 90, 10120, 90, 310, 3120, 90, 1180, 0, 750, 30, 260, 880, 270, 260, 740, 260, 260, 0, 0, 750, 880, 30, 0, 750, 260, 1740, 0, 750, 750, 10, 10, 10, 10, 10, 2570, 110, 1370, 250, 10, 250, 110, 10, 2570, 110, 2570, 250, 10, 2570, 110, 10, 250, 10, 2570, 110, 250, 4770, 4770, 4770, 2540, 4770, 4770, 15230, 220, 1020, 220, 1020, 220, 1020, 1020, 220, 1020, 220, 310, 220, 310, 310, 14860, 310, 14860, 220, 14860, 310, 14860, 14860, 360, 140, 140, 360, 360, 150, 140, 360, 360, 140, 140, 70, 1310, 6430, 70, 6430, 70, 1310, 6430, 6430, 70, 6430, 70, 1310, 1310, 1310, 10, 10, 1220, 10, 10, 10, 1220, 10, 10, 10, 10, 10, 1050, 19300, 19300, 0, 19300, 160, 160, 160, 160, 19300, 19300, 5050, 1670, 120, 5050, 1670, 1670, 5050, 1670, 1670, 5050, 5050, 1890, 14860, 1890, 690, 1040, 1890, 1890, 160, 1890, 0, 1040, 160, 14860, 690, 160, 0, 1040, 1040, 160, 14860, 690, 0, 70, 1040, 160, 14860, 690, 0, 0, 690, 14860, 3000, 2110, 2110, 80, 3000, 3000, 2110, 3000, 2110, 2110, 3000, 1460, 1460, 3120, 200, 6210, 200, 200, 1460, 910, 6210, 200, 1460, 1460, 200, 570, 10, 570, 570, 10, 570, 570, 10, 10, 10, 1050, 60, 2970, 1050, 4290, 60, 1050, 1050, 60, 2970, 60, 2970, 2970, 2970, 4290, 60, 1050, 630, 0, 0, 0, 0, 0, 460, 40, 14860, 30, 30, 30, 14860, 460, 40, 14860, 460, 30, 460, 30, 14860, 460, 14860, 40, 14120, 23880, 3580, 23880, 40, 40, 14120, 40, 14120, 14120, 23880, 14120, 23880, 23880, 40, 200, 780, 200, 780, 200, 200, 780, 780, 780, 200, 40, 40, 40, 40, 40, 290, 30, 490, 60, 30, 60, 490, 30, 60, 290, 30, 60, 490, 30, 490, 490, 60, 1050, 540, 540, 540, 540, 20, 540, 600, 2730, 1360, 300, 2360, 2360, 2730, 2730, 300, 2730, 2360, 2730, 2360, 2360, 670, 210, 190, 25330, 670, 190, 210, 190, 210, 190, 190, 670, 670, 210, 670, 210, 3390, 13430, 130, 1550, 430, 3510, 430, 3510, 430, 1550, 3510, 1550, 130, 3510, 1550, 3510, 1550, 430, 430, 410, 680, 50150, 50150, 570, 5250, 570, 370, 680, 370, 160, 680, 370, 570, 680, 50150, 50150, 370, 50150, 680, 370, 5250, 5250, 570, 5250, 570, 5250, 60, 4560, 80, 15010, 4560, 4560, 60, 80, 60, 80, 4560, 60, 15010, 80, 60, 4560, 80, 220, 220, 220, 220, 220, 5820, 5820, 60, 540, 540, 450, 460, 540, 690, 540, 60, 5820, 60, 5820, 690, 450, 690, 540, 60, 450, 690, 60, 5820, 450, 690, 450, 20, 110, 110, 20, 110, 110, 110, 16210, 10, 30, 360, 40, 10, 1180, 16210, 10, 12870, 10, 12870, 40, 12870, 16210, 12870, 16210, 10, 12870, 16210, 360, 670, 660, 100, 660, 660, 100, 660, 16460, 2860, 100, 60, 100, 60, 660, 100, 60, 60, 60, 850, 80, 10, 150, 690, 850, 850, 850, 850, 12080, 10, 150, 12080, 690, 10, 150, 690, 12080, 10, 150, 80, 12080, 10, 150, 12080, 690, 690, 220, 3240, 4520, 60, 4520, 3640, 3640, 3640, 60, 4520, 60, 3640, 60, 3640, 4520, 60, 4520, 2650, 4280, 6590, 370, 3010, 370, 370, 6590, 3010, 4280, 3010, 4280, 6590, 3010, 4280, 2650, 370, 6590, 3010, 4280, 370, 6590, 270, 10, 60, 70, 3820, 3820, 4630, 270, 270, 60, 60, 10, 70, 60, 3820, 4630, 270, 3820, 4630, 270, 10, 4630, 10, 10, 60, 4630, 3820, 80, 490, 750, 560, 560, 560, 80, 80, 80, 750, 560, 560, 80, 30, 3240, 3510, 570, 3510, 3240, 3510, 30, 30, 30, 3510, 30, 3510, 6590, 180, 180, 4230, 540, 180, 4230, 540, 180, 4230, 540, 540, 4230, 4230, 540, 180, 30, 60, 30, 30, 60, 30, 60, 30, 60, 920, 60, 190, 60, 190, 60, 190, 60, 190, 60, 190, 60, 40, 560, 560, 560, 560, 560, 10, 10, 10, 10, 10, 20, 220, 5350, 20, 20, 5350, 1000, 20, 1000, 1000, 1000, 20, 80, 180, 80, 180, 180, 80, 180, 80, 180, 80, 100, 210, 2960, 680, 360, 680, 360, 43790, 360, 680, 360, 680, 360, 680, 410, 410, 410, 410, 410, 2330, 1120, 70, 350, 110, 350, 70, 1120, 350, 70, 350, 110, 70, 1120, 1120, 350, 110, 110, 1120, 70, 110, 200, 70, 120, 180, 180, 120, 70, 180, 120, 120, 70, 180, 120, 70, 180, 120, 70, 540, 690, 690, 540, 690, 690, 540, 540, 540, 690, 3010, 34670, 20, 3450, 3010, 3450, 3010, 34670, 3450, 3010, 3450, 3010, 34670, 3450, 34670, 34670, 40, 310, 280, 310, 2570, 310, 2570, 2570, 40, 40, 2570, 310, 40, 2570, 310, 40, 20, 100, 90, 770, 100, 760, 760, 100, 770, 770, 90, 760, 100, 20, 770, 770, 760, 100, 760, 130, 180, 20, 130, 20, 20, 20, 20, 30, 9770, 30, 60, 30, 84980, 84980, 60, 84980, 60, 9770, 9770, 60, 30, 9770, 9770, 84980, 84980, 60, 30, 10, 29000, 29000, 29000, 29000, 29000, 20, 770, 3450, 2480, 2480, 770, 2480, 770, 3450, 2480, 770, 20, 3450, 2480, 3450, 20, 17630, 3450, 20, 320, 770, 20, 800, 750, 5460, 2470, 20, 800, 770, 800, 750, 770, 770, 800, 20, 770, 750, 750, 800, 750, 770, 5600, 60, 0, 1250, 40, 1150, 60, 40, 60, 0, 40, 0, 60, 60, 40, 40, 0, 0, 100, 1830, 50, 50, 60, 100, 100, 50, 100, 1830, 60, 60, 1830, 1830, 50, 100, 50, 60, 1830, 60, 10, 970, 970, 10, 970, 10, 10, 10, 970, 970, 2850, 2850, 90, 580, 2850, 90, 2860, 90, 90, 2850, 580, 2860, 2850, 580, 2860, 90, 580, 2860, 580, 2860, 770, 2290, 20, 92340, 92340, 590, 20, 770, 2290, 20, 92340, 92340, 770, 20, 770, 770, 20, 92340, 830, 0, 50, 80, 200, 50, 80, 0, 0, 830, 170, 80, 200, 170, 80, 200, 50, 0, 830, 170, 170, 50, 50, 0, 830, 170, 200, 200, 80, 830, 220, 220, 0, 100, 220, 0, 130, 100, 0, 60, 60, 130, 100, 50, 0, 100, 220, 130, 130, 0, 130, 220, 60, 60, 60, 100, 30, 2570, 10, 10, 430, 10, 10, 10, 430, 430, 430, 430, 50, 930, 50, 930, 50, 930, 50, 930, 930, 50, 1580, 170, 1610, 1610, 170, 1580, 1610, 6010, 1580, 1610, 170, 170, 1580, 1610, 170, 1580, 180, 230, 230, 1760, 1760, 230, 1760, 180, 1760, 1760, 230, 230, 30, 470, 1180, 1180, 470, 1490, 1490, 470, 1490, 1180, 470, 1490, 1490, 1180, 470, 1180, 1190, 120, 2190, 120, 120, 2190, 2190, 2190, 120, 2190, 120, 20, 30, 20, 30, 20, 50, 20, 50, 30, 30, 30, 20, 50, 50, 50, 2250, 590, 590, 590, 2250, 590, 2250, 590, 2250, 2250, 20, 1750, 10, 1750, 10, 10, 80, 80, 10, 80, 1750, 80, 20, 1750, 80, 10, 1750, 30, 30, 30, 30, 30, 2760, 30, 30, 2760, 430, 2760, 30, 2760, 30, 20, 2760, 30, 30, 200, 200, 30, 30, 34680, 200, 30, 30, 200, 200, 1580, 10, 70, 70, 70, 10, 70, 70, 290, 10, 6310, 1870, 1870, 290, 1870, 6310, 1870, 6310, 290, 10, 6310, 290, 1870, 290, 6310, 1760, 50, 330, 750, 1760, 330, 750, 3780, 180, 750, 1760, 330, 50, 750, 750, 330, 1760, 1760, 330, 2300, 2300, 2300, 2300, 2300, 50, 630, 630, 50, 630, 940, 630, 50, 630, 50, 50, 1190, 280, 1190, 1190, 1190, 1190, 110, 580, 500, 70, 110, 220, 70, 500, 500, 110, 70, 220, 110, 580, 500, 580, 70, 580, 110, 70, 500, 580, 210, 1100, 1100, 1100, 1100, 1100, 290, 2050, 140, 290, 290, 290, 140, 140, 290, 140, 140, 240, 3100, 180, 130, 180, 130, 120, 130, 3100, 130, 180, 130, 180, 180, 1140, 100, 40, 590, 590, 4160, 590, 590, 100, 1490, 100, 1490, 1490, 100, 1490, 100, 1490, 590, 90, 90, 100, 100, 90, 100, 100, 100, 90, 90, 2080, 2080, 580, 50, 2080, 0, 20, 580, 50, 580, 2080, 580, 2080, 580, 10230, 10230, 60, 3060, 10230, 4590, 3060, 4590, 440, 3060, 440, 10230, 4590, 3060, 440, 4590, 3060, 4590, 440, 10230, 440, 30, 250, 6310, 6310, 30, 30, 6310, 6310, 30, 30, 6310, 1580, 30, 90, 30, 2080, 90, 1580, 30, 2080, 90, 2080, 2080, 1580, 2080, 90, 1580, 30, 90, 30, 1580, 4630, 4630, 4630, 4630, 4630, 290, 290, 980, 290, 980, 290, 290, 980, 290, 980, 290, 290, 980, 290, 290, 5390, 16240, 12400, 12400, 70, 5390, 12400, 70, 5390, 12400, 70, 70, 70, 5390, 12400, 5390, 20, 20, 4020, 2700, 1540, 2700, 4020, 20, 2700, 6830, 2700, 6830, 20, 2700, 1540, 6830, 4020, 20, 4020, 6830, 4020, 20, 6830, 0, 80, 0, 0, 0, 0, 260, 5260, 150, 600, 600, 600, 5260, 150, 260, 600, 5260, 5260, 5260, 600, 5820, 1770, 3850, 1770, 3850, 1770, 1770, 3850, 3850, 100, 3850, 1770, 420, 310, 310, 310, 420, 310, 420, 310, 420, 420, 140, 140, 610, 2500, 140, 610, 610, 140, 610, 610, 140, 150, 6160, 290, 150, 6160, 6160, 150, 150, 150, 6160, 1470, 6160, 40, 6850, 740, 150, 150, 40, 150, 40, 150, 740, 740, 40, 150, 740, 40, 740, 250, 1030, 1270, 520, 610, 520, 610, 520, 1030, 1030, 1270, 520, 610, 1030, 520, 610, 1270, 1030, 1270, 20, 610, 1270, 1040, 810, 1710, 510, 2850, 2700, 2410, 1710, 2850, 2850, 2850, 1710, 2850, 1710, 1710, 590, 80, 80, 80, 80, 80, 11190, 60, 20, 10, 20, 1360, 40, 1360, 20, 20, 3430, 40, 20, 1360, 20, 3430, 20, 3430, 40, 60, 20, 3430, 40, 20, 40, 1360, 3430, 1360, 20, 220, 50, 100, 3240, 100, 240, 220, 3240, 100, 3240, 240, 3240, 220, 240, 50, 220, 50, 100, 220, 100, 50, 3240, 240, 50, 240, 630, 740, 4860, 30, 520, 120, 320, 30, 120, 30, 30, 30, 120, 120, 30, 120, 1930, 60, 3410, 1930, 1930, 1930, 1930, 600, 20, 330, 330, 1400, 970, 970, 1400, 970, 20, 20, 3310, 970, 330, 970, 330, 20, 1400, 1400, 330, 20, 150, 1400, 1680, 560, 560, 560, 1680, 560, 560, 1330, 80, 3070, 3070, 3070, 2730, 2730, 3070, 2730, 80, 2730, 2730, 3070, 10, 1870, 10, 10, 1870, 10, 10, 1250, 4360, 20, 70, 1250, 1250, 6990, 6990, 70, 4360, 20, 4360, 20, 4360, 1250, 20, 70, 1250, 6990, 4360, 20, 70, 70, 6990, 6990, 10, 20, 4630, 20, 300, 20, 300, 830, 4630, 300, 30, 20, 300, 10, 4630, 20, 4630, 300, 4630, 80, 16460, 2510, 400, 1970, 16460, 2510, 1970, 16460, 2510, 2510, 16460, 2510, 16460, 160, 1400, 1000, 1000, 160, 160, 160, 1000, 1000, 1000, 160, 12310, 630, 1200, 230, 1200, 230, 230, 12310, 230, 1200, 1200, 12310, 630, 230, 12310, 12310, 1200, 3710, 10, 260, 10, 10, 10, 10, 20, 4120, 60, 20, 20, 60, 60, 20, 60, 60, 60, 20, 11970, 70, 30, 10, 60, 20, 10, 30, 60, 30, 60, 10, 70, 20, 60, 30, 20, 60, 30, 20, 10, 10, 20, 70, 30410, 5560, 20, 110, 20, 30410, 360, 360, 110, 110, 30410, 20, 110, 360, 20, 30410, 20, 110, 360, 360, 30410, 70, 270, 270, 3040, 270, 3040, 3040, 3040, 3040, 270, 270, 630, 14400, 21700, 110, 180, 1640, 14400, 10, 10, 2660, 2660, 260, 1640, 2660, 1640, 260, 14400, 10, 260, 14400, 2660, 21700, 10, 260, 260, 10, 14400, 1640, 2660, 1640, 0, 0, 0, 0, 0, 130, 180, 130, 390, 400, 20, 390, 130, 400, 20, 390, 20, 400, 390, 130, 530, 130, 20, 530, 530, 130, 20, 390, 400, 530, 130, 130, 400, 530, 130, 130, 190, 190, 1320, 1320, 10, 260, 10, 260, 260, 1320, 260, 1320, 1320, 190, 260, 190, 10, 10, 10, 190, 370, 170, 370, 170, 370, 370, 370, 110, 130, 1270, 710, 10, 2400, 130, 130, 510, 10, 510, 510, 710, 10, 230, 2400, 510, 130, 10, 710, 2400, 10, 710, 2400, 510, 710, 2400, 230, 130, 230, 3070, 230, 230, 0, 0, 0, 30410, 0, 0, 3860, 3860, 1760, 3860, 3860, 3860, 10, 30, 30, 10, 30, 2880, 10, 10, 130, 2880, 30, 130, 130, 2880, 130, 30, 2880, 2880, 10, 10, 100, 1670, 12220, 230, 1390, 80, 10, 1390, 230, 1390, 12220, 10, 12220, 10, 230, 1670, 80, 1390, 10, 230, 80, 1390, 230, 10, 80, 80, 12220, 12220, 2680, 70, 70, 2680, 70, 70, 70, 2680, 2680, 2680, 60, 60, 60, 60, 60, 260, 110, 550, 37050, 110, 110, 260, 550, 260, 550, 110, 37050, 260, 110, 37050, 550, 37050, 260, 550, 37050, 2020, 120, 2020, 10, 120, 10, 10, 50, 2020, 50, 10, 2020, 50, 120, 10, 50, 120, 120, 2020, 50, 40, 1950, 2290, 80, 1180, 80, 90, 30410, 30410, 1950, 130, 2290, 2290, 40, 80, 90, 80, 40, 40, 90, 2290, 30410, 1950, 40, 90, 2290, 30410, 1950, 90, 1950, 80, 80, 30410, 530, 530, 6970, 530, 6970, 6970, 530, 6970, 6970, 530, 3420, 160, 30290, 4230, 70, 4230, 1310, 110, 160, 30290, 4230, 160, 4230, 30290, 1310, 380, 30290, 70, 1310, 70, 4230, 30290, 1310, 70, 70, 1310, 160, 160, 570, 750, 3040, 750, 570, 3040, 570, 3040, 750, 3040, 3040, 750, 570, 750, 570]"
2020-11-03 13:50:00+00:00,8830630,2,4019.0,"[1910, 2070, 270, 830, 1910, 270, 1910, 270, 830, 830, 270, 830, 830, 1910, 1910, 270, 560, 1310, 80, 460, 4050, 560, 560, 14520, 460, 80, 80, 80, 4050, 460, 560, 460, 560, 4050, 80, 14520, 460, 4050, 340, 4050, 40, 2760, 100, 2760, 2760, 2760, 2760, 2350, 140, 100, 2350, 170, 140, 2350, 140, 2350, 100, 100, 2350, 140, 140, 100, 100, 80, 710, 140, 690, 3340, 820, 200, 1030, 1030, 1030, 820, 820, 690, 200, 1030, 820, 200, 1030, 200, 200, 820, 710, 3760, 70, 710, 0, 3420, 710, 0, 3420, 710, 3420, 0, 0, 3420, 70, 710, 3760, 0, 3420, 2640, 230, 90, 410, 350, 230, 7760, 90, 410, 90, 230, 410, 90, 230, 70, 410, 90, 230, 410, 8970, 23740, 40, 230, 230, 40, 230, 230, 230, 40, 40, 40, 200, 70, 10, 130, 2190, 2190, 1930, 2190, 130, 10, 130, 130, 2190, 130, 2190, 30, 30, 800, 800, 30, 30, 800, 800, 30, 800, 1050, 450, 450, 90, 450, 1050, 1050, 130, 450, 1050, 1050, 450, 30, 280, 110, 770, 1040, 60, 40, 10, 10, 10, 110, 280, 110, 110, 40, 280, 60, 10, 280, 60, 60, 40, 10, 110, 280, 60, 40, 40, 4690, 4690, 4690, 4690, 4690, 50, 820, 770, 770, 770, 770, 820, 770, 2710, 2710, 2710, 2710, 2710, 1190, 80, 0, 0, 160, 2570, 80, 0, 160, 1190, 80, 0, 160, 160, 1190, 2570, 1190, 80, 80, 160, 1190, 2570, 2570, 2570, 0, 790, 790, 2960, 520, 500, 2660, 1130, 1130, 1100, 790, 500, 520, 1130, 2960, 520, 790, 500, 520, 2660, 1130, 2960, 1100, 500, 520, 2660, 1130, 2960, 1100, 2660, 790, 500, 2960, 2660, 1100, 1100, 27460, 8170, 27460, 27460, 8170, 27460, 8170, 27460, 8170, 8170, 370, 1180, 270, 10, 130, 370, 270, 2080, 240, 130, 21160, 100, 130, 10, 2080, 240, 1180, 1180, 2080, 10, 21160, 240, 370, 130, 240, 270, 21160, 1180, 2080, 10, 370, 2080, 10, 130, 370, 21160, 270, 270, 21160, 240, 1180, 20, 2210, 1280, 340, 110, 980, 20, 2210, 20, 50, 20, 70, 50, 2210, 110, 1280, 340, 20, 50, 1280, 340, 70, 110, 20, 1280, 340, 20, 70, 110, 2210, 70, 110, 2210, 70, 50, 1280, 340, 50, 170, 20, 20, 20, 170, 170, 20, 170, 20, 170, 40, 80, 80, 40, 180, 80, 10, 180, 10, 80, 10, 40, 40, 10, 180, 40, 10, 180, 180, 80, 2790, 120, 60, 160, 2790, 4290, 120, 4290, 4290, 2790, 60, 160, 120, 4290, 2790, 60, 160, 120, 2790, 160, 120, 60, 160, 4290, 150, 60, 70, 90, 30, 9550, 90, 90, 90, 70, 90, 30, 70, 70, 70, 7770, 520, 7770, 2090, 20, 360, 1430, 620, 360, 2090, 1350, 1430, 1350, 1350, 620, 1430, 2090, 620, 360, 1430, 2090, 620, 360, 1430, 1350, 620, 360, 2090, 1350, 37050, 3100, 560, 3100, 560, 3100, 560, 3100, 560, 3100, 180, 0, 60, 180, 180, 60, 60, 0, 180, 60, 0, 180, 0, 60, 0, 180, 60, 4730, 6040, 30, 4730, 60, 60, 4730, 30, 6040, 6040, 60, 4730, 30, 60, 4730, 30, 6040, 30, 6040, 40, 230, 880, 1410, 880, 1400, 180, 180, 1400, 1410, 1400, 230, 180, 1410, 230, 1400, 1410, 1400, 230, 880, 880, 230, 880, 1410, 180, 180, 16970, 16970, 440, 0, 100, 1240, 48540, 48540, 48540, 48540, 48540, 440, 440, 440, 440, 1850, 1850, 1850, 1850, 1850, 11190, 780, 740, 2990, 740, 2990, 740, 11190, 2990, 780, 2990, 780, 740, 2990, 740, 780, 780, 11190, 11190, 11190, 9530, 60, 60, 60, 9530, 60, 60, 2040, 1020, 120, 110, 550, 30, 1020, 110, 30, 2040, 550, 2040, 550, 110, 1020, 30, 2040, 550, 1020, 110, 110, 30, 2040, 550, 1020, 30, 60, 15160, 20, 10, 10, 10, 20, 10, 20, 15160, 10, 20, 20, 4190, 1260, 4190, 4190, 4190, 4190, 8150, 160, 160, 8150, 160, 8150, 160, 8150, 8150, 160, 60, 50, 340, 60, 60, 60, 60, 90, 2020, 780, 1040, 50, 1900, 1900, 4350, 90, 20, 50, 1900, 1040, 1040, 90, 1040, 90, 50, 1900, 4350, 780, 1040, 90, 50, 1900, 780, 50, 780, 780, 40, 2190, 2040, 2190, 40, 2040, 2190, 2040, 2040, 2190, 2190, 40, 2040, 40, 40, 80, 180, 360, 380, 34670, 380, 45300, 48380, 45300, 34670, 48380, 380, 34670, 1230, 34670, 48380, 380, 45300, 34670, 48380, 380, 45300, 48380, 45300, 60, 60, 1640, 60, 2650, 2650, 2650, 2650, 1640, 60, 60, 2650, 4640, 4640, 500, 230, 10, 10, 500, 10, 4640, 10, 4640, 10, 4640, 510, 30, 10, 30, 40, 830, 40, 40, 830, 30, 830, 10, 10, 30, 10, 830, 30, 10, 830, 40, 40, 0, 100, 60, 60, 60, 0, 60, 60, 580, 990, 990, 580, 990, 580, 580, 990, 990, 580, 6860, 360, 6860, 360, 6860, 360, 360, 6860, 360, 6860, 5020, 21330, 5020, 5020, 5020, 5020, 140, 1080, 14600, 43340, 43340, 1080, 140, 1080, 1080, 1080, 140, 43340, 140, 43340, 43340, 140, 330, 330, 190, 330, 1560, 330, 330, 2570, 180, 8860, 180, 180, 180, 15700, 180, 3410, 3410, 3410, 3410, 3410, 1430, 0, 86150, 530, 0, 0, 1430, 86150, 2120, 380, 0, 530, 86150, 1430, 530, 1430, 380, 2120, 0, 530, 86150, 530, 86150, 0, 1430, 0, 0, 0, 0, 30, 0, 0, 440, 140, 140, 140, 140, 140, 20, 0, 1360, 760, 10, 440, 0, 10, 0, 1020, 440, 10, 0, 10, 0, 10, 440, 440, 440, 20, 430, 430, 430, 320, 20, 320, 20, 320, 430, 320, 320, 430, 20, 20, 3240, 7640, 40, 1210, 7640, 1210, 840, 40, 1210, 3240, 7640, 1210, 40, 7640, 1210, 40, 7640, 40, 2040, 30, 20, 30, 20, 250, 5520, 30, 20, 250, 30, 250, 30, 20, 250, 250, 20, 20, 16970, 30, 0, 20, 3110, 20, 16970, 30, 20, 20, 30, 30, 30, 20, 840, 20, 10, 80, 2710, 10, 60, 60, 3230, 80, 2710, 80, 44320, 60, 80, 44320, 60, 10, 2710, 60, 10, 2710, 44320, 44320, 10, 2710, 44320, 80, 80, 1010, 870, 710, 1010, 1430, 870, 1010, 870, 1010, 870, 1010, 870, 710, 710, 710, 710, 630, 30, 630, 2100, 630, 30, 11080, 220, 30, 380, 630, 630, 30, 2100, 30, 380, 380, 380, 380, 380, 1820, 0, 0, 15350, 0, 0, 180, 0, 15350, 0, 0, 15350, 0, 15350, 0, 15350, 0, 1740, 7660, 630, 1130, 630, 2170, 12030, 2840, 30130, 2840, 30130, 2840, 30130, 2840, 30130, 2170, 2170, 2170, 2840, 30130, 2170, 50, 50, 2710, 50, 1350, 50, 50, 430, 860, 3670, 48540, 3670, 3670, 430, 3670, 3670, 240, 310, 240, 240, 240, 240, 3000, 400, 290, 290, 290, 3000, 400, 400, 400, 290, 400, 290, 3000, 3000, 3000, 220, 7230, 780, 2420, 220, 780, 220, 140, 780, 780, 220, 780, 220, 2180, 20, 1350, 10, 10, 2180, 20, 20, 10, 10, 2180, 2180, 10, 20, 2180, 20, 210, 1430, 210, 1430, 3930, 210, 1430, 1430, 210, 210, 1430, 710, 1170, 1170, 710, 1170, 210, 210, 210, 140, 140, 140, 210, 140, 210, 1170, 710, 140, 1170, 710, 710, 390, 680, 8010, 390, 390, 470, 680, 680, 390, 680, 390, 1320, 680, 550, 730, 9690, 2070, 180, 180, 730, 730, 9690, 2070, 550, 180, 550, 2070, 730, 9690, 180, 550, 550, 180, 2070, 2070, 730, 9690, 9690, 100, 100, 100, 100, 100, 50, 860, 140, 1340, 1340, 290, 50, 50, 70, 290, 290, 140, 70, 290, 1340, 140, 290, 860, 1340, 50, 70, 70, 50, 70, 1340, 860, 140, 140, 860, 60, 860, 370, 6140, 440, 4120, 190, 370, 340, 340, 6140, 340, 4120, 340, 4120, 6140, 370, 190, 190, 4120, 4120, 6140, 370, 190, 340, 6140, 370, 190, 190, 1410, 290, 640, 640, 640, 1410, 230, 1410, 640, 190, 640, 1410, 1410, 100, 40, 70, 180, 40, 70, 70, 70, 40, 40, 40, 70, 1390, 1390, 40, 520, 240, 10, 1490, 1490, 40, 10, 520, 40, 10, 520, 520, 1490, 40, 1490, 10, 520, 40, 1490, 10, 60, 560, 420, 60, 310, 1350, 1350, 1350, 420, 560, 560, 60, 420, 560, 60, 420, 560, 420, 1350, 60, 1350, 150, 40, 1230, 150, 4850, 40, 1230, 4850, 150, 40, 1230, 150, 1230, 40, 4850, 150, 4850, 1230, 4850, 40, 360, 1100, 1100, 1100, 1100, 360, 10, 1100, 210, 40, 70, 20, 210, 12940, 7100, 70, 40, 12940, 12940, 70, 40, 40, 12940, 210, 40, 12940, 210, 210, 70, 70, 3060, 2100, 1480, 2100, 1480, 2100, 1480, 2100, 1480, 2100, 1480, 60, 60, 60, 60, 60, 0, 0, 0, 4550, 4550, 0, 4550, 210, 4550, 4550, 0, 3500, 380, 440, 1340, 340, 440, 440, 3500, 340, 3150, 3500, 4080, 340, 440, 340, 4080, 4080, 4080, 4080, 380, 440, 10, 380, 3500, 380, 3500, 340, 380, 120, 500, 20, 500, 500, 20, 120, 20, 500, 120, 20, 20, 120, 500, 120, 30, 30, 30, 140, 140, 30, 140, 9960, 140, 140, 30, 2420, 6480, 10, 2420, 10, 2420, 10, 2420, 10, 770, 2420, 10, 6060, 7420, 40, 2090, 2090, 2090, 2090, 2090, 1600, 1500, 750, 0, 1600, 3090, 0, 0, 1600, 1500, 0, 0, 1600, 3090, 1500, 1600, 750, 1500, 1500, 90, 2090, 70, 70, 2660, 90, 360, 70, 250, 290, 360, 2090, 360, 90, 70, 2660, 2660, 2090, 70, 70, 2660, 2090, 360, 90, 360, 2660, 2090, 90, 70, 70, 70, 70, 2440, 2440, 2440, 1260, 13070, 2440, 1260, 2440, 1260, 1260, 1260, 160, 160, 540, 160, 160, 160, 11320, 2100, 120, 2100, 2100, 2100, 2100, 30, 70, 50, 70, 110, 50, 110, 70, 30, 110, 110, 50, 50, 110, 50, 30, 70, 30, 70, 30, 1410, 60, 2240, 2240, 2240, 2240, 2240, 620, 620, 620, 620, 620, 150, 20230, 5520, 3670, 150, 20230, 20230, 20230, 150, 150, 150, 20230, 290, 360, 7420, 290, 290, 7420, 160, 290, 7420, 290, 7420, 7420, 20, 20, 20, 20, 20, 1120, 450, 780, 230, 1120, 450, 230, 100, 1360, 230, 1120, 450, 230, 1120, 1120, 230, 450, 450, 690, 2630, 11560, 110, 100, 2630, 100, 100, 2630, 110, 2630, 110, 2630, 110, 100, 110, 100, 20, 100, 930, 1600, 250, 250, 250, 250, 250, 930, 930, 930, 930, 340, 1110, 1110, 1110, 1110, 1110, 710, 60, 490, 380, 710, 710, 380, 180, 60, 380, 380, 60, 710, 380, 60, 60, 710, 1320, 180, 100, 200, 200, 1950, 200, 0, 1950, 200, 1950, 100, 100, 180, 180, 100, 100, 180, 200, 1950, 1950, 180, 470, 1610, 1360, 1610, 470, 1360, 1610, 470, 1360, 1610, 470, 1610, 1360, 470, 1360, 30, 20, 20, 60, 20, 60, 60, 30, 60, 60, 20, 20, 140, 50, 50, 50, 40, 140, 50, 50, 740, 1490, 5650, 5700, 160, 1490, 740, 160, 160, 160, 740, 160, 740, 740, 690, 130, 530, 530, 530, 130, 530, 530, 260, 50, 260, 20, 390, 1290, 120, 3520, 1290, 390, 390, 3520, 120, 1290, 3520, 390, 3520, 390, 1290, 3520, 1290, 400, 8050, 190, 400, 400, 340, 200, 8050, 190, 20, 8050, 190, 400, 200, 400, 8050, 340, 200, 190, 200, 8050, 340, 190, 340, 340, 200, 0, 6710, 0, 1810, 1810, 6710, 6710, 1810, 6710, 6710, 0, 1810, 0, 1810, 0, 3740, 2470, 2190, 2980, 1570, 1570, 2980, 1570, 2980, 2470, 3740, 2980, 3740, 2190, 2190, 3740, 2190, 2980, 3740, 1570, 2190, 1570, 21160, 60, 0, 460, 21160, 460, 460, 21160, 460, 21160, 460, 21160, 860, 1420, 2860, 260, 6030, 7230, 140, 260, 260, 60, 140, 1420, 6030, 1420, 170, 140, 260, 140, 7230, 1420, 140, 260, 6030, 6030, 1420, 6030, 80, 1600, 80, 80, 600, 80, 80, 1710, 1350, 1230, 1230, 1230, 1230, 1350, 1350, 1350, 1350, 1230, 150, 30, 150, 30, 4120, 150, 30, 150, 30, 30, 150, 0, 0, 720, 320, 20, 720, 320, 20, 10, 150, 10, 0, 320, 720, 20, 0, 150, 320, 20, 150, 0, 720, 150, 10, 2800, 320, 20, 150, 10, 720, 10, 380, 500, 500, 380, 500, 380, 380, 500, 500, 3740, 380, 2960, 50, 340, 50, 2960, 50, 3170, 340, 2050, 50, 340, 2050, 2050, 1600, 2050, 1600, 2050, 2960, 3170, 200, 340, 1600, 1600, 2960, 3170, 1600, 3170, 3170, 50, 340, 2960, 2390, 100, 100, 100, 2190, 2190, 2190, 2390, 100, 100, 2390, 2390, 2190, 2390, 2190, 7330, 2070, 1360, 2070, 2070, 2070, 2070, 760, 1570, 120, 640, 170, 10420, 170, 170, 170, 440, 170, 1120, 0, 150, 150, 150, 1120, 0, 150, 1120, 150, 150, 0, 1120, 0, 150, 1120, 150, 150, 150, 0, 770, 770, 770, 770, 770, 200, 10540, 200, 200, 200, 10540, 10540, 10540, 10540, 200, 1200, 460, 10, 460, 10, 10, 12170, 3560, 10, 12170, 12170, 10, 460, 12170, 460, 460, 470, 150, 150, 470, 30, 470, 30, 30, 470, 150, 140, 470, 30, 30, 150, 150, 2570, 100, 1050, 100, 100, 1050, 2570, 100, 1050, 100, 1050, 1050, 150, 150, 240, 150, 150, 150, 380, 1080, 860, 860, 860, 860, 1080, 860, 1060, 1420, 1060, 1060, 1420, 1100, 1060, 580, 20, 580, 580, 1060, 580, 1420, 1060, 1420, 580, 1420, 90, 90, 90, 90, 90, 110, 40, 40, 110, 110, 390, 110, 40, 110, 40, 40, 2000, 30, 2210, 40, 2990, 2210, 2210, 40, 2990, 2990, 40, 2210, 40, 2990, 40, 2990, 2210, 1380, 1380, 1380, 1380, 1380, 10, 5990, 50, 5990, 5990, 50, 50, 10, 5990, 10, 5990, 50, 10, 10, 10, 50, 140, 20, 5900, 470, 1060, 140, 1060, 1060, 20, 5900, 140, 140, 1060, 140, 1060, 5300, 3980, 30, 6830, 2710, 6830, 6830, 6830, 6830, 440, 6970, 6970, 440, 60, 440, 60, 6970, 6970, 440, 440, 60, 60, 6970, 60, 880, 450, 450, 450, 450, 450, 1390, 60, 60, 110, 250, 790, 1640, 730, 1640, 250, 790, 250, 1640, 790, 250, 790, 1640, 1640, 250, 790, 20, 1720, 100, 150, 200, 200, 100, 150, 100, 100, 200, 150, 1720, 200, 100, 200, 150, 150, 380, 0, 40, 60, 40, 380, 40, 30, 40, 0, 380, 40, 0, 380, 30, 380, 0, 24970, 0, 60, 1080, 220, 820, 70, 1620, 70, 70, 0, 1620, 1620, 0, 1620, 1620, 0, 70, 0, 800, 0, 70, 220, 1880, 2180, 220, 11560, 2180, 11560, 220, 180, 180, 2180, 11560, 220, 2180, 220, 11560, 2180, 11560, 180, 180, 180, 520, 520, 30, 520, 30, 520, 30, 520, 30, 30, 150, 300, 320, 20, 120, 300, 20, 150, 300, 20, 120, 120, 300, 20, 20, 150, 300, 150, 120, 150, 120, 460, 6480, 6480, 6480, 460, 340, 460, 340, 340, 460, 340, 6480, 340, 460, 6480, 15160, 2190, 2190, 2190, 50, 50, 2190, 2190, 50, 50, 50, 30, 30, 30, 30, 30, 1020, 1920, 20, 1120, 20, 1120, 1120, 20, 1120, 790, 1120, 20, 20, 280, 270, 1440, 270, 270, 280, 5980, 280, 5980, 5980, 5980, 270, 270, 5980, 280, 280, 19640, 40, 50, 2920, 19640, 40, 19640, 40, 50, 50, 50, 19640, 40, 19640, 40, 50, 0, 5480, 0, 160, 3590, 0, 3590, 160, 3590, 160, 3590, 0, 160, 3590, 0, 160, 40, 2130, 0, 0, 2130, 0, 2130, 0, 2130, 0, 2130, 900, 1800, 800, 4660, 100, 900, 900, 800, 800, 900, 800, 4660, 800, 900, 1350, 1350, 1350, 1350, 1350, 400, 400, 400, 400, 400, 7230, 5460, 280, 280, 280, 280, 280, 1500, 1360, 1980, 1980, 1360, 1980, 1500, 1980, 1980, 40, 2140, 2140, 2140, 2140, 40, 2140, 80, 570, 300, 80, 300, 570, 80, 300, 570, 300, 300, 570, 80, 80, 570, 80, 1980, 80, 1980, 80, 1980, 80, 1980, 1980, 80, 1000, 30, 570, 1000, 20, 1000, 2580, 20, 1000, 570, 3040, 170, 3040, 170, 20, 3040, 570, 1000, 3060, 20, 170, 2580, 20, 3040, 170, 570, 170, 570, 3040, 2430, 1230, 2430, 50, 10, 900, 1180, 10, 1180, 10, 1180, 840, 10, 17530, 1180, 10, 1180, 570, 120, 570, 120, 80, 40, 120, 570, 570, 120, 570, 120, 180, 180, 180, 110, 180, 180, 3170, 50, 50, 50, 310, 50, 3170, 310, 3170, 310, 50, 310, 3170, 310, 3170, 10, 0, 1460, 570, 20, 20, 20, 1460, 570, 20, 5340, 570, 1460, 20, 1460, 570, 1460, 570, 0, 5180, 60, 6960, 40, 10, 10, 0, 6960, 40, 10, 6960, 40, 10, 5180, 0, 10, 5180, 6960, 0, 70, 0, 60, 5180, 40, 5180, 40, 6960, 0, 0, 710, 1380, 3370, 710, 1380, 1380, 1380, 710, 710, 1380, 3370, 3370, 710, 3370, 3370, 130, 230, 1980, 230, 320, 1980, 230, 130, 320, 1980, 230, 1980, 320, 320, 1980, 230, 130, 320, 130, 130, 410, 50, 50, 50, 410, 50, 410, 410, 50, 410, 850, 850, 160, 850, 160, 850, 160, 140, 340, 850, 160, 160, 340, 340, 340, 21000, 20, 21000, 21000, 21000, 21000, 8280, 1000, 8280, 4520, 1570, 1790, 60, 4520, 60, 1570, 1570, 4520, 1790, 60, 60, 1570, 4520, 60, 1570, 1790, 4520, 1790, 1790, 1190, 10, 10, 1190, 10, 1190, 10, 1190, 10, 1190, 20, 140, 20, 1170, 20, 20, 1170, 1170, 1170, 1170, 20, 300, 800, 1040, 800, 0, 800, 1040, 800, 1040, 17460, 1040, 1040, 800, 10, 10, 10, 160, 160, 240, 160, 160, 10, 160, 10, 600, 10, 10, 20, 3100, 20, 10, 20, 10, 20, 3100, 10, 20, 10, 10, 2400, 10, 10, 2400, 2400, 2400, 10, 2400, 1520, 1160, 1520, 1520, 1160, 1160, 1520, 1520, 1160, 1160, 3150, 80, 20, 40, 540, 540, 3150, 1260, 540, 1260, 1260, 40, 80, 3150, 20, 80, 20, 3150, 40, 540, 80, 20, 1260, 40, 540, 80, 3150, 40, 20, 1260, 0, 80, 1060, 60, 1060, 1430, 1430, 1430, 60, 60, 60, 1060, 1430, 60, 1060, 1430, 1060, 7420, 800, 1160, 570, 570, 570, 570, 570, 180, 5930, 5930, 3350, 3350, 180, 3350, 5930, 180, 5930, 180, 3350, 5930, 180, 3350, 200, 1250, 260, 4430, 1460, 200, 1460, 1460, 200, 260, 1940, 260, 1940, 200, 1460, 260, 1940, 1250, 1460, 260, 1940, 1940, 200, 6160, 6160, 6160, 6160, 90, 6160, 90, 90, 90, 90, 23620, 130, 20, 30, 23620, 11320, 23620, 30, 23620, 11320, 20, 130, 11320, 11320, 20, 130, 30, 130, 30, 11320, 20, 130, 23620, 30, 20, 100, 330, 100, 1430, 160, 100, 330, 330, 100, 100, 330, 1430, 1430, 1430, 1430, 330, 3060, 3060, 2600, 110, 1330, 3060, 390, 110, 1330, 390, 3060, 110, 1330, 390, 2600, 110, 3060, 390, 1330, 110, 390, 1330, 5180, 1610, 6480, 6480, 6480, 6480, 6480, 3980, 1310, 1330, 1310, 1310, 580, 1310, 40, 40, 580, 1310, 1330, 1330, 40, 580, 40, 580, 1330, 1330, 580, 20, 800, 20, 20, 20, 800, 800, 800, 20, 800, 10, 9410, 260, 9410, 9410, 0, 9410, 9410, 0, 1610, 130, 210, 840, 0, 0, 80, 210, 130, 210, 80, 80, 210, 0, 130, 80, 210, 0, 130, 80, 130, 300, 610, 300, 610, 210, 300, 210, 610, 210, 300, 210, 300, 210, 610, 610, 0, 160, 160, 160, 160, 0, 0, 160, 0, 0, 30, 400, 570, 140, 660, 30, 2760, 2760, 30, 660, 570, 2760, 570, 140, 570, 2760, 30, 570, 30, 140, 660, 2760, 140, 660, 140, 660, 14860, 14860, 14860, 14860, 14860, 1760, 10, 10, 1760, 10, 1760, 10, 1760, 10, 10, 1760, 3350, 3350, 3350, 3350, 3350, 260, 22920, 500, 30, 260, 30, 60, 1400, 22920, 60, 30, 20, 60, 60, 160, 260, 260, 1400, 30, 160, 20, 500, 20, 1400, 20, 1400, 1400, 160, 22920, 260, 160, 22920, 160, 22920, 20, 60, 30, 1620, 1780, 3170, 3780, 3170, 3780, 3780, 3780, 3780, 3170, 3170, 3170, 1730, 17900, 160, 17900, 160, 17900, 160, 160, 17900, 160, 17900, 2740, 1250, 740, 2740, 300, 300, 740, 300, 2740, 740, 300, 740, 2740, 2740, 300, 740, 9130, 0, 0, 9130, 0, 120, 0, 9130, 120, 120, 120, 9130, 120, 9130, 0, 140, 620, 5010, 140, 140, 140, 140, 50, 4020, 4020, 50, 4020, 4020, 50, 4020, 50, 50, 1340, 1340, 1340, 1340, 70, 1340, 6390, 6390, 6390, 470, 6390, 470, 470, 6390, 470, 470, 330, 6670, 3220, 3220, 6670, 3220, 3220, 6670, 3220, 6670, 6670, 150, 40, 150, 2120, 150, 330, 410, 410, 330, 40, 20, 350, 410, 330, 40, 330, 150, 40, 40, 330, 410, 150, 410, 110, 200, 270, 90, 10, 10, 270, 10, 90, 200, 12210, 90, 12210, 270, 12210, 12210, 10, 90, 110, 12210, 270, 10, 90, 110, 110, 200, 110, 270, 200, 200, 930, 3170, 930, 40, 16330, 20, 20, 930, 40, 40, 20, 150, 40, 20, 40, 4520, 4520, 500, 3170, 40, 930, 40, 500, 40, 930, 40, 4520, 500, 40, 4520, 500, 20, 3170, 500, 3170, 3170, 4520, 2060, 2060, 2060, 2060, 2060, 450, 200, 160, 20, 200, 160, 200, 160, 160, 200, 160, 200, 40, 160, 0, 0, 0, 90, 160, 160, 160, 0, 160, 0, 50, 260, 730, 260, 260, 730, 730, 730, 260, 730, 260, 1900, 640, 20, 1330, 1900, 40, 500, 80, 1420, 150, 40, 2030, 640, 100, 40, 2030, 80, 2030, 20, 150, 500, 1420, 1900, 640, 40, 20, 150, 500, 1420, 1330, 80, 500, 1900, 640, 150, 1330, 80, 20, 1420, 2030, 40, 2030, 500, 1420, 640, 150, 80, 20, 1330, 1900, 1330, 210, 140, 240, 830, 320, 320, 140, 140, 210, 210, 140, 320, 210, 320, 320, 210, 140, 190, 410, 410, 190, 190, 190, 410, 410, 190, 410, 4520, 300, 4520, 4520, 4520, 30, 30, 30, 4520, 30, 30, 1510, 12400, 7080, 270, 7080, 270, 270, 1510, 7080, 1510, 12400, 1510, 7080, 12400, 1510, 7080, 270, 270, 12400, 12400, 0, 760, 7160, 7160, 760, 7160, 0, 760, 760, 7160, 0, 760, 7160, 0, 0, 20, 240, 240, 240, 20, 40, 20, 40, 40, 20, 240, 20, 40, 240, 40, 20690, 120, 3120, 270, 1320, 270, 390, 390, 2230, 800, 120, 2230, 2230, 270, 120, 2230, 120, 1320, 20690, 390, 2230, 270, 120, 1320, 1320, 270, 1320, 3120, 3120, 390, 3120, 390, 3120, 800, 1510, 800, 800, 400, 2240, 800, 1510, 800, 1510, 1510, 1510, 320, 1100, 0, 2160, 0, 20, 20, 0, 20, 20, 20, 0, 0, 2270, 7790, 840, 240, 2270, 840, 240, 2270, 840, 2270, 840, 2270, 240, 240, 240, 840, 0, 290, 230, 1360, 480, 230, 1360, 1360, 0, 0, 1360, 0, 230, 1360, 230, 0, 230, 330, 2850, 330, 500, 330, 500, 2850, 330, 2850, 500, 330, 2850, 500, 2850, 500, 120, 150, 150, 150, 120, 120, 120, 150, 150, 120, 100, 10, 250, 10, 10, 100, 250, 10, 250, 250, 250, 10, 20, 1910, 290, 1910, 290, 1910, 1910, 20, 20, 1910, 290, 290, 20, 20, 290, 3240, 880, 4390, 780, 4390, 780, 780, 4390, 4390, 780, 420, 780, 4390, 50, 70, 8360, 50, 70, 70, 50, 70, 8360, 8360, 50, 8360, 70, 50, 8360, 600, 3980, 180, 180, 4840, 15160, 1410, 15160, 180, 1410, 1900, 180, 15160, 4840, 4840, 15160, 4840, 1410, 1900, 15160, 4840, 180, 1410, 1410, 110, 1910, 110, 60, 1910, 60, 60, 40, 1110, 110, 1110, 1110, 140, 1910, 110, 60, 40, 1110, 110, 40, 1910, 60, 40, 40, 1110, 1910, 1480, 60, 1480, 1480, 70, 1480, 1480, 2430, 0, 250, 2410, 170, 2430, 170, 0, 1020, 170, 2430, 0, 0, 170, 2430, 0, 170, 2430, 2250, 200, 2250, 130, 130, 200, 2250, 2250, 130, 2250, 130, 130, 80, 180, 80, 110, 380, 380, 110, 2230, 380, 110, 380, 110, 380, 110, 10, 490, 70, 70, 2430, 2430, 2430, 300, 300, 2430, 300, 2430, 760, 300, 760, 300, 2760, 550, 50, 50, 180, 20, 2760, 50, 20, 50, 8920, 180, 20, 180, 20, 2760, 50, 20, 180, 2760, 180, 2760, 440, 2280, 150, 150, 150, 2280, 150, 2280, 2280, 150, 2280, 1520, 1520, 1520, 1520, 1520, 650, 170, 440, 70, 5300, 5300, 440, 10, 5300, 170, 70, 170, 5300, 440, 170, 5300, 440, 170, 440, 40, 1520, 240, 110, 110, 40, 110, 40, 40, 40, 110, 110, 1060, 2110, 910, 680, 80, 80, 1320, 1060, 910, 1060, 1320, 80, 910, 680, 2110, 910, 1060, 1320, 680, 80, 910, 1060, 680, 1320, 2110, 2110, 2110, 680, 1320, 80, 10, 10, 10, 10, 10, 210, 210, 210, 210, 210, 420, 450, 450, 40, 160, 20, 1240, 1240, 160, 20, 1240, 20, 160, 160, 20, 160, 1240, 20, 1240, 1070, 20, 2710, 20, 1070, 180, 1070, 180, 20, 180, 20, 180, 20, 1070, 180, 1070, 50, 830, 100, 830, 1340, 1340, 100, 100, 1340, 1340, 50, 830, 830, 100, 100, 1340, 220, 220, 220, 220, 220, 180, 4850, 30, 18550, 180, 4850, 4850, 30, 180, 18550, 30, 18550, 4850, 180, 4850, 18550, 30, 18550, 510, 180, 30, 370, 60, 370, 20, 370, 60, 60, 60, 60, 370, 370]"
2020-11-03 13:55:00+00:00,12847350,18,3946.0,"[650, 90, 1090, 40, 40, 650, 30, 30, 650, 40, 650, 90, 30, 700, 1090, 90, 40, 30, 90, 40, 0, 1090, 1090, 1090, 90, 650, 30, 1400, 1560, 8920, 1560, 8920, 1400, 1320, 8920, 1400, 1400, 1560, 1560, 1400, 8920, 8920, 1560, 2320, 40, 4840, 30, 30, 2320, 30, 30, 30, 4840, 40, 40, 2320, 4840, 40, 4840, 40, 2320, 4840, 2320, 130, 130, 130, 130, 130, 50, 50, 50, 50, 50, 1090, 250, 540, 540, 540, 250, 540, 250, 250, 250, 540, 40, 660, 40, 40, 40, 660, 40, 440, 1120, 1070, 220, 1120, 1120, 1070, 1120, 1070, 440, 1070, 1070, 1120, 14210, 50, 14210, 50, 14210, 50, 50, 14210, 50, 14210, 250, 1220, 2040, 250, 2040, 2040, 250, 1220, 250, 2040, 1220, 2040, 250, 1220, 1220, 910, 3770, 7040, 510, 510, 7040, 910, 510, 910, 510, 7040, 3770, 510, 7040, 7040, 10, 910, 910, 390, 6470, 6470, 10, 10, 10, 10, 6470, 6470, 10, 6470, 80, 150, 90, 80, 80, 150, 90, 150, 80, 90, 150, 80, 90, 150, 90, 3500, 20, 1090, 510, 10, 20, 3500, 1090, 1090, 510, 20, 1090, 3500, 10, 510, 20690, 10, 20, 510, 10, 3500, 510, 1090, 20, 10, 3500, 10, 10, 10, 10, 10, 10, 19820, 10, 10, 10, 19820, 40, 150, 640, 2880, 2880, 640, 2880, 640, 40, 2880, 640, 2880, 640, 40, 40, 40, 290, 1020, 1020, 250, 290, 1020, 290, 1020, 290, 1420, 290, 1020, 120, 27010, 120, 3920, 3920, 120, 3920, 3920, 120, 3920, 120, 27010, 130, 860, 130, 860, 20, 130, 860, 20, 130, 860, 20, 130, 20, 860, 20, 3710, 730, 3710, 320, 320, 10, 730, 730, 320, 3710, 3450, 730, 320, 3710, 3450, 10, 3450, 320, 3450, 3450, 730, 10, 10, 10, 3710, 1840, 15160, 230, 230, 1840, 230, 1840, 230, 1840, 230, 1840, 200, 10, 10, 10, 14730, 50, 50, 50, 1060, 50, 14730, 50, 14730, 14730, 14730, 80, 1600, 1600, 16080, 1600, 90, 16080, 1600, 16080, 1600, 16080, 16080, 90, 2440, 1840, 2440, 2440, 2440, 2440, 10, 50, 30, 170, 170, 30, 170, 170, 50, 30, 30, 170, 30, 1510, 2710, 1510, 2710, 1510, 2710, 1510, 2710, 1510, 2710, 3500, 200, 1460, 1460, 1460, 200, 200, 1460, 200, 200, 1460, 1750, 1750, 1750, 80, 80, 80, 1750, 1750, 80, 80, 510, 8930, 100, 120, 100, 100, 510, 510, 510, 510, 100, 100, 20, 4330, 20, 360, 700, 700, 4330, 1470, 20, 360, 4330, 700, 1470, 4330, 700, 1470, 4330, 20, 700, 1470, 20, 1470, 1300, 200, 70, 410, 410, 70, 410, 70, 410, 410, 70, 200, 70, 200, 200, 200, 760, 890, 10, 50, 5440, 5440, 10, 760, 50, 890, 10, 760, 760, 50, 10, 50, 890, 10, 50, 890, 5440, 5440, 760, 890, 5440, 2310, 120, 2310, 2310, 2310, 2310, 30, 90, 10, 9340, 1460, 10, 10, 90, 90, 10, 90, 10, 90, 1320, 1320, 1320, 1470, 1320, 1470, 1470, 1470, 1470, 1320, 2150, 2150, 2150, 2150, 2150, 1460, 60, 4660, 380, 380, 1460, 520, 1460, 520, 40, 520, 1460, 380, 4660, 60, 60, 4660, 60, 380, 4660, 60, 520, 4660, 1460, 520, 380, 280, 9020, 9020, 9020, 280, 280, 280, 9020, 9020, 280, 1600, 40, 1600, 1600, 370, 370, 370, 370, 1600, 40, 1600, 370, 3010, 40, 40, 40, 40, 2180, 40, 0, 160, 110, 0, 0, 110, 110, 0, 110, 0, 110, 6560, 50, 940, 2040, 940, 6560, 6560, 2040, 6560, 940, 2040, 2040, 6560, 940, 2040, 940, 420, 1950, 1950, 510, 40, 1950, 510, 1950, 510, 1950, 510, 510, 4010, 10, 230, 310, 10, 4010, 4010, 230, 230, 10, 230, 4010, 10, 10, 4010, 230, 1640, 110, 30, 4430, 20, 20, 30, 1640, 1640, 30, 20, 20, 110, 1640, 30, 30, 1640, 20, 6560, 370, 90, 170, 140, 6560, 90, 280, 140, 6560, 370, 140, 140, 280, 90, 170, 280, 170, 370, 280, 90, 170, 6560, 370, 370, 140, 280, 90, 170, 6560, 410, 10, 10, 410, 10, 10, 410, 10, 410, 410, 3600, 0, 4480, 710, 4480, 4480, 330, 4480, 2030, 710, 4480, 160, 2450, 20, 60, 2450, 60, 20, 2450, 20, 2450, 60, 60, 20, 20, 60, 2450, 590, 580, 590, 26340, 590, 590, 590, 3410, 140, 0, 140, 1670, 1670, 1670, 3410, 140, 3410, 0, 3410, 140, 1670, 140, 3410, 1670, 560, 630, 630, 630, 630, 630, 5310, 60, 60, 1070, 60, 60, 60, 1850, 30, 5940, 1850, 0, 60, 60, 60, 60, 0, 1850, 0, 0, 1850, 1850, 0, 60, 70, 1540, 580, 680, 70, 70, 110, 680, 680, 580, 110, 580, 110, 330, 110, 680, 70, 680, 70, 110, 580, 580, 3000, 3000, 3000, 3000, 3000, 24880, 0, 24880, 24880, 24880, 24880, 2050, 800, 180, 3820, 3820, 800, 800, 800, 800, 3820, 3820, 3820, 20, 4490, 380, 3720, 4490, 4490, 380, 380, 4490, 4490, 380, 380, 80, 300, 140, 400, 300, 80, 700, 300, 700, 80, 400, 400, 700, 300, 80, 700, 700, 300, 80, 400, 400, 2540, 80, 2030, 350, 6660, 30, 860, 860, 860, 2030, 2030, 30, 80, 6660, 350, 2030, 350, 860, 350, 30, 6660, 350, 860, 6660, 80, 80, 30, 2030, 80, 30, 6660, 1980, 3130, 3680, 3680, 3680, 0, 1980, 3130, 450, 0, 1980, 3130, 1980, 3130, 1980, 3680, 3130, 3680, 0, 0, 0, 660, 40, 3760, 660, 660, 660, 660, 980, 580, 120, 80, 80, 580, 120, 580, 580, 80, 120, 120, 80, 80, 580, 120, 400, 290, 290, 390, 290, 390, 400, 1910, 1910, 290, 400, 1910, 400, 1910, 400, 390, 0, 290, 390, 0, 1910, 0, 390, 0, 3820, 3820, 3820, 3820, 20, 3820, 20, 24880, 20, 20, 20, 20, 1020, 240, 320, 430, 430, 320, 7290, 430, 590, 7290, 320, 240, 7290, 430, 590, 590, 430, 590, 7290, 240, 7290, 590, 240, 320, 240, 320, 10, 40, 1240, 1240, 2720, 1240, 10, 40, 10, 40, 10, 1240, 40, 10, 1240, 40, 130, 140, 140, 6820, 6820, 6820, 140, 6820, 140, 140, 6820, 480, 480, 480, 480, 480, 10, 460, 50, 470, 770, 210, 80, 50, 2420, 470, 470, 50, 470, 2420, 2420, 470, 2420, 50, 50, 2420, 10, 50, 50, 10, 1870, 1680, 10, 10, 10, 50, 10, 10, 50, 10, 10, 10, 50, 500, 500, 20, 500, 500, 500, 170, 110, 110, 110, 170, 110, 170, 110, 170, 170, 60, 700, 60, 700, 60, 60, 700, 700, 60, 700, 80, 80, 13180, 70, 10, 600, 2100, 30, 70, 70, 2100, 10, 2100, 80, 10, 2100, 30, 80, 70, 13180, 80, 70, 2100, 10, 10, 0, 1700, 2670, 4100, 0, 2670, 0, 2670, 4100, 0, 2670, 4100, 0, 2670, 4100, 4100, 240, 190, 10, 240, 190, 10, 240, 10, 190, 10, 240, 190, 10, 240, 190, 230, 3680, 3980, 30, 3680, 3680, 230, 3980, 30, 230, 3680, 3980, 3980, 230, 3980, 230, 30, 30, 30, 3680, 1160, 1670, 200, 200, 200, 200, 200, 540, 2520, 110, 540, 540, 500, 500, 110, 2520, 110, 2520, 540, 500, 110, 2520, 500, 110, 2520, 500, 540, 70, 70, 10, 10, 10, 70, 10, 70, 10, 10, 70, 9020, 9020, 190, 9020, 9020, 1740, 190, 190, 9020, 190, 190, 2050, 6560, 2050, 80, 6560, 6560, 6560, 2050, 6560, 2050, 2050, 1820, 240, 240, 1820, 240, 1820, 240, 240, 1820, 1820, 14800, 11030, 11030, 7210, 110, 7210, 110, 6820, 6820, 6820, 7210, 110, 6820, 7210, 6820, 110, 110, 7210, 10, 6060, 7010, 0, 0, 7010, 10, 6060, 0, 7010, 10, 6060, 0, 7010, 10, 0, 7010, 10, 6060, 6060, 990, 370, 370, 370, 990, 990, 990, 370, 990, 370, 630, 200, 70, 20, 20, 200, 20, 70, 200, 70, 200, 200, 20, 630, 70, 70, 20, 140, 200, 170, 170, 200, 200, 140, 200, 140, 170, 200, 140, 140, 170, 170, 2980, 10, 2980, 10, 2980, 2980, 10, 10, 2980, 10, 41470, 41470, 41470, 41470, 4490, 41470, 20, 570, 20, 20, 80, 80, 80, 20, 20, 80, 80, 430, 430, 430, 430, 430, 80, 1930, 100, 80, 1930, 100, 650, 80, 1930, 100, 80, 1930, 1930, 100, 80, 100, 900, 900, 170, 10, 900, 10, 80, 170, 170, 80, 900, 10, 170, 80, 900, 10, 80, 170, 10, 80, 30, 4370, 200, 2510, 1600, 620, 4370, 200, 2510, 4370, 2510, 4370, 4370, 2510, 2510, 200, 200, 200, 1720, 17460, 2880, 80, 10, 80, 10, 2880, 10, 1720, 1720, 17460, 17460, 2880, 80, 80, 10, 1720, 17460, 2880, 1720, 2880, 10, 80, 17460, 1240, 60, 1750, 32920, 40, 32920, 1240, 60, 40, 32920, 32920, 60, 40, 1240, 60, 40, 32920, 1240, 60, 40, 1240, 4280, 4280, 4280, 4280, 4280, 100, 1520, 0, 1460, 14730, 3910, 3910, 100, 3910, 0, 490, 1520, 3910, 0, 100, 100, 1520, 0, 3910, 0, 1520, 1520, 100, 1680, 70, 70, 70, 70, 70, 0, 120, 10, 260, 0, 0, 120, 260, 0, 120, 260, 120, 120, 260, 260, 0, 250, 250, 1820, 250, 250, 30, 250, 690, 340, 11630, 360, 560, 560, 340, 340, 560, 340, 690, 560, 560, 340, 4090, 4090, 4090, 540, 4090, 4090, 160, 30, 4690, 160, 240, 240, 240, 30, 30, 240, 30, 160, 240, 160, 30, 160, 1570, 100, 100, 100, 5440, 100, 5440, 5440, 1570, 100, 5440, 5440, 30, 440, 30, 30, 30, 30, 220, 20, 400, 20, 2900, 220, 400, 220, 2900, 2900, 20, 400, 2900, 20, 400, 20, 220, 2900, 400, 220, 13110, 13110, 13110, 13110, 13110, 140, 1770, 1440, 1770, 140, 420, 1440, 140, 1770, 140, 1440, 1440, 420, 1440, 420, 420, 1770, 1770, 140, 420, 10, 1080, 10, 1080, 3400, 10, 10, 10, 1080, 1080, 1080, 410, 40, 10, 40, 2370, 160, 10, 40, 160, 40, 40, 10, 10, 160, 410, 10, 410, 160, 410, 410, 160, 29740, 29740, 29740, 29740, 10, 80, 400, 80, 400, 80, 80, 400, 10, 80, 400, 400, 1680, 1520, 100, 1520, 100, 1680, 1520, 1520, 1520, 350, 200, 210, 350, 200, 210, 350, 200, 200, 200, 210, 350, 210, 210, 350, 20, 680, 1810, 160, 1810, 680, 1810, 680, 1810, 680, 1810, 680, 140, 140, 140, 140, 140, 150, 240, 1570, 370, 370, 150, 240, 150, 150, 240, 1570, 370, 370, 240, 240, 370, 190, 150, 140, 110, 140, 110, 140, 110, 110, 140, 110, 140, 170, 80, 40, 1560, 1560, 1560, 1560, 40, 40, 40, 40, 1560, 170, 10, 200, 200, 1240, 1970, 200, 1970, 1240, 200, 1240, 1970, 200, 1240, 1970, 1240, 1970, 140, 670, 110, 4120, 110, 4120, 140, 670, 4120, 140, 140, 110, 110, 670, 140, 110, 4120, 670, 4120, 670, 40, 10, 31200, 40, 31200, 40, 10, 31200, 40, 10, 31200, 10, 31200, 40, 10, 3450, 50, 36950, 36950, 36950, 3450, 36950, 3450, 36950, 3450, 3450, 50, 50, 190, 1570, 20, 50, 190, 190, 20, 1570, 190, 50, 1570, 1570, 20, 20, 1570, 190, 50, 20, 250, 1640, 160, 1640, 160, 1640, 160, 1640, 160, 1640, 160, 430, 31200, 16510, 430, 20, 60, 16510, 430, 20, 560, 20, 60, 20, 16510, 20, 16510, 430, 60, 60, 16510, 60, 430, 180, 230, 1020, 1590, 90, 230, 1020, 1590, 90, 90, 1020, 230, 1590, 1590, 90, 1020, 1590, 90, 1020, 230, 230, 3150, 2430, 1050, 3150, 3150, 3150, 18800, 2430, 1050, 1050, 1050, 3150, 2430, 2430, 2430, 1050, 1990, 660, 3460, 860, 20, 860, 3460, 860, 860, 860, 570, 490, 570, 0, 0, 570, 490, 0, 490, 570, 490, 0, 570, 490, 0, 1070, 1070, 1070, 1070, 1070, 540, 680, 300, 220, 540, 90, 220, 540, 530, 220, 680, 680, 540, 220, 680, 540, 220, 680, 430, 620, 620, 430, 430, 620, 430, 620, 670, 620, 430, 530, 100, 100, 100, 530, 530, 100, 530, 100, 530, 8090, 1000, 1000, 1000, 30, 8090, 8090, 8090, 8090, 1000, 1000, 4240, 230, 230, 4240, 230, 4240, 230, 4240, 230, 4240, 670, 670, 670, 670, 670, 1320, 230, 1120, 1320, 230, 1120, 1320, 230, 1120, 1320, 230, 1120, 1320, 230, 1120, 2190, 10, 4240, 10, 2190, 2190, 10, 2190, 2190, 10, 10, 4240, 1620, 4240, 4240, 4240, 0, 10, 340, 14350, 340, 14350, 0, 10, 340, 14350, 0, 340, 14350, 0, 10, 340, 14350, 0, 10, 10, 5460, 160, 160, 160, 160, 160, 4340, 4340, 4340, 4340, 4340, 710, 10, 10, 710, 10, 710, 10, 710, 10, 710, 100, 60, 80, 50, 100, 80, 50, 60, 80, 60, 50, 100, 80, 50, 100, 80, 100, 50, 60, 60, 930, 1180, 1180, 1180, 1180, 1180, 830, 260, 260, 260, 830, 70, 260, 830, 830, 830, 260, 10, 420, 10, 10, 10, 10, 90, 200, 200, 280, 280, 280, 200, 280, 200, 90, 280, 200, 1620, 2120, 80, 2120, 2120, 2120, 2120, 700, 590, 6220, 700, 20, 590, 700, 590, 700, 590, 700, 590, 170, 280, 170, 100, 160, 370, 160, 370, 100, 280, 170, 100, 160, 280, 160, 100, 170, 370, 160, 100, 280, 170, 280, 370, 370, 390, 15880, 2440, 13620, 2440, 13620, 15880, 390, 2440, 15880, 13620, 13620, 15880, 390, 2440, 390, 13620, 15880, 390, 2440, 1070, 410, 1070, 410, 410, 1070, 410, 1070, 1070, 410, 7720, 0, 530, 530, 0, 2910, 7720, 7720, 0, 530, 2910, 530, 7720, 0, 2910, 2910, 530, 7720, 0, 2910, 5190, 5190, 5190, 5190, 5190, 4380, 110, 110, 110, 110, 110, 70, 620, 7010, 7010, 7010, 230, 7010, 7010, 290, 100, 100, 300, 100, 100, 100, 30, 320, 30, 320, 30, 320, 30, 320, 2530, 30, 320, 180, 1570, 180, 1570, 60, 1570, 180, 1570, 180, 1570, 180, 180, 8320, 140, 60, 280, 530, 13620, 8320, 3080, 3080, 3080, 3080, 280, 8320, 140, 530, 280, 140, 3080, 140, 60, 280, 530, 140, 530, 8320, 280, 530, 8320, 1110, 32210, 200, 1110, 200, 1110, 32210, 1110, 32210, 32210, 200, 1110, 32210, 200, 200, 280, 2060, 500, 500, 500, 500, 500, 470, 0, 240, 660, 0, 240, 240, 0, 0, 0, 240, 240, 30, 30, 30, 30, 30, 1130, 350, 660, 1130, 660, 660, 1130, 1130, 350, 1130, 660, 660, 350, 350, 350, 60, 500, 15170, 32210, 60, 120, 32210, 60, 32210, 70, 15170, 60, 15170, 70, 500, 70, 500, 32210, 15170, 500, 15170, 70, 70, 500, 60, 32210, 330, 330, 1980, 330, 1980, 1980, 1980, 330, 330, 1980, 120, 5550, 120, 320, 120, 320, 320, 1010, 320, 120, 120, 320, 520, 1030, 520, 820, 100, 210, 520, 820, 100, 820, 3350, 1030, 3350, 1030, 3350, 820, 520, 820, 1030, 520, 100, 3350, 100, 1030, 3350, 12260, 100, 180, 30, 180, 300, 4040, 50, 30, 1180, 300, 180, 30, 180, 30, 50, 30, 50, 180, 4040, 180, 300, 50, 180, 4040, 4040, 4040, 300, 300, 50, 480, 300, 1790, 2440, 1790, 480, 30, 480, 30, 300, 1790, 480, 30, 1790, 300, 300, 480, 30, 300, 1790, 30, 20, 2700, 4210, 60, 20, 20, 90, 60, 4210, 60, 4210, 60, 60, 20, 20, 4210, 4210, 900, 6520, 740, 3510, 6520, 900, 740, 900, 6520, 900, 740, 740, 3510, 6520, 900, 6520, 740, 290, 130, 0, 290, 130, 130, 740, 290, 290, 130, 290, 130, 300, 310, 620, 970, 510, 970, 140, 510, 140, 140, 970, 300, 300, 510, 510, 310, 510, 970, 140, 310, 10, 50, 140, 300, 310, 290, 300, 310, 970, 210, 210, 210, 210, 210, 1250, 480, 3000, 10, 4040, 480, 4040, 1250, 480, 4040, 480, 480, 1250, 4040, 1250, 1250, 4040, 4630, 30, 30, 3580, 3320, 1240, 30, 4630, 30, 420, 4630, 4630, 3580, 3580, 4630, 30, 3580, 3580, 770, 100, 290, 2050, 860, 1000, 150, 2050, 1000, 2050, 2050, 1000, 1000, 2050, 1000, 5660, 5660, 5660, 5660, 5660, 10, 850, 10, 10, 4340, 4340, 10, 850, 4340, 4340, 850, 10, 4340, 850, 850, 80, 200, 200, 200, 200, 200, 10, 10, 10, 10, 10, 170, 2770, 640, 2770, 2770, 2770, 170, 170, 2770, 170, 170, 460, 280, 280, 1770, 1770, 280, 1770, 1770, 280, 1770, 280, 600, 670, 1530, 9460, 760, 110, 760, 9460, 110, 600, 760, 600, 1530, 110, 130, 760, 1530, 9460, 760, 9460, 110, 110, 1530, 1530, 600, 600, 9460, 2820, 6540, 10, 1790, 10, 10, 330, 2820, 1790, 1790, 330, 10, 2820, 330, 2820, 1790, 330, 10, 2820, 330, 1790, 4080, 70, 470, 70, 470, 470, 2980, 70, 70, 70, 470, 2480, 2480, 2480, 2480, 2480, 470, 200, 200, 5100, 200, 200, 5100, 5100, 200, 5100, 5100, 1690, 1870, 1820, 1870, 1690, 1690, 1690, 1690, 1030, 210, 210, 210, 210, 1030, 210, 560, 9690, 160, 6070, 170, 170, 170, 170, 170, 6990, 260, 400, 1320, 60, 60, 6990, 2820, 6990, 60, 6990, 60, 260, 60, 260, 260, 260, 6990, 690, 2760, 2760, 690, 2760, 2760, 7280, 7280, 31200, 2330, 31200, 7280, 7280, 31200, 31200, 7280, 31200, 310, 170, 40, 3930, 3170, 3930, 310, 9620, 2800, 310, 9620, 3930, 3170, 9620, 9620, 3930, 3170, 310, 9620, 3930, 3170, 310, 3170, 950, 1630, 950, 70, 950, 1630, 410, 950, 70, 410, 70, 950, 1630, 410, 70, 70, 1630, 410, 1630, 410, 750, 9440, 5720, 3460, 20, 70, 20, 20, 70, 20, 70, 20, 70, 70, 150, 150, 40, 40, 150, 40, 40, 150, 150, 40, 14360, 2100, 10, 1950, 2100, 10, 1950, 10, 1950, 10, 14360, 1950, 10, 2100, 180, 1950, 2100, 2100, 1200, 2060, 40, 3580, 410, 40, 1200, 1200, 1200, 2060, 40, 1200, 40, 40, 4600, 230, 140, 530, 410, 230, 4600, 230, 530, 410, 530, 530, 230, 410, 530, 230, 4600, 410, 4600, 4600, 410, 6800, 6800, 2960, 6800, 11560, 6800, 11560, 6800, 11560, 2960, 11560, 2960, 2960, 11560, 2960, 1110, 1110, 1110, 1110, 1110, 800, 800, 800, 800, 800, 2100, 110, 2660, 5480, 5480, 2660, 2660, 2660, 2660, 80, 5480, 5480, 5480, 90, 3300, 4560, 60, 1270, 90, 3300, 170, 3300, 60, 60, 1270, 90, 3300, 4560, 60, 60, 90, 3300, 90, 620, 70, 450, 3300, 450, 3300, 70, 3300, 450, 3300, 3300, 450, 450, 1170, 12170, 6290, 1430, 530, 1430, 1430, 530, 6290, 530, 530, 1430, 530, 1430, 670, 670, 670, 670, 670, 190, 700, 490, 620, 270, 270, 11020, 450, 270, 270, 700, 490, 700, 190, 490, 620, 700, 190, 490, 490, 190, 450, 700, 190, 450, 450, 450, 270, 50, 180, 180, 50, 210, 180, 50, 50, 180, 50, 210, 50, 50, 50, 50, 50, 180, 5480, 4370, 700, 1020, 130, 110, 110, 120, 130, 120, 120, 4370, 5480, 5480, 5480, 120, 4370, 130, 5480, 4370, 130, 4370, 110, 110, 110, 130, 1010, 30, 1010, 30, 30, 1010, 30, 30, 1010, 1010, 670, 8190, 8190, 8190, 670, 670, 8190, 670, 8190, 670, 880, 280, 280, 280, 280, 280, 770, 38250, 770, 38250, 38250, 770, 770, 38250, 38250, 770, 20, 29130, 29130, 11020, 29130, 11020, 29130, 0, 20, 11020, 29130, 11020, 11020, 170, 170, 100, 6320, 100, 100, 8430, 8430, 8430, 8430, 170, 160, 100, 8430, 170, 100, 170, 1320, 11560, 30, 990, 990, 1320, 70, 1510, 990, 1320, 990, 1320, 1320, 990, 80, 2740, 2740, 20, 2740, 20, 2100, 20, 20, 2740, 20, 2740, 3400, 160, 3400, 13690, 3400, 3400, 3400, 520, 870, 870, 870, 520, 520, 870, 520, 520, 870, 1890, 900, 65180, 350, 0, 350, 130, 0, 1890, 0, 350, 350, 350, 130, 0, 65180, 0, 1890, 65180, 900, 130, 900, 1890, 130, 65180, 900, 1890, 65180, 900, 130, 20, 370, 30, 20, 30, 370, 370, 280, 30, 370, 20, 150, 370, 30, 280, 70, 150, 150, 280, 150, 150, 280, 20, 20, 30, 280, 360, 90, 360, 360, 360, 90, 360, 60, 16480, 740, 5480, 740, 40, 40, 60, 40, 16480, 40, 16480, 740, 16480, 740, 60, 40, 16480, 60, 60, 740, 1420, 1420, 1420, 1420, 1420, 780, 6310, 780, 780, 780, 780, 420, 260, 1540, 520, 520, 4700, 520, 1540, 260, 260, 1540, 260, 1540, 520, 520, 260, 1540, 800, 800, 3730, 800, 800, 800, 2070, 44320, 1610, 1520, 10, 2070, 870, 2070, 10, 2070, 44320, 1610, 44320, 1610, 2070, 10, 44320, 10, 1610, 1610, 10, 44320, 710, 330, 0, 570, 7250, 710, 560, 560, 570, 0, 0, 570, 560, 0, 570, 710, 0, 570, 710, 7250, 710, 7250, 560, 7250, 560, 7250, 3970, 12310, 89680, 12310, 3970, 3970, 89680, 89680, 89680, 12310, 89680, 3970, 3970, 12310, 12310, 3980, 340, 3980, 340, 3980, 340, 3980, 340, 3980, 340, 4700, 4700, 60, 60, 60, 4700, 1480, 15170, 1480, 1480, 4700, 60, 4700, 60, 1480, 6180, 410, 4220, 110, 110, 6180, 410, 4220, 110, 410, 4220, 6180, 410, 4220, 6180, 410, 110, 4220, 110, 6180, 5010, 1300, 2100, 2100, 2100, 1300, 1300, 2100, 2100, 1300, 1300, 35210, 1290, 460, 150, 460, 6710, 1290, 1290, 35210, 6710, 150, 35210, 460, 150, 460, 6710, 1290, 150, 6710, 460, 1290, 150, 6710, 35210, 35210, 0, 200, 0, 3120, 570, 1480, 570, 1480, 3120, 0, 0, 570, 0, 200, 0, 1480, 570, 0, 200, 3120, 3120, 0, 1480, 570, 0, 200, 3120, 0, 200, 2940, 4970, 2940, 4970, 2940, 4970, 4970, 2940, 4970, 2940, 5100, 50, 50, 50, 50, 50, 110, 110, 110, 110, 110, 330, 260, 60, 900, 2900, 2900, 12170, 60, 900, 900, 12170, 330, 60, 12170, 330, 260, 900, 12170, 2900, 330, 2900, 330, 260, 900, 60, 260, 12170, 60, 260, 2900, 2800, 170, 240, 2780, 11560, 60, 60, 60, 440, 440, 440, 60, 60, 11560, 11560, 240, 2800, 170, 60, 440, 11560, 2800, 11560, 60, 60, 440, 2800, 240, 60, 2800, 60, 240, 240, 3330, 10, 10, 20, 30, 10, 20, 3330, 30, 20, 3330, 30, 10, 20, 3330, 30, 20, 3330, 30, 10, 1520, 40, 40, 40, 40, 40, 470, 50, 60, 3510, 330, 1250, 470, 330, 330, 330, 60, 50, 60, 50, 470, 60, 50, 1250, 470, 470, 50, 1250, 1250, 1250, 60, 330, 128200, 170, 160, 1300, 160, 1300, 1300, 160, 160, 1300, 160, 1300, 950, 200, 470, 200, 80, 200, 60, 200, 950, 200, 950, 950, 380, 950, 40, 2440, 40, 4490, 40, 40, 40, 80, 340, 80, 80, 80, 380, 380, 340, 80, 380, 380, 340, 80, 340, 340, 380, 380, 220, 380, 150, 50, 1500, 50, 50, 220, 1500, 150, 380, 50, 220, 220, 380, 50, 220, 380, 670, 6180, 360, 30, 1560, 140, 6180, 360, 4090, 180, 140, 670, 30, 670, 1320, 360, 140, 6180, 140, 4090, 180, 6180, 1560, 670, 360, 30, 30, 140, 6180, 4090, 670, 4090, 40, 4090, 360, 30, 80, 80, 80, 80, 80, 128200, 128200, 128200, 128200, 128200, 780, 6880, 470, 240, 6880, 260, 380, 380, 380, 240, 260, 260, 6880, 6880, 470, 380, 260, 240, 380, 240, 240, 260, 6880, 370, 2790, 370, 2790, 370, 0, 370, 0, 0, 2790, 0, 2790, 2790, 0, 370, 80, 1160, 330, 10, 430, 210, 210, 440, 810, 210, 210, 210, 10, 430, 360, 430, 10, 440, 10, 430, 10, 430, 580, 0, 30, 30, 0, 0, 0, 580, 30, 30, 30, 0, 2040, 100, 170, 930, 580, 100, 8090, 930, 580, 100, 580, 2040, 2040, 100, 580, 2040, 930, 930, 580, 100, 8090, 8090, 8090, 930, 2040, 8090, 170, 2450, 170, 2380, 170, 170, 2380, 1950, 2380, 170, 2380, 2380, 70, 2020, 710, 2020, 2020, 710, 710, 2020, 710, 710, 2020, 1010, 4210, 6500, 620, 6500, 4210, 4210, 300, 4210, 300, 1010, 6500, 300, 300, 4210, 1010, 6500, 1010, 300, 1010, 6500, 20, 670, 8110, 10, 10, 20, 860, 8110, 860, 20, 10, 8110, 860, 10, 670, 8110, 860, 8110, 860, 20, 20, 670, 670, 670, 10, 4130, 3500, 3500, 3500, 3500, 3500, 1940, 130, 1940, 1940, 1940, 1940, 1180, 0, 0, 0, 0, 0, 15170, 170, 140, 170, 140, 190, 170, 15170, 140, 15170, 140, 15170, 170, 15170, 4490, 140, 170, 30, 1170, 1170, 30, 150, 30, 1170, 3120, 1170, 30, 30, 1170, 20, 20, 130, 20, 130, 20, 130, 20, 20, 130, 20, 130, 20, 20, 20, 10, 110, 10, 110, 10, 110, 10, 110, 10, 110, 830, 1620, 3010, 290, 290, 290, 3010, 830, 3010, 1620, 3010, 1620, 3010, 1620, 290, 830, 290, 830, 1620, 830, 3430, 3430, 2570, 210, 3430, 3430, 3430]"
2020-11-03 14:00:00+00:00,10910170,0,3412.0,"[33370, 33370, 33370, 33370, 33370, 1700, 1700, 210, 70, 210, 70, 1700, 70, 70, 210, 760, 0, 1700, 1700, 0, 70, 0, 80, 210, 210, 0, 0, 4700, 150, 2760, 2760, 2760, 150, 150, 1300, 150, 2760, 150, 2040, 300, 4040, 4040, 4040, 300, 300, 300, 4040, 3130, 300, 4040, 2250, 170, 170, 170, 170, 170, 1830, 1830, 1830, 1830, 1830, 620, 620, 1400, 3780, 180, 620, 180, 1400, 3780, 180, 3780, 1400, 180, 620, 620, 1400, 180, 1400, 3780, 3780, 470, 10, 470, 10, 470, 470, 470, 300, 300, 550, 300, 300, 550, 550, 550, 550, 300, 37260, 5020, 37260, 40, 40, 37260, 40, 40, 37260, 37260, 40, 2160, 0, 290, 1320, 1320, 1320, 290, 1320, 290, 290, 290, 0, 0, 0, 0, 1320, 880, 360, 3130, 880, 80, 3130, 880, 3130, 3130, 3130, 880, 880, 260, 470, 260, 350, 500, 260, 890, 4950, 90, 260, 500, 260, 500, 470, 470, 90, 500, 90, 500, 470, 350, 90, 4950, 90, 4950, 4950, 470, 4950, 40, 80, 40, 40, 80, 540, 540, 80, 40, 80, 540, 40, 540, 80, 540, 300, 180, 180, 180, 50, 180, 180, 4700, 4990, 230, 180, 9490, 180, 140, 670, 4990, 9490, 670, 140, 180, 230, 670, 230, 670, 230, 140, 180, 670, 230, 140, 4990, 9490, 4990, 9490, 140, 180, 4990, 9490, 40, 20, 1420, 20, 1420, 1420, 40, 20, 1420, 1420, 40, 40, 20, 40, 20, 100, 70, 3510, 4950, 100, 120, 70, 120, 70, 70, 100, 70, 100, 120, 120, 120, 100, 1320, 1320, 1320, 1320, 1320, 120, 120, 120, 120, 120, 390, 20, 4760, 21580, 2280, 4760, 1950, 21580, 21580, 4760, 4760, 21580, 2280, 4760, 21580, 1680, 380, 40, 40, 1680, 40, 1680, 1680, 380, 1680, 380, 40, 160, 380, 380, 40, 30, 10, 10, 10, 10, 1230, 30, 1610, 200, 40, 200, 200, 40, 1610, 40, 40, 200, 40, 200, 70, 70, 300, 300, 300, 300, 300, 180, 40, 10, 190, 12940, 190, 10, 580, 580, 12940, 580, 190, 10, 580, 580, 190, 10, 10, 12940, 190, 12940, 12940, 30, 274000, 2370, 20, 2370, 274000, 2370, 20, 274000, 30, 20, 30, 274000, 20, 30, 274000, 2370, 2370, 20, 30, 3100, 1390, 20, 80, 80, 20, 20, 80, 80, 20, 1390, 80, 20, 1390, 1390, 1390, 930, 1020, 930, 930, 1430, 930, 930, 200, 200, 200, 200, 200, 170, 170, 970, 0, 110, 3760, 170, 170, 970, 0, 480, 970, 110, 3760, 970, 0, 970, 0, 170, 0, 8690, 100, 4330, 1300, 100, 40, 100, 1300, 1300, 4330, 4330, 1300, 100, 1300, 4330, 100, 4330, 0, 2360, 720, 190, 190, 120, 2360, 120, 720, 120, 120, 190, 0, 2360, 720, 120, 190, 2360, 720, 0, 190, 2360, 720, 0, 0, 470, 10, 1000, 1010, 1000, 300, 1010, 1010, 1000, 1000, 1000, 10, 1010, 1010, 3230, 3230, 70, 3230, 3230, 70, 2420, 2420, 70, 2420, 23180, 2420, 70, 70, 3230, 2420, 4690, 9690, 9690, 1450, 9690, 40, 8300, 40, 40, 9690, 9690, 40, 40, 40, 70, 190, 4350, 4350, 4350, 4350, 40, 40, 40, 40, 4350, 40, 410, 40, 40, 410, 410, 40, 410, 40, 0, 880, 410, 1160, 760, 9290, 200, 9580, 9580, 9580, 760, 9580, 200, 9580, 130, 1950, 130, 1950, 1950, 130, 1950, 130, 1950, 130, 10, 10, 10, 10, 2780, 8660, 2360, 8660, 8660, 8660, 8660, 2690, 1290, 2690, 1290, 2690, 1290, 2690, 2690, 1290, 1290, 1230, 1230, 120, 120, 1230, 120, 1230, 1230, 120, 120, 2090, 40, 4190, 4190, 2280, 4190, 2090, 4190, 530, 680, 4190, 640, 640, 640, 640, 640, 70, 30, 30, 30, 30, 30, 730, 730, 730, 730, 730, 2800, 370, 2800, 370, 2800, 2800, 370, 370, 2800, 370, 5640, 1930, 870, 5880, 5880, 5880, 1930, 5880, 1930, 1930, 1930, 5640, 5640, 5640, 5880, 5640, 30, 70, 1230, 1230, 70, 1230, 70, 1230, 70, 1230, 70, 3360, 1410, 3360, 3360, 3360, 3360, 10, 190, 1280, 5430, 5430, 4520, 120, 120, 1320, 1280, 4520, 5430, 4520, 190, 120, 1320, 5430, 50, 1320, 190, 1280, 120, 1280, 190, 120, 1320, 4520, 5430, 190, 1280, 1320, 4520, 40, 1130, 40, 40, 120, 20, 120, 20, 40, 120, 1130, 20, 120, 1130, 20, 40, 120, 1130, 1130, 20, 4520, 4520, 4520, 490, 4520, 4520, 9020, 220, 2670, 200, 2670, 9020, 220, 200, 2670, 200, 2670, 9020, 200, 2670, 9020, 200, 220, 220, 220, 9020, 70, 220, 70, 70, 20, 70, 220, 70, 3900, 128200, 50, 50, 50, 50, 50, 128200, 40, 150, 150, 150, 1690, 40, 40, 1690, 150, 40, 1690, 1690, 40, 1690, 150, 890, 890, 890, 890, 890, 620, 1760, 200, 1760, 200, 200, 1760, 1760, 200, 620, 1760, 200, 15390, 70, 15390, 15390, 600, 15390, 15390, 3800, 60, 60, 0, 490, 490, 490, 160, 0, 160, 0, 490, 160, 1280, 160, 0, 160, 0, 490, 80, 30, 1120, 17340, 80, 20, 7330, 17340, 20, 80, 80, 20, 20, 20, 80, 17340, 17340, 17340, 1760, 1760, 1760, 1760, 1760, 990, 20, 11960, 20, 11960, 11960, 990, 990, 990, 20, 11960, 20, 990, 11960, 20, 600, 4520, 1420, 1420, 1420, 1420, 600, 1420, 10, 12690, 12690, 12690, 12690, 12690, 4050, 4050, 10, 6830, 1230, 1230, 5110, 1230, 6830, 5110, 6830, 10, 5110, 5110, 1230, 10, 10, 6830, 1230, 5110, 10, 6830, 80, 80, 80, 80, 80, 760, 300, 7250, 760, 760, 300, 300, 300, 300, 760, 760, 490, 490, 490, 490, 490, 250, 520, 250, 520, 250, 520, 250, 250, 520, 520, 510, 1190, 16360, 20, 4370, 400, 400, 1190, 510, 1190, 400, 1190, 400, 400, 1190, 510, 510, 510, 20, 20, 810, 20, 20, 20, 810, 5420, 17340, 5420, 90, 50, 5420, 17340, 17340, 5420, 17340, 5420, 90, 17340, 1550, 140, 710, 710, 140, 710, 710, 710, 460, 1430, 2530, 240, 1430, 240, 240, 1430, 460, 2530, 240, 240, 2530, 1430, 2530, 1430, 2530, 300, 910, 720, 990, 910, 910, 720, 300, 910, 300, 720, 720, 910, 300, 720, 300, 370, 350, 350, 360, 350, 550, 360, 550, 550, 360, 360, 350, 350, 550, 360, 550, 60, 60, 11850, 31200, 11850, 60, 31200, 60, 31200, 370, 31200, 60, 31200, 11850, 11850, 60, 11850, 60, 2130, 250, 80, 1280, 80, 80, 340, 1280, 1280, 80, 1280, 80, 1280, 350, 460, 460, 460, 350, 350, 460, 460, 350, 350, 50, 50, 50, 50, 80, 50, 530, 2080, 530, 1330, 2080, 1330, 530, 2080, 2080, 1330, 3220, 530, 1330, 530, 1330, 2080, 3320, 1610, 900, 900, 1610, 30, 900, 1610, 1610, 3320, 1610, 3320, 900, 3320, 900, 3320, 1640, 840, 10, 4180, 6890, 16020, 6890, 10, 16020, 10, 6890, 1640, 10, 6890, 16020, 1640, 10, 6890, 16020, 16020, 1640, 1640, 120, 2810, 110, 5340, 5340, 2670, 1760, 140, 110, 120, 2670, 2810, 140, 120, 2670, 2810, 5340, 5340, 110, 120, 2670, 2810, 5340, 140, 110, 120, 2670, 2810, 140, 110, 3750, 3600, 3600, 3600, 490, 3600, 3600, 3750, 3750, 3750, 3750, 0, 4940, 0, 4940, 0, 50, 0, 4940, 4940, 4940, 0, 60, 18570, 2700, 60, 1460, 1460, 1460, 1460, 1460, 70, 2030, 0, 170, 20, 1490, 180, 0, 180, 0, 2030, 180, 0, 0, 2030, 180, 0, 20, 20, 170, 0, 2030, 180, 20, 170, 2030, 0, 0, 1490, 20, 170, 0, 170, 20, 130, 530, 1060, 530, 20, 530, 20, 20, 530, 130, 20, 130, 1060, 530, 130, 20, 130, 4660, 3790, 4660, 620, 4660, 4660, 4660, 1460, 1920, 33370, 6890, 30, 31200, 33370, 30, 10, 5700, 1690, 2090, 10, 640, 10, 10, 1690, 1690, 5700, 2090, 10, 1690, 1690, 2540, 740, 740, 2540, 740, 2540, 740, 2540, 2540, 740, 3530, 3530, 31200, 1990, 31200, 31200, 31200, 3530, 3530, 3530, 31200, 9020, 2460, 2810, 2090, 2810, 2810, 2810, 2810, 1940, 1940, 4370, 8660, 1940, 1940, 1940, 0, 2200, 0, 320, 2200, 320, 0, 2200, 320, 0, 320, 2200, 320, 0, 2200, 80, 300, 80, 1060, 80, 80, 80, 20, 20, 20, 20, 20, 1560, 0, 40, 500, 0, 1460, 500, 1560, 1460, 40, 1460, 0, 1460, 500, 1560, 500, 1560, 0, 40, 120, 0, 40, 40, 1560, 1460, 500, 60, 100, 920, 7870, 7870, 920, 100, 920, 100, 7870, 7870, 920, 100, 7870, 920, 100, 5240, 700, 700, 700, 700, 700, 760, 200, 10830, 2310, 2310, 10830, 2310, 2310, 10830, 10830, 2310, 10830, 40, 90, 120, 80, 80, 3320, 2700, 90, 90, 50, 80, 80, 90, 3320, 80, 90, 100, 590, 590, 590, 590, 100, 590, 670, 2040, 300, 10, 60, 10, 60, 10, 60, 60, 60, 10, 10, 260, 1570, 0, 1570, 260, 260, 1570, 260, 1570, 0, 80, 0, 0, 260, 0, 1570, 50, 150, 3070, 1280, 120, 120, 120, 120, 120, 120, 120, 120, 120, 120, 260, 1630, 310, 30, 30, 310, 30, 1630, 310, 30, 1630, 30, 260, 1630, 310, 30, 310, 1630, 600, 420, 600, 600, 600, 600, 180, 3220, 480, 3220, 1180, 530, 1180, 3220, 3220, 1180, 530, 480, 3220, 530, 480, 1180, 530, 480, 1180, 530, 480, 490, 2400, 140, 3930, 2200, 10, 10, 10, 3930, 10, 3930, 10, 2200, 3930, 3930, 310, 20, 1430, 80, 310, 80, 80, 80, 3690, 310, 1430, 310, 1430, 1430, 310, 80, 1430, 260, 62420, 2030, 140, 140, 140, 62420, 1090, 1720, 1090, 62420, 128200, 1720, 1090, 140, 62420, 260, 1720, 1090, 1720, 140, 62420, 1720, 1090, 60, 3030, 390, 580, 360, 580, 80, 390, 3030, 580, 360, 360, 580, 80, 390, 3030, 580, 80, 390, 80, 3030, 360, 3030, 80, 390, 60, 60, 4050, 60, 4050, 60, 4050, 4050, 4050, 60, 6140, 130, 1020, 1020, 1020, 6140, 6140, 1020, 1020, 6140, 6140, 170, 1650, 170, 30, 2470, 0, 100, 100, 100, 0, 30, 100, 0, 30, 0, 30, 100, 0, 30, 260, 60, 110, 0, 110, 60, 260, 60, 260, 110, 60, 260, 110, 60, 260, 110, 2810, 2380, 2380, 2810, 2380, 2810, 2380, 2810, 2810, 2380, 128200, 340, 340, 340, 340, 340, 50, 60, 70, 2400, 10, 50, 350, 10, 10, 2400, 10, 50, 2400, 2400, 50, 10, 50, 2400, 370, 1580, 30, 750, 750, 750, 750, 750, 180, 180, 180, 510, 180, 510, 510, 510, 510, 180, 680, 150, 400, 6540, 1160, 150, 150, 150, 400, 150, 1160, 680, 400, 680, 680, 1160, 400, 1160, 1160, 680, 400, 6290, 2750, 650, 650, 6290, 650, 650, 6290, 2750, 6290, 6290, 110, 4460, 880, 880, 540, 4460, 540, 4460, 540, 880, 4460, 540, 880, 4460, 540, 880, 190, 23180, 150, 150, 190, 150, 150, 190, 150, 190, 190, 0, 0, 11080, 11080, 11080, 11080, 0, 30, 0, 0, 0, 11080, 1220, 2010, 27930, 2010, 1220, 2010, 1220, 1220, 2010, 1220, 2010, 970, 8500, 970, 8500, 970, 8500, 50, 8500, 970, 8500, 970, 530, 530, 530, 60, 40, 530, 530, 60, 130, 690, 4560, 4560, 690, 690, 4560, 690, 4560, 4560, 690, 3530, 3530, 3530, 3530, 3530, 130, 1000, 40, 30440, 30440, 50, 2220, 50, 50, 50, 1660, 2540, 1970, 1660, 2220, 30440, 1660, 2220, 30440, 1660, 2220, 30440, 2220, 50, 1660, 3090, 8500, 140, 3700, 8500, 3700, 3090, 140, 3700, 8500, 3090, 4400, 3700, 3700, 8500, 3090, 140, 8500, 3090, 140, 140, 680, 27930, 1040, 1040, 680, 680, 27930, 1040, 680, 27930, 27930, 1040, 680, 27930, 1040, 2660, 460, 250, 250, 2660, 460, 20, 2660, 460, 2660, 250, 460, 250, 460, 2660, 250, 5000, 210, 50, 180, 180, 180, 50, 5000, 180, 50, 5000, 50, 5000, 5000, 180, 50, 1250, 1450, 330, 330, 330, 330, 1450, 330, 2750, 270, 1470, 100, 270, 0, 1470, 1470, 0, 100, 1470, 2750, 0, 100, 270, 100, 0, 1470, 0, 270, 270, 100, 0, 7770, 3290, 1090, 3290, 1090, 3290, 3290, 1090, 3290, 7770, 1090, 1090, 50, 60, 1580, 1580, 1580, 1580, 1580, 2160, 110, 240, 1160, 1160, 240, 1360, 240, 1160, 240, 1160, 1160, 240, 1770, 0, 1770, 0, 100, 0, 1770, 0, 1770, 0, 1770, 20, 3290, 20, 20, 20, 20, 180, 770, 4300, 180, 180, 4300, 180, 180, 4300, 4300, 4300, 2120, 270, 270, 530, 19740, 19740, 19740, 530, 19740, 530, 530, 530, 19740, 270, 270, 270, 5880, 5060, 5060, 80, 120, 5060, 5060, 120, 5060, 120, 80, 80, 120, 80, 80, 120, 870, 550, 40, 680, 40, 40, 40, 870, 40, 40, 680, 40, 550, 3520, 870, 680, 40, 550, 680, 40, 550, 870, 550, 40, 680, 870, 160, 740, 50, 3650, 160, 740, 3650, 50, 3650, 20, 160, 50, 740, 160, 20, 50, 20, 50, 20, 20, 160, 740, 3650, 740, 3650, 3650, 3650, 3650, 3650, 3650, 2250, 540, 2250, 340, 340, 340, 2250, 540, 340, 2250, 340, 2250, 640, 2040, 2040, 640, 640, 2040, 640, 2040, 640, 2040, 5060, 10, 440, 110, 10340, 5060, 5060, 520, 10340, 5060, 440, 10340, 5060, 10340, 10340, 4380, 4380, 4380, 4380, 4380, 2050, 340, 2050, 4530, 340, 340, 1860, 2050, 4530, 340, 1860, 2050, 1860, 4530, 340, 1860, 4530, 4530, 2050, 30, 20, 780, 2520, 20, 20, 2520, 30, 2520, 30, 20, 30, 2520, 30, 2520, 20, 440, 1190, 120, 120, 440, 120, 440, 120, 440, 120, 440, 230, 4020, 30, 4020, 4020, 4020, 30, 10, 4020, 30, 10, 30, 10, 230, 30, 10, 230, 230, 10, 230, 2880, 120, 110, 2490, 220, 2490, 2490, 120, 110, 220, 220, 2880, 120, 110, 2490, 2880, 120, 110, 2880, 120, 110, 220, 2880, 220, 2490, 30, 5880, 30, 30, 30, 30, 40, 660, 1210, 1210, 90, 90, 1210, 660, 1210, 1210, 90, 660, 660, 90, 660, 90, 120, 70, 920, 140, 10, 10, 4240, 10, 10, 10, 920, 4240, 4240, 920, 10, 4240, 920, 10, 10, 4240, 920, 10, 10, 20, 20, 240, 20, 20, 20, 770, 770, 770, 490, 7420, 490, 7420, 280, 770, 490, 7420, 490, 7420, 7420, 490, 770, 160, 15470, 15470, 15470, 5570, 15470, 5570, 160, 5570, 5570, 5570, 15470, 160, 160, 160, 2180, 640, 80, 2180, 2180, 640, 80, 30, 640, 640, 40, 2180, 30, 640, 30, 2180, 80, 30, 80, 80, 30, 2590, 2590, 100, 3300, 5220, 100, 5220, 100, 5220, 5220, 100, 5220, 100, 120, 1970, 460, 0, 4460, 1280, 670, 210, 40, 70, 460, 0, 0, 70, 120, 70, 120, 4460, 670, 4460, 1280, 460, 670, 120, 0, 70, 4460, 160, 670, 120, 460, 670, 460, 0, 70, 4460, 1250, 1250, 1250, 1250, 1250, 11170, 4220, 1060, 1060, 11170, 4220, 11170, 4220, 1060, 11170, 11170, 1060, 1060, 4220, 4220, 320, 260, 2000, 1110, 2000, 1110, 1110, 2000, 1110, 2000, 1110, 2000, 3590, 5510, 24530, 1000, 1000, 150, 5510, 150, 5510, 1000, 360, 360, 3590, 24530, 150, 150, 5510, 3590, 1000, 1000, 360, 3590, 3590, 360, 24530, 150, 5510, 24530, 24530, 360, 44900, 1930, 1930, 1320, 880, 2770, 6700, 6700, 6700, 6700, 6700, 2940, 10, 2940, 15470, 10, 10, 2940, 10, 10, 2940, 2940, 120, 60, 830, 110, 30, 110, 30, 830, 30, 830, 5940, 110, 30, 830, 110, 30, 830, 110, 290, 290, 290, 290, 290, 12070, 3700, 980, 0, 800, 3730, 980, 670, 12070, 800, 12070, 3730, 3700, 12070, 800, 330, 330, 330, 670, 0, 3730, 330, 800, 3700, 980, 0, 3730, 3700, 800, 12070, 980, 670, 330, 0, 3730, 670, 0, 670, 3700, 980, 60, 6920, 450, 2180, 450, 2180, 60, 450, 2180, 2180, 450, 60, 2180, 60, 450, 60, 30, 1860, 30, 480, 4240, 4240, 2940, 1860, 4240, 30, 480, 1860, 480, 1860, 2940, 4240, 480, 1860, 2940, 4240, 480, 2940, 30, 30, 2940, 710, 6700, 6700, 6700, 710, 710, 6700, 6700, 710, 710, 1210, 260, 5190, 4860, 260, 1210, 1210, 150, 150, 5190, 4860, 260, 5190, 4860, 260, 5190, 4860, 1210, 150, 5190, 4860, 260, 150, 1210, 150, 200, 620, 620, 460, 2900, 460, 2900, 2900, 2900, 460, 2900, 620, 460, 620, 460, 620, 660, 660, 660, 660, 660, 1830, 26890, 26890, 26890, 340, 26890, 26890, 40, 500, 12070, 320, 320, 320, 320, 320, 14980, 340, 14980, 14980, 14980, 14980, 3400, 1190, 3400, 3400, 1230, 3400, 1190, 3400, 1190, 1230, 1230, 1190, 1230, 1190, 1230, 310, 140, 220, 4260, 140, 4260, 4260, 4260, 140, 860, 140, 220, 140, 140, 220, 140, 310, 140, 220, 4260, 140, 220, 140, 80, 30, 1000, 930, 930, 930, 930, 30, 80, 930, 1880, 230, 1880, 230, 230, 1880, 230, 1880, 230, 1880, 4640, 550, 550, 320, 10, 10, 10, 320, 10, 320, 20120, 320, 10, 320, 130, 10, 29890, 29890, 40, 5430, 300, 300, 300, 300, 5430, 40, 5430, 130, 130, 29890, 130, 40, 5430, 130, 40, 29890, 40, 5430, 300, 29890, 1450, 20, 20, 20, 20, 1450, 20, 1450, 1450, 1450, 8650, 40, 860, 150, 860, 860, 860, 150, 860, 40, 40, 150, 40, 150, 40, 150, 380, 2710, 130, 380, 130, 130, 130, 2710, 130, 300, 10, 740, 2730, 740, 740, 10, 10, 2730, 740, 2730, 740, 2730, 10, 2730, 10, 420, 1950, 420, 420, 1950, 420, 42040, 3150, 420, 1950, 1950, 1950, 1810, 1030, 700, 100, 800, 1470, 100, 1470, 100, 1470, 1470, 700, 100, 700, 800, 800, 700, 700, 800, 1470, 100, 800, 260, 50, 110, 190, 120, 40, 50, 120, 50, 110, 40, 260, 110, 190, 50, 40, 50, 260, 120, 40, 50, 110, 190, 260, 40, 50, 50, 110, 120, 120, 50, 260, 190, 190, 50, 1120, 2220, 2220, 2220, 10, 2220, 2220, 60, 1120, 60, 9680, 360, 470, 360, 470, 360, 460, 460, 460, 470, 360, 460, 470, 460, 360, 470, 80, 1820, 1820, 80, 1820, 80, 1820, 80, 1820, 80, 5050, 150, 5050, 5050, 680, 150, 680, 150, 5050, 680, 6310, 150, 680, 5050, 150, 680, 20, 20, 20, 20, 20, 280, 3450, 3450, 280, 3450, 3450, 280, 3450, 280, 280, 120, 340, 2340, 2220, 1150, 120, 1150, 340, 460, 1150, 460, 1150, 460, 1150, 2220, 460, 120, 340, 460, 120, 340, 120, 340, 2340, 980, 5130, 1400, 1400, 1160, 5130, 1160, 1400, 5130, 1400, 1160, 5130, 1160, 1400, 5130, 1160, 3120, 3120, 10, 3120, 3120, 10, 2120, 10, 10, 3120, 10, 8780, 120, 40, 2760, 40, 40, 40, 120, 6500, 6500, 40, 4570, 100, 220, 4460, 4460, 220, 220, 4460, 220, 4460, 220, 4460, 1210, 110, 260, 260, 260, 110, 260, 110, 260, 110, 110, 2440, 80, 2010, 2440, 80, 3280, 2230, 50, 3280, 2230, 3280, 2230, 2230, 3280, 2230, 3280, 1600, 7980, 70, 70, 70, 70, 1600, 70, 1640, 3120, 1640, 1640, 1640, 1640, 320, 570, 570, 120, 120, 30, 120, 320, 320, 570, 120, 320, 570, 120, 320, 30, 570, 50940, 3400, 50940, 50940, 50940, 50940, 8780, 8780, 8780, 8780, 8780, 90, 230, 3650, 3650, 620, 620, 620, 90, 3650, 3650, 90, 620, 3650, 620, 90, 90, 80, 470, 100, 100, 5040, 5040, 100, 470, 80, 470, 80, 5040, 80, 470, 100, 5040, 80, 100, 5040, 470, 10, 280, 280, 240, 280, 10, 240, 280, 280, 240, 240, 240, 1610, 350, 2010, 80, 100, 100, 80, 1610, 80, 2010, 350, 100, 1610, 2010, 350, 100, 80, 1610, 2010, 350, 1610, 80, 2010, 350, 350, 100, 1200, 10, 1190, 4130, 1500, 3640, 230, 2960, 2960, 230, 230, 3640, 1190, 230, 4130, 1190, 1500, 1500, 2960, 4130, 1190, 1500, 1500, 3640, 4130, 1200, 10, 2960, 1190, 2960, 10, 3640, 10, 4130, 3640, 10, 230, 1430, 40, 40, 40, 1430, 40, 40, 20120, 130, 20120, 20120, 20120, 20120, 5640, 700, 700, 700, 4940, 340, 700, 700, 5640, 340, 340, 340, 5640, 290, 340, 5640, 5640, 20, 70, 20, 180, 6730, 6730, 6730, 70, 180, 20, 70, 180, 160, 6730, 6730, 180, 20, 70, 180, 70, 20, 30, 6650, 6650, 6650, 30, 6650, 6650, 20, 20, 20, 0, 20, 20, 70, 12920, 12920, 12920, 710, 710, 12920, 12920, 70, 710, 710, 710, 4460, 4510, 11660, 4510, 4460, 4460, 4510, 11660, 4510, 4510, 4460, 11660, 11660, 4460, 11660, 520, 420, 20, 2860, 420, 2860, 2860, 420, 420, 2860, 420, 2860, 40, 110, 2110, 260, 2110, 2110, 260, 110, 110, 260, 2110, 260, 2110, 260, 110, 110, 780, 8280, 180, 180, 180, 180, 180, 2670, 2670, 2670, 2670, 2670, 4090, 11590, 580, 580, 580, 580, 580, 30, 2190, 9730, 9730, 9730, 2190, 2190, 2190, 2190, 30, 9730, 9730, 2340, 80, 950, 950, 340, 80, 340, 80, 340, 80, 950, 950, 340, 80, 340, 2340, 950, 71780, 500, 71780, 71780, 71780, 71780, 50, 130, 50, 30440, 130, 130, 50, 130, 50, 130, 50, 3260, 3260, 3260, 3260, 3260, 1610, 27230, 3290, 1610, 27230, 50, 41330, 3290, 41330, 1610, 27230, 3290, 41330, 27230, 3290, 41330, 27230, 3290, 41330, 2560, 1610, 1610, 2180, 39530, 10970, 1680, 1680, 90, 10970, 10970, 1680, 10970, 1680, 1680, 90, 10970, 90, 1500, 90, 90, 230, 10, 80, 240, 10, 240, 80, 230, 230, 10, 80, 230, 240, 80, 230, 10, 240, 80, 10, 240, 6730, 2600, 2600, 2600, 2600, 2600, 1130, 200, 1360, 200, 200, 200, 200, 20, 20, 20, 20, 20, 120, 720, 5240, 120, 5240, 120, 5240, 120, 5240, 120, 5240]"
2020-11-03 14:05:00+00:00,7755340,0,3033.0,"[10, 340, 1660, 290, 290, 2010, 2010, 4560, 4560, 340, 290, 290, 340, 4560, 4560, 290, 340, 4560, 340, 2010, 2010, 2010, 1900, 2100, 1900, 4290, 1900, 4290, 20, 1900, 1900, 2980, 3520, 270, 560, 3520, 560, 3520, 2980, 2980, 560, 3520, 270, 2980, 270, 2980, 560, 3520, 560, 270, 270, 30, 30, 30, 30, 30, 10970, 540, 540, 540, 540, 540, 20, 2260, 2260, 2260, 20, 140, 20, 2260, 20, 20, 2260, 3590, 3590, 3590, 3590, 3590, 50, 50, 50, 50, 50, 20, 10, 7980, 4090, 20, 6230, 4090, 1000, 7980, 7980, 10, 6230, 4090, 20, 20, 10, 6230, 4090, 4090, 10, 7980, 6230, 10, 7980, 6230, 20, 1240, 80, 80, 1240, 80, 1240, 1240, 80, 1240, 80, 3200, 3200, 3200, 50, 3200, 3200, 2720, 3700, 170, 320, 320, 3820, 170, 3700, 170, 3820, 320, 3700, 2720, 2720, 3700, 2720, 170, 3820, 320, 3700, 2720, 170, 3820, 320, 0, 1220, 50, 1220, 650, 10, 650, 0, 1220, 0, 0, 650, 1220, 10, 0, 650, 650, 10, 10, 1220, 10, 20, 1380, 170, 170, 170, 1380, 1380, 1380, 170, 1380, 170, 2880, 2880, 2880, 2880, 2880, 60, 60, 60, 60, 60, 930, 20, 3240, 3360, 930, 930, 930, 930, 20, 40, 40, 40, 40, 40, 60, 50, 540, 3340, 540, 3340, 540, 3340, 4580, 0, 3340, 540, 540, 3340, 150, 2600, 180, 150, 5870, 2600, 5870, 180, 2600, 150, 150, 50, 2600, 150, 150, 2600, 180, 180, 1060, 5870, 5870, 5870, 150, 180, 800, 800, 800, 450, 800, 800, 100, 100, 520, 860, 100, 440, 100, 860, 100, 1800, 10800, 1800, 1800, 1800, 10800, 1800, 2750, 2750, 2750, 2750, 2750, 1920, 1920, 50, 1920, 50, 50, 1920, 50, 1920, 50, 100, 8280, 100, 100, 100, 100, 1600, 3300, 3300, 3300, 3300, 3300, 780, 670, 400, 670, 400, 670, 780, 670, 400, 100, 670, 400, 780, 400, 780, 780, 3340, 120, 1900, 2310, 1070, 1070, 20, 1070, 2310, 2310, 1900, 2310, 2310, 1070, 1070, 160, 100, 100, 100, 100, 100, 160, 30, 530, 50, 530, 50, 50, 30, 10, 30, 530, 50, 50, 30, 530, 530, 30, 160, 160, 60, 1070, 60, 160, 60, 160, 60, 160, 60, 240, 30, 460, 3760, 30, 30, 270, 240, 270, 3760, 270, 240, 30, 3760, 460, 270, 240, 30, 240, 3760, 270, 3760, 20780, 20780, 80, 80, 20780, 80, 80, 80, 20780, 20780, 100, 100, 480, 100, 100, 1970, 90, 1970, 480, 100, 100, 480, 100, 480, 100, 1970, 90, 480, 1970, 1970, 100, 100, 2150, 230, 910, 70, 10500, 2150, 2150, 2150, 230, 70, 70, 70, 70, 230, 2150, 10500, 230, 910, 230, 30, 2670, 30, 30, 3620, 30, 30, 560, 410, 410, 410, 560, 410, 560, 560, 560, 410, 1060, 2700, 1660, 2700, 40, 4080, 70, 12720, 12720, 70, 1660, 12720, 2700, 70, 40, 2700, 4080, 70, 4080, 40, 1660, 40, 2700, 70, 4080, 12720, 1660, 4080, 1660, 12720, 40, 220, 3160, 910, 3160, 3160, 3160, 3160, 910, 910, 910, 910, 1740, 20, 1740, 20, 1740, 1740, 20, 20, 20, 1740, 5680, 1340, 1340, 620, 5680, 620, 5680, 620, 5680, 1340, 5680, 1340, 620, 620, 1340, 10, 170, 170, 10, 10, 10, 10, 170, 170, 170, 90, 80, 2020, 2020, 2020, 2020, 2020, 0, 0, 880, 20, 40, 880, 40, 880, 40, 30, 880, 20, 40, 880, 40, 30, 20, 20, 30, 20, 30, 30, 140, 420, 140, 140, 140, 140, 1660, 60, 770, 770, 60, 60, 60, 770, 60, 770, 770, 5180, 950, 950, 40, 950, 950, 40, 40, 40, 950, 40, 4220, 440, 4220, 440, 440, 4220, 440, 4220, 4220, 440, 1200, 2710, 2710, 2710, 910, 2710, 2710, 0, 50, 50, 1450, 50, 50, 0, 1450, 50, 10, 1450, 0, 1450, 0, 1450, 0, 13570, 880, 270, 120, 120, 5580, 120, 120, 880, 880, 880, 880, 13570, 120, 40, 1970, 40, 1970, 40, 1970, 40, 1970, 1970, 40, 2030, 0, 2030, 6890, 128200, 120, 120, 120, 4330, 120, 120, 900, 250, 250, 900, 250, 250, 250, 120, 460, 140, 16220, 120, 16220, 16220, 16220, 460, 1000, 120, 1000, 120, 1000, 120, 1000, 1000, 16220, 680, 1660, 250, 1660, 250, 250, 680, 250, 0, 250, 1660, 1660, 1660, 1330, 12690, 1540, 480, 1330, 1330, 1540, 12690, 1330, 1330, 120, 720, 720, 10, 120, 10, 120, 120, 10, 720, 120, 5460, 10, 720, 720, 10, 7390, 20, 9110, 9290, 7390, 7390, 7390, 7390, 4320, 0, 150, 4320, 0, 150, 0, 1680, 0, 150, 600, 150, 4320, 4320, 0, 4320, 1680, 600, 150, 4090, 4090, 25190, 120, 80, 80, 25190, 80, 80, 80, 25190, 25190, 25190, 130, 1740, 7940, 1740, 7940, 7940, 1740, 7940, 1740, 1740, 7940, 0, 690, 0, 4110, 4110, 60, 690, 0, 4110, 60, 60, 4110, 4110, 690, 60, 690, 0, 0, 690, 60, 13900, 7250, 13900, 7250, 13900, 7250, 7250, 7250, 13900, 13900, 100, 5140, 100, 5140, 100, 5140, 5140, 5140, 100, 100, 6940, 80, 2510, 13050, 3030, 1090, 2450, 150, 410, 80, 410, 20, 13050, 1090, 80, 13050, 150, 1090, 80, 150, 6940, 20, 1090, 80, 2510, 410, 150, 6940, 20, 410, 13050, 6940, 20, 150, 13050, 6940, 20, 1090, 410, 1410, 940, 0, 0, 1410, 940, 1410, 940, 50, 1410, 0, 1410, 940, 0, 0, 940, 820, 200, 200, 200, 200, 170, 200, 20, 20, 20, 20, 20, 80, 2760, 80, 80, 2760, 2760, 80, 80, 2760, 120, 110, 110, 110, 110, 110, 0, 80, 0, 80, 0, 0, 80, 80, 0, 80, 4090, 730, 730, 730, 1410, 730, 730, 100, 30, 320, 30, 30, 320, 30, 320, 100, 30, 320, 320, 4460, 4570, 610, 190, 190, 190, 190, 610, 610, 190, 610, 610, 3400, 140, 13650, 13650, 80, 80, 13650, 80, 80, 3400, 3400, 80, 3400, 3400, 13650, 13650, 620, 780, 780, 620, 620, 4940, 620, 780, 4940, 780, 4940, 780, 4940, 4940, 620, 1990, 60, 1990, 2390, 60, 60, 1990, 60, 1990, 1990, 2390, 60, 830, 640, 5120, 640, 190, 5120, 60, 190, 5120, 190, 640, 190, 830, 830, 640, 830, 5120, 190, 830, 640, 5120, 2380, 4120, 440, 2380, 120, 440, 120, 2380, 4120, 120, 2380, 4120, 440, 120, 4120, 120, 2380, 4120, 440, 440, 2170, 5470, 5470, 5470, 5470, 5470, 1050, 430, 900, 430, 430, 1050, 430, 430, 810, 100, 1000, 5190, 5110, 5190, 100, 5190, 5110, 5110, 100, 5190, 1000, 100, 5190, 5110, 810, 100, 5110, 3230, 3230, 3230, 3230, 3230, 180, 180, 180, 1070, 180, 1070, 370, 1070, 1070, 180, 1070, 10830, 3420, 10320, 170, 77860, 77860, 77860, 3420, 3420, 10320, 10320, 3420, 77860, 3420, 77860, 10320, 10320, 160, 160, 4120, 160, 160, 160, 100, 550, 550, 3580, 100, 3580, 3580, 100, 550, 100, 550, 3580, 190, 550, 3580, 100, 50, 120, 120, 50, 50, 50, 120, 50, 120, 120, 1020, 1020, 370, 1020, 1020, 370, 370, 370, 370, 1020, 620, 620, 130, 420, 130, 420, 420, 19830, 420, 420, 130, 130, 130, 2880, 3070, 3070, 620, 620, 3070, 620, 3070, 3070, 620, 620, 250, 250, 250, 250, 250, 50, 430, 430, 430, 430, 430, 50, 13650, 3060, 50, 13650, 13650, 50, 13650, 50, 13650, 50, 50, 1180, 360, 360, 1180, 1180, 360, 1180, 360, 1180, 360, 5740, 6730, 4370, 5740, 5740, 460, 6730, 5740, 4370, 4370, 6730, 5740, 4370, 6730, 460, 460, 4370, 6730, 460, 460, 20, 10, 90, 510, 510, 90, 10, 90, 10, 510, 510, 20, 510, 10, 90, 10, 90, 730, 165580, 165580, 165580, 165580, 165580, 1340, 6730, 80, 6730, 0, 6730, 80, 0, 80, 0, 6730, 80, 0, 80, 6730, 0, 30, 10, 300, 30, 30, 10, 10, 30, 10, 10, 30, 100, 2510, 270, 2100, 2510, 2510, 100, 2510, 2510, 300, 30, 30, 300, 950, 6730, 300, 30, 950, 6730, 300, 6730, 30, 950, 30, 950, 6730, 950, 300, 6730, 3900, 260, 260, 280, 260, 260, 330, 260, 50, 500, 50, 500, 500, 1060, 50, 500, 50, 1060, 500, 50, 60, 220, 720, 720, 720, 60, 220, 720, 220, 220, 720, 220, 4360, 3090, 4360, 200, 620, 9920, 200, 200, 200, 200, 120, 550, 700, 230, 1450, 120, 120, 1450, 120, 700, 1450, 1450, 120, 1450, 230, 20, 40, 1410, 1260, 20, 660, 20, 1410, 660, 1260, 0, 1260, 20, 1260, 660, 1410, 20, 1260, 660, 1410, 660, 1410, 38250, 1430, 1430, 1430, 1430, 1430, 60, 210, 210, 6630, 210, 3040, 3040, 0, 3040, 60, 6630, 3040, 210, 210, 3040, 1110, 80, 1020, 1290, 20, 1290, 20, 20, 4220, 3420, 1290, 20, 3420, 1290, 20, 3420, 1290, 3420, 3420, 2680, 660, 2680, 660, 500, 70, 2680, 660, 70, 2680, 660, 500, 70, 500, 70, 500, 70, 2680, 500, 660, 570, 1420, 570, 570, 570, 570, 1000, 190, 3420, 80, 190, 80, 190, 3420, 2640, 190, 3420, 80, 2640, 3420, 80, 2640, 190, 3420, 80, 2640, 2640, 3350, 6700, 910, 440, 910, 440, 19540, 440, 440, 910, 910, 910, 440, 2680, 980, 980, 980, 980, 980, 1280, 230, 230, 720, 230, 1290, 230, 230, 3910, 3910, 500, 3910, 3910, 3910, 200, 500, 500, 500, 500, 40, 40, 40120, 40, 40, 40120, 40120, 40120, 40120, 40, 910, 910, 910, 910, 910, 100, 40, 3030, 1580, 2580, 510, 3030, 1030, 410, 3030, 1580, 3030, 20, 20, 410, 1580, 410, 510, 1580, 410, 410, 1030, 720, 20, 510, 510, 3030, 20, 20, 510, 1580, 0, 50, 0, 50, 0, 50, 0, 50, 50, 0, 80, 3290, 3290, 80, 450, 20, 20, 3290, 20, 20, 80, 80, 80, 3290, 3290, 20, 2420, 6730, 1540, 780, 6730, 6730, 780, 780, 2420, 780, 6730, 6730, 780, 0, 1120, 120, 0, 90, 7540, 11560, 2700, 3400, 3400, 7540, 3400, 3400, 3400, 7540, 7540, 7540, 80, 1610, 2590, 2590, 200, 2590, 200, 80, 200, 2590, 200, 2590, 80, 80, 200, 80, 880, 880, 880, 880, 880, 0, 0, 9440, 880, 880, 880, 0, 0, 9440, 0, 0, 9440, 880, 0, 0, 9440, 0, 0, 9440, 880, 640, 160, 690, 240, 200, 690, 690, 2370, 690, 690, 240, 240, 240, 2370, 240, 2370, 2370, 2370, 1360, 1360, 1360, 1360, 1360, 1420, 1000, 1420, 3440, 1420, 1420, 1420, 16840, 5730, 5730, 16840, 3230, 16840, 5730, 5730, 16840, 16840, 5730, 800, 800, 800, 800, 800, 120, 110, 110, 110, 110, 120, 110, 1330, 1330, 1330, 1330, 1330, 2160, 2700, 40, 40, 40, 40, 2160, 40, 6710, 6710, 6710, 6710, 6710, 46780, 46780, 46780, 46780, 46780, 10, 50, 1230, 2370, 200, 2370, 2370, 10, 1230, 200, 10, 2370, 1230, 200, 2370, 1230, 200, 1230, 200, 10, 10, 0, 2010, 20, 1080, 0, 20, 0, 0, 20, 1080, 2010, 20, 0, 1080, 1080, 20, 1080, 1280, 1280, 1280, 350, 2620, 350, 1280, 350, 350, 350, 1280, 6180, 6180, 6180, 6180, 6180, 10880, 80, 80, 80, 80, 80, 3530, 20, 4470, 20, 60, 3530, 280, 280, 1020, 280, 20, 20, 3530, 1020, 3530, 280, 20, 1020, 1020, 20, 3530, 280, 20, 1020, 60, 660, 390, 660, 660, 660, 660, 1000, 40, 24920, 1000, 2090, 0, 1970, 100, 1970, 100, 1970, 1970, 1970, 140, 1290, 660, 340, 3740, 60, 140, 140, 140, 140, 6180, 6180, 5960, 6180, 12580, 1050, 5960, 6180, 5960, 12580, 5960, 12580, 12580, 6180, 5960, 12580, 0, 300, 60, 110, 0, 10, 0, 60, 0, 0, 3400, 840, 1030, 4220, 4220, 4220, 4220, 4220, 50, 80, 80, 50, 80, 50, 80, 50, 80, 50, 17950, 820, 820, 820, 17950, 17950, 820, 820, 17950, 17950, 80, 80, 2480, 80, 6470, 6470, 80, 2480, 2480, 80, 6470, 2480, 80, 6470, 2480, 6470, 580, 340, 1290, 1170, 340, 390, 200, 1170, 2370, 340, 1170, 320, 200, 2370, 200, 340, 390, 340, 2370, 390, 200, 1170, 1290, 1170, 390, 1290, 390, 200, 2370, 1290, 1290, 2370, 1500, 1500, 1500, 1500, 1500, 390, 3430, 300, 300, 30, 300, 3430, 30, 3430, 30, 540, 3430, 30, 300, 3430, 30, 300, 10, 360, 6230, 3460, 5450, 360, 270, 3460, 360, 5450, 3560, 360, 3460, 5450, 3460, 360, 5450, 5450, 3460, 910, 3180, 910, 3180, 910, 3180, 910, 3180, 910, 3180, 0, 0, 0, 320, 0, 0, 320, 320, 320, 320, 40, 440, 440, 440, 440, 440, 2990, 260, 2990, 2970, 5020, 260, 840, 2970, 2990, 2990, 2970, 2990, 260, 2970, 5020, 2970, 260, 260, 1340, 30, 1340, 1340, 1340, 1340, 30, 1280, 7970, 300, 640, 510, 640, 550, 1280, 550, 550, 550, 640, 7970, 1280, 7970, 1280, 640, 7970, 7970, 300, 1280, 640, 300, 300, 550, 300, 160, 17950, 2370, 17950, 160, 17950, 2370, 160, 17950, 590, 160, 160, 2370, 2370, 17950, 640, 2370, 40, 1020, 4360, 40, 40, 40, 1020, 40, 1020, 1020, 1020, 240, 240, 240, 240, 240, 2880, 2880, 2880, 2880, 2880, 2100, 7300, 3020, 7300, 3020, 7300, 7300, 3020, 3020, 7300, 3020, 3850, 650, 3850, 4540, 220, 120, 910, 6730, 3850, 3850, 3850, 910, 910, 220, 910, 910, 6320, 3200, 3200, 6320, 920, 6320, 3200, 6320, 3200, 3200, 6320, 3360, 1460, 50, 50, 50, 50, 50, 1840, 3070, 3070, 3070, 3070, 3070, 670, 670, 670, 670, 670, 80, 20, 340, 1020, 1020, 80, 340, 20, 1020, 1020, 80, 340, 20, 20, 20, 80, 1020, 80, 340, 340, 240, 50, 40, 40, 40, 40, 40, 80, 1020, 3640, 1020, 80, 80, 1020, 80, 80, 1020, 1020, 60, 3120, 3120, 3120, 1170, 60, 3120, 80, 3120, 60, 60, 60, 66300, 1230, 66300, 5230, 5230, 120, 5230, 120, 120, 120, 120, 5230, 5230, 50, 5730, 60, 590, 590, 50, 50, 50, 50, 590, 590, 590, 2550, 100, 500, 500, 100, 2550, 2550, 500, 2550, 100, 500, 2550, 100, 100, 500, 1890, 13570, 280, 280, 280, 530, 1890, 280, 530, 530, 1890, 280, 530, 1890, 1890, 530, 3980, 1140, 1330, 3980, 3980, 760, 1140, 3980, 1140, 1140, 1140, 3980, 26840, 170, 170, 170, 170, 170, 6180, 70, 680, 1290, 1290, 680, 120, 120, 680, 70, 120, 680, 70, 1290, 680, 120, 70, 1290, 70, 120, 1290, 2940, 2940, 2940, 2940, 2940, 0, 0, 0, 0, 0, 1080, 870, 6180, 1080, 6180, 870, 870, 6180, 20, 1080, 20, 870, 20, 870, 1080, 20, 6180, 1080, 20, 6180, 120, 320, 1120, 80, 80, 120, 80, 80, 120, 120, 320, 80, 120, 500, 40, 330, 40, 40, 40, 40, 270, 570, 20, 20, 570, 20, 570, 20, 570, 20, 570, 2520, 240, 20, 20, 2520, 20, 2520, 2520, 20, 2520, 20, 290, 2690, 400, 10800, 290, 400, 290, 290, 2690, 290, 400, 400, 400, 280, 7140, 780, 20, 2940, 7140, 20, 2940, 280, 2940, 2940, 280, 2940, 280, 7140, 20, 7140, 20, 7140, 20, 280, 10, 10, 10, 10, 10, 8520, 7110, 2260, 8520, 8520, 8520, 2260, 8520, 2260, 2260, 2260, 20, 540, 20, 20, 20, 20, 0, 3930, 5500, 3930, 3930, 14500, 14500, 14500, 3930, 14500, 3930, 5760, 10, 14500, 0, 12140, 120, 800, 1180, 120, 120, 120, 800, 12140, 120, 12140, 12140, 12140, 6710, 1850, 870, 1850, 1850, 1850, 1850, 600, 10, 170, 600, 220, 600, 220, 10, 220, 600, 10, 600, 10, 10, 220, 220, 80, 300, 130, 80, 280, 300, 300, 130, 280, 130, 130, 280, 80, 300, 130, 280, 80, 300, 80, 280, 2300, 2940, 2300, 2940, 2300, 2940, 2300, 2940, 2300, 2300, 2940, 2300, 1200, 80, 80, 80, 80, 1200, 80, 5740, 1540, 34220, 230, 90, 120, 230, 530, 230, 530, 5740, 120, 530, 5740, 120, 34220, 530, 5740, 120, 120, 530, 5740, 230, 230, 1160, 1160, 280, 2260, 170, 280, 20, 280, 2260, 280, 170, 2260, 2260, 280, 2260, 400, 8070, 400, 8070, 400, 400, 8070, 0, 8070, 400, 8070, 1070, 1070, 1070, 1070, 1070, 130, 130, 40, 600, 600, 600, 40, 130, 40, 130, 600, 40, 130, 600, 40, 0, 15850, 0, 0, 0, 20, 0, 15850, 1320, 310, 1590, 310, 1590, 1590, 1320, 310, 1590, 1320, 1590, 1320, 310, 1320, 310, 230, 770, 230, 770, 230, 230, 230, 840, 12400, 12400, 12400, 840, 12400, 12400, 270, 600, 170, 170, 270, 170, 600, 270, 600, 270, 170, 600, 270, 170, 600, 4550, 4550, 4550, 4550, 4550, 12070, 10, 12070, 12070, 12070, 10, 10, 12070, 10, 10, 370, 780, 550, 50, 0, 830, 830, 830, 830, 50, 0, 50, 0, 830, 0, 50, 0, 50, 20, 20, 20, 20, 20, 60, 60, 60, 60, 60, 330, 1130, 80, 300, 80, 80, 300, 80, 300, 80, 300, 330, 300, 13450, 2980, 2980, 2980, 2980, 13450, 13450, 13450, 13450, 2980, 20, 20, 20, 20, 20, 20, 3910, 250, 250, 250, 250, 250, 3910, 3910, 3910, 3910, 8090, 8090, 8090, 8090, 8090, 1020, 410, 120, 120, 410, 410, 120, 120, 410, 1020, 120, 410, 180, 180, 180, 180, 180, 100, 1010, 100, 330, 330, 100, 330, 100, 100, 330, 330, 10, 10, 10, 10, 180, 0, 10, 6060, 50, 6060, 50, 50, 0, 180, 0, 50, 6060, 0, 180, 50, 6060, 6060, 180, 180, 0, 4100, 20, 4100, 260, 1140, 3000, 320, 1070, 1140, 1070, 260, 320, 3000, 260, 320, 3000, 1140, 260, 320, 3000, 1140, 1070, 260, 320, 3000, 1070, 1140, 1070, 2170, 10450, 2170, 2170, 2170, 2170, 770, 1190, 0, 770, 0, 770, 1190, 0, 1190, 0, 770, 1190, 0, 770, 1190, 250, 60, 60, 60, 60, 60, 5390, 5390, 60, 5390, 5390, 5390, 6880, 410, 150, 150, 410, 410, 410, 150, 150, 150, 410, 510, 150, 1960, 1960, 0, 2440, 150, 1960, 1960, 1960, 2440, 30, 2980, 120, 20, 20, 20, 30, 30, 430, 320, 30, 2980, 320, 2980, 30, 2980, 20, 2980, 20, 400, 2080, 2080, 2080, 2080, 2080, 320, 320, 320, 320, 320, 7760, 0, 230, 230, 230, 230, 7760, 0, 230, 270, 1450, 270, 270, 270, 1450, 1450, 1450, 1450, 270, 240, 10, 10, 190, 10, 10, 10, 230, 10, 720, 230, 720, 140, 230, 720, 720, 10, 140, 720, 10, 230, 10, 140, 10, 140, 140, 230, 410, 410, 410, 410, 410, 1950, 40, 380, 2040, 2040, 20, 1950, 20, 2040, 380, 1950, 1950, 380, 20, 2040, 20, 40, 380, 2040, 380, 1950, 20, 130, 940, 790, 790, 130, 130, 130, 790, 790, 790, 130, 20, 10, 670, 670, 20, 670, 670, 670, 150, 140, 1310, 140, 80, 1310, 150, 80, 140, 150, 1310, 140, 150, 80, 1310, 80, 140, 1310, 150, 80, 280, 280, 280, 280, 280, 60, 5200, 8120, 8120, 8120, 8120, 60, 5200, 8120, 5200, 5200, 5200, 60, 110, 60, 60, 60, 60, 0, 0, 0, 0, 0, 220, 220, 220, 220, 220, 8740, 12030, 12030, 8740, 60, 8740, 12030, 60, 8740, 12030, 60, 8740, 60, 12030, 60, 110, 170, 2740, 90, 90, 90, 60, 90, 90]"
2020-11-03 14:10:00+00:00,16204910,5,2784.0,"[520, 2700, 620, 11570, 11570, 620, 130, 11570, 11570, 11570, 620, 130, 620, 130, 130, 620, 2860, 790, 0, 240, 790, 790, 2860, 10, 2860, 240, 790, 790, 0, 10, 0, 10, 0, 10, 0, 10, 240, 2860, 240, 2860, 240, 1410, 560, 1410, 560, 560, 1410, 560, 1410, 560, 1410, 8520, 4050, 30, 1560, 1560, 1560, 1560, 60, 20, 1560, 30, 30, 4050, 8520, 30, 4050, 8520, 4050, 8520, 30, 8520, 4050, 2060, 850, 50, 850, 850, 2060, 850, 850, 2760, 2760, 2760, 2760, 190, 190, 190, 190, 190, 90, 730, 90, 730, 730, 90, 730, 90, 90, 730, 5200, 4030, 1580, 5200, 1640, 5200, 1580, 5200, 1580, 1580, 1580, 5200, 270, 270, 270, 270, 270, 20, 20, 10, 37140, 22330, 220, 100, 220, 100, 220, 100, 220, 100, 80, 10, 220, 100, 80, 80, 80, 80, 240, 1810, 110, 240, 1810, 240, 240, 1810, 1810, 1810, 240, 150, 2140, 210, 540, 6710, 240, 540, 3250, 240, 240, 540, 240, 540, 240, 3250, 540, 3250, 3250, 810, 1020, 810, 810, 1690, 1690, 810, 1020, 1690, 810, 1690, 1690, 11610, 1080, 180, 1080, 11610, 180, 180, 11610, 1080, 1080, 180, 11610, 1080, 180, 11610, 690, 8420, 690, 690, 8420, 690, 690, 4050, 3300, 4050, 4050, 4050, 4050, 2530, 300, 850, 850, 850, 20, 850, 850, 37140, 2000, 80, 20, 80, 80, 2000, 80, 2000, 2000, 2000, 80, 200, 200, 200, 200, 200, 120, 6180, 190, 190, 6180, 190, 610, 190, 6180, 190, 6180, 6180, 1950, 170, 480, 1950, 30, 480, 1950, 30, 480, 1950, 30, 30, 30, 480, 1950, 480, 2030, 2030, 2030, 2030, 2030, 390, 2000, 2000, 390, 2000, 2000, 390, 390, 2000, 390, 1320, 5390, 5390, 1320, 5390, 1320, 5390, 5390, 1320, 1320, 380, 20, 160, 20, 20, 160, 160, 20, 20, 160, 160, 3230, 10, 5330, 50, 10, 180, 820, 180, 180, 820, 820, 820, 180, 180, 10, 820, 50, 620, 50, 620, 50, 620, 50, 620, 50, 620, 2730, 2730, 2730, 2260, 2260, 2260, 2730, 2260, 2730, 2260, 1500, 4060, 20, 170, 190, 330, 190, 170, 170, 10, 170, 10, 190, 10, 190, 10, 190, 10, 170, 580, 530, 180, 230, 250, 0, 530, 530, 0, 180, 530, 0, 180, 0, 530, 180, 0, 180, 260, 9160, 1560, 530, 1170, 1170, 1170, 530, 260, 1170, 9160, 1170, 530, 9160, 530, 9160, 530, 9160, 5040, 5040, 5040, 5040, 5040, 50, 50, 50, 50, 50, 480, 2000, 480, 480, 2000, 480, 2000, 480, 2000, 2000, 0, 130, 130, 0, 130, 0, 0, 130, 0, 130, 40, 700, 700, 700, 0, 80, 40, 40, 40, 700, 40, 700, 590, 80, 590, 20, 590, 590, 590, 230, 1480, 1480, 1480, 1480, 1480, 60, 180, 180, 180, 180, 60, 180, 30, 290, 780, 290, 780, 30, 30, 290, 30, 780, 30, 290, 780, 290, 780, 60, 6170, 60, 260, 3230, 3230, 3230, 3230, 3230, 230, 230, 230, 230, 230, 4830, 70, 310, 100, 2860, 100, 140, 100, 100, 100, 0, 0, 0, 0, 0, 0, 520, 50, 310, 520, 310, 310, 50, 310, 520, 310, 520, 520, 220, 20, 1100, 20, 20, 20, 3450, 220, 3450, 20, 1100, 1100, 220, 3450, 220, 220, 1100, 2270, 3450, 1100, 3450, 580, 60, 860, 1650, 40, 20, 3230, 150, 860, 150, 580, 60, 860, 150, 60, 860, 150, 580, 60, 150, 860, 20, 580, 60, 580, 40, 200, 11520, 11520, 11520, 11520, 11520, 180, 1590, 1590, 180, 1590, 180, 180, 1590, 180, 1590, 6030, 3160, 28360, 28360, 520, 28360, 70, 6030, 520, 520, 6030, 520, 6030, 28360, 520, 3160, 28360, 3160, 3160, 3160, 6030, 8480, 70, 70, 70, 70, 3320, 8480, 70, 1650, 1650, 1650, 9350, 0, 1650, 1650, 50, 6340, 740, 60, 740, 740, 60, 50, 6340, 60, 50, 6340, 50, 740, 6340, 6340, 50, 740, 60, 60, 70, 70, 70, 70, 70, 2120, 2120, 2120, 2120, 150, 2120, 10, 240, 30, 240, 240, 170, 170, 170, 170, 240, 170, 30, 240, 100, 580, 780, 100, 100, 780, 780, 580, 80, 780, 580, 100, 100, 580, 780, 580, 20, 20, 2100, 780, 20, 2100, 2100, 20, 2100, 20, 2100, 4830, 30, 4260, 2320, 20, 4260, 20, 4260, 30, 30, 20, 2320, 2320, 0, 4830, 2320, 20, 4260, 4830, 30, 2320, 20, 4260, 30, 4830, 4830, 4560, 4560, 550, 550, 4560, 550, 4560, 550, 4560, 550, 280, 280, 1760, 280, 280, 280, 2870, 50, 7320, 3740, 3740, 3740, 3740, 7320, 3740, 920, 17540, 90, 920, 1070, 1070, 1730, 1730, 1070, 1070, 1070, 50, 50, 12080, 50, 50, 12080, 12080, 20, 12080, 12080, 50, 320, 0, 0, 120, 120, 120, 120, 0, 0, 120, 0, 230, 1670, 3740, 990, 230, 230, 230, 230, 2480, 150, 2480, 2480, 2480, 2480, 150, 4010, 0, 780, 80, 0, 780, 6670, 6670, 0, 0, 780, 0, 4010, 6670, 780, 6670, 780, 6670, 3970, 7320, 130, 180, 43320, 40, 43320, 40, 43320, 43320, 43320, 180, 410, 2810, 580, 580, 580, 580, 580, 800, 230, 1150, 70, 70, 70, 70, 70, 90, 5120, 400, 5120, 5120, 5120, 5120, 1340, 1340, 1340, 1340, 1340, 10460, 400, 8220, 8220, 8220, 8220, 4560, 120, 540, 120, 120, 540, 540, 540, 540, 4130, 120, 120, 1370, 1370, 1370, 1370, 1370, 180, 3030, 4690, 3030, 3030, 3030, 3030, 100, 7320, 4460, 7320, 7320, 7320, 7320, 640, 1170, 1170, 640, 1170, 590, 640, 1170, 1170, 640, 640, 3000, 2880, 2880, 3000, 2880, 2880, 3000, 2880, 3000, 3000, 1150, 1150, 1150, 1150, 1650, 1650, 3310, 820, 1650, 1150, 1650, 1650, 7570, 8570, 7570, 8570, 7070, 7070, 7070, 8570, 7570, 8570, 8570, 7570, 7070, 7570, 7070, 2940, 60, 80, 80, 1050, 0, 0, 80, 80, 2940, 0, 0, 0, 80, 0, 0, 3740, 0, 0, 0, 0, 0, 0, 0, 0, 4690, 1090, 4690, 1090, 4690, 1090, 4690, 1090, 4690, 1090, 1340, 1340, 2470, 4010, 4010, 1150, 1150, 1150, 4010, 1150, 4010, 2470, 4010, 1150, 17460, 1780, 310, 100, 100, 1780, 1780, 100, 100, 100, 1780, 1780, 6470, 1050, 10, 2250, 5970, 2250, 10, 5970, 2250, 5970, 1050, 5970, 6470, 6470, 6470, 10, 1050, 6470, 1050, 10, 1050, 2250, 5970, 2250, 10, 10040, 10040, 10040, 500, 10040, 10040, 1610, 990, 1360, 1360, 10, 10, 1360, 10, 10, 1360, 10, 1360, 140, 140, 140, 140, 140, 3450, 1140, 1140, 1140, 1140, 3450, 1140, 840, 840, 840, 840, 840, 120, 72310, 1320, 72310, 13520, 72310, 72310, 72310, 2250, 500, 500, 500, 500, 500, 300, 300, 300, 300, 300, 1270, 3840, 2680, 720, 170, 1270, 1270, 3840, 1270, 3840, 100, 3840, 1270, 2680, 3840, 120, 1590, 120, 3040, 120, 1210, 3040, 1210, 120, 3040, 1210, 1590, 1590, 3040, 1210, 1590, 3040, 1210, 120, 1590, 4010, 10, 10, 480, 480, 10, 480, 10, 480, 10, 480, 176900, 176900, 176900, 176900, 176900, 410, 1520, 1520, 410, 1520, 410, 1520, 410, 1520, 410, 240, 0, 240, 0, 0, 0, 0, 200, 190, 5120, 240, 5120, 5120, 240, 5120, 240, 240, 5120, 240, 3230, 700, 700, 700, 700, 700, 0, 720, 130, 720, 130, 720, 130, 720, 0, 720, 0, 130, 0, 0, 130, 10, 400, 0, 10, 10, 10, 10, 160, 360, 160, 160, 160, 60, 910, 910, 360, 60, 910, 360, 60, 910, 360, 160, 910, 60, 60, 360, 0, 43320, 1840, 43320, 83000, 43320, 0, 0, 0, 0, 43320, 43320, 60, 83000, 670, 670, 83000, 670, 83000, 670, 83000, 83000, 670, 17090, 5790, 240, 40, 40, 40, 40, 5790, 40, 2160, 2160, 2160, 2160, 2160, 510, 40, 0, 2400, 2400, 40, 40, 2400, 40, 2400, 40, 0, 2400, 7760, 80, 80, 1270, 7760, 7760, 7760, 1270, 80, 1270, 7760, 1270, 80, 1270, 80, 2760, 2760, 2760, 2760, 6330, 6330, 6330, 6330, 6330, 260, 10460, 260, 260, 360, 10460, 260, 10460, 10460, 260, 10460, 2910, 260, 70, 260, 70, 70, 260, 70, 260, 10420, 260, 70, 190, 2080, 2080, 100, 2080, 190, 50, 190, 190, 50, 190, 100, 2080, 100, 2080, 50, 50, 100, 50, 100, 3500, 3500, 3500, 3500, 1460, 3500, 5140, 5140, 5140, 5140, 5140, 6270, 6270, 6270, 6270, 6270, 0, 0, 1000, 7830, 2390, 320, 0, 320, 0, 320, 0, 1000, 320, 7830, 320, 22070, 120, 20, 1070, 0, 390, 860, 1070, 20, 120, 1070, 1070, 1070, 860, 3500, 190, 970, 970, 330, 330, 970, 330, 190, 330, 970, 330, 970, 2870, 2870, 2870, 2870, 2870, 110, 30, 30, 30, 110, 5790, 10, 110, 110, 30, 110, 30, 660, 660, 660, 660, 660, 1220, 1220, 1220, 220, 220, 220, 1220, 1220, 220, 220, 8220, 5140, 8220, 40, 8220, 5140, 180, 40, 5140, 40, 8220, 40, 5140, 8220, 40, 5140, 2340, 3750, 1780, 5240, 176900, 5240, 176900, 176900, 176900, 5240, 3750, 5240, 3750, 5240, 3750, 3750, 176900, 6180, 160, 6180, 160, 6180, 6180, 160, 160, 160, 6180, 0, 50, 30, 30, 30, 30, 30, 840, 50, 260, 50, 50, 50, 50, 840, 840, 840, 840, 120, 390, 390, 390, 120, 390, 390, 980, 1060, 5140, 130, 1060, 1060, 980, 1060, 1060, 380, 2580, 380, 380, 380, 380, 2400, 1030, 1030, 1030, 1030, 1030, 11310, 60, 60, 60, 60, 60, 160, 740, 740, 320, 140, 6920, 140, 140, 6920, 140, 6920, 140, 6920, 6920, 40, 50, 40, 40, 40, 50, 50, 50, 40, 50, 2080, 470, 2080, 2080, 2080, 2080, 30, 2800, 250, 2800, 60, 250, 60, 2800, 2800, 250, 60, 2800, 250, 60, 50, 250, 60, 580, 1170, 580, 1170, 580, 1170, 580, 1170, 580, 1170, 4320, 950, 2760, 950, 950, 2760, 4000, 2760, 950, 2760, 950, 620, 920, 1460, 920, 920, 1460, 1660, 620, 100, 1460, 920, 1460, 1460, 620, 620, 920, 620, 2190, 100, 100, 260, 120, 260, 100, 120, 120, 100, 260, 260, 120, 100, 120, 260, 520, 270, 270, 270, 520, 520, 270, 520, 520, 270, 94850, 80, 7570, 7570, 7570, 7570, 7570, 1570, 4120, 1570, 176900, 4120, 1570, 176900, 4120, 176900, 4120, 176900, 176900, 4120, 1570, 1570, 200, 200, 200, 200, 200, 110, 110, 50, 90, 50, 50, 110, 50, 110, 50, 110, 930, 130, 2880, 930, 220, 130, 930, 220, 930, 130, 220, 130, 220, 930, 220, 130, 200, 200, 200, 200, 200, 740, 30, 740, 30, 30, 30, 740, 30, 740, 740, 1260, 910, 910, 910, 910, 910, 8010, 820, 8010, 820, 8010, 820, 820, 820, 8010, 8010, 530, 530, 530, 40, 40, 40, 530, 40, 530, 40, 1570, 540, 20, 0, 0, 1570, 11570, 0, 11570, 11570, 0, 1570, 540, 0, 1570, 11570, 20, 20, 20, 11570, 20, 1570, 3290, 110, 110, 110, 110, 60, 110, 2420, 210, 1290, 2370, 1580, 2550, 1580, 1580, 1580, 2370, 1580, 2370, 2370, 2550, 2370, 510, 510, 210, 210, 210, 520, 210, 210, 8420, 1230, 5750, 1230, 1230, 8420, 1230, 1230, 22340, 130, 90, 90, 130, 130, 90, 90, 130, 90, 130, 770, 770, 6310, 6310, 6310, 6310, 6310, 550, 150, 20, 20, 20, 150, 150, 20, 150, 150, 120, 20, 30, 100, 100, 100, 100, 100, 320, 30, 30, 40, 320, 40, 320, 40, 30, 320, 30, 40, 320, 40, 30, 690, 980, 4540, 690, 980, 690, 980, 980, 690, 5450, 980, 690, 120, 120, 120, 120, 120, 70, 70, 130, 70, 70, 70, 0, 740, 740, 1490, 0, 1490, 0, 1490, 0, 740, 1490, 0, 740, 740, 1490, 10, 80, 10, 1100, 10, 80, 80, 80, 1100, 80, 1100, 10, 1100, 1100, 10, 230, 230, 230, 230, 520, 520, 230, 520, 520, 520, 2940, 2170, 2940, 2940, 2940, 2940, 15830, 1360, 6760, 15830, 15830, 15830, 6760, 6760, 1360, 6760, 6760, 15830, 1360, 1360, 1360, 1040, 130, 130, 130, 230, 230, 130, 230, 230, 130, 230, 3200, 340, 500, 3200, 1340, 3200, 1340, 3200, 1340, 500, 30, 1340, 500, 3200, 1340, 500, 500, 2530, 3720, 3320, 200, 3320, 70, 70, 70, 3320, 3720, 3720, 3720, 70, 3320, 70, 3720, 3320, 2530, 1800, 1800, 1800, 1800, 1800, 1240, 440, 1240, 1240, 1240, 3230, 1240, 63710, 100, 3730, 490, 100, 100, 3730, 100, 3730, 100, 3730, 3730, 220, 610, 610, 610, 610, 610, 840, 10520, 130, 840, 840, 840, 840, 10520, 460, 460, 460, 460, 460, 40, 220, 40, 40, 40, 40, 1170, 1170, 1170, 1170, 1170, 130, 5650, 5650, 5650, 5650, 5650, 1240, 70, 1240, 1240, 1240, 1240, 840, 1359690, 20, 1359690, 1359690, 4680, 200, 1710, 1710, 1359690, 20, 1710, 20, 1710, 1359690, 20, 1710, 840, 20, 11410, 11410, 130, 11410, 130, 11410, 11410, 2770, 5340, 2770, 2770, 2770, 5340, 2770, 30, 1020, 1800, 1400, 80, 3320, 520, 1020, 1400, 1020, 520, 1400, 80, 80, 1400, 80, 30, 1020, 3320, 3320, 520, 30, 3320, 3320, 520, 80, 30, 520, 1400, 30, 1020, 130, 130, 1980, 130, 130, 130, 180, 180, 290, 290, 710, 180, 710, 290, 710, 180, 710, 180, 290, 290, 710, 270, 4270, 120, 4270, 4270, 120, 4270, 120, 4270, 120, 120, 920, 510, 500, 510, 920, 500, 500, 920, 510, 500, 920, 510, 920, 510, 500, 290, 11620, 290, 0, 0, 290, 290, 290, 11620, 11620, 11620, 0, 0, 11620, 0, 160, 160, 160, 160, 160, 50, 50, 50, 50, 50, 3830, 760, 2410, 2410, 1720, 2410, 2410, 2410, 3830, 580, 1330, 1330, 1330, 580, 1330, 3560, 580, 580, 1330, 580, 10, 10, 10, 10, 10, 0, 0, 0, 0, 0, 8200, 560, 560, 30, 880, 560, 30, 560, 30, 30, 560, 30, 950, 5420, 10, 2180, 20, 2180, 2180, 20, 20, 2180, 20, 20, 5420, 2180, 5970, 5970, 160, 5970, 5970, 5970, 300, 260, 70, 580, 0, 70, 260, 70, 580, 580, 260, 300, 300, 0, 260, 300, 70, 580, 260, 300, 70, 580, 0, 0, 0, 250, 1720, 1150, 160, 140, 3910, 140, 140, 3910, 140, 160, 160, 3910, 160, 3910, 160, 3910, 140, 40, 40, 100, 100, 40, 100, 100, 40, 40, 100, 2860, 210, 100, 240, 2860, 390, 240, 100, 2860, 100, 210, 390, 2860, 390, 240, 100, 240, 210, 2860, 390, 100, 390, 210, 240, 210, 2770, 530, 530, 530, 14110, 530, 530, 1120, 2720, 1120, 2720, 1120, 1120, 40, 40, 2720, 40, 2720, 40, 40, 2720, 1120, 8200, 51850, 0, 0, 8200, 10, 8200, 0, 8200, 0, 8200, 0, 0, 10, 33380, 12560, 8860, 160, 820, 820, 820, 10, 33380, 12560, 10, 33380, 12560, 8860, 160, 10, 820, 33380, 12560, 10, 820, 33380, 12560, 250, 30, 1280, 1030, 1280, 250, 1030, 1280, 1030, 250, 1280, 1030, 1280, 30, 250, 250, 1030, 140, 6450, 290, 10, 340, 240, 340, 10, 210, 10, 10, 240, 210, 340, 10, 210, 340, 210, 340, 210, 40, 700, 40, 3610, 3610, 40, 700, 40, 3610, 700, 3610, 3610, 700, 40, 700, 220, 3020, 220, 3020, 220, 3020, 220, 3020, 3020, 220, 13520, 510, 4810, 4810, 6020, 160, 510, 6020, 160, 510, 6020, 4810, 160, 4810, 6020, 510, 13520, 160, 510, 6020, 160, 4810, 4130, 1240, 0, 840, 4130, 4130, 4130, 1240, 4130, 0, 40, 0, 1240, 0, 1240, 40, 1240, 0, 40, 40, 240, 20, 240, 240, 20, 20, 20, 240, 20, 240, 3780, 150, 3780, 150, 3780, 3780, 150, 150, 3780, 150, 640, 1720, 1720, 1720, 1720, 1720, 4130, 540, 3740, 3740, 3740, 4130, 2850, 4130, 540, 40, 40, 40, 540, 3740, 2850, 4130, 540, 2850, 4130, 540, 40, 2850, 3740, 40, 2850, 2910, 710, 620, 620, 210, 2910, 620, 240, 2910, 210, 620, 160, 210, 240, 160, 210, 240, 210, 620, 240, 1150, 2910, 2910, 240, 10, 33160, 220, 33160, 20, 10, 20, 10, 3050, 20, 10, 20, 10, 20, 33160, 33160, 33160, 10, 10, 3580, 9440, 9440, 9440, 10, 10, 120, 10, 10, 10, 10, 9440, 9440, 10, 10, 20, 20, 20, 20, 20, 2460, 30, 30, 3470, 1690, 2110, 3470, 1690, 3470, 260, 1690, 260, 1690, 260, 3470, 260, 3470, 260, 1690, 20, 6900, 20, 590, 20, 6900, 20, 6900, 20, 590, 20, 20, 590, 590, 20, 6900, 20, 6900, 20, 590, 70, 1060, 1060, 1060, 1060, 1060, 410, 0, 410, 410, 410, 410, 1800, 20, 0, 15360, 15360, 20, 1800, 20, 1800, 0, 20, 20, 15360, 1800, 15360, 15360, 1800, 60, 21170, 6020, 60, 60, 60, 60, 160, 2220, 2220, 160, 2220, 160, 2220, 160, 160, 2220, 370, 340, 370, 370, 2800, 340, 2800, 370, 2800, 370, 2800, 2800, 340, 340, 340, 290, 280, 50, 50, 50, 50, 290, 290, 50, 290, 290, 130, 130, 130, 130, 130, 420, 220, 220, 2870, 2870, 2870, 220, 220, 2870, 220, 2870, 420, 130, 460, 460, 1000, 460, 460, 130, 1000, 130, 260, 1000, 260, 260, 260, 260, 460, 1000, 130, 130, 1000, 20, 3050, 750, 20, 750, 750, 750, 750, 3050, 20, 20, 3050, 20, 3050, 3050, 90, 0, 0, 90, 0, 0, 0, 260, 40, 10, 4360, 40, 4360, 40, 4360, 240, 4360, 40, 40, 4360, 1860, 160, 1860, 1860, 1860, 1860, 0, 0, 0, 0, 0, 1590, 3560, 1590, 3560, 9760, 3560, 1590, 9760, 9760, 9760, 3560, 9760, 3560, 1590, 1590, 60, 3020, 320, 0, 510, 320, 60, 60, 320, 320, 3020, 3020, 60, 320, 540, 3020, 3020, 0, 60, 0, 0, 0]"
2020-11-03 14:15:00+00:00,13285940,11,3895.0,"[0, 860, 860, 860, 860, 860, 0, 16360, 900, 16360, 16360, 900, 16360, 900, 16360, 900, 900, 3320, 1610, 4680, 4680, 2120, 4680, 3320, 2120, 1610, 150, 3320, 1610, 4680, 3320, 2120, 1610, 4680, 1610, 2120, 2120, 3320, 7430, 30, 130, 7430, 7430, 7430, 90, 30, 30, 130, 30, 7430, 30, 270, 7730, 260, 260, 130, 270, 7730, 260, 260, 270, 7730, 3560, 270, 7730, 270, 7730, 260, 200, 200, 200, 200, 200, 570, 570, 570, 20, 570, 570, 1180, 750, 500, 30, 30, 500, 30, 30, 500, 500, 500, 30, 3290, 100, 180, 20, 4050, 5930, 20, 100, 5930, 5930, 20, 5930, 20, 5930, 20, 420, 260, 170, 260, 170, 170, 260, 170, 420, 420, 260, 170, 420, 260, 420, 80, 20, 190, 1100, 20, 20, 20, 80, 190, 1100, 20, 80, 190, 1100, 80, 190, 1100, 80, 190, 1100, 3780, 4100, 3780, 4100, 4100, 3780, 4100, 3780, 4100, 3780, 0, 310, 0, 30, 310, 30, 310, 0, 30, 310, 30, 0, 310, 0, 30, 0, 390, 1100, 2530, 390, 390, 390, 390, 1100, 16340, 60, 20, 70, 0, 0, 0, 60, 60, 0, 16340, 60, 20, 0, 60, 710, 20, 210, 210, 20, 210, 210, 180, 710, 20, 180, 710, 180, 210, 20, 180, 20, 710, 180, 710, 260, 4410, 260, 260, 260, 260, 4410, 20, 320, 1030, 320, 320, 1030, 320, 1030, 20, 1030, 20, 20, 1030, 20, 320, 0, 0, 0, 0, 0, 290, 1960, 13060, 1520, 1960, 1520, 1520, 1520, 1960, 1520, 1960, 1960, 0, 280, 0, 420, 280, 420, 280, 280, 420, 420, 280, 420, 0, 0, 0, 1500, 2160, 20910, 2160, 2160, 20910, 30, 30, 30, 2160, 20910, 30, 30, 20910, 2160, 20910, 1530, 1530, 1530, 1530, 1530, 4920, 46360, 1300, 1300, 46360, 4920, 1300, 46360, 4920, 1300, 46360, 4920, 1300, 46360, 4920, 5180, 880, 150, 150, 150, 20, 5180, 20, 5180, 5180, 20, 150, 880, 880, 880, 5180, 150, 880, 20, 20, 370, 150, 50, 2530, 50, 50, 370, 370, 50, 50, 150, 370, 370, 90, 90, 660, 660, 90, 660, 660, 90, 660, 90, 470, 16760, 16760, 16760, 470, 16760, 16760, 160, 1340, 30, 30, 1340, 30, 1340, 30, 1340, 160, 30, 1340, 2460, 2170, 2460, 2460, 2460, 2460, 100, 480, 480, 100, 480, 480, 480, 4040, 100, 4040, 4040, 100, 4040, 4040, 100, 20, 0, 1220, 1170, 140, 1220, 4450, 4450, 140, 140, 0, 1630, 0, 1630, 1220, 4450, 4450, 20, 1220, 100, 1630, 20, 1220, 0, 1630, 140, 4450, 20, 1630, 20, 0, 140, 6990, 11630, 160, 2940, 2330, 2940, 160, 160, 2330, 150, 6990, 150, 150, 6990, 150, 6990, 2330, 150, 2940, 2330, 2940, 160, 2330, 2940, 160, 6990, 20, 2860, 20, 20, 0, 20, 20, 1610, 290, 20, 1510, 30, 220, 1510, 0, 220, 220, 220, 1510, 0, 20, 0, 290, 1510, 0, 1510, 0, 290, 290, 290, 220, 0, 3260, 12070, 0, 2020, 2020, 2020, 2020, 530, 0, 530, 3260, 2020, 0, 130, 530, 12070, 3260, 530, 0, 0, 3260, 3260, 530, 0, 0, 0, 0, 4500, 140, 140, 130, 130, 130, 140, 4500, 4500, 4500, 140, 130, 140, 130, 4500, 60, 30, 5460, 440, 5460, 5460, 60, 30, 60, 480, 60, 5460, 480, 30, 30, 480, 5460, 30, 480, 60, 480, 16760, 17370, 17370, 17370, 17370, 17370, 10, 1410, 10, 1670, 1670, 1670, 1670, 1670, 940, 230, 53910, 3260, 53910, 53910, 53910, 3260, 53910, 3260, 3260, 3260, 1410, 1410, 2530, 3420, 3420, 2530, 3420, 2530, 3420, 3420, 2530, 2530, 180, 980, 630, 30, 180, 630, 630, 30, 630, 180, 630, 5290, 180, 180, 6340, 31300, 31300, 1190, 410, 1190, 410, 1190, 31300, 1190, 410, 31300, 410, 1190, 31300, 410, 150, 110, 30, 1860, 20, 3340, 250, 250, 250, 250, 250, 1340, 0, 1340, 500, 1340, 1340, 1340, 2860, 170, 160, 1390, 170, 170, 2860, 200, 200, 1390, 1390, 160, 170, 3780, 170, 200, 2860, 200, 160, 2860, 200, 160, 1390, 2860, 160, 1390, 710, 2100, 710, 3620, 2100, 2100, 2100, 710, 710, 2100, 710, 10, 10, 10, 10, 10, 90, 1670, 430, 50, 50, 1670, 50, 50, 430, 1670, 50, 1670, 430, 1670, 430, 430, 1190, 440, 2860, 150, 2980, 440, 7790, 2980, 2980, 440, 2980, 440, 440, 7790, 2980, 35440, 1880, 100, 35440, 1880, 100, 100, 100, 1880, 1880, 1880, 100, 35440, 35440, 35440, 120, 120, 1700, 2330, 1700, 120, 120, 1700, 120, 2330, 120, 120, 1700, 120, 2330, 2330, 120, 2330, 1700, 120, 20, 1420, 20, 20, 950, 1720, 1720, 1720, 510, 20, 1420, 1420, 1720, 20, 1420, 1720, 1420, 250, 1560, 0, 61080, 27280, 450, 150, 0, 250, 330, 61080, 330, 250, 330, 330, 250, 330, 250, 27280, 440, 1070, 1720, 1370, 490, 2200, 440, 490, 1070, 1720, 1070, 590, 1720, 590, 440, 490, 590, 490, 1720, 1070, 480, 590, 590, 440, 490, 1720, 1070, 440, 0, 40, 730, 40, 110, 2240, 2240, 40, 10, 2240, 40, 730, 40, 110, 2240, 2240, 70, 7080, 270, 70, 270, 7080, 70, 70, 270, 70, 270, 270, 4810, 130, 540, 940, 250, 430, 250, 250, 250, 540, 540, 250, 250, 540, 540, 250, 250, 250, 250, 4390, 2310, 4390, 1650, 4390, 4390, 4390, 700, 2950, 80, 100, 80, 700, 700, 80, 700, 100, 2950, 80, 80, 700, 2220, 2220, 140, 2220, 200, 110, 380, 140, 380, 380, 2220, 380, 380, 110, 2220, 140, 140, 140, 500, 34720, 590, 34720, 1550, 590, 590, 500, 34720, 34720, 590, 500, 590, 500, 500, 34720, 1790, 4790, 1020, 4790, 1790, 4790, 4790, 4790, 1790, 1790, 1790, 5070, 3960, 10, 60, 10, 60, 3960, 60, 10, 3960, 60, 3960, 60, 60, 3960, 10, 60, 60, 60, 2240, 10, 60, 4690, 23570, 140, 23570, 23570, 23570, 23570, 100, 2560, 0, 3550, 3550, 3550, 340, 3550, 340, 340, 3550, 340, 340, 50, 10, 530, 10, 50, 530, 530, 10, 530, 10, 50, 530, 10, 50, 2270, 50, 970, 170, 14650, 970, 970, 970, 14650, 970, 540, 80, 90, 80, 160, 540, 80, 80, 540, 540, 160, 160, 160, 540, 160, 80, 4670, 110, 380, 110, 4670, 380, 4670, 380, 110, 4670, 380, 4670, 110, 380, 110, 2730, 40, 40, 550, 10200, 10200, 260, 260, 40, 10200, 550, 260, 260, 40, 260, 40, 10200, 550, 10200, 550, 550, 40, 710, 480, 480, 480, 1020, 710, 710, 710, 710, 480, 1020, 1020, 1020, 480, 1020, 650, 200, 1100, 1100, 1100, 200, 200, 200, 1100, 200, 1100, 50, 0, 2010, 50, 50, 50, 1530, 50, 20, 20, 20, 20, 20, 670, 340, 260, 210, 260, 260, 340, 260, 260, 80, 10200, 2240, 2270, 2240, 2270, 350, 80, 110, 2270, 350, 2270, 2240, 110, 10200, 80, 10200, 2240, 80, 10200, 350, 110, 10200, 350, 80, 2240, 350, 110, 110, 2270, 300, 10, 380, 300, 120, 300, 120, 380, 380, 380, 300, 120, 300, 3120, 300, 300, 380, 300, 300, 120, 300, 7900, 120, 210, 300, 3950, 20, 40, 20, 20, 0, 210, 40, 5040, 0, 40, 5040, 40, 5040, 0, 210, 190, 2560, 300, 3950, 210, 0, 3950, 40, 5040, 0, 210, 20, 300, 3950, 5040, 20, 3950, 10, 10, 10, 10, 10, 180, 30, 30, 30, 2060, 30, 30, 40, 5500, 20, 20, 20, 230, 5500, 230, 5500, 20, 5500, 20, 230, 230, 5500, 40, 230, 1590, 1590, 1670, 1070, 280, 180, 370, 210, 180, 20, 20, 210, 210, 210, 210, 20, 1070, 180, 20, 20, 180, 180, 1020, 50, 50, 50, 50, 50, 50, 1020, 1020, 50, 1020, 1020, 230, 2930, 930, 930, 930, 930, 930, 230, 440, 440, 440, 440, 440, 210, 100, 210, 240, 30, 240, 240, 30, 240, 210, 30, 100, 210, 210, 30, 240, 210, 30, 210, 430, 18010, 480, 20, 2150, 18010, 430, 18010, 190, 430, 190, 70, 430, 18010, 430, 70, 190, 70, 18010, 70, 190, 70, 190, 3060, 80, 80, 80, 80, 80, 250, 1020, 250, 1020, 250, 250, 250, 1020, 250, 250, 1020, 250, 250, 1020, 250, 120, 120, 120, 120, 120, 18010, 152030, 760, 20, 50, 18010, 20, 50, 18010, 760, 20, 50, 760, 152030, 152030, 18010, 760, 18010, 760, 152030, 20, 50, 152030, 50, 20, 2630, 16550, 3290, 5400, 5400, 3290, 3290, 5400, 5400, 3290, 3290, 5400, 3210, 3210, 3550, 3210, 3550, 30, 3210, 3210, 3550, 3550, 3550, 260, 1700, 190, 190, 190, 190, 190, 610, 20, 40, 210, 610, 10, 11590, 10, 10, 20, 610, 20, 10, 20, 610, 10, 20, 610, 2880, 120, 1020, 120, 120, 1070, 120, 1070, 2880, 1020, 2880, 1020, 1020, 120, 2880, 1070, 2880, 1070, 1020, 1070, 2290, 2290, 2290, 2290, 2290, 20, 4700, 90, 90, 450, 450, 4700, 20, 30, 30, 90, 30, 20, 4700, 3060, 450, 450, 90, 450, 20, 4700, 90, 30, 30, 690, 4700, 20, 9630, 1540, 130, 3140, 430, 430, 3140, 430, 1540, 430, 1540, 3140, 1540, 210, 3140, 1540, 3140, 430, 10, 230, 10, 199380, 10, 199380, 10, 199380, 10, 10, 199380, 199380, 10, 20, 270, 90, 300, 4110, 70, 4110, 70, 90, 60, 4110, 60, 300, 300, 60, 70, 90, 4110, 90, 60, 70, 300, 20, 4110, 90, 70, 300, 60, 1180, 1180, 1180, 1180, 1180, 240, 20, 1280, 1410, 370, 20, 20, 90, 240, 1410, 90, 240, 20, 20, 90, 240, 1410, 1410, 240, 1410, 90, 90, 530, 70, 530, 530, 2060, 70, 2060, 70, 530, 70, 140, 70, 530, 5990, 2270, 9300, 3060, 30, 30, 30, 3060, 30, 30, 730, 400, 8270, 400, 400, 400, 400, 2990, 2990, 690, 690, 690, 2990, 690, 690, 2990, 2990, 20, 3060, 3060, 3060, 20, 20, 20, 3060, 3060, 20, 3160, 3670, 3370, 3670, 3670, 3160, 3670, 710, 3670, 1160, 5070, 980, 460, 460, 460, 980, 980, 5070, 980, 1160, 5070, 5070, 980, 5070, 460, 460, 40, 40, 720, 280, 280, 70, 280, 70, 70, 280, 70, 280, 70, 10, 10, 30, 360, 360, 30, 360, 30, 360, 30, 360, 30, 760, 8830, 760, 760, 840, 760, 550, 840, 1580, 550, 840, 1580, 8830, 840, 8830, 1580, 550, 840, 180, 550, 8830, 1580, 8830, 1580, 550, 760, 30, 480, 30, 30, 30, 250, 30, 160, 20, 210, 4130, 160, 20, 16550, 20, 4130, 4130, 20, 16550, 16550, 4130, 4130, 20, 16550, 160, 160, 160, 16550, 3060, 490, 22160, 190, 190, 22160, 3060, 22160, 22160, 3060, 22160, 3060, 190, 190, 3060, 190, 1730, 650, 5120, 5120, 5120, 5120, 5120, 10, 10, 10, 10, 10, 540, 250, 250, 540, 540, 250, 250, 250, 540, 540, 110, 650, 650, 650, 650, 650, 600, 140, 320, 5460, 600, 600, 600, 600, 140, 180, 340, 250, 50, 250, 250, 340, 180, 50, 250, 250, 180, 50, 340, 180, 50, 340, 340, 50, 180, 3290, 3290, 240, 20, 20, 20, 3290, 3290, 3290, 3290, 20, 20, 10, 70, 12370, 12370, 12370, 12370, 12370, 190, 190, 140, 190, 190, 190, 1680, 8220, 8220, 8220, 8220, 8220, 250, 440, 1140, 2900, 20, 20, 440, 250, 20, 440, 250, 20, 440, 1140, 250, 1140, 250, 1140, 20, 440, 1140, 420, 2120, 420, 2120, 2120, 420, 2120, 420, 2120, 420, 6670, 9040, 2400, 1930, 1930, 1930, 60, 60, 6670, 9040, 6670, 9040, 1930, 60, 6670, 9040, 1930, 60, 6670, 9040, 60, 2160, 100, 1620, 3590, 4110, 100, 1620, 100, 100, 100, 1620, 2160, 1620, 1620, 14980, 550, 630, 130, 630, 130, 630, 550, 130, 130, 630, 130, 630, 720, 320, 48480, 720, 320, 720, 320, 720, 320, 720, 320, 3180, 290, 70, 3180, 3450, 60, 3450, 3450, 60, 60, 3450, 60, 3450, 60, 2090, 290, 1510, 2090, 290, 2090, 2090, 1510, 290, 1510, 290, 2090, 1510, 290, 1510, 31260, 1300, 1170, 420, 420, 1170, 31260, 1170, 31260, 420, 1300, 1300, 420, 1300, 1170, 31260, 1300, 31260, 1170, 420, 2360, 510, 128280, 330, 2360, 130, 160, 170, 360, 30, 160, 160, 2360, 170, 160, 2360, 170, 160, 2360, 170, 170, 3510, 3510, 10, 660, 480, 440, 3510, 440, 660, 440, 10, 480, 10, 660, 480, 3510, 440, 660, 480, 10, 10, 3510, 440, 660, 480, 30, 30, 30, 30, 30, 30, 30, 30, 30, 30, 280, 11520, 5930, 30, 30, 2420, 11520, 30, 30, 11520, 11520, 30, 11520, 280, 1480, 2360, 280, 2360, 280, 280, 280, 2360, 2360, 2360, 260, 10, 20, 4250, 5200, 30, 10, 70, 10, 10, 4250, 10, 20, 20, 5200, 4250, 20, 5200, 4250, 30, 4250, 5200, 20, 5200, 280, 1790, 2010, 2010, 2010, 280, 1590, 10, 40, 2010, 280, 1590, 280, 2010, 280, 3940, 80, 3600, 3780, 60, 20, 380, 20, 840, 3600, 3600, 20, 240, 620, 20, 60, 3600, 20, 20, 620, 60, 620, 60, 620, 3780, 60, 620, 3600, 1510, 1510, 1510, 1510, 1510, 2730, 120, 120, 120, 120, 120, 220, 2580, 2580, 2580, 880, 3230, 880, 880, 2580, 880, 2580, 880, 290, 1230, 560, 3390, 130, 3390, 130, 130, 3390, 560, 3390, 560, 130, 3390, 560, 290, 130, 560, 210, 60, 720, 650, 60, 650, 60, 210, 650, 210, 60, 210, 60, 650, 210, 650, 200, 2500, 2500, 2500, 2860, 2500, 2860, 2500, 2860, 2860, 2860, 120, 60, 10150, 2570, 150, 1440, 70, 120, 120, 2570, 60, 10150, 120, 10150, 60, 2570, 10150, 60, 2570, 120, 60, 10150, 2570, 70, 30, 30, 3040, 4880, 30, 4880, 30, 4880, 30, 30, 4880, 30, 4880, 270, 880, 910, 910, 910, 910, 910, 1860, 10, 10, 1860, 10, 110, 110, 1860, 1860, 10, 110, 110, 10, 1860, 10, 110, 660, 2890, 2890, 2010, 2890, 2890, 2890, 3290, 1710, 10, 1710, 3290, 60, 1710, 1710, 3290, 1710, 3290, 3290, 3560, 3560, 840, 3560, 1160, 3560, 1070, 3560, 2670, 1200, 2010, 1600, 1600, 1830, 1830, 1830, 2670, 1600, 1830, 2670, 1600, 1830, 2670, 1200, 2670, 1600, 3050, 20, 20, 910, 910, 910, 150, 910, 150, 3050, 150, 3050, 910, 150, 3050, 150, 3050, 30, 1110, 90, 580, 1430, 1580, 2070, 1580, 1490, 1580, 90, 1490, 1110, 90, 580, 90, 1490, 580, 1580, 90, 1490, 1110, 1580, 2070, 1490, 1110, 1110, 30, 580, 580, 400, 400, 400, 400, 400, 480, 90, 780, 10, 10, 780, 10, 90, 10, 90, 780, 10, 90, 780, 90, 270, 780, 3790, 1900, 30, 30, 30, 30, 1900, 30, 12080, 28520, 0, 790, 170, 790, 12080, 12080, 12080, 790, 170, 790, 28520, 80, 170, 170, 80, 80, 80, 170, 790, 80, 12080, 3720, 3720, 43890, 3720, 240, 3720, 240, 240, 3720, 240, 240, 8660, 250, 30, 7130, 30, 30, 8660, 30, 8660, 30, 250, 8660, 8660, 470, 60, 310, 60, 260, 310, 60, 310, 470, 60, 470, 310, 60, 260, 470, 470, 310, 150, 80, 300, 3820, 300, 150, 80, 300, 80, 150, 300, 150, 80, 300, 150, 80, 290, 270, 290, 270, 270, 290, 720, 720, 290, 270, 270, 720, 720, 290, 720, 490, 550, 0, 0, 40, 10, 10, 490, 40, 40, 10, 0, 0, 10, 40, 0, 490, 10, 40, 170, 490, 490, 20, 20, 240, 3300, 20, 0, 170, 20, 240, 240, 3300, 3300, 3070, 240, 3300, 20, 240, 3300, 20, 20, 170, 420, 1870, 330, 350, 3080, 1870, 1870, 3080, 1870, 3080, 330, 3050, 330, 350, 330, 3080, 350, 3080, 1870, 350, 330, 350, 180, 5790, 230, 3300, 80, 3720, 1830, 1830, 1830, 1830, 80, 230, 230, 3300, 1830, 80, 230, 3300, 230, 3300, 80, 3300, 80, 70, 70, 70, 250, 70, 250, 70, 250, 250, 250, 5120, 30830, 29850, 500, 29850, 29850, 29850, 29850, 500, 1560, 2420, 50, 150, 150, 430, 150, 150, 150, 4720, 4720, 5480, 4720, 4720, 4720, 170, 340, 550, 270, 90, 90, 270, 340, 170, 170, 90, 340, 170, 90, 340, 170, 270, 90, 270, 340, 270, 60, 90, 90, 150, 650, 60, 150, 90, 150, 90, 60, 150, 90, 60, 150, 60, 2410, 10, 6230, 2410, 480, 10, 10, 10, 480, 480, 2410, 2410, 480, 10, 2410, 480, 10, 110, 160, 1880, 1880, 8490, 1880, 1880, 8490, 160, 160, 110, 8490, 160, 8490, 1880, 160, 8490, 10, 10, 7860, 50, 10, 10, 10, 1480, 120, 2860, 2860, 1480, 120, 120, 10, 120, 120, 120, 1480, 570, 1480, 120, 120, 2860, 1480, 120, 120, 2660, 520, 520, 2660, 3760, 2660, 520, 130, 130, 30250, 0, 130, 2660, 520, 130, 2660, 130, 520, 8340, 17170, 790, 30, 8340, 8340, 3790, 10, 3790, 3790, 17170, 790, 8340, 30, 8340, 2310, 790, 17170, 30, 17170, 30, 3790, 17170, 3790, 30, 790, 720, 30, 30, 220, 30, 220, 30, 220, 220, 220, 30, 30, 2620, 2620, 2620, 2620, 2620, 1610, 150, 1720, 150, 2200, 1720, 1720, 1720, 150, 1720, 150, 150, 40, 3790, 2120, 170, 260, 40, 170, 260, 40, 3790, 3790, 40, 170, 170, 260, 40, 260, 170, 260, 2120, 3790, 3790, 280, 4060, 280, 60, 280, 60, 60, 60, 280, 60, 280, 60, 50, 10, 50, 540, 90, 50, 90, 60, 60, 90, 10, 10, 60, 540, 10, 90, 10, 50, 540, 90, 50, 540, 540, 60, 3100, 3100, 260, 870, 3410, 3100, 3410, 3100, 870, 260, 3410, 870, 260, 3410, 870, 260, 3410, 3100, 870, 260, 680, 340, 30, 30, 680, 680, 30, 30, 680, 40, 40, 680, 30, 11540, 940, 1670, 470, 650, 11540, 11540, 11540, 11540, 1670, 320, 2040, 2040, 320, 2040, 2040, 2040, 320, 320, 320, 110, 10, 3790, 0, 2720, 7630, 130, 130, 0, 2720, 0, 210, 2720, 210, 210, 2720, 0, 130, 10, 210, 2720, 0, 130, 210, 130, 980, 360, 8560, 720, 1890, 1700, 10180, 2850, 1700, 130, 980, 130, 130, 1890, 1700, 1700, 980, 1700, 130, 980, 130, 980, 360, 1890, 360, 360, 1890, 360, 1890, 690, 0, 110, 950, 950, 110, 0, 110, 0, 0, 950, 950, 0, 950, 110, 110, 11080, 80, 6500, 530, 670, 6500, 670, 80, 670, 6500, 11080, 80, 80, 80, 6500, 670, 11080, 11080, 11080, 6500, 670, 600, 570, 290, 3380, 380, 30, 8660, 8660, 600, 600, 570, 600, 1150, 600, 570, 8660, 570, 570, 8660, 8660, 1020, 220, 1020, 1290, 220, 1020, 220, 1020, 1290, 220, 1290, 1020, 1290, 1290, 220, 0, 0, 2220, 0, 0, 0, 260, 140, 140, 290, 290, 420, 290, 290, 140, 290, 140, 140, 10040, 40, 1670, 1670, 4140, 1670, 40, 4140, 1670, 4140, 1670, 4140, 4140, 230, 50, 50, 50, 50, 2160, 50, 230, 4010, 1760, 470, 470, 470, 20, 470, 1760, 20, 100, 100, 1760, 100, 470, 100, 1760, 100, 1760, 20, 3720, 100, 20, 100, 100, 0, 20, 20, 100, 20, 2670, 2670, 2670, 2670, 100, 2670, 3720, 260, 3610, 260, 260, 260, 3610, 260, 470, 30, 0, 20, 190, 100, 150, 30, 30, 30, 150, 150, 190, 100, 190, 190, 100, 30, 150, 190, 100, 100, 20, 150, 300, 240, 240, 60, 1210, 240, 1210, 240, 1210, 300, 300, 300, 60, 1210, 240, 300, 1210, 470, 3510, 120, 90, 470, 0, 20360, 120, 470, 20360, 470, 20360, 470, 3510, 90, 120, 20360, 0, 90, 0, 120, 3510, 90, 0, 120, 3510, 90, 20360, 0, 3510, 960, 60, 900, 960, 960, 960, 960, 1290, 1660, 20, 1290, 1290, 1660, 1660, 180, 1290, 180, 1660, 1290, 1660, 320, 10, 2250, 20, 1910, 2250, 20, 2250, 1910, 2250, 2250, 1910, 20, 10, 1910, 20, 10, 10, 20, 10, 1910, 20, 20, 760, 20, 20, 760, 20, 760, 760, 760, 0, 1490, 1490, 1490, 1490, 1490, 0, 10, 580, 380, 380, 580, 10, 380, 10, 10, 380, 580, 580, 380, 580, 10, 10920, 1180, 250, 240, 10920, 10920, 170, 170, 10920, 170, 170, 170, 10920, 1180, 210, 310, 20, 490, 4600, 320, 20, 310, 490, 320, 490, 320, 490, 320, 490, 320, 4600, 4740, 4740, 40, 40, 4740, 40, 4740, 40, 4740, 40, 280, 630, 2300, 2050, 20, 60, 60, 280, 10100, 10100, 630, 10100, 20, 2050, 60, 630, 20, 2050, 60, 630, 280, 20, 2050, 630, 10100, 2300, 280, 20, 2050, 60, 280, 10100, 5470, 70, 120, 2360, 70, 5470, 120, 70, 120, 5470, 5470, 70, 70, 120, 120, 5470, 5040, 450, 50, 3040, 1370, 11270, 5040, 450, 450, 1370, 1370, 5040, 30, 3040, 5040, 450, 3040, 3040, 1370, 50, 450, 5040, 1370, 3040, 120, 2050, 120, 53980, 2510, 120, 53980, 2050, 120, 53980, 53980, 120, 53980, 450, 950, 1740, 4430, 3440, 3440, 3440, 3440, 450, 450, 70, 2160, 450, 950, 950, 3440, 450, 950, 950, 1580, 540, 1580, 1580, 540, 1580, 1580, 540, 540, 540, 13250, 150, 150, 150, 13250, 150, 13250, 13250, 150, 13250, 160, 40, 1860, 40, 40, 40, 40, 510, 510, 510, 1210, 1210, 8420, 3340, 1700, 1210, 1210, 510, 510, 1210, 90, 3340, 3340, 3340, 3340, 10100, 10160, 50, 50, 10160, 10160, 6520, 6520, 50, 6520, 6520, 50, 10160, 10160, 6520, 50, 1530, 10, 1770, 1770, 1770, 10, 1770, 10, 1530, 10, 1770, 1530, 10, 1530, 1530, 40, 100, 10, 240, 30, 10, 30, 10, 30, 30, 100, 50, 30, 10, 10, 510, 450, 510, 450, 450, 510, 510, 450, 510, 450, 80, 8420, 730, 34950, 1040, 1340, 80, 34950, 34950, 730, 10, 10, 80, 730, 10, 80, 730, 80, 34950, 10, 730, 10, 34950, 1190, 150, 530, 150, 0, 0, 40, 1060, 530, 150, 1060, 0, 40, 1060, 40, 150, 530, 1060, 1190, 530, 40, 530, 0, 1060, 40, 0, 150, 220, 100, 100, 100, 100, 100, 13250, 8540, 0, 490, 680, 8540, 180, 0, 180, 8540, 0, 180, 8540, 0, 180, 8540, 180, 490, 0, 2020, 2740, 1750, 1750, 140, 1750, 1750, 1750, 0, 0, 0, 0, 0, 22880, 1260, 330, 90, 330, 330, 22880, 330, 22880, 330, 22880, 22880, 120, 110, 20, 110, 110, 110, 110, 20, 20, 20, 20, 1600, 30, 3420, 1600, 30, 3420, 30, 1600, 3420, 30, 1600, 30, 1600, 3420, 30, 3420, 70, 650, 8540, 650, 650, 650, 650, 50, 690, 2160, 4680, 1270, 100, 450, 100, 690, 100, 300, 100, 690, 300, 300, 690, 2160, 2160, 100, 690, 300, 2160, 50, 300, 2160, 60, 20, 1090, 60, 60, 60, 1090, 20, 20, 1090, 20, 60, 1090, 20, 1090, 2030, 220, 2120, 1020, 220, 160, 160, 160, 160, 160, 6840, 22090, 4010, 22090, 22090, 22090, 6840, 22090, 30, 1670, 550, 60, 30, 60, 30, 820, 60, 30, 60, 30, 250, 60, 3920, 150, 1210, 1210, 1210, 140, 1210, 3920, 150, 14410, 150, 150, 150, 1210, 40, 10100, 6500, 6500, 40, 140, 10100, 10100, 140, 6500, 140, 10100, 140, 10100, 6500, 140, 6500, 2500, 7320, 570, 24590, 0, 650, 1050, 650, 1050, 1050, 24590, 24590, 0, 1050, 24590, 0, 650, 1050, 24590, 0, 0, 650, 650, 60, 2880, 1030, 400, 340, 30, 130, 30, 30, 1030, 130, 340, 1030, 130, 30, 30, 1030, 130, 340, 9760, 340, 1030, 340, 130, 600, 1750, 780, 410, 640, 410, 410, 780, 410, 780, 410, 780, 430, 780, 1590, 40, 4680, 5040, 230, 40, 1630, 1590, 40, 1590, 1630, 1320, 1630, 1590, 40, 1630, 40, 4680, 1590, 1630, 20, 5100, 20, 20, 1090, 1090, 1090, 5100, 20, 1090, 1090, 20, 5100, 5100, 5100, 70, 2080, 120, 2000, 270, 20, 2080, 70, 2080, 270, 3290, 2000, 120, 3290, 2080, 2000, 120, 3290, 2080, 20, 2000, 70, 3290, 120, 70, 2000, 270, 120, 3290, 270, 70, 270, 1380, 1380, 170, 4830, 1380, 1380, 4830, 1380, 170, 4830, 170, 4830, 4830, 170, 170, 0, 2930, 7830, 0, 7830, 0, 0, 7830, 0, 7830, 7830, 14730, 570, 4220, 14730, 11630, 14730, 4220, 4220, 14730, 4220, 14730, 4220, 320, 270, 300, 550, 300, 2660, 320, 300, 270, 320, 300, 320, 320, 300, 220, 730, 4670, 250, 4670, 2710, 820, 1720, 250, 4670, 2710, 250, 820, 1720, 250, 4670, 4670, 250, 300, 40, 40, 40, 220, 220, 40, 220, 220, 40, 220, 60, 60, 60, 60, 60, 3880, 3880, 90, 40, 1530, 20, 1870, 20, 40, 1870, 2000, 1530, 90, 40, 90, 1530, 1870, 1870, 40, 90, 1530, 90, 40, 1870, 1530]"
2020-11-03 14:20:00+00:00,12951980,22,3989.0,"[160, 17050, 3960, 4000, 17050, 2430, 160, 17050, 17050, 17050, 160, 160, 160, 2430, 0, 300, 10, 0, 2140, 120, 1080, 190, 40, 1140, 190, 190, 190, 190, 20, 90, 230, 90, 80, 90, 7370, 80, 20, 80, 20, 90, 80, 20, 20, 90, 80, 20, 20, 20, 20, 20, 110, 30, 4500, 4500, 110, 30, 4500, 110, 30, 110, 4500, 110, 30, 4500, 30, 1310, 80, 80, 1310, 530, 5160, 80, 1310, 80, 80, 1310, 1310, 5160, 800, 780, 800, 990, 130, 270, 130, 990, 990, 130, 130, 990, 130, 990, 540, 9020, 9020, 9020, 540, 9020, 9020, 180, 8670, 900, 900, 900, 900, 900, 0, 7620, 4000, 4010, 4010, 4010, 0, 4010, 0, 0, 0, 4010, 440, 1310, 50, 440, 50, 1840, 1840, 50, 11010, 1310, 980, 440, 1310, 980, 11010, 1840, 50, 1310, 980, 11010, 1840, 50, 440, 1310, 980, 980, 200, 11010, 1840, 50, 440, 11010, 240, 500, 610, 610, 240, 530, 500, 530, 530, 240, 240, 500, 610, 500, 240, 610, 530, 500, 610, 530, 1080, 4600, 20, 1080, 920, 20, 1080, 20, 1080, 20, 1080, 20, 3090, 53980, 3170, 53980, 60, 3090, 13130, 53980, 3170, 3170, 3170, 53980, 13130, 3170, 53980, 3090, 13130, 13130, 3090, 3090, 13130, 60, 4000, 650, 4000, 60, 60, 4000, 60, 4000, 60, 4000, 150, 5160, 5160, 130, 150, 1780, 2780, 150, 150, 130, 130, 150, 5160, 1780, 5160, 1780, 130, 5160, 1780, 130, 1780, 90, 11010, 360, 1650, 40, 280, 40, 360, 40, 90, 40, 310, 0, 2650, 310, 2650, 310, 50, 50, 2650, 310, 2650, 310, 50, 50, 50, 2650, 1310, 10, 600, 34940, 14400, 34940, 10, 34940, 10, 14400, 600, 10, 34940, 14400, 34940, 10, 600, 14400, 600, 14400, 600, 510, 120, 670, 30, 30, 510, 510, 670, 30, 510, 670, 670, 510, 30, 670, 30, 0, 150, 1510, 150, 150, 5100, 1510, 5100, 1510, 150, 150, 0, 1510, 5100, 230, 5100, 5100, 1510, 0, 0, 0, 2690, 40, 40, 10, 40, 40, 2690, 2690, 10, 40, 2690, 2690, 470, 60, 60, 60, 60, 70, 70, 60, 70, 70, 70, 450, 2750, 470, 470, 420, 420, 2760, 2760, 230, 2760, 420, 420, 230, 2760, 230, 420, 230, 230, 2160, 130, 130, 130, 2160, 130, 2160, 2160, 2160, 130, 50, 14460, 2830, 250, 250, 50, 50, 250, 13400, 1820, 50, 250, 2830, 14460, 250, 50, 3010, 330, 470, 1820, 4120, 3010, 470, 3010, 470, 470, 3010, 470, 3010, 100, 4170, 620, 1390, 100, 100, 620, 100, 620, 620, 620, 100, 3730, 2290, 460, 460, 3730, 3730, 460, 3730, 460, 3730, 460, 180, 180, 180, 180, 180, 90, 1480, 0, 90, 20, 0, 20, 3430, 90, 90, 0, 3430, 3430, 3430, 0, 90, 20, 3430, 0, 20, 20, 900, 170, 140, 8490, 900, 170, 140, 170, 140, 900, 170, 8490, 140, 170, 8490, 140, 8490, 900, 900, 8490, 2280, 2280, 2280, 10, 2280, 2280, 1610, 10, 3040, 840, 430, 1610, 10, 1610, 840, 1610, 10, 840, 10, 840, 10, 840, 1610, 610, 2980, 730, 520, 520, 610, 730, 520, 730, 730, 520, 730, 520, 1970, 0, 242330, 550, 480, 1970, 720, 30, 50, 800, 5310, 50, 5310, 800, 1970, 720, 50, 50, 5310, 720, 550, 800, 50, 5310, 720, 0, 242330, 550, 800, 1970, 720, 550, 5310, 800, 550, 1970, 710, 830, 830, 4110, 830, 830, 710, 830, 3430, 40, 40, 490, 40, 490, 40, 490, 40, 490, 490, 20, 120, 120, 8490, 20, 8490, 20, 120, 20, 8490, 8490, 120, 20, 8490, 120, 630, 480, 480, 40, 40, 630, 480, 40, 630, 480, 40, 40, 630, 480, 630, 13130, 2090, 1180, 810, 670, 120, 740, 1180, 2090, 2090, 2090, 2090, 2240, 10, 10, 10, 2240, 10, 10, 2240, 2240, 2240, 3290, 2290, 670, 1020, 13130, 2290, 13130, 2290, 13130, 2290, 3290, 13130, 2290, 13130, 260, 10, 450, 430, 10, 260, 430, 450, 430, 10, 450, 450, 430, 10, 450, 260, 430, 260, 10, 260, 150, 120, 310, 150, 150, 150, 1900, 310, 1900, 1900, 310, 150, 1900, 310, 310, 1900, 3880, 3880, 3880, 3880, 3880, 14980, 2930, 1850, 80, 2930, 80, 1850, 2930, 80, 80, 1850, 2930, 1850, 80, 2930, 1850, 80, 4480, 30, 1330, 30, 80, 80, 80, 80, 3000, 210, 11150, 3000, 3000, 210, 11150, 11150, 11150, 3000, 3000, 11150, 290, 890, 890, 100, 100, 890, 290, 890, 290, 290, 890, 100, 100, 100, 290, 450, 2920, 450, 450, 2920, 450, 2920, 2920, 450, 2920, 150, 150, 430, 5220, 470, 50, 5220, 50, 50, 50, 430, 5220, 430, 150, 430, 150, 5220, 430, 150, 5220, 50, 20, 810, 2280, 2210, 760, 1040, 1040, 810, 810, 2280, 1040, 810, 810, 2210, 2280, 20, 1040, 2210, 2280, 1040, 2210, 2210, 2280, 270, 4000, 30, 30, 270, 30, 270, 630, 270, 4000, 270, 30, 30, 4000, 4000, 4000, 980, 2770, 2040, 2040, 980, 2770, 2770, 980, 2040, 2770, 2040, 2770, 2040, 980, 980, 40, 3090, 3650, 390, 390, 3650, 40, 390, 40, 390, 3650, 40, 390, 3650, 40, 3650, 100, 710, 440, 620, 4000, 240, 240, 240, 240, 440, 100, 240, 1340, 13130, 140, 1880, 20, 10, 20, 20, 1880, 13130, 1880, 10, 13130, 10, 1880, 20, 13130, 10, 1880, 20, 10, 13130, 450, 140, 2490, 3820, 1390, 840, 1390, 1390, 1390, 1390, 820, 20, 1650, 1650, 1650, 20, 20, 1650, 20, 1650, 20, 1020, 61080, 2730, 6030, 15080, 6030, 15080, 1020, 6030, 6030, 15080, 61080, 1020, 6030, 15080, 1020, 15080, 1020, 650, 900, 2480, 2480, 4240, 2480, 2480, 2480, 4320, 4320, 4240, 650, 4320, 4240, 4320, 4320, 4240, 4240, 210, 470, 210, 600, 210, 600, 470, 470, 600, 470, 470, 210, 600, 210, 600, 1190, 50, 50, 50, 50, 810, 810, 50, 810, 1190, 810, 810, 1670, 60, 1670, 1670, 5100, 60, 5100, 60, 60, 1670, 60, 5100, 1670, 5100, 5100, 50, 1060, 50, 870, 870, 870, 540, 870, 540, 870, 540, 50, 540, 540, 50, 50, 2980, 6470, 2210, 210, 210, 0, 2210, 210, 4310, 4310, 210, 2210, 210, 6470, 4310, 0, 6470, 4310, 6470, 2210, 6470, 4310, 2210, 370, 190, 370, 370, 370, 0, 370, 70, 14340, 40, 40, 40, 40, 70, 40, 1130, 120, 1750, 120, 1750, 120, 1750, 120, 120, 1750, 1750, 1900, 740, 1900, 1900, 1900, 1900, 2510, 140, 2510, 4540, 1860, 4540, 4540, 4540, 4540, 1860, 680, 180, 1580, 6630, 5200, 1580, 10, 10, 10, 10, 10, 1050, 8960, 31400, 1050, 480, 0, 480, 0, 480, 31400, 480, 0, 1050, 31400, 31400, 0, 0, 31400, 0, 8960, 0, 480, 1050, 1050, 1740, 4340, 4340, 4340, 4340, 4340, 1740, 980, 60, 50, 1290, 1330, 340, 6760, 340, 1330, 1330, 1330, 340, 340, 340, 1330, 80, 5450, 2640, 20, 20, 80, 20, 20, 20, 2640, 80, 5450, 80, 80, 110, 910, 910, 110, 910, 110, 910, 910, 110, 110, 640, 20, 640, 640, 640, 20, 10, 440, 20, 440, 20, 10, 640, 10, 440, 640, 640, 440, 10, 440, 20, 10, 220, 220, 220, 220, 220, 15080, 2000, 2000, 2000, 0, 0, 2000, 2000, 0, 0, 0, 50, 570, 150, 50, 570, 150, 50, 570, 50, 570, 150, 50, 150, 150, 570, 10, 380, 1610, 380, 380, 10, 1610, 10, 1610, 380, 10, 1610, 10, 1610, 380, 1000, 3400, 3400, 1000, 1000, 3400, 1000, 3400, 1000, 3400, 360, 110, 310, 310, 800, 360, 550, 110, 2570, 310, 2570, 310, 360, 860, 800, 360, 550, 2570, 2570, 110, 860, 800, 110, 110, 360, 860, 800, 860, 800, 550, 860, 2570, 550, 550, 310, 170, 170, 2270, 230, 1310, 10, 2270, 10, 10, 230, 10, 2270, 230, 10, 2270, 230, 2270, 230, 120, 950, 50, 50, 230, 120, 50, 120, 50, 120, 950, 50, 120, 7130, 60, 20, 50, 620, 50, 7130, 50, 50, 4110, 7130, 20, 60, 20, 4110, 60, 20, 50, 60, 60, 7130, 20, 4110, 4110, 7130, 4110, 7130, 14340, 198820, 14340, 7130, 198820, 198820, 14340, 14340, 7130, 14340, 7130, 7130, 198820, 198820, 2600, 10, 2010, 10, 2010, 2010, 2010, 10, 10, 110, 10, 2010, 2120, 61080, 500, 61080, 5380, 5790, 5380, 5380, 5380, 5380, 1700, 680, 1700, 1700, 1700, 1700, 680, 3300, 3300, 680, 680, 680, 40, 3300, 40, 3300, 680, 3300, 360, 5180, 450, 610, 450, 450, 450, 5180, 450, 610, 410, 50, 2100, 430, 2000, 2000, 2000, 2870, 410, 2000, 3110, 2870, 410, 3110, 2870, 410, 2000, 3110, 2870, 3110, 410, 2870, 3110, 30, 50, 30, 30, 50, 50, 30, 50, 50, 30, 4640, 8710, 90, 8710, 8710, 20, 20, 8710, 4640, 90, 90, 4640, 20, 20, 8710, 90, 4640, 20, 4640, 90, 100, 100, 100, 100, 100, 0, 0, 0, 0, 80, 160, 140, 160, 80, 160, 80, 0, 160, 80, 80, 160, 0, 0, 0, 0, 0, 30, 1600, 5680, 290, 270, 1140, 270, 290, 1840, 30, 270, 290, 1840, 270, 30, 1600, 5680, 290, 1840, 270, 1840, 290, 30, 1840, 30, 2020, 1750, 160, 240, 1270, 1750, 240, 1750, 1750, 1750, 610, 4100, 170, 4240, 170, 1180, 170, 610, 4100, 610, 1180, 170, 610, 4100, 1180, 170, 610, 4100, 1180, 4100, 1180, 7130, 17600, 2240, 2240, 2240, 2240, 17600, 17600, 17600, 2240, 17600, 30, 30, 30, 30, 30, 20, 270, 2520, 270, 70, 270, 270, 2520, 70, 2520, 2520, 2520, 270, 930, 2260, 930, 930, 930, 930, 2710, 60, 2710, 2710, 11260, 2710, 60, 2710, 60, 1040, 60, 7380, 7380, 60, 11260, 11260, 11260, 60, 7380, 7380, 11260, 7380, 690, 90, 870, 90, 2140, 90, 2140, 870, 2140, 2140, 870, 690, 90, 90, 870, 870, 2140, 0, 130, 130, 130, 430, 0, 0, 20, 430, 430, 0, 130, 430, 430, 130, 0, 80, 4240, 24000, 80, 80, 24000, 24000, 4240, 80, 24000, 4240, 80, 4240, 24000, 4240, 2690, 2260, 2690, 2690, 2690, 2690, 120, 620, 190, 3100, 1490, 120, 1490, 1490, 120, 120, 620, 190, 1490, 620, 120, 620, 1490, 620, 2470, 4820, 6180, 650, 350, 11340, 2470, 6180, 11340, 6180, 6180, 11340, 2470, 4820, 6180, 11340, 2470, 11340, 2470, 530, 180, 40, 10, 20, 10, 40, 20, 180, 10, 530, 180, 10, 530, 20, 180, 10, 40, 530, 20, 180, 530, 40, 40, 20, 1320, 4540, 1790, 300, 300, 1320, 300, 1790, 300, 1320, 40, 300, 1320, 1320, 1790, 1790, 1790, 370, 1240, 11220, 5160, 370, 6150, 370, 6150, 1240, 1240, 6150, 11220, 6150, 11220, 1240, 370, 6150, 11220, 1240, 370, 11220, 770, 110, 8750, 770, 770, 8750, 8750, 770, 110, 770, 110, 110, 110, 8750, 8750, 930, 450, 110, 40, 90, 590, 720, 40, 450, 450, 720, 40, 450, 40, 450, 720, 90, 720, 720, 40, 110, 40, 10, 10, 10, 5040, 940, 10, 10, 110, 800, 430, 3440, 100, 3440, 800, 100, 430, 110, 430, 110, 100, 110, 100, 430, 800, 3440, 100, 430, 800, 110, 3440, 800, 3440, 1600, 1600, 1600, 4100, 1600, 1600, 2260, 1700, 2020, 80, 4020, 1700, 80, 1700, 1700, 140, 80, 140, 140, 2260, 80, 2020, 80, 140, 2020, 1700, 2020, 2020, 140, 90, 3360, 700, 700, 700, 90, 3360, 230, 11220, 700, 3360, 700, 90, 3360, 90, 3360, 90, 200, 5820, 5820, 200, 200, 5820, 200, 5820, 200, 5820, 3560, 320, 320, 320, 320, 3560, 50, 320, 60, 60, 30, 60, 1190, 30, 2020, 60, 5340, 2020, 30, 2020, 500, 2020, 60, 2020, 500, 60, 30, 60, 60, 60, 30, 60, 170, 10, 960, 350, 50, 350, 350, 960, 10, 960, 960, 350, 960, 350, 1310, 700, 700, 700, 700, 1310, 1310, 700, 1310, 1310, 170, 1100, 70, 170, 170, 1100, 70, 170, 170, 520, 670, 3030, 30, 280, 280, 1010, 750, 2140, 520, 1010, 30, 670, 3030, 750, 2140, 3030, 280, 1010, 520, 30, 670, 3030, 2140, 280, 1010, 520, 30, 670, 3030, 750, 2140, 520, 280, 750, 1010, 30, 670, 750, 2140, 360, 360, 360, 360, 360, 2660, 60, 13050, 60, 13050, 60, 2660, 2660, 13050, 60, 13050, 2660, 60, 13050, 2660, 40, 10, 50, 40, 40, 50, 40, 3830, 40, 50, 10, 40, 40, 10, 10, 40, 50, 10, 40, 50, 40, 2580, 17600, 17600, 280, 120, 2580, 280, 2580, 17600, 120, 280, 17600, 2580, 17600, 2580, 280, 280, 30, 60, 440, 60, 60, 60, 60, 580, 5190, 5770, 630, 12410, 12410, 8090, 12410, 8090, 6230, 12410, 8090, 12410, 8090, 5770, 5190, 8090, 5190, 5190, 5190, 10, 110, 110, 110, 270, 110, 10, 10, 10, 10, 110, 15080, 600, 600, 440, 440, 600, 15080, 15080, 440, 15080, 440, 600, 15080, 600, 440, 260, 2050, 260, 260, 260, 260, 170, 0, 0, 0, 710, 0, 0, 800, 10, 800, 800, 800, 3020, 3020, 3020, 3020, 10, 3020, 800, 35210, 8200, 160, 160, 160, 8200, 8200, 160, 8200, 160, 8200, 2390, 80, 80, 80, 2390, 80, 2390, 2390, 2390, 80, 440, 1190, 210, 40, 40, 4480, 40, 140, 1190, 1190, 140, 40, 210, 210, 4480, 40, 4480, 1190, 140, 210, 4480, 1190, 140, 440, 210, 4480, 140, 910, 0, 910, 1530, 910, 380, 1530, 380, 910, 480, 910, 1530, 380, 1530, 0, 380, 380, 1530, 40, 40, 40, 370, 40, 40, 1390, 13130, 2770, 13130, 1390, 13130, 13130, 1390, 13130, 1390, 1390, 120, 260, 120, 120, 1320, 120, 260, 1320, 120, 1470, 1870, 330, 1870, 1870, 1870, 330, 1870, 330, 330, 330, 2880, 60, 730, 730, 1370, 2880, 2880, 730, 2880, 730, 730, 2880, 1190, 1190, 1190, 7860, 30, 30, 130, 130, 1190, 1190, 30, 10, 30, 10, 130, 10, 30, 10, 130, 10, 130, 240, 70, 40, 110, 70, 40, 240, 70, 40, 240, 40, 70, 240, 70, 40, 240, 120, 740, 4010, 10, 10, 300, 470, 1610, 10, 470, 300, 740, 10, 120, 10, 740, 120, 300, 470, 740, 4010, 120, 300, 300, 120, 470, 470, 740, 150, 7690, 500, 7810, 2290, 7810, 4750, 600, 2290, 600, 7810, 2290, 600, 7810, 600, 7810, 2290, 600, 4750, 4750, 4750, 4750, 2290, 2760, 1170, 2760, 150, 1170, 1170, 2760, 2760, 1170, 150, 1170, 2760, 7050, 30, 70, 1410, 910, 470, 470, 60, 60, 910, 470, 70, 1410, 910, 70, 7050, 70, 7050, 910, 60, 70, 1410, 60, 470, 7050, 470, 7050, 1410, 910, 1410, 60, 30710, 30710, 30710, 340, 30710, 340, 340, 340, 30710, 340, 130, 310, 630, 360, 12080, 360, 4400, 4400, 10, 360, 130, 360, 4400, 1980, 10, 1980, 200, 1980, 10, 130, 360, 4400, 1980, 12080, 310, 10, 10, 130, 1980, 130, 4400, 15080, 8280, 8280, 560, 560, 8280, 560, 8280, 560, 15080, 8280, 560, 1020, 2020, 1020, 2020, 70, 1020, 70, 2020, 70, 70, 70, 1020, 2020, 1020, 2020, 60, 60, 60, 60, 60, 21160, 21160, 21160, 21160, 21160, 5320, 5320, 3990, 5320, 5320, 5320, 170, 290, 1040, 290, 290, 1040, 290, 1040, 1040, 290, 140, 1040, 570, 30, 50, 100, 100, 100, 100, 570, 100, 7810, 7810, 0, 140, 4910, 3790, 7810, 0, 140, 7810, 0, 140, 7810, 0, 140, 820, 140, 0, 11860, 3820, 4970, 11860, 11860, 3820, 3820, 11860, 3820, 3820, 11860, 240, 910, 910, 910, 50, 460, 50, 910, 50, 460, 910, 50, 460, 460, 50, 460, 280, 30, 6070, 210, 30, 280, 30, 280, 30, 280, 280, 30, 2700, 110, 130, 2020, 2010, 2020, 7690, 110, 7690, 110, 2700, 7690, 2020, 110, 2020, 2700, 2700, 2700, 7690, 7690, 2020, 110, 50, 200, 2550, 20, 20, 200, 20, 200, 20, 200, 20, 200, 8280, 280, 200, 1490, 10, 10, 2840, 10, 280, 10, 280, 200, 280, 10, 280, 170, 1600, 0, 170, 0, 3510, 0, 170, 1600, 1600, 3510, 170, 0, 1600, 170, 0, 3510, 1600, 3510, 3510, 5950, 10, 150, 7250, 1730, 1240, 370, 1360, 1240, 1240, 1360, 5950, 5950, 7250, 1360, 1360, 10, 10, 1240, 10, 10, 7250, 5950, 7250, 5950, 1360, 1240, 7250, 440, 20, 7920, 3960, 3960, 20, 730, 440, 3960, 440, 7920, 3960, 730, 730, 440, 3960, 20, 730, 440, 20, 730, 7920, 20, 7920, 7920, 2750, 1860, 1580, 1040, 1860, 1580, 1860, 1580, 1860, 1860, 1580, 1580, 580, 290, 2500, 250, 250, 2500, 2500, 250, 250, 250, 2500, 2500, 0, 20, 0, 260, 1870, 4290, 100, 100, 1860, 100, 0, 260, 1860, 100, 1870, 4290, 4290, 1870, 1860, 4290, 4290, 100, 260, 0, 1860, 1860, 0, 260, 0, 260, 1870, 1870, 960, 1050, 1780, 3080, 30, 30, 1050, 3080, 3080, 30, 30, 960, 1680, 3080, 960, 1050, 960, 1050, 30, 3080, 960, 110, 1050, 50, 13130, 50, 13130, 100, 100, 50, 13130, 50, 13130, 100, 100, 50, 13130, 100, 3450, 86300, 5680, 170, 320, 140, 140, 1950, 320, 140, 86300, 5680, 320, 140, 86300, 320, 86300, 86300, 170, 320, 140, 70, 70, 70, 70, 70, 120, 430, 20, 120, 430, 120, 20, 120, 430, 430, 430, 120, 170, 170, 170, 170, 170, 4010, 100, 1110, 630, 100, 40, 3560, 40, 3560, 0, 4010, 100, 4010, 0, 3560, 40, 3560, 0, 100, 4010, 40, 0, 3560, 100, 40, 4010, 0, 20, 3710, 4000, 830, 20, 20, 220, 220, 20, 220, 20, 20, 20, 20, 4000, 20, 4000, 20, 4000, 220, 4000, 220, 8930, 1310, 140, 140, 1310, 1280, 1280, 1280, 2120, 1310, 1280, 8930, 2120, 140, 1310, 2120, 2120, 2120, 140, 1280, 140, 1310, 380, 6220, 60, 380, 6220, 380, 380, 6220, 6220, 6220, 380, 760, 450, 760, 3040, 570, 3040, 760, 3040, 6090, 6090, 3040, 3040, 6090, 760, 6090, 6090, 760, 86300, 86300, 86300, 86300, 86300, 0, 0, 0, 30250, 0, 0, 120, 790, 3960, 1050, 790, 3960, 790, 3960, 790, 3960, 790, 3960, 160, 1260, 60, 1040, 70, 1940, 810, 1260, 1040, 1260, 370, 1260, 370, 370, 1040, 370, 1040, 370, 1040, 1260, 1940, 10750, 640, 12820, 3610, 2650, 2650, 1940, 2650, 10750, 2040, 1940, 12820, 12820, 1940, 2650, 10750, 12820, 2040, 10750, 2040, 10750, 12820, 2040, 2650, 2040, 1940, 590, 6090, 590, 90, 10, 590, 590, 590, 510, 20370, 380, 380, 270, 380, 270, 510, 270, 380, 270, 510, 510, 270, 380, 510, 4470, 970, 1070, 160, 1070, 970, 10, 1490, 10, 4470, 1070, 1070, 4470, 1070, 1490, 1490, 4470, 970, 10, 4470, 970, 10, 970, 10, 1490, 1490, 590, 460, 460, 0, 0, 260, 260, 0, 460, 0, 260, 0, 260, 260, 460, 460, 3300, 1440, 3300, 3300, 40, 3300, 3300, 190, 800, 2410, 190, 2410, 190, 2410, 190, 190, 2410, 2410, 3590, 200, 40, 3590, 3590, 3590, 40, 40, 40, 3590, 40, 40, 3990, 210, 90, 540, 90, 540, 540, 540, 3990, 540, 210, 210, 90, 210, 90, 210, 90, 5110, 5110, 10, 5110, 10, 5110, 5110, 10, 10, 10, 5580, 1440, 3310, 2080, 310, 700, 670, 30, 2080, 670, 700, 30, 30, 30, 670, 30, 670, 5580, 700, 670, 2080, 2080, 700, 2080, 700, 620, 620, 270, 620, 620, 40, 40, 150, 150, 620, 620, 620, 40, 270, 150, 150, 40, 270, 620, 620, 150, 40, 270, 270, 620, 50, 2120, 940, 3180, 0, 940, 0, 0, 940, 0, 2120, 90, 2120, 940, 2120, 940, 2120, 3180, 0, 60, 3070, 17190, 200, 3760, 3760, 3760, 60, 3760, 3760, 3780, 3780, 3780, 3780, 3780, 5770, 2270, 20, 5770, 5770, 5770, 5770, 60, 1410, 4230, 550, 1410, 60, 60, 4230, 60, 4230, 60, 1410, 1410, 4230, 4230, 550, 90, 20, 90, 1050, 1050, 290, 90, 1050, 20, 290, 90, 20, 1050, 290, 90, 20, 1050, 290, 20, 290, 150, 150, 3120, 370, 3120, 150, 370, 370, 3120, 150, 3120, 290, 150, 3120, 370, 370, 150, 990, 6670, 370, 990, 150, 150, 150, 150, 990, 990, 990, 6060, 860, 110, 3460, 10, 1990, 680, 110, 10, 860, 10, 10, 110, 860, 860, 10, 110, 860, 110, 1860, 5960, 390, 1150, 390, 390, 390, 390, 1950, 670, 540, 670, 540, 670, 1020, 540, 540, 670, 0, 670, 540, 520, 150, 340, 150, 340, 150, 340, 150, 340, 150, 340, 520, 2470, 860, 480, 110, 1400, 700, 180, 180, 860, 2470, 180, 180, 860, 2470, 480, 180, 860, 2470, 480, 860, 2470, 480, 480, 60, 2280, 60, 560, 60, 60, 2280, 60, 1540, 450, 590, 420, 1540, 1070, 180, 180, 420, 420, 180, 590, 590, 180, 1540, 420, 590, 1540, 450, 180, 420, 1540, 590, 1640, 360, 90, 90, 90, 90, 1000, 360, 3080, 360, 360, 90, 360, 110, 140, 7210, 680, 110, 110, 110, 680, 7210, 680, 110, 7210, 140, 7210, 140, 680, 140, 680, 7210, 140, 100, 380, 430, 230, 430, 380, 380, 70, 430, 380, 70, 430, 380, 120, 70, 430, 70, 120, 70, 120, 120, 120, 740, 170, 170, 170, 740, 3580, 3580, 740, 3580, 170, 740, 3580, 170, 3580, 740, 3060, 140, 360, 3060, 3060, 3060, 3060, 360, 360, 360, 360, 180, 60, 60, 180, 3060, 1300, 180, 180, 3060, 60, 60, 3060, 60, 1300, 1300, 180, 1300, 60, 3060, 60, 60, 1300, 1570, 60, 3060, 60, 120, 300, 120, 1020, 120, 60, 280, 120, 120, 1020, 300, 300, 1020, 300, 1020, 290, 1020, 300, 610, 600, 30, 600, 600, 610, 600, 610, 600, 40, 1240, 610, 610, 360, 60, 60, 60, 360, 60, 60, 380, 360, 360, 360, 270, 760, 270, 3280, 3280, 40, 3280, 3280, 270, 270, 3280, 270, 3670, 580, 80, 80, 80, 400, 80, 400, 80, 400, 400, 400, 2450, 340, 2450, 2450, 2450, 2450, 180, 360, 360, 180, 360, 180, 360, 360, 180, 180, 360, 30, 30, 30, 30, 680, 2430, 360, 2430, 360, 360, 30, 360, 2430, 2430, 2430, 20, 10, 10, 10, 20, 10, 10, 3580, 180, 3580, 3580, 3580, 3580, 240, 60, 170, 170, 240, 170, 240, 0, 240, 170, 240, 170, 160, 23720, 4950, 23720, 23720, 23720, 4950, 23720, 1340, 260, 1340, 1340, 260, 1340, 260, 260, 1320, 1340, 260, 3020, 3020, 0, 8090, 0, 1520, 0, 3020, 3020, 1520, 3020, 0, 1520, 130, 1520, 8090, 1520, 0, 1680, 980, 3440, 2020, 5980, 120, 5980, 5980, 5980, 5980, 1540, 70, 1540, 20, 20, 1540, 20, 40, 20, 20, 20, 40, 20, 40, 20, 1540, 40, 20, 70, 20, 1540, 20, 20, 40, 20, 20, 20, 410, 210, 6320, 6320, 6320, 6320, 780, 32650, 20, 470, 20, 70, 780, 20, 70, 70, 780, 780, 70, 20, 780, 70, 20, 20, 20, 100, 80, 1530, 410, 370, 4370, 370, 80, 5580, 80, 1530, 1530, 4370, 410, 4370, 410, 4370, 80, 1530, 410, 80, 370, 370, 410, 370, 4370, 1530, 300, 300, 300, 6070, 300, 6070, 6070, 6070, 6070, 300, 16130, 400, 400, 400, 400, 400, 940, 500, 20, 20, 40, 20, 500, 40, 20, 40, 40, 500, 40, 500, 500, 20, 20, 1370, 20, 2030, 20, 780, 2030, 20, 1370, 1370, 2030, 780, 2030, 780, 1370, 780, 20, 2030, 1370, 780, 490, 17150, 840, 3070, 490, 490, 3070, 840, 840, 490, 3070, 490, 840, 3070, 17150, 840, 3070, 7630, 20, 12490, 210, 390, 580, 60, 390, 210, 390, 12490, 12490, 210, 12490, 210, 390, 390, 12490, 210, 820, 430, 30, 110, 770, 770, 0, 59190, 770, 110, 30, 59190, 770, 110, 59190, 30, 110, 59190, 30, 59190, 770, 30, 110, 10, 1740, 1740, 10, 380, 470, 40, 40, 0, 40, 0, 60, 90, 40, 90, 90, 40, 0, 60, 90, 11860, 0, 0, 90, 60, 60, 40, 60, 140, 500, 20970, 8690, 80, 20970, 500, 20970, 500, 140, 20970, 140, 20970, 140, 140, 500, 500, 40, 0, 0, 40, 210, 40, 0, 210, 40, 210, 210, 40, 0, 210, 0, 210, 210, 120, 120, 120, 120, 120, 3010, 1080, 3670, 780, 60, 3670, 180, 180, 210, 3010, 3670, 180, 3670, 180, 180, 3670, 3010, 3010, 3010, 27360, 11570, 920, 80, 920, 80, 80, 11570, 920, 80, 920, 80, 920, 500, 30, 610, 10, 10, 10, 500, 10, 500, 10, 30, 500, 500, 1270, 1740, 490, 8670, 490, 490, 430, 490, 8670, 430, 430, 8670, 490, 430, 8670, 430, 8670, 1270, 140, 390, 330, 140, 140, 140, 140, 390, 20, 20, 20, 20, 20, 620, 3010, 1730, 1340, 3830, 620, 750, 3830, 860, 860, 860, 1730, 860, 3830, 620, 3830, 860, 620, 3830, 620, 560, 10, 1020, 210, 560, 210, 210, 10, 210, 10, 1020, 560, 210, 10, 10, 560, 560, 210, 1860, 440, 300, 440, 110, 210, 250, 250, 250, 440, 110, 440, 110, 210, 250, 1860, 110, 440, 210, 250, 110, 210, 1440, 210, 280, 2860, 920, 280, 2860, 2860, 2860, 920, 280, 920, 2860, 920, 280, 920, 280, 2740, 2570, 390]"
2020-11-03 14:25:00+00:00,13091150,16,3628.0,"[170, 20, 200, 200, 20, 170, 20, 200, 170, 20, 20, 170, 20, 20, 200, 170, 20, 20, 200, 20, 4080, 320, 2550, 2550, 2550, 320, 4080, 4080, 2550, 4080, 4080, 2550, 100, 5400, 20, 280, 280, 280, 100, 280, 280, 7110, 90, 7110, 90, 7110, 90, 90, 7110, 7110, 90, 40, 650, 1150, 40, 650, 1150, 650, 40, 650, 40, 650, 1150, 40, 1150, 1150, 250, 2030, 20, 20, 2030, 20, 2030, 20, 2030, 20, 2030, 4020, 1290, 4020, 100, 4020, 4020, 32680, 4020, 0, 0, 8220, 760, 130, 120, 50, 130, 50, 50, 130, 120, 50, 130, 130, 50, 12920, 20, 20, 20, 20, 20, 20, 850, 280, 290, 290, 290, 290, 1580, 60, 290, 1580, 850, 850, 850, 60, 60, 60, 1580, 280, 850, 60, 1580, 1580, 20, 6220, 2180, 670, 2180, 20, 2180, 2180, 20, 20, 2180, 20, 160, 320, 320, 320, 320, 320, 100, 100, 1560, 140, 140, 100, 100, 140, 140, 100, 140, 440, 220, 30, 770, 770, 440, 10, 10, 770, 10, 440, 440, 30, 220, 770, 440, 770, 10, 10, 2590, 40, 40, 40, 40, 2590, 40, 2590, 2590, 2590, 540, 520, 520, 90, 540, 90, 520, 520, 90, 520, 90, 540, 540, 540, 90, 20, 870, 870, 870, 870, 50, 27760, 25850, 83000, 0, 25850, 25850, 83000, 25850, 0, 83000, 25850, 83000, 83000, 40, 1120, 1120, 1120, 1120, 1120, 8330, 8280, 710, 710, 710, 710, 8280, 8280, 8280, 8330, 8280, 8330, 710, 8330, 8330, 30, 30, 30, 30, 70, 790, 30, 3280, 1620, 3280, 2710, 1460, 3280, 3280, 3280, 7610, 7610, 7610, 7610, 7610, 90, 2220, 2220, 2220, 2220, 2220, 640, 880, 5950, 180, 850, 5950, 5950, 40, 130, 850, 5950, 850, 880, 850, 5950, 850, 940, 260, 940, 110, 80, 470, 940, 940, 470, 940, 470, 470, 470, 13820, 80, 80, 190, 80, 80, 80, 5660, 250, 5660, 5660, 5660, 250, 5660, 250, 250, 250, 13660, 220, 490, 170, 4150, 50, 880, 13660, 880, 880, 13660, 13660, 490, 13660, 880, 880, 10, 750, 10, 10, 10, 170, 10, 170, 10, 170, 170, 10, 10, 10, 10, 170, 19300, 1340, 1230, 59840, 0, 59840, 1340, 59840, 0, 0, 59840, 0, 1340, 59840, 0, 19300, 1340, 1340, 20, 70, 5080, 110, 70, 110, 180, 5080, 110, 70, 70, 5080, 20, 5080, 20, 180, 110, 70, 20, 110, 5080, 20, 370, 370, 60, 60, 1430, 1430, 60, 370, 370, 1430, 370, 60, 1430, 1430, 60, 1040, 1040, 100, 1040, 100, 260, 100, 1040, 100, 100, 1040, 180, 180, 370, 60, 300, 180, 370, 50, 370, 180, 300, 370, 300, 50, 300, 370, 60, 50, 50, 300, 50, 180, 60, 60, 60, 60, 60, 90, 2660, 470, 2520, 2450, 2660, 2660, 3280, 1430, 2520, 180, 1430, 2660, 3280, 2520, 3280, 2660, 1430, 1430, 2520, 180, 1430, 3280, 2520, 470, 180, 180, 180, 3150, 3280, 450, 2950, 3250, 8330, 20, 10, 20, 20, 20, 10, 8330, 10, 8330, 8330, 10, 10, 8330, 20, 310, 1520, 590, 1940, 100, 1940, 1520, 590, 1520, 590, 310, 1940, 590, 310, 1520, 1940, 1940, 590, 310, 1520, 310, 18300, 1290, 1500, 670, 3860, 670, 3860, 1880, 670, 1880, 1880, 3860, 1290, 18300, 1290, 1880, 1880, 3860, 18300, 1290, 3860, 18300, 1290, 670, 180, 18300, 670, 830, 40, 90, 3830, 40, 40, 40, 3830, 40, 4020, 10, 590, 10, 40, 10, 590, 590, 10, 590, 10, 4020, 590, 4020, 4020, 4020, 470, 1230, 1770, 1770, 1770, 1770, 470, 1770, 2340, 430, 430, 2480, 2480, 430, 430, 2480, 430, 2340, 2480, 2480, 2340, 2340, 2340, 30, 10, 10, 180, 14820, 140, 180, 10, 180, 10, 140, 30, 30, 14820, 140, 180, 14820, 10, 30, 14820, 140, 30, 30, 140, 14820, 180, 10, 170, 20, 170, 20, 20, 560, 240, 170, 560, 240, 170, 20, 170, 20, 140, 1400, 170, 4160, 4160, 9520, 170, 140, 170, 140, 1400, 4160, 1400, 9520, 170, 140, 4160, 1400, 9520, 170, 140, 9520, 9520, 4160, 1400, 0, 80, 4190, 50, 4550, 31270, 80, 31270, 0, 50, 80, 4190, 0, 80, 4190, 0, 50, 80, 0, 4190, 31270, 31270, 4190, 50, 50, 31270, 80, 80, 260, 80, 260, 260, 80, 260, 80, 260, 6710, 6710, 10, 6710, 6710, 6710, 3740, 40, 150, 520, 520, 40, 40, 520, 520, 40, 520, 3740, 40, 160, 10, 650, 20, 1800, 160, 20, 20, 1800, 1430, 20, 650, 1800, 160, 650, 20, 650, 10, 650, 1800, 160, 1800, 160, 2770, 590, 2770, 760, 3660, 2770, 760, 2770, 760, 760, 2770, 760, 11560, 31270, 510, 0, 360, 240, 360, 240, 240, 1710, 510, 1710, 0, 240, 1710, 510, 360, 360, 510, 510, 240, 1710, 0, 1710, 0, 0, 360, 290, 1110, 110, 620, 1580, 290, 2100, 10, 620, 10, 1580, 620, 1580, 620, 1580, 290, 10, 620, 1580, 290, 1110, 290, 10, 10, 20, 490, 3310, 3310, 490, 490, 20, 3310, 490, 3310, 490, 3310, 23330, 220, 0, 120, 620, 0, 0, 0, 120, 0, 620, 940, 3600, 940, 940, 940, 940, 1070, 1140, 4980, 1400, 1140, 4980, 2770, 1140, 1400, 1400, 1140, 4980, 1400, 4980, 1140, 1400, 4980, 1710, 1920, 7400, 50, 50, 1920, 1920, 1920, 50, 1920, 50, 7400, 50, 20, 1300, 20, 1300, 6250, 100, 50, 1720, 0, 100, 0, 50, 50, 2420, 6250, 1720, 0, 1720, 6250, 1720, 100, 0, 6250, 1720, 100, 100, 50, 6250, 50, 0, 750, 230, 3240, 3240, 230, 3240, 230, 3240, 230, 3240, 230, 670, 150, 1300, 1300, 70, 70, 70, 150, 590, 1300, 150, 70, 1300, 150, 1300, 150, 1370, 70, 820, 100, 280, 40, 820, 280, 820, 2480, 280, 2480, 820, 2480, 2480, 280, 470, 820, 2480, 280, 40, 13400, 13400, 13400, 2530, 13400, 13400, 1920, 3280, 250, 1920, 3280, 10, 1920, 10, 10, 3280, 10, 1920, 1920, 10, 3280, 250, 3280, 720, 300, 3420, 20, 730, 40, 20, 10, 10, 20, 730, 730, 10, 730, 20, 20, 730, 2510, 730, 650, 10, 40, 40, 40, 10, 40, 4640, 870, 370, 10, 290, 10, 10, 290, 370, 370, 870, 290, 10, 870, 290, 370, 870, 290, 370, 30, 870, 10, 40, 40, 760, 680, 40, 680, 40, 40, 680, 680, 680, 10, 430, 0, 520, 520, 520, 520, 1050, 10, 1050, 1720, 1050, 1050, 0, 10, 10, 1050, 10, 520, 110, 220, 10, 10, 220, 110, 220, 110, 10, 110, 10, 220, 110, 220, 10, 2890, 2890, 2890, 2890, 610, 2890, 60, 620, 620, 130, 620, 130, 360, 620, 620, 130, 130, 130, 1500, 1500, 1500, 1500, 1500, 510, 2770, 3500, 0, 510, 510, 0, 3500, 3500, 2770, 2770, 3460, 0, 510, 3500, 2770, 0, 3500, 2770, 0, 510, 490, 120, 490, 490, 120, 120, 490, 670, 120, 490, 120, 17280, 270, 2370, 4040, 4040, 160, 20, 740, 740, 740, 160, 20, 740, 20, 160, 20, 740, 160, 160, 20, 1940, 350, 190, 190, 40, 1940, 1100, 10, 1400, 1400, 1100, 10, 610, 10, 1100, 1400, 1100, 10, 1400, 1100, 10, 1400, 850, 500, 460, 5160, 5160, 460, 460, 5160, 460, 460, 5160, 500, 5160, 2950, 530, 24070, 580, 580, 580, 530, 530, 580, 24070, 530, 24070, 530, 580, 24070, 24070, 140, 610, 160, 20, 8330, 4240, 4240, 4240, 160, 610, 30, 570, 160, 610, 4240, 610, 160, 610, 160, 4240, 3350, 820, 3350, 3350, 3350, 3350, 640, 3080, 2020, 1100, 2590, 1970, 2590, 2590, 1970, 1100, 2590, 1970, 1100, 2590, 1970, 1970, 1100, 1100, 170, 440, 6610, 150, 150, 150, 150, 90, 40, 90, 90, 150, 90, 90, 3490, 270, 10, 10, 3490, 10, 10, 10, 3490, 3490, 10, 270, 270, 3490, 10, 270, 10, 10, 270, 10, 170, 170, 780, 140, 140, 170, 170, 780, 170, 140, 780, 780, 140, 780, 140, 20, 6840, 20, 20, 20, 20, 5660, 5660, 5660, 5660, 5660, 3390, 3390, 360, 530, 40, 40, 40, 40, 40, 80, 1510, 260, 50, 360, 20, 50, 80, 860, 1510, 260, 20, 20, 50, 260, 80, 260, 50, 50, 80, 1510, 260, 20, 1510, 80, 1510, 20, 340, 10, 1700, 2680, 1480, 2680, 2680, 2680, 340, 2680, 40, 120, 30250, 160, 30250, 150, 120, 120, 30250, 120, 30250, 120, 30250, 870, 120, 2220, 930, 930, 870, 3130, 5660, 870, 20, 120, 930, 30, 120, 120, 20, 120, 30, 120, 870, 2220, 20, 930, 120, 20, 120, 2220, 930, 930, 30, 120, 2220, 930, 930, 30, 2220, 20, 930, 6460, 30, 930, 120, 870, 210, 210, 250, 4820, 770, 90, 210, 250, 4820, 210, 90, 90, 4820, 90, 210, 250, 4820, 90, 250, 4820, 250, 360, 360, 360, 360, 360, 1510, 3820, 20, 20, 3820, 20, 3660, 3660, 3820, 20, 3820, 3660, 20, 3820, 3660, 3660, 4230, 4230, 4230, 4230, 4230, 70, 280, 110, 310, 1850, 280, 280, 280, 6500, 6500, 280, 110, 6500, 6500, 6500, 13580, 4560, 13580, 20, 0, 780, 20, 780, 20, 780, 20, 780, 20, 780, 140, 770, 940, 140, 140, 940, 770, 940, 770, 940, 770, 140, 940, 770, 140, 1430, 2510, 2510, 2510, 1430, 1430, 2510, 1430, 1430, 2510, 3150, 2000, 2000, 2000, 2000, 2000, 29740, 5040, 11560, 1010, 5040, 5040, 5040, 5040, 1100, 40, 1370, 1100, 0, 1100, 1100, 1100, 60, 60, 740, 380, 740, 740, 770, 40, 4160, 740, 60, 380, 770, 380, 60, 40, 770, 770, 60, 4160, 770, 380, 40, 740, 60, 380, 40, 40, 770, 770, 770, 770, 770, 400, 2380, 2380, 2380, 2380, 400, 2380, 900, 1030, 1720, 1030, 80, 1030, 80, 80, 80, 1030, 1030, 20, 1030, 20, 900, 20, 900, 20, 900, 20, 900, 80, 450, 3110, 3110, 3110, 3110, 450, 3110, 400, 80, 80, 400, 400, 80, 440, 80, 440, 400, 80, 440, 440, 80, 440, 400, 2210, 2210, 2210, 2210, 2210, 40, 13660, 120, 40, 120, 120, 120, 120, 560, 40, 13660, 120, 560, 560, 560, 40, 13660, 13660, 560, 40, 13660, 10, 670, 1410, 670, 670, 670, 670, 10060, 10060, 10060, 10060, 10060, 40, 2800, 2800, 40, 2800, 40, 40, 2800, 40, 2800, 90, 20, 20, 1110, 1110, 1110, 20, 20, 90, 1110, 90, 1110, 90, 90, 20, 20, 200, 770, 200, 200, 200, 200, 4330, 40, 4330, 4330, 1030, 4330, 40, 4330, 620, 620, 5000, 0, 5000, 5000, 0, 620, 0, 620, 620, 5000, 620, 5000, 620, 0, 620, 0, 620, 620, 50, 3620, 3620, 50, 130, 50, 3620, 130, 3620, 50, 130, 130, 130, 3620, 50, 280, 6760, 1280, 1280, 9240, 6760, 6760, 1280, 9240, 6760, 1280, 9240, 6760, 1280, 9240, 9240, 1670, 140, 240, 240, 4830, 140, 1670, 1670, 140, 240, 140, 1670, 140, 240, 1670, 240, 130, 1400, 4060, 130, 130, 130, 130, 5230, 0, 0, 0, 0, 0, 5660, 150, 150, 150, 150, 150, 0, 110, 110, 2690, 4560, 0, 2690, 4560, 0, 110, 4560, 0, 60, 110, 2690, 0, 4560, 2690, 2690, 4560, 110, 140, 560, 2610, 8850, 2610, 2610, 8850, 2610, 8850, 2610, 8850, 1350, 1350, 1350, 1350, 1350, 790, 20, 40, 20, 20, 790, 40, 40, 40, 790, 20, 790, 20, 790, 40, 260, 170, 20, 50, 50, 1300, 1300, 20, 620, 20, 50, 20, 1300, 50, 360, 50, 1300, 1300, 20, 1120, 270, 1340, 1340, 270, 1340, 270, 1340, 270, 1340, 270, 3200, 120, 1900, 140, 1050, 1050, 1900, 1050, 120, 1050, 120, 120, 140, 1900, 1050, 120, 1900, 1900, 700, 700, 5040, 500, 500, 700, 700, 500, 500, 700, 500, 580, 1600, 2140, 200, 2140, 8120, 2140, 2140, 200, 1600, 200, 200, 2140, 200, 280, 190, 70, 280, 70, 790, 280, 70, 280, 70, 190, 280, 70, 14730, 2380, 3160, 2510, 870, 1290, 870, 870, 870, 870, 410, 770, 1150, 10850, 10850, 770, 410, 770, 410, 1150, 1610, 770, 1150, 100, 770, 1150, 1610, 10850, 1150, 1610, 10850, 410, 1610, 10850, 410, 1610, 330, 2570, 330, 70, 330, 460, 330, 330, 4290, 20, 20, 20, 20, 20, 20, 20, 20, 20, 20, 80, 3640, 5430, 2710, 2710, 2050, 2050, 3640, 3640, 1480, 2050, 3640, 2710, 2050, 3640, 5430, 2710, 2710, 2050, 1440, 480, 480, 480, 980, 1440, 60, 1440, 480, 980, 980, 60, 1440, 980, 60, 1440, 60, 980, 480, 60, 840, 2670, 3700, 3700, 3700, 840, 2670, 840, 840, 3700, 840, 16890, 3700, 120, 110, 321690, 250, 250, 321690, 110, 321690, 250, 110, 321690, 250, 110, 321690, 250, 110, 20, 40, 840, 40, 480, 4130, 340, 4230, 340, 480, 480, 340, 480, 4230, 340, 480, 340, 1680, 1680, 1680, 1680, 1680, 20, 100, 30, 30, 20, 620, 4310, 20, 110, 30, 20, 620, 100, 100, 110, 620, 20, 20, 20, 620, 100, 20, 620, 20, 30, 20, 30, 110, 100, 110, 110, 2720, 2450, 450, 450, 25850, 450, 2450, 450, 450, 2450, 2450, 2450, 10, 1320, 10, 1320, 2100, 3640, 2100, 470, 10, 2100, 1320, 10, 2100, 1320, 10, 2100, 1320, 1590, 2590, 80, 20, 9920, 1590, 160, 80, 1300, 1590, 80, 20, 1300, 1590, 80, 20, 1300, 1590, 80, 20, 1300, 20, 1300, 760, 980, 90, 30, 10, 0, 700, 0, 1220, 1220, 0, 1220, 760, 10, 760, 0, 760, 0, 90, 980, 1220, 760, 10, 980, 1220, 980, 10, 980, 10, 40, 460, 370, 460, 460, 370, 460, 460, 460, 460, 460, 370, 370, 460, 460, 370, 1320, 3240, 1320, 1320, 3240, 1320, 1320, 10, 5140, 670, 670, 0, 80, 0, 0, 80, 80, 670, 0, 80, 670, 80, 670, 0, 2360, 800, 80, 450, 80, 800, 80, 800, 800, 80, 0, 800, 80, 0, 140, 140, 140, 140, 140, 360, 100, 13580, 2270, 3410, 13580, 360, 3410, 3410, 3410, 3410, 13580, 360, 360, 13580, 360, 13580, 940, 940, 6330, 940, 90, 6330, 1320, 6330, 1320, 1320, 940, 1320, 6330, 6330, 940, 1320, 50, 50, 50, 50, 50, 530, 30, 30, 2670, 530, 530, 1320, 30, 30, 30, 530, 530, 180, 210, 10720, 0, 0, 0, 60, 0, 0, 210, 180, 10720, 180, 10720, 180, 10720, 180, 10720, 140, 60, 80, 100, 60, 240, 240, 60, 60, 60, 240, 240, 5440, 1000, 240, 80, 1490, 1080, 6000, 2900, 3160, 6000, 80, 2900, 80, 6000, 20, 20, 2900, 80, 1080, 6000, 20, 2900, 80, 1080, 6000, 20, 1490, 1080, 20, 1080, 2900, 2810, 10, 2810, 2810, 10, 2810, 10, 10, 2810, 10, 1480, 180, 60, 70010, 250, 250, 250, 60, 60, 250, 60, 60, 70010, 250, 10, 940, 290, 170, 710, 30, 60, 710, 60, 60, 60, 710, 60, 170, 710, 710, 100, 1030, 13540, 100, 100, 1030, 100, 1030, 1030, 1030, 100, 90, 170, 70, 170, 810, 160, 90, 90, 810, 170, 70, 810, 70, 90, 810, 170, 70, 810, 170, 70, 90, 2050, 3100, 2050, 2050, 2050, 2050, 410, 100, 1820, 3330, 410, 410, 3330, 220, 3330, 3330, 3330, 410, 410, 370, 80, 390, 150, 310, 2360, 500, 500, 310, 2360, 500, 150, 390, 2360, 150, 20, 150, 390, 500, 2360, 150, 390, 680, 310, 390, 500, 310, 2360, 310, 20, 20, 20, 20, 20, 1170, 2040, 40, 1170, 40, 40, 1170, 1170, 40, 1170, 40, 80, 30, 590, 390, 590, 30, 590, 30, 80, 80, 80, 590, 390, 80, 590, 390, 30, 390, 390, 30, 1480, 20, 2570, 20, 740, 20, 1480, 20, 1480, 1480, 20, 1320, 1480, 1500, 4460, 5040, 150, 150, 20, 20, 150, 940, 20, 5040, 20, 150, 940, 5040, 150, 940, 20, 940, 940, 5040, 5040, 440, 440, 440, 640, 3160, 3160, 3160, 3160, 440, 3160, 1340, 440, 20, 20, 20, 20, 20, 210, 270, 10, 10, 10, 270, 10, 10, 30, 280, 20, 180, 30, 30, 180, 280, 280, 280, 280, 180, 20, 30, 180, 30, 180, 17690, 840, 5620, 17690, 840, 30, 200, 200, 17690, 16890, 5620, 16890, 16890, 16890, 200, 5620, 840, 5620, 30, 200, 5620, 16890, 30, 200, 17690, 840, 30, 17690, 840, 30, 1500, 3170, 320, 1120, 2690, 15890, 8850, 8850, 240, 8850, 40, 240, 15890, 15890, 1120, 15890, 8850, 1120, 1120, 15890, 430, 430, 240, 1120, 240, 240, 80, 1040, 10180, 21720, 1040, 970, 1040, 10180, 1040, 1040, 3470, 3470, 3470, 3470, 3470, 2210, 1620, 4390, 1980, 1980, 1980, 1980, 2210, 4390, 4390, 2210, 1980, 2210, 180, 2210, 4390, 4390, 10, 2770, 7280, 90, 640, 580, 640, 90, 580, 640, 90, 580, 580, 640, 90, 580, 640, 90, 10, 40, 3700, 1460, 1320, 1180, 280, 280, 280, 1180, 1320, 280, 1180, 1320, 1180, 1320, 60, 1180, 280, 1320, 10, 0, 0, 10010, 0, 150, 0, 0, 10, 0, 0, 1130, 3220, 300, 970, 200, 200, 3620, 0, 3620, 3620, 200, 3620, 3620, 3220, 970, 0, 0, 200, 0, 200, 1980, 80, 1980, 1980, 1980, 1980, 2790, 2790, 2790, 2790, 2790, 40, 3710, 3710, 700, 700, 3710, 3710, 700, 700, 700, 40, 3710, 28360, 6760, 30, 6760, 6760, 30, 3330, 30, 6760, 30, 6760, 30, 140, 70, 0, 0, 0, 0, 0, 670, 10, 10, 210, 210, 10, 210, 210, 10, 210, 10, 470, 360, 160, 4470, 4470, 4470, 4470, 4470, 190, 190, 2520, 190, 2520, 2520, 190, 2520, 190, 2520, 2910, 470, 2910, 2910, 2910, 2910, 1800, 120, 1800, 0, 800, 800, 800, 0, 800, 0, 1800, 1130, 1800, 800, 1800, 0, 0, 30, 20, 0, 0, 0, 30, 0, 30, 30, 30, 0, 770, 770, 70, 2920, 70, 770, 770, 70, 770, 70, 3240, 70, 2140, 110, 20050, 580, 4220, 580, 1320, 1320, 1320, 580, 1760, 110, 110, 20050, 580, 580, 110, 1320, 110, 1320, 40, 4980, 3150, 3150, 230, 40, 3150, 3150, 3150, 100, 6090, 6090, 100, 100, 6090, 6090, 6090, 100, 100, 180, 0, 5910, 60, 180, 180, 60, 80, 60, 80, 180, 5910, 80, 80, 80, 60, 0, 5910, 180, 60, 5910, 5910, 1410, 8190, 3930, 130, 440, 700, 40, 700, 1410, 8190, 440, 1410, 750, 440, 700, 1410, 8190, 440, 1410, 700, 130, 8190, 8190, 440, 700, 160, 12850, 430, 160, 1130, 170, 170, 160, 160, 1130, 1130, 12850, 170, 12850, 290, 170, 12850, 1130, 170, 12850, 1130, 430, 160, 380, 100, 720, 960, 380, 850, 960, 850, 850, 380, 100, 850, 720, 720, 100, 960, 720, 850, 100, 380, 960, 960, 720, 380, 100, 480, 100, 2560, 480, 480, 480, 480, 1610, 240, 120, 1300, 100, 1610, 1610, 1610, 1300, 1300, 1610, 1300, 100, 1300, 100, 100, 100, 430, 1120, 2080, 2080, 2080, 2080, 2080, 20, 1320, 20, 20, 20, 20, 3430, 20, 330, 1400, 740, 740, 1400, 740, 740, 1400, 1400, 740, 1400, 3160, 2000, 10, 2380, 10, 2000, 10, 10, 2000, 2380, 3160, 2380, 2000, 2380, 2000, 2380, 10, 3160, 3160, 3160, 39470, 30, 430, 1020, 430, 1020, 1020, 160, 160, 430, 39470, 430, 160, 39470, 1020, 160, 39470, 430, 1020, 160, 39470, 3310, 120, 2140, 230, 50, 27600, 50, 50, 27600, 50, 27600, 1890, 27600, 27600, 50, 1670, 1670, 1240, 1670, 1670, 1240, 1670, 1240, 1240, 50, 890, 1090, 2400, 640, 1090, 50, 70, 530, 13230, 680, 1210, 30, 30, 50, 530, 680, 50, 13230, 530, 1210, 680, 1210, 13230, 30, 50, 50, 13230, 680, 530, 30, 13230, 1210, 50, 680, 530, 30, 1210, 2970, 6940, 20, 20, 6940, 6940, 20, 6940, 6940, 20, 20, 470, 1100, 1100, 470, 1100, 1100, 1100, 670, 10, 670, 670, 670, 670, 3160, 2280, 3160, 3160, 2280, 3160, 2280, 3160, 2280, 2280, 7620, 680, 7620, 680, 7620, 680, 680, 7620, 680, 7620, 27600, 27600, 27600, 200, 27600, 200, 200, 200, 200, 27600, 210, 50, 80, 2020, 50, 2020, 2020, 50, 2020, 50, 2020, 50, 80, 710, 2340, 710, 2340, 710, 2340, 710, 710, 2340, 2340, 930, 180, 4930, 1520, 520, 13960, 520, 930, 180, 520, 930, 1520, 4930, 180, 930, 4930, 180, 930, 4930, 4930, 180, 520, 520, 17100, 20, 17100, 17100, 20, 20, 20, 17100, 20, 17100, 60, 60, 60, 60, 140, 140, 540, 60, 140, 140, 540, 540, 540, 540, 140, 360, 50, 1020, 140, 50, 1020, 520, 170, 360, 50, 360, 50, 360, 40, 1020, 170, 40, 1020, 170, 360, 40, 170, 170, 50, 40, 1020, 1760, 40, 30, 20, 30, 360, 30, 30, 30, 750, 170, 40, 0, 6060, 3340, 1420, 40, 40, 170, 0, 170, 0, 170, 40, 3340, 1420, 0, 170, 40, 3340, 0, 1420, 3340, 1420, 1420, 3340, 730, 560, 280, 730, 0, 560, 730, 0, 280, 280, 560, 0, 560, 0, 280, 730, 280, 560, 600, 730, 3170, 0, 6470, 90, 90, 90, 6470, 90, 90, 27600, 4970, 4970, 3260, 0, 4970, 0, 4970, 0, 0, 0, 4970, 1020, 60, 60, 60, 60, 60, 350, 80, 80, 350, 350, 350, 350, 1130, 920, 1130, 1130, 1130, 1130, 310, 310, 10960, 310, 310, 2860, 310, 1330, 10, 10, 3150, 10, 1330, 1330, 10, 1330, 1330, 10, 100, 100, 100, 100, 210, 100, 340, 920, 70, 40, 40, 960, 40, 960, 40, 960, 960, 960, 40, 2750, 34480, 1830, 40, 70, 50, 50, 50, 520, 520, 520, 50, 6060, 70, 34480, 6060, 70, 34480, 70, 34480, 520, 40, 6060, 2750, 6060, 2750, 70, 34480, 520, 2750, 6060, 2750, 50, 150, 150, 150, 40, 150, 40, 40, 40, 150, 40, 340, 3050, 3050, 3050, 3050, 3050, 5520, 5660, 5660, 1280, 5660, 5660, 5660, 1180, 40, 40, 40, 10, 40, 40, 10, 10, 10, 10, 60, 30, 230, 110, 110, 230, 110, 230, 230, 110, 230, 110, 180, 10, 10, 10, 10, 10, 10, 310, 2410, 2680, 2680, 2680, 2680, 2680, 9220, 9220, 9220, 1580, 9220, 9220, 20, 570, 70, 20, 500, 20, 70, 20, 570, 570, 500, 570, 70, 70, 570, 70, 20, 580, 50, 260, 1570, 230, 50, 230, 360, 230, 580, 50, 7950, 230, 50, 230, 50, 1570, 820, 40, 820, 820, 820, 820, 110, 4970, 4970, 4970, 4970, 4970, 22600, 22600, 20, 20, 20, 20, 20, 3760, 10, 7570, 860, 6530, 20, 3430, 1500, 370, 1100, 1500, 6530, 2360, 10, 1500, 370, 860, 10, 6530, 1100, 1500, 370, 860, 370, 6530, 10, 860, 1500, 370, 6530, 10, 510, 1100, 1100, 1100, 10, 860, 8230, 3300, 8230, 3270, 10, 8230, 10, 8230, 10, 8230, 10, 10, 50, 50, 4220, 720, 1780, 720, 50, 4220, 50, 720, 4220, 50, 720, 4220, 720, 4220, 1570, 350, 140, 740, 1710]"
2020-11-03 14:30:00+00:00,9036680,13,3834.0,"[110, 920, 920, 110, 920, 920, 110, 920, 110, 110, 870, 4900, 320, 870, 320, 320, 870, 4900, 870, 4900, 4900, 4900, 320, 870, 320, 390, 700, 140, 390, 140, 390, 390, 140, 390, 830, 140, 140, 40, 1570, 1570, 10, 10, 1570, 11460, 4970, 10, 4970, 1570, 11460, 4970, 1570, 11460, 4970, 11460, 4970, 1570, 10, 11460, 10, 6230, 360, 6230, 6230, 6230, 6230, 570, 760, 570, 760, 570, 760, 760, 760, 570, 570, 10, 1470, 13960, 10, 10, 10, 10, 70, 70, 60, 70, 60, 60, 60, 70, 60, 70, 2800, 2800, 2800, 2800, 2800, 460, 2440, 4360, 4360, 4360, 2440, 2440, 2440, 2440, 4360, 4360, 50, 1430, 8930, 1820, 900, 900, 10, 4400, 10, 8930, 260, 3200, 1820, 900, 10, 50, 8930, 260, 10, 10, 900, 10, 50, 1820, 8930, 260, 900, 10, 50, 1820, 8930, 260, 10, 260, 10, 10, 50, 1820, 1570, 18170, 20, 200, 20, 1570, 20, 1570, 1570, 20, 1570, 20, 230, 420, 60, 220, 3930, 230, 10, 20, 8820, 10, 80, 10, 20, 10, 80, 20, 10, 20, 80, 80, 80, 20, 5190, 900, 900, 20, 20, 15870, 5190, 5190, 15870, 20, 900, 15870, 20, 900, 15870, 20, 900, 15870, 5190, 5190, 40, 27400, 1250, 260, 260, 27400, 260, 260, 260, 27400, 27400, 27400, 10, 500, 10, 80, 10000, 10, 10000, 10, 10, 10000, 10000, 10000, 20, 1010, 2330, 1010, 1010, 1010, 1010, 240, 240, 240, 240, 6010, 240, 80, 10, 10, 10, 10, 10, 10, 4000, 250, 4950, 4000, 250, 250, 250, 4950, 250, 70, 1850, 650, 360, 860, 70, 860, 70, 650, 650, 860, 860, 360, 860, 70, 650, 650, 70, 1850, 360, 3290, 360, 360, 2600, 2600, 2600, 2600, 2600, 190, 320, 9740, 170, 320, 3280, 3280, 30, 30, 320, 3280, 30, 3280, 30, 3280, 30, 320, 320, 9740, 80, 3280, 7010, 1710, 4900, 1710, 40, 40, 80, 1710, 80, 80, 40, 1710, 80, 40, 40, 1710, 30, 3590, 870, 1270, 100, 30, 3590, 30, 30, 3590, 30, 1270, 3590, 870, 3590, 30, 760, 930, 760, 930, 30, 760, 30, 760, 30, 30, 760, 3290, 20, 30, 130, 30, 20, 30, 30, 30, 660, 60, 9710, 870, 60, 60, 870, 870, 870, 9710, 870, 60, 9710, 19600, 9710, 60, 9710, 5350, 1980, 3780, 20, 3530, 3530, 20, 370, 3530, 20, 3780, 370, 370, 20, 370, 3780, 3530, 370, 20, 3780, 3530, 3780, 140, 4950, 140, 140, 140, 4950, 4950, 4950, 140, 4950, 650, 400, 400, 100, 100, 100, 650, 100, 400, 650, 100, 400, 650, 650, 400, 0, 500, 2100, 150, 2100, 150, 1820, 500, 2100, 150, 0, 150, 2100, 2100, 150, 130, 130, 2860, 20, 3430, 140, 130, 1380, 140, 130, 140, 130, 2860, 1380, 3430, 1440, 1380, 2860, 3430, 2860, 3430, 1380, 130, 2860, 3430, 20, 140, 140, 1380, 130, 1900, 1900, 1900, 1900, 1900, 940, 420, 2590, 2590, 2590, 2590, 2590, 1520, 2830, 10, 10, 10, 1520, 260, 1520, 1520, 10, 1520, 10, 2830, 180, 260, 180, 180, 180, 180, 2740, 2740, 110, 2740, 2740, 2740, 1240, 1240, 1240, 1240, 1240, 150, 110, 110, 110, 110, 110, 80, 480, 180, 3620, 80, 3620, 80, 180, 3620, 80, 3620, 80, 3620, 520, 1770, 4040, 520, 1770, 1770, 2420, 520, 520, 1770, 520, 1770, 1870, 270, 7770, 60, 60, 60, 6010, 60, 1870, 60, 1870, 1870, 1870, 4440, 1650, 1650, 4440, 3280, 1650, 1650, 1650, 4440, 4440, 4440, 3530, 10, 10, 20, 10, 10, 10, 1560, 50, 260, 260, 260, 260, 260, 7190, 5000, 310, 310, 7190, 5000, 310, 310, 310, 110, 5450, 650, 650, 650, 650, 5450, 110, 5450, 110, 5450, 650, 110, 5450, 110, 3120, 3120, 3120, 3120, 3120, 90, 320, 320, 320, 90, 90, 1060, 90, 320, 660, 320, 90, 1140, 1190, 1750, 2780, 10, 10, 1470, 2780, 1470, 2780, 10, 1470, 2780, 1470, 10, 1470, 2780, 10, 1540, 90, 540, 30, 1540, 1540, 30, 1540, 30, 30, 30, 1540, 20, 50, 20, 50, 3610, 1560, 520, 520, 3610, 20, 50, 3610, 50, 520, 3610, 50, 3610, 20, 20, 520, 520, 280, 900, 570, 280, 280, 280, 40, 900, 4210, 280, 900, 4210, 900, 40, 4210, 40, 4210, 900, 40, 350, 4210, 29150, 29150, 40, 220, 29150, 220, 40, 40, 29150, 220, 40, 40, 29150, 220, 220, 210, 10, 210, 10, 10, 10, 210, 210, 10, 210, 1770, 970, 1770, 970, 5710, 1770, 970, 5710, 1770, 970, 5710, 1770, 5710, 970, 5710, 340, 420, 22800, 22800, 420, 22800, 320, 340, 22800, 320, 320, 340, 420, 320, 340, 420, 22800, 420, 320, 340, 270, 1080, 1080, 1080, 270, 1080, 1080, 10860, 270, 270, 270, 120, 3460, 4460, 4460, 400, 510, 4460, 4460, 4460, 2770, 710, 130, 60, 40, 40, 40, 40, 40, 130, 130, 900, 900, 10, 900, 130, 900, 130, 10, 900, 140, 130, 10, 10, 10, 430, 530, 100, 430, 0, 100, 100, 430, 0, 0, 0, 0, 430, 430, 100, 100, 1370, 130, 1370, 130, 1370, 1370, 130, 1370, 130, 130, 22160, 22160, 22160, 22800, 80, 22160, 22160, 550, 3200, 8860, 80, 3200, 8860, 80, 550, 3200, 8860, 80, 3200, 8860, 2370, 8860, 80, 550, 550, 550, 10, 2250, 730, 2250, 3010, 3010, 320, 3010, 3010, 3010, 1310, 1310, 3160, 3340, 1310, 1310, 3340, 1310, 3340, 3340, 3340, 4560, 4560, 4560, 4560, 4560, 40, 600, 1770, 1770, 1770, 1770, 1770, 600, 1140, 100, 1140, 100, 140, 100, 140, 100, 100, 140, 1140, 140, 1140, 1140, 140, 180, 460, 460, 460, 460, 460, 13470, 0, 40, 1020, 0, 0, 40, 1020, 40, 40, 13470, 0, 40, 13470, 1020, 1020, 13470, 0, 1020, 13470, 0, 70, 70, 60, 0, 60, 70, 0, 70, 0, 60, 60, 0, 60, 70, 30, 1480, 34480, 390, 390, 1480, 390, 1480, 390, 390, 1480, 1480, 60, 510, 510, 180, 180, 510, 510, 180, 510, 180, 180, 50, 50, 50, 50, 50, 890, 180, 10, 3150, 260, 4880, 3150, 260, 3150, 4880, 4880, 190, 260, 3150, 260, 4880, 3150, 260, 4880, 1390, 3400, 1390, 1390, 1390, 1390, 29260, 3780, 330, 7550, 29260, 3780, 3780, 29260, 29260, 3780, 29260, 3780, 7550, 20, 20, 4900, 50, 50, 20, 1530, 0, 20, 50, 20, 20, 20, 20, 20, 50, 20, 50, 5000, 2200, 60, 500, 500, 500, 500, 500, 25400, 120, 120, 120, 120, 120, 2810, 15080, 20, 650, 20, 20, 2810, 20, 20, 1380, 220, 1710, 610, 1380, 1380, 1380, 220, 610, 1380, 4080, 910, 4080, 4080, 910, 4080, 910, 4080, 910, 910, 260, 4180, 4180, 19900, 4180, 4180, 4180, 3220, 400, 400, 400, 400, 3220, 3220, 3220, 400, 3220, 1640, 1640, 1640, 1640, 1640, 30, 4170, 1360, 3960, 3960, 6920, 5370, 30, 530, 6920, 30, 370, 3960, 3960, 30, 1360, 3960, 530, 1360, 530, 1360, 530, 1360, 30, 530, 6920, 6920, 30, 6920, 40, 250, 40, 40, 40, 40, 250, 200, 120, 120, 120, 120, 120, 120, 5060, 120, 510, 510, 120, 5060, 120, 510, 120, 510, 510, 140, 13150, 50, 50, 190, 10, 10, 50, 190, 13150, 140, 13150, 50, 190, 13150, 190, 10, 13150, 190, 10, 50, 10, 360, 330, 2950, 330, 330, 2950, 360, 330, 2950, 360, 330, 2950, 360, 360, 2950, 50, 1390, 2120, 2120, 4080, 4080, 1390, 4080, 360, 1390, 50, 360, 360, 1390, 4080, 2120, 50, 2120, 50, 2120, 50, 1390, 4080, 360, 360, 1470, 300, 1470, 300, 1470, 300, 1470, 300, 300, 1470, 2210, 1290, 820, 820, 820, 2210, 820, 1290, 820, 2210, 2210, 2210, 790, 17790, 300, 790, 790, 300, 17790, 790, 790, 5190, 230, 5190, 230, 60, 60, 60, 2580, 5190, 5190, 230, 60, 5190, 230, 60, 230, 870, 120, 120, 120, 120, 120, 20, 350, 15150, 760, 20, 400, 20, 400, 20, 440, 350, 440, 400, 400, 350, 440, 350, 440, 20, 350, 440, 400, 80, 2690, 2580, 120, 2690, 2690, 1330, 160, 80, 80, 160, 2580, 120, 80, 120, 2580, 120, 160, 1330, 160, 2580, 1330, 2580, 120, 2690, 1330, 80, 2690, 1330, 160, 1060, 3180, 3180, 3180, 1060, 1060, 3180, 1060, 1060, 3180, 1100, 130, 1270, 770, 1300, 1270, 130, 770, 1270, 130, 770, 1270, 130, 1270, 770, 130, 770, 3410, 20, 20, 80, 480, 480, 80, 80, 460, 670, 480, 20, 80, 20, 80, 20, 670, 670, 670, 670, 480, 480, 20, 120, 14500, 220, 1760, 220, 120, 220, 120, 220, 120, 1760, 120, 1760, 1760, 220, 1760, 90, 90, 90, 130, 130, 130, 130, 90, 130, 90, 50, 420, 13720, 1930, 80, 1930, 80, 1930, 50, 50, 80, 50, 80, 1930, 310, 1930, 80, 13720, 310, 13720, 310, 420, 310, 310, 13720, 50, 13720, 8300, 300, 300, 560, 820, 1320, 10, 80, 4050, 10, 1320, 1320, 1320, 820, 820, 820, 10, 1320, 820, 10, 10, 370, 370, 370, 370, 70, 370, 20, 20, 300, 300, 300, 300, 300, 410, 9450, 9450, 410, 500, 740, 40, 160, 390, 3730, 410, 9450, 500, 410, 9450, 500, 740, 500, 740, 500, 410, 9450, 1060, 29160, 60, 120, 8840, 70, 70, 860, 860, 70, 70, 70, 29160, 60, 860, 120, 120, 29160, 60, 8840, 860, 60, 120, 60, 29160, 860, 120, 29160, 7560, 100, 20, 7560, 100, 100, 9090, 9090, 100, 9090, 7560, 100, 9090, 7560, 9090, 7560, 360, 690, 3880, 360, 360, 3880, 360, 360, 1670, 1210, 190, 190, 0, 190, 190, 0, 0, 4080, 0, 0, 190, 860, 310, 160, 160, 160, 310, 860, 310, 860, 860, 160, 860, 310, 160, 310, 1460, 13470, 660, 660, 660, 660, 660, 15000, 10, 10, 10, 15000, 280, 400, 15000, 10, 280, 280, 280, 10, 10, 280, 15000, 10, 15000, 3130, 150, 150, 70, 150, 150, 150, 70, 370, 120, 120, 250, 3130, 250, 3130, 38680, 40, 680, 120, 120, 3130, 370, 3130, 40, 120, 370, 120, 3130, 250, 370, 120, 0, 120, 40, 370, 40, 120, 250, 120, 250, 40, 560, 80, 10, 10, 80, 560, 10, 560, 10, 10, 560, 560, 30, 1480, 1480, 1480, 1480, 1480, 560, 10, 230, 230, 6360, 230, 230, 230, 560, 140, 2690, 140, 140, 140, 140, 3300, 1170, 3300, 1170, 1170, 3300, 1170, 3300, 1170, 3300, 10, 90, 250, 10, 5310, 10, 180, 180, 180, 90, 10, 10, 10, 180, 180, 10, 9530, 160, 100, 720, 160, 350, 350, 100, 9040, 2380, 9040, 100, 100, 160, 9040, 50, 9040, 100, 2380, 160, 9040, 720, 350, 4140, 2380, 160, 4140, 350, 2380, 4140, 4140, 4140, 350, 2380, 20, 12410, 300, 20, 20, 300, 20, 300, 20, 300, 12410, 300, 3380, 3380, 3380, 3380, 3380, 240, 10, 240, 10, 240, 10, 240, 10, 240, 10, 28360, 28360, 28360, 28360, 28360, 3290, 360, 70, 400, 120, 3290, 400, 3290, 400, 360, 360, 3290, 400, 400, 360, 360, 3290, 9680, 1080, 1480, 9680, 9680, 9680, 9680, 360, 180, 4540, 110, 40, 40, 180, 40, 180, 360, 110, 40, 360, 360, 180, 180, 40, 360, 510, 5390, 890, 890, 890, 510, 890, 510, 890, 510, 510, 108250, 108250, 120, 120, 7430, 300, 50, 50, 300, 1760, 50, 300, 120, 300, 50, 50, 300, 170, 890, 4260, 2540, 3430, 10, 240, 890, 170, 240, 10, 170, 240, 890, 170, 240, 4260, 170, 10, 890, 2540, 240, 4260, 60, 4260, 10, 10, 890, 4260, 710, 4080, 720, 4080, 12140, 4600, 5660, 4600, 4600, 4600, 5660, 4600, 350, 2950, 0, 80, 0, 0, 0, 0, 280, 70, 130, 280, 60, 370, 130, 370, 370, 300, 280, 280, 280, 370, 70, 130, 70, 130, 70, 370, 70, 130, 1910, 1910, 1910, 1910, 1910, 100, 2840, 1400, 210, 4180, 210, 4180, 210, 2840, 100, 210, 210, 4180, 100, 210, 210, 2840, 100, 210, 4180, 2840, 100, 210, 2840, 210, 4180, 1840, 1840, 1840, 1840, 1840, 100, 180, 180, 100, 2580, 100, 2580, 100, 2580, 2580, 180, 180, 180, 100, 2580, 1300, 180, 20, 20, 1300, 20, 20, 1300, 20, 1300, 1300, 450, 4850, 280, 2370, 310, 310, 450, 450, 310, 450, 310, 450, 310, 90, 280, 1770, 110, 110, 110, 110, 110, 30, 990, 3600, 3180, 10, 30, 30, 990, 3180, 3180, 3180, 3600, 30, 3600, 30, 3180, 3600, 3600, 270, 190, 190, 270, 190, 270, 190, 270, 190, 270, 2160, 220, 1920, 10, 140, 1920, 10, 20, 4360, 10, 140, 20, 4360, 20, 2160, 1920, 20, 140, 1420, 10, 4360, 20, 220, 4360, 4360, 1920, 2160, 1420, 140, 2160, 1420, 2160, 140, 1920, 220, 10, 220, 1420, 1420, 220, 8090, 8090, 8090, 8090, 8090, 80, 150, 7360, 3020, 150, 150, 7360, 7360, 3020, 150, 3020, 80, 3020, 7360, 3020, 150, 7360, 240, 240, 240, 240, 240, 20, 20, 20, 20, 20, 50, 1790, 110, 50, 50, 50, 50, 110, 260, 690, 310, 370, 1400, 690, 690, 690, 1400, 310, 1400, 310, 1400, 310, 690, 310, 1400, 10, 16480, 16480, 16480, 16480, 10, 450, 16480, 20, 2580, 40, 40, 40, 2580, 20, 40, 40, 110, 140, 640, 2940, 630, 13590, 320, 630, 320, 640, 13590, 2940, 320, 630, 13590, 2940, 640, 13590, 2940, 320, 630, 2940, 640, 13590, 630, 320, 640, 30, 1240, 1390, 1390, 1390, 1390, 1390, 1240, 1240, 1240, 1240, 270, 270, 270, 270, 270, 100, 310, 310, 10810, 310, 310, 10810, 310, 470, 2100, 520, 2100, 660, 2100, 660, 2100, 660, 2100, 660, 470, 40, 40, 40, 40, 240, 240, 240, 40, 240, 240, 20, 2610, 13590, 20, 2610, 13590, 13590, 20, 20, 2610, 2610, 13590, 20, 2610, 13590, 350, 1540, 680, 6320, 100, 1540, 350, 1540, 350, 6320, 100, 350, 680, 350, 6320, 6320, 6320, 1540, 1540, 1290, 20, 13540, 280, 390, 20, 280, 390, 13540, 280, 20, 1290, 390, 13540, 280, 1290, 390, 20, 13540, 390, 1290, 20, 1290, 13540, 280, 60, 1300, 1080, 2710, 1300, 4480, 70, 70, 2710, 1080, 60, 1300, 2710, 70, 1080, 60, 1300, 2710, 70, 60, 1080, 1080, 70, 2710, 60, 1300, 140, 10, 20, 10, 20, 20, 140, 140, 140, 2580, 2580, 20, 2580, 10, 2580, 20, 10, 140, 2580, 10, 4170, 1540, 1980, 1540, 1980, 1980, 1540, 1540, 1980, 1540, 1980, 31300, 4170, 240, 40, 40, 40, 2530, 40, 2530, 2530, 2530, 2530, 40, 140, 80, 680, 270, 680, 140, 680, 140, 680, 140, 80, 80, 270, 680, 80, 140, 80, 3480, 50, 2480, 2760, 2760, 2760, 2760, 3480, 50, 2480, 3480, 3480, 3480, 2480, 2480, 2480, 6500, 4290, 70, 240, 6500, 6500, 4290, 6500, 4290, 240, 6500, 4290, 240, 240, 240, 4290, 120, 20, 3990, 120, 120, 20, 3990, 120, 120, 22880, 34220, 910, 10, 34220, 8630, 60, 1550, 120, 120, 120, 120, 120, 3840, 40, 40, 40, 40, 3840, 40, 3840, 3840, 3840, 950, 0, 0, 0, 0, 0, 950, 1050, 2870, 250, 1140, 1050, 120, 1050, 2870, 250, 2870, 250, 1050, 2870, 250, 250, 1050, 2870, 160, 610, 4860, 4860, 610, 610, 610, 4860, 610, 4860, 4860, 40, 3090, 100, 3090, 100, 3090, 100, 3090, 3090, 100, 2610, 100, 120, 30, 1050, 140, 120, 120, 30, 120, 30, 140, 30, 140, 140, 30, 140, 120, 100, 440, 440, 20, 440, 440, 440, 1820, 420, 10, 890, 50, 50, 890, 890, 10, 420, 50, 50, 50, 890, 890, 10, 380, 680, 680, 10, 680, 680, 10, 680, 10, 10, 90, 30, 410, 90, 90, 90, 90, 160, 160, 10810, 710, 160, 160, 10810, 10810, 160, 10810, 160, 10810, 160, 1740, 60, 60, 80, 60, 360, 1740, 60, 1740, 360, 360, 360, 1740, 1740, 60, 360, 60, 60, 60, 60, 11630, 60, 1080, 3430, 100, 3100, 3430, 3430, 3430, 3430, 690, 3140, 20, 1800, 0, 690, 120, 690, 690, 690, 0, 0, 0, 0, 30, 160, 310, 310, 310, 310, 310, 730, 480, 730, 480, 730, 480, 150, 480, 730, 480, 730, 2160, 100, 580, 580, 580, 100, 100, 2160, 580, 100, 100, 580, 2200, 110, 250, 1080, 1080, 4250, 210, 1080, 2200, 4250, 210, 250, 110, 250, 210, 260, 2200, 2200, 1080, 4250, 210, 250, 110, 1080, 2200, 4250, 210, 250, 110, 110, 4250, 6800, 20, 330, 330, 810, 2920, 3840, 810, 6800, 6800, 810, 810, 330, 3840, 3840, 3840, 6800, 810, 6800, 330, 20, 330, 3840, 2580, 1690, 200, 60, 3140, 60, 200, 200, 1690, 3140, 3140, 60, 1690, 2580, 200, 60, 3140, 1690, 60, 1690, 200, 3140, 140, 310, 80, 3290, 140, 310, 80, 3540, 20, 3290, 3290, 740, 3540, 140, 740, 740, 3290, 3540, 740, 140, 310, 80, 3540, 80, 140, 310, 740, 3290, 3540, 80, 310, 420, 420, 420, 3950, 420, 420, 1820, 850, 9660, 170, 110, 630, 720, 110, 630, 1820, 110, 720, 170, 720, 110, 720, 170, 630, 110, 720, 170, 630, 1820, 1820, 1820, 630, 170, 510, 60, 60, 60, 60, 510, 60, 890, 890, 890, 3780, 140, 890, 3780, 140, 60, 890, 3780, 140, 60, 3780, 140, 60, 3780, 60, 140, 60, 2500, 910, 540, 4250, 4250, 540, 4250, 2500, 120, 540, 2500, 120, 540, 2500, 120, 4250, 540, 2500, 120, 4250, 120, 70, 770, 20, 20, 20, 70, 70, 20, 70, 20, 770, 70, 4860, 10, 610, 540, 2170, 320, 610, 610, 1480, 1480, 320, 10, 2900, 1480, 10, 1480, 320, 10, 320, 10, 1480, 2900, 610, 2900, 2900, 2900, 320, 610, 120, 30, 120, 120, 3120, 3120, 3120, 120, 3120, 120, 2440, 3120, 10, 840, 10, 10, 10, 10, 60, 2160, 4250, 6220, 60, 60, 60, 4250, 4250, 4250, 4250, 60, 20, 1870, 4680, 4680, 4680, 4680, 1860, 4680, 1540, 2120, 2500, 1060, 1060, 1060, 1060, 1060, 140, 2480, 810, 460, 460, 810, 810, 2790, 2790, 2480, 460, 2480, 460, 2790, 2480, 810, 2790, 2480, 460, 810, 2790, 2830, 590, 590, 120, 590, 590, 590, 2830, 4500, 4500, 310, 40, 120, 40, 40, 7380, 7380, 40, 7380, 280, 4500, 40, 310, 4500, 7380, 7380, 4500, 60, 10, 2250, 1480, 1770, 640, 10, 1480, 1480, 1480, 10, 2250, 1480, 2250, 10, 2250, 10, 2250, 3120, 500, 30, 30, 190, 500, 30, 190, 3120, 3120, 30, 190, 3120, 500, 30, 190, 500, 3120, 500, 190, 3900, 1010, 60, 60, 3900, 3900, 60, 3900, 3900, 60, 60, 23000, 5660, 5660, 5660, 5660, 23000, 5660, 920, 30, 1070, 3260, 920, 920, 920, 920, 440, 10, 380, 17390, 270, 380, 380, 160, 17390, 440, 17390, 380, 160, 440, 380, 160, 440, 270, 17390, 160, 160, 440, 17390, 210, 60, 540, 22320, 210, 60, 22320, 230, 16360, 60, 22320, 210, 60, 9460, 210, 22320, 60, 22320, 210, 200, 3790, 200, 3790, 3790, 3790, 200, 200, 200, 3790, 1670, 170, 170, 40, 40, 40, 170, 1670, 23000, 1670, 40, 1670, 1670, 40, 170, 170, 2630, 110, 2410, 420, 110, 2410, 110, 2410, 420, 2410, 420, 420, 110, 2410, 110, 420, 3600, 140, 330, 90, 90, 140, 330, 3600, 140, 3600, 90, 330, 140, 90, 140, 3600, 90, 330, 3600, 330, 210, 310, 410, 860, 300, 310, 410, 310, 310, 300, 860, 410, 300, 410, 860, 860, 310, 300, 410, 860, 300, 190, 23000, 300, 190, 23000, 190, 70, 190, 560, 190, 10, 10, 10, 10, 10, 1600, 2860, 140, 3120, 50, 50, 140, 50, 140, 140, 50, 140, 50, 300, 14720, 18840, 250, 250, 0, 250, 250, 250, 23000, 10, 41980, 440, 480, 20, 440, 23000, 0, 10, 20, 10, 440, 23000, 0, 10, 20, 440, 41980, 0, 20, 23000, 0, 10, 440, 23000, 0, 20, 550, 810, 30, 4860, 3820, 30, 3820, 4860, 30, 3820, 4860, 3820, 4860, 3820, 30, 4860, 30, 110, 120, 120, 120, 120, 120, 1920, 90, 90, 90, 140, 90, 90, 50, 2520, 10, 790, 50, 2530, 790, 600, 160, 10, 50, 600, 600, 10, 790, 600, 50, 10, 2530, 790, 790, 10, 50, 600, 2520, 2530, 2520, 2520, 2530, 2520, 2530, 30, 8520, 1730, 30, 30, 1730, 30, 30, 1730, 1730, 1730, 950, 10150, 10150, 10150, 10150, 10150, 270, 880, 10, 10, 830, 830, 30, 940, 3260, 10, 30, 30, 940, 830, 940, 30, 830, 10, 30, 880, 940, 880, 940, 880, 880, 830, 10, 90, 1120, 1780, 3260, 10450, 280, 400, 10450, 10450, 1780, 1120, 90, 1780, 3260, 1120, 1780, 90, 3260, 10450, 1120, 1780, 90, 3260, 10450, 1120, 3260, 90, 20, 820, 20, 600, 820, 820, 600, 600, 20, 900, 820, 600, 20, 820, 20, 600, 710, 710, 30, 30, 30, 30, 650, 30, 3140, 70, 3140, 1600, 1600, 3140, 1600, 1600, 3140, 33380, 70, 3140, 70, 1600, 70, 70, 280, 8770, 8770, 70, 2560, 70, 1160, 70, 2560, 2560, 1160, 1160, 70, 1160, 70, 1160, 2560, 2560, 910, 1780, 120, 60, 8300, 8300, 8300, 120, 60, 8300, 120, 910, 60, 120, 910, 120, 910, 60, 1780, 60, 8300, 1780, 1780, 1780, 910, 910, 40, 790, 3140, 790, 3140, 3140, 790, 790, 3140, 40, 790, 3140, 40, 40, 40, 2220, 2220, 2220, 2220, 2220, 100, 110, 1520, 4480, 4480, 2280, 4480, 2280, 110, 1520, 2280, 1520, 110, 2280, 1520, 110, 2280, 1520, 110, 100, 4480, 100, 730, 100, 100, 4480, 3760, 3760, 10, 3760, 3760, 3760, 600, 220, 200, 220, 220, 220, 220, 20, 20, 180, 1680, 240, 1680, 4360, 240, 4360, 4360, 240, 4360, 240, 4360, 240, 240, 0, 1600, 1680, 730, 1580, 110, 83240, 83240, 83240, 83240, 1580, 1580, 83240, 1580, 1580, 830, 20, 2590, 290, 20, 290, 20, 290, 830, 290, 20, 2590, 830, 830, 290, 20, 830, 600, 8060, 370, 20, 270, 1490, 20, 20, 8060, 370, 8060, 20, 8060, 370, 20, 600, 8060, 370, 600, 600, 370, 600, 270, 780, 150, 170, 400, 50, 50, 0, 780, 780, 400, 150, 50, 50, 780, 400, 150, 400, 150, 50, 170, 0, 400, 150, 780, 630, 13870, 390, 390, 20, 2780, 20, 20, 2780, 390, 2780, 20, 2780, 20, 390, 2780, 390, 1030, 1030, 240, 1030, 40, 1420, 3870, 40, 40, 4120, 1030, 40, 240, 240, 1030, 3870, 240, 4120, 4120, 240, 4120, 40, 4120, 1110, 3000, 5270, 5270, 5270, 5270, 1890, 5270, 840, 660, 120, 6560, 120, 120, 660, 120, 660, 660, 120, 660, 20, 1890, 5830, 1890, 5830, 0, 5830, 1890, 1890, 1890, 5830, 5830, 33380, 33380, 24510, 120, 1290, 33380, 1290, 24510, 24510, 120, 120, 120, 1290, 33380, 120, 1290, 24510, 33380, 1290, 24510, 330, 1620, 330, 330, 1620, 1620, 330, 1620, 1620, 330, 4310, 20, 1540, 33380, 1540, 20, 33380, 20, 33380, 1540, 33380, 33380, 20, 1540, 1540, 20, 120, 2580, 30120, 30120, 2580, 30120, 2580, 120, 30120, 2580, 120, 2580, 120, 120, 30120, 280, 4200, 4050, 4200, 1680, 1680, 4200, 280, 4200, 1680, 1680, 280, 4200, 280, 280, 1680, 340, 670, 8290, 670, 6640, 670, 850, 340, 8290, 340, 850, 850, 670, 340, 850, 8290, 670, 340, 850, 8290, 8290, 6640, 4540, 430, 5950, 40, 40, 40, 40, 40, 3530, 40, 2420, 1540, 1420, 1690, 1690, 1420, 1420, 1010, 3530, 180, 40, 2170, 3530, 180, 40, 3530, 40, 1010, 1690, 3530, 180, 40, 1010, 1420, 1010, 180, 1690, 1420, 180, 1010, 1690, 210, 4190, 60, 4190, 210, 60, 4190, 210, 530, 60, 4190, 210, 60, 210, 60, 4190, 170, 3240, 220, 170, 220, 170, 220, 220, 20, 170, 170, 3240, 220, 140, 330, 330, 330, 330, 140, 30, 30, 140, 120, 120, 130, 30, 140, 330, 120, 130, 30, 140, 120, 30, 130, 120, 130, 130, 340, 240, 4850, 4850, 340, 4850, 340, 4850, 240, 340, 4850, 340, 40, 40, 10020, 10020, 40, 10020, 10020, 40, 10020, 40, 30, 3320, 30, 30, 30, 4480, 580, 3320, 4480, 3380, 3320, 580, 3380, 3320, 4480, 3380, 30, 3320, 580, 4480, 3380, 580, 3380, 580, 4480]"
2020-11-03 14:35:00+00:00,8683750,1,3064.0,"[1030, 290, 290, 290, 290, 290, 910, 640, 1720, 910, 910, 910, 910, 60, 10, 440, 10, 440, 60, 10, 440, 60, 10, 440, 10, 60, 60, 440, 80, 810, 1230, 1230, 810, 30, 810, 1230, 1230, 1230, 810, 80, 810, 8590, 7370, 7370, 8590, 1110, 20, 20, 1110, 1110, 1110, 20, 1110, 20, 1430, 20, 550, 550, 560, 3490, 10, 10, 550, 3490, 560, 560, 560, 10, 550, 3490, 560, 10, 3490, 10, 3490, 1990, 130, 890, 1990, 890, 1990, 890, 1990, 890, 1990, 890, 3370, 11350, 3130, 200, 3370, 3130, 3130, 3370, 3370, 3130, 3370, 3130, 200, 70, 1470, 1470, 1470, 1470, 1470, 1600, 17980, 810, 10, 1600, 10, 1600, 10, 810, 1600, 10, 810, 810, 1600, 10, 17980, 810, 1180, 870, 1720, 2760, 870, 2760, 110, 870, 2760, 870, 2760, 1180, 110, 110, 110, 2760, 870, 110, 10980, 300, 3130, 280, 280, 300, 3130, 440, 300, 300, 280, 300, 10980, 3130, 3130, 280, 280, 3130, 15600, 3910, 940, 940, 15600, 3910, 15600, 940, 3910, 940, 15600, 3910, 940, 15600, 3910, 90, 90, 130, 90, 130, 90, 130, 90, 130, 90, 130, 90, 3760, 80, 1080, 80, 1080, 1080, 80, 1080, 80, 80, 1080, 0, 0, 0, 0, 0, 57270, 57270, 13390, 80, 13390, 57270, 57270, 80, 13390, 80, 57270, 13390, 80, 13390, 80, 190, 560, 2180, 2180, 940, 1900, 190, 560, 10, 2180, 190, 940, 2180, 2180, 560, 190, 940, 560, 190, 940, 940, 560, 40, 300, 20520, 40, 40, 40, 20520, 300, 300, 40, 300, 300, 1710, 100, 100, 1710, 1710, 100, 1710, 100, 1710, 100, 480, 480, 480, 480, 480, 830, 3640, 3640, 2200, 3640, 3640, 2380, 3640, 21060, 7410, 20, 20, 7410, 20, 20, 7410, 20, 7410, 7410, 20, 20, 440, 160, 0, 440, 0, 440, 0, 440, 0, 440, 0, 160, 1510, 5040, 4380, 1510, 1510, 4380, 1510, 4380, 5040, 1510, 9640, 4380, 4380, 1070, 2270, 2270, 20, 1070, 10, 10, 10, 2270, 10, 10, 10, 10, 10, 1070, 1070, 10, 2270, 10, 1070, 10, 2270, 10, 10, 10, 10, 120, 20520, 60, 8150, 60, 20, 60, 20, 8150, 120, 8150, 120, 20, 60, 8150, 120, 20, 8150, 120, 60, 20, 20520, 1500, 110, 14040, 1500, 14040, 80, 1500, 1500, 14040, 14040, 1500, 14040, 360, 620, 50, 1400, 1500, 4070, 290, 50, 30, 50, 4070, 50, 4070, 50, 4070, 30, 4070, 910, 9000, 9000, 910, 9000, 9000, 910, 9000, 910, 910, 4030, 610, 10, 610, 610, 10, 610, 4030, 10, 10, 10, 610, 9460, 5830, 9460, 5830, 9460, 9460, 9460, 850, 1120, 850, 1120, 1120, 850, 850, 1120, 850, 1120, 3120, 140, 26390, 2420, 2420, 26390, 140, 3780, 140, 140, 2420, 26390, 3780, 26390, 2420, 3780, 26390, 2420, 3780, 3780, 140, 80, 100, 800, 800, 800, 800, 100, 800, 1120, 1150, 310, 7960, 7960, 310, 7960, 7960, 1120, 310, 7960, 1120, 1120, 1120, 310, 310, 2420, 450, 13360, 450, 13360, 13360, 450, 450, 2420, 13360, 2420, 2420, 2420, 450, 13360, 10020, 1350, 160, 10020, 400, 400, 1350, 400, 1790, 1350, 1790, 400, 1790, 1350, 10020, 160, 10020, 160, 400, 10020, 1790, 1350, 160, 160, 1790, 15600, 140, 2760, 140, 140, 140, 140, 20, 6500, 6500, 6500, 6500, 6500, 5540, 2320, 2320, 2320, 2320, 2320, 5540, 230, 11350, 15600, 2710, 180, 11350, 15600, 230, 180, 11350, 180, 230, 11350, 15600, 15600, 230, 11350, 180, 15600, 230, 180, 90, 90, 0, 90, 90, 90, 1660, 1350, 490, 390, 4800, 4800, 490, 1660, 4800, 4800, 1660, 1660, 4800, 1660, 40, 140, 13080, 40, 140, 40, 13080, 140, 140, 40, 13080, 40, 140, 13080, 13080, 40, 40, 40, 40, 40, 40, 40, 5760, 80, 800, 80, 800, 260, 800, 80, 800, 80, 80, 800, 1130, 470, 8080, 1130, 470, 470, 1130, 470, 1130, 470, 1130, 1280, 3160, 3160, 3160, 3160, 3160, 11220, 8840, 260, 40, 260, 40, 260, 11220, 40, 11220, 260, 260, 11220, 11220, 40, 40, 4610, 90, 4610, 90, 4610, 4610, 90, 4610, 90, 90, 2040, 2040, 2040, 2040, 2040, 3520, 9460, 3520, 3520, 3520, 3520, 3960, 70, 260, 3960, 2180, 70, 260, 70, 260, 260, 3960, 2180, 70, 3960, 2180, 3960, 2180, 260, 70, 2180, 32560, 80, 32560, 2470, 2910, 80, 790, 32560, 140, 790, 32560, 80, 2470, 790, 80, 790, 32560, 80, 790, 950, 2650, 370, 950, 950, 950, 950, 370, 160, 160, 160, 160, 160, 1030, 4610, 10, 310, 310, 1030, 310, 150, 1030, 310, 10, 1030, 10, 10, 1030, 310, 10, 0, 10, 3380, 3380, 50, 3380, 3380, 0, 3380, 0, 0, 0, 50, 50, 50, 50, 190, 20, 20, 20, 20, 190, 200, 200, 190, 20, 190, 200, 200, 20, 190, 200, 170, 1470, 1470, 40, 40, 40, 40, 40, 910, 1500, 910, 30, 860, 320, 60, 860, 540, 320, 30, 860, 30, 540, 320, 860, 60, 540, 860, 320, 320, 60, 540, 30, 60, 30, 540, 60, 100, 3390, 100, 100, 3390, 20, 3390, 110, 20, 3390, 100, 20, 3390, 100, 20, 20, 280, 150, 420, 180, 420, 420, 40, 420, 40, 40, 420, 40, 40, 290, 20, 350, 830, 2420, 9640, 0, 0, 0, 0, 0, 9640, 830, 1390, 1390, 10880, 1390, 1390, 10880, 10880, 10880, 10880, 1390, 12070, 2620, 2620, 2620, 2620, 2620, 180, 140, 4680, 4680, 480, 10, 480, 1720, 10, 480, 10, 10, 480, 10, 480, 90, 90, 90, 90, 90, 9720, 9720, 9720, 9720, 9720, 320, 20, 20, 320, 20, 320, 20, 320, 320, 20, 320, 320, 2580, 170, 2580, 170, 320, 2580, 320, 2580, 170, 2580, 320, 170, 170, 10, 2030, 2030, 10, 10, 10, 2030, 2030, 10, 2030, 5260, 5020, 5020, 5020, 5020, 5020, 120, 1990, 40, 120, 120, 120, 120, 40, 3710, 50, 40, 50, 40, 50, 3710, 50, 50, 50, 40, 50, 3710, 50, 50, 3710, 40, 3710, 50, 300, 2860, 2100, 2100, 2860, 2100, 2860, 80, 2860, 2100, 2860, 2100, 40, 40, 40, 40, 40, 30, 40, 70, 5220, 70, 5290, 1390, 1390, 30, 5290, 5290, 70, 5290, 30, 70, 1390, 40, 40, 40, 5290, 30, 40, 1390, 70, 1390, 1990, 1990, 1990, 1990, 1990, 560, 40, 40, 40, 40, 40, 120, 1660, 5020, 120, 1660, 1660, 1660, 120, 1660, 120, 120, 30, 4680, 2400, 65480, 2400, 9720, 30, 30, 2400, 65480, 2400, 65480, 30, 2400, 30, 65480, 770, 50, 410, 1500, 460, 110, 110, 110, 770, 460, 460, 770, 110, 50, 460, 770, 460, 110, 770, 30, 2490, 180, 240, 30, 1640, 30, 240, 1640, 240, 30, 240, 1640, 180, 180, 1640, 180, 240, 180, 30, 1640, 1980, 1190, 1980, 1190, 1980, 130, 130, 1190, 1190, 1980, 1190, 130, 1980, 130, 130, 1200, 1550, 1550, 1850, 1850, 1550, 1850, 1550, 1850, 1200, 1850, 1550, 7960, 10, 340, 100, 1460, 1460, 1460, 100, 50, 1460, 10, 100, 1460, 100, 100, 990, 910, 1950, 150, 990, 230, 990, 910, 1950, 910, 910, 990, 230, 910, 1950, 230, 1950, 990, 230, 230, 1950, 2280, 29740, 10, 2280, 29740, 1160, 29740, 2280, 2280, 2280, 29740, 29740, 300, 80, 300, 300, 300, 300, 50, 50, 50, 1990, 50, 50, 20, 80, 80, 20, 80, 80, 20, 20, 20, 80, 320, 300, 6790, 300, 510, 300, 6790, 300, 300, 3030, 3030, 3170, 1240, 1240, 120, 100, 3170, 100, 120, 120, 100, 100, 1240, 120, 1240, 100, 120, 3170, 1240, 3030, 3030, 3170, 3030, 3170, 190, 280, 190, 190, 190, 190, 280, 220, 1320, 8620, 1610, 8620, 1610, 8620, 1320, 1610, 1320, 1610, 1320, 8620, 1320, 4800, 4800, 8620, 4800, 1610, 4800, 4800, 1980, 1980, 1980, 1980, 1980, 1480, 10, 30, 1480, 10, 80, 30, 10, 30, 10, 30, 10, 30, 300, 1480, 300, 300, 300, 1480, 300, 1480, 160, 2320, 160, 160, 160, 160, 260, 260, 10180, 4000, 260, 10180, 260, 260, 10180, 10180, 10180, 10810, 80, 270, 80, 10810, 270, 270, 10810, 10810, 270, 80, 270, 10810, 80, 80, 760, 5130, 1950, 1950, 5130, 1950, 760, 5130, 760, 1950, 760, 5130, 760, 5130, 1950, 980, 980, 40, 290, 980, 1190, 290, 1190, 290, 980, 1190, 290, 980, 1190, 290, 1190, 40, 10000, 10000, 10000, 10000, 10000, 30, 20, 6730, 30, 30, 6730, 50, 70, 20, 30, 6730, 20, 6730, 20, 6730, 20, 30, 1430, 18040, 1430, 1180, 360, 360, 1630, 180, 360, 1630, 360, 360, 360, 1180, 1630, 1630, 360, 360, 360, 1630, 360, 3380, 60, 1170, 4770, 4770, 4770, 4770, 4770, 10, 2220, 19360, 10, 10, 10, 10, 1520, 1520, 1520, 1540, 170, 7430, 7430, 150, 170, 1520, 4040, 170, 4040, 170, 7430, 4040, 170, 7430, 4040, 1520, 7430, 4040, 1610, 220, 100, 10, 100, 220, 100, 2180, 10, 10, 220, 2180, 220, 10, 2180, 220, 10, 2180, 2180, 100, 100, 40, 40, 70, 10180, 130, 5180, 70, 10180, 70, 70, 10180, 70, 10180, 10180, 880, 170, 170, 170, 170, 170, 2980, 110, 360, 2980, 500, 2800, 10, 800, 164480, 110, 110, 2980, 2980, 2800, 2800, 10, 360, 10, 360, 2800, 360, 10, 2800, 2980, 110, 360, 10, 110, 200, 200, 200, 200, 200, 11920, 11920, 11920, 11920, 11920, 2690, 90, 2690, 2690, 2690, 90, 90, 90, 2690, 90, 10180, 240, 4120, 50, 510, 50, 510, 510, 50, 510, 240, 50, 50, 510, 290, 320, 320, 30, 30, 30, 30, 30, 880, 20, 880, 20, 20, 880, 20, 880, 20, 880, 4380, 9660, 9660, 9660, 9660, 4380, 9660, 1520, 1100, 1100, 1100, 1100, 1100, 0, 310, 0, 0, 0, 0, 310, 3910, 120, 630, 11900, 630, 630, 11900, 11900, 120, 11900, 630, 630, 11900, 1190, 5930, 600, 6010, 6010, 5930, 600, 6010, 5930, 1190, 600, 1190, 6010, 600, 1190, 6010, 5930, 600, 1190, 5930, 2530, 240, 2530, 2530, 2530, 2530, 4930, 340, 90, 340, 60, 60, 90, 4930, 60, 340, 340, 60, 340, 90, 60, 4930, 90, 4930, 4930, 90, 620, 5310, 3460, 5310, 130, 1900, 0, 0, 130, 0, 0, 130, 0, 1900, 130, 130, 650, 20, 2140, 270, 380, 270, 10, 270, 20, 270, 10, 10, 20, 10, 20, 10, 20, 270, 3290, 1150, 5760, 3290, 3290, 3290, 1150, 3290, 1150, 1150, 1150, 2320, 13540, 2320, 2320, 30, 30, 30, 30, 2320, 30, 2320, 460, 250, 330, 4500, 4500, 4500, 460, 4500, 460, 460, 460, 4500, 2600, 2600, 300, 2600, 2600, 6650, 2600, 10, 110, 110, 42140, 2430, 2430, 110, 2430, 110, 2430, 110, 670, 370, 670, 1190, 10, 17630, 1660, 10, 1660, 10, 1660, 1190, 1660, 10, 1660, 1190, 1190, 10, 1190, 790, 70, 70, 70, 70, 70, 720, 720, 720, 720, 720, 3920, 440, 5840, 3920, 440, 5840, 5840, 3920, 440, 5840, 3920, 440, 5840, 440, 3920, 120, 450, 24030, 24030, 270, 120, 24030, 270, 24030, 24030, 120, 1650, 270, 270, 120, 270, 120, 8120, 2760, 2760, 4970, 2760, 4970, 4970, 4970, 4970, 2760, 130, 1080, 1080, 950, 130, 90, 190, 130, 950, 1080, 90, 950, 1080, 90, 130, 950, 130, 950, 1080, 90, 90, 180, 360, 20, 20, 360, 360, 70, 70, 20, 70, 20, 360, 20, 70, 70, 360, 1080, 1080, 1080, 190, 1080, 400, 1080, 190, 1040, 190, 1040, 190, 190, 1040, 1040, 160, 160, 160, 160, 160, 50, 1660, 50, 50, 0, 50, 50, 1660, 150, 6620, 6620, 6620, 6620, 6620, 1360, 480, 90, 480, 14140, 480, 40, 290, 480, 40, 1360, 40, 40, 40, 480, 40, 40, 40, 40, 40, 770, 770, 770, 770, 770, 850, 1140, 1140, 9450, 850, 850, 5960, 9450, 5960, 1140, 9450, 850, 5960, 1140, 9450, 850, 9450, 1140, 5960, 5960, 2710, 3260, 70, 70, 70, 70, 70, 3260, 2710, 3890, 2710, 2710, 2710, 580, 810, 3520, 3520, 3520, 3520, 3520, 6570, 0, 0, 1050, 6570, 6570, 0, 6570, 0, 6570, 0, 3520, 1280, 15650, 30, 30, 5090, 160, 5090, 410, 5090, 410, 160, 5090, 410, 160, 5090, 410, 160, 410, 160, 1060, 1710, 1060, 1710, 1060, 1710, 1710, 1060, 1710, 1060, 140, 0, 2150, 80, 80, 140, 2150, 140, 2150, 140, 2150, 80, 140, 2150, 80, 80, 5700, 5700, 12600, 1080, 5700, 5700, 5700, 270, 320, 0, 9530, 0, 320, 9530, 570, 0, 0, 570, 570, 570, 570, 0, 3460, 50, 0, 620, 410, 410, 620, 50, 0, 620, 410, 620, 410, 50, 620, 50, 410, 50, 470, 140, 60, 1590, 50, 1590, 1590, 60, 1590, 60, 1590, 60, 60, 110, 390, 110, 3470, 110, 110, 110, 2800, 2120, 2120, 900, 9820, 50, 1860, 15360, 4150, 15360, 1860, 15360, 4150, 15360, 15360, 4150, 900, 1860, 50, 4150, 1860, 4150, 1860, 400, 5490, 5490, 1040, 1040, 5490, 1040, 5490, 5490, 1040, 1040, 3110, 3110, 3110, 3110, 3110, 10, 1860, 7120, 1860, 3040, 980, 2520, 2520, 1610, 3040, 2520, 980, 3040, 620, 2520, 3040, 2520, 3040, 10, 8590, 330, 560, 330, 8590, 330, 8590, 330, 8590, 330, 8590, 110, 10, 110, 10, 110, 10, 10, 10, 110, 110, 260, 10, 10, 10, 10, 10, 230, 230, 50, 420, 40, 50, 420, 50, 40, 1240, 420, 50, 420, 50, 40, 40, 420, 40, 890, 160, 40, 130, 1490, 160, 160, 890, 130, 130, 890, 40, 880, 40, 130, 130, 40, 130, 890, 160, 130, 40, 160, 130, 890, 130, 130, 780, 330, 780, 780, 780, 780, 1190, 1190, 1190, 110, 1190, 110, 110, 110, 110, 1190, 610, 50, 920, 50, 50, 50, 610, 920, 920, 50, 610, 610, 920, 920, 610, 70, 13800, 1330, 13800, 13800, 13800, 1330, 13800, 4500, 29740, 29740, 90, 90, 29740, 90, 4500, 29740, 90, 29740, 90, 810, 120, 810, 120, 120, 120, 810, 810, 120, 810, 1810, 700, 700, 1810, 700, 1810, 700, 700, 1810, 1810, 1360, 0, 1360, 1360, 1360, 1360, 920, 920, 920, 780, 920, 920, 300, 50, 300, 50, 300, 3460, 50, 50, 300, 50, 300, 620, 40, 40, 620, 620, 40, 40, 620, 40, 620, 220, 220, 220, 220, 220, 290, 290, 40, 0, 40, 40, 220, 40, 0, 290, 30, 0, 290, 30, 220, 0, 30, 220, 0, 290, 40, 30, 220, 30, 220, 2920, 80, 80, 220, 220, 220, 80, 80, 80, 220, 220, 150, 580, 2070, 50, 2070, 1080, 150, 340, 340, 150, 2070, 50, 150, 2070, 1080, 50, 150, 580, 1080, 340, 50, 2070, 50, 1080, 1080, 340, 340, 220, 620, 220, 10, 620, 780, 10, 620, 780, 4680, 620, 220, 620, 220, 10, 220, 10, 780, 10, 780, 780, 0, 430, 0, 5760, 430, 160, 160, 0, 430, 160, 160, 0, 430, 160, 0, 430, 170, 110, 170, 170, 110, 110, 170, 110, 170, 110, 150, 10, 0, 10, 0, 0, 10, 150, 0, 150, 150, 10, 150, 0, 10, 720, 410, 410, 720, 720, 410, 720, 410, 720, 410, 20, 0, 50, 50, 0, 20, 50, 0, 50, 0, 20, 50, 0, 20, 20, 320, 840, 840, 10, 550, 2180, 1200, 10, 840, 10, 990, 10, 1200, 840, 10, 2180, 1200, 840, 2180, 1200, 1200, 2180, 840, 2180, 2940, 4150, 2940, 4150, 2940, 2940, 4150, 2940, 4150, 4150, 770, 6330, 770, 770, 770, 770, 150, 13800, 1610, 1540, 1540, 1610, 1610, 13800, 1540, 1610, 13800, 1540, 1610, 13800, 1540, 13800, 1770, 1770, 1770, 1770, 1770, 7430, 20, 20, 60, 20, 60, 270, 20, 60, 60, 60, 20, 3930, 4800, 80, 1220, 80, 80, 80, 2520, 80, 80, 80, 1120, 1120, 100, 100, 1120, 100, 100, 1120, 100, 1120, 540, 1620, 20, 1620, 1620, 1620, 1620, 400, 8480, 10, 8480, 8480, 400, 10, 8480, 8480, 36830, 36830, 490, 6030, 36830, 230, 36830, 36830, 6030, 6030, 9020, 6030, 6030, 20, 930, 20, 20, 20, 20, 910, 4500, 140, 910, 7010, 910, 4500, 910, 4500, 4500, 4500, 910, 50, 1760, 50, 50, 50, 50, 8610, 0, 550, 0, 0, 0, 0, 2410, 4770, 60, 2410, 4770, 4770, 2410, 4770, 60, 2410, 4770, 60, 60, 2410, 60, 1680, 2070, 4960, 30, 30, 4800, 4960, 30, 4800, 4800, 30, 4960, 4800, 4960, 4960, 30, 4800, 1890, 1220, 2380, 2380, 2380, 2380, 5790, 2380, 7240, 30, 1380, 30, 7240, 7240, 30, 7240, 7240, 30, 30, 2550, 2890, 240, 2550, 5020, 370, 2890, 240, 2890, 2890, 5020, 5020, 240, 240, 2550, 2550, 5020, 2550, 5020, 2890, 240, 11510, 140, 10, 140, 140, 140, 140, 14950, 190, 130, 130, 130, 130, 130, 190, 530, 80, 80, 80, 3400, 150, 800, 80, 80, 80, 800, 150, 3400, 800, 3400, 3400, 800, 3400, 800, 3850, 3850, 1400, 3050, 60, 3050, 1610, 3050, 3050, 60, 3050, 60, 60, 60, 30, 190, 30, 350, 190, 10, 30, 10, 30, 10, 190, 240, 30, 10, 190, 350, 10, 190, 1870, 1640, 1870, 1870, 1870, 1640, 1640, 1640, 1640, 1870, 60, 440, 90, 220, 90, 90, 440, 90, 220, 90, 180, 4880, 180, 180, 180, 180, 290, 290, 290, 290, 290, 500, 1610, 1610, 1610, 4020, 1610, 500, 110, 1610, 500, 500, 500, 18710, 18710, 100, 1080, 18710, 1080, 18710, 18710, 1080, 1080, 1080, 600, 40, 30, 30, 600, 30, 600, 30, 600, 30, 600, 690, 910, 610, 910, 910, 910, 1690, 910, 430, 430, 1040, 1040, 1040, 430, 1040, 430, 70, 430, 1040, 40, 20, 400, 12770, 40, 1540, 9530, 1540, 1540, 1540, 1540, 9530, 10, 1630, 1630, 10, 1630, 1630, 1630, 120, 230, 2170, 4050, 900, 4050, 4050, 900, 4050, 900, 900, 900, 4050, 150, 30, 3540, 30, 30, 30, 30, 100, 100, 100, 60, 100, 2570, 10, 10, 100, 2040, 1410, 1410, 240, 350, 230, 100, 4150, 2040, 2040, 2040, 240, 4150, 1410, 350, 240, 4150, 4150, 350, 4150, 350, 240, 1410, 1410, 70, 2040, 350, 240, 720, 720, 720, 720, 720, 9530, 30, 9530, 160, 68870, 160, 160, 68870, 160, 160, 610, 2280, 0, 3270, 310, 3270, 0, 310, 3270, 3270, 2280, 310, 3270, 0, 0, 310, 310, 0, 100, 180, 140, 780, 780, 140, 780, 140, 140, 780, 140, 140, 140, 140, 780, 140, 140, 110, 60, 110, 320, 60, 110, 60, 110, 60, 110, 60, 8290, 6180, 370, 40, 2060, 240, 240, 6180, 40, 40, 240, 240, 40, 240, 6180, 8290, 2060, 6180, 8290, 40, 6180, 8290, 8290, 2770, 1090, 1800, 1090, 1090, 1090, 1090, 1510, 0, 0, 1510, 0, 0, 0, 950, 200, 2530, 950, 2530, 2530, 3820, 950, 3820, 220, 3820, 950, 3820, 2530, 950, 2530, 3820, 2150, 780, 490, 4150, 2150, 780, 30, 780, 4150, 2150, 4150, 780, 4150, 2150, 780, 4150, 2150, 370, 370, 370, 180, 370, 370, 920, 80, 380, 80, 80, 920, 920, 80, 80, 920, 920, 1610, 5870, 9720, 350, 5870, 1300, 1300, 1610, 9720, 5870, 1300, 1610, 9720, 1300, 1610, 9720, 5870, 1300, 1610, 9720, 5870, 830, 1610, 2120, 2960, 2960, 2960, 40, 6510, 830, 6510, 560, 1610, 2960, 560, 830, 6510, 560, 1610, 560, 830, 6510, 40, 1610, 830, 40, 560, 1610, 2960, 40, 40, 6510, 510, 1600, 1910, 50, 50, 510, 50, 510, 50, 510, 50, 510]"
2020-11-03 14:40:00+00:00,7110920,12,2610.0,"[600, 320, 320, 320, 600, 600, 320, 2150, 600, 600, 320, 450, 210, 210, 210, 0, 210, 210, 1300, 1400, 90, 1400, 110, 550, 110, 240, 550, 550, 110, 550, 110, 110, 550, 910, 920, 920, 920, 520, 920, 920, 1930, 10, 1390, 1390, 1390, 1390, 1390, 650, 300, 300, 300, 300, 300, 400, 580, 10, 38020, 240, 580, 400, 240, 240, 400, 580, 140, 240, 240, 580, 400, 580, 400, 120, 120, 120, 120, 120, 9530, 3080, 720, 720, 720, 720, 720, 40, 830, 200, 200, 200, 40, 200, 1010, 200, 1010, 1010, 1010, 40, 40, 1010, 40, 14520, 80, 40, 80, 80, 80, 14520, 14520, 80, 14520, 14520, 13190, 320, 100, 320, 5430, 10, 40, 10, 10, 10, 10, 190, 920, 80, 60, 90, 280, 90, 90, 90, 90, 110, 1390, 70, 2080, 70, 70, 110, 1390, 110, 1390, 70, 110, 1390, 110, 1390, 70, 3130, 40, 3130, 230, 3130, 3130, 3130, 70, 490, 490, 20, 120, 20, 490, 20, 120, 70, 490, 120, 70, 70, 120, 120, 70, 490, 20, 20, 2530, 260, 620, 60, 170, 170, 740, 170, 390, 170, 170, 1000, 6180, 1000, 1000, 1000, 6180, 270, 6180, 1000, 6180, 6180, 210, 100, 210, 210, 210, 210, 6070, 1920, 2210, 1920, 1920, 1920, 1920, 1010, 1250, 1250, 1010, 1250, 1250, 1250, 40, 490, 650, 40, 650, 650, 40, 650, 650, 40, 40, 160, 5080, 10, 160, 160, 160, 160, 5080, 40, 0, 5030, 60, 18710, 0, 5030, 5030, 5030, 5030, 40, 3560, 480, 3560, 570, 3560, 3560, 3560, 4870, 4870, 70, 70, 70, 140, 4870, 70, 4870, 4870, 70, 440, 3340, 80, 80, 490, 370, 20, 20, 1350, 1350, 1350, 1350, 1350, 1420, 10830, 650, 650, 50, 650, 650, 50, 50, 650, 50, 50, 10810, 530, 430, 140, 140, 430, 140, 530, 140, 530, 140, 530, 430, 430, 430, 530, 60, 60, 60, 60, 650, 650, 60, 530, 650, 650, 650, 490, 10010, 3850, 3850, 3850, 3850, 490, 3850, 13970, 80, 80, 80, 13970, 80, 80, 670, 1580, 1660, 1580, 1660, 1580, 1580, 1580, 1660, 510, 1660, 1660, 10, 20, 10, 20, 20, 20, 20, 40650, 40650, 40650, 40650, 40650, 5070, 1030, 10, 1030, 5070, 1030, 5070, 1030, 5070, 1030, 5070, 200, 580, 200, 60, 400, 370, 370, 580, 580, 200, 60, 200, 370, 580, 370, 60, 60, 60, 370, 580, 200, 8290, 500, 1260, 1260, 3460, 1260, 750, 1260, 1260, 750, 750, 750, 750, 3570, 60, 150, 4360, 10, 90, 20, 1160, 90, 20, 90, 90, 20, 20, 20, 90, 1160, 140, 140, 140, 140, 140, 250, 10, 1040, 1040, 1080, 370, 1040, 1040, 1080, 1040, 1080, 1130, 1080, 1080, 9780, 9780, 9780, 9780, 9780, 2180, 230, 230, 230, 30, 230, 30, 30, 230, 2180, 30, 30, 1860, 11370, 2150, 400, 520, 400, 2520, 2520, 400, 2520, 400, 2520, 520, 520, 400, 520, 2520, 520, 520, 520, 520, 520, 520, 50, 5040, 60, 80, 80, 80, 80, 80, 50, 1750, 120, 1070, 120, 1750, 120, 120, 1750, 120, 1750, 1750, 2460, 9230, 1390, 1390, 9230, 1390, 9230, 2460, 1390, 9230, 1390, 9230, 2460, 2460, 2460, 11010, 180, 160, 0, 0, 0, 0, 160, 0, 420, 2640, 240, 300, 4070, 420, 420, 4070, 240, 300, 4070, 240, 420, 4070, 300, 300, 4070, 240, 420, 420, 240, 300, 16340, 0, 380, 0, 0, 0, 0, 2810, 10, 2810, 2810, 2810, 10, 2810, 0, 1910, 20, 2880, 2520, 1910, 1910, 20, 20, 20, 2520, 2520, 20, 1910, 2520, 1910, 2520, 30, 2210, 2210, 5080, 2210, 2210, 2210, 10, 10, 10, 10, 490, 10, 250, 620, 620, 250, 620, 620, 250, 620, 250, 250, 300, 300, 300, 300, 300, 50, 1140, 3540, 6390, 240, 240, 240, 3540, 3540, 3540, 240, 3540, 550, 240, 440, 440, 440, 440, 440, 50, 2380, 30, 4270, 1650, 2380, 2380, 4270, 10, 30, 4270, 10, 2380, 10, 4270, 10, 4270, 10, 2380, 10, 260, 350, 100, 90, 350, 260, 260, 350, 260, 100, 10, 350, 10, 100, 350, 260, 10, 10, 160, 100, 100, 240, 40, 40, 520, 520, 520, 40, 40, 40, 520, 70, 520, 70, 1910, 70, 70, 30, 70, 800, 70, 2000, 30, 30, 590, 2000, 2000, 30, 2000, 30, 2000, 30, 230, 13240, 8640, 100, 100, 30, 3460, 30920, 400, 30920, 30920, 30920, 30920, 430, 430, 430, 430, 430, 70, 120, 160, 120, 30, 160, 30, 120, 30, 160, 160, 120, 30, 160, 120, 30, 2020, 4280, 330, 410, 170, 410, 410, 410, 170, 170, 170, 170, 120, 410, 1010, 1470, 1350, 430, 430, 1470, 430, 430, 1470, 430, 1470, 1010, 1470, 820, 1300, 1300, 1300, 820, 1300, 1300, 40, 9530, 610, 70, 70, 470, 70, 70, 70, 3550, 410, 410, 410, 3550, 3550, 1800, 410, 3550, 3550, 410, 1730, 1730, 260, 1730, 1730, 1730, 30, 30, 30, 30, 30, 380, 170, 1400, 160, 160, 160, 1400, 260, 160, 1400, 160, 1400, 1400, 1180, 1180, 1180, 1180, 1180, 760, 760, 30, 100, 760, 760, 760, 13800, 3040, 3040, 3040, 3040, 3040, 4180, 330, 2440, 2390, 330, 10, 140, 140, 140, 140, 140, 420, 100, 8290, 8290, 8290, 420, 8290, 420, 420, 420, 500, 500, 500, 500, 500, 20, 60, 20, 6120, 50, 3450, 40, 40, 40, 190, 50, 6120, 40, 50, 40, 6120, 50, 6120, 50, 6120, 1920, 5220, 5220, 5220, 5220, 5220, 130, 130, 130, 130, 130, 4500, 0, 1420, 0, 0, 0, 0, 8690, 20, 290, 290, 20, 290, 20, 20, 2070, 20, 290, 290, 2370, 40, 3560, 6120, 3560, 3560, 3560, 3560, 180, 1090, 1320, 1090, 390, 390, 3450, 390, 3450, 1090, 180, 390, 3450, 1090, 180, 3450, 390, 1090, 180, 180, 3450, 38000, 80, 150, 150, 550, 1610, 150, 550, 1610, 150, 1610, 550, 150, 550, 1610, 550, 1610, 15110, 350, 370, 430, 350, 350, 350, 370, 15110, 350, 230, 90, 90, 160, 5450, 180, 160, 180, 230, 230, 180, 230, 180, 90, 180, 5450, 90, 90, 160, 230, 90, 160, 160, 7140, 160, 10, 10, 10, 10, 10, 580, 160, 4650, 4650, 160, 4650, 160, 5520, 4650, 160, 160, 4280, 4650, 140, 1780, 140, 1780, 1780, 140, 1780, 140, 140, 1780, 6580, 1210, 6580, 6580, 6580, 6580, 410, 17050, 2880, 580, 20, 1160, 580, 17050, 580, 17050, 1160, 1160, 580, 17050, 2880, 1160, 580, 17050, 1160, 9250, 9250, 9250, 9250, 9250, 60, 3020, 3040, 1130, 3020, 3020, 1130, 3020, 400, 1130, 1130, 3020, 1130, 350, 50, 3870, 1910, 1910, 970, 3870, 350, 970, 1910, 970, 50, 3870, 350, 970, 1910, 50, 3870, 350, 50, 1910, 50, 3870, 350, 970, 50, 1970, 390, 1970, 600, 600, 80, 1180, 1180, 1180, 1970, 1970, 600, 600, 1970, 1180, 17280, 1180, 600, 300, 7410, 4630, 120, 70, 50, 70, 50, 50, 50, 50, 1330, 3860, 3860, 3860, 3860, 3860, 5040, 10, 10, 10, 10, 10, 1090, 1090, 1090, 1090, 1090, 130, 130, 3020, 130, 650, 3020, 130, 130, 3020, 3020, 3020, 170, 360, 420, 200, 200, 200, 200, 1010, 1010, 200, 420, 1010, 31780, 1010, 31780, 360, 90, 40, 2620, 360, 360, 360, 90, 360, 90, 90, 90, 4690, 690, 690, 690, 690, 690, 40, 50, 40, 50, 50, 40, 6470, 40, 40, 50, 60, 10, 610, 80, 3450, 80, 80, 80, 80, 30, 260, 260, 260, 260, 260, 840, 1480, 20, 20, 20, 840, 20, 840, 840, 20, 840, 400, 80, 400, 2160, 80, 2160, 2160, 400, 2160, 400, 2160, 400, 80, 80, 80, 80, 380, 60, 60, 60, 60, 60, 380, 380, 380, 380, 790, 60, 80, 8120, 39480, 70, 70, 39480, 60, 70, 80, 39480, 60, 80, 70, 80, 60, 2260, 70, 60, 39480, 2260, 2260, 80, 2260, 790, 39480, 2260, 0, 230, 130, 0, 0, 0, 0, 1340, 7330, 520, 7330, 7330, 7330, 520, 520, 520, 520, 7330, 8270, 600, 2810, 8270, 8270, 8270, 8270, 3460, 470, 16130, 2670, 22670, 530, 270, 16130, 270, 530, 16130, 530, 530, 270, 530, 270, 16130, 16130, 270, 60, 1720, 10, 320, 10, 60, 10, 60, 60, 60, 10, 10, 320, 5520, 40, 40, 60, 40, 40, 10, 40, 980, 10070, 120, 4230, 1290, 4230, 970, 10070, 4230, 970, 4230, 10070, 4230, 970, 10070, 10070, 970, 970, 1560, 410, 2290, 10, 390, 2290, 10, 10, 2290, 2290, 3110, 2290, 10, 10, 80, 40, 40, 80, 80, 40, 70, 40, 80, 70, 80, 70, 70, 70, 40, 1020, 590, 1020, 1020, 1020, 1020, 10, 50, 320, 320, 360, 9250, 320, 320, 320, 10, 1570, 8290, 10, 10, 10, 10, 8290, 8290, 8290, 10610, 1060, 30, 3110, 30, 30, 30, 30, 2060, 270, 2060, 270, 6310, 80, 2550, 80, 6310, 2550, 2550, 80, 6310, 80, 2550, 6310, 2550, 80, 6310, 380, 8090, 5080, 640, 4240, 40, 4240, 40, 4240, 1930, 4240, 40, 40, 4240, 40, 40, 120, 10, 100, 350, 120, 70, 2640, 2640, 2640, 100, 120, 490, 100, 120, 100, 120, 2640, 100, 2640, 0, 210, 450, 70, 450, 2250, 70, 450, 210, 210, 210, 70, 210, 450, 450, 70, 70, 2880, 61370, 520, 32100, 70, 61370, 2370, 630, 2370, 70, 150, 61370, 70, 630, 2370, 61370, 70, 61370, 630, 70, 630, 630, 5440, 20, 20, 20, 2040, 20, 2040, 20, 2040, 2040, 2040, 430, 430, 430, 430, 430, 410, 410, 220, 410, 440, 410, 220, 410, 10, 10, 3120, 60, 60, 3120, 60, 60, 3120, 3120, 3120, 60, 2940, 130, 14000, 30, 2730, 3900, 1520, 130, 14000, 130, 130, 130, 5770, 0, 700, 280, 12210, 0, 770, 770, 770, 770, 770, 40, 4130, 180, 150, 150, 150, 150, 150, 2940, 1120, 80, 1120, 1120, 1120, 1120, 100, 130, 320, 130, 130, 130, 130, 3450, 1400, 1400, 1400, 1400, 1400, 30, 80, 2110, 80, 2110, 80, 80, 80, 2110, 2110, 2110, 540, 2570, 540, 540, 540, 540, 10390, 60, 10, 2840, 10, 10, 370, 10, 370, 370, 370, 370, 10, 2160, 120, 120, 120, 120, 2160, 40, 20, 120, 40, 220, 0, 0, 0, 220, 40, 0, 220, 220, 0, 220, 3410, 180, 39900, 180, 180, 180, 39900, 39900, 3410, 39900, 180, 39900, 1400, 510, 210, 2670, 510, 2670, 210, 510, 2670, 510, 2670, 2670, 510, 2090, 100, 60, 3300, 760, 3300, 60, 2090, 760, 100, 2090, 760, 100, 2090, 3300, 60, 760, 2090, 3300, 60, 760, 100, 3300, 60, 100, 120, 2280, 160, 2280, 2280, 2280, 2280, 410, 110, 60, 110, 110, 110, 110, 60, 240, 60, 240, 1260, 160, 4440, 4440, 1080, 4440, 4440, 1080, 160, 1260, 1260, 1260, 1080, 160, 1260, 1080, 4440, 160, 1080, 160, 1610, 110, 110, 4320, 5250, 350, 350, 4320, 350, 350, 350, 4320, 4320, 4320, 1800, 2300, 2300, 1070, 10, 1070, 10, 1140, 1070, 1070, 10, 2300, 1070, 10, 2300, 2300, 10, 40, 1580, 310, 1580, 40, 40, 40, 1580, 1580, 40, 1580, 14450, 55030, 40, 2540, 2540, 55030, 55030, 55030, 2540, 40, 40, 2540, 40, 2540, 40, 55030, 1080, 60, 60, 60, 60, 60, 120, 120, 60, 120, 60, 60, 120, 60, 120, 60, 2160, 500, 1590, 580, 2160, 500, 2160, 2160, 2160, 500, 500, 500, 340, 5250, 340, 340, 340, 340, 520, 1320, 40, 40, 5440, 40, 5440, 1320, 5440, 40, 5440, 1320, 5440, 1320, 1320, 40, 520, 3010, 3010, 3010, 3010, 3010, 80, 30, 60, 90, 0, 0, 0, 30, 0, 0, 2000, 10, 60, 60, 60, 0, 60, 60, 26610, 26610, 400, 400, 26610, 0, 400, 26610, 400, 26610, 400, 50, 30, 30, 30, 30, 30, 2540, 170, 3010, 810, 810, 810, 810, 810, 7580, 7580, 7580, 7580, 7580, 5040, 120, 1120, 190, 1120, 0, 1120, 120, 2810, 5040, 2810, 5040, 120, 120, 120, 2810, 1120, 1120, 5040, 2810, 5040, 2810, 570, 4120, 1270, 4120, 4120, 4120, 4120, 950, 120, 950, 10, 5510, 5510, 5510, 5510, 5510, 10, 2160, 1610, 1610, 1610, 110, 1610, 2160, 2160, 1610, 2160, 2160, 1100, 60, 60, 60, 60, 60, 400, 20, 3890, 26450, 3890, 300, 3890, 26450, 20, 3890, 26450, 20, 20, 26450, 20, 3890, 26450, 100, 400, 2220, 400, 400, 100, 400, 100, 100, 2220, 100, 400, 2220, 2220, 2220, 120, 220, 220, 220, 220, 220, 1930, 1930, 920, 730, 1930, 1930, 1930, 240, 590, 240, 40, 240, 11170, 40, 240, 590, 40, 590, 640, 590, 40, 240, 590, 40, 1500, 380, 380, 390, 390, 380, 390, 390, 380, 380, 390, 10, 30, 10, 2760, 2760, 10, 2760, 1840, 1840, 990, 990, 10, 1840, 10, 1840, 990, 2760, 990, 990, 1840, 1230, 1230, 1230, 2140, 1230, 2140, 1230, 2140, 2140, 2140, 60, 450, 3400, 5660, 790, 10, 10, 10, 10, 10, 60, 100, 100, 100, 100, 100, 3730, 3730, 3730, 3730, 3730, 140, 30, 990, 1060, 990, 1060, 990, 990, 990, 1060, 1060, 1060, 420, 30, 840, 840, 420, 420, 840, 1590, 420, 840, 840, 420, 10, 80, 140, 4560, 10, 80, 10, 280, 80, 10, 80, 10, 80, 61440, 61440, 61440, 61440, 61440, 1010, 40, 40, 40, 40, 40, 2310, 10, 10, 10, 10, 10, 10, 10, 10, 10, 10, 50, 1610, 50, 300, 1610, 50, 1610, 50, 1610, 50, 1610, 4610, 50, 1350, 1350, 6780, 6780, 6780, 1350, 6780, 1350, 6780, 1350, 780, 30, 10, 190, 40520, 780, 10, 30, 780, 10, 40520, 190, 190, 40520, 30, 780, 10, 30, 780, 10, 40520, 2070, 40520, 30, 190, 190, 60, 3040, 1530, 1530, 1530, 1530, 1530, 20, 280, 280, 20, 870, 20, 20, 280, 280, 20, 280, 4900, 50, 60, 140, 4900, 4900, 4900, 4900, 50, 1420, 1680, 1420, 1420, 1680, 1680, 1420, 1680, 1420, 1680, 60, 61440, 13500, 60, 13500, 60, 40, 40, 40, 13500, 60, 40, 13500, 60, 40, 13500, 1320, 1320, 100, 100, 260, 100, 100, 1320, 1320, 100, 1320, 40, 39900, 2240, 2540, 5040, 39900, 40, 40, 39900, 40, 39900, 40, 39900, 18020, 18020, 140, 140, 160, 18020, 140, 18020, 140, 18020, 140, 20, 690, 2060, 20, 20, 690, 1610, 20, 690, 690, 20, 690, 920, 160, 920, 920, 920, 920, 80, 3530, 220, 220, 3530, 220, 220, 3530, 0, 3530, 220, 0, 0, 3530, 0, 0, 500, 500, 500, 500, 500, 18820, 2870, 220, 60, 2870, 220, 220, 60, 60, 220, 220, 60, 2870, 60, 2870, 2870, 120, 6720, 120, 120, 120, 120, 5040, 5040, 5040, 5040, 5040, 160, 1390, 4120, 650, 3880, 1100, 1100, 3880, 1100, 3880, 1100, 3880, 1100, 3880, 40, 540, 2420, 40, 40, 2420, 540, 2420, 540, 2420, 540, 40, 40, 2420, 540, 190, 1410, 1410, 1410, 1410, 1410, 1040, 110, 110, 110, 110, 110, 0, 30, 0, 4580, 4580, 0, 4580, 4580, 0, 4580, 0, 3520, 490, 3190, 3190, 3190, 0, 3190, 0, 490, 3190, 100, 40, 40, 90, 20, 100, 40, 20, 20, 90, 40, 100, 20, 90, 100, 20, 90, 40, 100, 90, 50, 20, 50, 20, 50, 50, 20, 20, 50, 20, 530, 2810, 530, 290, 570, 50, 530, 530, 530, 200, 200, 700, 700, 240, 200, 240, 200, 700, 240, 200, 240, 700, 240, 700, 2610, 450, 450, 450, 450, 450, 1220, 1220, 1220, 1220, 1220, 5040, 3020, 1310, 3020, 3020, 1310, 710, 3020, 1310, 3020, 1310, 60, 2080, 60, 60, 2080, 2080, 2080, 60, 2080, 60, 3150, 310, 420, 6450, 420, 6450, 3150, 420, 6450, 3150, 30, 3150, 420, 6450, 3150, 420, 6450, 2750, 17890, 2010, 130, 130, 80, 2010, 2010, 80, 2010, 130, 17890, 80, 2010, 130, 80, 130, 80, 220, 50, 220, 20, 50, 220, 50, 50, 220, 220, 50, 50, 20, 110, 20, 110, 1060, 20, 20, 50, 1060, 110, 20, 50, 1060, 110, 1060, 50, 110, 1060, 50, 1000, 720, 90, 20, 720, 140, 510, 1690, 1690, 720, 90, 20, 20, 1690, 140, 720, 20, 1690, 140, 20, 140, 720, 90, 1690, 140, 90, 90, 20, 3070, 20, 2050, 20, 20, 20, 650, 650, 650, 650, 650, 160, 160, 160, 160, 160, 5240, 1290, 1320, 5240, 1290, 10, 1320, 5240, 1290, 1320, 5240, 1290, 1320, 1320, 5240, 1290]"
2020-11-03 14:45:00+00:00,5132200,5,2605.0,"[910, 160, 90, 120, 90, 910, 2650, 910, 910, 910, 90, 140, 90, 90, 160, 190, 230, 230, 840, 230, 840, 230, 230, 840, 840, 840, 12910, 10, 10, 0, 10, 12910, 0, 0, 12910, 10, 0, 12910, 10, 12910, 0, 1970, 80, 10, 10, 10, 800, 10, 10, 800, 10, 10, 800, 800, 10, 10, 800, 10, 540, 540, 540, 540, 540, 20, 20, 20, 20, 20, 50, 50, 50, 50, 50, 90, 0, 90, 90, 90, 90, 2250, 1700, 820, 10, 2250, 10, 10, 2250, 10, 2250, 10, 2250, 3890, 780, 330, 450, 90, 90, 90, 780, 450, 330, 780, 330, 450, 780, 450, 330, 90, 780, 450, 330, 90, 240, 1440, 240, 240, 240, 240, 190, 1320, 530, 20, 1700, 530, 190, 1700, 530, 600, 190, 600, 190, 530, 1700, 530, 20, 600, 20, 600, 1700, 20, 1700, 20, 600, 70, 1340, 70, 70, 70, 70, 1340, 1000, 60, 1000, 7270, 1000, 420, 680, 5700, 5700, 60, 1000, 60, 420, 420, 60, 5700, 420, 1000, 5700, 420, 60, 5700, 80, 80, 870, 80, 80, 80, 0, 4410, 0, 4570, 30, 560, 30, 560, 30, 30, 560, 30, 560, 560, 120, 2010, 1430, 2010, 1430, 2010, 120, 1430, 120, 2010, 120, 2010, 1430, 120, 1430, 30, 30, 30, 30, 30, 600, 1850, 280, 10, 10490, 280, 280, 1300, 1850, 1850, 10490, 1300, 10490, 1850, 280, 1300, 10490, 1850, 1300, 10490, 280, 1300, 200, 100, 6020, 6210, 6210, 6020, 6210, 6020, 6210, 6210, 6020, 6020, 60, 1610, 10, 450, 2150, 60, 60, 60, 1610, 10, 2150, 10, 1610, 2150, 1610, 10, 2150, 1610, 10, 60, 2150, 60, 60, 10490, 1320, 1320, 1320, 60, 1320, 1320, 60, 60, 10, 10, 10, 10, 10, 10, 3860, 3860, 10, 10, 3860, 3860, 10, 3860, 10, 1320, 520, 210, 1760, 1760, 10, 10, 1760, 10, 1760, 210, 1760, 10, 10, 1820, 10, 1590, 430, 430, 430, 430, 430, 20, 80, 20, 20, 20, 20, 30, 60, 60, 60, 60, 60, 40, 280, 80, 20, 40, 40, 80, 80, 60, 20, 20, 40, 60, 60, 40, 80, 20, 80, 60, 60, 20, 10, 1220, 10, 10, 10, 10, 330, 210, 690, 690, 690, 330, 330, 690, 330, 210, 690, 330, 7400, 170, 7400, 120, 7400, 120, 170, 7400, 120, 170, 7400, 120, 120, 170, 170, 70, 1480, 950, 70, 70, 70, 70, 70, 70, 70, 70, 350, 90, 70, 160, 90, 90, 90, 350, 350, 90, 350, 350, 10, 480, 480, 10, 3520, 3520, 1340, 1430, 2870, 1920, 220, 220, 220, 1920, 1920, 220, 1920, 1920, 220, 690, 290, 2330, 60, 1940, 330, 40, 40, 40, 3040, 40, 1940, 3040, 40, 3040, 1940, 3040, 1940, 1940, 3040, 120, 1880, 280, 70, 70, 70, 1880, 70, 1880, 70, 280, 1880, 1880, 1580, 1580, 1580, 1580, 1580, 20, 950, 1720, 550, 550, 550, 1720, 550, 1720, 1720, 1720, 550, 1030, 2870, 100, 100, 1030, 100, 100, 100, 2440, 12910, 1350, 0, 13620, 200, 13620, 13620, 13620, 10210, 2440, 0, 12910, 13620, 1350, 12910, 12910, 12910, 2200, 0, 330, 1610, 330, 2200, 330, 0, 2200, 330, 2200, 330, 2200, 7400, 10, 1700, 1700, 1700, 1700, 10, 1700, 50, 570, 50, 50, 50, 50, 50, 50, 3490, 50, 50, 50, 580, 620, 810, 40, 60, 30, 810, 810, 810, 810, 400, 400, 400, 400, 400, 3660, 50, 6040, 50, 50, 50, 6040, 50, 6040, 6040, 6040, 90, 160, 7800, 7800, 350, 2290, 350, 590, 590, 90, 590, 2290, 7800, 2290, 7800, 90, 350, 590, 350, 90, 7800, 2290, 90, 590, 2290, 1190, 1190, 1190, 350, 1190, 1190, 240, 240, 20, 40, 20, 20, 20, 20, 280, 280, 280, 680, 280, 280, 2320, 4520, 4520, 4520, 4520, 4520, 130, 13890, 13890, 13890, 130, 420, 130, 420, 130, 420, 13890, 130, 420, 420, 13890, 20, 0, 40, 40, 560, 560, 20, 0, 20, 0, 20, 40, 560, 40, 0, 40, 560, 0, 20, 560, 690, 690, 690, 690, 690, 80, 250, 10, 2180, 0, 10, 10, 10, 10, 2050, 130, 20, 2050, 2050, 2050, 130, 20, 2050, 29270, 3010, 550, 29270, 3010, 3010, 3010, 3010, 1000, 60, 60, 60, 60, 1000, 310, 1000, 1000, 60, 1000, 12910, 670, 110, 670, 670, 110, 670, 670, 110, 110, 110, 160, 160, 70, 160, 160, 160, 80, 1200, 1200, 1200, 1200, 1200, 200, 200, 260, 200, 200, 770, 200, 260, 30, 5440, 5440, 5440, 5440, 5440, 110, 3320, 110, 110, 110, 110, 80, 80, 50, 80, 80, 80, 80, 80, 80, 80, 80, 1520, 50, 110, 110, 1520, 110, 110, 1520, 110, 1520, 490, 1520, 490, 490, 490, 490, 10, 10, 3760, 10, 10, 3760, 10, 50, 230, 1180, 230, 2420, 2420, 2420, 230, 2420, 230, 2420, 230, 2050, 460, 50, 460, 550, 460, 460, 460, 140, 420, 420, 420, 420, 140, 420, 140, 140, 140, 7420, 220, 150, 1510, 220, 220, 220, 1510, 1510, 1510, 870, 1510, 220, 1740, 20, 240, 20, 10100, 7550, 20, 24010, 20, 24010, 240, 20, 720, 190, 140, 720, 40, 1830, 7890, 7890, 7890, 1830, 1830, 1830, 1830, 7890, 5400, 20, 0, 5400, 5400, 5400, 5400, 480, 3570, 480, 480, 480, 480, 280, 8280, 920, 400, 920, 920, 920, 920, 330, 80, 330, 80, 330, 80, 80, 330, 80, 330, 1340, 2670, 1340, 1340, 1340, 1340, 20, 770, 650, 650, 650, 650, 770, 20, 650, 4360, 3300, 940, 3300, 940, 940, 4360, 3300, 4360, 4360, 940, 3300, 4360, 3300, 940, 1560, 1560, 1560, 1560, 1560, 140, 140, 140, 140, 140, 280, 1010, 20, 3630, 3630, 3630, 3630, 3630, 1400, 640, 20, 1830, 20, 20, 640, 20, 20, 1400, 1970, 1360, 20, 1360, 30, 1360, 1360, 1360, 3820, 20, 20, 3820, 3820, 20, 3820, 20, 3820, 20, 3360, 50, 50, 50, 50, 50, 540, 100, 120, 100, 540, 100, 540, 100, 540, 540, 100, 10, 10, 30, 10, 30, 30, 30, 10, 30, 10, 1150, 1150, 60, 320, 60, 60, 60, 60, 320, 320, 320, 320, 1140, 160, 30, 160, 30, 30, 160, 30, 1140, 1140, 30, 1140, 1140, 160, 160, 180, 4530, 410, 10, 1010, 180, 1010, 4530, 800, 1010, 180, 1010, 4530, 180, 1010, 4530, 4530, 180, 340, 10, 1990, 90, 1990, 3450, 3450, 3450, 3450, 1990, 1990, 1990, 3450, 4250, 6920, 3010, 4250, 4250, 4250, 6920, 4250, 360, 1090, 4180, 4180, 1090, 1090, 4180, 4180, 1090, 4180, 1090, 3450, 360, 160, 160, 160, 160, 160, 10, 10, 10, 10, 10, 1510, 4100, 1680, 720, 1680, 720, 1680, 1680, 720, 720, 720, 1680, 590, 590, 590, 590, 590, 2640, 0, 2310, 2310, 2310, 2310, 2310, 450, 450, 1900, 1900, 450, 1900, 450, 1900, 450, 1900, 400, 5000, 400, 400, 400, 400, 130, 40, 130, 4320, 130, 130, 4320, 130, 4320, 4320, 4320, 0, 50, 1240, 100, 100, 100, 100, 2420, 100, 3970, 130, 440, 1330, 130, 130, 3970, 130, 1330, 130, 470, 470, 470, 470, 470, 70, 70, 70, 30, 70, 30, 30, 70, 30, 30, 1390, 130, 90, 1390, 1390, 90, 90, 1390, 90, 90, 1390, 110, 1420, 0, 0, 0, 0, 0, 250, 2030, 160, 250, 160, 250, 160, 160, 160, 250, 2030, 250, 20, 2980, 140, 2290, 2980, 2980, 2290, 2980, 2980, 31230, 30, 70, 30, 30, 30, 30, 70, 0, 40, 0, 30, 30, 0, 30, 0, 30, 0, 30, 190, 1900, 20, 190, 20, 20, 1900, 190, 1900, 190, 20, 190, 20, 1900, 1900, 180, 1690, 180, 180, 800, 180, 180, 1690, 700, 160, 610, 4330, 20, 2640, 2580, 90, 2640, 2640, 90, 1970, 2640, 90, 2640, 90, 90, 3470, 750, 3470, 2760, 3470, 2760, 3470, 750, 2760, 3470, 2760, 750, 750, 2760, 750, 560, 4770, 560, 560, 560, 280, 280, 280, 560, 280, 280, 22930, 22930, 22930, 22930, 22930, 240, 520, 520, 2580, 1370, 240, 1370, 240, 520, 520, 1370, 240, 1370, 520, 240, 1370, 30, 30, 30, 30, 30, 20, 220, 4180, 220, 4180, 220, 4180, 220, 4180, 20, 220, 4180, 2040, 240, 10560, 200, 200, 4530, 200, 240, 4530, 200, 240, 2040, 4530, 200, 240, 2040, 4530, 240, 2040, 4530, 2040, 2030, 1700, 2030, 1700, 1700, 2030, 1700, 2030, 1700, 2030, 30, 30, 30, 600, 30, 600, 30, 2230, 2230, 1710, 910, 2230, 910, 910, 910, 2230, 910, 2230, 110, 1440, 110, 110, 110, 110, 630, 360, 130, 630, 130, 3010, 720, 60, 190, 3010, 3010, 3010, 3010, 190, 190, 190, 990, 190, 190, 840, 840, 840, 840, 840, 180, 110, 190, 180, 180, 110, 190, 110, 190, 110, 190, 180, 110, 190, 180, 380, 740, 760, 760, 380, 760, 380, 760, 380, 760, 5160, 3900, 380, 290, 240, 240, 240, 240, 240, 50, 270, 270, 230, 1590, 230, 230, 270, 270, 230, 270, 230, 580, 580, 2210, 20, 2210, 20, 20, 20, 2210, 2210, 20, 2210, 140, 140, 140, 140, 140, 90, 580, 580, 580, 580, 580, 560, 860, 530, 530, 40, 2750, 560, 530, 40, 860, 530, 40, 860, 560, 40, 860, 40, 860, 0, 560, 530, 560, 860, 30, 110, 110, 5000, 110, 110, 110, 110, 3120, 50, 50, 50, 90, 50, 50, 22930, 780, 780, 22930, 22930, 780, 22930, 780, 22930, 780, 70, 70, 70, 70, 70, 50, 50, 50, 50, 50, 180, 180, 10, 180, 180, 180, 30, 47070, 47070, 47070, 30, 30, 30, 47070, 30, 47070, 60, 2020, 14420, 24400, 24400, 2330, 0, 24400, 24400, 2330, 3740, 2330, 0, 3740, 24400, 2330, 3740, 14420, 0, 0, 3740, 3740, 2330, 0, 320, 320, 2340, 320, 590, 320, 320, 240, 20, 40, 40, 50, 40, 40, 40, 400, 250, 250, 250, 6340, 250, 400, 250, 300, 10, 530, 530, 530, 300, 10, 530, 10, 6780, 6780, 300, 10, 6780, 300, 530, 10, 6780, 6780, 300, 4040, 20, 40, 40, 40, 40, 40, 450, 230, 370, 150, 450, 150, 450, 150, 450, 150, 450, 150, 40, 40, 40, 40, 40, 230, 230, 230, 230, 230, 2220, 170, 2700, 170, 2700, 170, 2700, 170, 2700, 2700, 170, 1410, 180, 180, 180, 1410, 110, 1410, 1410, 1410, 180, 180, 100, 100, 100, 380, 380, 380, 100, 300, 380, 380, 100, 1430, 80, 5740, 1430, 80, 1430, 80, 80, 80, 1430, 1430, 110, 2550, 110, 110, 110, 110, 310, 210, 210, 210, 210, 210, 650, 100, 2680, 2690, 10, 10, 10, 2680, 2690, 2690, 10, 2680, 2690, 2690, 10, 2680, 2680, 950, 950, 950, 950, 950, 10810, 10810, 10810, 10810, 10810, 2940, 100, 1220, 2940, 2940, 100, 100, 4110, 2940, 4110, 4110, 4110, 100, 4110, 2940, 100, 3220, 200, 200, 200, 3220, 200, 3220, 3220, 200, 3220, 190, 1010, 390, 5450, 390, 390, 18210, 390, 20, 390, 2800, 2800, 2800, 2800, 770, 2800, 660, 840, 10, 2510, 240, 2510, 2510, 100, 2510, 2510, 80, 720, 410, 20, 720, 20, 80, 80, 20, 20, 720, 20, 720, 80, 720, 80, 8240, 790, 790, 790, 790, 790, 1930, 90, 550, 550, 550, 90, 8190, 90, 8190, 90, 550, 8190, 90, 550, 8190, 8190, 9260, 2000, 3540, 1710, 1670, 1670, 1670, 1670, 1670, 10, 3430, 10, 3430, 3430, 10, 3430, 10, 3430, 10, 40, 6610, 40, 6610, 40, 6610, 40, 6610, 40, 6610, 270, 3580, 160, 690, 160, 160, 160, 3580, 160, 270, 270, 270, 3580, 270, 3580, 3580, 1520, 2940, 3340, 3340, 3340, 10, 1520, 1520, 3340, 10, 10, 3340, 10, 10, 1520, 1520, 730, 730, 730, 730, 730, 640, 14600, 640, 14600, 140, 170, 14600, 640, 14600, 640, 640, 14600, 50, 4770, 50, 50, 9250, 9250, 9250, 9250, 50, 9250, 50, 180, 180, 8340, 180, 180, 180, 2700, 2040, 2040, 2040, 2700, 2700, 2040, 2700, 2040, 2700, 2840, 2210, 2840, 2580, 2840, 2580, 2840, 2580, 2840, 2580, 2580, 460, 1380, 1380, 1380, 1380, 1380, 10, 9660, 340, 340, 10, 340, 9660, 10, 9660, 340, 9660, 10, 340, 9660, 10, 2520, 4000, 2110, 530, 2110, 2110, 2110, 2110, 3340, 0, 760, 1810, 40, 40, 1050, 760, 40, 1050, 40, 1050, 1050, 760, 760, 760, 1050, 40, 240, 3000, 260, 260, 240, 240, 260, 240, 260, 260, 240, 650, 770, 970, 760, 3780, 970, 970, 3780, 970, 3780, 970, 3780, 3780, 1140, 4710, 360, 4710, 1140, 4710, 1140, 4710, 1140, 4710, 1140, 740, 740, 20, 740, 740, 740, 170, 180, 170, 360, 360, 22950, 22330, 2740, 360, 80, 80, 22950, 80, 22950, 22330, 80, 22950, 360, 80, 22950, 360, 710, 1150, 280, 60, 710, 280, 1150, 1150, 710, 1150, 280, 710, 60, 1150, 280, 710, 280, 380, 10, 80, 80, 3470, 10, 10, 10, 80, 10, 80, 80, 2750, 2750, 120, 80, 120, 80, 120, 80, 120, 80, 120, 80, 590, 1390, 590, 1390, 1390, 590, 1390, 590, 1390, 590, 8570, 1940, 410, 350, 350, 1940, 24870, 410, 350, 1940, 410, 350, 1940, 410, 350, 1940, 410, 80, 580, 12460, 12460, 400, 580, 12460, 12460, 12460, 3200, 3200, 3200, 3200, 3200, 430, 160, 70, 2760, 60, 160, 70, 160, 70, 160, 160, 2760, 70, 70, 10, 170, 300, 10, 2400, 10, 2400, 2220, 2220, 10, 10, 2220, 2400, 2400, 2220, 2400, 2220, 1160, 20, 20, 1160, 500, 20, 20, 1160, 20, 1160, 1160, 3900, 7250, 20, 20, 3900, 3900, 20, 3900, 20, 3900, 20, 30, 210, 470, 470, 470, 470, 470, 380, 380, 440, 440, 370, 350, 350, 5280, 350, 370, 5280, 350, 5280, 370, 5280, 350, 370, 5280, 4050, 370, 220, 900, 6330, 110, 900, 900, 6330, 900, 110, 6330, 110, 6330, 900, 110, 110, 6330, 1310, 10560, 1310, 10560, 1310, 10560, 1310, 10560, 10560, 1310, 9160, 20, 50, 520, 40, 40, 9160, 50, 230, 230, 40, 40, 520, 9160, 50, 230, 20, 9160, 50, 9160, 50, 230, 40, 230, 17770, 17770, 2480, 17770, 2480, 17770, 2480, 17770, 2480, 2480, 590, 200, 250, 5130, 200, 5130, 200, 590, 5130, 590, 200, 590, 5130, 200, 590, 5130, 30, 610, 3550, 310, 1770, 30, 310, 310, 610, 3550, 30, 3550, 30, 610, 310, 610, 3550, 310, 610, 3550, 30, 2620, 430, 120, 120, 2620, 120, 120, 2620, 120, 2620, 0, 2620, 2950, 620, 1240, 10, 620, 390, 620, 2950, 10, 620, 2950, 620, 390, 460, 180, 390, 390, 390, 2950, 10, 180, 10, 2950, 10, 8190, 6920, 740, 740, 8190, 740, 8190, 740, 8190, 740, 8190, 13440, 340, 13440, 340, 13440, 340, 13440, 340, 13440, 340, 3140, 80, 180, 4530, 3020, 80, 180, 80, 3140, 180, 3140, 3140, 180, 80, 80, 3140, 180, 1150, 20, 20, 2420, 20, 20, 20, 670, 3520, 3520, 670, 670, 400, 400, 3520, 400, 3520, 670, 400, 3520, 670, 400, 460, 460, 460, 460, 460, 20, 10, 10, 10, 10, 10, 110, 10, 40, 40, 110, 40, 10, 110, 40, 10, 10, 40, 10, 110, 110, 790, 8360, 8360, 8360, 0, 8360, 0, 0, 0, 8360, 0, 3780, 550, 550, 300, 550, 550, 550, 80, 440, 31220, 330, 80, 80, 80, 440, 80, 440, 440, 440, 620, 13360, 620, 13360, 620, 13360, 620, 13360, 620, 13360, 7650, 290, 310, 40, 20, 40, 310, 310, 20, 7650, 20, 40, 290, 7650, 310, 20, 40, 40, 7650, 50, 7650, 310, 20, 370, 10, 250, 10, 10, 370, 250, 370, 250, 370, 250, 10, 370, 250, 10, 10, 3520, 2050, 2050, 2050, 2050, 2050, 120, 10950, 2620, 140, 140, 10950, 10950, 140, 10950, 10950, 140, 140, 2040, 10820, 2040, 2040, 2040, 2040, 830, 9210, 1910, 3270, 830, 16170, 1910, 3270, 3270, 830, 16170, 1910, 1910, 3270, 830, 16170, 9210, 1910, 3270, 830, 16170, 16170, 80, 1740, 2160, 0, 0, 0, 0, 2080, 0, 130, 450, 410, 170, 410, 410, 410, 410, 130, 130, 130, 130, 290, 1080, 290, 390, 290, 290, 290, 430, 120, 170, 32220, 120, 120, 120, 120, 830, 60, 130, 830, 830, 440, 830, 130, 130, 830, 130, 130, 2530, 220, 1550, 10, 10, 220, 1550, 10, 1550, 1550, 10, 220, 1550, 10, 220, 220, 740, 570, 570, 570, 570, 570, 740, 170, 170, 170, 170, 170]"
2020-11-03 14:50:00+00:00,5462260,0,2502.0,"[380, 380, 380, 380, 380, 370, 10190, 690, 10190, 690, 690, 370, 370, 690, 370, 10190, 690, 370, 10190, 10190, 4250, 30, 30, 4250, 1550, 280, 30, 4250, 4250, 1550, 1550, 30, 280, 30, 280, 4250, 280, 1550, 280, 1550, 6740, 180, 180, 180, 180, 180, 2690, 50, 50, 50, 50, 380, 50, 30, 460, 60, 460, 20, 460, 60, 20, 460, 60, 460, 60, 60, 130, 50, 820, 7010, 130, 7010, 130, 130, 130, 7010, 50, 7010, 7010, 7960, 5580, 3680, 7960, 7960, 7960, 7960, 30, 9410, 30, 30, 30, 30, 2750, 1650, 3700, 2750, 1650, 1650, 1650, 1650, 740, 50, 740, 620, 620, 620, 440, 440, 440, 620, 440, 440, 620, 370, 2820, 360, 370, 370, 360, 370, 1540, 370, 1540, 360, 1540, 360, 1540, 1540, 10, 60, 10, 370, 60, 530, 10, 370, 830, 530, 370, 60, 10, 830, 290, 370, 530, 370, 830, 60, 530, 830, 60, 10, 830, 530, 7490, 7490, 7490, 7490, 7490, 0, 60, 0, 60, 60, 0, 0, 60, 0, 60, 90, 3400, 5650, 90, 90, 3400, 3400, 5650, 90, 3400, 90, 5650, 5650, 5650, 3400, 2200, 790, 690, 1330, 790, 1330, 1330, 790, 2200, 1330, 1330, 790, 790, 150, 7010, 110, 570, 1540, 110, 570, 110, 570, 110, 110, 570, 1540, 570, 30, 1010, 300, 1010, 1010, 1010, 1010, 2120, 2120, 6920, 6920, 20, 6920, 2120, 6920, 2120, 2120, 6920, 0, 410, 410, 0, 0, 0, 410, 0, 1410, 410, 3390, 410, 80, 5580, 13570, 13570, 80, 80, 13570, 80, 13570, 13570, 80, 280, 720, 620, 1600, 730, 720, 720, 1600, 620, 720, 1600, 620, 720, 1600, 620, 1600, 620, 30, 30, 30, 30, 30, 4720, 770, 5580, 1760, 410, 410, 410, 4720, 770, 410, 770, 770, 770, 410, 1330, 420, 230, 230, 230, 1330, 1330, 230, 1330, 230, 1330, 2180, 370, 2180, 2000, 1240, 480, 2730, 1540, 120, 330, 330, 2000, 2000, 330, 330, 330, 1540, 1540, 2000, 1540, 1540, 2000, 50, 780, 8950, 120, 220, 530, 100, 220, 3850, 3850, 3850, 3850, 3850, 2010, 180, 180, 180, 180, 180, 560, 30, 30, 770, 30, 770, 30, 770, 560, 30, 560, 770, 560, 770, 560, 960, 4720, 60, 40, 60, 60, 60, 60, 780, 280, 20, 280, 20, 280, 280, 20, 280, 20, 20, 470, 210, 7830, 740, 740, 1290, 740, 740, 740, 180, 20, 180, 180, 180, 1410, 180, 0, 0, 0, 140, 0, 140, 140, 0, 140, 140, 70, 120, 1040, 1040, 1040, 1040, 1040, 270, 180, 1250, 1180, 550, 1180, 4820, 1180, 4820, 4820, 1180, 4820, 4820, 1180, 8950, 8570, 110, 390, 110, 110, 110, 110, 570, 4540, 500, 740, 600, 3410, 600, 600, 570, 4540, 3410, 570, 4540, 3410, 3410, 600, 570, 4540, 3410, 600, 570, 4540, 740, 740, 740, 740, 5650, 8700, 10, 8700, 8700, 8700, 8700, 3000, 980, 3000, 370, 3000, 370, 370, 3000, 370, 370, 3000, 620, 550, 10, 10, 10, 10, 10, 1160, 10, 10, 6210, 10, 10, 10, 470, 470, 470, 470, 470, 1630, 580, 580, 580, 580, 580, 490, 20, 40, 700, 20, 20, 700, 20, 20, 700, 700, 700, 1770, 1770, 1770, 1770, 1770, 5840, 3670, 10, 3930, 40, 10, 5840, 40, 40, 10, 160, 5840, 160, 5840, 40, 10, 160, 5840, 160, 160, 10, 40, 20, 1090, 840, 840, 840, 840, 840, 60, 230, 170, 60, 60, 170, 60, 2050, 170, 2050, 230, 170, 170, 60, 2750, 2750, 100, 590, 20, 100, 100, 590, 1110, 590, 590, 20, 100, 100, 590, 300, 50, 100, 110, 110, 330, 550, 110, 110, 110, 87950, 87950, 1920, 1630, 60, 1630, 1630, 1630, 1630, 60, 60, 60, 60, 220, 1190, 540, 1190, 540, 540, 1190, 540, 1190, 1190, 540, 1150, 1150, 10060, 1150, 440, 1150, 1150, 5850, 4420, 580, 70, 70, 70, 160, 70, 160, 160, 160, 160, 70, 50, 100, 580, 70, 580, 580, 6210, 580, 580, 300, 1660, 1660, 1660, 14350, 1660, 1660, 0, 0, 510, 0, 0, 0, 6510, 1630, 3410, 3600, 3600, 3600, 110, 3600, 3600, 7490, 120, 20, 20, 20, 20, 7490, 20, 7490, 120, 7490, 120, 120, 7490, 120, 2830, 4630, 1740, 2830, 4630, 2830, 4630, 2830, 4630, 2830, 4630, 600, 140, 450, 600, 450, 140, 140, 450, 140, 600, 450, 450, 600, 140, 600, 3400, 1620, 3400, 3400, 3400, 3400, 3530, 3530, 3530, 3530, 770, 3630, 3630, 770, 3630, 3630, 3630, 770, 770, 770, 9130, 410, 52630, 52630, 52630, 2650, 52630, 52630, 2650, 30, 14340, 30, 60, 50, 5270, 2290, 50, 1810, 30, 50, 30, 14340, 2290, 30, 2290, 5270, 14340, 2290, 5270, 1810, 30, 14340, 2290, 5270, 50, 30, 30, 1810, 30, 5270, 1810, 14340, 30, 1810, 50, 600, 1080, 3400, 1110, 3400, 1110, 3400, 1110, 3400, 1110, 3400, 1110, 1440, 1440, 1440, 1440, 1440, 200, 40, 40, 200, 40, 40, 40, 1240, 7990, 60, 7990, 7990, 60, 1240, 120, 1240, 7990, 60, 1240, 7990, 60, 1240, 60, 220, 820, 6530, 820, 820, 820, 820, 1660, 6040, 1660, 1660, 1660, 6040, 6040, 6040, 6040, 1660, 60, 10, 2760, 2760, 10, 10, 10, 60, 2760, 10, 2760, 11250, 11250, 11250, 11250, 11250, 50, 3820, 40, 50, 50, 40, 50, 50, 10, 580, 1150, 3770, 580, 30, 30, 10, 3770, 580, 3770, 3770, 1150, 30, 3770, 10, 580, 30, 30, 10, 580, 10, 20, 20, 30, 30, 30, 15360, 20, 20, 15360, 20, 30, 15360, 15360, 15360, 30, 500, 1110, 2870, 30, 8700, 500, 500, 500, 1280, 500, 120, 900, 900, 900, 900, 950, 950, 950, 900, 950, 950, 120, 50, 50, 50, 50, 50, 540, 280, 350, 540, 350, 350, 540, 350, 350, 540, 540, 220, 31760, 1610, 1010, 170, 170, 170, 1610, 1610, 170, 1010, 170, 1610, 1010, 1610, 1010, 1010, 180, 2540, 2540, 2540, 2540, 2540, 720, 2180, 2180, 60, 60, 2180, 60, 2180, 720, 2180, 720, 720, 720, 60, 60, 170, 680, 170, 170, 170, 170, 440, 1220, 1220, 1220, 1220, 1220, 680, 680, 680, 680, 680, 270, 410, 22430, 270, 270, 270, 180, 180, 180, 180, 180, 270, 240, 10, 10, 2170, 2170, 2170, 2170, 320, 320, 320, 320, 320, 6330, 1230, 9000, 110, 9000, 9000, 110, 9000, 9000, 180, 180, 180, 180, 180, 3600, 100, 2180, 240, 3600, 240, 3600, 240, 240, 3600, 3600, 240, 220, 220, 220, 220, 220, 310, 20, 1000, 870, 20, 870, 310, 1000, 1000, 310, 20, 870, 20, 310, 1000, 870, 870, 20, 310, 1000, 1460, 1200, 60, 60, 1200, 60, 310, 60, 310, 310, 60, 1200, 310, 310, 1200, 1200, 250, 250, 430, 250, 430, 250, 430, 430, 430, 250, 0, 10, 10, 0, 10, 10, 0, 0, 10, 10, 0, 12120, 24530, 12120, 12120, 12120, 12120, 180, 100, 30, 2430, 30, 30, 30, 30, 3160, 3370, 6650, 4490, 750, 3160, 750, 750, 3160, 6650, 3370, 750, 750, 3160, 3370, 3160, 3370, 3370, 4040, 23870, 730, 4420, 15560, 10, 2140, 4420, 15560, 4420, 15560, 15560, 15560, 4420, 4420, 11200, 11200, 11200, 11200, 11200, 2030, 4370, 970, 140, 970, 970, 970, 4370, 4370, 4370, 970, 2030, 4370, 30, 3260, 30, 3260, 30, 3260, 30, 3260, 3260, 30, 590, 1880, 970, 690, 10, 590, 590, 590, 1880, 1880, 1880, 590, 1880, 180, 70, 12120, 200, 200, 70, 180, 70, 200, 180, 70, 200, 180, 180, 70, 200, 1720, 70, 230, 110, 160, 110, 230, 230, 110, 110, 230, 230, 110, 180, 6680, 2670, 1610, 2670, 1610, 1610, 2670, 2670, 1610, 2670, 1610, 60, 510, 20, 60, 60, 60, 60, 240, 210, 30, 1610, 30, 1610, 1610, 30, 1610, 30, 30, 1610, 2070, 13050, 50, 2070, 50, 2070, 50, 2070, 50, 2440, 2070, 50, 300, 50, 10, 10, 10, 0, 50, 10, 300, 50, 300, 0, 50, 300, 0, 300, 0, 10, 50, 0, 420, 5110, 7290, 0, 5110, 960, 5110, 5110, 5110, 670, 670, 670, 670, 670, 460, 460, 5270, 50, 50, 50, 50, 50, 810, 10, 10, 10, 810, 10, 810, 810, 10, 810, 2240, 2240, 2240, 2240, 2240, 1220, 80, 70, 2490, 2490, 70, 70, 70, 70, 2490, 2490, 2490, 170, 170, 170, 170, 170, 100, 100, 770, 60, 630, 60, 630, 60, 630, 60, 630, 60, 630, 3020, 3020, 0, 3020, 3020, 3020, 690, 1340, 690, 1340, 30, 30, 1340, 30, 70, 690, 690, 70, 30, 70, 30, 1340, 70, 70, 1340, 690, 1820, 1820, 1820, 1820, 1820, 40, 1290, 1290, 1290, 1290, 120, 1290, 40, 3660, 3560, 12210, 3560, 12210, 3560, 3660, 3560, 12210, 3560, 12210, 12210, 120, 2750, 2360, 60, 280, 60, 60, 40, 280, 60, 280, 120, 60, 60, 120, 60, 60, 40, 280, 120, 60, 40, 280, 120, 40, 40, 60, 510, 240, 280, 13360, 510, 240, 240, 510, 240, 510, 240, 510, 1420, 410, 360, 360, 360, 360, 1700, 1700, 410, 1700, 360, 1700, 1700, 10, 600, 50, 240, 10, 120, 2260, 610, 780, 120, 120, 60, 60, 120, 60, 610, 120, 60, 780, 610, 610, 900, 60, 610, 50, 50, 50, 50, 50, 11750, 6730, 30, 370, 370, 370, 370, 370, 280, 100, 3570, 3570, 3280, 3570, 3570, 3570, 3280, 3280, 3280, 3280, 20, 3300, 1110, 60, 60, 60, 60, 60, 10, 480, 1290, 290, 480, 480, 1290, 290, 480, 290, 290, 1290, 480, 290, 1290, 1290, 1570, 1570, 1570, 1570, 1570, 10, 180, 370, 1910, 10, 10, 10, 180, 180, 10, 180, 180, 7660, 0, 120, 120, 0, 0, 7660, 60, 7660, 120, 0, 7660, 120, 120, 7660, 840, 20, 840, 260, 8230, 840, 250, 250, 260, 250, 260, 260, 20, 840, 260, 840, 250, 250, 460, 1080, 130, 20, 480, 250, 20, 130, 250, 480, 130, 20, 480, 130, 1080, 480, 130, 250, 1080, 1080, 480, 1080, 20, 250, 20, 250, 1740, 1740, 1740, 1740, 1740, 100, 100, 100, 100, 100, 1690, 380, 1640, 13130, 1640, 1640, 1640, 1640, 10, 360, 140, 120, 120, 120, 360, 120, 140, 120, 0, 340, 1180, 1180, 0, 4830, 1180, 1180, 0, 1180, 0, 0, 340, 2940, 1850, 1110, 1110, 140, 2940, 1850, 1110, 2940, 1110, 1850, 140, 1110, 1850, 140, 1850, 140, 2940, 140, 2940, 3410, 3410, 10, 10, 3410, 10, 3410, 3410, 10, 10, 70, 70, 70, 70, 14310, 14310, 14310, 14310, 14310, 1010, 1070, 50, 540, 50, 540, 60, 50, 50, 60, 540, 60, 60, 540, 50, 540, 60, 260, 80, 260, 10, 320, 10, 140, 140, 140, 260, 140, 140, 80, 10, 10, 10, 260, 260, 510, 510, 30, 510, 30, 510, 3440, 510, 2260, 210, 2260, 210, 2260, 2260, 2260, 20, 20, 700, 60, 700, 700, 50, 60, 700, 700, 60, 60, 60, 390, 1780, 180, 180, 180, 180, 180, 130, 130, 1360, 80, 0, 0, 1360, 0, 1360, 0, 1360, 0, 1360, 40, 40, 560, 2820, 27630, 490, 20, 27630, 20, 20, 20, 20, 2090, 0, 250, 250, 0, 0, 0, 2090, 250, 2090, 250, 1740, 2090, 2090, 0, 250, 820, 240, 820, 240, 820, 240, 240, 240, 820, 820, 4120, 490, 0, 90, 3560, 6720, 120, 90, 300, 3560, 0, 3560, 90, 0, 0, 3560, 90, 0, 3560, 90, 170, 250, 5470, 250, 250, 5470, 250, 5470, 250, 5470, 5470, 1730, 400, 400, 400, 400, 400, 20, 740, 740, 740, 200, 200, 740, 200, 200, 740, 200, 910, 3720, 2110, 910, 0, 910, 10, 910, 10, 0, 910, 10, 10, 0, 0, 10, 0, 170, 1350, 170, 170, 170, 170, 160, 520, 3160, 840, 20, 20, 20, 20, 840, 840, 840, 840, 20, 12660, 1250, 0, 0, 0, 0, 0, 1250, 1190, 1670, 5180, 780, 1390, 5330, 370, 10, 370, 370, 370, 780, 1390, 10, 1390, 370, 1390, 1390, 120, 8110, 1740, 60, 640, 120, 640, 1740, 120, 8110, 640, 8110, 60, 1740, 60, 8110, 1740, 120, 60, 8110, 640, 1740, 120, 640, 60, 170, 100, 170, 170, 170, 170, 5580, 2830, 90, 5580, 5580, 90, 2830, 90, 5580, 2830, 2830, 5580, 90, 2830, 90, 10, 10, 10, 10, 10, 94410, 94410, 94410, 94410, 94410, 410, 410, 410, 6640, 410, 410, 12010, 630, 3100, 630, 630, 630, 630, 200, 4750, 2170, 2170, 2170, 2170, 2170, 3620, 160, 190, 1190, 1190, 1190, 160, 160, 160, 1190, 160, 1190, 230, 230, 230, 230, 230, 80, 80, 1170, 80, 1170, 80, 1170, 20, 1170, 80, 1170, 1120, 10, 1120, 10, 1120, 10, 10, 1120, 1120, 10, 4800, 40, 20, 20, 40, 20, 40, 20, 40, 40, 20, 130, 1060, 510, 130, 510, 510, 510, 130, 130, 510, 130, 420, 420, 420, 420, 420, 1650, 3870, 1650, 1650, 1550, 1650, 1650, 3870, 50, 50, 1600, 50, 50, 50, 1600, 20, 110, 20, 110, 110, 110, 110, 20, 20, 20, 20, 240, 240, 240, 240, 240, 130, 1860, 130, 130, 130, 130, 1860, 760, 700, 700, 540, 700, 760, 760, 540, 760, 700, 540, 700, 540, 760, 10, 1170, 740, 740, 740, 740, 10, 740, 10, 10, 740, 10, 7250, 12330, 1110, 110, 3100, 7250, 12330, 3100, 12330, 3100, 110, 7250, 12330, 3100, 110, 12330, 3100, 110, 7250, 110, 7250, 60, 11930, 740, 180, 180, 60, 11930, 60, 60, 180, 180, 11930, 11930, 180, 11930, 60, 9720, 620, 40, 40, 620, 9720, 9720, 40, 620, 620, 620, 9720, 40, 9720, 40, 500, 140, 60, 4990, 140, 140, 500, 140, 4990, 4990, 60, 500, 60, 140, 60, 4990, 500, 500, 4990, 60, 3100, 3100, 3100, 3100, 3100, 1410, 2450, 1520, 1410, 1520, 1410, 2450, 1520, 1520, 2450, 1520, 1410, 2450, 2450, 1410, 160, 160, 160, 160, 160, 300, 300, 300, 300, 300, 380, 1980, 8120, 8120, 8120, 8120, 8120, 3240, 90, 200, 0, 90, 3240, 0, 3240, 90, 0, 90, 0, 90, 0, 3240, 3240, 10, 40, 920, 20, 1250, 200, 110, 110, 110, 200, 200, 110, 40, 1250, 200, 40, 1250, 200, 110, 40, 1250, 40, 1250, 120, 120, 120, 120, 120, 1080, 990, 14060, 14060, 1080, 14060, 14060, 14060, 260, 900, 6870, 900, 900, 900, 900, 6210, 6210, 6210, 6210, 6210, 5580, 3980, 5580, 840, 5580, 840, 840, 5580, 840, 840, 5580, 920, 61440, 200, 20, 9100, 20540, 2070, 100, 20540, 9100, 100, 9100, 20540, 100, 20, 20540, 9100, 100, 20540, 9100, 100, 16040, 3620, 6160, 16040, 340, 340, 16040, 340, 16040, 90, 6160, 90, 6160, 340, 90, 340, 90, 16040, 90, 6160, 6160, 120, 3170, 70, 70, 3170, 70, 70, 3170, 3170, 3170, 70, 1800, 3160, 770, 770, 9910, 60, 2500, 9660, 9910, 60, 60, 2500, 60, 9910, 9660, 2500, 9910, 2500, 60, 9910, 2500, 140, 600, 600, 140, 600, 140, 600, 600, 150, 140, 140, 2250, 2250, 2250, 2250, 2250, 1520, 1520, 1520, 1520, 1520, 8130, 450, 20, 8130, 450, 8130, 20, 450, 60, 450, 20, 20, 450, 840, 8130, 20, 8130, 350, 350, 350, 250, 350, 350, 300, 330, 210, 15360, 15360, 330, 15360, 210, 210, 210, 330, 15360, 210, 330, 15360, 330, 20, 2960, 70, 900, 47070, 20, 340, 70, 6630, 6630, 20, 900, 900, 340, 70, 70, 6210, 6630, 900, 340, 20, 900, 340, 340, 6630, 70, 20, 6630, 380, 560, 210, 210, 210, 380, 210, 380, 210, 380, 560, 380, 380, 380, 380, 380, 380, 4960, 110, 110, 110, 110, 110, 810, 810, 110, 1780, 180, 110, 110, 810, 110, 810, 110, 810, 600, 470, 10, 470, 10, 470, 10, 470, 10, 470, 10, 0, 260, 260, 260, 900, 50, 260, 260]"
2020-11-03 14:55:00+00:00,8321780,14,2480.0,"[300, 300, 300, 300, 300, 3610, 8080, 1630, 120, 120, 120, 120, 120, 310, 310, 310, 310, 310, 580, 580, 40, 40, 580, 580, 580, 40, 40, 40, 580, 580, 580, 580, 580, 4180, 4180, 4180, 4180, 4180, 6080, 110, 11070, 10240, 110, 110, 110, 110, 840, 170, 50, 130, 3590, 60, 130, 260, 60, 260, 60, 260, 60, 260, 60, 260, 690, 690, 690, 690, 3410, 3410, 690, 3410, 3410, 1280, 1280, 1280, 1280, 1280, 120, 3800, 120, 120, 120, 120, 2140, 100, 1340, 820, 500, 1340, 100, 2140, 500, 1340, 1340, 2140, 100, 1340, 2140, 100, 2140, 500, 500, 100, 500, 160, 160, 160, 160, 160, 140, 140, 140, 110, 140, 140, 110, 110, 110, 110, 780, 710, 4070, 4070, 710, 710, 130, 4070, 710, 4070, 4070, 710, 1880, 20, 1880, 1880, 1880, 1880, 20, 20, 20, 20, 2550, 2550, 490, 100, 2550, 490, 490, 2550, 490, 2550, 490, 350, 300, 350, 350, 350, 350, 1060, 20, 1090, 8110, 4850, 8110, 4850, 20, 8110, 4850, 20, 8110, 4850, 4850, 20, 20, 8110, 230, 3790, 3980, 230, 3980, 230, 230, 230, 1190, 560, 2200, 1190, 2200, 2200, 1190, 1190, 1190, 2200, 940, 100, 940, 150, 100, 150, 100, 940, 150, 100, 150, 100, 150, 940, 940, 150, 150, 1420, 150, 150, 1420, 1420, 1420, 150, 1420, 160, 90, 10, 16520, 16520, 160, 16520, 160, 16520, 10, 16520, 160, 160, 8860, 80, 3080, 8860, 8860, 80, 3080, 80, 8860, 3080, 80, 8860, 3080, 80, 3080, 20, 20, 20, 20, 20, 980, 560, 60, 60, 60, 60, 60, 20, 1840, 1840, 1840, 1840, 1840, 450, 980, 270, 37690, 270, 450, 5760, 260, 270, 90, 450, 5760, 450, 270, 5760, 450, 270, 5760, 5760, 1580, 190, 16520, 16520, 16520, 16520, 1580, 16520, 820, 980, 980, 30, 30, 3640, 3640, 820, 30, 980, 30, 820, 3640, 820, 430, 3640, 980, 3640, 820, 30, 980, 1040, 2840, 1040, 920, 940, 920, 1040, 920, 1040, 920, 940, 920, 1040, 2840, 940, 2840, 2840, 940, 2840, 940, 6200, 6360, 6200, 6200, 6200, 6200, 3550, 100, 130, 130, 130, 130, 100, 130, 170, 170, 170, 170, 170, 680, 1150, 5000, 160, 160, 5000, 160, 5000, 5000, 160, 1150, 1150, 1150, 1150, 5000, 160, 60, 440, 710, 710, 710, 340, 340, 340, 710, 340, 340, 710, 240, 300, 240, 620, 50, 620, 620, 620, 50, 130, 50, 620, 50, 50, 110, 1060, 110, 110, 110, 1060, 110, 480, 480, 480, 480, 480, 30, 130, 130, 130, 130, 130, 1580, 1580, 1580, 1580, 1580, 390, 390, 390, 390, 390, 40, 130, 250, 15850, 15850, 130, 130, 130, 130, 15850, 15850, 15850, 250, 840, 60, 60, 60, 840, 60, 840, 3280, 840, 60, 840, 30, 30, 300, 30, 30, 300, 300, 300, 300, 30, 400, 2590, 1500, 2590, 2590, 2590, 400, 1500, 400, 1500, 400, 1500, 400, 1500, 2590, 1080, 3820, 730, 120, 120, 3820, 120, 120, 3820, 120, 3820, 3820, 1260, 1940, 1940, 1940, 1940, 1260, 1260, 1260, 1940, 1260, 40, 30, 30, 30, 30, 30, 240, 230, 230, 50, 230, 230, 240, 50, 50, 50, 230, 240, 50, 240, 240, 450, 1220, 940, 300, 500, 3170, 300, 300, 3170, 3170, 300, 300, 3170, 500, 3170, 40, 20, 0, 140, 140, 140, 140, 20, 40, 0, 0, 20, 20, 0, 40, 0, 20, 140, 40, 40, 1630, 1900, 1900, 11220, 1900, 11220, 11220, 1900, 11220, 1900, 11220, 830, 90, 90, 1250, 1250, 1250, 90, 830, 90, 1250, 830, 1250, 830, 830, 90, 470, 1480, 1480, 1480, 1530, 1480, 1530, 1530, 1530, 1480, 1530, 220, 1000, 220, 1000, 1000, 1000, 220, 220, 220, 1000, 170, 1280, 2310, 2310, 2310, 2310, 2310, 630, 690, 690, 690, 690, 690, 170, 290, 19910, 170, 170, 170, 60, 290, 170, 290, 290, 290, 2290, 2290, 2290, 2290, 2290, 280, 280, 280, 280, 50, 280, 50, 50, 50, 680, 50, 1790, 2310, 2310, 2310, 2310, 2310, 40, 40, 2160, 40, 2160, 2160, 40, 2160, 40, 2160, 4850, 4850, 4850, 4850, 4850, 30, 30, 30, 30, 30, 5820, 150, 60, 5820, 60, 60, 60, 60, 9670, 360, 9670, 9670, 9670, 9670, 70, 210, 340, 3180, 70, 70, 70, 70, 1110, 680, 690, 620, 1110, 1110, 1110, 1110, 830, 830, 830, 830, 830, 4260, 4260, 4260, 4260, 0, 0, 4260, 0, 1680, 0, 0, 1210, 1210, 15850, 1210, 1210, 1210, 100, 2150, 510, 100, 2690, 510, 510, 2690, 510, 2690, 100, 510, 100, 2690, 100, 2690, 180, 2070, 2070, 180, 2070, 2070, 180, 2070, 180, 180, 8570, 210, 120, 120, 120, 210, 8570, 120, 210, 8570, 210, 8570, 210, 8570, 120, 5810, 6360, 5810, 5810, 5810, 5810, 12080, 12080, 190, 140, 140, 70, 140, 140, 140, 340, 20, 340, 20, 20, 340, 340, 340, 20, 20, 750, 0, 0, 0, 750, 0, 0, 120, 120, 120, 120, 120, 30, 620, 620, 30, 620, 30, 620, 4050, 620, 30, 30, 1840, 80, 30, 40, 30, 30, 80, 40, 30, 40, 80, 40, 40, 80, 30, 80, 13130, 360, 470, 1510, 1510, 1510, 1510, 360, 1510, 360, 390, 360, 360, 980, 560, 560, 560, 560, 560, 7250, 530, 530, 530, 80, 530, 530, 1980, 1980, 1980, 1980, 1980, 2240, 4320, 3200, 880, 880, 4320, 3200, 4320, 880, 7250, 7250, 4320, 880, 4320, 880, 7250, 3200, 7250, 3200, 7250, 3200, 2580, 3410, 530, 2580, 530, 3410, 530, 3410, 3410, 2580, 530, 3410, 2580, 530, 2580, 3570, 3570, 3570, 3570, 3570, 10, 10, 10600, 10, 10, 10, 80, 180, 180, 180, 80, 80, 180, 80, 180, 80, 10, 10, 10, 10, 10, 1520, 120, 1060, 1060, 1060, 120, 1060, 120, 120, 120, 1060, 610, 380, 30, 380, 380, 380, 380, 3200, 4320, 10, 4320, 4320, 4430, 4430, 4430, 10, 4430, 10, 4430, 10, 4320, 10, 4320, 1110, 150, 39980, 1110, 1110, 1110, 39980, 1110, 30, 30, 1480, 670, 670, 250, 40, 180, 60, 30, 180, 30, 60, 40, 180, 30, 60, 40, 180, 30, 30, 60, 60, 40, 180, 40, 420, 50, 50, 50, 20, 20, 20, 20, 420, 50, 20, 420, 420, 420, 50, 260, 260, 260, 260, 260, 1410, 1410, 50, 1410, 1410, 1410, 1330, 80, 80, 4260, 340, 80, 4260, 1330, 340, 4260, 1330, 4260, 1330, 1330, 4260, 340, 340, 340, 80, 80, 13230, 160, 18720, 1570, 18720, 160, 18720, 160, 18720, 160, 18720, 1570, 13230, 160, 13230, 13230, 13230, 5520, 180, 550, 550, 180, 550, 550, 550, 180, 180, 180, 50, 2780, 2780, 2780, 50, 2780, 50, 2780, 50, 50, 6710, 6710, 670, 360, 6710, 360, 6710, 360, 670, 360, 670, 6710, 360, 670, 670, 30, 4010, 30, 4010, 4010, 30, 30, 4010, 4010, 30, 140, 17060, 140, 140, 140, 140, 17060, 17060, 17060, 17060, 720, 1480, 1480, 1480, 10140, 1480, 720, 1480, 11700, 11700, 11700, 6420, 11700, 6420, 6420, 6420, 11700, 6420, 50, 34060, 170, 34060, 170, 170, 34060, 170, 34060, 170, 34060, 12610, 460, 1770, 710, 710, 710, 460, 710, 460, 460, 460, 710, 17070, 5760, 230, 230, 230, 230, 230, 2460, 200, 360, 2460, 200, 200, 2460, 200, 2460, 200, 2460, 990, 6870, 990, 2330, 990, 6870, 990, 6870, 6870, 990, 6870, 690, 240, 330, 240, 330, 330, 240, 330, 330, 240, 240, 10, 10, 10, 10, 0, 10, 290, 3560, 1950, 250, 34060, 1950, 1950, 250, 34060, 250, 34060, 34060, 250, 34060, 1950, 250, 1950, 230, 2790, 230, 750, 230, 750, 230, 2790, 750, 2790, 750, 230, 2790, 750, 2790, 300, 240, 160, 110, 2000, 110, 160, 160, 110, 240, 110, 160, 240, 110, 160, 240, 240, 70, 70, 70, 70, 70, 0, 20, 20, 20, 7470, 20, 20, 1390, 7470, 7470, 7470, 34060, 470, 1080, 34060, 34060, 470, 34060, 470, 1080, 34060, 470, 470, 1080, 1080, 1080, 370, 20, 1510, 370, 370, 20, 370, 1510, 370, 1570, 750, 1570, 5800, 5800, 5800, 5800, 1570, 5800, 1570, 1570, 140, 140, 140, 140, 140, 1400, 0, 4240, 1400, 11080, 4140, 2330, 4140, 2330, 0, 4140, 0, 11080, 11080, 4140, 0, 11080, 0, 1400, 2330, 4140, 4240, 11080, 1400, 2330, 1400, 2330, 6420, 6420, 6420, 6420, 6420, 1090, 27420, 1620, 27420, 1620, 1620, 1620, 1620, 27420, 27420, 27420, 610, 40, 610, 40, 40, 40, 610, 40, 610, 610, 420, 100, 140, 510, 510, 510, 510, 510, 4980, 1640, 1080, 790, 1160, 1640, 1160, 1640, 4980, 790, 4980, 790, 1080, 4570, 1160, 1080, 4980, 790, 1160, 1080, 4980, 790, 1160, 1080, 1640, 1640, 220, 230, 460, 460, 460, 460, 460, 7620, 7620, 7620, 7620, 7620, 3230, 740, 80, 3230, 100, 1910, 100, 80, 3230, 80, 3230, 80, 100, 740, 100, 80, 100, 3230, 1910, 3910, 5800, 930, 930, 3910, 930, 3910, 3910, 930, 930, 3910, 380, 1970, 1970, 380, 1970, 380, 380, 1970, 380, 1970, 100, 830, 960, 960, 100, 960, 100, 100, 350, 960, 100, 960, 460, 170, 860, 170, 460, 460, 460, 170, 860, 860, 170, 860, 170, 460, 860, 450, 450, 450, 450, 450, 10, 420, 2170, 690, 510, 40, 10, 510, 40, 40, 10, 510, 10, 510, 10, 40, 40, 510, 50, 50, 50, 50, 50, 0, 0, 0, 0, 0, 240, 4120, 240, 240, 4120, 240, 4120, 240, 4120, 4120, 10, 10, 10, 10, 10, 160, 70, 490, 160, 70, 490, 70, 160, 490, 160, 490, 490, 160, 70, 70, 2270, 0, 220, 0, 220, 220, 220, 220, 220, 160, 580, 400, 20, 580, 580, 400, 20, 400, 20, 400, 580, 20, 400, 20, 580, 580, 1780, 50, 4560, 50, 50, 50, 50, 2650, 490, 4480, 490, 490, 2650, 2650, 2650, 2650, 490, 490, 170, 50, 10, 8490, 6540, 8490, 6540, 10, 50, 170, 10, 50, 8490, 6540, 10, 50, 170, 10, 50, 8490, 6540, 6540, 170, 8490, 170, 10600, 10600, 10600, 10600, 10600, 410, 240, 410, 410, 1040, 1040, 240, 240, 3310, 410, 240, 1040, 410, 240, 1040, 1040, 940, 20, 20, 20, 3260, 20, 4210, 10, 20, 850, 25750, 2810, 25750, 25750, 850, 850, 850, 25750, 850, 25750, 3580, 220, 2540, 220, 3580, 3580, 220, 3580, 220, 3580, 220, 880, 3170, 3170, 880, 3170, 880, 3170, 880, 3170, 880, 240, 9610, 30, 240, 220, 1160, 220, 1160, 220, 1160, 220, 1160, 220, 1160, 8840, 0, 2920, 0, 0, 8840, 2920, 0, 0, 10, 4460, 210, 130, 130, 130, 130, 130, 840, 24060, 510, 24060, 840, 840, 840, 840, 2940, 16710, 70, 3400, 3850, 240, 240, 3850, 240, 240, 16710, 70, 16710, 70, 240, 3850, 3400, 16710, 70, 3400, 16710, 70, 3400, 3850, 3400, 3850, 1040, 250, 250, 130, 80, 3070, 2800, 1420, 1420, 1420, 1420, 1420, 80, 80, 80, 170, 80, 80, 20, 300, 30, 30, 20, 30, 30, 30, 20, 20, 20, 1450, 140, 140, 510, 7290, 140, 140, 140, 140, 140, 140, 140, 140, 10, 90, 90, 90, 90, 90, 6140, 170, 170, 170, 170, 170, 320, 4490, 60, 1650, 1650, 1650, 1650, 1650, 10, 550, 10, 550, 10, 550, 550, 10, 10, 550, 2750, 2750, 510, 9490, 16710, 220, 510, 9490, 9490, 16710, 9490, 510, 9490, 16710, 16710, 16710, 510, 510, 90, 100, 580, 180, 90, 180, 90, 180, 90, 180, 180, 90, 20, 250, 13130, 3100, 250, 3100, 250, 3100, 250, 3100, 250, 3100, 240, 150, 1200, 1200, 300, 300, 1200, 60, 1200, 300, 1200, 300, 300, 150, 240, 50, 530, 2030, 530, 530, 530, 530, 1220, 160, 11090, 11090, 11090, 1220, 11090, 1220, 11090, 1220, 1220, 510, 510, 510, 510, 510, 101610, 101610, 101610, 101610, 101610, 40, 40, 40, 40, 40, 130, 6350, 4630, 5520, 5520, 130, 5520, 4630, 130, 4630, 5520, 4630, 130, 6350, 4630, 5520, 130, 6350, 6350, 6350, 930, 190, 190, 930, 190, 190, 190, 760, 9200, 40, 760, 40, 40, 760, 40, 760, 760, 40, 3000, 220, 40, 40, 40, 40, 880, 40, 360, 280, 280, 280, 280, 280, 3930, 3930, 3930, 3930, 3930, 3290, 8610, 3290, 750, 3290, 3290, 8610, 8610, 3290, 8610, 8610, 990, 520, 20, 20, 20, 2240, 2240, 990, 20, 20, 2240, 2240, 990, 990, 990, 2240, 260, 80, 5050, 4610, 4610, 80, 80, 4610, 80, 80, 4610, 4610, 390, 4300, 1770, 390, 390, 1280, 390, 4300, 1770, 1770, 390, 4300, 160, 1770, 1770, 4300, 4300, 40, 3910, 0, 3910, 0, 40, 3910, 0, 40, 7850, 0, 40, 0, 40, 3910, 3910, 37990, 10, 10, 10, 10, 80, 80, 80, 10, 80, 80, 9490, 50, 50, 30, 1060, 30, 1060, 1060, 30, 1060, 30, 1060, 3580, 30, 20, 0, 400, 11330, 0, 11330, 0, 0, 11330, 0, 11330, 11330, 180, 700, 420, 50, 940, 470, 160, 440, 160, 40, 440, 210, 440, 160, 470, 160, 210, 440, 210, 440, 210, 160, 210, 30, 1380, 30, 30, 30, 30, 770, 3290, 1060, 770, 1060, 770, 1060, 770, 1060, 770, 1060, 4080, 20, 200, 200, 20, 20, 20, 200, 20, 200, 200, 430, 370, 430, 430, 450, 430, 430, 31760, 890, 890, 890, 890, 890, 550, 500, 550, 500, 500, 500, 500, 550, 550, 550, 1460, 20330, 1050, 120, 370, 180, 120, 120, 180, 370, 120, 370, 370, 180, 120, 370, 180, 180, 1010, 1010, 8490, 8490, 1010, 8490, 8490, 1010, 8490, 1010, 10, 10, 10, 10, 10, 190, 190, 190, 190, 190, 4460, 2810, 4460, 4460, 2810, 4460, 2810, 4460, 2810, 2810, 210, 210, 1050, 210, 1780, 1780, 1050, 1050, 210, 1050, 1780, 1050, 1780, 210, 1780, 70, 190, 190, 190, 70, 190, 400, 400, 400, 70, 400, 70, 400, 190, 70, 60, 180, 180, 60, 180, 20, 60, 180, 60, 180, 60, 50, 50, 50, 20, 50, 20, 50, 20, 20, 20, 1420, 1420, 1420, 1420, 1420, 20, 3330, 3030, 3030, 20, 3030, 20, 3030, 20, 3030, 20, 740, 740, 740, 740, 740, 550, 2120, 720, 720, 720, 720, 720, 880, 1480, 10, 90, 90, 10, 10, 1480, 880, 10, 880, 90, 880, 10, 90, 880, 90, 40, 10, 1650, 1650, 1650, 1650, 1120, 1650, 15060, 15060, 6330, 0, 0, 0, 0, 0, 520, 152740, 4190, 140, 1000, 160, 140, 160, 160, 140, 160, 140, 140, 160, 200, 1050, 1050, 200, 390, 140, 340, 140, 450, 390, 390, 140, 390, 140, 390, 140, 450, 450, 450, 450, 20, 20, 20, 20, 20, 20, 750, 10240, 20, 20, 20, 20, 210, 990, 1060, 1060, 210, 210, 1060, 1060, 210, 1060, 210, 370, 4560, 20, 4720, 100, 4560, 2270, 100, 100, 20, 4560, 4560, 370, 370, 100, 370, 100, 4560, 370, 20, 20, 20, 550, 4020, 4020, 550, 4020, 550, 4020, 550, 4020, 550, 210, 210, 210, 210, 210, 4300, 1980, 520, 4300, 130, 130, 130, 130, 130, 20, 250, 20, 20, 20, 20, 360, 330, 40, 330, 330, 330, 360, 40, 330, 40, 40, 40, 3040, 550, 1010, 1450, 550, 640, 3040, 550, 640, 3040, 550, 640, 640, 550, 3040, 1450, 640, 1450, 1450, 3040, 1450, 630, 740, 190, 2150, 150, 150, 190, 630, 150, 740, 190, 630, 740, 190, 630, 150, 740, 190, 630, 150, 740, 480, 480, 2080, 2080, 480, 2080, 480, 2080, 480, 2080, 20, 390, 280, 20, 20, 280, 20, 20, 280, 280, 280, 90, 90, 90, 90, 90]"
2020-11-03 15:00:00+00:00,16751810,7,4097.0,"[280, 760, 240, 280, 280, 2770, 2770, 240, 280, 2770, 240, 2770, 2770, 240, 280, 240, 220, 240, 100, 220, 220, 220, 220, 3040, 90, 3040, 3040, 3040, 3040, 560, 560, 560, 560, 560, 0, 0, 0, 0, 0, 550, 110, 3470, 110, 110, 110, 110, 310, 590, 1560, 1560, 1560, 1560, 1560, 5390, 2990, 5390, 850, 850, 850, 5390, 5390, 850, 5390, 850, 1270, 300, 20, 1270, 1270, 20, 120, 1270, 20, 3780, 1270, 300, 20, 3780, 300, 20, 3780, 300, 3780, 290, 3780, 300, 480, 130, 280, 130, 130, 130, 480, 130, 480, 480, 480, 230, 152740, 50, 50, 50, 152740, 50, 50, 230, 152740, 152740, 152740, 180, 110, 110, 740, 110, 110, 110, 280, 1340, 280, 320, 280, 280, 280, 20, 20, 20, 20, 20, 20, 20, 370, 20, 20, 20, 2370, 3340, 3930, 60, 3930, 60, 3930, 60, 60, 60, 3340, 3930, 3930, 240, 240, 320, 240, 320, 320, 250, 240, 320, 320, 240, 320, 530, 530, 230, 320, 530, 320, 320, 530, 320, 530, 690, 50, 10, 50, 10, 660, 253820, 50, 10, 50, 10, 50, 10, 39200, 590, 39200, 39200, 39200, 39200, 50, 80, 50, 50, 50, 50, 1710, 10, 4950, 4950, 4950, 4950, 4950, 6690, 110, 10, 80, 6690, 6690, 10, 110, 240, 2490, 710, 6690, 10, 110, 6690, 10, 110, 110, 10, 1600, 1600, 1600, 1600, 1600, 480, 480, 480, 480, 480, 5160, 3420, 3420, 3420, 4260, 3420, 3420, 11260, 30, 160, 30, 160, 160, 30, 30, 160, 30, 160, 10040, 7290, 970, 220, 380, 10, 0, 220, 10, 10, 0, 0, 380, 380, 220, 0, 0, 220, 380, 10, 220, 10, 380, 30, 1510, 1510, 1510, 1510, 1510, 380, 50, 30, 30, 50, 30, 50, 30, 50, 30, 50, 360, 4500, 4210, 360, 360, 360, 360, 3930, 490, 160, 160, 160, 3930, 160, 160, 3930, 3930, 3930, 6330, 10, 6330, 6330, 6330, 10, 6330, 370, 370, 650, 370, 370, 370, 3520, 4360, 3520, 3520, 2370, 3520, 3520, 10, 10, 10, 10, 10, 3080, 2910, 3080, 200, 200, 20, 110, 110, 110, 110, 110, 270, 340, 370, 490, 490, 370, 340, 340, 370, 490, 490, 370, 340, 490, 340, 370, 1380, 240, 1120, 1120, 1120, 1380, 1380, 1380, 1120, 1380, 1120, 110, 20, 3230, 3230, 20, 340, 110, 110, 110, 3230, 20, 3230, 110, 20, 3230, 20, 1800, 910, 21770, 910, 910, 910, 21770, 910, 21770, 1800, 21770, 21770, 100, 100, 100, 100, 100, 210, 2290, 3550, 2290, 2290, 2290, 2290, 160, 8280, 9170, 1300, 9170, 160, 9170, 1300, 9170, 160, 1300, 8280, 9170, 160, 1300, 160, 1300, 20, 1070, 20, 20, 1070, 20, 1070, 20, 1070, 20, 1070, 20, 2660, 2660, 2660, 40, 2660, 2660, 80, 21190, 260, 260, 21190, 260, 21190, 260, 21190, 260, 21190, 60, 290, 60, 60, 60, 60, 290, 290, 290, 290, 1680, 1100, 1680, 1020, 1680, 1680, 1100, 1680, 160, 13130, 360, 40, 40, 40, 360, 40, 360, 40, 360, 40, 360, 60, 82090, 110, 110, 20, 2380, 110, 2380, 60, 82090, 2380, 30, 60, 2380, 82090, 2380, 82090, 82090, 110, 60, 60, 110, 110, 310, 310, 10940, 320, 310, 310, 110, 440, 310, 1880, 640, 640, 1870, 640, 1880, 640, 640, 70, 1060, 20, 3740, 20, 1060, 70, 20, 70, 3740, 20, 1060, 70, 20, 1060, 70, 1060, 3740, 3740, 3740, 1270, 1270, 1270, 1270, 1270, 490, 100, 490, 120, 8280, 8280, 2880, 2880, 2880, 2880, 2880, 710, 80, 30, 710, 710, 710, 710, 10, 41990, 660, 80, 290, 660, 41990, 660, 7910, 41990, 660, 41990, 660, 4060, 41990, 1220, 1220, 90, 90, 1220, 1220, 90, 90, 1860, 1220, 90, 300, 3410, 60, 40, 1410, 4730, 4730, 4730, 300, 50, 40, 300, 300, 40, 4730, 40, 4730, 600, 300, 3410, 40, 100, 0, 0, 0, 0, 0, 1260, 850, 2610, 60, 60, 850, 60, 850, 850, 850, 60, 60, 30, 10, 30, 10, 30, 30, 30, 110, 920, 920, 110, 3700, 250, 3700, 250, 3700, 250, 3700, 250, 250, 3700, 10, 3690, 50, 8280, 8280, 8280, 8280, 10, 10, 10, 10, 8280, 150, 10, 830, 160, 480, 10, 160, 150, 160, 10, 150, 150, 480, 10, 160, 150, 480, 480, 480, 10, 160, 40, 290, 120, 80, 40, 120, 120, 290, 80, 80, 80, 40, 120, 290, 290, 120, 40, 290, 80, 40, 0, 0, 0, 0, 0, 910, 2030, 2030, 2030, 910, 2030, 910, 2030, 910, 250, 910, 16460, 16460, 16460, 16460, 16460, 20, 20, 20, 20, 20, 20350, 20, 540, 60, 6980, 540, 540, 6980, 60, 540, 6980, 60, 540, 6980, 20, 60, 600, 6980, 60, 510, 1670, 30, 30, 30, 30, 30, 50, 30, 510, 50, 50, 510, 30, 30, 1670, 510, 50, 30, 50, 30, 510, 1040, 130, 130, 130, 60, 130, 130, 680, 20, 680, 20, 680, 680, 20, 20, 20, 680, 200, 330, 330, 200, 330, 330, 330, 1540, 30, 1540, 13620, 1540, 13620, 30, 30, 30, 1540, 13620, 30, 1540, 13620, 13620, 3770, 40, 11140, 1950, 10, 40, 10, 11140, 11140, 11140, 40, 10, 11140, 10, 40, 10, 40, 30, 560, 18840, 2050, 190, 2050, 2840, 18840, 2840, 190, 2050, 18840, 2840, 190, 2050, 2840, 18840, 190, 2050, 2840, 18840, 190, 3360, 3260, 3360, 20, 20, 3260, 20, 3360, 3360, 3260, 20, 3260, 20, 3360, 3260, 128210, 40, 40, 40, 40, 40, 540, 540, 540, 540, 540, 290, 4270, 1020, 200, 1020, 200, 200, 4270, 1020, 4270, 1020, 4270, 200, 4270, 1020, 200, 10, 2810, 3590, 1300, 10, 1300, 1300, 10, 1300, 10, 10, 30, 1300, 120, 90, 90, 90, 90, 90, 4380, 3360, 4380, 60, 4380, 3360, 60, 4380, 3360, 3360, 60, 3360, 4380, 60, 60, 60, 1950, 110, 1950, 60, 1950, 1950, 1950, 50, 120, 2660, 10, 250, 250, 120, 120, 50, 250, 120, 120, 250, 250, 70, 10, 60, 220, 3780, 7730, 150, 70, 7730, 2030, 150, 70, 70, 60, 10, 220, 3780, 720, 7730, 720, 150, 220, 720, 720, 220, 7730, 150, 220, 720, 7730, 150, 70, 850, 850, 850, 850, 850, 300, 3870, 15080, 1160, 3870, 1160, 3870, 3870, 1160, 3870, 1160, 1160, 140, 1130, 1080, 640, 340, 180, 210, 1890, 1080, 1080, 460, 1080, 1890, 1890, 1080, 1890, 1890, 2280, 10, 0, 10, 10, 0, 10, 10, 350, 210, 210, 350, 350, 210, 350, 210, 210, 1910, 350, 640, 310, 60, 240, 190, 210, 60, 190, 60, 640, 210, 310, 640, 240, 190, 210, 240, 60, 310, 210, 60, 190, 420, 310, 240, 640, 210, 420, 420, 310, 420, 420, 190, 640, 240, 240, 240, 350, 350, 240, 350, 350, 240, 350, 240, 30, 30, 6480, 130, 6480, 30, 2940, 6480, 30, 6480, 30, 6480, 120, 510, 510, 510, 270, 80, 390, 510, 270, 510, 270, 270, 270, 1410, 840, 840, 340, 1880, 840, 1880, 340, 1410, 1410, 1880, 340, 840, 340, 1410, 1880, 340, 840, 1410, 1880, 780, 160, 2940, 2480, 250, 430, 2940, 250, 250, 2480, 2480, 2940, 2940, 250, 2480, 250, 2480, 2940, 3090, 210, 6560, 420, 340, 340, 6560, 3090, 210, 40, 6560, 3090, 210, 6560, 3090, 210, 340, 6560, 3090, 210, 340, 340, 640, 140, 1420, 480, 2830, 250, 1420, 6030, 12910, 2830, 390, 2460, 12910, 1420, 2830, 12910, 2830, 6030, 12910, 1420, 2830, 140, 6030, 250, 6030, 250, 250, 6030, 1420, 250, 12910, 1190, 1190, 1190, 1190, 1190, 220, 41850, 41850, 41850, 41850, 41850, 40, 400, 400, 40, 40, 400, 40, 40, 400, 40, 400, 3150, 260, 1060, 3150, 3150, 3150, 260, 3150, 2020, 180, 40, 70, 40, 40, 2020, 40, 10, 2020, 70, 40, 10, 10, 70, 2020, 10, 70, 70, 10, 2020, 120, 3550, 120, 3550, 120, 3550, 120, 3550, 3550, 120, 30, 180, 3740, 130, 640, 190, 640, 130, 640, 640, 30, 130, 640, 180, 190, 30, 130, 30, 130, 30, 18590, 110, 5830, 150, 10, 10, 5830, 10, 150, 5830, 10, 150, 5830, 10, 150, 5830, 150, 3600, 30, 6560, 6560, 3600, 6560, 3600, 80, 80, 30, 3600, 3600, 6560, 6560, 190, 190, 190, 190, 190, 3490, 12910, 3490, 3490, 12910, 3490, 12910, 12910, 12910, 3490, 80, 50, 160, 0, 970, 80, 80, 0, 160, 0, 160, 0, 160, 160, 80, 50, 0, 80, 50, 50, 50, 50, 50, 980, 1370, 220, 1240, 1370, 220, 220, 1240, 220, 1240, 1370, 980, 1240, 20, 1240, 1370, 1370, 220, 40, 40, 4050, 7890, 340, 10, 8700, 240, 240, 10, 7890, 340, 10, 7890, 340, 240, 10, 340, 240, 240, 7890, 7890, 10, 340, 3670, 90, 7620, 90, 7620, 90, 90, 90, 3670, 10, 170, 27280, 1480, 43050, 10, 170, 2000, 170, 10, 10, 43050, 170, 170, 10, 1480, 30, 160, 140, 5130, 20, 9710, 140, 10120, 5840, 10120, 10120, 10120, 140, 20, 5130, 9710, 140, 140, 9710, 10120, 9710, 9710, 2460, 2440, 3760, 570, 150, 150, 2440, 2440, 3760, 2460, 150, 2460, 150, 2440, 3760, 2460, 150, 2440, 3760, 2460, 3760, 2080, 390, 80, 1340, 460, 460, 460, 390, 80, 3560, 460, 390, 460, 390, 80, 1340, 390, 80, 1340, 1340, 350, 80, 1340, 130, 240, 130, 130, 130, 130, 50, 830, 10370, 830, 10370, 50, 830, 50, 830, 50, 830, 50, 34060, 560, 3670, 110, 640, 560, 560, 560, 640, 560, 9890, 110, 110, 110, 580, 580, 110, 110, 580, 580, 580, 70, 2360, 560, 140, 140, 1080, 140, 2360, 70, 1080, 2360, 140, 1080, 70, 140, 1080, 70, 2360, 70, 2360, 3000, 690, 3830, 1720, 1720, 3000, 1720, 3830, 1720, 1720, 690, 1490, 180, 320, 3190, 1490, 430, 11180, 1490, 1490, 11180, 3190, 320, 430, 430, 11180, 3190, 1490, 320, 430, 11180, 3190, 320, 320, 430, 11180, 7730, 3190, 1940, 3590, 1940, 1940, 160, 12210, 160, 160, 1940, 160, 1940, 3590, 160, 820, 70, 2440, 1310, 240, 820, 70, 60, 2440, 2440, 60, 2440, 70, 240, 60, 2440, 70, 60, 70, 820, 820, 820, 60, 300, 70, 18350, 70, 1000, 1000, 70, 1000, 1000, 70, 1000, 70, 11910, 2560, 20, 2560, 11910, 2560, 2560, 40, 11910, 2560, 40, 11910, 40, 40, 40, 11910, 20, 50, 4590, 3640, 20, 5130, 3640, 3640, 20, 3640, 20, 50, 3640, 20, 60, 5720, 330, 460, 60, 130, 60, 130, 460, 460, 460, 60, 330, 330, 60, 330, 130, 130, 130, 460, 330, 260, 280, 820, 100, 3330, 100, 16200, 700, 280, 100, 280, 280, 100, 100, 280, 3330, 980, 3090, 1230, 350, 230, 2620, 350, 550, 550, 230, 550, 230, 3090, 2620, 10, 350, 2620, 3090, 10, 350, 550, 10, 230, 10, 2620, 3090, 1230, 2620, 350, 550, 3090, 10, 230, 1880, 3290, 2440, 560, 1880, 270, 270, 140, 20, 1880, 140, 2440, 140, 2440, 1880, 20, 140, 1880, 1880, 270, 140, 2440, 1880, 270, 5040, 1880, 270, 1880, 2440, 1880, 1880, 5780, 380, 380, 770, 70, 1460, 4290, 70, 220, 220, 80, 80, 770, 20120, 4290, 4290, 770, 20120, 70, 80, 220, 20120, 770, 4290, 20120, 70, 80, 220, 770, 4290, 20120, 80, 220, 70, 590, 130, 100, 380, 380, 5710, 100, 380, 130, 590, 130, 5710, 590, 130, 380, 5710, 100, 590, 300, 5710, 130, 380, 5710, 590, 560, 3330, 14890, 150, 150, 14890, 3330, 14890, 150, 14890, 3330, 3330, 150, 14890, 150, 3330, 120, 670, 2920, 120, 670, 2920, 2830, 1230, 2920, 2830, 120, 1230, 1230, 1230, 2830, 120, 670, 1230, 2830, 120, 670, 2830, 2920, 2920, 670, 2020, 20, 100, 260, 16860, 20, 1470, 2020, 260, 100, 1470, 2020, 20, 2020, 2020, 20, 20, 7760, 8590, 7760, 140, 1010, 420, 340, 30, 30, 240, 30, 1010, 30, 140, 5660, 280, 140, 420, 1010, 30, 1010, 140, 140, 1010, 220, 60, 2090, 1190, 2860, 60, 2090, 220, 1190, 2090, 2860, 220, 1190, 60, 2860, 2090, 220, 1190, 60, 2090, 2860, 220, 60, 2860, 1190, 0, 580, 10740, 390, 40, 40, 10740, 0, 580, 1890, 40380, 40, 190, 920, 120, 1890, 170, 170, 2560, 170, 4080, 180, 170, 150, 40380, 40380, 180, 120, 190, 120, 1890, 170, 40380, 150, 120, 190, 1890, 150, 180, 190, 190, 1890, 40380, 180, 4080, 150, 150, 180, 120, 870, 250, 13090, 1240, 50, 490, 60, 60, 250, 870, 13090, 60, 250, 870, 250, 870, 870, 60, 60, 250, 450, 30, 4290, 720, 1040, 280, 60, 30, 720, 1040, 4290, 4290, 30, 280, 30, 280, 1040, 30, 60, 60, 60, 4290, 1040, 30, 280, 4290, 1040, 30, 30, 720, 720, 720, 280, 30, 60, 260, 50, 1100, 240, 2360, 50, 1100, 240, 260, 140, 240, 50, 1100, 260, 1100, 260, 260, 50, 240, 50, 1100, 240, 5700, 90, 4510, 900, 900, 900, 100, 9610, 20, 9610, 100, 5700, 20, 100, 9610, 5700, 20, 900, 900, 900, 9610, 20, 100, 9610, 20, 5700, 5700, 100, 240, 170, 8530, 12910, 1890, 16370, 11070, 8530, 240, 1890, 16370, 240, 8530, 1890, 16370, 11070, 16370, 8530, 240, 11070, 170, 8530, 240, 16370, 11070, 170, 1890, 170, 11070, 170, 1890, 5400, 180, 1260, 40, 1260, 180, 1260, 2960, 5400, 2960, 180, 180, 1260, 2960, 180, 1260, 2960, 5400, 2960, 5400, 5400, 190, 2160, 60, 30, 40, 360, 1430, 40, 1430, 1430, 40, 1430, 60, 60, 190, 1430, 40, 60, 40, 7790, 60, 4240, 10270, 2340, 1060, 1060, 2340, 1060, 1060, 1060, 110, 110, 530, 110, 220, 110, 220, 220, 220, 220, 110, 10, 2090, 10, 10, 2090, 1200, 1200, 10, 2090, 2090, 10, 2090, 0, 60, 150, 0, 0, 60, 0, 60, 150, 0, 150, 150, 150, 160, 60, 60, 50, 40, 2000, 780, 40, 780, 550, 40, 2000, 780, 2000, 50, 2000, 550, 2000, 50, 50, 40, 780, 780, 40, 50, 490, 230, 380, 1000, 380, 490, 1000, 380, 490, 380, 1000, 1000, 230, 1000, 380, 490, 230, 230, 490, 230, 1330, 10, 160, 1330, 40, 10, 1330, 160, 40, 160, 160, 1330, 160, 40, 1330, 40, 10, 40, 10, 10, 4380, 420, 1030, 1030, 420, 420, 4380, 1030, 1030, 420, 4380, 1030, 4380, 4380, 420, 3830, 3830, 2360, 4000, 120, 770, 120, 2360, 120, 2360, 770, 120, 770, 120, 2360, 770, 770, 2360, 5140, 1690, 200, 3590, 4330, 4330, 3590, 3590, 1690, 4330, 3590, 4330, 4330, 3590, 200, 6420, 460, 8430, 8430, 6420, 6420, 8430, 6420, 6420, 8430, 8430, 1460, 120, 1670, 2170, 180, 1260, 6720, 180, 1460, 180, 2170, 30, 40, 2170, 2170, 2170, 1460, 180, 1460, 180, 1460, 22890, 40, 250, 250, 22890, 160, 250, 22890, 250, 22890, 250, 22890, 8080, 50, 8080, 210, 80, 170, 30, 50, 80, 170, 30, 170, 50, 80, 170, 30, 80, 50, 170, 80, 50, 30, 50, 30, 13050, 4520, 240, 1080, 13050, 1080, 13050, 4520, 13050, 1080, 13050, 1080, 1080, 20, 8240, 4330, 1030, 220, 220, 4050, 300, 4050, 220, 20, 1030, 20, 300, 20, 220, 4050, 1030, 300, 20, 220, 300, 1030, 300, 4050, 1030, 4050, 70, 15650, 20, 20, 20, 70, 20, 20, 2250, 460, 2310, 2310, 460, 2250, 460, 2250, 2250, 460, 2310, 460, 2250, 2310, 2310, 170, 7950, 420, 0, 0, 170, 4210, 3440, 7950, 170, 170, 170, 420, 420, 7950, 170, 420, 7950, 7950, 170, 170, 170, 420, 170, 530, 2960, 6530, 60, 2960, 60, 530, 530, 530, 6530, 60, 2960, 530, 60, 2960, 60, 2960, 1470, 4960, 20, 1470, 20, 30, 780, 20, 20, 30, 780, 50, 20, 30, 20, 20, 780, 30, 20, 20, 1470, 780, 20, 1470, 1470, 30, 780, 1450, 360, 3980, 13870, 1450, 1750, 13870, 1450, 1750, 1750, 1450, 1750, 13870, 1450, 1750, 13870, 13870, 140, 2470, 2470, 140, 140, 140, 2470, 2470, 140, 2470, 1340, 10, 2760, 2760, 2760, 2760, 1340, 1340, 10, 1340, 10, 1340, 10, 10, 2760, 110, 180, 1320, 50, 2680, 50, 110, 1360, 110, 1320, 1360, 50, 50, 1360, 180, 1360, 180, 2680, 1320, 1360, 180, 2680, 1320, 180, 2680, 1320, 50, 110, 110, 2680, 3320, 340, 5470, 420, 420, 3320, 3320, 420, 340, 3320, 420, 340, 3320, 340, 420, 60, 340, 1730, 1110, 20, 390, 20, 980, 20, 1110, 390, 1110, 560, 200, 390, 20, 390, 1110, 390, 20, 1110, 160, 20, 760, 170, 170, 340, 170, 170, 760, 160, 170, 170, 170, 170, 170, 170, 1440, 980, 1440, 470, 1440, 1440, 1440, 49690, 340, 340, 49690, 49690, 340, 340, 49690, 340, 49690, 50, 1030, 1000, 8250, 30, 400, 22890, 720, 30, 1030, 30, 8250, 400, 1030, 720, 1000, 30, 720, 400, 8250, 30, 720, 400, 8250, 720, 400, 8250, 1030, 1030, 440, 1090, 1520, 440, 1090, 1090, 1090, 440, 440, 1090, 1520, 1520, 440, 1520, 1520, 1300, 8830, 290, 3320, 290, 290, 3320, 220, 1300, 3320, 8830, 3320, 290, 1300, 3320, 1300, 290, 1300, 3530, 38020, 3530, 3530, 200, 38020, 3530, 38020, 38020, 3530, 38020, 0, 350, 4280, 210, 0, 0, 350, 350, 0, 210, 350, 350, 0, 50, 400, 50, 50, 50, 50, 2750, 7990, 3470, 7990, 3470, 7990, 3470, 7990, 3470, 7990, 3470, 3600, 170, 3890, 340, 20, 340, 3600, 20, 20, 340, 340, 20, 20, 340, 30, 10, 260, 70, 1730, 260, 1730, 120, 30, 1730, 30, 260, 1730, 10, 120, 120, 260, 120, 260, 30, 30, 1730, 120, 3620, 3080, 90, 420, 1890, 3620, 3300, 14700, 1890, 14700, 14700, 1890, 1840, 1890, 14700, 3300, 90, 3300, 3620, 1890, 14700, 3300, 3620, 3080, 3620, 3080, 3080, 3300, 3080, 10, 1420, 30, 10, 30, 10, 1420, 10, 10, 30, 30, 30, 1140, 4300, 60, 1340, 1140, 1560, 1560, 60, 4300, 1560, 3890, 1140, 1340, 60, 1340, 60, 4300, 1560, 3890, 1140, 1140, 1340, 3890, 3890, 1340, 60, 4300, 4300, 1560, 3890, 120, 50, 40, 580, 5450, 20, 20, 120, 5450, 120, 50, 5450, 40, 20, 120, 5840, 5450, 20, 5450, 20, 120, 900, 430, 430, 900, 900, 430, 900, 430, 900, 430, 550, 520, 6500, 730, 13870, 50, 730, 350, 50, 6500, 50, 13870, 6500, 160, 730, 350, 13870, 730, 350, 50, 13870, 6500, 350, 730, 350, 50, 13870, 6500, 3400, 10, 3400, 850, 3400, 10, 850, 10, 3400, 850, 10, 3400, 10, 850, 850, 420, 2030, 190, 510, 6820, 290, 510, 6820, 560, 290, 190, 290, 30, 560, 190, 420, 290, 190, 510, 6820, 6820, 420, 510, 6820, 420, 290, 420, 190, 510, 550, 30, 1710, 1710, 30, 860, 5190, 1710, 5190, 1710, 5190, 30, 5190, 30, 1710, 30, 780, 70, 30, 12450, 990, 30, 780, 990, 990, 780, 30, 30, 30, 990, 780, 990, 780, 70, 350, 3530, 2210, 150, 150, 350, 5700, 350, 2210, 350, 150, 3530, 150, 150, 350, 270, 170, 270, 240, 7140, 3740, 270, 270, 240, 270, 240, 240, 240, 30, 1730, 4260, 1730, 1730, 4260, 4260, 30, 4260, 1730, 4260, 30, 30, 30, 1730, 620, 4150, 210, 4150, 210, 4150, 210, 620, 4150, 210, 4150, 210, 20, 3450, 4940, 3660, 2930, 5370, 25750, 20, 25750, 4940, 3450, 2930, 25750, 20, 3450, 4940, 3450, 4940, 20, 20, 2930, 3450, 4940, 25750, 2930, 25750, 2930, 400, 53350, 840, 100, 1180, 53350, 1180, 53350, 53350, 1180, 400, 840, 53350, 400, 1180, 400, 1180, 400, 860, 21950, 20, 21950, 1560, 20, 21950, 860, 21950, 860, 20, 21950, 20, 860, 860, 20, 1170, 2020, 90, 90, 1380, 810, 1170, 90, 2020, 1170, 90, 1170, 2020, 90, 1170, 2020, 2020, 100, 30320, 4780, 7800, 14670, 320, 680, 320, 320, 4780, 14670, 680, 14670, 4780, 320, 100, 4780, 680, 14670, 680, 680, 320, 4780, 7800, 14670, 3240, 1490, 4840, 1490, 20, 50, 2040, 50, 50, 20, 1110, 20, 2040, 2040, 50, 2040, 50, 2040, 20, 20, 230, 17640, 17640, 430, 17640, 430, 230, 230, 17640, 230, 430, 430, 230, 17640, 430, 20, 370, 271660, 370, 271660, 1000, 271660, 271660, 370, 370, 271660, 370, 4710, 130, 310, 4080, 4710, 4080, 310, 130, 4080, 2380, 310, 130, 4710, 310, 130, 4080, 4710, 310, 130, 4710, 4080, 300, 1780, 2270, 2650, 2650, 2650, 1780, 2650, 2650, 1430, 4120, 2700, 160, 160, 1430, 1430, 160, 2700, 1430, 160, 160, 1430, 740, 6240, 6240, 1610, 740, 6240, 460, 1430, 740, 6240, 740, 6240, 740, 1610, 30, 280, 200, 310, 80, 290, 200, 200, 830, 200, 280, 200, 290, 830, 830, 310, 200, 280, 200, 4490, 310, 310, 200, 280, 290, 830, 310, 200, 280, 290, 290, 830, 200, 470, 70, 20, 710, 7170, 930, 400, 210, 400, 50, 400, 20, 50, 7170, 5000, 7170, 20, 50, 210, 50, 400, 470, 930, 20, 210, 50, 400, 20, 210, 70, 70, 930, 70, 210, 930, 70, 930, 7170, 7170, 10100, 160, 180, 10100, 160, 50, 50, 180, 50, 160, 3940, 160, 50, 50, 160, 180, 3940, 3940, 10100, 3940, 10100, 180, 10100, 180, 3940, 2590, 2420, 130, 2260, 1460, 130, 3660, 1560, 3660, 2590, 3660, 1460, 1560, 310, 1560, 2590, 1560, 130, 1460, 2420, 1560, 130, 2590, 1460, 2420, 130, 2420, 2590, 1460, 3660, 2420, 3660, 10510, 70, 540, 0, 22890, 70, 70, 540, 22890, 70, 22890, 540, 22890, 540, 540, 22890, 70, 540, 20, 390, 790, 3340, 1760, 840, 0, 0, 970, 0, 840, 840, 840, 970, 390, 3340, 390, 0, 790, 840, 3340, 970, 390, 3340, 0, 970, 3340, 970, 390, 160, 610, 610, 610, 610, 160, 160, 160, 160, 610, 4060, 860, 60, 140, 180, 5470, 5470, 5470, 860, 290, 860, 180, 180, 290, 290, 180, 140, 5470, 5470, 860, 290, 290, 180, 860, 3110, 2680, 30, 90, 9820, 9820, 30, 7800, 30, 90, 3110, 90, 30, 90, 9820, 90, 30, 9820, 9820, 140, 70, 970, 150, 670, 70, 210, 44500, 210, 1370, 44500, 1370, 5300, 44500, 70, 150, 44500, 210, 10, 100, 70, 1370, 150, 5300, 44500, 210, 1370, 150, 5300, 1370, 5300, 150, 70, 210, 5300, 17070, 12490, 10, 110, 270, 12490, 12490, 17070, 270, 12490, 17070, 10, 110, 110, 12490, 17070, 17070, 110, 110, 340, 340, 340, 340, 900, 340, 640, 50, 1060, 1060, 2380, 1060, 2380, 2380, 1060, 2380, 1060, 2380, 190, 20, 580, 880, 50, 2440, 190, 190, 580, 20, 370, 3110, 2440, 190, 580, 20, 880, 20, 580, 20, 580, 190, 10, 280, 710, 2030, 280, 710, 710, 280, 710, 2030, 280, 2030, 280, 7230, 6010, 2030, 710, 2030, 180, 770, 950, 10, 240, 240, 770, 770, 180, 10, 180, 180, 240, 770, 950, 10, 10, 240, 10, 770, 180, 240, 3160, 11330, 40, 20, 990, 1400, 20, 570, 990, 40, 2790, 11330, 20, 1400, 990, 570, 11330, 40, 40, 20, 990, 11330, 20, 990, 40, 11330, 3520, 3140, 1770, 10, 1770, 3140, 100, 3620, 1770, 10, 3140, 3140, 1770, 1770, 130, 3140, 3930, 470, 40, 1270, 10, 1700, 1700, 470, 0, 1700, 0, 1700, 470, 3930, 1700, 0, 470, 3930, 470, 3930, 0, 3930, 0, 820, 420, 4130, 0, 3640, 1330, 550, 550, 220, 420, 4130, 820, 220, 4400, 4130, 420, 1330, 820, 820, 4130, 420, 1330, 550, 550, 820, 4130, 420, 1330, 220, 550, 220, 1330, 220, 2490, 1860, 1860, 1860, 610, 1860, 1860, 26450, 300, 180, 26450, 10, 26450, 180, 26450, 180, 26450, 180, 180, 1340, 10, 10, 10, 10, 990, 130, 5840, 420, 530, 530, 0, 990, 130, 5840, 420, 130, 5840, 530, 990, 3330, 580, 130, 990, 5840, 420, 530, 530, 990, 5840, 130, 420, 420, 380, 330, 9830, 3350, 3190, 70, 2090, 2090, 3350, 2090, 3350, 3190, 2570, 110, 10, 380, 2090, 70, 380, 3350, 3190, 9830, 2090, 3190, 3190, 380, 710, 380, 3350, 10, 100, 280, 190, 280, 280, 280, 280, 19520, 170, 4130, 170, 40, 40, 560, 40, 19520, 4130, 19520, 6640, 50, 390, 4130, 19520, 560, 19520, 560, 4130, 170, 560, 40, 560, 170, 40, 170, 4130, 170, 40, 890, 2470, 17820, 300, 3160, 17820, 60, 40, 17820, 60, 890, 170, 1320, 40, 3160, 40, 3160, 17820, 890, 170, 40, 60, 890, 170, 170, 3160, 890, 3160, 17820, 60, 60, 0, 0, 8840, 4320, 150, 8840, 8840, 4320, 0, 8840, 8840, 0, 0, 700, 380, 380, 380, 150, 8050, 230, 700, 380, 700, 3590, 700, 380, 700, 0, 160, 160, 0, 0, 31220, 740, 0, 160, 0, 160, 160, 30, 920, 750, 10550, 9380, 620, 150, 150, 150, 950, 220, 9380, 0, 220, 4940, 660, 1060, 9380, 950, 9380, 220, 950, 9380, 220, 150, 950, 150, 950, 690, 220, 8860, 40, 8860, 40, 8860, 40, 40, 90, 8860, 8860, 40, 190, 190, 600, 600, 190, 1490, 320, 600, 600, 190, 600, 190, 1980, 2610, 40, 2610, 2610, 2610, 40, 180, 830, 40, 2610, 40, 40, 4200, 10, 1230, 10480, 1010, 7690, 1010, 7690, 0, 7690, 250, 80, 0, 0, 100, 80, 1010, 100, 10480, 250, 4200, 1230, 430, 250, 620, 10, 17170, 1230, 0, 1010, 250, 7690, 4200, 80, 1230, 100, 1010, 250, 7690, 4200, 80, 10480, 1230, 0, 100, 10480, 100, 4200, 80, 10480, 80, 190, 4130, 8410, 200, 3680, 150, 190, 80, 3680, 8410, 470, 50, 20330, 130, 3680, 80, 80, 3680, 80, 3680, 8410, 190, 8410, 190, 150, 8410, 190, 40, 40, 40, 40, 40, 110, 80, 2530, 20, 61440, 110, 2330, 110, 61440, 80, 61440, 110, 20, 20, 61440, 110, 20, 61440, 80, 80, 80, 20, 380, 160, 740, 350, 160, 740, 350, 350, 740, 350, 740, 350, 740]"
2020-11-03 15:05:00+00:00,16919670,13,5219.0,"[1320, 200, 2630, 1320, 200, 2630, 860, 130, 40, 150, 2630, 1320, 200, 860, 1320, 200, 860, 200, 860, 860, 1320, 2630, 2630, 670, 4740, 670, 10, 4790, 4740, 670, 800, 270, 270, 4740, 270, 4790, 170, 850, 800, 270, 10, 4790, 670, 800, 4740, 270, 10, 4790, 4740, 10, 4790, 800, 10, 670, 800, 10, 360, 11760, 360, 80, 11760, 360, 11760, 360, 80, 10, 11760, 80, 80, 11760, 80, 360, 110, 210, 1550, 3290, 410, 260, 3290, 210, 410, 110, 3290, 210, 410, 110, 3290, 410, 110, 260, 3290, 410, 110, 260, 260, 260, 210, 210, 10910, 330, 1340, 1340, 330, 1340, 330, 10910, 1340, 330, 1340, 330, 280, 440, 50, 2470, 20, 580, 2240, 20, 20, 440, 20, 3410, 20, 250, 20, 20, 2240, 440, 280, 20, 20, 20, 2240, 440, 250, 2240, 2240, 250, 3750, 470, 440, 20, 250, 250, 220, 90, 260, 1880, 500, 740, 500, 500, 70, 40, 530, 500, 740, 740, 750, 740, 500, 740, 280, 150, 2540, 280, 510, 40, 3960, 510, 3960, 150, 40, 3960, 280, 40, 150, 3960, 280, 510, 3960, 280, 150, 2540, 40, 510, 510, 430, 150, 40, 6630, 190, 170, 3690, 190, 1070, 70, 390, 390, 70, 3690, 70, 3690, 190, 1070, 70, 390, 3690, 390, 390, 3690, 190, 70, 190, 20, 2450, 690, 20, 9440, 110, 140, 20, 140, 2100, 20, 690, 2450, 690, 2450, 9440, 2100, 2100, 690, 140, 20, 2450, 140, 110, 2100, 2450, 110, 9440, 110, 9440, 690, 110, 9440, 140, 2100, 1320, 7970, 7970, 1320, 7970, 1320, 1320, 7970, 1320, 7970, 70, 410, 410, 410, 410, 70, 40, 30, 70, 70, 410, 70, 60, 30, 1020, 60, 60, 30, 30, 6740, 30, 60, 30, 1020, 60, 10, 1060, 540, 160, 1020, 260, 10, 380, 1020, 1020, 10, 1060, 10, 160, 210, 1020, 10, 1020, 240, 3160, 3160, 170, 260, 10450, 0, 4360, 730, 10450, 260, 10450, 170, 260, 10450, 730, 10450, 3160, 730, 260, 0, 170, 3160, 730, 170, 3160, 730, 260, 170, 1040, 6610, 100, 2240, 6610, 240, 5960, 0, 8590, 140, 12110, 12110, 0, 390, 390, 20, 0, 390, 390, 0, 12110, 0, 50, 12110, 8590, 12110, 8590, 8590, 8590, 240, 390, 650, 63000, 330, 30, 63000, 650, 650, 63000, 650, 30, 650, 63000, 63000, 4380, 470, 1080, 320, 3690, 4200, 4200, 320, 4200, 320, 4510, 1080, 470, 4380, 1080, 4200, 320, 1080, 1080, 4200, 320, 17170, 3960, 40, 3610, 40, 40, 260, 1070, 260, 260, 3610, 17170, 3960, 3960, 17170, 40, 40, 3610, 260, 17170, 3960, 40, 40, 3610, 17170, 3960, 40, 1070, 40, 40, 3610, 260, 2770, 650, 2770, 650, 2770, 560, 6270, 650, 650, 2770, 650, 2770, 2710, 2250, 2090, 2680, 2680, 2090, 2680, 2680, 2250, 3260, 50, 2250, 2090, 2090, 2250, 2090, 2250, 2350, 2680, 1430, 220, 2490, 220, 1430, 220, 220, 2490, 220, 1430, 1430, 1430, 29590, 10, 90, 29590, 90, 29590, 90, 29590, 90, 90, 10, 29590, 4400, 140, 420, 30, 420, 140, 4400, 420, 4400, 30, 140, 30, 220, 30, 4400, 420, 140, 30, 4400, 420, 140, 19840, 20, 1290, 1460, 6740, 640, 20, 19840, 640, 540, 1460, 19840, 640, 20, 6740, 20, 640, 19840, 6740, 20, 640, 1460, 19840, 6740, 1460, 6740, 1460, 40, 0, 600, 0, 600, 600, 40, 600, 0, 7040, 0, 40, 40, 40, 600, 0, 60, 30, 120, 290, 30, 120, 290, 120, 120, 290, 30, 60, 120, 290, 30, 290, 30, 1540, 1540, 3350, 1260, 3350, 3350, 1260, 1260, 3350, 1260, 3350, 1260, 1540, 1540, 1540, 20, 2190, 930, 2190, 930, 20, 2190, 20, 1060, 930, 20, 2190, 930, 2190, 20, 930, 2160, 100, 7380, 3640, 3640, 7380, 3640, 100, 7380, 100, 7380, 100, 7380, 100, 3640, 3640, 10, 120, 3880, 10, 50, 1400, 850, 10, 3880, 80, 7170, 80, 8720, 3880, 80, 1400, 10, 7170, 8720, 80, 7170, 2750, 6630, 850, 1400, 10, 8720, 3880, 120, 3880, 1400, 7170, 8720, 850, 120, 10, 1400, 7170, 8720, 850, 50, 120, 850, 120, 80, 0, 1580, 3030, 200, 200, 1990, 4340, 3030, 1580, 0, 1990, 4340, 200, 3030, 0, 3030, 1580, 1580, 1580, 4340, 200, 0, 1990, 4340, 200, 0, 1990, 4340, 1990, 3030, 4380, 1340, 150, 1340, 150, 150, 1340, 4380, 15180, 150, 150, 4380, 4380, 1340, 4380, 1340, 3350, 1820, 5760, 10610, 370, 3350, 370, 370, 2510, 3350, 5760, 3350, 3350, 370, 5760, 5760, 370, 5760, 550, 1390, 2300, 1320, 1710, 410, 270, 410, 1320, 270, 1320, 270, 7920, 1600, 410, 2300, 1320, 1710, 270, 2300, 410, 1320, 1710, 270, 2300, 1710, 410, 1710, 2300, 20, 230, 200, 10, 10, 30320, 10, 170, 10, 230, 10, 10, 10, 20, 20, 10, 20, 230, 10, 20, 230, 230, 10, 420, 80, 540, 80, 80, 40, 80, 540, 80, 420, 80, 80, 80, 420, 540, 80, 80, 420, 540, 40, 420, 540, 40, 40, 40, 0, 390, 3290, 470, 19840, 390, 0, 390, 210, 19840, 0, 19840, 0, 390, 19840, 0, 390, 710, 0, 0, 19840, 9320, 70, 200, 14140, 200, 110, 110, 14140, 30, 110, 110, 14140, 200, 110, 200, 14140, 9320, 200, 6920, 14140, 20, 1500, 24100, 20, 4110, 150, 24100, 1500, 20, 150, 1500, 24100, 150, 20, 20, 24100, 150, 20, 150, 24100, 20, 1120, 870, 1060, 9880, 1120, 13400, 1120, 2100, 2100, 2100, 1120, 1060, 870, 2100, 1120, 90, 870, 2100, 870, 870, 90, 760, 3400, 1160, 3460, 1160, 3460, 460, 1160, 3460, 6270, 6270, 1160, 1160, 6270, 30, 3460, 6270, 3460, 6270, 760, 0, 6180, 1210, 6180, 80, 0, 80, 80, 6180, 80, 6180, 6180, 0, 0, 0, 80, 9020, 480, 4140, 2330, 480, 1120, 170, 9020, 480, 90, 560, 4140, 480, 4140, 480, 9020, 4140, 9020, 4140, 9020, 1120, 160, 20, 60, 90, 4760, 80, 40, 40, 90, 4760, 80, 40, 160, 80, 30680, 1920, 90, 4760, 90, 4760, 40, 90, 4760, 40, 160, 80, 60, 160, 80, 160, 2930, 1500, 60, 80, 60, 560, 80, 60, 80, 2930, 4140, 1510, 2930, 80, 2930, 60, 560, 1500, 2930, 60, 80, 0, 0, 0, 0, 0, 3110, 13430, 710, 160, 2460, 90, 90, 90, 13430, 90, 13430, 3110, 13430, 3110, 90, 710, 2460, 13430, 3110, 3110, 90, 730, 1860, 1220, 1310, 230, 230, 1860, 34680, 1860, 230, 230, 1860, 1860, 1310, 1310, 230, 1310, 1310, 30, 300, 300, 30, 300, 430, 6720, 300, 30, 2580, 300, 30, 30, 10, 740, 110, 110, 0, 110, 740, 740, 10, 110, 740, 740, 110, 4140, 0, 2440, 7410, 30, 40, 460, 460, 7410, 460, 30, 460, 200, 460, 7410, 30, 7410, 460, 7410, 30, 40, 460, 0, 460, 4140, 460, 4140, 4140, 30, 460, 4140, 2440, 240, 2440, 1580, 3270, 1580, 1580, 1580, 3270, 240, 3270, 1580, 3270, 3270, 690, 100, 340, 60, 2840, 2580, 1510, 1510, 2580, 1510, 60, 2580, 2840, 340, 690, 340, 2580, 60, 1510, 2840, 2580, 690, 60, 2840, 690, 1510, 690, 2840, 60, 340, 340, 20, 4480, 160, 160, 20, 20, 160, 4480, 4480, 160, 20, 4480, 160, 20, 4480, 680, 100, 10, 80, 10, 680, 740, 10, 680, 10, 680, 10, 100, 680, 20, 1370, 20, 20, 2300, 3830, 13900, 90, 13900, 20, 13900, 3830, 13900, 20, 3830, 13900, 20, 2300, 3830, 20, 3830, 20, 20, 20, 3700, 1580, 190, 33180, 3700, 1580, 33180, 3700, 1580, 170, 33180, 3700, 1580, 3700, 170, 33180, 170, 33180, 1580, 170, 170, 60, 1920, 0, 1730, 10, 710, 2240, 710, 1920, 1920, 1730, 710, 1920, 0, 1730, 710, 1920, 10, 1730, 710, 1730, 2240, 190, 400, 6260, 8430, 130, 9440, 1590, 1880, 1880, 9440, 190, 6260, 2620, 9440, 1880, 9440, 190, 6260, 9440, 190, 130, 400, 6260, 1880, 190, 1880, 6260, 10, 40, 10, 5600, 10, 1620, 10, 10, 10, 120, 30440, 5600, 10, 1620, 10, 30440, 10, 120, 10, 120, 30440, 1620, 120, 5600, 40, 30440, 10, 1620, 5600, 1620, 30440, 5600, 120, 10, 7500, 12040, 6210, 7500, 7500, 6210, 12040, 6210, 12040, 7500, 6210, 12040, 6210, 12040, 7500, 230, 12690, 1250, 6270, 7040, 7040, 230, 230, 7040, 1250, 230, 7040, 1250, 1250, 230, 7040, 1250, 160, 270, 10, 310, 60, 20, 20, 60, 60, 20, 160, 60, 310, 20, 160, 60, 160, 20, 160, 450, 80, 370, 450, 370, 370, 80, 80, 370, 80, 370, 80, 200, 2010, 60, 60, 60, 10, 200, 60, 200, 60, 200, 60, 200, 590, 1900, 20, 930, 17640, 460, 1900, 590, 460, 590, 460, 470, 930, 590, 930, 930, 20, 460, 17640, 930, 1900, 460, 1900, 590, 1900, 2630, 180, 19590, 150, 40, 350, 350, 150, 2450, 350, 2630, 2630, 40, 150, 40, 2450, 19590, 180, 19590, 2450, 2630, 350, 150, 350, 2450, 19590, 180, 150, 2630, 2450, 19590, 180, 40, 180, 40, 40, 110, 5590, 220, 720, 70, 50, 10, 220, 110, 720, 110, 70, 5590, 70, 220, 110, 5590, 70, 720, 220, 110, 5590, 70, 220, 5590, 720, 720, 7010, 7010, 7010, 7010, 7010, 1450, 2790, 20, 14090, 230, 330, 4480, 330, 4480, 50, 1450, 14090, 10, 1450, 330, 50, 330, 14090, 4480, 50, 330, 14090, 4480, 50, 14090, 4480, 1450, 1450, 50, 1820, 40, 1570, 40, 40, 40, 40, 510, 6920, 9430, 6920, 510, 260, 6920, 510, 9430, 6920, 510, 10280, 6920, 510, 200, 200, 3090, 150, 200, 3090, 200, 3090, 3090, 3090, 200, 10, 570, 80, 380, 10, 10, 10, 10, 570, 10, 10, 570, 10, 380, 570, 10, 570, 10, 10, 970, 1430, 70, 380, 70, 1430, 970, 3020, 1430, 970, 70, 70, 970, 70, 1430, 970, 1430, 2860, 14000, 1100, 670, 350, 520, 350, 350, 520, 670, 520, 350, 520, 1100, 350, 670, 520, 670, 670, 4710, 70, 4710, 50, 4710, 10, 3240, 70, 4710, 70, 70, 70, 4710, 50, 1260, 550, 620, 550, 550, 620, 11030, 40, 1260, 550, 620, 1260, 550, 620, 1260, 620, 1260, 10, 310, 0, 9800, 30, 310, 310, 310, 0, 9800, 0, 30, 9800, 30, 30, 9800, 310, 10, 30, 0, 9800, 0, 1160, 20, 410, 140, 410, 140, 1160, 5520, 1160, 410, 410, 1160, 20, 410, 1160, 140, 140, 140, 240, 90, 90, 220, 130, 5600, 130, 90, 130, 90, 130, 220, 90, 130, 50, 4290, 7720, 380, 1140, 9800, 7720, 4290, 380, 1140, 670, 13740, 8140, 13740, 8140, 13740, 8140, 670, 13740, 8140, 670, 670, 8140, 13740, 670, 50, 80, 150, 13360, 410, 140, 10, 0, 140, 0, 140, 410, 410, 410, 410, 140, 140, 20, 1400, 50, 450, 1400, 50, 1400, 1510, 520, 1400, 50, 1400, 20, 50, 50, 1320, 1900, 180, 1900, 1320, 1320, 6120, 1900, 180, 180, 1900, 1320, 180, 1900, 1320, 180, 90, 90, 130, 90, 90, 130, 130, 130, 130, 90, 90, 50, 30, 8140, 50, 30, 8140, 30, 50, 8140, 30, 50, 30, 50, 8140, 8140, 860, 20780, 860, 20780, 20780, 860, 20780, 860, 20780, 860, 300, 2200, 6220, 620, 100, 7320, 620, 620, 7320, 8480, 7320, 100, 300, 300, 100, 8480, 6220, 620, 26430, 8480, 6220, 300, 7320, 100, 8480, 6220, 300, 2200, 620, 100, 26430, 7320, 8480, 6220, 26430, 26430, 26430, 3250, 3420, 730, 3480, 500, 500, 3420, 3480, 500, 3250, 3250, 500, 3420, 3480, 3420, 3480, 730, 3250, 3420, 3480, 500, 3250, 18520, 1500, 10, 320, 290, 18520, 10, 18520, 10, 1790, 20, 320, 290, 18520, 10, 1500, 290, 18520, 10, 1500, 290, 290, 1500, 1500, 140, 10, 10, 70, 310, 260, 12940, 12940, 10, 10, 10, 12940, 10, 70, 12940, 70, 10, 12940, 10, 10, 5900, 70, 10, 70, 2940, 2960, 40, 40, 2960, 2960, 40, 2960, 40, 2960, 40, 1200, 1200, 6630, 1200, 1200, 1200, 10750, 2650, 200, 710, 650, 40, 2650, 710, 10750, 10750, 710, 2650, 650, 10750, 2650, 710, 2650, 10750, 710, 16320, 65370, 0, 65370, 0, 0, 0, 65370, 0, 65370, 65370, 80, 90, 710, 2080, 4370, 2970, 80, 80, 450, 80, 450, 80, 90, 90, 4370, 4370, 4370, 710, 90, 2970, 450, 710, 450, 2970, 2970, 710, 450, 710, 90, 2970, 4370, 2080, 7910, 4450, 7910, 7910, 4450, 4450, 4450, 7910, 4450, 210, 7910, 20, 1430, 760, 2510, 3560, 5670, 240, 700, 760, 80, 12690, 760, 12690, 760, 1430, 20, 80, 1430, 20, 80, 80, 1430, 20, 12690, 760, 80, 12690, 1430, 20, 2510, 3560, 12690, 30, 1670, 1670, 740, 30, 1670, 30, 1670, 30, 30, 1670, 2030, 1570, 610, 1570, 1570, 2030, 2030, 2030, 610, 1570, 2030, 1570, 9880, 1010, 500, 480, 500, 500, 480, 480, 500, 480, 1010, 500, 480, 130, 20, 20, 200, 20, 200, 150, 130, 130, 200, 20, 130, 200, 130, 200, 20, 3860, 6640, 4230, 1110, 80, 27420, 6720, 30, 11260, 6720, 6720, 80, 320, 11260, 30, 1110, 320, 11260, 1110, 6720, 320, 30, 1110, 320, 11260, 30, 320, 80, 80, 30, 1110, 11260, 80, 6720, 2240, 15250, 240, 240, 2240, 760, 2240, 15250, 240, 3150, 760, 240, 760, 2240, 15250, 240, 760, 2240, 15250, 760, 15250, 3070, 240, 1920, 240, 240, 240, 240, 3070, 1920, 1130, 3450, 14000, 1030, 1070, 10, 290, 540, 290, 290, 290, 290, 8140, 170, 100, 8140, 100, 100, 8140, 100, 8140, 100, 8140, 2340, 810, 2690, 10, 30, 1560, 50, 50, 290, 810, 50, 1560, 290, 10, 2690, 2690, 50, 810, 50, 1560, 2690, 810, 810, 2340, 10, 2690, 290, 1560, 290, 10, 1560, 10, 290, 260, 120, 680, 120, 120, 260, 680, 680, 260, 260, 680, 120, 260, 680, 420, 120, 980, 400, 980, 980, 1470, 410, 980, 980, 2150, 5940, 420, 770, 180, 2150, 5940, 18860, 3470, 1880, 180, 180, 18860, 1880, 2150, 3470, 11690, 1880, 770, 2150, 420, 420, 180, 5940, 18860, 3470, 770, 5940, 18860, 3470, 770, 1880, 180, 18860, 3470, 770, 420, 420, 5940, 1880, 2150, 8590, 6250, 90, 330, 650, 100, 50, 3480, 50, 50, 100, 330, 650, 90, 90, 50, 100, 330, 650, 3480, 3480, 100, 330, 650, 90, 3480, 100, 330, 650, 90, 6250, 50, 3480, 3390, 3630, 2770, 2770, 3630, 3630, 2770, 2770, 3630, 2770, 3630, 4790, 420, 90, 420, 6660, 420, 90, 6660, 90, 420, 420, 6660, 90, 6660, 6660, 90, 12660, 250, 330, 12660, 330, 12660, 330, 330, 12660, 250, 330, 12660, 90, 700, 20, 90, 90, 90, 20, 90, 90, 90, 820, 20, 90, 20, 90, 20, 90, 3090, 840, 1590, 840, 840, 840, 840, 1590, 4100, 910, 1270, 1090, 0, 1090, 4100, 1450, 910, 0, 1270, 910, 1090, 910, 4100, 1270, 4100, 0, 1090, 1270, 0, 4100, 1090, 0, 1270, 910, 2100, 60, 2790, 4780, 2790, 1200, 2790, 1010, 2610, 870, 1010, 1200, 2790, 2610, 2100, 10340, 60, 870, 1010, 1200, 2790, 870, 1010, 60, 2610, 2100, 870, 1010, 1200, 60, 2610, 2610, 1200, 2100, 870, 60, 2100, 1430, 40, 150, 85380, 6530, 17330, 40, 17330, 6530, 6530, 6530, 1430, 17330, 1940, 150, 150, 80, 6530, 1430, 17330, 1940, 85380, 150, 1940, 40, 40, 1430, 17330, 1940, 85380, 1940, 85380, 85380, 1430, 150, 40, 840, 300, 850, 300, 300, 840, 300, 300, 840, 840, 840, 170, 140, 4520, 50, 1770, 140, 150, 150, 9470, 50, 140, 150, 170, 150, 9470, 50, 50, 170, 140, 9470, 50, 170, 140, 9470, 170, 9470, 150, 4990, 6530, 2870, 5450, 2870, 2870, 4990, 6530, 5450, 2870, 2870, 4990, 4990, 6530, 4990, 6530, 6530, 130, 1000, 110, 1380, 1240, 380, 10, 10, 380, 110, 380, 130, 1260, 14420, 720, 1380, 1000, 10, 110, 110, 380, 10, 110, 130, 1000, 380, 1380, 130, 1000, 10, 1380, 130, 1000, 1380, 3840, 70, 10, 3840, 330, 330, 70, 630, 3840, 70, 330, 70, 3840, 330, 330, 70, 3840, 4240, 930, 1200, 930, 1200, 1140, 390, 4240, 930, 1200, 4240, 1200, 4240, 930, 1200, 930, 4240, 4800, 1180, 20, 40, 33110, 1270, 970, 1180, 33110, 20, 880, 880, 33110, 880, 20, 880, 1180, 33110, 970, 20, 1180, 970, 33110, 20, 970, 970, 880, 1180, 2410, 410, 160, 2410, 190, 2410, 2340, 4300, 2410, 2410, 560, 560, 3020, 560, 560, 560, 20, 20, 20, 280, 2670, 280, 20, 280, 280, 280, 20, 6530, 240, 440, 1410, 150, 1410, 280, 280, 440, 280, 1410, 280, 1410, 150, 280, 1410, 150, 440, 150, 240, 440, 240, 240, 150, 240, 440, 260, 610, 260, 260, 260, 610, 610, 610, 610, 260, 7400, 120, 120, 3130, 30, 40, 30, 0, 0, 120, 120, 7400, 20, 120, 7400, 120, 120, 7400, 3130, 30, 0, 120, 120, 7400, 3130, 30, 3130, 120, 30, 0, 3130, 0, 100, 670, 3100, 33180, 1130, 70, 3630, 670, 3630, 3630, 670, 1130, 40, 1130, 70, 670, 1130, 3630, 70, 670, 1130, 100, 70, 70, 3630, 540, 1460, 1640, 1560, 1460, 1460, 1560, 1640, 0, 540, 1640, 1560, 1640, 1640, 1460, 1560, 1560, 1460, 540, 540, 540, 80, 40, 170, 2860, 50, 3720, 160, 40, 260, 40, 3720, 260, 260, 27280, 260, 40, 3720, 80, 160, 3720, 50, 80, 40, 50, 80, 3720, 50, 80, 50, 260, 970, 140, 170, 50, 170, 170, 50, 170, 970, 170, 50, 50, 50, 2570, 2620, 60, 60, 60, 2620, 60, 2620, 2620, 2620, 60, 110, 10, 1270, 65690, 3150, 290, 65690, 10, 110, 290, 10, 110, 65690, 10, 290, 110, 390, 290, 65690, 10, 290, 110, 65690, 90, 3970, 0, 0, 0, 3970, 90, 3970, 90, 0, 90, 0, 3970, 3970, 90, 830, 30, 640, 350, 7290, 640, 350, 640, 830, 30, 3760, 640, 830, 30, 830, 30, 350, 830, 350, 6160, 640, 350, 30, 320, 5740, 110, 50, 110, 3940, 50, 50, 3940, 110, 50, 3940, 3940, 110, 50, 3940, 110, 150, 3400, 2680, 4290, 3400, 4290, 2680, 3400, 12510, 3400, 4290, 2680, 3400, 4290, 2680, 4290, 2680, 4460, 440, 4460, 4460, 6590, 4460, 4460, 1010, 3160, 9950, 9950, 9950, 1010, 1010, 3160, 1010, 3160, 1010, 9950, 3160, 9950, 3160, 40, 1790, 180, 180, 40, 640, 180, 640, 180, 640, 40, 40, 40, 640, 640, 180, 9020, 20, 640, 1650, 1090, 3350, 160, 3350, 1650, 640, 3350, 1650, 370, 1650, 640, 3350, 1650, 640, 640, 160, 3350, 620, 100, 3390, 3390, 80, 620, 100, 50, 80, 100, 1440, 80, 3390, 100, 3390, 620, 620, 50, 50, 100, 620, 80, 3390, 80, 50, 590, 10, 590, 590, 590, 590, 280, 7680, 16140, 280, 50, 280, 16140, 280, 7680, 280, 50, 7680, 50, 16140, 50, 7680, 50, 7680, 16140, 16140, 820, 820, 4100, 820, 820, 1360, 1360, 820, 1360, 1360, 1360, 3790, 4560, 50, 4560, 13470, 13470, 50, 4560, 13470, 1280, 50, 1280, 4560, 50, 1280, 4560, 13470, 50, 1280, 13470, 3790, 1280, 11410, 360, 14000, 10, 20780, 10, 11410, 20780, 10, 360, 90, 10, 90, 14000, 14000, 360, 11410, 20780, 10, 90, 20780, 14000, 11410, 360, 90, 14000, 90, 20780, 360, 11410, 20, 850, 50, 50, 850, 50, 850, 160, 850, 50, 20, 50, 850, 50, 1720, 90, 1720, 50, 50, 90, 1720, 1720, 50, 90, 50, 90, 1720, 50, 20, 90, 10880, 30, 100, 6390, 80, 30, 4620, 4780, 130, 25400, 100, 130, 4620, 100, 4780, 6390, 130, 10880, 4780, 100, 130, 4620, 4620, 100, 4620, 10880, 4780, 6390, 130, 30, 10880, 30, 6390, 10880, 4780, 6390, 30, 30, 50, 1860, 10, 110, 110, 10, 30, 2230, 30, 110, 2230, 10, 4720, 4720, 2230, 2230, 4720, 10, 110, 30, 2230, 4720, 110, 10, 30, 4720, 380, 40, 90, 90, 40, 90, 90, 20, 90, 90, 40, 90, 380, 40, 380, 90, 380, 40, 90, 90, 380, 230, 0, 0, 0, 0, 0, 230, 70, 1990, 2560, 1970, 6010, 11680, 1970, 1970, 2560, 1970, 6010, 1990, 6010, 2560, 11680, 1990, 70, 1970, 2560, 1990, 2560, 1990, 6010, 6010, 50, 170, 50, 50, 170, 4400, 40, 170, 170, 50, 170, 50, 1570, 1570, 1570, 1570, 1570, 140, 90, 4620, 120, 3570, 90, 90, 120, 3570, 140, 3570, 90, 140, 120, 3570, 120, 120, 3570, 90, 140, 6010, 140, 10, 1010, 2960, 370, 4460, 10, 50, 370, 1010, 10, 1010, 370, 10, 50, 1010, 50, 1010, 10, 50, 50, 370, 370, 330, 330, 330, 330, 330, 640, 80, 680, 20, 550, 20, 20, 80, 80, 640, 680, 550, 80, 640, 20, 550, 680, 20, 550, 550, 640, 680, 640, 680, 80, 50, 6330, 50, 80, 50, 80, 6330, 50, 6330, 80, 50, 6330, 80, 6330, 80, 2090, 170, 1410, 150, 1410, 170, 1410, 140, 140, 820, 6600, 140, 210, 140, 140, 320, 60, 860, 60, 860, 320, 130, 860, 860, 860, 1220, 880, 4730, 30, 10, 30, 4730, 880, 1220, 30, 9100, 880, 10, 30, 4730, 1220, 10, 30, 4730, 880, 1220, 880, 1220, 10, 10, 4730, 3280, 560, 20, 280, 20, 560, 560, 20, 1200, 560, 280, 280, 20, 1200, 280, 1200, 1200, 560, 20, 1200, 280, 5210, 10, 270, 550, 10, 130, 10, 2310, 1890, 1890, 1890, 200, 200, 200, 2310, 2310, 200, 850, 2310, 1890, 10, 330, 130, 200, 330, 850, 330, 2310, 1890, 330, 850, 850, 850, 330, 90, 1460, 0, 40, 10, 20, 140, 0, 20, 140, 340, 20, 0, 10, 10, 0, 40, 140, 10, 20, 40, 0, 40, 140, 10, 20, 40, 140, 550, 9160, 7070, 2880, 750, 750, 750, 550, 7070, 7070, 750, 550, 7070, 550, 750, 9160, 7070, 550, 1020, 200, 8430, 270, 110, 110, 5170, 8430, 1020, 110, 200, 850, 30, 8430, 1020, 270, 8430, 270, 200, 270, 1020, 200, 8430, 1020, 110, 270, 110, 200, 120, 120, 120, 120, 120, 130, 6530, 1370, 1070, 3190, 220, 130, 860, 6530, 1370, 1370, 3190, 130, 1070, 6530, 220, 130, 1070, 6530, 220, 3190, 6530, 220, 1370, 3190, 130, 3190, 1370, 220, 1070, 1070, 0, 2740, 50, 2310, 50, 2740, 2310, 2740, 2310, 50, 2310, 50, 2740, 2310, 50, 2740, 0, 50, 50, 50, 50, 0, 0, 0, 0, 740, 2550, 510, 1910, 280, 740, 0, 3160, 60, 0, 60, 740, 1910, 280, 510, 510, 280, 1910, 740, 280, 60, 1910, 740, 0, 1910, 280, 0, 60, 40, 60, 40, 40, 40, 510, 40, 510, 0, 20, 0, 0, 0, 0, 20, 0, 650, 530, 40650, 530, 530, 650, 530, 530, 2360, 40, 380, 40, 70, 380, 10, 10, 380, 2360, 380, 70, 380, 40, 40, 10, 3630, 70, 40, 70, 10, 70, 10, 630, 1880, 80, 1880, 80, 2470, 80, 630, 1880, 80, 1880, 80, 630, 1880, 630, 120, 630, 40, 0, 1120, 40, 0, 40, 40, 40, 2880, 2880, 1230, 2880, 2880, 2880, 5430, 320, 380, 380, 3170, 50, 50, 380, 50, 380, 320, 50, 380, 10, 350, 790, 2400, 10, 350, 10, 2400, 10, 350, 2400, 2400, 350, 2400, 350, 10, 480, 670, 480, 480, 480, 480, 0, 1810, 570, 2400, 20, 0, 20, 1810, 1810, 2400, 0, 570, 2400, 570, 2400, 0, 570, 1810, 2400, 0, 570, 1810, 20, 20, 20, 50, 980, 980, 980, 980, 980, 250, 13910, 250, 250, 13910, 250, 250, 1010, 170, 300, 170, 510, 300, 1010, 300, 1010, 300, 170, 1010, 1010, 170, 170, 300, 2410, 2410, 870, 170, 130, 2410, 2410, 2410, 2700, 440, 440, 90, 440, 440, 2700, 90, 180, 90, 90, 2700, 440, 2700, 90, 2700, 350, 5400, 70, 70, 770, 770, 70, 350, 5400, 350, 50, 350, 770, 5400, 70, 350, 770, 5400, 5400, 60, 770, 70, 200, 40, 1330, 40, 670, 1330, 40, 1330, 40, 200, 200, 200, 40, 1330, 200, 1330, 390, 24510, 90, 1000, 20, 400, 400, 1000, 400, 5270, 390, 400, 1000, 24510, 1000, 390, 400, 24510, 1000, 390, 390, 24510, 5980, 24510, 4770, 4770, 360, 4770, 4770, 4770, 190, 3860, 170, 100, 190, 3860, 170, 190, 900, 190, 190, 3860, 170, 170, 440, 170, 3860, 3860, 100, 180, 90, 130, 130, 90, 130, 90, 90, 130, 90, 130, 6270, 180, 3140, 770, 400, 140, 590, 3140, 400, 590, 590, 140, 770, 400, 590, 3140, 140, 3140, 140, 590, 3140, 400, 140, 770, 400, 770, 770, 12920, 40, 150, 150, 150, 12920, 150, 12920, 12920, 12920, 150, 3300, 10, 3300, 10, 810, 10, 3300, 10, 3300, 3300, 10, 2260, 2260, 130, 110, 130, 130, 110, 2260, 110, 2260, 2260, 130, 110, 110, 130, 45070, 1890, 48480, 48480, 1890, 1890, 45070, 260, 45070, 1890, 45070, 48480, 1890, 45070, 48480, 48480, 70, 990, 330, 2920, 2920, 70, 2920, 330, 2920, 330, 2920, 990, 330, 70, 330, 70, 70, 3700, 20, 660, 3700, 20, 3700, 3410, 60, 3700, 10, 11160, 660, 20, 3700, 20, 20, 2560, 80, 2560, 20, 2560, 2560, 2560, 80, 80, 80, 80, 5280, 440, 280, 940, 4370, 440, 4370, 2750, 440, 940, 2750, 940, 5280, 280, 5280, 940, 440, 2750, 5280, 940, 4370, 440, 280, 2750, 5280, 4370, 280, 2750, 4370, 280, 280, 2830, 5040, 560, 280, 560, 40, 2830, 280, 2830, 5040, 560, 40, 2830, 280, 5040, 560, 40, 2830, 280, 5040, 330, 40, 560, 5040, 40, 30720, 80, 20, 20, 20, 80, 80, 80, 20, 80, 20, 40, 40, 250, 250, 250, 40, 250, 40, 250, 40, 3790, 32520, 350, 3790, 350, 32520, 4710, 30440, 32520, 30440, 3790, 350, 30440, 32520, 3790, 350, 30440, 30440, 3790, 350, 32520, 720, 170, 200, 200, 100, 720, 10, 200, 100, 10, 720, 200, 10, 100, 720, 720, 100, 10, 580, 200, 10, 100, 4100, 4280, 320, 3920, 4100, 80, 240, 80, 260, 320, 3920, 80, 4280, 260, 320, 3920, 260, 320, 3920, 320, 3920, 80, 260, 80, 260, 40, 10, 450, 1340, 50, 130, 550, 1340, 40, 130, 450, 13420, 130, 450, 1340, 550, 50, 550, 40, 130, 450, 50, 1340, 550, 40, 130, 450, 50, 550, 50, 40, 2100, 1340, 350, 7080, 350, 480, 7080, 480, 350, 7080, 480, 250, 50, 7080, 480, 350, 480, 7080, 20, 350, 860, 20, 3280, 3280, 860, 20, 1700, 3280, 860, 3280, 860, 20, 3280, 20, 860, 20, 180, 60, 2930, 1590, 2930, 180, 60, 60, 180, 180, 60, 2930, 180, 60, 1590, 3140, 2930, 2930, 4740, 1760, 2110, 290, 290, 1760, 4740, 290, 4740, 1760, 290, 1760, 4740, 1760, 290, 4740, 410, 840, 840, 840, 840, 410, 840, 11220, 3320, 60, 11220, 11220, 11220, 11220, 460, 320, 1390, 4920, 460, 4920, 4920, 460, 1390, 460, 4920, 1390, 4920, 1390, 460, 320, 1390, 4620, 5050, 5050, 4620, 20, 7970, 5050, 4620, 4620, 5050, 4620, 5050, 50, 50, 50, 50, 50, 380, 3600, 50, 1860, 380, 10, 10, 720, 10, 380, 380, 10, 380, 10, 60, 670, 40, 40, 2760, 60, 40, 2760, 670, 670, 60, 670, 40, 60, 670, 2760, 1470, 60, 2760, 2760, 40, 60, 20, 60, 60, 60, 280, 20, 60, 20, 20, 20, 3590, 5290, 2800, 18260, 7690, 1820, 7690, 2800, 5290, 18260, 2730, 5290, 18260, 5290, 7690, 1820, 5290, 3590, 18260, 7690, 7690, 2800, 18260, 2800, 2800, 1520, 360, 4860, 240, 280, 280, 4860, 360, 4860, 280, 4860, 4860, 280, 280, 10, 150, 10, 200, 10, 120, 120, 10, 10, 200, 120, 10, 120, 120, 10, 1840, 1840, 1840, 1840, 1840, 50, 2090, 2090, 50, 80, 2090, 50, 2090, 2090, 50, 340, 50, 1440, 1440, 1440, 1440, 1440, 970, 10, 970, 970, 590, 10, 970, 970, 0, 620, 620, 660, 620, 620, 1270, 0, 0, 0, 0, 620, 470, 640, 210, 3030, 90, 170, 170, 4570, 90, 170, 3030, 90, 170, 3030, 4570, 3030, 4570, 470, 640, 210, 3030, 4570, 470, 640, 90, 4570, 90, 470, 640, 640, 170, 470, 10, 730, 300, 10, 10, 10, 10, 260, 100, 260, 6710, 910, 910, 6710, 6710, 910, 910, 910, 140, 6710, 6710, 1430, 2400, 5660, 7320, 260, 280, 5660, 7320, 5660, 260, 260, 7320, 280, 1430, 2400, 5660, 260, 260, 7320, 7320, 5660, 42370, 40, 40, 1540, 40, 40, 40, 42370, 42370, 42370, 42370, 40, 11740, 90, 40, 90, 11740, 40, 40, 90, 11740, 11740, 40, 40, 90, 90, 510, 11740, 420, 360, 360, 360, 360, 360, 7200, 120, 7200, 7200, 7200, 20, 7200, 120, 10, 400, 120, 70, 70, 200, 70, 450, 450, 400, 10, 450, 400, 70, 400, 450, 10, 400, 450, 10, 10, 70, 170, 2250, 170, 2250, 170, 2250, 2250, 130, 170, 2250, 170, 1000, 4010, 140, 80, 2130, 80, 1000, 1000, 4010, 4010, 2130, 80, 2130, 1000, 80, 140, 2130, 1000, 80, 220, 4010, 4010, 2130, 1200, 130, 1090, 130, 1200, 1090, 1200, 130, 1200, 130, 1090, 1200, 130, 1090, 1090, 1370, 2400, 8310, 1400, 1400, 0, 2400, 0, 1370, 8310, 1400, 0, 1370, 2400, 8310, 2400, 0, 1370, 8310, 2400, 0, 1370, 8310, 1400, 1400, 1000, 240, 6320, 720, 51230, 60, 240, 7010, 16080, 15060, 2730, 51230, 51230, 90, 16080, 60, 16080, 60, 7010, 7010, 16080, 720, 16080, 720, 51230, 60, 15060, 7010, 720, 51230, 720, 60, 7010, 540, 20, 80, 83470, 83470, 20, 80, 550, 1990, 80, 83470, 80, 20, 540, 20, 80, 83470, 83470, 290, 20, 140, 220, 60, 680, 400, 680, 140, 60, 400, 680, 60, 60, 680, 680, 400, 140, 400, 140, 240, 400, 60, 140, 1700, 1700, 3520, 1700, 3520, 1700, 3520, 3520, 1700, 3520, 980, 80, 30, 820, 30, 30, 30, 30, 170, 3940, 190, 530, 1950, 260, 1950, 3940, 260, 1950, 60, 260, 530, 3940, 530, 3940, 260, 170, 530, 260, 530, 60, 1950, 60, 190, 1950, 190, 60, 190, 3940, 60, 190, 50, 5220, 5220, 2140, 2140, 140, 890, 50, 5220, 5220, 50, 5220, 50, 2140, 2140, 50, 2140, 5040, 240, 2650, 280, 280, 2650, 300, 0, 2650, 280, 240, 2650, 2650, 280, 280, 15180, 1330, 15870, 40, 15180, 15180, 40, 1330, 15870, 1330, 15180, 15870, 40, 15870, 1330, 15870, 1330, 15180, 40, 40, 40, 260, 1080, 160, 160, 1080, 1080, 160, 160, 6530, 260, 160, 1080, 160, 260, 260, 40, 1080, 260, 990, 240, 990, 990, 990, 990, 60, 3060, 40, 900, 2170, 3060, 40, 900, 2170, 3060, 40, 3060, 3060, 40, 40, 20, 140, 140, 400, 240, 1460, 240, 240, 240, 140, 140, 240, 120, 140, 50, 2000, 9380, 8730, 3780, 300, 310, 2000, 2000, 310, 300, 8730, 8730, 310, 2000, 300, 8730, 300, 8730, 310, 2000, 300, 90, 310, 900, 30, 900, 110, 50, 30, 900, 900, 900, 1700, 10, 30, 1330, 7350, 7290, 110, 130, 1330, 1330, 1330, 30, 110, 10, 30, 870, 7350, 60, 1700, 110, 870, 30, 1330, 10, 110, 7350, 870, 10, 110, 7350, 10, 30, 870, 1700, 7350, 870, 1700, 1700, 420, 2060, 2880, 1070, 420, 2880, 2060, 0, 2060, 0, 420, 0, 2880, 1070, 0, 2880, 1070, 420, 2060, 0, 2880, 1070, 420, 2060, 1070, 810, 810, 3060, 3060, 3610, 3060, 9400, 3610, 3610, 3060, 810, 3610, 3060, 810, 3610, 810, 490, 340, 340, 340, 340, 490, 340, 80, 2140, 80, 3180, 190, 80, 80, 3180, 80, 3180, 190, 3180, 3180, 310, 40, 10, 240, 2670, 10, 3600, 270, 0, 270, 270, 210, 3600, 2670, 210, 0, 1470, 3600, 2670, 210, 210, 0, 3600, 0, 10, 240, 270, 3600, 2670, 2670, 210, 0, 270, 11090, 8720, 11090, 11090, 630, 11090, 11090, 160, 2010, 80, 2010, 15990, 2010, 80, 80, 80, 160, 15990, 2010, 170, 10, 15990, 160, 80, 15990, 160, 15990, 160, 390, 2010, 40, 300, 520, 3820, 2930, 40, 2930, 520, 300, 40, 520, 520, 300, 2930, 40, 520, 300, 2930, 40, 300, 2930, 2090, 3750, 2090, 150, 150, 3750, 3750, 2090, 150, 150, 3750, 2090, 150, 3750, 5790, 5790, 2090, 5790, 5790, 5790, 40, 3630, 1560, 3630, 3630, 40, 3630, 40, 3630, 40, 40, 270, 430, 980, 430, 50, 560, 70, 1700, 70, 1700, 10920, 1700, 460, 560, 460, 560, 460, 1700, 560, 460, 70, 1700, 460, 70, 560, 70, 40, 6880, 140, 400, 160, 200, 200, 160, 6880, 40, 140, 140, 3390, 160, 200, 6880, 160, 200, 6880, 40, 140, 160, 200, 40, 140, 6880, 40, 1410, 1410, 1410, 1410, 1410, 3240, 3270, 660, 180, 180, 230, 660, 3270, 180, 3600, 200, 230, 310, 310, 230, 180, 660, 3270, 310, 230, 660, 310, 3270, 230, 660, 3270, 310, 3860, 15250, 4160, 3860, 15250, 4160, 3860, 4160, 3860, 3860, 15250, 4160, 15250, 4160, 15250]"
2020-11-03 15:10:00+00:00,16802350,5,4671.0,"[260, 130, 260, 1200, 260, 1200, 1200, 260, 260, 260, 130, 170, 130, 260, 1200, 260, 1200, 260, 130, 260, 130, 1150, 380, 50, 1330, 1150, 2060, 90, 1330, 1150, 1150, 1330, 380, 1150, 1330, 1330, 30, 120, 120, 120, 120, 30, 120, 12920, 300, 1650, 20, 110, 1810, 200, 200, 210, 1650, 210, 200, 20, 1650, 200, 200, 210, 110, 20, 20, 300, 1650, 210, 110, 200, 20, 1650, 210, 110, 110, 7320, 80, 80, 80, 2860, 80, 80, 60, 60, 60, 60, 60, 40, 6330, 3290, 2400, 3290, 2400, 40, 3290, 6330, 6330, 2400, 6330, 2400, 40, 3290, 5040, 6330, 2400, 40, 3290, 40, 180, 180, 2480, 15230, 200, 20, 1220, 30, 1220, 410, 30, 800, 15230, 800, 1220, 410, 200, 1220, 15230, 30, 30, 800, 1220, 800, 15230, 200, 410, 800, 15230, 200, 30, 200, 410, 410, 470, 260, 470, 110, 3300, 1920, 90, 3630, 80, 6010, 13650, 80, 80, 110, 6010, 110, 6010, 6010, 90, 80, 3300, 110, 6010, 90, 3300, 80, 3300, 90, 3300, 110, 3630, 90, 250, 3240, 1440, 10, 120, 30, 3240, 120, 30, 3240, 3240, 250, 1440, 3240, 120, 30, 120, 30, 120, 30, 760, 80, 120, 120, 760, 80, 80, 120, 760, 120, 760, 80, 120, 760, 80, 380, 150, 150, 380, 150, 150, 380, 150, 380, 380, 350, 80, 120, 90, 320, 840, 180, 840, 120, 90, 840, 840, 120, 840, 90, 320, 120, 90, 120, 90, 170, 20, 2570, 1940, 240, 178480, 50, 50, 2570, 178480, 240, 2570, 178480, 240, 2570, 240, 170, 2570, 240, 178480, 1940, 50, 170, 170, 14230, 170, 178480, 50, 50, 1300, 1400, 1420, 1400, 1300, 1400, 2810, 1300, 2810, 1400, 1300, 34950, 2810, 1400, 1300, 1420, 2810, 2810, 4160, 110, 240, 32170, 2700, 220, 50, 2700, 320, 6610, 240, 50, 4160, 32170, 2700, 320, 6610, 110, 4160, 2700, 110, 32170, 320, 6610, 220, 240, 2700, 240, 32170, 50, 320, 110, 240, 32170, 4160, 50, 6610, 320, 110, 220, 50, 4160, 6610, 220, 220, 380, 380, 380, 380, 290, 380, 6640, 10, 10, 10, 10, 350, 10, 2050, 320, 2050, 320, 2050, 320, 340, 320, 2050, 2050, 320, 140, 1780, 8120, 340, 340, 1780, 980, 980, 1780, 140, 340, 980, 980, 340, 1780, 980, 340, 1780, 140, 140, 140, 1350, 80, 140, 280, 210, 490, 490, 1350, 140, 80, 140, 70, 80, 80, 1350, 140, 490, 80, 1350, 140, 490, 210, 490, 1350, 240, 1990, 60, 60, 60, 240, 60, 240, 60, 240, 240, 170, 80, 880, 3520, 2430, 3890, 30, 30, 30, 2430, 2430, 80, 40, 10, 2430, 80, 30, 80, 30, 2430, 2180, 80, 880, 880, 880, 880, 60, 60, 3400, 60, 60, 60, 4410, 4410, 4410, 4410, 4410, 560, 160, 2810, 1510, 1510, 160, 160, 1510, 160, 1510, 2810, 1510, 160, 170, 3280, 25060, 3280, 1220, 3280, 25060, 3280, 25060, 3280, 25060, 25060, 4190, 150, 20, 11260, 120, 0, 240, 120, 120, 240, 520, 670, 240, 240, 120, 240, 120, 0, 440, 440, 0, 10, 440, 9230, 9230, 20, 420, 20, 20, 9230, 440, 9230, 420, 440, 9230, 420, 420, 0, 280, 20, 20, 420, 6420, 10, 2570, 6420, 2090, 2570, 2570, 2570, 10, 6420, 6420, 10, 6420, 10, 10, 2570, 320, 0, 1650, 70, 5660, 80, 320, 80, 4160, 320, 80, 4160, 0, 320, 5660, 5660, 0, 70, 80, 320, 0, 4160, 70, 5660, 0, 4160, 4160, 80, 70, 5660, 70, 50, 40, 500, 2260, 520, 50, 520, 7010, 50, 50, 520, 7010, 500, 500, 50, 520, 500, 500, 40, 0, 520, 320, 150, 90, 2440, 2440, 90, 150, 320, 320, 2440, 150, 320, 150, 2440, 320, 150, 2440, 90, 90, 90, 710, 640, 20, 420, 160, 1560, 420, 710, 20, 160, 640, 2790, 1560, 1560, 640, 20, 420, 710, 160, 2790, 2790, 640, 1560, 20, 420, 710, 160, 2790, 1560, 640, 20, 420, 710, 160, 2790, 1350, 70, 60, 60, 30, 60, 60, 70, 60, 30, 30, 30, 30, 30, 80, 7280, 160, 1480, 160, 160, 1480, 1480, 160, 1480, 160, 80, 3200, 1480, 6290, 1510, 1510, 6290, 1510, 6290, 1660, 6290, 1510, 6290, 10, 1510, 7010, 4450, 11630, 7010, 6410, 6410, 11630, 11630, 7010, 6410, 310, 7010, 6410, 7010, 11630, 6410, 11630, 2440, 240, 2440, 2440, 2440, 2440, 1330, 31560, 31560, 31560, 31560, 31560, 2810, 6600, 1020, 6600, 2810, 80, 6600, 2810, 6600, 1020, 2810, 2810, 6600, 40, 22330, 17330, 11110, 80, 40, 12830, 20, 40, 20, 17330, 80, 22330, 40, 11110, 40, 17330, 1230, 22330, 7010, 40, 17330, 80, 22330, 40, 11110, 20, 17330, 80, 22330, 40, 11110, 40, 80, 40, 20, 11110, 20, 27930, 2240, 1110, 2590, 2240, 180, 390, 2590, 2240, 390, 860, 20, 860, 2240, 390, 2590, 2590, 1110, 860, 2590, 27930, 390, 27930, 27930, 860, 860, 2240, 27930, 390, 0, 120, 120, 5220, 160, 1510, 100720, 2620, 1510, 100720, 2620, 2620, 2620, 5220, 100720, 1510, 2620, 5220, 100720, 5220, 1510, 5220, 100720, 1510, 280, 4160, 2310, 2310, 2310, 280, 280, 2310, 280, 5200, 280, 2310, 128210, 240, 240, 240, 240, 3820, 0, 3820, 3820, 3820, 3820, 240, 1320, 2600, 80, 80, 2600, 2600, 80, 80, 80, 1320, 2600, 2600, 280, 3010, 280, 280, 280, 280, 1270, 90, 1330, 90, 1330, 1330, 90, 90, 90, 1330, 1330, 30, 270, 1810, 13580, 30, 13580, 30, 13580, 30, 13580, 270, 1470, 30, 13580, 1470, 1470, 1470, 1470, 1400, 860, 180, 860, 180, 180, 1720, 940, 1380, 180, 860, 860, 180, 860, 940, 120, 31560, 5210, 120, 120, 5210, 120, 3660, 490, 5210, 5210, 5210, 120, 10190, 10190, 2420, 40, 10190, 40, 10190, 40, 10190, 40, 40, 170, 0, 2710, 3750, 710, 140, 710, 140, 140, 170, 710, 170, 710, 0, 170, 3750, 140, 710, 170, 140, 1980, 1430, 540, 80, 540, 540, 1980, 540, 540, 980, 980, 1020, 3410, 1820, 370, 70, 80, 680, 3410, 1820, 680, 3410, 1820, 3410, 980, 70, 1820, 80, 980, 680, 3410, 80, 70, 1820, 80, 680, 70, 680, 70, 80, 7440, 1440, 1440, 1440, 7440, 1440, 7440, 7440, 1440, 7440, 2130, 500, 2130, 2130, 2130, 500, 2130, 570, 3840, 80, 80, 80, 6150, 570, 80, 570, 80, 3840, 570, 280, 570, 10, 280, 80, 140, 0, 140, 0, 280, 80, 80, 0, 140, 1840, 17240, 280, 10, 140, 10, 140, 280, 0, 10, 280, 80, 0, 10, 80, 1500, 1500, 22920, 1500, 1500, 1500, 17160, 930, 280, 17160, 930, 280, 1310, 17160, 280, 17160, 930, 280, 17160, 930, 280, 930, 21440, 21440, 210, 210, 210, 2310, 21440, 21440, 210, 21440, 210, 40, 1210, 150, 240, 1210, 1210, 1210, 1210, 40, 20, 90, 1250, 3930, 2020, 120, 680, 6060, 1250, 2020, 20, 1250, 3930, 2020, 1250, 20, 3930, 1250, 2020, 20, 3930, 3930, 2020, 20, 40, 420, 130, 40, 130, 420, 420, 420, 40, 130, 130, 40, 40, 130, 420, 720, 300, 170, 22420, 750, 3700, 820, 750, 3700, 750, 820, 22420, 300, 820, 2810, 22420, 300, 170, 750, 22420, 300, 820, 3700, 750, 170, 22420, 300, 820, 3700, 3700, 170, 170, 330, 230, 400, 400, 10970, 620, 330, 330, 400, 230, 400, 330, 330, 400, 180, 1710, 130, 690, 1360, 690, 1360, 690, 1360, 690, 130, 1360, 1360, 690, 1700, 30, 3010, 3010, 1700, 4330, 1700, 3010, 1700, 3010, 1700, 30, 3010, 370, 250, 250, 370, 20, 270, 370, 250, 370, 250, 250, 370, 1460, 50, 30, 2910, 790, 1460, 2910, 30, 790, 1460, 50, 2910, 790, 80, 30, 50, 2910, 790, 1460, 50, 2910, 30, 790, 1460, 50, 30, 140, 760, 20230, 60, 760, 20230, 760, 140, 760, 12450, 140, 140, 20230, 760, 140, 20230, 20230, 60, 370, 1310, 9790, 210, 454010, 454010, 210, 210, 60, 210, 454010, 1310, 210, 60, 454010, 1310, 60, 1310, 1310, 60, 60, 454010, 2340, 1390, 120, 1390, 120, 1390, 120, 1390, 120, 1390, 120, 1820, 4380, 10, 260, 1820, 10, 1820, 10, 1820, 1820, 4380, 10, 260, 260, 4380, 4380, 260, 4380, 260, 10, 90, 40, 90, 90, 90, 90, 20, 20, 20, 20, 20, 20, 20, 5030, 70, 1610, 10, 100, 180, 180, 3100, 3100, 70, 100, 70, 3100, 180, 5030, 100, 180, 70, 5030, 3100, 100, 180, 70, 5030, 10, 3100, 100, 5030, 2150, 2150, 2150, 1640, 2150, 2150, 1450, 20, 4560, 4340, 1570, 4560, 1450, 4340, 20, 4560, 4340, 20, 1570, 1450, 4560, 4340, 20, 4560, 1450, 20, 1450, 1570, 4340, 1570, 1570, 6330, 12450, 3440, 920, 3440, 690, 12450, 6330, 920, 3440, 12450, 50, 3960, 3440, 920, 6330, 920, 6330, 3440, 12450, 920, 6330, 12450, 30, 1630, 2720, 9280, 30, 130, 2720, 940, 130, 4080, 4080, 2600, 4080, 940, 30, 940, 1630, 130, 4080, 2600, 30, 460, 1630, 130, 2720, 130, 1630, 4080, 30, 1630, 9280, 2720, 940, 2600, 2600, 2720, 940, 2600, 220, 230, 1330, 230, 220, 230, 220, 1330, 230, 1330, 220, 1330, 220, 230, 1330, 40, 80, 30, 30, 40, 40, 40, 0, 80, 30, 40, 80, 40, 40, 80, 30, 40, 80, 40, 40, 30, 80, 100, 230, 1640, 10340, 100, 80, 100, 1640, 80, 100, 230, 10340, 3970, 230, 3970, 3970, 230, 10340, 100, 1640, 230, 10340, 1640, 3970, 80, 1640, 10340, 80, 3970, 60, 20, 60, 60, 60, 60, 20, 7050, 2040, 7050, 2040, 7050, 2040, 7050, 2040, 7050, 2040, 720, 1270, 2940, 2200, 720, 720, 2200, 720, 2200, 2200, 2200, 2940, 720, 1270, 2940, 2940, 2940, 2370, 20, 20, 20, 20, 20, 400, 400, 10, 10, 400, 400, 400, 10, 10, 2830, 40, 40, 2830, 360, 40, 2830, 40, 2830, 40, 2830, 430, 430, 1080, 80, 70, 80, 80, 80, 430, 80, 430, 430, 30, 120, 1470, 7070, 120, 320, 30, 120, 30, 10, 7070, 1470, 7070, 120, 10, 10, 320, 10, 10, 320, 30, 320, 1470, 120, 320, 7070, 1470, 30, 7070, 1470, 1640, 5850, 720, 540, 2070, 5850, 1640, 2070, 2070, 2070, 1640, 720, 2070, 540, 1640, 5850, 5850, 1640, 5850, 125280, 200, 125280, 200, 90, 90, 90, 90, 90, 90, 870, 850, 40, 80, 2200, 40, 400, 400, 80, 2200, 850, 850, 850, 40, 850, 2200, 400, 80, 2200, 2200, 40, 400, 80, 400, 80, 40, 360, 240, 9450, 540, 7430, 540, 240, 540, 7430, 7430, 540, 240, 240, 540, 7430, 9450, 7430, 240, 9450, 9450, 9450, 350, 20, 890, 530, 120, 120, 530, 120, 530, 120, 530, 120, 530, 660, 100, 560, 100, 560, 20, 560, 100, 560, 100, 100, 560, 70, 60480, 180, 470, 60480, 13670, 180, 13670, 60480, 180, 13670, 60480, 470, 180, 13670, 60480, 13670, 180, 270, 690, 10, 0, 20, 20, 40, 20, 270, 20, 270, 10, 270, 10, 10, 270, 10, 0, 20, 6580, 1160, 160, 1160, 6320, 160, 1160, 6320, 6320, 6320, 160, 1160, 6320, 160, 6580, 160, 1160, 900, 90, 580, 440, 90, 90, 190, 190, 440, 900, 1350, 190, 440, 190, 440, 900, 580, 90, 190, 440, 900, 900, 90, 20, 20, 9180, 9180, 15360, 20, 490, 15360, 9180, 15360, 9180, 15360, 20, 390, 9180, 20, 20, 3910, 90, 1900, 1900, 3910, 3910, 20, 1900, 2700, 20, 20, 2700, 1900, 3910, 3910, 1900, 20, 0, 5570, 1020, 20, 0, 80, 1360, 0, 0, 20, 1360, 20, 20, 5570, 1020, 20, 1360, 5570, 80, 0, 1360, 1020, 80, 5570, 1020, 5570, 80, 1020, 1360, 80, 3600, 3600, 3600, 3600, 3600, 50, 850, 550, 550, 1310, 550, 1310, 1310, 550, 1310, 1310, 550, 9450, 690, 900, 1250, 1250, 900, 9450, 690, 690, 9450, 900, 1250, 9450, 900, 690, 1250, 9450, 900, 690, 1250, 1270, 1880, 1160, 1260, 420, 1880, 1270, 1260, 0, 0, 420, 1880, 1160, 1270, 1920, 1260, 1880, 1260, 420, 0, 1880, 1270, 1920, 1160, 1270, 1260, 420, 0, 1920, 1920, 1920, 420, 1160, 1160, 0, 60, 670, 90, 60, 1060, 60, 670, 1060, 110, 17250, 1060, 1060, 60, 670, 110, 90, 17250, 60, 670, 1060, 670, 110, 110, 110, 4070, 20, 890, 20, 0, 1360, 20, 890, 20, 4070, 890, 20, 890, 890, 4070, 4070, 4070, 1640, 10, 10, 10, 1640, 10, 1640, 1640, 1640, 10, 220, 60, 280, 50, 220, 50, 220, 220, 220, 220, 60, 280, 50, 50, 220, 4330, 50, 3930, 240, 870, 2960, 400, 400, 24030, 0, 400, 3930, 870, 870, 3930, 24030, 400, 3930, 870, 2960, 24030, 400, 3930, 870, 24030, 0, 0, 24030, 0, 0, 10, 2940, 690, 150, 10, 10, 10, 2940, 2940, 2940, 2940, 10, 90, 1500, 9380, 1910, 1500, 1500, 1500, 1500, 90, 9380, 920, 0, 60, 40, 280, 0, 1270, 240, 0, 1270, 240, 240, 0, 240, 1270, 0, 240, 0, 1270, 1270, 2400, 70, 420, 420, 420, 70, 70, 420, 2400, 70, 420, 2400, 2400, 2400, 70, 50, 27620, 27620, 170, 27620, 170, 27620, 50, 170, 27620, 50, 170, 50, 170, 50, 570, 180, 310, 8140, 310, 8140, 180, 50, 180, 8140, 180, 310, 50, 8140, 8140, 180, 310, 570, 310, 50, 3350, 50, 50, 40, 980, 440, 980, 1180, 980, 980, 980, 3330, 1090, 90, 170, 300, 1090, 240, 0, 240, 520, 1090, 90, 240, 0, 1090, 240, 0, 1090, 90, 240, 0, 0, 90, 240, 300, 90, 450, 2320, 510, 610, 3520, 320, 610, 450, 610, 3520, 320, 320, 450, 3520, 610, 450, 3520, 510, 2320, 320, 510, 2320, 510, 610, 3520, 450, 510, 2320, 320, 2320, 30, 57380, 60, 60, 150, 57380, 150, 5210, 57380, 150, 57380, 57380, 30, 60, 150, 150, 60, 60, 4350, 33060, 200, 20, 200, 20, 33060, 4350, 20, 33060, 33060, 20, 33060, 200, 4350, 20, 200, 120, 200, 4350, 4350, 1520, 1520, 1520, 3290, 1520, 1520, 600, 40, 1840, 10, 40, 40, 600, 600, 600, 40, 600, 40, 2220, 30, 2220, 0, 3450, 0, 5080, 2220, 2220, 2220, 30, 330, 330, 330, 330, 330, 650, 650, 650, 650, 650, 12030, 4340, 200, 170, 20, 170, 340, 20, 170, 4340, 20, 340, 4340, 340, 170, 340, 20, 4340, 340, 170, 4340, 20, 10, 1650, 780, 1650, 1650, 10, 1650, 1650, 520, 110, 140, 110, 110, 110, 110, 140, 4350, 2450, 0, 2450, 67240, 2450, 2450, 4350, 4350, 67240, 2450, 0, 0, 4350, 0, 4350, 0, 350, 350, 350, 350, 350, 50, 970, 80, 50, 50, 970, 50, 970, 80, 50, 970, 970, 420, 230, 140, 260, 140, 230, 140, 230, 230, 140, 260, 140, 230, 260, 260, 260, 370, 50, 690, 690, 370, 370, 370, 690, 50, 370, 690, 1420, 690, 0, 990, 990, 1000, 0, 990, 990, 990, 1360, 1120, 40, 350, 400, 350, 350, 1360, 350, 400, 1360, 1360, 400, 350, 400, 400, 40, 1360, 3660, 2520, 2140, 2520, 2140, 20810, 20810, 2140, 2140, 2520, 2140, 2520, 20810, 2520, 20810, 20810, 1650, 1370, 3100, 1650, 320, 50, 1650, 50, 60, 320, 1650, 1650, 50, 50, 2920, 320, 50, 320, 60, 1370, 320, 530, 180, 340, 3900, 3900, 3900, 3900, 530, 530, 340, 3900, 530, 340, 340, 530, 340, 5340, 100, 1020, 3860, 230, 120, 230, 1020, 230, 3860, 100, 1020, 3860, 100, 230, 1020, 3860, 100, 120, 230, 1020, 100, 120, 120, 120, 3860, 150, 150, 17740, 17740, 150, 150, 17740, 150, 150, 17740, 5110, 150, 150, 17740, 5110, 5110, 5110, 5110, 180, 150, 150, 120, 30, 1220, 990, 990, 990, 1060, 120, 420, 2370, 2810, 30, 1060, 1060, 1060, 990, 990, 120, 160, 30, 1060, 120, 30, 120, 30, 290, 990, 6100, 6100, 290, 6100, 290, 6100, 290, 6100, 290, 4070, 0, 0, 16090, 0, 16090, 4070, 16090, 0, 16090, 4070, 16090, 4070, 0, 4070, 350, 30, 110, 2520, 30, 110, 30, 2520, 350, 110, 350, 110, 30, 350, 110, 2520, 350, 2520, 30, 2520, 41550, 41550, 41550, 260, 41550, 41550, 780, 3470, 780, 30, 30, 780, 30, 780, 30, 3470, 30, 780, 750, 30, 500, 30, 330, 500, 500, 750, 750, 330, 500, 750, 30, 30, 330, 500, 750, 30, 330, 30, 30, 330, 464600, 1890, 1890, 1890, 470, 1890, 464600, 1890, 320, 230, 1030, 30, 0, 620, 1250, 230, 230, 0, 2460, 70, 70, 320, 70, 1030, 320, 1250, 2460, 230, 230, 70, 1030, 1250, 70, 230, 230, 320, 0, 1030, 1250, 230, 320, 2460, 1250, 230, 10480, 1030, 2460, 0, 620, 2460, 230, 0, 900, 160, 3930, 500, 4040, 630, 900, 4040, 630, 280, 280, 630, 900, 4040, 280, 4040, 900, 630, 280, 4040, 18370, 280, 900, 630, 140, 140, 6060, 10, 10, 10, 6060, 10, 10, 1410, 760, 130, 130, 760, 760, 760, 130, 760, 1410, 100, 130, 130, 20, 20, 620, 620, 6530, 6530, 20, 20, 620, 620, 20, 620, 6530, 20, 6530, 6530, 2690, 320, 470, 10, 70, 70, 70, 10, 70, 320, 10, 320, 70, 320, 10, 470, 320, 10, 2770, 1360, 3080, 640, 3080, 640, 3080, 1360, 2770, 640, 2140, 2770, 640, 3080, 1360, 2770, 640, 3080, 1360, 2770, 1360, 60, 60, 60, 60, 60, 910, 2460, 910, 2460, 910, 910, 910, 2460, 2460, 2460, 600, 600, 2160, 260, 600, 600, 40, 600, 40, 750, 320, 3900, 3900, 3900, 40, 320, 320, 40, 40, 4150, 320, 40, 40, 3900, 40, 40, 40, 320, 3900, 40, 5470, 5470, 980, 20, 1350, 1380, 20, 3750, 980, 1380, 980, 1350, 980, 20, 3370, 980, 1380, 3370, 1380, 20, 1380, 20, 450, 790, 990, 620, 990, 990, 990, 620, 990, 620, 620, 620, 10, 10, 0, 10, 10, 10, 2760, 420, 3860, 50, 50, 420, 50, 1570, 50, 2760, 3860, 420, 50, 420, 420, 40, 40, 40, 160, 40, 1360, 14580, 2980, 160, 160, 160, 40, 160, 1600, 130, 420, 590, 420, 420, 270, 8200, 1600, 420, 270, 420, 130, 130, 590, 270, 130, 130, 270, 270, 50, 3820, 430, 210, 430, 210, 280, 910, 280, 50, 430, 3600, 910, 3820, 3600, 50, 210, 3600, 280, 430, 910, 210, 280, 910, 3820, 910, 280, 430, 50, 3820, 3600, 50, 3820, 3600, 2440, 230, 290, 220, 260, 290, 220, 290, 290, 260, 2440, 230, 260, 2440, 230, 260, 2440, 220, 260, 2440, 220, 290, 230, 220, 230, 190, 40, 2460, 190, 1910, 40, 0, 40, 2460, 190, 1910, 40, 190, 40, 190, 340, 20, 1120, 40, 70, 40, 340, 20, 1120, 340, 1120, 20, 40, 1120, 20, 40, 40, 1120, 20, 340, 340, 18540, 13610, 90, 220, 220, 220, 90, 220, 90, 90, 220, 90, 710, 1140, 1140, 1140, 1140, 1140, 9990, 40, 410, 2240, 2990, 410, 3630, 410, 2990, 40, 410, 410, 510, 2730, 8720, 460, 8720, 2730, 300, 150, 6640, 170, 6640, 150, 300, 300, 6640, 300, 150, 6640, 150, 300, 6640, 150, 910, 80, 60, 1060, 1060, 910, 1060, 80, 910, 1060, 80, 910, 1060, 80, 910, 80, 1360, 190, 0, 2470, 120, 190, 0, 1360, 2680, 120, 0, 1360, 0, 1360, 0, 1360, 190, 120, 190, 120, 120, 20, 190, 2470, 2320, 3350, 2320, 3350, 3350, 3350, 3350, 130, 950, 1630, 470, 1630, 20, 730, 470, 470, 1630, 730, 20, 470, 1630, 470, 1630, 730, 950, 950, 950, 730, 950, 730, 16370, 43050, 8350, 4960, 6980, 6640, 6980, 6640, 6980, 6640, 6980, 6640, 16370, 43050, 6980, 6640, 16370, 16370, 16370, 1910, 700, 310, 8090, 8090, 1910, 1910, 1250, 8090, 1910, 8090, 1910, 8090, 1040, 2460, 1110, 1040, 1040, 1590, 1040, 1110, 2460, 1110, 1110, 2460, 1040, 2460, 1110, 2460, 670, 4280, 4280, 670, 670, 1360, 320, 4280, 4280, 670, 670, 4280, 5440, 40, 50, 60, 20610, 5440, 50, 380, 1350, 50, 380, 40, 1350, 2880, 20610, 1350, 60, 50, 380, 5440, 40, 20610, 50, 380, 5440, 40, 20610, 380, 1350, 40, 20610, 5440, 1350, 350, 40, 40, 350, 40, 2230, 350, 350, 350, 40, 40, 120, 930, 10, 930, 930, 120, 10, 10, 120, 1900, 120, 10, 120, 930, 930, 10, 100, 40, 110, 2080, 320, 320, 110, 320, 40, 100, 110, 100, 2080, 40, 100, 110, 40, 100, 110, 320, 40, 320, 230, 0, 6640, 6640, 6640, 230, 0, 6640, 230, 0, 6640, 230, 0, 230, 0, 18000, 20, 10, 20, 10, 10, 18000, 20, 20, 10, 14260, 10, 20, 1720, 1010, 1010, 1720, 1720, 1010, 1720, 1010, 1720, 1010, 610, 930, 1290, 930, 610, 930, 930, 600, 1290, 610, 930, 610, 1290, 610, 1290, 930, 1290, 410, 1440, 79200, 410, 1440, 79200, 410, 410, 1440, 79200, 2010, 410, 1440, 1440, 79200, 79200, 6720, 20, 310, 1440, 310, 6720, 1440, 6720, 310, 6720, 1440, 1440, 6720, 310, 1440, 310, 200, 3960, 560, 260, 560, 260, 200, 560, 3960, 3960, 260, 200, 560, 3960, 260, 200, 3960, 260, 200, 560, 10940, 560, 560, 560, 10940, 10940, 490, 10940, 560, 560, 10940, 6310, 21500, 6310, 4620, 6310, 1380, 4620, 21500, 1380, 6310, 4620, 1380, 6310, 21500, 1380, 21500, 4620, 1380, 21500, 610, 1900, 1920, 610, 610, 1240, 610, 210, 1920, 610, 210, 5790, 11960, 30, 30, 30, 30, 30, 1440, 1570, 1570, 1440, 1570, 1570, 3950, 1570, 1030, 560, 120, 1460, 120, 1460, 120, 9260, 270, 120, 560, 9260, 270, 120, 1460, 9260, 1460, 270, 270, 9260, 270, 1460, 9260, 3430, 1230, 1230, 1230, 1230, 40, 40, 40, 1230, 40, 40, 3430, 3430, 3430, 3430, 460, 1030, 7070, 1030, 3060, 1030, 460, 460, 1030, 3060, 3060, 3060, 460, 3060, 1030, 460, 1280, 130, 1240, 850, 810, 20120, 1170, 130, 1240, 1240, 1170, 30, 1170, 30, 810, 850, 1280, 30, 130, 850, 1240, 1280, 30, 130, 850, 1170, 850, 1240, 1170, 1280, 30, 130, 810, 1280, 810, 810, 430, 15130, 80, 60, 15130, 60, 5950, 60, 15130, 15130, 60, 15130, 60, 2520, 20, 3880, 4150, 1570, 10, 2520, 4150, 2520, 2520, 2520, 30, 50, 2310, 30, 2580, 60, 2580, 50, 30, 30, 2580, 2310, 30, 2580, 20, 30, 2580, 30, 2310, 50, 60, 50, 2310, 30, 60, 30, 60, 30, 50, 60, 2310, 110, 240, 40, 240, 40, 40, 240, 110, 240, 40, 240, 40, 40, 8400, 40, 40, 8400, 40, 1550, 40, 100, 910, 610, 10, 20, 20, 10, 100, 10, 90, 100, 910, 10, 20, 20, 100, 20, 860, 910, 910, 100, 910, 10, 100, 320, 1700, 190, 20, 1110, 20, 1110, 20, 1110, 320, 10, 1110, 320, 20, 1110, 20, 190, 190, 320, 190, 190, 320, 190, 5000, 1540, 1540, 190, 1540, 1540, 1540, 60, 5560, 350, 350, 350, 5560, 200, 5560, 350, 5560, 350, 5560, 290, 100, 60, 20, 4190, 20, 0, 4190, 4690, 0, 0, 1570, 100, 4190, 0, 20, 100, 100, 4190, 20, 1570, 100, 1570, 0, 20, 1570, 1570, 4190, 100, 100, 70, 90, 1620, 90, 230, 90, 920, 3460, 230, 70, 230, 100, 100, 90, 230, 90, 230, 100, 80, 60, 5930, 60, 60, 60, 80, 5930, 30, 2670, 80, 5930, 5930, 60, 80, 5930, 80, 4080, 660, 2480, 1170, 660, 660, 2480, 660, 2480, 660, 2480, 2480, 2130, 6390, 6390, 6390, 2130, 6390, 6390, 1690, 480, 480, 1690, 1690, 480, 1690, 480, 1690, 480, 21030, 340, 320, 910, 240, 1770, 200, 1930, 220, 220, 1770, 310, 340, 220, 1930, 910, 200, 1930, 200, 1770, 910, 420, 6370, 340, 220, 1930, 910, 310, 200, 1770, 240, 320, 340, 220, 1930, 910, 310, 200, 1770, 340, 320, 320, 310, 310, 320, 30, 7580, 30, 7580, 7580, 30, 7580, 30, 7580, 30, 12840, 12840, 12840, 220, 12840, 12840, 60, 6950, 60, 6950, 6950, 6950, 60, 370, 60, 60, 6950, 2410, 2410, 6390, 2410, 6390, 2410, 6390, 6390, 6390, 2410, 1880, 1120, 1780, 200, 1120, 1780, 200, 1880, 1780, 200, 1120, 1880, 1780, 200, 1880, 1120, 1780, 200, 1880, 1120, 2140, 10, 10, 10, 10, 10, 10, 240, 90, 10, 240, 90, 90, 240, 10, 90, 240, 90, 240, 2810, 10, 10, 10, 200, 2010, 1040, 2010, 1040, 2010, 4000, 1040, 4000, 200, 2010, 1040, 4000, 4000, 200, 200, 200, 4000, 1040, 2010, 6520, 100, 380, 380, 20, 380, 20, 100, 380, 20, 6520, 6520, 20, 100, 6520, 20, 6520, 100, 100, 380, 6510, 0, 6510, 250, 2530, 210, 210, 30, 30, 210, 30, 30, 250, 210, 30, 250, 210, 250, 250, 40, 200, 4040, 400, 160, 400, 20, 90, 90, 90, 4040, 90, 4040, 40, 400, 40, 90, 90, 4040, 40, 400, 200, 40, 400, 90, 90, 4040, 90, 90, 480, 190, 15130, 9340, 4380, 190, 9340, 480, 9340, 190, 9340, 480, 4380, 190, 9340, 480, 190, 480, 180, 110, 950, 30, 110, 30, 30, 180, 1260, 110, 30, 180, 30, 180, 180, 110, 110, 100, 100, 370, 100, 100, 100, 640, 40, 40, 40, 40, 40, 2190, 730, 30, 30, 730, 30, 730, 100, 730, 30, 730, 30, 6520, 3310, 990, 6520, 940, 3310, 3310, 140, 940, 3310, 6520, 940, 3310, 6520, 6520, 940, 940, 90, 20, 980, 20, 90, 90, 20, 580, 90, 20, 980, 90, 20, 1460, 180, 180, 180, 40, 1770, 180, 180, 200, 8040, 10, 200, 5060, 1970, 10, 8040, 200, 1970, 8040, 200, 1970, 8040, 200, 1970, 8040, 2620, 80, 1570, 1570, 2620, 2620, 1360, 80, 1360, 1570, 80, 1570, 80, 1360, 1360, 1570, 2620, 80, 2620, 1360, 10090, 20, 20, 6520, 20, 10090, 640, 10090, 20, 90, 20, 10090, 10090, 610, 5720, 720, 1460, 610, 10, 610, 360, 5720, 610, 360, 610, 180, 1390, 1240, 2680, 1240, 2680, 60, 180, 1240, 2680, 60, 60, 60, 180, 180, 2680, 1240, 60, 180, 1240, 2680, 2220, 370, 110, 710, 4350, 370, 370, 370, 370, 4000, 3240, 950, 3240, 3240, 950, 3240, 3240, 4000, 4000, 4000, 4000, 60, 170, 10, 60, 170, 170, 170, 60, 60, 150, 60, 170, 10, 110, 60, 8980, 340, 5270, 370, 8980, 60, 8980, 340, 370, 370, 8980, 110, 60, 370, 8980, 60, 340, 370, 340, 75550, 60, 340, 4530, 860, 4530, 20, 20, 870, 120, 120, 200, 120, 20, 200, 120, 870, 20, 120, 20, 20, 0, 2470, 4360, 50, 2470, 0, 50, 0, 4360, 570, 2470, 570, 50, 4360, 2470, 570, 50, 570, 2470, 50, 0, 4360, 4360, 0, 570, 30, 30, 1490, 180, 140, 340, 1550, 140, 1550, 340, 180, 140, 1490, 1550, 340, 110, 1490, 180, 1550, 340, 1490, 180, 140, 1550, 340, 1490, 40, 180, 140, 1300, 140, 1210, 400, 1320, 3450, 140, 400, 140, 140, 1210, 140, 0, 1210, 400, 1300, 3450, 1320, 1210, 400, 1210, 3450, 3450, 400, 3450, 870, 210, 10, 210, 10, 210, 820, 210, 210, 10, 10, 10, 1660, 1710, 610, 1710, 610, 1660, 1710, 1660, 1710, 610, 1710, 1660, 610, 1660, 610, 80, 870, 840, 390, 160, 160, 840, 870, 210, 870, 160, 80, 390, 840, 870, 870, 160, 840, 160, 840, 390, 390, 390, 31130, 31130, 8720, 31130, 2790, 31130, 31130, 4000, 4930, 490, 790, 490, 4000, 1010, 790, 4000, 4930, 100, 4930, 490, 4930, 1010, 490, 1010, 790, 4930, 1010, 790, 4000, 4000, 1010, 790, 490, 1290, 2020, 1560, 10, 10230, 140, 140, 1560, 1290, 10230, 10, 1560, 10230, 140, 1560, 10, 10230, 1290, 2020, 1560, 10, 140, 10230, 1290, 140, 10, 1290, 1950, 3880, 3820, 1950, 1950, 1950, 1950, 240, 410, 320, 50, 240, 410, 240, 50, 320, 410, 240, 50, 320, 410, 240, 320, 410, 50, 320, 50, 0, 3390, 17540, 3390, 3390, 0, 3390, 17540, 0, 3390, 0, 0, 100, 10, 60, 10, 130, 1920, 0, 100, 10, 10, 10, 10, 130, 100, 10, 100, 10, 10, 10, 100, 26030, 0, 3910, 490, 3910, 490, 7430, 26030, 490, 3910, 3910, 26030, 3910, 26030, 490, 26030, 490, 3750, 3750, 3750, 3750, 3750, 520, 160, 160, 3930, 520, 3930, 520, 160, 160, 520, 3930, 520, 160, 3930, 3930, 0, 350, 2580, 0, 150, 2580, 10, 0, 2580, 1570, 0, 1570, 2580, 1570, 1570, 0, 1570, 2580, 350, 1460, 3580, 30420, 1460, 1460, 3580, 3580, 1460, 3580, 1460, 3580, 80, 2640, 80, 2640, 80, 2640, 2640, 2640, 80, 80, 80, 30, 320, 980, 320, 320, 320, 1170, 70, 4670, 14700, 0, 70, 0, 4670, 70, 70, 4670, 0, 1170, 1170, 4670, 70, 0, 0, 1170, 1170, 4670, 80, 41680, 250, 10, 10, 80, 250, 80, 41680, 250, 890, 41680, 250, 80, 41680, 250, 80, 41680, 10, 10, 10, 80, 80, 1160, 4190, 80, 80, 80, 80, 1160, 80, 1160, 1160, 1160, 12500, 4400, 170, 12500, 4400, 170, 4400, 10, 3480, 19380, 5110, 12500, 12500, 4400, 170, 170, 4400, 170, 12500, 330, 3150, 10, 1860, 3150, 330, 10, 330, 1640, 330, 3150, 10, 1640, 1640, 330, 1640, 3150, 10, 1640, 3150, 10, 540, 60, 60, 540, 540, 60, 60, 60, 540, 540, 410, 110, 660, 660, 110, 660, 110, 660, 110, 660, 110, 4070, 100, 1990, 41680, 41680, 30, 4070, 4070, 4070, 41680, 1870, 100, 1990, 1990, 1870, 100, 30, 4070, 41680, 1870, 100, 30, 1990, 1870, 41680, 30, 1870, 100, 1990, 30]"
2020-11-03 15:15:00+00:00,16177620,6,4077.0,"[130, 940, 18420, 940, 130, 940, 130, 130, 940, 130, 940, 20, 8690, 110, 1650, 20, 10, 10, 20, 8040, 10, 10, 8690, 20, 1650, 20, 20, 10, 8690, 20, 1650, 8690, 20, 1650, 20, 1650, 8690, 20, 1910, 80, 120, 1910, 1910, 1850, 120, 1910, 80, 1910, 120, 120, 120, 4680, 230, 20, 14700, 20, 20, 20, 230, 20, 230, 230, 230, 2150, 220, 2680, 2440, 37010, 950, 950, 2150, 220, 950, 2680, 2150, 2680, 2150, 220, 950, 2440, 2680, 37010, 2150, 220, 2440, 950, 2440, 37010, 37010, 2680, 37010, 220, 2440, 1650, 1650, 30, 490, 1650, 1650, 310, 1650, 20, 2310, 5230, 1380, 5230, 2310, 180, 5230, 2310, 5230, 2310, 20, 5230, 2310, 3520, 470, 3520, 2560, 20, 3520, 3520, 470, 20, 20, 470, 3520, 470, 20, 470, 20, 19730, 170, 540, 420, 170, 540, 420, 420, 170, 420, 170, 170, 540, 420, 540, 540, 13300, 380, 230, 230, 13300, 380, 13300, 230, 230, 13300, 13300, 230, 170, 6540, 20, 170, 20, 170, 170, 170, 2490, 150, 150, 150, 2490, 150, 150, 1040, 2870, 7170, 720, 1020, 3150, 7170, 1040, 1020, 2870, 720, 7170, 1040, 1020, 1020, 7170, 1040, 7170, 1040, 1020, 3970, 3970, 3970, 3970, 3970, 2640, 4720, 30, 40, 430, 30, 30, 30, 30, 110, 4720, 70, 70, 70, 70, 70, 900, 0, 900, 900, 900, 900, 1220, 2410, 2410, 2410, 2410, 2410, 420, 60, 2600, 1020, 1020, 420, 60, 2600, 1020, 420, 1020, 60, 420, 1020, 60, 60, 420, 2600, 2600, 2600, 2970, 170, 1350, 3280, 170, 230, 520, 2970, 170, 3280, 230, 11250, 4720, 290, 2970, 520, 3280, 170, 230, 1350, 2970, 3280, 170, 1350, 2970, 520, 3280, 230, 1350, 520, 1350, 520, 230, 170, 5090, 260, 260, 650, 650, 170, 5090, 260, 1200, 3640, 1200, 260, 650, 1200, 1200, 170, 260, 650, 1200, 170, 5090, 170, 5090, 650, 5090, 150, 150, 110, 150, 150, 150, 2370, 60, 60, 700, 2370, 10880, 60, 700, 3180, 700, 2370, 60, 10880, 10880, 2370, 10880, 700, 2370, 700, 10880, 60, 1150, 410, 2270, 30, 3950, 410, 30, 410, 30, 410, 30, 30, 410, 870, 20, 80, 80, 80, 10, 670, 870, 80, 870, 870, 80, 870, 200, 1020, 1020, 1020, 1020, 1020, 1270, 1270, 1270, 1270, 1270, 670, 220, 10300, 12460, 90, 90, 420, 650, 90, 10300, 420, 220, 220, 10300, 420, 670, 10300, 420, 220, 10300, 420, 220, 670, 90, 670, 670, 90, 2240, 2110, 640, 2220, 90, 2220, 2240, 640, 2110, 2110, 2220, 2240, 90, 640, 2220, 2240, 90, 640, 2110, 2220, 2240, 90, 640, 2110, 30, 30, 500, 160, 720, 1230, 120, 1230, 720, 120, 30, 120, 1230, 720, 160, 120, 1230, 720, 30, 1230, 720, 500, 120, 30, 160, 160, 160, 20, 10, 660, 20, 430, 660, 20, 660, 20, 20, 660, 660, 5770, 320, 320, 320, 480, 320, 5770, 480, 480, 480, 320, 480, 360, 9260, 10, 480, 10, 60, 9260, 10, 60, 60, 480, 60, 10, 9260, 9260, 480, 60, 10, 480, 7210, 1360, 9260, 360, 480, 50, 60, 600, 40, 50, 600, 60, 50, 600, 50, 60, 60, 600, 600, 50, 60, 0, 4120, 2580, 4120, 2580, 0, 2580, 2580, 2580, 0, 4120, 0, 4120, 4120, 0, 1230, 320, 2670, 2890, 60, 1160, 250, 1280, 250, 320, 1280, 60, 2130, 320, 60, 250, 1280, 250, 1280, 60, 1280, 250, 60, 320, 320, 70, 40, 180, 1650, 1650, 180, 40, 70, 1650, 40, 180, 40, 70, 180, 40, 70, 180, 70, 1650, 1650, 90, 1330, 250, 5100, 30, 2470, 240, 240, 400, 240, 250, 250, 250, 2470, 5100, 90, 5100, 90, 1330, 2470, 5100, 400, 90, 2470, 5100, 30, 250, 400, 90, 1330, 2470, 240, 400, 400, 1330, 1330, 240, 80, 4730, 280, 4730, 280, 280, 280, 4730, 4730, 4730, 80, 280, 10, 340, 1120, 780, 0, 950, 5750, 10, 5750, 10, 1120, 780, 950, 340, 0, 1120, 5750, 950, 340, 5750, 780, 1120, 950, 340, 5750, 780, 1120, 10, 0, 340, 0, 950, 780, 0, 10, 130, 4680, 130, 4680, 950, 150, 0, 2260, 10, 120, 10, 120, 950, 10, 950, 2260, 120, 950, 10, 10, 2260, 120, 150, 2260, 120, 2260, 950, 8130, 2110, 1750, 2110, 1750, 1750, 2110, 2110, 1750, 2110, 1750, 950, 780, 3630, 1090, 3630, 1090, 3630, 1090, 3630, 1090, 3630, 1090, 770, 9290, 120, 930, 110, 9290, 120, 770, 120, 770, 9290, 120, 110, 9290, 770, 9290, 120, 770, 70, 1430, 1430, 4060, 2840, 4060, 70, 1430, 2840, 4060, 70, 2840, 4060, 70, 1430, 2840, 70, 1430, 4060, 2840, 1340, 1340, 20, 10, 1340, 1340, 1340, 22900, 1850, 420, 530, 110, 110, 22900, 110, 22900, 530, 420, 0, 22900, 110, 420, 22900, 530, 420, 530, 420, 530, 110, 2570, 2570, 520, 2570, 520, 520, 2570, 520, 2570, 520, 3800, 1310, 1310, 1310, 1310, 1310, 2110, 840, 240, 9870, 9870, 240, 9870, 9870, 9870, 16410, 270, 590, 150, 16410, 16410, 16410, 150, 6040, 270, 150, 150, 270, 16410, 270, 270, 150, 1280, 390, 390, 860, 860, 860, 860, 860, 10, 1990, 12680, 10, 1610, 12680, 1640, 10, 12680, 1610, 12680, 1610, 10, 1610, 1610, 12680, 10, 60, 6090, 540, 110, 540, 60, 110, 6090, 130, 540, 60, 540, 60, 540, 110, 60, 6090, 110, 110, 6090, 6090, 140, 140, 140, 140, 140, 1920, 1900, 320, 90, 260, 260, 1900, 260, 90, 320, 1900, 260, 260, 1900, 1900, 90, 1920, 320, 90, 320, 90, 320, 30, 50, 50, 50, 50, 20, 50, 2840, 2840, 2840, 210, 210, 210, 2840, 210, 2840, 240, 40, 40, 40, 1900, 1900, 1900, 240, 40, 1900, 1900, 40, 78130, 210, 20, 12920, 0, 210, 12920, 20, 78130, 210, 2860, 12920, 78130, 210, 20, 2860, 12920, 78130, 210, 20, 12920, 2860, 78130, 20, 2860, 4630, 20, 4630, 4630, 20, 20, 4630, 20, 4630, 20, 70, 20, 190, 70, 70, 20, 20, 70, 20, 70, 20, 190, 2080, 80, 220, 0, 220, 440, 2080, 2080, 80, 0, 80, 80, 0, 220, 2080, 80, 0, 220, 2080, 0, 220, 140, 5790, 0, 460, 4060, 0, 0, 4060, 5790, 5790, 460, 0, 460, 4060, 0, 460, 4060, 5790, 460, 0, 4060, 5790, 4950, 20, 360, 1440, 4950, 20, 360, 20, 20, 4950, 20, 4950, 4950, 11920, 80, 250, 320, 400, 80, 250, 11920, 10, 80, 250, 11920, 250, 11920, 10, 250, 11920, 10, 10, 80, 80, 10, 2210, 290, 80, 2210, 80, 12630, 80, 80, 80, 2210, 2210, 2210, 120, 50, 120, 120, 50, 50, 120, 120, 50, 50, 560, 9970, 40, 410, 560, 240, 440, 370, 1990, 4500, 20, 240, 20, 240, 80, 370, 790, 370, 240, 240, 80, 1990, 790, 4500, 80, 1990, 790, 80, 1990, 790, 80, 1990, 20, 370, 20, 370, 20, 240, 660, 660, 660, 660, 240, 660, 1720, 950, 210, 12630, 3490, 3490, 950, 3490, 12630, 1720, 950, 1720, 1030, 470, 12630, 1720, 3490, 12630, 1720, 3490, 12630, 950, 950, 180, 90, 650, 180, 90, 180, 180, 180, 650, 90, 90, 90, 610, 270, 3380, 170, 170, 170, 260, 170, 3380, 1660, 3380, 260, 170, 3380, 3380, 260, 270, 260, 260, 70, 70, 260, 3160, 2910, 70, 70, 70, 3160, 580, 2920, 110, 2920, 2920, 580, 6170, 2920, 2920, 580, 580, 580, 610, 610, 1470, 1470, 610, 1470, 1470, 610, 1470, 610, 210, 430, 430, 80, 80, 430, 430, 80, 430, 80, 80, 480, 630, 1450, 490, 270, 480, 480, 480, 480, 180, 700, 160, 160, 2320, 700, 270, 2320, 700, 270, 270, 2320, 160, 270, 700, 2320, 180, 270, 700, 160, 110, 160, 2320, 560, 2850, 4350, 120, 1430, 320, 2850, 2960, 320, 120, 2850, 4350, 2960, 320, 560, 560, 320, 2850, 560, 2960, 120, 4350, 320, 560, 2960, 120, 2850, 4350, 120, 4350, 2960, 60, 1470, 12660, 4790, 60, 4790, 110, 12520, 60, 60, 1470, 4790, 60, 4790, 4790, 230, 10330, 90, 90, 230, 230, 10330, 90, 230, 90, 10330, 230, 10330, 90, 10330, 2780, 2780, 2780, 21330, 2780, 2780, 20, 0, 60, 20, 20, 0, 860, 60, 20, 0, 0, 60, 60, 0, 60, 20, 200, 660, 9090, 100, 110, 200, 200, 9090, 100, 660, 110, 200, 200, 130, 1900, 40, 3240, 3240, 130, 3240, 3240, 130, 3240, 1900, 130, 130, 280, 40, 70, 90, 40, 40, 40, 280, 40, 6420, 6580, 40, 40, 40, 6580, 6580, 6580, 6580, 40, 40, 90, 1570, 17090, 90, 90, 90, 1570, 90, 850, 10, 930, 2250, 10, 2420, 2250, 3240, 90, 3240, 3240, 2250, 2420, 3240, 3240, 10, 2250, 10, 90, 10, 2250, 3160, 870, 60, 870, 870, 20, 3160, 60, 60, 3160, 3160, 60, 870, 3160, 870, 60, 40, 20, 41560, 20, 30, 20, 20, 20, 40, 890, 240, 480, 480, 480, 890, 480, 1110, 610, 610, 610, 480, 610, 610, 890, 890, 890, 20, 1270, 120, 1270, 20, 1270, 20, 1270, 20, 1270, 20, 710, 70, 90, 90, 70, 710, 710, 90, 90, 70, 710, 90, 70, 710, 70, 1200, 210, 1220, 3860, 1220, 30, 30, 30, 1200, 60, 1200, 1200, 3860, 210, 450, 1200, 30, 30, 3450, 290, 290, 2780, 290, 440, 290, 3450, 3450, 290, 3450, 3450, 6670, 330, 830, 310, 170, 10, 6670, 10090, 10090, 10, 310, 310, 310, 10090, 830, 6670, 310, 10090, 830, 6670, 10090, 830, 830, 6670, 10, 10, 10, 540, 20, 730, 170, 730, 170, 20, 730, 730, 730, 9760, 10, 10, 10, 9760, 10, 9760, 9760, 9760, 10, 30, 50, 10, 1740, 1740, 50, 50, 1070, 1740, 50, 1740, 10, 30, 1740, 30, 30, 30, 50, 230, 2850, 230, 10, 320, 230, 2850, 230, 230, 210, 0, 210, 210, 210, 210, 140, 1900, 710, 25750, 220, 710, 710, 130, 25750, 220, 130, 25750, 710, 130, 130, 25750, 710, 220, 130, 25750, 220, 220, 900, 240, 1340, 240, 1340, 900, 240, 1340, 240, 1340, 240, 1340, 900, 900, 900, 23250, 120, 33080, 3420, 70, 1270, 3420, 33080, 3420, 3420, 120, 3420, 33080, 33080, 33080, 580, 0, 580, 580, 580, 1220, 580, 2310, 450, 7690, 450, 2310, 450, 450, 450, 150, 100, 150, 150, 150, 150, 130, 90, 130, 210, 130, 130, 90, 130, 90, 90, 90, 280, 1550, 0, 5910, 0, 280, 360, 5910, 5910, 0, 5910, 280, 1550, 5910, 0, 280, 280, 0, 360, 3830, 50400, 650, 50400, 50400, 650, 0, 650, 3830, 3830, 50400, 650, 3830, 50400, 650, 3830, 1160, 10540, 6510, 10540, 1160, 140, 10540, 6510, 1160, 10540, 140, 6510, 1160, 6510, 140, 1160, 10540, 6510, 140, 140, 12550, 12550, 12550, 12550, 12550, 0, 50, 40, 50, 40, 3930, 0, 50, 40, 3930, 3930, 50, 50, 3930, 40, 3930, 0, 8700, 6350, 990, 750, 990, 750, 6350, 0, 8700, 750, 6350, 990, 0, 0, 8700, 750, 6350, 990, 8700, 750, 0, 6350, 990, 8700, 1710, 6630, 4420, 350, 350, 350, 6630, 350, 350, 4350, 3970, 3970, 3970, 160, 3970, 3970, 4350, 15850, 50, 15850, 950, 12030, 950, 950, 12030, 12030, 950, 12030, 12030, 950, 5450, 2010, 20, 750, 750, 2010, 750, 5450, 20, 750, 750, 5450, 5450, 5450, 160, 240, 10, 160, 10, 10, 160, 10, 160, 10, 160, 1460, 3060, 150, 1670, 3060, 3060, 90, 3060, 1670, 6050, 1670, 3060, 90, 150, 1670, 90, 150, 90, 90, 150, 1460, 150, 1670, 5570, 120, 5570, 120, 5570, 120, 5570, 120, 5570, 120, 280, 2870, 610, 2100, 270, 130, 5800, 10, 2870, 280, 280, 240, 2870, 610, 10, 10, 270, 2870, 280, 270, 5800, 610, 2870, 280, 270, 270, 610, 10, 610, 10, 180, 5110, 460, 1990, 5110, 180, 290, 180, 5110, 180, 5110, 180, 5110, 310, 30, 310, 310, 310, 310, 60, 60, 60, 60, 60, 2850, 1010, 2320, 21850, 450, 2320, 450, 220, 21850, 1010, 21850, 450, 1010, 450, 2320, 21850, 2320, 1010, 2850, 2320, 21850, 1010, 450, 570, 30, 1010, 1010, 30, 30, 1010, 570, 1010, 570, 1010, 30, 570, 570, 30, 630, 0, 630, 0, 0, 0, 2240, 1080, 610, 610, 2240, 10, 2240, 2240, 630, 630, 610, 2240, 610, 630, 20, 610, 0, 2520, 10720, 4680, 4680, 4680, 2520, 2520, 10720, 10720, 10720, 2520, 10720, 2520, 4680, 4680, 110, 1380, 1380, 1380, 1380, 1380, 60, 1410, 1410, 30, 60, 1410, 30, 1410, 30, 30, 60, 60, 1410, 60, 30, 3830, 1060, 3830, 1060, 3830, 3830, 1060, 1060, 3830, 1060, 40, 20, 20, 1620, 40, 40, 20, 20, 40, 20, 40, 3890, 270, 1040, 3890, 1040, 270, 3890, 1040, 1040, 3890, 3890, 1040, 35030, 2720, 120, 2310, 120, 120, 25600, 35030, 25600, 35030, 2720, 2720, 120, 35030, 35030, 2720, 2720, 120, 90, 760, 9680, 0, 480, 90, 90, 90, 90, 4800, 980, 0, 980, 4800, 4180, 980, 4800, 980, 4800, 980, 4800, 1260, 30, 30, 390, 390, 390, 30, 30, 1260, 30, 1260, 390, 2820, 1260, 390, 1260, 400, 15680, 300, 300, 300, 300, 540, 15680, 540, 15680, 540, 540, 15680, 540, 15680, 300, 670, 160, 160, 160, 160, 160, 1040, 500, 40, 90, 90, 90, 40, 40, 90, 40, 500, 90, 40, 40, 2890, 40, 140, 1080, 3130, 3130, 140, 2890, 40, 40, 3130, 1080, 140, 40, 2890, 40, 10810, 2890, 140, 10810, 40, 1080, 3130, 10810, 40, 40, 2890, 140, 1080, 3130, 40, 10810, 10810, 1080, 380, 10, 380, 380, 0, 380, 10, 0, 380, 0, 0, 0, 10, 190, 200, 0, 0, 200, 0, 0, 10, 10, 10, 0, 190, 10, 4290, 2890, 2400, 1900, 4290, 4290, 4290, 4290, 1240, 2920, 1240, 1240, 2920, 1240, 2920, 1240, 2920, 2920, 180, 2600, 6520, 440, 2600, 2600, 2600, 2600, 1120, 370, 670, 370, 2370, 670, 370, 370, 670, 670, 670, 370, 2380, 2020, 2080, 2050, 720, 210, 2050, 210, 2380, 2380, 2080, 2380, 2020, 210, 2050, 210, 2380, 2080, 2020, 210, 2080, 2020, 2050, 2080, 2020, 2050, 110, 2270, 110, 1650, 0, 110, 110, 110, 2270, 130, 10, 10, 10, 30, 30, 740, 10, 30, 10, 30, 60, 60, 60, 60, 1840, 60, 60, 210, 1500, 1700, 80, 310, 3150, 1700, 1700, 60, 2190, 80, 60, 3150, 310, 3150, 310, 3150, 310, 80, 60, 310, 1700, 3150, 80, 60, 80, 60, 1700, 310, 340, 340, 340, 1830, 10, 1830, 340, 1830, 1830, 340, 1830, 240, 240, 10090, 5850, 120, 340, 340, 340, 340, 340, 10, 5850, 170, 170, 170, 5850, 170, 170, 5850, 5850, 3750, 3750, 3750, 3750, 3750, 1500, 120, 1670, 260, 1500, 30, 1500, 260, 260, 1500, 260, 120, 260, 1500, 120, 120, 120, 30, 190, 0, 4010, 190, 190, 190, 190, 3050, 3050, 3050, 3050, 3050, 1520, 6580, 3830, 3830, 6580, 100, 6580, 1520, 3830, 6580, 1520, 3830, 1520, 6580, 1520, 3830, 5600, 1410, 10, 870, 80, 80, 10, 80, 80, 5600, 870, 10, 5600, 870, 10, 5600, 870, 5600, 10, 870, 80, 1690, 4560, 1690, 1690, 1690, 1690, 8030, 30, 1040, 170, 8030, 8030, 30, 30, 170, 30, 8030, 1040, 170, 170, 1040, 170, 30, 8030, 1040, 1040, 310, 370, 130, 1700, 310, 130, 310, 310, 130, 130, 310, 370, 130, 12550, 2950, 2950, 3160, 2950, 12550, 12550, 1440, 2950, 12550, 2950, 12550, 690, 1270, 1270, 1270, 1270, 1270, 270, 270, 50, 1470, 270, 270, 50, 270, 270, 50, 270, 1470, 50, 270, 270, 50, 270, 90, 240, 1220, 2860, 10, 1300, 290, 2860, 1300, 10, 10, 1300, 1300, 1300, 10, 2860, 2860, 10, 2860, 2950, 30, 10, 14740, 870, 30, 10, 14740, 2950, 2950, 870, 10, 30, 2950, 870, 10, 30, 14740, 870, 10, 30, 14740, 2950, 870, 14740, 170, 28410, 1740, 1740, 1740, 2420, 410, 1740, 1740, 28410, 28410, 28410, 28410, 1060, 7170, 7170, 1060, 20, 90, 7170, 1060, 7170, 7170, 1060, 1060, 380, 330, 20, 190, 190, 80, 330, 190, 20, 190, 80, 190, 80, 330, 80, 80, 20, 330, 330, 20, 20, 20, 130, 25620, 130, 130, 130, 130, 5020, 20, 1420, 1280, 810, 5020, 5020, 20, 20, 20, 5020, 20, 5020, 890, 130, 10, 10, 130, 10, 890, 890, 390, 11090, 10, 890, 130, 10, 890, 130, 130, 460, 40, 5030, 4740, 460, 460, 5030, 40, 5030, 4740, 460, 40, 40, 4740, 460, 5030, 40, 4740, 5030, 4740, 12040, 15410, 110, 12040, 160, 1190, 240, 1190, 12040, 15410, 1190, 12040, 15410, 160, 15410, 15410, 160, 1190, 12040, 160, 1190, 3370, 110, 160, 8250, 790, 10, 3280, 80, 1030, 1030, 3280, 790, 3280, 3280, 790, 8250, 3280, 790, 1030, 790, 1030, 1030, 10, 390, 30, 2710, 70, 2710, 2710, 70, 30, 70, 2710, 70, 30, 30, 30, 2710, 70, 50, 780, 80870, 50, 260, 80870, 50, 80870, 50, 260, 780, 80870, 260, 80870, 260, 50, 260, 810, 650, 20, 20, 3410, 1100, 80, 80, 20, 80, 3700, 3580, 1100, 1100, 1100, 20, 1100, 80, 20, 3410, 80, 1470, 2640, 400, 17350, 970, 2640, 100, 80, 100, 8200, 80, 460, 80, 80, 80, 8200, 100, 100, 100, 470, 9880, 9880, 300, 3170, 9880, 9880, 9880, 780, 780, 870, 3040, 20, 870, 20, 600, 870, 20, 20, 870, 3040, 20, 870, 590, 480, 590, 590, 590, 70, 590, 480, 480, 40, 70, 480, 40, 70, 40, 480, 40, 70, 40, 70, 2610, 50, 60, 50, 640, 60, 2610, 50, 2610, 50, 50, 2610, 60, 60, 2610, 60, 120, 1960, 40, 2520, 1960, 1960, 2520, 300, 2520, 2520, 1960, 1960, 2520, 1910, 40, 210, 400, 2270, 3970, 330, 210, 210, 3970, 0, 3970, 210, 3970, 2270, 400, 210, 400, 330, 2270, 3970, 2270, 400, 400, 2270, 340, 70, 340, 2710, 340, 70, 2710, 340, 70, 70, 340, 2710, 2710, 2710, 70, 290, 35870, 290, 290, 11260, 290, 290, 240, 4980, 830, 4980, 4980, 4980, 4980, 940, 20, 20, 940, 20, 20, 20, 940, 940, 940, 90, 300, 300, 2010, 2010, 2010, 90, 2010, 90, 2010, 90, 300, 90, 300, 300, 160, 2750, 2750, 2750, 2750, 20, 20, 20, 2750, 20, 20, 20, 70, 70, 100, 70, 70, 100, 100, 20, 100, 70, 460, 100, 780, 3210, 1640, 1930, 6570, 180, 3210, 1640, 1930, 180, 3210, 180, 180, 3210, 1640, 1640, 180, 3210, 1640, 14700, 140, 3750, 3750, 3750, 140, 140, 3750, 3750, 14700, 140, 14700, 140, 14700, 14700, 710, 0, 50, 120, 840, 120, 0, 11760, 120, 120, 2020, 6410, 11760, 120, 11760, 0, 11760, 11760, 0, 0, 50, 290, 290, 780, 80, 1220, 2390, 80, 11030, 400, 400, 50, 400, 400, 400, 650, 240, 60, 2460, 11420, 60, 2460, 60, 60, 2460, 60, 2460, 2460, 620, 560, 280, 560, 280, 1200, 2620, 560, 620, 560, 280, 1200, 560, 280, 1200, 280, 1200, 1200, 620, 620, 620, 60, 10, 540, 12360, 10, 10000, 10, 10, 10, 3640, 2320, 1600, 80, 80, 80, 80, 80, 1600, 4670, 30, 1520, 1520, 13890, 4670, 30, 4670, 30, 1520, 30, 1520, 4670, 30, 4670, 1520, 520, 91350, 1640, 1890, 270, 1640, 91350, 1640, 1890, 91350, 1640, 91350, 1640, 91350, 40, 6060, 2430, 110, 40, 1310, 60, 6060, 1310, 40, 6060, 40, 6060, 1310, 40, 6060, 1310, 1310, 70, 370, 70, 70, 5910, 370, 5910, 70, 5910, 5910, 5910, 70, 20, 780, 1270, 640, 1270, 20, 400, 3970, 20, 780, 400, 20, 1270, 20, 110, 1270, 20, 400, 780, 1270, 20, 400, 780, 20, 400, 780, 20, 20, 2580, 30, 30, 30, 2580, 2580, 2580, 30, 2580, 30, 9120, 2810, 360, 11110, 360, 9120, 11110, 0, 11110, 11110, 2810, 9120, 11110, 360, 360, 9120, 360, 9120, 16170, 16170, 16170, 16170, 16170, 420, 3190, 5070, 60, 2300, 60, 11520, 3190, 420, 60, 60, 60, 3190, 20, 3190, 3190, 370, 2370, 1810, 800, 15460, 490, 2370, 15460, 20, 1810, 15460, 1810, 490, 490, 15460, 2370, 1810, 490, 15460, 2370, 1810, 490, 2370, 6720, 1800, 160, 50, 50, 50, 6720, 6720, 160, 160, 50, 1800, 6720, 50, 160, 6720, 160, 10, 220, 20, 10, 220, 1610, 20, 10, 220, 220, 20, 10, 20, 10, 220, 20, 5430, 5430, 5430, 5430, 5430, 3140, 3140, 3140, 3140, 3140, 160, 13340, 700, 2810, 2960, 2960, 13340, 2960, 2810, 13340, 700, 700, 2960, 160, 13340, 700, 2960, 2810, 700, 2810, 13340, 2810, 110, 110, 110, 70, 2020, 70, 110, 110, 70, 70, 70, 260, 40, 260, 40, 260, 260, 40, 260, 40, 40, 3340, 1940, 240, 540, 3340, 540, 3340, 3200, 540, 1940, 240, 3340, 540, 3200, 540, 1940, 1940, 3340, 3200, 1940, 3200, 3200, 2000, 3010, 8030, 3010, 3010, 3100, 2000, 2000, 3010, 2000, 2000, 3010, 130, 90, 230, 4000, 910, 10, 230, 190, 10, 230, 910, 10, 130, 910, 90, 130, 130, 910, 4000, 4000, 230, 10, 910, 130, 4000, 4000, 230, 10, 90, 260, 2420, 10, 2420, 1810, 10, 260, 10, 10, 260, 1810, 260, 90, 1810, 1810, 2420, 10, 260, 2420, 90, 1810, 90, 90, 2420, 650, 1840, 1460, 55690, 1460, 3550, 1840, 650, 1840, 650, 650, 1460, 650, 1840, 1840, 1460, 1460, 60, 140, 60, 60, 60, 60, 590, 5890, 30, 590, 5890, 590, 590, 5890, 40, 5890, 590, 30, 5890, 40, 40, 40, 40, 2880, 20, 490, 20, 2880, 490, 490, 2880, 20, 490, 2880, 490, 2880, 20, 20, 520, 30, 160, 5580, 30, 13890, 3500, 520, 30, 5580, 30, 13890, 5580, 30, 5580, 520, 5580, 520, 160, 520, 150, 2180, 7420, 7420, 7420, 60, 80, 60, 60, 150, 150, 7420, 60, 150, 150, 7420, 60, 3600, 3600, 13360, 3600, 3600, 3600, 50, 50, 50, 50, 50, 50, 50, 50, 50, 50, 60, 990, 60, 990, 60, 60, 990, 60, 990, 180, 990, 840, 1370, 490, 2370, 410, 20, 840, 3610, 3610, 410, 2370, 3610, 410, 2370, 410, 2370, 3610, 20, 840, 410, 2370, 3610, 840, 840, 100, 6030, 6030, 6030, 100, 6030, 100, 6030, 100, 100, 2230, 3130, 61220, 660, 180, 180, 660, 7270, 61220, 660, 660, 2230, 3130, 61220, 180, 180, 180, 61220, 660, 61220, 60, 1120, 3060, 3060, 3060, 3060, 3060, 730, 90, 2290, 90, 1160, 90, 2290, 2290, 20, 2290, 2290, 90, 90, 0, 580, 410, 0, 0, 440, 0, 0, 410, 580, 410, 410, 410, 20, 60, 3240, 62850, 40, 62850, 62850, 60, 62850, 62850, 3240, 30630, 370, 370, 370, 370, 370, 60, 1000, 60, 690, 2180, 90, 690, 690, 60, 60, 690, 690, 60, 10, 4770, 520, 10, 520, 100, 10, 10, 10, 10, 520, 520, 10, 10, 520, 10, 10, 730, 8340, 730, 730, 8340, 8340, 730, 8340, 730, 8340, 23310, 40, 40, 1850, 4340, 240, 1840, 240, 4340, 4340, 4340, 4340, 670, 6480, 290, 3720, 290, 290, 290, 290, 1460, 250, 370, 1460, 2040, 1460, 1460, 1460, 180, 170, 6340, 20, 70, 6340, 8200, 3150, 180, 20, 6340, 170, 180, 30, 880, 8200, 3150, 20, 170, 180, 170, 3150, 3150, 8200, 20, 8200, 8200, 6340, 20, 170, 6340, 3150, 180, 110, 560, 260, 10, 6340, 710, 710, 110, 10, 710, 6340, 10, 110, 710, 6340, 10, 110, 10, 110, 6340, 6340, 710, 28610, 28610, 300, 28610, 28610, 28610, 240, 6480, 1370, 70, 6480, 1370, 20, 6480, 1370, 70, 6480, 1370, 240, 70, 6480, 1370, 70, 70, 2310, 2310, 3830, 1090, 2310, 2430, 2310, 2310, 50, 2460, 6670, 1110, 270, 50, 1110, 50, 6670, 2460, 6670, 1110, 1110, 2460, 50, 2460, 50, 6670, 1110, 590, 2460, 6670, 4830, 250, 4830, 9060, 4830, 4830, 250, 250, 250, 4830, 250, 280, 180, 70, 70, 70, 280, 180, 280, 280, 280, 180, 70, 180, 180, 70, 90, 240, 50, 2580, 40, 1810, 1810, 40, 40, 240, 2580, 50, 40, 90, 40, 1810, 50, 50, 1810, 50, 1810, 380, 1490, 380, 180, 180, 180, 180, 180, 1460, 1460, 1460, 1460, 1460, 8000, 10, 20, 20, 1720, 20, 10, 10, 10, 10, 100, 10, 20, 10, 8000, 20, 100, 10, 100, 100, 20, 100, 20, 10, 10, 90, 160, 1200, 90, 160, 1200, 1200, 160, 1200, 90, 1200, 90, 160, 160, 90, 20, 180, 2460, 5030, 1570, 240, 4500, 10, 2700, 2700, 49690, 5030, 5030, 240, 20, 10, 1570, 20, 180, 2700, 5030, 240, 20, 180, 2460, 5030, 240, 1570, 4500, 10, 20, 180, 2460, 2700, 10, 2460, 240, 2700, 10, 10, 1570, 180, 2480, 2460, 1570, 10, 1110, 15110, 1390, 20, 140, 20, 460, 20, 1390, 1390, 460, 1390, 460, 15110, 1390, 20, 15110, 15110, 20, 460, 15110, 200, 4050, 200, 4050, 200, 4050, 200, 4050, 200, 4050, 870, 2030, 20, 2030, 2030, 20, 870, 870, 20, 2030, 2030, 870, 20, 870, 20, 810, 8510, 6040, 2700, 2360, 2360, 6040, 2360, 8510, 2700, 810, 2560, 2360, 6040, 8510, 2700, 810, 6040, 8510, 2700, 810, 8510, 2700, 810, 2360, 6040, 20, 9070, 9070, 9070, 9070, 9070, 1450, 1450, 530, 1990, 330, 700, 30, 530, 30, 530, 1010, 4170, 700, 30, 700, 330, 1010, 4170, 1990, 1010, 330, 30, 1990, 530, 330, 1010, 4170, 1990, 700, 530, 30, 1010, 4170, 1990, 4170, 700, 330, 780, 780, 110, 130, 780, 130, 110, 110, 130, 110, 780, 130, 130, 110, 780, 30, 350, 60, 350, 60, 30, 60, 350, 200, 350, 30, 60, 30, 350, 60, 30, 280, 130, 430, 430, 430, 3140, 1510, 2380, 430, 430]"
2020-11-03 15:20:00+00:00,13089860,7,4227.0,"[3960, 20200, 180, 4700, 20200, 3960, 3960, 3960, 3960, 10, 3140, 120, 3140, 50, 2300, 120, 120, 120, 120, 120, 50, 120, 120, 2300, 120, 50, 50, 120, 3140, 50, 3140, 3140, 250, 330, 330, 330, 330, 250, 330, 150, 40, 10, 150, 30, 600, 2430, 600, 30, 2430, 150, 650, 70, 2430, 150, 650, 300, 10, 650, 650, 600, 30, 2430, 10, 600, 2430, 10, 150, 650, 10, 600, 30, 30, 40, 260, 290, 290, 260, 290, 260, 290, 290, 9440, 3950, 290, 290, 9440, 9440, 260, 290, 9440, 260, 290, 290, 9440, 290, 690, 50, 690, 690, 290, 690, 690, 1390, 920, 160, 920, 920, 920, 920, 100, 1640, 260, 1640, 260, 100, 260, 100, 1640, 100, 1640, 260, 100, 1640, 260, 3880, 180, 50, 50, 3880, 50, 50, 50, 820, 730, 3200, 730, 730, 3200, 3200, 730, 3200, 820, 10, 3200, 730, 37010, 2030, 120, 37010, 1370, 37010, 120, 37010, 120, 1370, 2030, 120, 120, 2030, 2030, 37010, 2030, 70, 20, 20, 70, 210, 70, 70, 210, 20, 210, 210, 20, 20, 70, 210, 2560, 1060, 30, 2560, 2560, 1690, 1690, 1690, 30, 13050, 30, 310, 2560, 1690, 30, 1060, 1690, 30, 1060, 1060, 1060, 2560, 180, 180, 180, 180, 180, 250, 250, 250, 250, 250, 310, 4190, 240, 5700, 160, 240, 310, 240, 90, 10, 180, 160, 240, 310, 160, 240, 310, 160, 310, 160, 100, 48480, 1730, 12770, 150, 10, 1160, 1730, 1160, 1160, 12770, 510, 12770, 48480, 48480, 12770, 1160, 150, 100, 1730, 48480, 12770, 1730, 48480, 1730, 1160, 10, 14330, 30, 50, 13800, 2670, 3140, 13800, 3140, 50, 13800, 14330, 13800, 14330, 40, 1710, 3140, 3140, 14330, 3140, 50, 30, 2670, 14330, 13800, 50, 50, 2420, 60, 90, 2420, 2420, 2420, 2420, 3160, 1000, 4110, 1000, 1250, 0, 1250, 1000, 1250, 4110, 4110, 1000, 1250, 4110, 1000, 1250, 4110, 2360, 20, 20, 20, 84800, 3790, 10, 30, 84800, 84800, 84800, 84800, 20, 20, 240, 5700, 5700, 5700, 5700, 5700, 820, 820, 820, 820, 820, 1480, 110, 1420, 460, 3880, 20, 1480, 110, 110, 1480, 20, 1480, 20, 110, 20, 1480, 20, 16370, 110, 50, 5580, 50, 5580, 50, 50, 50, 3800, 40, 40, 1560, 40, 1560, 1560, 3800, 6390, 40, 3800, 40, 6390, 6390, 1560, 6390, 3800, 1560, 3800, 6390, 1030, 360, 940, 1030, 1030, 940, 1030, 1030, 940, 2670, 940, 940, 3970, 210, 20, 210, 300, 520, 210, 520, 210, 300, 1430, 210, 300, 3970, 520, 300, 300, 520, 520, 240, 1840, 4980, 1080, 4980, 4980, 4980, 1840, 4980, 1840, 1840, 1840, 90, 100, 2740, 710, 710, 710, 90, 90, 90, 710, 100, 90, 710, 920, 90, 440, 40, 920, 1810, 0, 920, 90, 40, 920, 90, 2220, 920, 40, 440, 40, 90, 40, 90, 20, 1030, 6240, 0, 280, 0, 3760, 150, 6240, 0, 6240, 0, 6240, 280, 6240, 20, 20, 0, 20, 20, 10390, 4310, 170, 10390, 10390, 170, 4310, 4310, 70, 10390, 170, 4310, 10390, 170, 4310, 170, 2190, 10, 20040, 12550, 570, 20040, 10, 10, 570, 20040, 20040, 10, 20040, 570, 570, 10, 570, 2360, 190, 2160, 1480, 1650, 2160, 2160, 860, 2160, 2160, 40, 10, 10, 10, 40, 10, 10, 71680, 640, 18770, 1100, 1560, 1560, 1100, 1560, 18770, 71680, 910, 1560, 1100, 18770, 1100, 71680, 18770, 71680, 71680, 1560, 18770, 1100, 1120, 1120, 1120, 1120, 1120, 1200, 420, 20, 520, 520, 20, 520, 1200, 20, 520, 1200, 20, 1200, 20, 1200, 520, 40, 8510, 1160, 710, 750, 2670, 2670, 280, 2670, 750, 240, 750, 710, 710, 750, 280, 2670, 280, 750, 280, 2670, 710, 280, 8510, 710, 8510, 8510, 8510, 240, 4030, 2160, 40, 50, 40, 790, 40, 4030, 4030, 40, 2160, 4030, 40, 4030, 3270, 2210, 2210, 170, 170, 2210, 170, 3270, 0, 3270, 340, 10, 1870, 3270, 2210, 170, 170, 3270, 2210, 350, 6250, 110, 100, 110, 110, 110, 110, 80, 30, 2850, 5710, 40, 230, 230, 230, 10, 230, 80, 230, 40, 5710, 2850, 80, 5710, 9230, 30, 2850, 230, 40, 30, 5710, 80, 230, 230, 2850, 230, 30, 5710, 80, 2850, 230, 40, 30, 40, 700, 0, 150, 700, 130, 700, 0, 10, 0, 0, 700, 0, 150, 700, 4150, 2890, 1230, 1230, 1230, 1230, 1230, 4180, 4720, 4180, 140, 4180, 140, 4180, 140, 140, 4180, 4720, 140, 1140, 1140, 1140, 1140, 1140, 20, 650, 430, 3040, 650, 80, 210, 430, 650, 3040, 430, 3040, 430, 3040, 430, 80, 650, 3040, 650, 330, 1060, 1060, 160, 330, 1060, 160, 330, 16990, 2940, 160, 1060, 160, 330, 1060, 160, 330, 1530, 80, 70, 80, 1530, 1530, 1530, 80, 1530, 80, 80, 12550, 14340, 12550, 12550, 180, 12550, 12550, 220, 6010, 20, 80, 750, 60, 80, 80, 1530, 60, 20, 80, 60, 80, 1530, 80, 6010, 20, 1530, 20, 80, 60, 80, 1530, 20, 6010, 80, 1530, 80, 6010, 6010, 60, 1850, 2300, 18980, 8500, 8500, 2300, 160, 540, 2500, 2780, 2500, 540, 300, 540, 540, 160, 540, 160, 2500, 160, 2500, 160, 2500, 10, 2920, 1100, 2920, 10, 1100, 3860, 10, 10, 2920, 1100, 10, 2920, 1100, 2920, 1100, 1850, 90, 1620, 1620, 1620, 460, 1620, 1620, 1850, 90, 820, 750, 80, 1110, 220, 80, 80, 820, 3920, 820, 750, 820, 820, 80, 80, 14600, 16740, 16740, 16740, 14600, 90, 14600, 14600, 14600, 16740, 16740, 2080, 630, 0, 0, 0, 0, 0, 3820, 2810, 1010, 100, 1470, 1010, 440, 5440, 1090, 1090, 5440, 440, 5440, 1090, 440, 1010, 1010, 40, 190, 1010, 5440, 440, 1010, 1090, 1090, 5440, 440, 210, 850, 850, 4450, 7850, 850, 850, 850, 280, 910, 19420, 2770, 1200, 3360, 3360, 3360, 3360, 3360, 50, 870, 20, 240, 50, 50, 870, 240, 870, 50, 240, 30, 870, 870, 50, 240, 240, 50, 30, 4720, 50, 400, 50, 400, 400, 50, 40, 130, 4360, 400, 400, 4720, 4720, 4720, 30, 4720, 50, 30, 3560, 200, 3560, 30, 3560, 140, 340, 200, 30, 3560, 200, 200, 200, 30, 30, 3560, 470, 260, 260, 1980, 1950, 260, 260, 260, 2870, 750, 10, 80, 600, 3930, 10480, 30, 3790, 80, 30, 80, 3930, 970, 790, 30, 80, 30, 3930, 80, 30, 3930, 3930, 20, 10, 1450, 60, 20, 1450, 20, 10, 1450, 20, 10, 10, 10, 10, 10, 1450, 1450, 20, 4280, 4280, 4280, 4280, 4280, 0, 0, 0, 0, 0, 680, 180, 2010, 11920, 2010, 3150, 240, 180, 3150, 2010, 11920, 240, 11920, 240, 2980, 180, 3150, 11920, 180, 3150, 11920, 240, 3150, 180, 2010, 240, 2010, 500, 140, 0, 140, 1130, 140, 0, 1790, 140, 140, 1130, 0, 2650, 2650, 1130, 2650, 1130, 2650, 1130, 2650, 500, 5810, 23250, 5810, 23250, 5810, 23250, 23250, 5810, 23250, 5810, 1270, 220, 560, 1750, 1750, 560, 550, 560, 550, 560, 550, 560, 220, 1750, 1750, 550, 1750, 550, 290, 2010, 110, 110, 110, 110, 110, 2980, 390, 340, 2980, 340, 1070, 50, 340, 2980, 340, 2980, 2980, 340, 11100, 3270, 780, 380, 2670, 50, 2670, 50, 11100, 780, 2670, 50, 780, 3270, 11100, 11100, 2670, 50, 3270, 2670, 50, 3270, 780, 3270, 780, 150, 1620, 150, 150, 9450, 9450, 1620, 150, 620, 9450, 1620, 9450, 1620, 1620, 9450, 150, 14890, 570, 14890, 140, 14890, 14890, 570, 14890, 12680, 180, 12680, 180, 12680, 180, 180, 180, 12680, 12680, 300, 590, 1030, 210, 70, 210, 590, 590, 590, 300, 210, 210, 590, 210, 14890, 2640, 450, 60, 610, 610, 60, 610, 610, 23800, 610, 2340, 23000, 2560, 2340, 60, 2140, 60, 1260, 40, 2140, 40, 3500, 90, 40, 40, 90, 2140, 40, 90, 2140, 60, 2340, 1260, 90, 60, 2340, 90, 2140, 1260, 1260, 60, 2340, 1260, 880, 10300, 18740, 1230, 1890, 60, 10, 20, 60, 20, 10300, 1890, 10, 60, 20, 10300, 10300, 60, 20, 10300, 18740, 60, 20, 20, 280, 20, 0, 180, 180, 6500, 0, 0, 180, 180, 0, 0, 180, 20, 20, 910, 360, 910, 20, 5890, 910, 20, 910, 910, 20, 1270, 30, 30, 1270, 30, 1270, 30, 30, 1270, 1270, 2050, 8230, 10, 2820, 2820, 10, 8230, 8230, 7370, 10, 2820, 2820, 8230, 2050, 10, 2820, 8230, 10, 1030, 1030, 1030, 1030, 1030, 3320, 9560, 0, 20, 3320, 330, 9560, 3320, 9560, 330, 180, 0, 330, 3320, 9560, 330, 3320, 9560, 0, 0, 330, 0, 4130, 2900, 4130, 250, 4130, 2900, 4130, 2900, 4130, 2900, 2900, 1900, 20, 20, 20, 20, 20, 16950, 4480, 20, 40, 4480, 20, 4480, 20, 4480, 20, 4480, 20, 2010, 590, 2390, 2460, 2460, 20, 180, 10, 180, 13720, 10, 20, 20, 180, 10, 1180, 13720, 180, 20, 10, 13720, 180, 20, 10, 13720, 13720, 80, 2220, 140, 15340, 100, 100, 2220, 5470, 5470, 100, 5470, 80, 15340, 2220, 100, 15340, 80, 2220, 5470, 15340, 80, 2220, 140, 5470, 15340, 80, 4990, 100, 80, 1940, 10290, 1940, 1940, 10290, 1940, 80, 10290, 10290, 10290, 1940, 1250, 130, 130, 130, 130, 5980, 140, 130, 340, 130, 10, 30, 6970, 710, 1310, 10, 30, 10, 130, 340, 1310, 130, 340, 30, 30, 1310, 340, 30, 10, 130, 340, 1310, 10, 130, 1310, 430, 2470, 1210, 430, 130, 190, 10, 2470, 430, 2470, 1210, 430, 2470, 130, 190, 1210, 430, 2470, 10, 430, 130, 190, 430, 130, 190, 1210, 130, 190, 1210, 5160, 100, 70, 40, 70, 5160, 40, 40, 70, 5160, 40, 70, 5160, 40, 5160, 70, 1900, 210, 210, 1900, 250, 1900, 210, 110, 250, 250, 210, 1900, 250, 210, 1900, 250, 40, 40, 40, 40, 40, 12560, 1730, 8110, 1730, 1730, 8110, 8110, 4800, 80, 1730, 8110, 8110, 1730, 2470, 40, 3470, 70, 30130, 2470, 500, 2010, 2010, 500, 40, 500, 70, 70, 30, 40, 2010, 70, 500, 2470, 500, 2470, 2010, 70, 40, 2470, 2010, 40, 2100, 720, 9450, 720, 2100, 720, 9450, 9450, 2100, 9450, 2100, 9450, 2100, 720, 720, 40, 240, 1060, 50, 40, 50, 40, 40, 50, 260, 40, 260, 8260, 260, 240, 260, 40, 260, 50, 50, 3080, 2100, 30, 30, 3080, 2100, 3080, 2100, 3080, 2100, 3080, 2100, 30, 30, 4720, 4070, 440, 1150, 1080, 1080, 1250, 1250, 1150, 1080, 1150, 1250, 440, 4070, 1080, 1150, 1080, 1250, 1250, 1150, 30, 20, 80, 80, 2000, 80, 30, 2000, 30, 2000, 30, 2000, 80, 2000, 80, 30, 270, 6340, 250, 3320, 770, 3320, 6340, 6340, 2170, 60, 770, 3320, 270, 770, 6340, 3320, 270, 770, 270, 770, 3320, 270, 6340, 250, 2680, 2680, 2940, 2940, 1900, 210, 10, 2940, 2680, 200, 10, 2940, 10, 2940, 2680, 10, 10, 2680, 140, 90, 90, 140, 1170, 140, 140, 90, 90, 140, 90, 0, 140, 70, 140, 70, 0, 70, 70, 140, 0, 20, 0, 140, 0, 140, 70, 1600, 280, 5480, 2710, 1600, 1600, 1600, 1600, 5920, 2080, 280, 11020, 2500, 5920, 5920, 2080, 5920, 5920, 5000, 140, 20, 20, 5000, 220, 5000, 20, 20, 5000, 5000, 20, 20520, 390, 390, 390, 180, 390, 390, 60, 50, 1620, 50, 50, 3890, 50, 50, 0, 80, 80, 80, 190, 80, 80, 0, 0, 10, 0, 0, 1830, 6490, 70, 20, 760, 70, 760, 70, 20, 6490, 6490, 20, 6490, 760, 70, 6490, 20, 760, 70, 760, 20, 50, 150, 120, 120, 50, 120, 120, 150, 50, 150, 120, 150, 150, 50, 50, 50, 50, 180, 80, 8110, 11420, 80, 30, 130, 850, 30, 680, 8110, 30, 8110, 30, 680, 11420, 680, 8110, 8110, 30, 680, 680, 60, 6110, 6110, 60, 60, 6110, 40, 60, 6110, 6110, 60, 20, 120, 2120, 260, 6960, 260, 6960, 2120, 260, 6960, 590, 2120, 6960, 260, 6960, 2120, 2120, 260, 240, 2620, 70, 10150, 180, 180, 70, 70, 60, 180, 70, 180, 70, 180, 2700, 1030, 2700, 7850, 1030, 1030, 190, 2700, 1030, 1030, 2700, 7850, 320, 3840, 7850, 2700, 7850, 7850, 640, 640, 640, 11420, 640, 640, 20, 260, 1380, 1380, 20, 260, 1380, 260, 20, 1380, 20, 260, 1380, 20, 260, 20, 0, 780, 1810, 20, 1810, 20, 1810, 780, 20, 1810, 0, 0, 20, 710, 0, 1810, 0, 860, 2890, 10, 10, 6040, 860, 860, 10, 210, 860, 10, 10, 60, 860, 210, 210, 210, 210, 210, 380, 14620, 20, 780, 80, 14620, 80, 14620, 80, 1070, 20, 80, 14620, 14620, 80, 20, 780, 20, 20, 20, 80, 20, 20, 2760, 2380, 0, 550, 2380, 2380, 0, 20, 2760, 0, 270, 2380, 0, 20, 550, 2380, 0, 20, 550, 2760, 2760, 20, 550, 2760, 550, 220, 5850, 90, 30, 220, 5050, 220, 90, 30, 30, 5850, 30, 90, 25430, 30, 5050, 90, 5850, 25430, 90, 25430, 220, 25430, 220, 5850, 5850, 25430, 50, 260, 510, 640, 50, 260, 510, 20, 60, 50, 50, 50, 2730, 40, 9470, 70, 60, 9470, 1460, 230, 9470, 40, 1460, 9470, 230, 70, 230, 40, 1460, 230, 40, 1460, 9470, 70, 40, 70, 70, 230, 1460, 5160, 240, 130, 5160, 5160, 130, 130, 4980, 130, 5160, 130, 40, 5160, 240, 9190, 420, 80, 890, 80, 9190, 80, 9190, 60, 80, 9190, 80, 9190, 420, 10, 4090, 50, 290, 230, 1940, 290, 290, 290, 290, 460, 70, 1670, 3100, 11140, 480, 200, 3100, 480, 100, 100, 480, 1670, 3100, 100, 480, 200, 100, 200, 3100, 100, 480, 3100, 200, 200, 180, 1250, 70, 10, 10, 1750, 0, 0, 0, 0, 10, 10, 70, 0, 70, 10, 70, 70, 20, 1260, 2410, 1110, 20, 3120, 2410, 1260, 20, 2410, 1260, 20, 2410, 2410, 1260, 1260, 20, 34250, 370, 980, 30, 30, 30, 34250, 34250, 30, 34250, 980, 34250, 30, 13560, 120, 180, 120, 1820, 13560, 13560, 1820, 13560, 1820, 120, 13560, 1820, 180, 120, 1820, 120, 10, 340, 340, 10, 10, 340, 340, 10, 340, 10, 20, 4490, 4720, 4720, 4720, 20, 4720, 4490, 20, 4720, 20, 20, 520, 2800, 2800, 520, 10360, 520, 520, 2800, 10360, 10360, 2800, 520, 2800, 10360, 10360, 1930, 4690, 4690, 4690, 4690, 4690, 300, 1460, 400, 590, 1700, 20, 20, 5100, 20, 20, 1460, 1700, 400, 1700, 5100, 1460, 1700, 400, 5100, 20, 1700, 5100, 5100, 400, 1460, 1460, 400, 2920, 40, 690, 40, 0, 2760, 0, 40, 40, 0, 2760, 40, 690, 0, 40, 2760, 40, 450, 40, 2760, 40, 40, 0, 2760, 80, 180, 180, 180, 180, 180, 890, 190, 8660, 8660, 8660, 890, 8660, 890, 8660, 890, 890, 520, 3130, 3130, 60, 3130, 3130, 3130, 380, 1180, 380, 380, 380, 380, 2870, 300, 300, 110, 2010, 390, 60, 770, 770, 60, 770, 770, 110, 390, 60, 110, 390, 2010, 2010, 770, 390, 2010, 110, 60, 390, 2010, 110, 60, 3910, 1310, 70, 20, 20, 20, 3910, 3910, 20, 1310, 70, 3910, 70, 1310, 3910, 20, 70, 1310, 70, 1310, 1380, 460, 570, 140, 290, 270, 530, 140, 2510, 10, 2170, 570, 270, 530, 140, 2170, 2510, 530, 6560, 10, 270, 1380, 570, 460, 530, 140, 2170, 530, 10, 2510, 2170, 10, 290, 2510, 2170, 270, 10, 2510, 570, 270, 140, 570, 1550, 80, 1550, 80, 80, 4740, 80, 80, 1550, 1550, 1550, 4230, 4230, 4230, 4230, 4230, 5100, 300, 110, 5880, 5880, 300, 300, 130, 300, 1310, 300, 5880, 1310, 1310, 1310, 5880, 1310, 5880, 550, 9450, 2480, 550, 9450, 9450, 550, 2480, 550, 9450, 2480, 9450, 2480, 2480, 550, 1240, 490, 7860, 1130, 40, 3770, 40, 40, 40, 40, 3770, 420, 120, 120, 120, 120, 120, 52680, 4090, 150, 150, 150, 52680, 150, 52680, 52680, 52680, 150, 20, 1080, 460, 780, 20, 20, 460, 780, 1080, 20, 460, 780, 200, 1080, 780, 1080, 1080, 20, 460, 780, 20, 460, 6390, 1820, 4500, 3080, 350, 6520, 350, 360, 4500, 4500, 350, 6390, 6390, 4500, 350, 360, 4500, 350, 6390, 6390, 1120, 2040, 720, 2040, 1120, 1120, 2040, 2040, 2040, 1120, 1120, 150, 300, 150, 150, 300, 300, 300, 300, 150, 150, 30, 2660, 30, 30, 30, 30, 1930, 700, 80, 480, 1470, 80, 1470, 1470, 1470, 80, 1930, 1470, 80, 80, 590, 280, 6000, 49570, 110, 590, 160, 2060, 160, 590, 590, 160, 590, 160, 6000, 160, 4260, 1610, 60, 4260, 4260, 1610, 60, 4260, 790, 1610, 1610, 60, 4260, 60, 1610, 60, 3310, 70, 1090, 1540, 1090, 1540, 3310, 3310, 1540, 1090, 1090, 3310, 3310, 1540, 1090, 1540, 600, 8690, 9980, 410, 9980, 410, 8690, 9980, 780, 50, 9980, 410, 8690, 9980, 410, 8690, 410, 8690, 1160, 1160, 120, 4130, 240, 120, 4100, 70, 4130, 120, 4130, 120, 70, 120, 4130, 70, 70, 70, 4130, 120, 1610, 570, 570, 2300, 1610, 570, 570, 570, 4220, 350, 120, 350, 960, 1570, 1570, 1570, 960, 1930, 1830, 960, 1570, 960, 960, 1570, 1170, 3930, 4740, 1170, 4740, 1170, 10, 4080, 2390, 3930, 3930, 10, 4740, 10, 4740, 4080, 2390, 1170, 4740, 1170, 10, 1110, 3930, 3930, 10, 140, 40, 1020, 40, 1020, 40, 40, 1020, 40, 1020, 1020, 80, 660, 1920, 730, 230, 970, 730, 40, 660, 230, 80, 730, 230, 660, 730, 1920, 1290, 230, 970, 1920, 1920, 230, 80, 730, 1920, 80, 80, 660, 660, 140, 140, 140, 40, 120, 40, 40, 140, 40, 120, 140, 140, 40, 170, 1080, 4140, 4140, 1270, 170, 1080, 4140, 1080, 4140, 170, 1080, 170, 4140, 1080, 170, 280, 180, 180, 180, 180, 180, 3290, 40, 4580, 190, 40, 4580, 40, 190, 40, 40, 2790, 100, 2040, 2040, 100, 100, 100, 2040, 100, 2040, 2820, 2040, 60, 410, 16960, 510, 30, 80, 16960, 510, 60, 16960, 60, 410, 510, 510, 60, 510, 60, 16960, 16960, 2110, 90, 90, 2140, 90, 90, 2140, 90, 2140, 1360, 2140, 2140, 850, 12560, 52960, 30, 30, 12560, 52960, 52960, 7780, 30, 52960, 850, 12560, 30, 52960, 12560, 310, 30, 760, 12560, 60, 160, 160, 60, 8280, 50, 160, 8280, 60, 8280, 160, 60, 160, 8280, 60, 8280, 260, 12080, 1950, 12080, 2250, 1620, 6410, 90, 20, 2250, 90, 20, 550, 280, 20, 1620, 90, 2250, 20, 1620, 90, 2250, 20, 90, 2250, 1620, 1620, 1370, 11920, 1370, 11920, 11920, 1370, 1370, 11920, 11920, 1370, 3060, 10, 3060, 3060, 3060, 10, 3060, 0, 2180, 9450, 70, 500, 500, 4090, 70, 9450, 100, 70, 4090, 4090, 9450, 70, 4090, 500, 500, 4090, 500, 9450, 9450, 70, 1350, 90, 40, 540, 130, 100, 90, 100, 100, 90, 540, 100, 90, 40, 100, 90, 1350, 540, 40, 130, 540, 40, 540, 40, 8590, 6460, 39540, 10, 8590, 6460, 6460, 39540, 0, 39540, 8590, 10, 6460, 39540, 6460, 8590, 39540, 8590, 0, 280, 19800, 460, 460, 20, 270, 0, 460, 280, 180, 0, 0, 460, 20, 280, 19800, 460, 280, 270, 280, 270, 0, 270, 270, 10, 3930, 0, 3930, 3930, 10, 1360, 10, 0, 50, 10, 50, 10, 3930, 50, 50, 5510, 3930, 50, 10, 180, 2460, 4320, 2460, 180, 2460, 180, 4320, 2460, 180, 4320, 2460, 180, 4320, 3460, 3160, 90, 740, 0, 3760, 740, 160, 3460, 0, 3160, 740, 3760, 740, 740, 190, 0, 10, 400, 2460, 35030, 0, 0, 10, 400, 0, 400, 2460, 2460, 10, 2460, 10, 400, 400, 2460, 10, 0, 160, 3060, 570, 300, 3060, 300, 3060, 300, 570, 3060, 300, 570, 3420, 620, 190, 570, 570, 300, 3060, 1240, 130, 390, 1240, 130, 1240, 1240, 130, 1240, 130, 130, 410, 30, 50, 100, 100, 30, 50, 100, 50, 50, 20, 100, 100, 50, 410, 11860, 150, 2240, 1200, 200, 210, 20, 1200, 150, 1200, 11860, 2240, 20, 150, 11860, 20, 210, 210, 210, 20, 11860, 2240, 2240, 1200, 11860, 150, 2240, 210, 20, 150, 1200, 1570, 220, 5260, 1260, 1260, 90, 90, 220, 220, 90, 220, 1260, 90, 220, 1260, 90, 1260, 5260, 370, 70, 370, 5080, 370, 370, 100, 70, 370, 5080, 5080, 70, 370, 100, 5080, 70, 370, 100, 100, 5080, 100, 70, 370, 370, 370, 3070, 10, 6460, 10, 10, 10, 10, 14670, 570, 570, 570, 570, 14670, 14670, 570, 14670, 14670, 220, 160, 160, 160, 160, 160, 60, 60, 20, 60, 60, 60, 1860, 1220, 120, 1220, 1220, 1860, 6460, 1860, 1220, 1860, 1220, 1860, 30, 2800, 5380, 30, 2230, 150, 2230, 2230, 150, 2230, 150, 150, 150, 2230, 10, 120, 120, 120, 10, 1790, 10, 120, 10, 120, 10, 3080, 410, 15920, 15920, 410, 15920, 410, 410, 15920, 410, 15920, 5400, 1390, 1390, 5400, 1390, 5400, 50, 1390, 5400, 1390, 5400, 15800, 220, 170, 170, 170, 15800, 220, 40, 930, 170, 15800, 220, 170, 220, 15800, 15800, 220, 120, 410, 50, 50, 140, 140, 50, 20, 120, 140, 50, 140, 50, 140, 190, 100, 190, 70, 70, 190, 100, 0, 100, 190, 100, 70, 100, 190, 70, 70, 470, 130, 2150, 130, 470, 2150, 130, 470, 2150, 130, 2150, 130, 470, 2150, 470, 1890, 1890, 1890, 1890, 1890, 200, 610, 17710, 140, 140, 140, 2040, 200, 200, 2040, 610, 140, 2040, 200, 610, 2040, 2040, 200, 610, 610, 12560, 140, 2560, 3140, 6760, 19340, 590, 590, 6760, 2560, 590, 6760, 2560, 6760, 2560, 590, 590, 2560, 6760, 160, 140, 2900, 770, 2900, 140, 140, 770, 2900, 140, 140, 2900, 2900, 420, 420, 2100, 420, 420, 420, 1130, 270, 270, 270, 270, 270, 2780, 680, 4120, 4120, 4150, 680, 1800, 680, 4120, 680, 4150, 1800, 4120, 1800, 680, 4120, 1800, 1800, 2160, 1890, 40, 630, 120, 20, 1890, 120, 1890, 630, 120, 20, 40, 1890, 20, 40, 120, 1890, 20, 630, 20, 630, 40, 120, 630, 40, 410, 6340, 740, 1950, 3620, 2080, 2080, 410, 740, 6340, 2080, 3620, 410, 2080, 410, 740, 6340, 2080, 410, 740, 6340, 3620, 6340, 740, 3620, 3620, 60, 60, 70, 70, 70, 60, 60, 70, 60, 60, 70, 900, 13610, 840, 10, 780, 780, 2770, 780, 840, 10, 780, 840, 10, 2770, 10, 780, 2770, 10, 840, 2770, 840, 170, 30, 30, 30, 30, 30, 420220, 920, 20, 110, 100, 920, 420220, 420220, 920, 20, 3050, 610, 20, 420220, 920, 420220, 20, 20, 920, 0, 390, 10, 390, 10, 0, 0, 390, 390, 0, 10, 390, 10, 10, 8290, 0, 30, 30, 30, 320, 30, 30, 880, 1150, 20, 20, 2950, 20, 1150, 2950, 1930, 3870, 880, 1150, 20, 880, 1150, 2950, 1930, 2950, 1930, 20, 880, 1150, 2950, 1930, 1930, 880, 440, 920, 3220, 4210, 40, 40, 1320, 40, 40, 1320, 3220, 3220, 40, 3220, 3220, 100, 2670, 110, 1730, 100, 1730, 100, 2670, 110, 1730, 2670, 100, 2670, 1730, 2670, 1730, 100, 420, 3720, 100, 610, 20, 21230, 1240, 1150, 1150, 1150, 610, 21230, 420, 1150, 610, 21230, 21230, 610, 100, 3720, 610, 21230, 420, 3720, 6240, 3720, 1150, 420, 3720, 420, 4420, 620, 920, 10, 10, 120, 220, 220, 220, 10, 4420, 620, 220, 220, 4420, 620, 4030, 10, 220, 4420, 620, 10, 220, 4420, 620, 220, 220, 220, 9460, 9460, 2450, 9460, 9460, 9460, 590, 290, 3460, 1950, 290, 3990, 1260, 18270, 1830, 1260, 3990, 290, 1950, 3990, 290, 590, 3990, 1950, 1830, 290, 590, 1210, 1260, 3990, 290, 590, 1260, 1950, 1260, 590, 1950, 50, 10, 10, 70, 50, 50, 50, 50, 10, 3840, 440, 440, 10, 440, 10, 250, 1650, 3840, 3840, 440, 10, 3840, 440, 10, 3840, 240, 230, 190, 230, 230, 230, 190, 230, 400, 60, 400, 60, 400, 60, 400, 60, 60, 400, 100, 40, 40, 100, 40, 100, 40, 100, 40, 100, 40, 290, 2460, 16200, 310, 16200, 290, 290, 310, 16200, 310, 290, 310, 290, 16200, 310, 16200, 2460, 1380, 4650, 1380, 1380, 4650, 4650, 1380, 4650, 1380, 4650, 30, 2520, 60, 40, 120, 240, 120, 30, 60, 120, 60, 2520, 120, 30, 2520, 30, 2520, 30, 2520, 60, 120, 60, 240, 50, 680, 410, 4340, 290, 290, 0, 290, 4340, 410, 4340, 50, 0, 50, 290, 4340, 410, 50, 0, 680, 0, 290, 4340, 410, 50, 0, 680, 410, 680, 680, 1240, 430, 1240, 1240, 1240, 1240, 3860, 20, 3860, 3200, 2280, 20, 3860, 20, 2280, 20, 20, 2280, 20, 20, 350, 2280, 350, 20, 3860, 2280, 3860, 10, 680, 290, 2720, 2720, 2720, 680, 680, 0, 0, 0, 680, 2720, 0, 680, 0, 2720, 660, 350, 2450, 71000, 660, 140, 350, 350, 2450, 760, 2450, 2450, 660, 71000, 350, 2450, 660, 350, 660, 3710, 520, 70, 70, 3710, 70, 3710, 70, 3710, 410, 70, 3710, 240, 1760, 1760, 350, 1760, 350, 350, 1760, 350, 1760, 350, 240, 2310, 20, 360, 20, 2770, 2310, 2310, 2580, 360, 360, 2580, 120, 120, 360, 2310, 2580, 20, 2770, 2770, 360, 120, 2580, 120, 20, 20, 120, 2310, 2580, 2770, 180, 180, 180, 180, 180, 1970, 260, 530, 270, 240, 260, 530, 260, 8110, 8110, 260, 8110, 590, 530, 240, 530, 8110, 8110, 530, 260, 10, 1610, 10, 10, 1610, 1610, 1610, 90, 1610, 10, 10, 70, 70, 70, 70, 70, 350, 2000, 2000, 2000, 2000, 350, 350, 2000, 350, 350, 80, 80, 80, 80, 80, 710, 1030, 280, 3860, 510, 280, 510, 710, 510, 710, 280, 2450, 710, 280, 280, 710, 510, 510, 20, 20, 20, 20, 20, 20, 20, 10, 630, 2960, 20, 4830, 340, 120, 630, 120, 20, 630, 20, 630, 120, 20, 4830, 340, 630, 120, 20, 120, 120, 120, 3240, 3240, 3240, 120, 120, 40, 120, 3240, 40, 3240, 1270, 110, 120, 730, 1510, 110, 730, 120, 1510, 120, 730, 120, 1270, 110, 730, 1510, 110, 730, 120, 1510, 110, 30, 1510, 2580, 700, 670, 3180, 340, 670, 670, 670, 4050, 700, 700, 340, 4050, 340, 4050, 700, 340, 4050, 700, 340, 4050, 670, 870, 730, 1320, 110, 1590, 1320, 3860, 1590, 110, 870, 1320, 3860, 730, 730, 870, 1500, 1590, 110, 730, 1500, 1320, 110, 870, 3860, 730, 1500, 1320, 110, 870, 1500, 1590, 840, 3860, 1590, 3860, 170, 40, 2600, 80, 170, 40, 340, 40, 170, 40, 170, 40, 170, 3460, 1350, 100, 1250, 1020, 1350, 100, 1250, 1020, 1250, 1020, 1350, 100, 0, 1250, 1020, 1350, 100, 1250, 1020, 1350, 100]"
2020-11-03 15:25:00+00:00,15177220,8,3423.0,"[20, 60, 1490, 280, 280, 1490, 280, 1490, 60, 60, 280, 40, 1490, 60, 280, 1490, 60, 650, 600, 4110, 0, 650, 0, 600, 650, 0, 600, 520, 650, 0, 600, 650, 0, 600, 680, 3400, 1870, 1870, 1870, 680, 1870, 3400, 500, 3400, 3400, 1870, 680, 3400, 680, 680, 600, 50, 6560, 50, 0, 0, 50, 6560, 600, 6560, 600, 0, 50, 0, 600, 0, 600, 6560, 50, 6560, 3190, 70, 1460, 2280, 3190, 1460, 2280, 3190, 1460, 2280, 1460, 2280, 3190, 2280, 70, 1460, 3190, 260, 6480, 6480, 40, 6480, 260, 6480, 6480, 400, 110, 610, 20, 19780, 20, 400, 20, 110, 400, 1440, 19780, 110, 400, 110, 400, 20, 19780, 19780, 110, 19780, 20, 1160, 1160, 10, 10, 10, 10, 10, 850, 0, 17890, 380, 32400, 660, 380, 660, 660, 660, 32400, 32400, 660, 380, 32400, 32400, 380, 380, 180, 2130, 2130, 180, 180, 100, 2130, 180, 180, 2130, 2130, 3720, 330, 200, 110, 30, 1340, 200, 110, 3720, 200, 110, 200, 30, 330, 30, 3720, 200, 110, 30, 3720, 110, 30, 3720, 40, 3440, 40, 40, 3440, 650, 30, 40, 3440, 40, 3440, 3440, 1110, 290, 1110, 0, 110, 0, 290, 1110, 1110, 290, 4850, 0, 0, 290, 0, 290, 1110, 0, 160, 160, 240, 0, 160, 0, 6740, 160, 0, 0, 160, 9200, 50, 9200, 330, 330, 720, 9200, 330, 50, 50, 50, 9200, 330, 9200, 330, 50, 1020, 2280, 4210, 1020, 1020, 1020, 4210, 2280, 60, 4210, 2280, 1020, 4210, 2280, 4210, 2280, 140, 2260, 170, 620, 1230, 260, 140, 2260, 140, 140, 2260, 2260, 620, 2260, 620, 620, 620, 140, 4210, 580, 6030, 15800, 4210, 6030, 4210, 6030, 210, 4210, 6030, 4210, 580, 6030, 41680, 1810, 1810, 41680, 41680, 1810, 1810, 1810, 41680, 41680, 260, 1640, 260, 170, 90, 170, 1640, 260, 170, 1640, 270, 1640, 260, 170, 260, 1640, 170, 2770, 2770, 2770, 2770, 90, 280, 120, 240, 240, 120, 120, 240, 120, 120, 280, 280, 240, 90, 2760, 90, 280, 240, 240, 280, 240, 90, 90, 320, 10, 410, 40, 40, 40, 320, 10, 40, 40, 17370, 280, 1220, 1390, 20, 20, 1220, 20, 20, 20, 1820, 20, 1220, 1390, 280, 10480, 17370, 20, 1390, 17370, 280, 1220, 17370, 1390, 280, 20, 20, 17370, 1390, 280, 1220, 20, 0, 580, 3290, 2840, 2840, 580, 2840, 580, 980, 1270, 2840, 580, 3290, 0, 580, 2840, 5430, 1650, 60, 2550, 6880, 6880, 6880, 6880, 670, 20, 60, 60, 60, 60, 6880, 6560, 510, 1320, 3350, 1320, 3350, 510, 510, 3350, 1320, 6560, 3350, 1320, 510, 6560, 510, 3350, 1320, 6560, 6560, 1150, 30, 12160, 1690, 1150, 1690, 1150, 930, 1150, 1150, 1690, 1690, 1690, 160, 160, 160, 160, 160, 80, 1370, 5700, 80, 80, 1370, 5700, 1370, 5700, 80, 40, 5700, 1370, 5700, 1370, 80, 990, 410, 990, 320, 2010, 150, 0, 4110, 2120, 4140, 6210, 4140, 2010, 4140, 2010, 6210, 320, 2120, 0, 2120, 4170, 2340, 3590, 320, 0, 4140, 2010, 6210, 320, 2120, 0, 4140, 2010, 6210, 320, 2120, 0, 6210, 40, 1380, 40, 40, 40, 40, 1380, 690, 50, 1430, 50290, 1430, 50290, 1430, 50290, 50, 1430, 50290, 50, 50, 50290, 1430, 50, 20, 310, 460, 310, 460, 310, 460, 310, 310, 460, 460, 2490, 20, 1520, 3560, 60, 3560, 2240, 2240, 3560, 2240, 2240, 3560, 2240, 3560, 60, 840, 840, 840, 840, 840, 3290, 600, 910, 610, 610, 910, 30, 600, 600, 610, 30, 30, 30, 910, 600, 30, 910, 610, 910, 610, 600, 40, 170, 40, 170, 40, 170, 170, 40, 170, 40, 120, 680, 17030, 8240, 6430, 6430, 17030, 680, 680, 6430, 17030, 120, 6430, 120, 680, 6430, 17030, 8240, 120, 680, 190, 120, 17030, 80, 80, 80, 80, 80, 70, 130, 12460, 1530, 1530, 130, 1530, 130, 12460, 1540, 12460, 12460, 130, 1530, 12460, 50, 1530, 130, 1800, 30, 20610, 20610, 2220, 1800, 30, 1800, 1800, 30, 20610, 20610, 1800, 30, 30, 20610, 1830, 20, 140, 140, 830, 140, 20, 3890, 20, 20, 140, 140, 1830, 20, 380, 3560, 10, 6460, 10, 10, 10, 10, 260, 8240, 260, 270, 300, 70, 20, 20, 20, 270, 20, 70, 300, 300, 70, 270, 20, 300, 270, 70, 70, 300, 270, 20, 240, 13130, 800, 20, 20, 800, 20, 13130, 160, 800, 13130, 800, 20, 13130, 800, 13130, 11190, 190, 120, 190, 120, 190, 120, 11190, 120, 11190, 120, 11190, 190, 190, 11190, 4050, 4050, 840, 110, 4050, 4050, 4050, 40, 160, 40, 160, 160, 40, 40, 160, 40, 160, 3370, 830, 2800, 860, 60, 5340, 30, 330, 830, 110, 330, 2800, 30, 830, 330, 110, 2800, 860, 30, 830, 3370, 3370, 5340, 110, 2800, 860, 30, 830, 3370, 110, 330, 2800, 860, 30, 3370, 110, 60, 330, 5340, 860, 5340, 5340, 1190, 60, 2000, 2000, 2060, 2060, 2000, 2000, 20, 3470, 60, 2060, 60, 2060, 60, 2060, 2000, 60, 610, 0, 180, 10, 1530, 220, 60, 60, 10, 1240, 220, 1530, 1240, 60, 610, 1240, 50, 610, 220, 10, 60, 1240, 610, 10, 1530, 60, 1240, 610, 220, 10, 0, 1530, 1530, 220, 13750, 230, 12460, 140, 12460, 230, 340, 12460, 13750, 12460, 230, 12460, 230, 230, 240, 8390, 8390, 4690, 16320, 8390, 8390, 8390, 2510, 670, 670, 2510, 670, 670, 2510, 2510, 670, 2510, 990, 30, 30, 30, 30, 990, 30, 790, 70, 12160, 70, 12160, 790, 70, 3290, 3690, 790, 70, 70, 790, 12160, 790, 12160, 70, 12160, 80, 20, 1630, 50, 10, 340, 700, 700, 340, 80, 20, 340, 80, 700, 80, 340, 700, 10, 80, 20, 340, 1630, 700, 20, 20, 930, 4590, 1490, 4590, 1490, 4590, 1490, 4590, 930, 1490, 930, 1490, 930, 4590, 930, 110, 2840, 110, 2840, 110, 110, 110, 3650, 3690, 4090, 3650, 3650, 3650, 3690, 3650, 3690, 3690, 3690, 250, 220, 220, 220, 220, 220, 240, 30, 30, 30, 30, 240, 30, 40, 40, 40, 0, 640, 40, 640, 40, 640, 640, 640, 460, 1070, 80, 1300, 4260, 1070, 280, 30, 280, 460, 80, 80, 460, 280, 1070, 6650, 460, 1070, 30, 280, 460, 4260, 80, 1070, 280, 80, 1300, 3380, 240, 240, 170, 240, 290, 240, 170, 290, 170, 290, 240, 1330, 170, 290, 290, 170, 240, 240, 390, 200, 200, 200, 200, 200, 300, 290, 290, 300, 300, 290, 300, 290, 300, 50, 290, 1640, 5470, 350, 1640, 5470, 1640, 5470, 1640, 350, 5470, 1640, 5470, 2840, 2840, 530, 2840, 2840, 2840, 880, 170, 280, 170, 400, 170, 170, 170, 150, 3470, 150, 150, 150, 3470, 3470, 2710, 130, 150, 3470, 3470, 50, 50, 50, 50, 50, 1480, 1480, 1480, 1480, 1480, 70, 20, 70, 70, 70, 70, 60, 60, 43740, 60, 60, 60, 60, 60, 60, 43740, 60, 60, 1870, 240, 150, 4400, 110, 410, 2980, 1260, 110, 4400, 240, 110, 150, 110, 150, 110, 410, 2980, 1260, 150, 4400, 1260, 4400, 1260, 150, 4400, 1260, 16940, 50, 10, 10, 50, 50, 10, 10, 50, 50, 10, 16940, 16940, 16940, 16940, 300, 1180, 520, 40, 520, 520, 520, 520, 1180, 2290, 430, 540, 5790, 480, 480, 430, 540, 430, 2290, 5790, 540, 430, 5790, 2290, 480, 540, 2290, 480, 540, 2290, 5790, 480, 5790, 430, 460, 460, 460, 460, 460, 30, 400, 10080, 30, 30, 400, 30, 400, 10, 400, 30, 400, 120, 1210, 120, 90, 1210, 120, 120, 120, 1210, 1210, 1210, 1160, 5200, 60, 60, 1160, 5200, 60, 1160, 5200, 60, 1160, 5200, 60, 1160, 5200, 180, 530, 530, 180, 530, 60, 180, 530, 180, 180, 530, 620, 3780, 610, 660, 610, 660, 660, 660, 610, 610, 610, 660, 2300, 2300, 3470, 2530, 0, 70, 0, 0, 70, 70, 0, 0, 70, 3470, 70, 3470, 3470, 3470, 660, 330, 1500, 660, 660, 680, 680, 1500, 330, 680, 1500, 330, 660, 680, 1500, 660, 330, 680, 1500, 330, 40, 20, 20, 20, 20, 40, 20, 100, 80, 100, 80, 380, 390, 80, 380, 380, 380, 80, 100, 380, 80, 100, 100, 560, 230, 560, 560, 320, 560, 560, 230, 680, 7760, 680, 610, 40, 5980, 680, 680, 680, 200, 330, 4220, 240, 1800, 3600, 3290, 50, 470, 30, 470, 30, 30, 470, 470, 470, 30, 30, 30, 290, 70, 10, 290, 70, 140, 140, 290, 70, 140, 12130, 30, 30, 10, 70, 30, 10, 70, 140, 140, 10, 30, 10, 290, 290, 110, 110, 110, 110, 110, 4010, 560, 390, 220, 390, 90, 390, 220, 390, 5490, 240, 90, 390, 560, 90, 220, 5490, 560, 3470, 220, 5490, 90, 4010, 5490, 560, 3470, 5490, 560, 90, 220, 4690, 120, 270, 1090, 120, 550, 4690, 4690, 4690, 120, 550, 550, 120, 550, 120, 1090, 4690, 550, 4290, 330, 10, 10, 10, 10, 190, 10, 330, 450, 330, 4290, 10, 330, 4290, 10, 190, 330, 4290, 10, 4290, 10, 10, 8870, 170, 170, 170, 8870, 8870, 170, 8870, 170, 8870, 7540, 30, 30, 7540, 2910, 7540, 30, 7540, 30, 7540, 30, 350, 10, 3140, 10, 3140, 10, 10, 3140, 350, 3140, 10, 3140, 120, 240, 70, 120, 70, 70, 70, 680, 120, 120, 240, 120, 70, 210, 210, 210, 210, 210, 3170, 10, 3820, 340, 340, 700, 3820, 10, 700, 340, 10950, 610, 10, 3820, 700, 340, 3820, 10, 340, 3820, 3170, 10, 700, 700, 2440, 130, 130, 60, 24000, 130, 24000, 24000, 2440, 2440, 24000, 2440, 24000, 60, 2440, 130, 130, 100, 100, 100, 100, 100, 0, 370, 250, 0, 980, 370, 250, 980, 370, 250, 0, 250, 980, 370, 250, 980, 370, 0, 980, 0, 1040, 1040, 710, 710, 1040, 240, 1040, 710, 710, 1040, 710, 140, 140, 140, 140, 140, 1190, 1620, 1550, 0, 11990, 1190, 250, 410, 510, 410, 510, 510, 410, 250, 250, 250, 250, 510, 410, 6800, 510, 410, 470, 470, 470, 470, 470, 140, 140, 140, 140, 140, 520, 120, 520, 120, 520, 520, 120, 120, 120, 520, 2210, 60, 40, 40, 40, 2210, 40, 2210, 2210, 40, 2210, 10480, 10480, 340, 10480, 10480, 340, 340, 340, 340, 10480, 460, 330, 1720, 460, 330, 460, 330, 460, 330, 460, 330, 1720, 4860, 1540, 1550, 5160, 50, 210, 390, 390, 210, 50, 50, 390, 210, 5160, 730, 140, 10790, 5160, 390, 5160, 5160, 50, 210, 50, 390, 210, 870, 870, 870, 2930, 70, 870, 870, 2180, 20, 600, 600, 600, 170, 600, 600, 10, 20, 70, 1050, 20, 70, 1050, 20, 1050, 70, 20, 1050, 10, 70, 70, 20, 1050, 10, 10, 10, 3350, 3350, 4320, 3350, 4320, 4320, 3350, 3350, 4320, 4320, 4470, 33620, 4470, 240, 35030, 4470, 4470, 4470, 60, 60, 350, 350, 60, 60, 350, 350, 350, 60, 140, 140, 140, 100, 140, 140, 1830, 1490, 2930, 1830, 1830, 3000, 1240, 1830, 1830, 1490, 210, 10810, 4150, 10810, 10810, 10810, 10810, 4150, 240, 2590, 150, 240, 240, 240, 240, 240, 0, 370, 1410, 1410, 0, 1410, 0, 1410, 0, 0, 1410, 160, 160, 160, 220, 160, 220, 220, 220, 220, 160, 2200, 410, 410, 15840, 80, 410, 410, 410, 4980, 4980, 4980, 4980, 4980, 1520, 300, 1520, 1520, 1520, 1520, 10, 660, 1430, 23620, 3230, 1430, 60, 60, 60, 1430, 660, 10, 660, 60, 10, 3230, 1430, 1430, 660, 60, 10, 3230, 660, 10, 3230, 3230, 1020, 190, 540, 540, 1020, 540, 1020, 540, 1020, 190, 540, 1020, 6480, 50, 4430, 870, 4770, 3320, 25480, 3320, 50, 25480, 25480, 3320, 50, 25480, 50, 3320, 25480, 3320, 50, 980, 430, 430, 980, 980, 430, 430, 980, 980, 430, 240, 300, 120, 2780, 300, 2780, 300, 50, 2740, 50, 680, 680, 2740, 680, 300, 50, 2740, 680, 50, 2740, 2780, 2740, 2780, 2780, 50, 680, 300, 50, 8800, 320, 70, 5920, 70, 70, 70, 320, 320, 320, 320, 70, 70, 90, 90, 90, 90, 90, 0, 60, 60, 2020, 60, 60, 60, 20, 40, 360, 20, 2150, 20, 20, 6340, 20, 6730, 180, 180, 180, 1080, 180, 1080, 6730, 300, 1080, 6730, 1080, 6730, 180, 1080, 6730, 7560, 530, 10, 530, 530, 10, 530, 10, 530, 10, 10, 200, 520, 1270, 200, 1270, 1270, 200, 200, 200, 1270, 1270, 420, 160, 160, 160, 160, 160, 1220, 2990, 40, 2670, 1220, 1220, 2990, 2990, 2990, 1220, 2990, 2670, 1220, 6340, 470, 470, 6340, 6340, 470, 6340, 470, 6340, 470, 1000, 1080, 420220, 160, 420, 100, 1000, 100, 1000, 100, 1900, 420220, 420, 1000, 420, 100, 420, 420220, 420, 1000, 420220, 1080, 420220, 100, 1220, 4120, 170, 170, 170, 170, 4120, 170, 1480, 4090, 3900, 2840, 2840, 2840, 2840, 2840, 100, 350, 1270, 13090, 8230, 13090, 1270, 130, 13090, 1270, 1270, 13090, 1270, 13090, 1050, 0, 60, 40, 50, 40, 1050, 490, 40, 50, 0, 60, 50, 60, 10, 1940, 2210, 50, 0, 40, 1050, 60, 50, 0, 1050, 0, 40, 60, 1050, 0, 290, 6110, 0, 120, 6110, 6110, 6110, 6110, 350, 120, 2300, 350, 350, 350, 2300, 350, 1980, 8550, 8550, 8550, 8550, 8550, 50, 16660, 50, 110, 780, 50, 50, 16660, 50, 3320, 25360, 30, 400, 7200, 1210, 7200, 400, 400, 0, 400, 7200, 1210, 400, 7200, 7200, 2900, 190, 4880, 1270, 2900, 1270, 2900, 1270, 1270, 4880, 2900, 1270, 2900, 20, 90, 250, 90, 13730, 90, 450, 250, 250, 250, 90, 90, 250, 2320, 850, 2640, 530, 490, 120, 2320, 2640, 490, 120, 2100, 620, 490, 2640, 120, 490, 2640, 120, 120, 400, 120, 490, 2640, 2320, 4150, 3460, 6250, 220, 3460, 3460, 4150, 3460, 3460, 120, 2180, 3190, 9590, 120, 120, 120, 120, 240, 3890, 640, 40, 240, 270, 210, 240, 240, 240, 1430, 250, 250, 80, 250, 250, 1430, 250, 720, 2020, 330, 330, 330, 480, 720, 330, 480, 330, 480, 2020, 720, 480, 720, 720, 480, 550, 170, 1490, 550, 840, 840, 550, 550, 840, 840, 550, 840, 23580, 23580, 23580, 23580, 23580, 71790, 9910, 2560, 22740, 9910, 20, 20, 9910, 2560, 22740, 20, 9910, 2560, 20, 22740, 9910, 2560, 20, 22740, 2560, 22740, 0, 4920, 1210, 3140, 390, 150, 4920, 4920, 150, 70, 150, 4920, 150, 4920, 150, 1430, 60, 13680, 10, 1430, 60, 810, 300, 300, 810, 300, 810, 300, 810, 810, 300, 400, 1590, 110, 400, 110, 400, 400, 110, 110, 210, 400, 110, 690, 480, 230, 2720, 2720, 480, 2720, 480, 2720, 480, 2720, 480, 5250, 750, 350, 240, 3370, 5190, 1700, 350, 5250, 1700, 350, 1700, 350, 1700, 3370, 750, 1700, 350, 240, 5250, 5250, 5250, 240, 60, 60, 60, 60, 60, 0, 16640, 16640, 9720, 16640, 16640, 16640, 4140, 2720, 4140, 2060, 3230, 2060, 2720, 2720, 4140, 2060, 2720, 3230, 3230, 2060, 3230, 2720, 4140, 3230, 2060, 4140, 1850, 1850, 1850, 1850, 1850, 580, 580, 580, 580, 580, 190, 800, 20, 20, 800, 20, 190, 190, 800, 20, 190, 800, 190, 20, 800, 130, 15990, 40, 2260, 2260, 2260, 15990, 2260, 0, 50, 15990, 40, 15990, 15990, 2260, 1480, 3290, 40, 2780, 16040, 120, 120, 3290, 120, 120, 3290, 120, 3290, 3290, 30, 250, 2320, 6530, 30, 470, 30, 30, 250, 30, 70, 210, 260, 260, 210, 11180, 210, 2640, 260, 210, 11180, 260, 11180, 210, 260, 2640, 11180, 2640, 2640, 2640, 11180, 50, 2140, 2650, 70, 510, 4140, 2140, 4140, 50, 2140, 50, 2140, 4140, 50, 2140, 4140, 2650, 50, 4140, 150, 120, 1910, 1910, 120, 120, 150, 150, 1910, 1910, 150, 1910, 120, 120, 150, 120, 110, 110, 110, 110, 110, 5080, 4410, 1480, 4410, 5080, 5080, 50, 4410, 5080, 4410, 780, 4410, 5080, 110, 800, 1420, 60, 1420, 80, 60, 10950, 60, 110, 1420, 110, 60, 1420, 80, 110, 800, 1420, 10950, 80, 110, 60, 80, 80, 2570, 2570, 2570, 2570, 2570, 10, 1740, 70, 70, 1740, 1740, 520, 1740, 70, 1740, 70, 70, 520, 110, 520, 110, 520, 10, 120, 110, 520, 110, 520, 110, 240, 2020, 4080, 11720, 20, 20, 20, 460, 240, 11720, 20, 20, 2020, 30, 420, 420, 340, 160, 460, 420, 340, 420, 420, 160, 30, 460, 340, 340, 340, 4140, 4140, 4140, 4140, 4140, 90, 680, 680, 680, 680, 680, 40, 160, 40, 450, 350, 29220, 450, 450, 29220, 350, 350, 29220, 450, 350, 29220, 450, 350, 29220, 6690, 230, 6690, 3650, 3650, 50, 50, 410, 50, 3650, 3650, 50, 50, 3650, 380, 380, 380, 380, 380, 240, 4050, 830, 330, 830, 830, 240, 830, 830, 20, 4090, 4250, 8040, 740, 580, 1500, 740, 740, 4250, 4250, 740, 4250, 740, 4250, 330, 490, 5140, 1950, 3630, 5140, 5140, 3630, 5140, 490, 3630, 5140, 3630, 3630, 410, 1690, 1970, 410, 410, 410, 1690, 410, 720, 2160, 10820, 350, 720, 350, 720, 350, 720, 350, 720, 350, 10820, 110, 240, 10, 20, 10, 1930, 10, 10, 10, 6670, 740, 390, 390, 390, 390, 6670, 390, 110, 10, 110, 2570, 110, 110, 2570, 2570, 2570, 110, 2570, 50, 50, 50, 50, 50, 5140, 40, 120, 40, 480, 40, 120, 480, 480, 40, 1930, 480, 120, 120, 480, 120, 40, 17250, 17250, 17250, 17250, 17250, 620, 5500, 620, 80, 620, 620, 620, 5500, 5500, 5500, 5500, 40, 2190, 2190, 2190, 2190, 2190, 40, 400, 140, 400, 400, 400, 400, 140, 140, 140, 140, 1660, 1960, 1990, 100, 1990, 1990, 1990, 1960, 1660, 100, 1660, 1990, 1660, 1660, 0, 10950, 4140, 10, 10, 10, 4140, 10, 4140, 4140, 10, 4140, 12130, 2840, 240, 240, 1600, 240, 240, 240, 80, 60, 60, 60, 60, 60, 1960, 100, 1130, 1130, 1130, 1130, 1130, 1960, 210, 30, 50, 210, 220, 4400, 4150, 220, 220, 2370, 4150, 160, 160, 4150, 220, 160, 160, 4150, 160, 4150, 220, 300, 1200, 1200, 1200, 1410, 1410, 4150, 1200, 300, 1410, 300, 1410, 1410, 300, 1200, 300, 1390, 240, 1390, 1390, 11190, 1390, 1390, 1280, 1280, 1280, 1280, 1280, 3380, 3380, 2870, 3380, 3380, 20, 3380, 170, 680, 680, 680, 170, 170, 680, 680, 170, 170, 820, 360, 50, 50, 820, 50, 2810, 360, 820, 50, 360, 820, 50, 360, 820, 360, 430, 2620, 340, 430, 20, 2620, 430, 430, 2620, 430, 2620, 2620, 370, 2190, 290, 50, 50, 50, 2190, 290, 2190, 2190, 2190, 290, 50, 290, 50, 290, 5650, 150, 150, 5650, 600, 600, 5650, 150, 150, 5650, 600, 150, 5650, 600, 5220, 600, 17890, 3020, 6110, 130, 3020, 3020, 6110, 3020, 3020, 6110, 130, 6110, 130, 130, 6110, 130, 240, 1840, 4140, 3560, 1150, 320, 1020, 1150, 1020, 320, 1020, 1150, 320, 3560, 3560, 320, 3560, 1020, 3560, 1150, 1020, 1150, 320, 20260, 330, 9680, 9680, 9680, 9680, 9680, 380, 60, 60, 60, 60, 60, 60, 27160, 27160, 30, 27160, 27160, 60, 27160, 500, 1970, 210, 210, 210, 1970, 1850, 30, 210, 1970, 210, 1970, 1850, 1850, 1970, 1850, 310, 1850, 10380, 10380, 10380, 10380, 10380, 130, 180, 130, 0, 180, 130, 130, 250, 130, 440, 130, 130, 230, 130, 440, 230, 440, 130, 440, 130, 440, 890, 80, 60, 80, 80, 890, 310, 80, 890, 310, 80, 310, 890, 310, 890, 310, 60, 50, 60, 60, 60, 50, 60, 8180, 5000, 5650, 5000, 2900, 10, 5650, 8180, 5650, 5650, 5000, 5650, 5000, 5000, 1190, 120, 80, 120, 80, 1190, 80, 140, 190, 1190, 120, 1190, 120, 80, 1190, 120, 80, 610, 610, 610, 1190, 20, 610, 610, 3450, 290, 3200, 290, 290, 290, 290, 1130, 40, 2040, 240, 2040, 210, 2040, 240, 2040, 1130, 1130, 1130, 2040, 1130, 130, 320, 320, 320, 320, 320, 130, 3240, 640, 130, 130, 3240, 3240, 110, 3240, 130, 3240, 80, 130, 920, 310, 940, 610, 310, 920, 610, 310, 920, 940, 310, 920, 610, 310, 920, 610, 940, 610, 940, 940, 920, 360, 1620, 1230, 270, 360, 1230, 360, 920, 1230, 360, 920, 920, 360, 1230, 1230, 920, 350, 200, 1220, 200, 350, 200, 5850, 350, 350, 350, 200, 1220, 200, 30, 200, 820, 6120, 1810, 200, 1810, 660, 230, 1810, 820, 30, 660, 660, 820, 30, 200, 1810, 660, 820, 200, 820, 660, 30, 1810, 30, 200, 990, 1460, 5220, 5220, 1460, 5220, 5220, 1460, 1460, 1460, 5220, 100, 50, 100, 10, 2560, 100, 100, 100, 30, 4140, 240, 240, 240, 2200, 2780, 240, 240, 2810, 120, 0, 0, 10, 10, 10, 10, 10, 340, 77090, 77090, 77090, 340, 77090, 340, 340, 50, 1880, 340, 77090, 380, 60, 460, 60, 1020, 380, 1020, 1400, 380, 1020, 60, 380, 60, 1020, 60, 1020, 380, 220, 20, 20, 20, 220, 220, 780, 460, 220, 20, 220, 20, 1190, 1850, 20050, 10450, 20050, 1850, 100, 3900, 118020, 10450, 1850, 20050, 10450, 1850, 20050, 1850, 10450, 3930, 10450, 20050, 140, 260, 120, 660, 5570, 660, 120, 660, 120, 660, 120, 660, 120, 17620, 17620, 17620, 17620, 17620, 10, 6960, 6960, 4280, 10, 10, 6960, 10, 6960, 10, 6960, 10, 240, 1420, 1430, 810, 1430, 810, 810, 240, 1430, 1420, 1420, 1430, 240, 810, 1430, 810, 240, 1420, 240, 1420, 2920, 9070, 11800, 9070, 11800, 9070, 11800, 860, 11800, 9070, 11800, 9070]"
2020-11-03 15:30:00+00:00,24512600,12,4466.0,"[3740, 1050, 530, 530, 530, 530, 3740, 3740, 1050, 1320, 1050, 3740, 530, 1050, 3740, 1050, 1120, 2630, 1120, 1120, 2630, 1120, 2630, 1120, 2630, 2630, 1580, 1580, 1580, 1580, 1580, 1200, 870, 80, 680, 1200, 1200, 870, 32100, 870, 1200, 870, 1200, 870, 30, 140, 1810, 50, 30, 1810, 6270, 30, 1810, 140, 50, 1810, 30, 1810, 30, 50, 140, 50, 140, 140, 50, 2060, 170, 40, 330, 330, 2060, 1050, 40, 330, 170, 40, 2060, 330, 40, 170, 170, 40, 2060, 330, 170, 2060, 0, 90, 70, 290, 560, 70, 560, 90, 290, 560, 70, 290, 560, 70, 560, 70, 90, 0, 90, 90, 290, 290, 60, 1420, 60, 60, 1420, 860, 0, 1420, 1420, 60, 60, 1420, 14450, 10, 130, 3170, 11770, 6030, 11770, 11770, 6030, 130, 6030, 11770, 130, 6030, 130, 130, 6030, 11770, 17160, 2340, 230, 3940, 3940, 3940, 10190, 3940, 230, 10, 3940, 3610, 100, 100, 3100, 100, 100, 100, 990, 4770, 200, 1830, 4770, 200, 4770, 4770, 4770, 670, 670, 240, 670, 670, 240, 670, 2000, 550, 550, 220, 550, 550, 550, 300, 4170, 140, 0, 300, 140, 140, 140, 4170, 1730, 4170, 140, 300, 0, 0, 4170, 300, 0, 0, 300, 4170, 4580, 30, 370, 80, 4580, 4580, 4580, 4580, 370, 3010, 3140, 10, 4750, 2020, 450, 70, 4750, 2020, 4750, 4750, 2020, 4750, 2020, 2020, 410, 550, 440, 10, 20, 20, 10, 20, 10, 550, 550, 410, 20, 10, 20, 410, 550, 410, 440, 550, 410, 10, 3510, 2830, 3510, 3510, 3510, 2830, 3510, 70, 70, 70, 70, 70, 200, 1240, 4480, 1240, 1240, 200, 5940, 200, 1240, 1240, 200, 4480, 200, 5040, 22330, 1270, 22330, 500, 5040, 22330, 5040, 22330, 5040, 5040, 22330, 1470, 240, 80, 1870, 50, 50, 50, 50, 80, 50, 1470, 50, 80, 1870, 1870, 1470, 50, 1470, 80, 1870, 1470, 50, 80, 50, 1870, 50, 240, 11090, 440, 280, 270, 1170, 440, 440, 1170, 440, 1170, 3930, 1170, 1170, 440, 2720, 430, 50, 430, 430, 430, 430, 80, 0, 80, 2440, 80, 80, 2990, 80, 10580, 450, 20, 20, 850, 3460, 20, 20, 850, 850, 850, 3460, 850, 20, 120, 570, 20, 20, 120, 20, 120, 60, 3460, 20, 120, 20, 120, 60, 240, 4590, 7680, 7680, 7680, 4590, 440, 240, 7680, 4590, 7680, 4590, 4590, 1490, 910, 80, 460, 320, 110, 110, 910, 460, 620, 460, 910, 110, 460, 910, 80, 180700, 110, 180700, 460, 910, 110, 410, 5370, 410, 10, 10, 410, 410, 10, 140, 750, 410, 10, 10, 5000, 20, 240, 3190, 240, 20, 3190, 240, 5000, 5000, 3190, 20, 20, 3190, 5000, 240, 5000, 3190, 20, 240, 460, 510, 2090, 510, 510, 4080, 2090, 510, 510, 2090, 2090, 2090, 70, 80, 1060, 430, 40, 430, 50, 80, 430, 70, 40, 80, 430, 80, 80, 430, 910, 13130, 30, 870, 13130, 13130, 870, 600, 2130, 910, 870, 13130, 910, 30, 870, 13130, 910, 910, 870, 240, 410, 290, 410, 290, 290, 410, 290, 410, 290, 410, 920, 20, 920, 920, 920, 920, 1720, 1100, 690, 460, 690, 690, 3620, 3620, 690, 460, 2370, 3930, 1890, 30, 460, 3620, 460, 3620, 460, 690, 3620, 310, 1100, 2840, 1100, 2840, 310, 1100, 2840, 70, 32100, 1100, 1100, 2840, 310, 310, 2840, 310, 90, 3170, 3170, 30, 11660, 490, 3170, 3170, 3170, 690, 1490, 200, 4720, 20, 6070, 20, 690, 20, 20, 690, 20, 40, 690, 690, 1490, 1150, 10, 3940, 490, 490, 490, 1150, 1150, 490, 1150, 1150, 490, 40, 520, 14860, 880, 520, 520, 520, 520, 90, 600, 1040, 1040, 600, 90, 1040, 90, 90, 1040, 90, 1040, 17620, 940, 680, 70, 940, 70, 17620, 17620, 940, 900, 510, 17620, 680, 940, 70, 17620, 680, 940, 70, 680, 680, 70, 260, 4480, 10, 4480, 10, 10, 10, 10, 4480, 1640, 10, 10, 1640, 4480, 820, 1640, 4480, 10, 260, 10, 1640, 10, 260, 260, 1640, 260, 4100, 90, 5250, 60, 6740, 6740, 6740, 6740, 4100, 60, 380, 210, 5250, 4100, 60, 380, 210, 90, 90, 5250, 4100, 90, 60, 380, 6740, 210, 5250, 4100, 60, 380, 210, 90, 210, 5250, 380, 5520, 80, 250, 250, 280, 250, 250, 250, 5520, 5520, 5520, 5520, 6350, 20, 280, 280, 20, 280, 20, 10, 280, 6350, 20, 6350, 280, 20, 6350, 6350, 470, 130, 35720, 10, 35720, 470, 470, 200, 35720, 470, 35720, 10, 470, 35720, 130, 100, 2160, 60, 20, 90, 20, 20, 20, 10450, 20, 510, 220, 2420, 220, 220, 220, 40, 220, 390, 9240, 20, 1640, 50, 20, 1470, 50, 60, 10, 1470, 20, 50, 390, 9240, 60, 9240, 50, 390, 9240, 60, 1640, 390, 9240, 60, 390, 20, 1470, 60, 1470, 1470, 50, 20, 890, 30, 1380, 890, 4070, 30, 890, 1380, 30, 890, 1380, 4070, 30, 890, 1380, 30, 1380, 4070, 4070, 4070, 150, 3260, 50, 150, 3260, 150, 3260, 150, 3260, 150, 3260, 630, 1760, 580, 4980, 630, 10, 630, 630, 1760, 10, 630, 10, 10, 10, 570, 470, 660, 570, 470, 570, 660, 180, 10, 470, 660, 10, 570, 470, 660, 570, 470, 660, 0, 1850, 1850, 1620, 0, 0, 0, 1850, 5520, 1850, 2540, 40, 20, 1850, 0, 5520, 5520, 5520, 5520, 1900, 1020, 1020, 1900, 1020, 1900, 1900, 1900, 1020, 1020, 350, 460, 210, 210, 210, 350, 210, 350, 350, 460, 350, 210, 30, 0, 0, 0, 370, 30, 0, 30, 0, 30, 30, 9160, 6160, 540, 980, 60, 20, 60, 10, 60, 10, 980, 60, 980, 9160, 6160, 540, 6160, 540, 20, 60, 10, 60, 9160, 9160, 540, 20, 10, 9160, 6160, 540, 20, 10, 980, 6160, 980, 20, 1420, 2870, 4820, 1360, 1420, 40, 1360, 2870, 4820, 1420, 0, 1360, 2870, 4820, 1420, 1360, 2870, 4820, 1420, 2870, 1360, 4820, 240, 860, 160, 40, 8060, 60, 240, 60, 240, 60, 40, 60, 240, 8060, 60, 240, 40, 40, 40, 5480, 1340, 3730, 2310, 1840, 5480, 20, 1840, 5480, 20, 1840, 260, 8090, 20, 1340, 1340, 5480, 1340, 1840, 3730, 2310, 1340, 5480, 20, 20, 2310, 2310, 1840, 2310, 110, 20, 1020, 1290, 20, 140, 140, 110, 1250, 20, 140, 20, 20, 140, 110, 140, 110, 20, 20, 20, 20, 110, 20, 160, 10, 160, 4810, 10, 10, 10, 160, 160, 160, 10, 400, 4580, 20, 460, 250, 7620, 120, 120, 120, 7620, 460, 290, 460, 290, 4580, 120, 400, 4580, 460, 290, 250, 400, 7620, 4580, 460, 290, 290, 400, 7620, 400, 120, 7620, 4580, 530, 200, 3170, 1520, 40, 10, 3170, 20, 470, 10, 500, 530, 10, 10, 1520, 10, 3170, 500, 530, 20, 470, 10, 1520, 200, 470, 10, 3170, 200, 470, 500, 10, 1520, 10, 3170, 200, 20, 470, 10, 1520, 530, 20, 530, 20, 500, 500, 200, 90, 3010, 0, 2250, 2180, 0, 2180, 2180, 2250, 2180, 2250, 0, 2180, 2250, 3010, 0, 90, 2250, 3010, 3010, 3010, 0, 1920, 290, 430, 1920, 1920, 430, 1920, 290, 430, 1920, 430, 430, 190, 190, 1970, 40, 700, 190, 1970, 700, 1970, 1970, 1970, 700, 190, 700, 40, 700, 190, 10, 120, 60, 2120, 3110, 8340, 1900, 740, 740, 60, 60, 40, 330, 320, 60, 740, 1900, 330, 1900, 330, 470, 320, 740, 3110, 8340, 330, 320, 1900, 740, 3110, 8340, 330, 320, 3110, 8340, 60, 3110, 8340, 1900, 2120, 320, 90, 90, 90, 640, 90, 90, 310, 40, 16990, 40, 40, 40, 40, 950, 840, 840, 840, 840, 840, 950, 1170, 220, 180, 1170, 950, 180, 1170, 950, 180, 180, 1170, 950, 180, 1170, 950, 300, 180, 180, 40, 300, 180, 180, 180, 670, 3860, 8310, 430, 2920, 180, 6030, 180, 180, 2920, 180, 2920, 6030, 390, 590, 180, 2920, 6030, 2920, 6030, 6030, 50, 180, 11770, 60, 460, 2090, 60, 2090, 0, 60, 970, 180, 970, 2090, 970, 2090, 60, 460, 970, 180, 970, 2090, 60, 470, 20170, 80, 140, 70, 80, 470, 80, 470, 140, 20170, 80, 140, 20170, 80, 140, 20170, 140, 20170, 470, 470, 120, 200, 20, 13650, 200, 120, 20, 120, 120, 200, 20, 120, 200, 20, 20, 200, 30, 840, 11620, 60, 33230, 490, 100, 100, 100, 780, 11620, 33230, 2590, 5280, 100, 11620, 33230, 100, 11620, 33230, 490, 30, 840, 60, 11620, 840, 33230, 840, 840, 2250, 280, 940, 7170, 0, 2250, 940, 2250, 3640, 940, 2250, 200, 40, 280, 3640, 940, 3640, 940, 3640, 7170, 0, 2250, 3640, 130, 900, 760, 760, 760, 760, 760, 320, 1300, 20, 320, 130, 10, 2670, 20, 20, 320, 320, 20, 320, 50, 10, 90, 50, 10, 50, 50, 90, 90, 10, 90, 10, 90, 10, 50, 0, 10, 12870, 12870, 0, 3440, 0, 10, 0, 10, 0, 12870, 10, 12870, 12870, 10, 20, 550, 60, 20, 20, 20, 20, 1810, 30, 1810, 120, 10, 1810, 1810, 30, 1810, 110, 240, 150410, 40, 110, 40, 110, 40, 150410, 150410, 110, 150410, 240, 40, 110, 40, 150410, 1440, 1440, 1090, 10, 10, 140, 140, 1440, 1090, 140, 10, 70, 4040, 1090, 1440, 140, 10, 1440, 1090, 140, 1090, 10, 80, 43420, 620, 180, 2910, 180, 620, 43420, 80, 620, 43420, 80, 180, 100, 20, 180, 620, 43420, 80, 620, 43420, 80, 180, 60, 620, 310, 990, 10, 10, 310, 10, 60, 620, 620, 60, 620, 10, 620, 310, 10, 60, 310, 310, 60, 1410, 120, 27280, 1410, 650, 27280, 27280, 10, 4320, 1410, 27280, 27280, 1410, 1410, 110, 450, 110, 110, 450, 110, 20, 20, 450, 20, 20, 450, 450, 20, 110, 2790, 700, 380, 380, 380, 2790, 380, 700, 190, 380, 2790, 700, 2790, 700, 2790, 700, 30, 240, 260, 40, 30, 260, 10570, 100, 30, 260, 260, 30, 260, 30, 40, 240, 2250, 460, 190, 190, 30, 2250, 2250, 190, 460, 190, 190, 2250, 2250, 200, 1780, 200, 200, 200, 30, 40, 1780, 200, 1780, 1780, 1780, 20, 1390, 20, 20, 1390, 1390, 1390, 20, 1390, 20, 520, 520, 50, 520, 520, 520, 460, 380, 20, 100, 0, 4690, 4690, 470, 0, 380, 100, 4690, 0, 10, 520, 470, 470, 0, 380, 470, 100, 4690, 0, 380, 470, 100, 4690, 460, 380, 100, 150, 3630, 70, 10, 10, 3630, 70, 150, 10, 3630, 3630, 70, 3630, 70, 70, 1140, 30, 6180, 30, 30, 1330, 30, 30, 30, 40, 10, 170, 1350, 170, 40, 170, 1350, 170, 170, 1840, 370, 30, 3170, 3170, 3170, 370, 30, 30, 3170, 370, 3170, 370, 30, 370, 30, 3730, 40, 2370, 40, 40, 200, 3730, 40, 200, 3730, 200, 2370, 12490, 2370, 200, 40, 3730, 2370, 200, 3730, 2370, 1520, 40, 10, 5450, 10450, 10450, 10, 40, 10450, 5580, 10, 40, 10450, 10450, 10, 40, 1520, 10, 1520, 1520, 40, 1520, 13050, 10, 1220, 10, 9120, 370, 10, 10, 10, 1220, 0, 165570, 780, 1200, 0, 165570, 260, 710, 0, 165570, 0, 165570, 3240, 1200, 165570, 0, 1200, 1200, 1200, 220, 13130, 13130, 990, 13130, 220, 780, 990, 220, 13130, 1320, 990, 150, 13130, 150, 1630, 220, 3170, 990, 1320, 1320, 1320, 990, 150, 220, 150, 1320, 150, 3550, 20, 3550, 340, 1140, 210, 3550, 3550, 3550, 3170, 630, 10, 3170, 630, 3170, 630, 240, 3170, 630, 3170, 630, 20, 140, 1520, 1520, 1500, 1520, 1520, 1520, 2660, 20, 80, 0, 430, 0, 2660, 0, 430, 2660, 430, 20, 520, 20, 20, 430, 2660, 20, 430, 2660, 0, 0, 20, 30, 3610, 30, 240, 3840, 520, 3840, 3840, 20, 520, 240, 20, 3840, 30, 3840, 30, 30, 520, 20, 520, 20, 520, 1670, 12130, 170, 690, 2770, 4010, 1580, 170, 2770, 2770, 12130, 170, 690, 1670, 2330, 12130, 12130, 1670, 1580, 170, 690, 12130, 1670, 2310, 2770, 170, 690, 1670, 690, 150, 10, 10, 150, 120, 10, 10, 10, 150, 10, 2750, 150, 120, 10, 120, 10, 150, 10, 120, 120, 10, 50, 80, 2450, 80, 3340, 3340, 750, 750, 750, 100, 80, 3340, 40, 80, 320, 750, 80, 3340, 100, 100, 750, 50, 3340, 100, 100, 1280, 90, 4380, 1280, 4380, 0, 420210, 3800, 4380, 1280, 4380, 1280, 4380, 1280, 10, 220, 620, 220, 10, 220, 110, 220, 10, 220, 10, 10, 770, 50, 50, 770, 50, 770, 50, 770, 770, 690, 50, 160, 140, 7330, 140, 160, 160, 7330, 140, 160, 160, 140, 140, 520, 3160, 1670, 280, 4630, 4630, 520, 4630, 20, 4630, 520, 4630, 3160, 520, 520, 1670, 620, 140, 200, 140, 620, 30, 10, 140, 620, 140, 620, 140, 620, 70, 70, 70, 70, 70, 0, 330, 9790, 330, 1270, 330, 1270, 1270, 1270, 240, 600, 0, 9790, 330, 0, 0, 330, 0, 1270, 240, 8890, 40, 40, 40, 240, 40, 40, 1580, 4160, 740, 1580, 740, 1310, 4160, 1580, 4160, 1580, 4160, 740, 4160, 1580, 740, 1310, 1310, 1310, 1310, 740, 2080, 620, 610, 140, 100, 340, 620, 2080, 620, 2080, 340, 100, 620, 150, 610, 340, 100, 2080, 340, 100, 620, 2080, 340, 100, 620, 140, 890, 890, 890, 14080, 500, 890, 890, 50, 50, 50, 50, 50, 20, 600, 20, 3170, 600, 20, 600, 20, 600, 20, 600, 280, 280, 780, 280, 780, 400, 23620, 280, 780, 280, 780, 780, 2580, 10, 20, 20, 20, 10, 20, 20, 80, 2580, 20, 20, 80, 2580, 20, 20, 10, 80, 20, 20, 80, 2580, 20, 10, 20, 10, 2580, 20, 80, 20, 8260, 8260, 8260, 8260, 8260, 50, 5330, 2330, 40, 2940, 2330, 40, 5330, 40, 5330, 900, 300, 1080, 2330, 40, 5330, 40, 50, 2940, 2330, 5330, 2940, 2940, 2330, 2940, 160, 150, 120, 30, 50, 30, 120, 620, 22500, 22500, 620, 620, 22500, 620, 120, 620, 22500, 22500, 270, 3480, 270, 3480, 270, 320, 30, 600, 270, 3480, 3480, 270, 3480, 3440, 110, 210, 320, 210, 3440, 3440, 210, 180, 200, 6650, 40, 3440, 110, 210, 210, 3440, 3260, 3300, 20, 3260, 100, 20, 20, 20, 3260, 10, 3260, 20, 3260, 70, 1400, 2250, 10, 750, 70, 10, 70, 70, 70, 180, 4040, 50, 50, 4040, 180, 180, 170, 4040, 180, 4040, 50, 4040, 180, 50, 50, 270, 820, 500, 500, 280, 820, 270, 500, 280, 270, 280, 820, 270, 500, 280, 820, 280, 820, 270, 500, 3440, 1510, 370, 40, 370, 3440, 370, 370, 370, 1510, 50, 4900, 23620, 1700, 1290, 10, 10, 2560, 10, 10, 10, 1700, 1290, 4900, 1700, 2560, 1290, 4900, 4900, 10, 1700, 1290, 2560, 1700, 1290, 10, 10, 2560, 10, 2560, 10, 4900, 60, 80, 150, 230, 150, 150, 150, 80, 9680, 60, 9680, 10, 230, 80, 60, 120, 60, 80, 9680, 10, 9680, 60, 9680, 10, 80, 10, 150, 10, 3440, 3200, 10, 3440, 3200, 3440, 3200, 3200, 3440, 3440, 3200, 2470, 20, 1390, 550, 240, 550, 2470, 20, 550, 20, 2470, 20, 2470, 550, 2470, 550, 20, 20, 20, 20, 20, 20, 150, 2400, 10, 770, 890, 270, 150, 10, 270, 150, 2400, 520, 270, 150, 2400, 270, 270, 150, 10, 2400, 10, 10, 2400, 6600, 6600, 6600, 120, 6600, 6600, 170, 170, 170, 170, 170, 100, 1110, 100, 1110, 100, 1110, 100, 1110, 1110, 100, 1440, 420, 20, 20, 20, 420, 20, 10, 20, 420, 420, 420, 1440, 2760, 2760, 2760, 2760, 2760, 180, 1880, 180, 10, 150, 180, 180, 180, 2930, 11780, 1020, 2930, 1020, 2930, 11780, 3020, 1020, 2930, 0, 240, 11780, 3020, 50, 1020, 3020, 11780, 3020, 1020, 11780, 3020, 2930, 1450, 3790, 4040, 3790, 1450, 3790, 1450, 3790, 1450, 3790, 1450, 5460, 230, 16690, 230, 230, 16690, 0, 0, 330, 80, 0, 0, 230, 16690, 230, 16690, 0, 16690, 80, 160, 260, 100, 100, 100, 100, 790, 10, 120, 160, 120, 80, 790, 10, 80, 790, 160, 10, 80, 160, 120, 80, 790, 160, 10, 120, 10, 790, 100, 120, 13560, 50, 50, 9730, 50, 6600, 40, 90, 40, 90, 6600, 9730, 50, 13560, 40, 6600, 9730, 50, 50, 90, 9730, 50, 13560, 40, 90, 6600, 6600, 90, 9730, 50, 40, 50, 13560, 13560, 50, 240, 8340, 2570, 2670, 3340, 240, 430, 240, 3340, 2190, 430, 2190, 2670, 2190, 430, 2570, 8340, 2670, 2190, 430, 2670, 430, 2190, 240, 2670, 3340, 3340, 240, 10, 1060, 2500, 10, 1060, 2500, 10, 2500, 10, 1060, 2500, 10, 1060, 2500, 10, 1060, 2060, 2060, 2060, 10, 2060, 2060, 11300, 40, 370, 440, 440, 40, 440, 40, 710, 40, 40, 440, 440, 40, 1580, 8210, 8210, 20, 8210, 1580, 8210, 1580, 8210, 1580, 1580, 780, 780, 4150, 1070, 50, 1280, 280, 10, 780, 780, 780, 210, 3130, 210, 5020, 280, 280, 590, 20, 590, 20, 280, 150, 20, 20, 280, 150, 280, 150, 20, 150, 150, 590, 590, 110, 110, 110, 40, 110, 290, 40, 40, 110, 40, 40, 1830, 120, 180, 4380, 780, 260, 180, 180, 1830, 780, 180, 780, 180, 260, 4380, 780, 4380, 780, 260, 4380, 1830, 260, 1830, 260, 1830, 4380, 520, 1060, 520, 1060, 1060, 520, 1060, 520, 1060, 520, 880, 990, 800, 230, 480, 30, 30, 990, 990, 480, 800, 990, 800, 30, 880, 480, 990, 800, 30, 480, 800, 30, 0, 480, 1820, 1820, 1820, 2330, 740, 1820, 1820, 2400, 250, 250, 2400, 250, 2400, 250, 780, 2400, 250, 2400, 700, 210, 710, 700, 700, 12970, 12970, 12970, 12970, 210, 710, 210, 710, 210, 700, 12970, 710, 210, 700, 710, 40, 1830, 1830, 1830, 15920, 1830, 15920, 3470, 15920, 120, 1830, 15920, 15920, 1520, 190, 2140, 230, 230, 230, 230, 230, 2140, 0, 10, 230, 3820, 230, 0, 0, 10, 230, 0, 3820, 10, 0, 10, 10, 230, 230, 140, 1010, 3010, 1010, 140, 3010, 3010, 660, 0, 190, 140, 3010, 140, 3010, 140, 80, 1190, 4190, 4380, 1290, 1290, 1190, 4380, 1190, 1290, 1190, 30, 4380, 1190, 1290, 4380, 4380, 1290, 60, 320, 3270, 60, 60, 12970, 320, 60, 60, 10250, 1290, 10250, 1290, 10250, 1290, 10250, 1290, 10250, 1290, 1280, 1280, 7850, 60, 3580, 1280, 1280, 1280, 870, 400, 3430, 200, 200, 870, 200, 870, 3430, 180, 3430, 870, 200, 3430, 3430, 200, 870, 5710, 210, 2610, 1220, 210, 2610, 210, 1220, 3380, 210, 1220, 2610, 210, 2610, 1220, 1220, 2610, 240, 10, 1780, 710, 1240, 1970, 1970, 710, 1240, 1970, 710, 1970, 10, 1970, 710, 10, 1240, 10, 710, 10, 1240, 240, 1240, 2720, 980, 980, 280, 660, 980, 980, 980, 100, 100, 100, 100, 100, 100, 30, 30, 100, 30, 30, 30, 140, 110, 1440, 440, 110, 440, 1440, 110, 440, 440, 110, 440, 110, 2290, 2320, 120, 120, 2290, 4180, 2320, 120, 2290, 120, 2290, 120, 2290, 1550, 110, 4570, 1160, 1160, 1160, 3530, 1550, 110, 1160, 4570, 1160, 110, 110, 110, 48480, 3420, 48480, 48480, 48480, 48480, 70, 70, 70, 70, 4100, 70, 40, 20, 20, 20, 40, 40, 60, 20, 40, 40, 20, 260, 430, 50, 3530, 3530, 50, 3530, 430, 50, 3530, 50, 50, 3530, 1040, 1060, 4720, 30, 60, 6040, 1040, 4720, 1060, 60, 1040, 1060, 60, 1040, 6040, 4720, 60, 1040, 4720, 60, 6040, 6040, 4720, 6040, 1060, 1060, 1390, 1390, 1390, 1390, 1390, 4720, 30, 1340, 1340, 6480, 1340, 1340, 590, 6480, 590, 6480, 590, 6480, 590, 6480, 590, 1340, 250, 260, 60, 250, 800, 330, 60, 250, 250, 60, 250, 60, 60, 4900, 0, 70, 70, 70, 70, 70, 70, 70, 1090, 10, 70, 70, 70, 70, 70, 1790, 20, 28310, 28310, 28310, 4570, 1790, 1790, 4570, 28310, 1790, 4570, 4570, 1790, 28310, 4570, 140, 7070, 540, 690, 690, 80, 7070, 690, 540, 7070, 540, 690, 7070, 540, 690, 540, 140, 7070, 50, 120, 60, 1020, 80, 340, 10, 10, 1020, 10, 80, 1020, 80, 10, 10, 10, 10, 1020, 80, 10, 10, 10, 1020, 80, 380, 1340, 50, 40, 40, 12160, 40, 40, 40, 120, 340, 340, 340, 3530, 340, 340, 20, 730, 90, 360, 49230, 10, 10250, 730, 100, 10, 730, 20, 360, 90, 360, 10, 730, 360, 10, 360, 10, 730, 2330, 20, 200, 100, 100, 30, 30, 10, 20, 100, 2330, 100, 200, 100, 200, 200, 200, 2000, 2000, 20, 2000, 20, 2000, 20, 2000, 20, 20, 190, 140, 130, 620, 1010, 980, 1130, 1340, 1340, 980, 140, 1130, 1340, 140, 1130, 980, 130, 1010, 130, 1130, 140, 620, 1340, 980, 1010, 130, 980, 1130, 1010, 130, 140, 1340, 1010, 240, 240, 240, 240, 240, 960, 1220, 680, 9300, 960, 960, 680, 9300, 9300, 60, 960, 680, 1220, 1220, 960, 1220, 680, 1220, 680, 9300, 9300, 4610, 300, 70, 240, 4610, 4610, 240, 240, 300, 4610, 240, 4610, 240, 900, 0, 0, 0, 0, 2190, 0, 900, 2190, 900, 2190, 900, 0, 0, 2190, 900, 0, 10, 2190, 0, 0, 920, 180, 150, 140, 840, 180, 840, 180, 1180, 90, 140, 150, 5520, 140, 150, 1180, 140, 150, 1180, 180, 140, 150, 1180, 840, 840, 1180, 840, 180, 720, 7290, 6180, 1130, 460, 460, 460, 6180, 720, 7290, 460, 720, 720, 720, 460, 1150, 60, 200, 10, 650, 60, 650, 60, 650, 650, 10, 650, 60, 60, 400, 20, 50, 30, 35430, 2450, 30, 50, 2450, 30, 0, 2450, 35430, 400, 20, 0, 30, 400, 20, 50, 6120, 400, 20, 50, 2450, 35430, 30, 400, 2450, 30, 35430, 0, 0, 35430, 20, 0, 50, 10, 3960, 460, 0, 460, 460, 0, 460, 3960, 0, 10, 3960, 10, 460, 3960, 0, 10, 10, 3960, 0, 300, 970, 16210, 30, 25430, 1790, 30, 20, 2540, 20, 300, 25430, 25430, 300, 16210, 30, 30, 16210, 200, 970, 120, 16210, 30, 970, 200, 300, 20, 25430, 16210, 970, 200, 300, 20, 200, 970, 200, 25430, 20, 150, 150, 150, 150, 50, 510, 1790, 50, 1790, 510, 1790, 50, 510, 1790, 50, 510, 1790, 50, 510, 560, 3100, 2240, 40, 80, 28440, 40, 3100, 40, 3100, 50, 40, 40, 3100, 3100, 10010, 920, 20, 13940, 920, 920, 920, 920, 50, 110, 1080, 840, 110, 1080, 260, 110, 1080, 6290, 180, 270, 50, 1080, 50, 1080, 50, 110, 50, 110, 60, 100, 140, 140, 60, 100, 4880, 2110, 140, 60, 140, 60, 50, 60, 2110, 100, 100, 140, 100, 110, 2470, 7290, 10, 200, 110, 110, 110, 110, 3640, 4570, 3640, 3640, 3640, 3640, 30, 900, 450, 700, 100, 700, 30, 700, 100, 30, 100, 700, 450, 30, 100, 700, 100, 450, 30, 450, 450, 420, 1910, 420, 910, 420, 1910, 1910, 420, 950, 1910, 420, 1910, 20, 20, 20, 20, 20, 250, 3710, 60, 40, 40, 40, 250, 10, 3710, 60, 60, 250, 10, 40, 3710, 10, 60, 250, 10, 40, 3710, 250, 10, 3710, 60, 450, 1830, 1830, 450, 450, 450, 1830, 1830, 450, 1830, 900, 70, 900, 2040, 590, 9120, 2040, 900, 590, 9120, 2040, 590, 9120, 50, 100, 590, 9120, 2040, 900, 9120, 2040, 900, 590, 90, 130, 330, 330, 380, 130, 130, 330, 130, 380, 90, 3380, 130, 330, 330, 20, 340, 340, 20, 20, 20, 20, 340, 340, 340, 300, 630, 4440, 4440, 670, 4440, 4440, 670, 0, 4440, 670, 670, 670, 90, 1490, 90, 0, 1490, 90, 90, 100, 90, 40, 3590, 40, 40, 160, 3590, 40, 3590, 40, 3590, 3590, 100, 20, 60, 100, 100, 20, 100, 20, 100, 1880, 1160, 3710, 3710, 3710, 210, 4150, 660, 1160, 3710, 3710, 1160, 1160, 1160, 1880, 240, 180, 230, 180, 180, 230, 240, 180, 180, 1390, 10, 150, 10, 10, 150, 150, 1390, 130, 150, 10, 1390, 150, 1390, 10, 1390, 14110, 200, 30, 4280, 2900, 18720, 1020, 200, 4280, 18720, 200, 1020, 2900, 4280, 18720, 260, 79210, 500, 700, 200, 1020, 4280, 2900, 30, 18720, 200, 1020, 4280, 18720, 1020, 2900, 2900, 160, 620, 2350, 2350, 2350, 620, 2350, 2350, 620, 620, 620, 17640, 730, 14430, 60, 730, 60, 14430, 14430, 730, 250, 460, 60, 14430, 730, 14430, 730, 60, 60, 17640, 810, 1010, 810, 810, 740, 810, 810, 40, 2420, 2440, 1020, 60, 1020, 100, 60, 1020, 2420, 1020, 60, 60, 1020, 60, 90, 130, 200, 480, 90, 480, 200, 480, 130, 200, 130, 1640, 200, 130, 480, 90, 200, 130, 90, 480, 90, 1260, 3300, 5250, 3300, 3600, 1870, 2570, 5250, 3300, 3300, 3300, 1260, 480, 9640, 3940, 920, 9640, 330, 480, 330, 480, 330, 480, 330, 480, 3940, 330, 450, 450, 450, 790, 450, 450, 110, 20, 2790, 110, 110, 2790, 20, 2790, 20, 2790, 110, 2790, 20, 110, 20, 3560, 30, 870, 3560, 320, 2070, 980, 0, 120, 10, 10, 120, 120, 10, 10, 23000, 120, 23000, 10, 120, 410, 280, 20, 6640, 890, 15380, 20, 70, 6170, 740, 70, 20, 20, 15380, 20, 410, 6170, 740, 6170, 15380, 740, 5050, 20, 890, 410, 6170, 15380, 280, 6640, 740, 20, 20, 410, 6170, 15380, 740, 70, 20, 6640, 20, 410, 6640, 6640, 70, 70, 650, 650, 650, 650, 650, 10, 10, 1130, 1130, 10, 1130, 10, 10, 1130, 1130, 120, 1660, 1390, 1660, 1660, 120, 1660, 120, 1660, 120, 120, 3180, 480, 480, 110, 3180, 480, 110, 110, 60, 3180, 110, 480, 480, 3180, 3180, 110, 70, 4480, 23580, 280, 280, 23580, 70, 4480, 23580, 4480, 280, 70, 280, 4480, 70, 23580, 70, 23580, 280, 4480, 0, 950, 80, 150, 17370, 80, 10, 950, 10, 10, 0, 17370, 17370, 1190, 80, 80, 17370, 0, 10, 80, 17370, 0, 10, 0, 950, 950, 950, 4250, 840, 110, 0, 110, 110, 840, 110, 0, 0, 840, 4250, 110, 0, 840, 3870, 0, 840, 150, 860, 860, 860, 860, 150, 860, 150, 150, 150, 5120, 60, 3590, 120, 750, 1740, 3590, 1740, 1740, 3590, 5120, 120, 5120, 120, 570, 1740, 750, 5120, 120, 5120, 120, 1740, 3590, 3590, 3530, 980, 4820, 10, 240, 7190, 980, 4820, 7190, 880, 36950, 980, 7190, 3530, 4820, 980, 7190, 880, 7190, 880, 980, 4820, 4820, 880, 880, 2660, 16950, 2660, 70, 20, 2660, 2660, 2660, 7360, 170, 7360, 1210, 7360, 1210, 170, 0, 780, 100, 7360, 1210, 170, 1210, 7360, 1210, 170, 170, 1700, 1700, 120, 1340, 70, 770, 70, 190, 480, 190, 70, 1340, 1700, 190, 70, 9400, 20, 190, 1340, 1700, 70, 1700, 1340, 1340, 190, 30, 0, 400, 4470, 40, 1270, 200, 0, 200, 210, 600, 30, 0, 200, 200, 0, 210, 30, 30, 210, 20, 4470, 200, 0, 4470, 210, 30, 4470, 4470, 210, 1910, 1590, 2670, 280, 470, 95970, 3940, 5700, 1910, 60, 280, 470, 280, 3940, 470, 280, 470, 95970, 280, 1910, 470, 95970, 95970, 1910, 95970, 1910, 50, 50, 50, 60, 0, 50, 50, 40, 30, 3140, 120, 120, 3140, 120, 3140, 120, 300, 3140, 120, 300, 3140, 30, 30, 30, 30, 240, 1440, 590, 80, 240, 1440, 80, 240, 1440, 240, 1440, 80, 240, 1440, 80, 80, 270, 270, 270, 270, 200, 1320, 270, 580, 120, 570, 570, 570, 580, 120, 580, 120, 570, 580, 120, 580, 120, 570, 5430, 10, 10, 10, 5430, 10, 10, 5430, 5430, 5430, 250, 12630, 3520, 250, 80, 250, 80, 250, 80, 250, 80, 80, 560, 2940, 15850, 560, 5420, 690, 560, 560, 2940, 560, 10, 10, 10, 480, 480, 480, 480, 10, 480, 10, 5940, 230, 300, 2180, 2180, 230, 230, 5940, 2370, 5940, 300, 5940, 2180, 230, 300, 2180, 5940, 230, 300, 300, 2180, 3480, 10, 410, 410, 10, 3480, 10, 3480, 290, 2410, 720, 310, 410, 10, 410, 10, 3480, 3480, 410]"
2020-11-03 15:35:00+00:00,28894980,12,4330.0,"[140, 1240, 140, 1460, 140, 1240, 1240, 10720, 1460, 1240, 1460, 140, 1240, 1460, 1460, 70, 140, 820, 1010, 980, 1140, 1140, 820, 1140, 7190, 1140, 820, 820, 820, 1140, 0, 8900, 700, 700, 3080, 3080, 0, 3080, 8900, 8900, 0, 700, 3080, 8900, 0, 8900, 0, 700, 3080, 700, 2320, 2760, 5580, 5580, 2760, 5580, 5580, 5580, 240, 330, 4050, 4050, 240, 330, 50, 240, 330, 50, 5300, 1410, 240, 330, 50, 4050, 240, 330, 50, 4050, 4050, 50, 50, 7180, 50, 7180, 50, 7180, 50, 7180, 50, 7180, 3900, 4490, 0, 40, 40, 40, 40, 40, 5940, 3620, 10, 2920, 2920, 5940, 3620, 10, 10, 2920, 5940, 10, 2920, 5940, 10, 2920, 5940, 3620, 3620, 3620, 440, 80, 230, 50, 230, 50, 3010, 3010, 50, 440, 50, 80, 230, 440, 3010, 200, 120, 440, 440, 80, 230, 80, 230, 50, 80, 3010, 3010, 2240, 1950, 80, 1950, 50, 2240, 80, 10, 2240, 80, 1950, 2240, 80, 2240, 80, 1950, 1950, 1700, 170, 50, 640, 10, 300, 2120, 720, 1030, 510, 1030, 300, 720, 10, 510, 1030, 10, 300, 720, 300, 300, 10, 720, 510, 1030, 720, 10, 510, 1030, 510, 40, 5620, 390, 2520, 100, 200, 200, 200, 200, 200, 90, 90, 3140, 3140, 3140, 90, 1670, 3140, 90, 90, 3140, 3320, 20, 3320, 3320, 20, 180, 2630, 260, 3320, 20, 3320, 20, 20, 310, 370, 5940, 120, 8070, 80, 1020, 1020, 1020, 120, 5940, 310, 80, 4170, 120, 80, 1020, 5940, 120, 310, 80, 1020, 370, 5940, 120, 310, 80, 370, 310, 5940, 370, 370, 1290, 830, 1290, 830, 1290, 830, 1290, 830, 1290, 830, 430, 1270, 6990, 3230, 2020, 60, 3230, 1270, 890, 5440, 770, 60, 1270, 1270, 60, 890, 60, 20, 770, 890, 60, 20, 3230, 1270, 890, 770, 20, 3230, 770, 20, 3230, 890, 770, 3230, 950, 20, 30, 30, 30, 950, 20, 950, 310, 15370, 20, 950, 20, 30, 30, 950, 20, 30, 30, 2960, 2370, 270, 1070, 2370, 2370, 2960, 2960, 1070, 2370, 2960, 1070, 270, 2960, 1070, 270, 1070, 270, 2370, 270, 20, 2670, 26730, 340, 60, 20, 2670, 60, 60, 2670, 20, 2670, 60, 20, 2670, 60, 20, 3590, 1010, 620, 5790, 100, 100, 110, 12920, 100, 620, 1010, 100, 620, 100, 620, 620, 40, 970, 970, 40, 970, 40, 970, 970, 40, 40, 0, 3380, 60, 60, 640, 640, 60, 640, 60, 60, 0, 60, 60, 1050, 4090, 640, 60, 60, 60, 640, 3380, 0, 0, 0, 6320, 3760, 3500, 130, 120, 120, 120, 120, 120, 2080, 750, 2080, 750, 1560, 2080, 2080, 750, 2080, 750, 750, 5270, 5270, 5270, 5270, 870, 5270, 550, 420, 550, 420, 3530, 100, 550, 550, 550, 420, 420, 420, 24440, 4660, 24440, 24440, 24440, 24440, 230, 2460, 520, 40, 520, 40, 520, 2290, 2490, 40, 520, 520, 40, 40, 170, 5900, 120, 2880, 170, 25400, 2880, 5900, 6600, 100, 2880, 120, 2880, 5900, 170, 120, 170, 120, 2880, 5900, 170, 5900, 170, 120, 6710, 6710, 170, 6710, 170, 290, 310, 170, 6710, 170, 170, 6710, 32430, 32430, 100, 32430, 100, 32430, 100, 32430, 100, 100, 9460, 670, 40, 670, 500, 9460, 670, 40, 40, 40, 670, 40, 670, 9460, 9460, 9460, 3200, 1020, 160, 20, 20, 1020, 160, 20, 40, 40, 130, 1020, 20, 1020, 20, 3200, 1020, 160, 160, 160, 530, 1730, 530, 3730, 3940, 3730, 50, 530, 3730, 1730, 1730, 1730, 1730, 3730, 530, 530, 3730, 0, 3180, 60, 80, 70, 60, 80, 60, 3180, 0, 0, 4440, 9640, 3180, 80, 60, 3180, 0, 80, 60, 3180, 0, 80, 0, 2180, 3580, 950, 3580, 3580, 360, 3580, 950, 950, 670, 360, 950, 360, 950, 360, 3580, 360, 410, 1870, 4470, 4470, 4470, 1870, 1870, 2710, 4470, 410, 1870, 4470, 410, 1870, 410, 410, 130, 40, 40, 0, 40, 40, 0, 1870, 0, 40, 130, 0, 0, 40, 460, 10950, 130, 390, 130, 390, 10950, 390, 460, 130, 10950, 28480, 460, 390, 460, 130, 10950, 390, 460, 130, 10950, 5940, 740, 2120, 2120, 740, 5940, 740, 5940, 550, 890, 80, 2120, 740, 5940, 2120, 740, 5940, 2120, 10, 70, 10, 70, 70, 70, 70, 1270, 45800, 250, 160, 40, 0, 4810, 250, 160, 1270, 4810, 250, 45800, 40, 160, 0, 1420, 690, 14890, 45800, 0, 250, 4810, 45800, 40, 160, 1270, 0, 250, 4810, 45800, 40, 160, 1270, 0, 40, 1270, 4810, 1360, 19420, 730, 19420, 19420, 730, 730, 19420, 730, 19420, 730, 130, 40, 390, 2630, 390, 2630, 390, 300, 40, 2630, 2630, 40, 390, 2630, 40, 390, 40, 50, 50, 820, 50, 50, 2060, 2060, 10, 2060, 2060, 2060, 550, 90, 2070, 550, 550, 90, 90, 20, 160, 90, 550, 90, 550, 190, 70, 1090, 190, 180, 5610, 190, 190, 190, 190, 230, 520, 130, 520, 130, 130, 130, 520, 130, 520, 520, 90, 10, 180, 4640, 340, 140, 4640, 60, 40, 340, 10, 180, 340, 4640, 4640, 340, 340, 10, 180, 4640, 140, 140, 180, 140, 180, 140, 5810, 450, 5810, 70, 1900, 5810, 450, 5810, 450, 5810, 450, 450, 1760, 20, 780, 30, 20, 30, 20, 20, 280, 910, 70, 780, 1760, 30, 1760, 780, 1760, 30, 780, 780, 1760, 20, 30, 270, 10950, 760, 760, 760, 10950, 760, 10950, 50, 530, 10950, 760, 10950, 360, 1010, 10, 360, 10, 1010, 10, 360, 360, 1010, 10, 1010, 1010, 360, 10, 20, 250, 250, 250, 20, 250, 250, 20, 1760, 3940, 220, 220, 1760, 220, 3940, 1760, 220, 1760, 220, 1760, 360, 360, 60, 50, 320, 320, 360, 320, 320, 360, 320, 360, 270, 8280, 180, 1860, 2740, 140, 270, 8280, 1860, 1860, 8280, 900, 270, 0, 180, 8280, 180, 900, 1860, 140, 270, 8280, 180, 900, 1860, 140, 270, 900, 140, 900, 180, 140, 20, 20, 130, 130, 130, 20, 20, 20, 130, 20, 20, 130, 20, 20, 20, 20, 13800, 20, 910, 910, 13800, 20, 13800, 13800, 20, 910, 20, 13800, 20, 910, 20, 910, 1190, 10610, 2050, 30, 2120, 10610, 2120, 2120, 2120, 2120, 1310, 260, 1150, 260, 1150, 260, 1150, 1150, 260, 260, 1150, 2120, 310, 4320, 320, 4320, 50, 320, 310, 2120, 320, 4320, 1420, 8310, 4320, 310, 2120, 320, 310, 2120, 320, 4320, 310, 2120, 110, 7720, 370, 370, 110, 110, 210, 370, 110, 370, 110, 370, 160, 49840, 49840, 49840, 49840, 49840, 13910, 90, 8150, 120, 120, 120, 90, 8150, 90, 8150, 770, 560, 120, 8150, 120, 90, 8150, 90, 2610, 2480, 90, 10550, 2480, 2610, 510, 2610, 2480, 2480, 2610, 2610, 2480, 53180, 10, 3110, 770, 3110, 770, 53180, 770, 10, 10, 3110, 610, 470, 770, 53180, 10, 3110, 770, 53180, 10, 3110, 53180, 160, 410, 0, 160, 160, 0, 410, 0, 160, 0, 0, 160, 4070, 970, 50, 650, 50, 4070, 50, 650, 650, 4070, 50, 4070, 50, 650, 4070, 650, 4180, 820, 110, 10, 110, 4180, 820, 110, 820, 110, 820, 110, 820, 15010, 100, 100, 520, 100, 520, 520, 520, 100, 520, 100, 30, 250, 450, 530, 530, 450, 250, 450, 530, 250, 130, 450, 450, 530, 250, 530, 450, 250, 0, 1080, 2770, 1080, 0, 2770, 1080, 1080, 0, 2770, 10, 0, 1080, 0, 2770, 2770, 30, 20, 900, 900, 2170, 520, 2170, 90, 2170, 20, 520, 20, 90, 520, 900, 520, 2170, 900, 2170, 20, 90, 900, 20, 90, 520, 90, 0, 870, 870, 0, 870, 0, 0, 870, 870, 0, 1400, 4950, 4180, 4950, 4180, 4950, 4180, 4180, 1400, 4180, 1400, 4950, 4950, 1400, 1400, 1990, 190, 5310, 170, 190, 1990, 1990, 1990, 5310, 190, 5310, 1990, 5310, 190, 5310, 190, 1400, 1720, 1400, 1400, 210, 250, 430, 1720, 1400, 1720, 1400, 1720, 1720, 100, 5750, 2690, 190, 60, 15800, 4850, 190, 2690, 5750, 190, 15800, 190, 5750, 100, 2690, 15800, 60, 15800, 60, 190, 100, 2690, 5750, 60, 100, 2690, 15800, 5750, 60, 100, 60, 180, 11440, 340, 1370, 340, 60, 120, 3560, 340, 340, 340, 50, 70, 70, 9470, 9470, 70, 9470, 50, 70, 70, 9470, 50, 50, 50, 9470, 2520, 150, 150, 840, 150, 150, 150, 190, 10, 40, 8220, 40, 40, 10, 3860, 10, 10, 10, 40, 40, 420, 229280, 3640, 60, 229280, 60, 60, 229280, 40, 840, 229280, 60, 229280, 60, 2370, 440, 0, 0, 0, 0, 0, 30, 1020, 2370, 380, 380, 380, 20, 50, 70, 30, 70, 380, 1020, 30, 30, 70, 1020, 380, 70, 30, 70, 1020, 1020, 2620, 450, 40, 1510, 850, 2200, 2810, 1510, 850, 2620, 2200, 2810, 450, 470, 1040, 2810, 1510, 850, 450, 1510, 850, 2200, 2810, 450, 850, 2200, 1510, 2620, 2620, 450, 2200, 2620, 2810, 900, 1380, 150, 5900, 10380, 150, 1380, 5900, 10380, 1380, 5900, 150, 10380, 4740, 1380, 10380, 1380, 5900, 150, 10380, 5900, 150, 530, 60, 10, 2550, 100, 100, 10, 2550, 10, 60, 10, 100, 60, 2550, 2550, 530, 10, 60, 60, 100, 100, 2550, 40, 800, 280, 180, 420, 2080, 180, 40, 180, 2080, 40, 2080, 800, 180, 40, 2080, 280, 800, 180, 40, 800, 2080, 800, 30, 1700, 330, 330, 30, 330, 30, 250, 420, 250, 250, 30, 250, 330, 250, 330, 30, 39210, 50, 50, 50, 50, 50, 50, 50, 50, 39210, 50, 50, 350, 710, 6100, 200, 240, 710, 710, 350, 710, 350, 710, 350, 350, 760, 3340, 170, 730, 3340, 170, 730, 1850, 130, 50, 3340, 3340, 170, 730, 3340, 170, 730, 170, 730, 5500, 2840, 40, 1740, 2840, 2840, 20, 50, 40, 40, 2840, 40, 2840, 5500, 1740, 40, 4060, 4060, 4060, 4060, 80, 4060, 560, 560, 560, 560, 560, 7810, 2610, 0, 280, 0, 280, 7810, 2610, 390, 10, 7810, 0, 280, 7810, 280, 0, 7810, 2610, 2610, 0, 2610, 280, 1890, 5850, 1890, 5850, 1890, 5850, 1890, 5850, 5850, 1890, 5580, 50, 2100, 40, 200, 2100, 2100, 5580, 40, 2100, 200, 3210, 5580, 820, 4740, 1310, 200, 3210, 40, 3210, 5580, 2100, 40, 200, 50, 3210, 5580, 40, 3210, 200, 310, 310, 40, 310, 310, 310, 1520, 10, 4110, 130, 80, 270, 40, 4110, 130, 80, 40, 50, 130, 80, 130, 4110, 40, 130, 4110, 40, 20, 40, 1520, 4110, 1520, 1520, 80, 1520, 80, 250, 4050, 4050, 250, 40, 250, 250, 250, 4050, 4050, 4050, 20, 20, 80, 20, 5980, 20, 80, 20, 80, 80, 80, 1320, 2340, 27070, 640, 3300, 40, 640, 70, 640, 640, 27070, 27070, 640, 27070, 27070, 4690, 11440, 4690, 4690, 8100, 7440, 50, 11440, 4690, 11440, 11440, 4690, 11440, 1840, 100, 100, 1840, 1840, 1840, 1840, 100, 100, 100, 340, 340, 340, 7110, 340, 340, 4060, 5460, 10, 19580, 19580, 1090, 1090, 4060, 5460, 1090, 19580, 110, 5710, 700, 560, 5460, 4060, 19580, 19580, 1090, 1090, 4060, 5460, 4060, 5460, 1170, 80, 1170, 1170, 80, 1170, 1170, 430, 20, 439560, 439560, 439560, 430, 20, 439560, 430, 20, 439560, 430, 20, 430, 20, 0, 2700, 1290, 2670, 3720, 1290, 2700, 1240, 1240, 2670, 1240, 90, 3720, 0, 2670, 0, 1290, 1240, 1290, 3720, 2700, 1240, 1290, 3720, 0, 2670, 2700, 3720, 2700, 0, 2670, 130, 640, 10, 20, 630, 110, 9120, 3950, 9120, 110, 9120, 110, 630, 9120, 60, 110, 9120, 110, 170, 170, 430, 180, 60, 1730, 210, 1730, 180, 60, 110, 60, 1730, 180, 210, 180, 210, 60, 210, 1730, 180, 1730, 210, 60, 70, 1180, 70, 70, 70, 70, 180, 2450, 2450, 1980, 2450, 180, 2450, 1980, 180, 1980, 2450, 180, 1980, 180, 1980, 210, 140, 600, 5130, 430, 350, 840, 240, 740, 2860, 740, 740, 660, 350, 240, 2860, 110, 740, 2860, 430, 660, 110, 240, 240, 430, 660, 740, 110, 2860, 660, 110, 2860, 840, 350, 240, 430, 660, 110, 350, 350, 430, 650, 650, 650, 120, 650, 650, 80, 30, 10, 80, 10, 1250, 650, 690, 690, 80, 650, 80, 80, 2580, 1250, 690, 10, 80, 80, 1250, 690, 10, 80, 10, 1250, 80, 1250, 650, 690, 650, 650, 80, 300, 300, 290, 300, 300, 300, 10, 1820, 1400, 1400, 30, 1400, 10, 10, 1400, 10, 1400, 10, 1670, 560, 20, 390, 240, 240, 1670, 240, 240, 240, 340, 340, 340, 340, 340, 60, 740, 930, 60, 122120, 10, 60, 122120, 122120, 740, 122120, 740, 122120, 60, 740, 740, 60, 3070, 3160, 3070, 10, 40, 6930, 3160, 3070, 3160, 3160, 3160, 3070, 3070, 4160, 990, 30, 990, 990, 30, 4160, 30, 4160, 30, 4160, 30, 4160, 990, 990, 330, 130, 330, 130, 130, 130, 330, 21330, 40, 330, 330, 120, 130, 64670, 64670, 64670, 64670, 70, 20, 64670, 1070, 13910, 600, 200, 200, 140, 140, 600, 140, 1070, 600, 200, 200, 1070, 140, 1070, 600, 1070, 600, 140, 200, 290, 100, 4400, 4400, 100, 4400, 4400, 4400, 70, 340, 70, 70, 70, 70, 990, 2260, 2260, 2260, 2260, 2260, 380, 250, 62640, 3790, 3230, 3230, 3790, 430, 3230, 430, 120, 20, 6420, 62640, 3790, 430, 3230, 62640, 3790, 430, 430, 62640, 62640, 3790, 3230, 2720, 350, 1470, 1470, 690, 300, 2720, 2720, 160, 1470, 1470, 2720, 350, 1470, 2720, 110, 190, 220, 190, 220, 190, 120, 220, 190, 190, 220, 2800, 710, 710, 710, 2800, 180, 1360, 710, 2800, 2800, 710, 2800, 540, 5370, 530, 390, 390, 540, 5370, 5370, 540, 390, 460, 850, 540, 540, 390, 5370, 390, 5370, 90, 1360, 430, 90, 90, 90, 90, 50, 2590, 10, 10, 10, 150, 2590, 50, 2590, 2590, 2590, 50, 10, 10, 50, 50, 43180, 50, 50, 820, 43180, 50, 70, 820, 820, 820, 43180, 50, 50, 43180, 820, 43180, 1730, 20, 2200, 2200, 20, 1730, 250, 60, 1730, 2200, 2200, 20, 20, 1730, 20, 1730, 2200, 160, 10, 50, 50, 10, 160, 20, 10, 160, 160, 50, 50, 10, 160, 50, 10, 90, 50, 2670, 50, 3170, 40, 30, 30, 50, 30, 2720, 30, 2460, 2720, 2670, 3170, 2460, 2670, 90, 50, 3170, 2670, 2720, 3170, 2460, 90, 90, 50, 2720, 2670, 3170, 2460, 90, 2720, 30, 50, 50, 2460, 60, 2160, 5060, 60, 60, 2160, 2160, 60, 60, 2160, 5060, 5060, 60, 2160, 5060, 5060, 10, 110, 1880, 1880, 110, 1880, 110, 1880, 1880, 110, 110, 30, 220, 0, 90, 0, 30, 220, 30, 220, 90, 0, 160, 0, 160, 90, 30, 220, 160, 160, 0, 90, 30, 220, 160, 90, 2920, 460, 360, 540, 460, 440, 440, 460, 2920, 2920, 30, 440, 540, 2920, 440, 440, 460, 2920, 540, 360, 540, 540, 460, 10, 970, 120, 120, 970, 10, 970, 10, 3830, 750, 120, 10, 10, 120, 970, 120, 970, 3470, 3470, 50, 3470, 50, 3470, 50, 3470, 50, 50, 4380, 90, 2890, 2890, 2890, 220, 90, 4380, 2890, 2890, 4380, 220, 90, 4380, 220, 90, 4380, 90, 220, 210, 1370, 1370, 210, 260, 260, 210, 260, 1370, 210, 5680, 1370, 260, 1370, 210, 260, 5370, 10, 20, 4420, 0, 240, 4420, 240, 240, 40, 4420, 40, 240, 20, 30, 20, 40, 4420, 40, 40, 4420, 20, 240, 20, 170, 1630, 17410, 17410, 170, 17410, 170, 1630, 1130, 17410, 170, 17410, 170, 1630, 1630, 1630, 9040, 240, 220, 220, 220, 240, 220, 220, 240, 240, 240, 3650, 200, 0, 10, 30, 4320, 1220, 10, 10, 1040, 10, 0, 200, 1040, 200, 60, 10, 1040, 200, 1040, 0, 0, 1040, 0, 200, 90, 10, 11250, 10, 280, 0, 90, 280, 10, 280, 90, 120, 90, 0, 90, 0, 280, 0, 90, 10, 0, 280, 10, 2630, 20, 110, 160, 20, 110, 40, 110, 20, 2630, 160, 2630, 110, 20, 2630, 110, 20, 2630, 2930, 520, 250, 450, 150, 150, 250, 390, 2930, 450, 220, 80, 450, 2930, 250, 150, 2930, 150, 150, 450, 2930, 450, 250, 250, 330, 20, 1040, 20, 12210, 17170, 20, 12210, 1040, 12210, 12210, 1040, 0, 20, 1040, 20, 12210, 1040, 350, 5910, 6180, 1090, 310, 110, 3110, 350, 5910, 350, 5910, 1500, 110, 1090, 3800, 90, 110, 350, 5910, 1500, 1090, 1500, 5910, 350, 110, 1090, 1500, 110, 1090, 1500, 6180, 260, 0, 10, 130, 0, 10, 10, 260, 0, 260, 0, 260, 10, 260, 10, 0, 230, 70, 23800, 1180, 70, 1180, 0, 290, 1180, 70, 1180, 70, 230, 1180, 70, 180, 140, 1500, 730, 90, 80, 730, 1500, 1500, 90, 730, 1500, 380, 3940, 840, 1500, 140, 90, 90, 730, 140, 90, 140, 140, 730, 1690, 1690, 430, 430, 430, 430, 430, 2700, 180, 260, 2540, 2540, 2700, 2540, 180, 180, 190, 3840, 2540, 190, 2700, 180, 190, 2700, 2540, 180, 260, 190, 60, 190, 2700, 990, 220, 220, 165570, 220, 0, 165570, 220, 165570, 165570, 165570, 220, 480, 30, 1160, 480, 1160, 8480, 190, 480, 480, 1160, 1160, 1160, 480, 760, 760, 760, 1220, 70, 760, 760, 16460, 5080, 30, 30, 40, 40, 40, 30, 5080, 380, 80, 80, 40, 80, 5080, 16460, 80, 30, 80, 5080, 30, 40, 5080, 320, 410, 13530, 22910, 30, 410, 410, 490, 320, 410, 490, 30, 320, 30, 320, 30, 490, 410, 30, 490, 320, 490, 50, 100, 30420, 10, 520, 20, 520, 10, 100, 30420, 70, 10, 20, 100, 50, 70, 30420, 50, 70, 10, 520, 50, 70, 20, 20, 520, 50, 70, 30420, 100, 20, 10, 520, 100, 30420, 240, 9680, 180, 1360, 1410, 350, 1410, 350, 350, 1410, 1410, 350, 1410, 350, 2520, 1630, 340, 330, 520, 150, 330, 340, 50, 60, 60, 50, 340, 330, 520, 60, 60, 330, 520, 50, 340, 520, 60, 50, 340, 520, 50, 330, 690, 1800, 350, 40, 600, 1480, 10, 350, 1480, 600, 1800, 40, 10, 90, 350, 1480, 10, 1800, 350, 40, 90, 90, 600, 1480, 8880, 1800, 350, 40, 10, 1800, 600, 40, 1480, 600, 10, 560, 110, 3830, 7820, 890, 890, 560, 7820, 3830, 7820, 19580, 890, 110, 560, 110, 890, 560, 3830, 7820, 3830, 3830, 7820, 110, 890, 110, 560, 2150, 1510, 1510, 2150, 1510, 2150, 2150, 1510, 2150, 1510, 680, 320, 680, 680, 680, 8980, 270, 680, 70, 6730, 110, 140, 3460, 1930, 140, 3460, 110, 1930, 140, 3460, 110, 1930, 1440, 140, 3460, 110, 1930, 1440, 140, 3460, 110, 1930, 1440, 1440, 1440, 990, 30, 1280, 340, 30, 13240, 30, 340, 990, 1280, 30, 30, 450, 0, 450, 450, 450, 450, 17170, 20, 17170, 20, 17170, 17170, 20, 20, 17170, 20, 3540, 3540, 2770, 3540, 2770, 3540, 2770, 10, 2770, 2770, 3540, 0, 1160, 4790, 60, 4790, 0, 2480, 0, 2650, 0, 4790, 0, 4790, 1160, 1160, 0, 4790, 1160, 1160, 360, 10, 360, 360, 1020, 5870, 40, 360, 360, 2030, 70, 140, 70, 70, 100, 2030, 2030, 15110, 1580, 1360, 60, 100, 100, 100, 70, 100, 2030, 70, 2030, 1250, 1250, 1250, 10580, 30, 1250, 1250, 2460, 10, 2460, 320, 320, 2460, 320, 120, 320, 2460, 2460, 320, 0, 370, 370, 3410, 370, 370, 0, 370, 7430, 40, 11440, 140, 40, 12510, 30, 80, 12510, 12510, 30, 30, 12510, 30, 12510, 30, 30770, 30770, 30770, 90, 30770, 30770, 530, 250, 5820, 5820, 370, 5820, 530, 250, 5820, 0, 5820, 3420, 20, 370, 4720, 370, 4720, 370, 3420, 30, 4720, 4720, 370, 4720, 370, 1360, 1770, 1770, 1360, 230, 1770, 1770, 1360, 1770, 1360, 1360, 3700, 3700, 100, 100, 120, 100, 120, 290, 120, 290, 3700, 120, 290, 70, 60, 290, 290, 3700, 100, 3700, 100, 120, 110, 50, 180, 3900, 236680, 236680, 180, 3900, 0, 1720, 3900, 180, 3900, 180, 20, 236680, 236680, 3900, 236680, 180, 90, 60, 7380, 90, 60, 1420, 40, 3530, 1420, 1420, 1420, 1420, 2390, 1320, 230, 2390, 1320, 11410, 90, 2390, 1320, 2390, 1320, 230, 2390, 1320, 230, 230, 230, 3260, 1550, 1550, 3260, 1550, 3260, 3260, 1550, 3260, 1550, 790, 80, 80, 80, 80, 80, 3580, 20, 270, 960, 960, 270, 270, 160, 30, 960, 3580, 270, 960, 270, 960, 60, 50, 50, 50, 60, 450, 50, 60, 60, 50, 60, 460, 2690, 5700, 5700, 5700, 5700, 190, 40, 600, 40, 190, 40, 190, 2690, 190, 2690, 2690, 190, 40, 2690, 40, 5700, 740, 180, 180, 740, 740, 740, 740, 11420, 10, 580, 80, 10, 3760, 60, 10, 10, 580, 580, 10, 580, 580, 80, 560, 9800, 80, 560, 560, 50, 30370, 80, 80, 560, 80, 560, 40, 320, 2800, 370, 200, 40, 930, 990, 50, 10, 50, 930, 50, 50, 50, 220, 50, 140, 50, 1570, 50, 50, 220, 1570, 220, 1570, 220, 1570, 220, 1570, 50, 1670, 1560, 600, 1670, 1670, 1560, 1560, 1560, 1670, 1560, 1670, 5440, 180, 30, 10, 1260, 200, 10, 200, 1260, 200, 180, 30, 1260, 5440, 180, 30, 200, 1260, 5440, 30, 10, 200, 30, 1260, 5440, 5440, 10, 180, 180, 10, 16400, 60, 60, 20, 560, 560, 560, 60, 20, 60, 16400, 30, 20, 16400, 20, 560, 20, 16400, 60, 16400, 560, 8830, 40, 40, 20, 40, 40, 8830, 40, 3110, 540, 120, 1270, 680, 270, 120, 540, 120, 3110, 4480, 30, 4480, 4480, 1270, 30, 3110, 1390, 90, 1270, 540, 30, 3110, 4480, 1270, 680, 540, 30, 3110, 4480, 30, 120, 540, 1270, 120, 1810, 4330, 50, 560, 1810, 50, 4330, 560, 560, 4330, 4330, 1810, 4330, 560, 1810, 50, 1810, 50, 560, 50, 310, 2690, 3460, 70, 2690, 30, 310, 2690, 310, 70, 2690, 30, 310, 2690, 3460, 70, 310, 70, 30, 70, 30, 30, 20, 3050, 1550, 200, 20, 200, 1550, 3050, 200, 200, 200, 1330, 0, 390, 780, 3530, 780, 1330, 390, 740, 14560, 490, 3530, 1330, 390, 780, 1330, 390, 3530, 3530, 3530, 780, 780, 1330, 390, 120, 280, 3940, 10, 260, 120, 10, 20, 3940, 10, 10, 20, 20, 10, 20, 20, 8830, 240, 50, 6500, 8830, 8830, 8830, 8830, 5130, 10390, 5130, 10390, 10390, 70, 5130, 10390, 130, 660, 5130, 10390, 5130, 560, 0, 510, 200, 0, 560, 560, 0, 200, 4780, 560, 0, 0, 560, 200, 200, 200, 30, 200, 200, 30, 200, 30, 1520, 520, 200, 30, 30, 200, 40, 290, 4000, 40, 70, 260, 130, 180, 8150, 7950, 7950, 7950, 10, 110, 10, 8150, 70, 70, 7950, 130, 180, 8150, 260, 130, 70, 8150, 7950, 130, 70, 130, 8150, 420, 330, 370, 480, 1470, 2480, 160, 420, 1470, 420, 2480, 330, 20380, 10, 3850, 15270, 3610, 2480, 160, 330, 370, 2480, 1470, 160, 330, 1470, 420, 2480, 420, 160, 330, 1470, 160, 230, 610, 230, 230, 10, 610, 10, 0, 20, 610, 230, 610, 10, 610, 10, 230, 10, 260, 350, 2000, 930, 350, 80, 350, 80, 2000, 260, 2000, 260, 930, 260, 350, 930, 80, 2000, 260, 350, 80, 930, 930, 2000, 80, 1810, 130, 130, 0, 130, 130, 130, 2210, 230, 7370, 810, 400, 1720, 110, 400, 400, 810, 400, 810, 810, 810, 400, 360, 3780, 360, 360, 3780, 3780, 360, 3780, 360, 3780, 2370, 260, 0, 0, 0, 0, 0, 7480, 240, 11790, 7480, 7480, 7480, 7480, 740, 740, 2670, 630, 740, 740, 630, 740, 2670, 2670, 740, 630, 740, 630, 2670, 2670, 740, 740, 630, 740, 50, 20, 6420, 50, 50, 6420, 0, 6420, 50, 6420, 50, 120, 5130, 6420, 1920, 220, 20, 290, 420, 330, 10, 16140, 120, 420, 40, 120, 330, 420, 120, 330, 420, 120, 120, 10, 16140, 120, 120, 16140, 120, 16140, 120, 330, 16140, 120, 330, 420, 100, 410, 30, 210, 10, 30, 210, 110, 180, 3720, 210, 30, 10, 30, 210, 210, 30, 10, 10, 10, 460, 460, 460, 110, 460, 460, 100, 1310, 1310, 100, 360, 100, 360, 360, 100, 1310, 360, 10110, 1310, 1310, 100, 360, 1130, 740, 1130, 1130, 50, 10, 190, 50, 1130, 50, 50, 1130, 50, 370, 7820, 4420, 7820, 4420, 4420, 4420, 4420, 7820, 7820, 7820, 4260, 100, 990, 4260, 190, 80, 470, 90, 780, 90, 90, 90, 90, 7560, 7560, 2560, 2560, 2560, 7560, 1640, 9170, 2560, 7560, 2560, 7560, 50, 310, 8560, 0, 8560, 0, 0, 50, 50, 8560, 8560, 50, 310, 0, 8560, 0, 50, 730, 730, 20, 250, 20, 20, 250, 730, 250, 730, 80, 250, 20, 250, 730, 20, 310, 7560, 1420, 30, 30, 1420, 7560, 30, 1630, 1420, 7560, 30, 1420, 7560, 30, 1420, 7560, 4360, 50, 4360, 20, 4360, 4360, 20, 50, 20, 50, 50, 4360, 20, 20, 50, 40, 0, 0, 26030, 0, 26030, 0, 26030, 40, 0, 26030, 26030, 20, 50, 50, 50, 20, 15560, 50, 50, 20, 20, 20, 1920, 1330, 1920, 1920, 1920, 1920, 7710, 1450, 21700, 7710, 40, 7710, 80, 1450, 80, 1450, 80, 260, 2370, 80, 1450, 80, 1450, 19550, 7710, 7710, 50, 160, 3700, 340, 160, 190, 190, 160, 190, 6580, 1210, 160, 190, 3700, 160, 190, 560, 0, 8980, 60, 8820, 8820, 0, 560, 8820, 0, 560, 60, 0, 560, 0, 60, 560, 8820, 60, 60, 8820, 790, 1660, 1220, 790, 1660, 790, 770, 20, 2760, 1660, 1660, 1660, 790, 790, 10, 120, 1070, 120, 220, 220, 10, 120, 10, 40, 20, 1250, 4530, 220, 220, 40, 120, 10, 40, 120, 10, 220, 40, 40, 80, 10, 30, 10, 30, 80, 10, 30, 80, 5300, 13910, 30, 80, 10, 80, 10, 30, 40, 650, 63220, 40, 90, 40, 650, 90, 90, 40, 1720, 63220, 90, 650, 90, 63220, 650, 63220, 650, 40, 63220, 320, 760, 540, 1130, 760, 760, 540, 540, 1130, 760, 760, 540, 540, 1610, 370, 370, 370, 1610, 370, 370, 1610, 1610, 1610, 4780, 6840, 4270, 180, 4270, 4270, 530, 4270, 4270, 6710, 230, 150, 2250, 60, 2250, 150, 230, 2250, 450, 150, 2250, 230, 60, 150, 2250, 230, 60, 230, 60, 150, 60, 16640, 760, 10, 16640, 330, 10, 330, 10, 330, 16640, 760, 330, 330, 16640, 16640, 10, 10, 690, 310, 2600, 1620, 3110, 2960, 3110, 2600, 690, 310, 2960, 690, 310, 3110, 2960, 0, 690, 310, 3110, 2960, 3110, 690, 310, 2600, 2960, 1620, 2600, 2600, 770, 30, 1050, 1380, 2330, 1050, 1380, 1050, 2330, 1380, 2330, 240, 50, 2330, 1380, 1050, 1380, 1050, 2330, 1490, 510, 2210, 510, 2420, 2210, 510, 1490, 510, 4150, 1490, 1490, 2420, 1490, 2210, 2210, 2210, 510, 1020, 60, 160, 180, 20, 60, 20, 20, 20, 1020, 160, 60, 1020, 160, 20, 60, 180, 160, 1020, 160, 20, 60, 1020, 30, 6200, 1270, 6200, 6200, 6200, 1270, 1270, 30, 30, 1270, 30, 1270, 30, 6200, 440, 30, 310, 10, 1410, 30, 30, 310, 310, 310, 30, 40, 310, 30, 10440, 3820, 3820, 20, 2260, 280, 3820, 3820, 3820, 120, 850, 850, 850, 0, 1220, 850, 850, 10]"
2020-11-03 15:40:00+00:00,9673300,6,3898.0,"[2380, 120, 540, 540, 540, 2380, 120, 120, 2380, 120, 540, 2380, 120, 540, 2380, 30, 320, 70, 70, 860, 70, 70, 860, 70, 320, 3790, 450, 450, 450, 450, 450, 1570, 2060, 460, 70, 460, 460, 70, 70, 70, 460, 2060, 70, 1570, 460, 13360, 150, 180, 50, 13360, 50, 50, 150, 50, 50, 13360, 180, 150, 13360, 150, 13360, 150, 30, 300, 4070, 240, 1490, 4070, 240, 4070, 30, 240, 4070, 4070, 300, 30, 240, 30, 360, 240, 30, 220, 1420, 30, 10490, 130, 1420, 130, 130, 1420, 10490, 130, 10490, 30, 1420, 220, 1420, 860, 10490, 130, 10490, 12710, 190, 190, 2180, 190, 12710, 190, 190, 620, 260, 30, 260, 8830, 260, 260, 260, 2950, 240, 60, 4700, 60, 240, 60, 30, 60, 240, 4700, 60, 4700, 60, 240, 2950, 2950, 4700, 2950, 2950, 4700, 240, 4720, 160, 400, 400, 4720, 90, 400, 4720, 400, 4720, 160, 4720, 400, 3460, 10, 8670, 4960, 180, 4220, 4960, 4220, 4220, 180, 4220, 180, 8670, 4960, 180, 4960, 4220, 180, 4960, 90, 20, 320, 320, 320, 320, 90, 90, 320, 90, 90, 840, 300, 180, 1920, 2030, 30, 300, 840, 20, 1920, 300, 2030, 840, 300, 840, 2030, 180, 1920, 300, 3970, 840, 2030, 1920, 2030, 1920, 70, 10, 940, 990, 260, 940, 3100, 1420, 3100, 1420, 940, 260, 990, 1420, 3100, 260, 990, 940, 940, 260, 1420, 3100, 990, 1420, 3100, 260, 990, 10, 480, 190, 480, 480, 10, 480, 190, 190, 480, 190, 190, 10, 10, 10, 320, 320, 320, 20, 320, 320, 1130, 600, 1490, 1490, 600, 230, 600, 230, 600, 1490, 30, 230, 1490, 600, 1490, 230, 230, 500, 750, 230, 750, 230, 500, 230, 500, 500, 230, 230, 500, 280, 10320, 280, 3420, 2180, 20, 140, 140, 180, 20, 140, 2180, 140, 20, 140, 20, 20, 460, 140, 2310, 5960, 140, 2310, 5960, 460, 140, 460, 5960, 460, 140, 2310, 5960, 140, 460, 2310, 5960, 2310, 90, 490, 90, 90, 490, 490, 90, 490, 490, 90, 370, 40, 580, 480, 580, 580, 580, 580, 10600, 370, 130, 110, 30, 30, 130, 30, 120, 430, 130, 110, 110, 30, 130, 110, 110, 30, 130, 5980, 5980, 20, 7690, 3370, 20, 850, 20, 20, 20, 3370, 490, 3010, 70, 490, 3010, 70, 490, 3010, 70, 490, 3010, 350, 70, 490, 3010, 70, 900, 800, 80, 5890, 800, 5890, 800, 5890, 800, 5890, 800, 5890, 260, 10, 50, 210, 50, 10, 10, 10, 2550, 80, 140, 140, 10, 140, 140, 10, 140, 2550, 630, 10, 10, 760, 20, 360, 360, 3180, 3180, 760, 3180, 20, 3180, 3180, 760, 1660, 760, 360, 760, 360, 20, 360, 20, 20, 230, 1550, 1340, 1030, 2900, 230, 1550, 230, 1550, 70, 1550, 230, 1030, 230, 1550, 1340, 1450, 1450, 1450, 1450, 1450, 3970, 450, 300, 300, 300, 450, 3970, 450, 300, 3970, 450, 300, 3970, 450, 3970, 3760, 90, 10, 90, 10, 3760, 90, 10, 3760, 90, 10, 3760, 90, 10, 3760, 4060, 1650, 3240, 3520, 4060, 1650, 3520, 4060, 3240, 190, 1650, 3520, 3240, 4060, 1650, 3240, 4060, 1650, 3240, 3520, 3520, 50, 160, 11850, 30, 30, 30, 50, 30, 50, 160, 11850, 160, 670, 30, 160, 160, 50, 11850, 11850, 50, 11850, 43510, 43510, 43510, 43510, 43510, 90, 270, 170, 170, 270, 240, 170, 660, 270, 270, 170, 40640, 270, 170, 1490, 40, 260, 10, 320, 320, 1490, 150, 40, 1490, 150, 320, 1490, 320, 40, 150, 1490, 10, 320, 40, 150, 40, 150, 10, 0, 10, 0, 0, 0, 10, 10, 10, 0, 1210, 160, 1210, 160, 160, 1210, 160, 1210, 1210, 160, 3820, 12220, 120, 120, 120, 120, 30, 120, 30, 120, 30, 30, 30, 10, 12220, 180, 480, 480, 20, 40, 480, 480, 480, 120, 1580, 1170, 62320, 62320, 1580, 1170, 60, 120, 62320, 62320, 1170, 120, 1580, 1170, 120, 1580, 1170, 1680, 120, 1580, 62320, 30, 190, 30, 30, 190, 20, 190, 8080, 20, 20, 30, 20, 30, 20, 190, 190, 40, 1820, 4510, 780, 800, 5890, 4510, 40, 800, 800, 40, 5890, 4510, 4510, 5890, 40, 800, 1820, 5890, 4510, 5890, 40, 800, 30, 2410, 100, 240, 100, 8820, 100, 240, 8820, 240, 2410, 100, 240, 8820, 240, 2410, 8820, 2410, 8820, 2410, 100, 70, 240, 70, 240, 70, 240, 20, 240, 240, 70, 70, 350, 10, 350, 350, 80, 350, 350, 1420, 220, 220, 220, 220, 220, 3670, 3820, 40, 30, 1750, 30, 30, 3670, 3670, 30, 40, 3670, 2070, 30, 3670, 20, 20, 18860, 2120, 20, 18860, 20, 10, 18860, 40, 20, 10, 10, 18860, 10, 18860, 10, 390, 840, 30, 490, 940, 940, 840, 490, 840, 490, 390, 290, 7110, 390, 940, 390, 840, 490, 940, 840, 940, 390, 490, 6330, 6330, 6330, 6330, 6330, 20, 40, 4860, 40, 220, 220, 220, 4860, 640, 740, 4860, 640, 4860, 40, 220, 4860, 40, 640, 640, 40, 220, 640, 3180, 3180, 3180, 3180, 3180, 380, 1390, 0, 10, 380, 1390, 130, 380, 1390, 0, 40, 440, 20, 380, 1390, 380, 0, 130, 1390, 130, 0, 130, 0, 130, 120, 10, 10, 10, 120, 8830, 120, 10, 120, 120, 10, 490, 2460, 360, 3140, 300, 300, 300, 360, 360, 10, 490, 360, 490, 6100, 3140, 490, 490, 360, 300, 3140, 300, 3140, 3140, 3530, 10, 3530, 3530, 3530, 3530, 10, 20, 250, 560, 8180, 30, 10, 8180, 10, 250, 8180, 10, 250, 210, 10, 250, 210, 10, 250, 210, 210, 210, 8180, 8180, 350, 980, 40, 10, 1980, 1980, 500, 350, 60, 10, 980, 350, 1980, 60, 500, 60, 500, 160, 350, 980, 60, 500, 980, 1980, 350, 10, 60, 500, 10, 32430, 980, 1980, 10, 1320, 940, 7010, 1320, 7010, 940, 4210, 1320, 1320, 7010, 940, 7010, 1320, 940, 7010, 940, 8560, 100, 2930, 40, 6670, 19560, 40, 20, 20, 6670, 20, 6670, 20, 6670, 40, 6670, 20, 40, 40, 230, 1580, 20, 0, 140, 1580, 20, 20, 0, 230, 20, 0, 230, 20, 0, 230, 1580, 20, 0, 230, 1580, 1580, 76920, 3530, 10, 10, 10, 76920, 60, 10, 76920, 10, 76920, 76920, 3530, 11370, 20, 20, 11370, 11370, 11370, 20, 11370, 20, 20, 170, 250, 3110, 9100, 170, 250, 3110, 3110, 250, 250, 3110, 250, 3110, 180, 180, 1390, 160, 1390, 180, 1390, 180, 1390, 180, 1390, 160, 390, 60, 190, 0, 4380, 290, 290, 0, 190, 290, 190, 290, 0, 190, 0, 290, 190, 0, 1070, 2250, 2250, 0, 2250, 2250, 2250, 1070, 240, 30, 30, 270, 240, 30, 240, 240, 30, 270, 240, 2410, 30, 130, 1640, 1640, 290, 60, 350, 350, 350, 60, 350, 60, 20, 50, 60, 350, 60, 4600, 4600, 4600, 4600, 4600, 1480, 1350, 40, 240, 2470, 240, 1480, 240, 1480, 20, 200, 1390, 1480, 240, 1480, 40, 240, 10, 50, 10, 9690, 9690, 50, 10, 3900, 50, 50, 10, 9690, 50, 10, 9690, 9690, 50, 90, 120, 120, 50, 650, 180, 120, 50, 90, 180, 90, 830, 180, 120, 50, 180, 90, 120, 50, 180, 90, 200, 10, 10, 10, 10, 10, 450, 2270, 70, 2670, 70, 170, 70, 450, 70, 2670, 2270, 450, 70, 70, 2670, 170, 450, 70, 2670, 70, 70, 170, 450, 70, 2670, 170, 2270, 170, 2270, 2270, 240, 150, 20, 5920, 240, 80, 1420, 20, 240, 150, 240, 240, 1320, 2770, 720, 230, 230, 230, 2710, 20, 20, 720, 720, 2710, 20, 720, 2710, 720, 40, 20, 2710, 230, 40, 40, 2710, 40, 230, 20, 40, 1460, 40, 1400, 1400, 40, 850, 1400, 40, 40, 1400, 40, 850, 850, 1460, 850, 850, 1400, 1420, 0, 1000, 0, 0, 1340, 0, 1420, 0, 180, 3410, 250, 3410, 3410, 3410, 3410, 180, 250, 40, 250, 250, 250, 3970, 4020, 4020, 20, 50, 470, 4020, 4020, 180, 4020, 30, 120, 760, 760, 120, 760, 120, 120, 760, 120, 760, 500, 30, 500, 1600, 1600, 3390, 180, 500, 500, 180, 500, 500, 60, 150, 30, 500, 500, 180, 1600, 3390, 30, 500, 500, 180, 1600, 30, 30, 180, 1600, 6490, 4030, 6490, 11260, 320, 11260, 4030, 4030, 320, 320, 11260, 4030, 320, 11260, 4030, 320, 11260, 170, 30, 170, 690, 770, 690, 30, 690, 770, 170, 170, 30, 170, 690, 770, 30, 690, 30, 770, 770, 3240, 200, 370, 180, 1350, 180, 1140, 220, 1140, 5480, 1140, 180, 220, 200, 5480, 3240, 1140, 5480, 180, 220, 220, 5480, 1140, 180, 5480, 220, 40, 90, 90, 40, 40, 90, 40, 90, 40, 90, 440, 0, 80, 0, 1250, 440, 440, 80, 0, 0, 440, 80, 0, 80, 1250, 0, 440, 80, 1250, 0, 0, 1250, 1250, 0, 0, 30, 2670, 10, 30, 30, 30, 30, 30, 30, 30, 30, 2670, 30, 50, 0, 370, 0, 0, 370, 0, 370, 0, 370, 50, 20, 370, 1270, 1270, 1270, 1270, 1270, 80, 280, 1320, 30, 1320, 1320, 1320, 280, 280, 280, 1320, 280, 40, 340, 1620, 340, 640, 190, 340, 1620, 640, 640, 190, 190, 340, 640, 1620, 190, 1620, 190, 340, 640, 1620, 20, 370, 120, 970, 970, 970, 970, 20, 370, 370, 370, 20, 970, 370, 120, 20, 20, 310, 700, 700, 700, 20, 310, 20, 20, 700, 20, 310, 700, 20, 310, 310, 370, 370, 1460, 90, 370, 1460, 90, 370, 1460, 90, 370, 1460, 90, 1460, 90, 30, 360, 1410, 360, 1410, 360, 1410, 360, 360, 1410, 1410, 40, 5480, 2630, 0, 2630, 420, 5480, 420, 420, 2630, 420, 2630, 0, 5480, 2630, 420, 5480, 5480, 16620, 840, 840, 840, 840, 840, 480, 1030, 40, 210, 40, 210, 210, 40, 40, 280, 8010, 40, 1030, 1030, 1030, 1030, 210, 210, 5980, 30, 30, 1010, 30, 1010, 30, 1010, 1010, 1010, 30, 2920, 220, 2920, 160, 220, 220, 2920, 220, 220, 2920, 2920, 2470, 2470, 0, 0, 2470, 0, 0, 0, 2470, 2470, 60, 60, 60, 2260, 200, 3310, 60, 60, 9680, 40, 30, 110, 9680, 110, 9680, 110, 2450, 110, 40, 30, 9680, 110, 9680, 260, 5480, 260, 320, 260, 320, 260, 320, 320, 260, 320, 220, 4600, 530, 4600, 20, 4600, 4600, 4600, 4270, 260, 520, 260, 520, 520, 260, 4270, 520, 260, 4270, 260, 4270, 520, 4270, 250, 250, 250, 250, 80, 250, 80, 80, 80, 80, 3680, 6380, 650, 16210, 10, 6380, 650, 6380, 3680, 650, 650, 6380, 650, 6380, 1320, 60, 50, 60, 50, 4900, 60, 60, 50, 50, 50, 60, 470, 60, 60, 470, 770, 470, 5480, 60, 470, 60, 470, 60, 710, 90, 1950, 560, 530, 710, 530, 1950, 560, 710, 10, 3510, 530, 1950, 530, 560, 710, 1950, 530, 560, 710, 560, 1950, 760, 310, 30, 10, 3860, 10, 210, 10, 3860, 210, 210, 10, 210, 10, 210, 450, 64670, 240, 240, 240, 450, 450, 50, 30, 240, 450, 240, 450, 330, 530, 530, 530, 530, 530, 560, 11920, 11920, 1420, 80, 40, 11920, 280, 11920, 11920, 50, 1930, 1930, 1000, 90, 90, 1930, 50, 1930, 50, 10, 90, 50, 90, 50, 90, 1930, 1830, 630, 1830, 0, 8280, 1830, 1830, 1830, 850, 2940, 740, 850, 850, 40, 850, 2940, 2940, 850, 2940, 2940, 110, 2540, 110, 110, 110, 110, 90, 7110, 90, 90, 7110, 7110, 90, 7110, 90, 7110, 100, 10, 1180, 100, 10, 10, 100, 10, 1180, 100, 10, 1180, 1180, 100, 1180, 550, 0, 0, 550, 130, 0, 130, 130, 0, 550, 130, 130, 550, 0, 550, 140, 30, 9130, 9130, 9130, 9130, 9130, 30, 100, 90, 430, 230, 100, 100, 1070, 90, 90, 90, 100, 100, 90, 3110, 90, 90, 90, 10, 90, 90, 3110, 230, 41680, 1860, 1300, 10, 1860, 730, 730, 41680, 1860, 1300, 230, 1300, 730, 41680, 1860, 1300, 10, 730, 41680, 230, 41680, 1860, 230, 1300, 230, 270, 730, 20, 20, 20, 170, 1800, 1960, 950, 20, 140, 10, 300, 300, 300, 17640, 200, 300, 10, 200, 140, 10, 300, 10, 200, 140, 10, 10, 200, 140, 200, 140, 10, 10, 270, 270, 9690, 2000, 2000, 2000, 9690, 9690, 2000, 9690, 9690, 2000, 10, 30, 8150, 10, 10, 8150, 10, 8150, 10, 8150, 8150, 1260, 1130, 1260, 1150, 1150, 1130, 1260, 1150, 1260, 1150, 1130, 1150, 1130, 1260, 1130, 50, 920, 50, 810, 50, 920, 50, 50, 20, 570, 80, 80, 3620, 3620, 570, 20, 80, 20, 570, 80, 570, 20, 3620, 80, 3620, 3620, 570, 20, 3110, 20, 20, 470, 860, 20, 3110, 3110, 20, 20, 3110, 3110, 10, 3680, 10, 10, 10, 3680, 3680, 10, 10, 10, 10, 10, 10, 3680, 3680, 2740, 520, 2230, 2230, 2230, 520, 520, 2230, 120, 2230, 520, 520, 170, 170, 350, 350, 170, 170, 350, 350, 350, 170, 0, 260, 30, 420, 20, 30, 360, 30, 20, 30, 30, 30, 130, 130, 130, 30, 30, 130, 30, 130, 30, 230, 1250, 230, 230, 1250, 230, 230, 110, 2640, 1040, 140, 2650, 3020, 2650, 2650, 530, 2640, 140, 2650, 3020, 1430, 1720, 140, 530, 3020, 140, 2650, 2640, 3020, 140, 2640, 3020, 2640, 3880, 900, 10, 10, 10, 30, 10, 10, 900, 10, 3880, 3880, 900, 800, 680, 10, 900, 10, 3880, 10, 10, 900, 3880, 2530, 3620, 180, 180, 320, 2670, 180, 180, 320, 180, 320, 320, 320, 520, 120, 520, 120, 40, 120, 520, 120, 520, 120, 520, 4380, 0, 3900, 4380, 3900, 4380, 3900, 3900, 0, 4380, 3900, 4380, 0, 0, 0, 70, 30, 320, 2640, 540, 150, 320, 30, 320, 320, 320, 7570, 540, 10, 10, 540, 10, 540, 10, 540, 10, 540, 10, 0, 10, 10, 10, 10, 520, 2670, 2670, 0, 960, 10, 10, 0, 2670, 960, 0, 0, 960, 960, 2670, 960, 0, 2670, 270, 1410, 100, 270, 270, 1410, 270, 1410, 1410, 1410, 270, 540, 3930, 1610, 6790, 540, 6790, 540, 6790, 3930, 1610, 540, 540, 3930, 6790, 3930, 1610, 6790, 1610, 3930, 1610, 510, 250, 510, 250, 60, 1990, 510, 250, 510, 250, 250, 510, 150, 200, 4060, 2590, 3010, 3630, 4060, 3630, 4060, 150, 200, 2590, 2590, 150, 4060, 3630, 2590, 200, 150, 3630, 2590, 200, 150, 3630, 200, 4060, 170, 140, 170, 140, 170, 140, 420, 62320, 170, 170, 140, 140, 4100, 50, 60, 50, 50, 4100, 60, 4100, 50, 4100, 60, 50, 4100, 60, 60, 130, 730, 2230, 15690, 730, 730, 2230, 130, 2230, 6950, 870, 15690, 2230, 730, 15690, 130, 730, 130, 130, 15690, 2230, 15690, 10, 7130, 30, 10, 30, 10, 10, 30, 10, 30, 30, 170, 1540, 10, 100, 1440, 570, 1810, 2510, 570, 100, 100, 1440, 200, 1440, 100, 2510, 570, 100, 1440, 570, 1440, 570, 130, 30, 30, 160, 30, 130, 130, 4580, 30, 130, 130, 30, 130, 130, 0, 1160, 140, 170, 0, 140, 140, 170, 1160, 300, 1160, 140, 170, 0, 1160, 0, 0, 170, 140, 170, 1160, 2670, 10, 10, 2670, 10, 50, 2670, 10, 2670, 2670, 10, 180, 180, 180, 180, 180, 5500, 710, 1480, 1480, 5500, 5500, 1480, 5500, 1480, 1480, 5500, 14460, 570, 0, 300, 570, 110, 1060, 0, 110, 0, 300, 300, 110, 0, 300, 0, 110, 570, 110, 300, 570, 570, 310, 5570, 240, 5570, 5570, 5570, 5570, 720, 3040, 2990, 430, 430, 3040, 90, 2980, 3040, 430, 430, 430, 3040, 3040, 60, 5140, 870, 640, 4240, 80, 640, 5140, 5140, 80, 4240, 4240, 80, 640, 4240, 80, 640, 4240, 5140, 640, 870, 5140, 80, 1760, 1760, 1760, 490, 1760, 1760, 90, 90, 90, 220, 90, 90, 20, 2660, 140, 140, 20, 2660, 140, 2660, 20, 140, 17490, 2660, 20, 2660, 20, 140, 190, 560, 360, 1050, 400, 40, 640, 430, 360, 1050, 40, 640, 40, 560, 1050, 33510, 40, 1050, 400, 640, 640, 360, 560, 360, 560, 360, 560, 1050, 640, 40, 100, 130, 6440, 100, 100, 100, 130, 100, 6440, 130, 6440, 6440, 130, 6440, 130, 230, 290, 3040, 34700, 15010, 34700, 15010, 290, 34700, 290, 15010, 290, 15010, 90, 290, 15010, 34700, 34700, 370, 370, 280, 370, 280, 280, 370, 280, 280, 370, 2840, 100, 50, 100, 100, 100, 100, 610, 330, 90, 90, 90, 10820, 0, 90, 90, 330, 2820, 1480, 1480, 1480, 1480, 1480, 37660, 6930, 6930, 2140, 37660, 6580, 37660, 6930, 37660, 6930, 37660, 2140, 2140, 2140, 6930, 2140, 150, 430, 790, 240, 680, 150, 12280, 240, 150, 240, 12280, 150, 12280, 12280, 940, 30, 240, 150, 12280, 240, 30, 80, 1790, 5240, 80, 5240, 80, 80, 30, 5240, 5240, 1790, 80, 0, 550, 0, 2270, 0, 2270, 550, 0, 550, 0, 2270, 2270, 550, 2270, 550, 100, 980, 540, 540, 980, 540, 980, 220, 980, 100, 540, 100, 100, 100, 980, 540, 3110, 1560, 640, 1750, 1750, 640, 3110, 1560, 640, 1750, 3110, 1560, 640, 80, 10, 1750, 3110, 640, 3110, 1560, 1560, 1750, 130, 13110, 13110, 13110, 13110, 13110, 610, 390, 920, 2200, 2930, 390, 610, 920, 510, 390, 2200, 920, 390, 2200, 610, 920, 390, 2200, 610, 920, 2200, 610, 7120, 4060, 100, 100, 100, 100, 7120, 100, 4660, 4660, 4660, 4660, 560, 4660, 6250, 6250, 490, 1790, 13530, 1060, 1060, 520, 1790, 13530, 1060, 1060, 1790, 13530, 13530, 1790, 13530, 1060, 1790, 110, 430, 540, 430, 1100, 6700, 1100, 6700, 1220, 1100, 430, 1220, 110, 110, 6700, 540, 110, 6700, 430, 1220, 540, 1320, 110, 6700, 1100, 1220, 1100, 540, 540, 430, 1220, 340, 1370, 220, 340, 340, 220, 340, 340, 2800, 100, 100, 100, 100, 100, 30, 1170, 1140, 30, 1170, 30, 1170, 30, 1170, 1170, 9440, 30, 170, 940, 170, 170, 170, 170, 150, 2000, 1090, 150, 2000, 2000, 150, 1090, 150, 2000, 150, 2000, 470, 490, 1300, 10, 490, 1300, 10, 10, 10, 490, 1300, 1300, 490, 1300, 490, 10, 2630, 320, 80, 320, 260, 80, 320, 2630, 100, 2630, 80, 260, 2630, 80, 260, 260, 260, 2630, 80, 320, 320, 6040, 100, 100, 0, 2100, 100, 100, 100, 1140, 1140, 1140, 1140, 1140, 1460, 1460, 1460, 340, 1460, 1460, 160, 5360, 290, 1270, 290, 290, 160, 1270, 160, 1270, 30, 1270, 160, 1270, 160, 290, 290, 5360, 3860, 70, 2210, 3860, 2210, 70, 3860, 2210, 4030, 3860, 2210, 3860, 2210, 70, 70, 70, 0, 40, 0, 40, 40, 40, 0, 10, 0, 0, 40, 4220, 460, 70, 70, 70, 460, 20, 460, 70, 460, 70, 30, 460, 30, 500, 350, 1300, 630, 1300, 630, 630, 1300, 630, 1300, 1300, 340, 630, 1480, 30, 30, 1610, 1610, 1610, 1610, 1610, 780, 20, 40, 40, 330, 260, 40, 40, 40, 5560, 20090, 80, 80, 5560, 20090, 80, 20, 350, 20090, 5560, 20090, 80, 5560, 20090, 80, 5560, 80, 460, 460, 80, 460, 80, 80, 460, 460, 80, 4820, 10, 560, 4820, 220, 4820, 220, 10, 4820, 10, 130, 10, 10, 220, 560, 10, 220, 220, 560, 560, 440, 560, 4820, 1220, 570, 90, 210, 420, 80, 10, 210, 80, 570, 300, 40, 10, 210, 90, 570, 10, 10, 210, 80, 570, 10, 210, 80, 570, 80, 60, 280, 1470, 60, 280, 1470, 60, 280, 150, 1470, 60, 280, 1470, 280, 1470, 6360, 60, 1370, 1370, 1870, 1080, 1370, 7390, 7390, 7390, 1370, 7390, 1370, 1870, 7390, 560, 30, 1930, 570, 30, 3160, 1720, 530, 500, 500, 1140, 1140, 1720, 1140, 500, 500, 3160, 1720, 3160, 3160, 3160, 500, 1720, 1140, 1140, 1720, 3200, 1590, 80, 380, 380, 1590, 80, 380, 380, 380, 100, 120, 100, 16320, 2760, 100, 120, 16320, 16320, 120, 100, 100, 2760, 120, 16320, 120, 16320, 1940, 280, 280, 1550, 1940, 1550, 1940, 20, 1940, 1550, 1550, 1550, 280, 280, 1940, 280, 5660, 15010, 5660, 1160, 5660, 760, 760, 5660, 760, 760, 5660, 760, 280, 280, 280, 280, 280, 10, 220, 180, 220, 180, 1230, 20, 180, 220, 220, 220, 180, 180, 0, 80, 0, 0, 0, 0, 0, 410, 780, 880, 2420, 3610, 780, 780, 880, 3610, 880, 970, 880, 3610, 410, 780, 880, 3610, 780, 8270, 4950, 10, 2580, 60, 2160, 8270, 2160, 2160, 8270, 110, 2160, 60, 8270, 110, 3330, 10, 390, 60, 110, 3330, 110, 110, 8270, 2160, 3330, 10, 60, 3330, 10, 3330, 10, 60, 610, 900, 610, 900, 610, 610, 610, 30, 30, 30, 30, 30, 1520, 1060, 1060, 1060, 1060, 1060, 30, 39710, 30, 39710, 30, 30, 39710, 39710, 39710, 30, 10, 70, 10, 10, 10, 10, 1200, 830, 2160, 600, 1200, 830, 1200, 600, 30, 1200, 830, 600, 830, 600, 830, 600, 1200, 20, 60, 39710, 4950, 39710, 4950, 4950, 60, 20, 4950, 39710, 20, 60, 39710, 60, 39710, 60, 4950, 4110, 760, 3890, 4110, 3890, 4110, 4110, 760, 760, 3890, 760, 760, 3890, 3890, 4110, 20, 20, 30, 60, 20, 60, 20, 60, 60, 60, 20, 60, 170, 8270, 60, 4270, 170, 4270, 60, 4270, 60, 4270, 60, 170, 4270, 170, 170, 740, 25750, 740, 27460, 740, 740, 25750, 740, 25750, 25750, 25750, 3570, 30, 130, 3570, 130, 30, 3570, 130, 30, 3570, 130, 30, 3570, 130, 30, 1590, 220, 1550, 1220, 0, 220, 0, 1590, 0, 0, 220, 1220, 170, 220, 0, 1220, 220, 1220, 1220, 840, 7390, 33510, 840, 33510, 7390, 33510, 7390, 7390, 33510, 7390, 840, 840, 840, 33510, 9680, 14620, 280, 280, 14620, 14620, 280, 9680, 280, 14620, 9680, 280, 14620, 9680, 9680, 6030, 3120, 3120, 3120, 3120, 3120, 1720, 6810, 120, 120, 120, 120, 120, 20, 1050, 1050, 6970, 300, 1030, 20, 1050, 6970, 6970, 1050, 20, 6970, 1050, 20, 20, 6970, 1120, 5520, 210, 10, 5520, 5520, 5520, 5520, 210, 210, 210, 10, 210, 360, 300, 10, 360, 10, 10, 300, 360, 11540, 2750, 360, 10, 300, 300, 360, 300, 10, 230, 24860, 2560, 230, 10, 60, 230, 3260, 3890, 300, 10, 60, 2560, 3890, 24860, 24860, 300, 60, 2560, 2180, 630, 3890, 3260, 10, 2560, 3890, 24860, 3260, 300, 60, 230, 60, 2560, 24860, 300, 10, 230, 3260, 300, 3890, 3260, 10, 2240, 30, 90, 1550, 30, 2120, 90, 90, 2240, 30, 1550, 2960, 60, 90, 2240, 2120, 30, 1550, 90, 30, 1550, 2240, 2240, 1550, 120, 60, 120, 530, 60, 120, 60, 530, 120, 530, 60, 120, 60, 530, 530, 310, 3640, 3190, 3640, 3190, 50, 2080, 1810, 590, 3190, 3640, 3640, 3640, 3190, 3190, 2240, 2420, 2240, 90, 5480, 2240, 2420, 2420, 2240, 2420, 2420, 2240, 0, 1000, 1000, 1000, 140, 0, 140, 140, 1000, 140, 1000, 140, 240, 1250, 240, 240, 240, 240, 1830, 1010, 130, 3820, 1480, 5780, 170, 59630, 7660, 3820, 170, 7660, 1480, 59630, 3820, 5780, 7660, 30, 140, 1480, 5780, 7660, 3820, 59630, 170, 5780, 1480, 170, 59630, 3820, 120, 170, 5780, 1480, 59630, 7660, 100, 510, 510, 510, 100, 510, 510, 40, 3920, 240, 10, 2210, 130, 270, 3920, 40, 2210, 3920, 270, 2210, 40, 10, 40, 3920, 2210, 40, 3920, 270, 270, 2210, 270, 30, 770, 770, 1130, 770, 770, 770, 280, 40, 40, 46760, 190, 230, 50, 46760, 46760, 46760, 46760, 1730, 9790, 330, 1940, 1940, 1730, 60, 9790, 1940, 1730, 1940, 1940, 1730, 9790, 1730, 9790, 9790, 1220, 580, 340, 50, 1730, 1730, 1730, 1220, 340, 1220, 1550, 1730, 43770, 1550, 50, 580, 1220, 340, 50, 1220, 340, 1550, 50, 340, 1550, 50, 1730, 340, 340, 340, 340, 340, 560, 60, 60, 60, 90, 1420, 60, 60, 280, 10, 20, 110, 80, 280, 280, 20, 10, 20, 80, 10, 80, 140, 80, 20, 80, 280, 20, 10, 280, 2120, 10, 360, 30, 30, 30, 360, 360, 30, 30, 360, 360, 40, 500, 6980, 1690, 6980, 1920, 6980, 1690, 1550, 1550, 1550, 1690, 1550, 1920, 1550, 1690, 1690, 400, 1920, 6980, 1920, 1920, 6980, 1610, 7440, 0, 7440, 1610, 7440, 1610, 7440, 1610, 7440, 1610, 950, 9590, 950, 950, 14620, 230, 950, 9590, 950, 9590, 9590, 9590, 50, 50, 0, 1010, 60, 60, 60, 1010, 200, 60, 60, 0, 1910, 120, 0, 2120, 750, 1910, 0, 0, 0]"
2020-11-03 15:45:00+00:00,9345820,11,3520.0,"[120, 1550, 5650, 1550, 1550, 1550, 4160, 160, 130, 1550, 40, 30, 40, 40, 40, 200, 40, 40, 200, 30, 140, 4400, 1120, 200, 30, 40, 200, 40, 30, 40, 30, 40, 150, 20, 310, 200, 200, 150, 20, 20, 150, 20, 200, 200, 150, 200, 150, 20, 570, 0, 160, 2540, 0, 570, 430, 430, 160, 430, 160, 0, 570, 430, 430, 160, 0, 570, 570, 160, 0, 1780, 30, 360, 1780, 180, 80, 1780, 160, 30, 80, 1780, 360, 30, 360, 80, 1780, 30, 360, 360, 30, 80, 80, 20, 20, 20, 20, 20, 23420, 40, 10080, 5960, 860, 2680, 10080, 5960, 2680, 40, 860, 10080, 5960, 20, 2680, 1660, 860, 20, 40, 860, 10080, 5960, 20, 2680, 40, 40, 2680, 860, 10080, 20, 5960, 20, 2640, 1260, 60, 60, 360, 1260, 60, 60, 360, 1260, 2640, 360, 1260, 360, 1260, 360, 60, 400, 0, 610, 0, 610, 610, 400, 7070, 1460, 0, 400, 610, 400, 0, 610, 400, 0, 50, 50, 50, 50, 0, 10, 4180, 50, 50, 50, 50, 50, 50, 2640, 4880, 1550, 2620, 2620, 2620, 2620, 4880, 2620, 190, 1010, 430, 430, 190, 430, 260, 0, 190, 190, 1010, 430, 430, 190, 50, 50, 10, 50, 50, 50, 11040, 11040, 840, 4260, 1590, 4260, 840, 840, 4260, 900, 1590, 840, 1590, 840, 6810, 1590, 6810, 6810, 6810, 1590, 6810, 4260, 4260, 160, 10240, 30, 20, 10240, 100, 220, 2180, 2180, 220, 220, 2180, 10, 220, 220, 2180, 2180, 1410, 750, 1410, 3030, 1400, 3030, 1150, 3030, 1400, 1400, 3030, 1400, 1400, 3030, 340, 20, 10, 10, 20, 10, 10, 10, 690, 1210, 40, 40, 690, 40, 690, 40, 690, 40, 690, 2180, 460, 460, 0, 460, 0, 0, 460, 460, 0, 0, 2720, 80, 2720, 80, 2720, 80, 2720, 80, 2720, 80, 160, 90, 900, 160, 90, 160, 90, 900, 900, 160, 900, 160, 90, 130, 60, 900, 90, 37400, 730, 130, 10, 37400, 10, 130, 730, 10, 10, 130, 10, 37400, 130, 10, 10, 37400, 130, 37400, 17310, 10, 2430, 2430, 10, 17310, 10, 2430, 17310, 10, 2430, 17310, 10, 2430, 17310, 3930, 3930, 190, 190, 190, 1800, 30, 3930, 190, 190, 3930, 3930, 380, 1720, 10, 80, 1720, 1720, 80, 1720, 80, 80, 380, 80, 90, 1720, 740, 100, 740, 740, 100, 6040, 100, 740, 100, 100, 740, 2240, 210, 2240, 90, 2240, 2510, 2510, 90, 90, 2240, 2510, 2510, 2510, 2240, 90, 90, 200, 200, 200, 200, 150, 200, 210, 60, 10, 210, 10, 60, 210, 210, 210, 50, 50, 2350, 50, 530, 2350, 530, 530, 2350, 2350, 50, 530, 530, 2350, 50, 2150, 1500, 2150, 1500, 1500, 2150, 1500, 2150, 1500, 2150, 4510, 380, 10, 120, 160, 4440, 30, 270, 120, 270, 270, 10, 210, 4440, 30, 270, 210, 10, 30, 100, 190, 270, 4440, 30, 120, 210, 10, 10, 4440, 30, 120, 210, 10, 4440, 120, 210, 20320, 1860, 80, 170, 1200, 170, 23880, 23880, 170, 23880, 170, 23880, 20, 23880, 170, 370, 100, 20, 370, 370, 20, 370, 20, 20, 370, 20, 20, 2790, 20, 220, 260, 260, 220, 260, 220, 20, 80, 2580, 220, 260, 2790, 20, 220, 260, 2790, 20, 2790, 2790, 50, 370, 2100, 8810, 1960, 150, 370, 50, 210, 150, 50, 150, 150, 8810, 370, 210, 2100, 1960, 8810, 210, 1960, 20, 61070, 2100, 50, 8810, 370, 210, 2100, 50, 8810, 210, 150, 2100, 370, 1960, 1960, 15010, 15010, 15010, 15010, 15010, 8380, 350, 8380, 8380, 350, 350, 350, 8380, 8380, 350, 20, 2090, 20, 20, 40, 120, 20, 20, 17960, 130, 2100, 17960, 3290, 12830, 17960, 17960, 130, 2100, 3290, 3290, 3290, 17960, 3290, 330, 330, 390, 2100, 2100, 0, 390, 4290, 0, 390, 390, 0, 2100, 390, 0, 2100, 0, 2100, 1450, 1450, 1450, 20, 1450, 1450, 0, 0, 0, 890, 0, 890, 890, 0, 890, 890, 15310, 15310, 15310, 15310, 15310, 2000, 5980, 5980, 1960, 5980, 5980, 2000, 1960, 1960, 1960, 1960, 5980, 1650, 230, 200, 1140, 250, 230, 230, 230, 200, 200, 8580, 250, 250, 200, 250, 250, 200, 230, 280, 0, 0, 39710, 39710, 39710, 39710, 39710, 280, 0, 230, 230, 1090, 230, 1090, 1090, 280, 1090, 230, 1090, 230, 19090, 140, 1310, 0, 140, 0, 140, 140, 0, 0, 190, 1310, 140, 1310, 0, 1310, 1310, 1810, 1870, 3940, 10, 0, 10, 0, 0, 4730, 4730, 1870, 10, 3900, 1810, 3940, 10, 4730, 1870, 3940, 1810, 10, 4730, 1870, 3940, 1810, 4730, 10, 0, 1810, 1870, 3940, 0, 1480, 360, 1480, 20, 360, 1480, 3290, 1480, 360, 20, 360, 1480, 20, 20, 360, 20, 4380, 20, 4380, 230, 5320, 230, 4380, 230, 230, 230, 5320, 4380, 4380, 380, 5120, 10, 8040, 43770, 10, 380, 43770, 8040, 8040, 43770, 10, 10, 380, 8040, 43770, 10, 380, 43770, 380, 8040, 3830, 5200, 120, 1450, 1980, 120, 120, 1450, 120, 1450, 120, 3830, 1450, 1450, 3520, 19800, 3520, 3520, 0, 3520, 3520, 19800, 340, 1420, 1420, 3220, 1420, 3220, 40, 3220, 1420, 3220, 1420, 3220, 140, 6510, 6510, 140, 6510, 30, 20, 140, 6510, 140, 6510, 140, 1360, 330, 330, 330, 330, 1360, 330, 50, 320, 50, 50, 320, 50, 320, 50, 320, 320, 50, 130, 150, 150, 130, 150, 130, 300, 430, 50, 150, 130, 50, 150, 130, 50, 50, 50, 150, 430, 170, 170, 50, 430, 430, 170, 50, 2830, 430, 50, 430, 170, 50, 170, 440, 300, 120, 60, 120, 360, 360, 840, 360, 360, 300, 120, 60, 120, 300, 300, 840, 840, 120, 840, 840, 300, 60, 60, 360, 60, 20140, 20140, 3040, 1480, 80, 1480, 1480, 80, 1480, 1480, 20, 710, 390, 2110, 300, 390, 710, 2110, 300, 710, 390, 300, 710, 20, 390, 2110, 390, 710, 300, 2110, 2110, 300, 280, 260, 1540, 160, 1540, 30, 280, 1540, 1540, 280, 1540, 280, 240, 280, 80, 470, 6950, 6950, 80, 6950, 6950, 80, 470, 6950, 80, 80, 50, 280, 60, 1630, 30, 30, 1630, 50, 1020, 2210, 50, 2210, 1630, 1020, 60, 2210, 60, 30, 60, 2210, 1630, 50, 30, 1020, 60, 50, 2210, 1630, 30, 1020, 1020, 4500, 4500, 4500, 4500, 4500, 5050, 90, 90, 5050, 1770, 5050, 90, 5050, 90, 5050, 90, 41920, 41920, 41920, 41920, 41920, 360, 360, 340, 360, 360, 360, 1870, 300, 360, 1870, 1870, 810, 300, 40, 300, 1870, 360, 300, 1870, 300, 110, 110, 300, 110, 110, 110, 0, 0, 0, 0, 0, 1810, 1810, 870, 870, 870, 2910, 2910, 1810, 1810, 2910, 870, 1810, 2910, 870, 2910, 90, 860, 2180, 90, 2180, 90, 2180, 2180, 90, 2180, 860, 90, 1370, 1080, 1080, 1370, 130, 130, 1080, 1370, 130, 1080, 1370, 130, 130, 1080, 1370, 400, 400, 10, 10, 10, 10, 10, 970, 4380, 4380, 4380, 4380, 4380, 1680, 580, 580, 580, 580, 580, 240, 240, 790, 240, 790, 650, 860, 650, 240, 790, 160, 8580, 2310, 240, 650, 240, 240, 650, 240, 790, 240, 860, 650, 790, 240, 20, 100, 260, 20, 100, 260, 30, 320, 30, 260, 20, 100, 260, 20, 100, 260, 100, 20, 40, 3440, 40, 40, 3440, 3440, 3440, 3440, 480, 30, 480, 480, 480, 480, 1090, 3630, 1090, 3630, 1090, 3630, 0, 3630, 1090, 3630, 1090, 150, 2310, 9490, 2310, 10, 2310, 2310, 2310, 330, 20, 450, 60, 2440, 450, 100, 20, 2440, 100, 650, 100, 450, 3860, 100, 650, 2440, 3860, 650, 20, 650, 2440, 3860, 450, 3860, 3860, 2440, 60, 20, 450, 3640, 20, 100, 650, 20, 1650, 300, 30, 1650, 70, 40, 1650, 1650, 1650, 5050, 5050, 5050, 5050, 5050, 4780, 4550, 4780, 6120, 4550, 6120, 4550, 4780, 4780, 4550, 6120, 1170, 1170, 1170, 1170, 6120, 1170, 6120, 4550, 4780, 490, 1960, 490, 490, 0, 1960, 490, 490, 150, 150, 150, 150, 40, 30, 150, 880, 2580, 2580, 2580, 880, 2580, 880, 2270, 3480, 880, 880, 2580, 0, 510, 0, 2500, 510, 130, 510, 0, 510, 0, 510, 0, 1080, 180, 3760, 260, 120, 1110, 1110, 1080, 180, 1110, 260, 1110, 180, 260, 120, 1080, 260, 180, 120, 260, 180, 40, 1110, 120, 120, 1080, 1080, 40, 2790, 220, 390, 340, 390, 390, 210, 390, 340, 940, 390, 340, 340, 2790, 220, 340, 10, 44640, 10200, 10, 10200, 270, 10200, 10, 10200, 44640, 10, 10200, 10, 10, 170, 10, 10, 10, 170, 10, 10, 330, 80, 880, 330, 80, 880, 80, 330, 330, 80, 330, 80, 880, 880, 180, 880, 170, 170, 170, 170, 30, 170, 11660, 30, 240, 11660, 210, 210, 40, 210, 210, 0, 210, 1850, 1850, 200, 200, 200, 200, 1850, 200, 1850, 1850, 30, 30, 560, 6370, 580, 580, 6370, 90, 580, 6370, 580, 6370, 560, 580, 6370, 210, 210, 210, 210, 60, 210, 1090, 1090, 70, 70, 1090, 70, 1090, 70, 1090, 70, 820, 280, 210, 50, 280, 20, 50, 820, 210, 430, 280, 2030, 210, 430, 280, 210, 820, 50, 430, 210, 280, 50, 820, 430, 50, 820, 430, 310, 2050, 610, 2050, 20, 40770, 60, 20, 20, 720, 40770, 20, 20, 240, 240, 240, 240, 240, 250, 5710, 5710, 5710, 5710, 5710, 80, 1570, 5670, 80, 5670, 80, 80, 5670, 80, 5670, 5670, 80, 880, 80, 30, 80, 880, 30, 80, 880, 30, 80, 880, 30, 880, 30, 50, 50, 20, 9680, 9680, 50, 20, 20, 50, 50, 20, 9680, 50, 20, 9680, 50, 50, 9680, 50, 50, 270, 570, 5070, 2180, 0, 570, 570, 270, 2180, 570, 2180, 5070, 270, 5070, 2550, 2180, 5070, 270, 570, 2180, 5070, 270, 720, 20, 6140, 320, 720, 20, 70, 20, 20, 70, 70, 20, 70, 70, 20, 2630, 100, 1110, 1110, 100, 2630, 100, 100, 1110, 100, 2630, 1110, 2630, 1110, 2630, 0, 640, 640, 100, 640, 0, 640, 640, 170, 190, 170, 190, 190, 190, 190, 3700, 870, 140, 2160, 2160, 140, 3700, 140, 5520, 550, 140, 3700, 140, 3700, 3700, 2160, 2160, 2160, 390, 390, 390, 390, 390, 13300, 13300, 310, 310, 6930, 310, 13300, 6930, 3580, 2510, 310, 6930, 310, 13300, 6930, 13300, 6930, 190, 3690, 450, 410, 190, 3690, 3690, 3690, 450, 190, 3690, 30, 190, 190, 1660, 560, 560, 10, 2150, 560, 560, 560, 820, 1710, 40, 40, 40, 40, 40, 820, 30, 60, 150, 7510, 30, 8830, 7510, 30, 140, 140, 140, 140, 140, 10, 1420, 1280, 40, 40, 40, 40, 40, 180, 640, 640, 570, 640, 640, 640, 50, 480, 20, 2430, 150, 150, 20, 150, 15000, 15000, 20, 480, 2430, 2430, 480, 20, 2430, 150, 480, 50, 20, 2430, 150, 15000, 15000, 480, 15000, 2300, 3860, 0, 60, 60, 3860, 60, 0, 720, 60, 7120, 1540, 3860, 60, 3860, 3860, 0, 0, 0, 0, 0, 0, 0, 0, 0, 50, 2990, 1130, 2290, 2290, 1130, 2990, 1130, 2290, 200, 2290, 2290, 2990, 1130, 50, 2990, 1130, 2990, 190, 2150, 3700, 870, 3700, 190, 190, 3700, 190, 3700, 190, 20, 3700, 3700, 20, 4170, 410, 410, 410, 20, 4170, 20, 4170, 20, 410, 4170, 20, 410, 4170, 0, 700, 200, 100, 700, 200, 700, 200, 700, 200, 700, 200, 1790, 1060, 26190, 26190, 4190, 30, 26190, 26190, 1060, 26190, 30, 30, 30, 30, 30, 3510, 270, 20, 3850, 270, 270, 270, 20, 3510, 20, 3510, 20, 20, 3510, 3510, 340, 270, 5880, 30, 10, 70, 10, 70, 70, 70, 20500, 10, 560, 10, 70, 5880, 30, 5880, 5880, 5880, 10, 10, 1990, 250, 250, 1990, 1990, 250, 20, 1430, 1990, 250, 1990, 250, 2750, 2750, 90, 2750, 2750, 2750, 90, 90, 90, 90, 3950, 0, 0, 0, 330, 0, 330, 3950, 330, 3950, 330, 3950, 330, 0, 3950, 50, 520, 520, 1500, 520, 50, 520, 50, 520, 1500, 50, 50, 2280, 2280, 20, 20, 0, 230, 10, 10, 0, 10, 0, 230, 230, 0, 230, 0, 10, 230, 10, 640, 1260, 2000, 2000, 1370, 3890, 3890, 3890, 3890, 3890, 50, 1260, 1260, 50, 1260, 40, 1260, 40, 50, 40, 40, 50, 40, 50, 1260, 90, 50, 18940, 230, 4170, 700, 18940, 1190, 20, 1080, 18940, 90, 1190, 700, 1080, 20, 50, 4170, 50, 180, 4170, 700, 50, 90, 4170, 1190, 20, 1080, 18940, 1080, 1190, 20, 700, 18940, 50, 90, 4170, 1080, 700, 90, 1190, 20, 120, 7350, 30, 7350, 30, 30, 30, 7350, 30, 7350, 7350, 9090, 9090, 9090, 9090, 9090, 4380, 470, 4380, 2760, 470, 2760, 470, 4380, 2760, 2760, 470, 4380, 2760, 4380, 470, 10, 5030, 10, 940, 10, 940, 5030, 240, 940, 10, 940, 10, 5030, 940, 5030, 5030, 8110, 370, 8110, 60, 8110, 370, 370, 370, 8110, 8110, 370, 5520, 860, 5520, 5520, 5520, 5520, 180, 180, 180, 640, 180, 180, 0, 10, 10, 0, 10, 10, 0, 10, 0, 10, 0, 90, 1030, 650, 1030, 650, 650, 90, 90, 1030, 30, 10, 90, 1030, 650, 1030, 650, 90, 1510, 1510, 1510, 50, 1510, 1510, 560, 90, 90, 90, 90, 90, 600, 130, 450, 450, 3180, 14000, 450, 450, 450, 30, 30, 30, 30, 30, 20, 440, 480, 3410, 440, 3410, 480, 480, 440, 3410, 480, 440, 3520, 480, 440, 3410, 3410, 1710, 1650, 1710, 1710, 240, 20, 520, 1650, 1710, 1650, 1710, 1650, 5070, 290, 320, 700, 5800, 14640, 700, 700, 14640, 260, 700, 14640, 700, 14640, 14640, 6540, 180, 1340, 1340, 510, 510, 1340, 510, 510, 1340, 510, 100, 1340, 4530, 410, 3890, 3890, 410, 3890, 410, 3890, 4530, 3890, 4530, 4530, 4530, 410, 410, 3500, 9950, 790, 790, 3500, 790, 3500, 790, 3500, 790, 9950, 3500, 9950, 9950, 9950, 7640, 260, 260, 13730, 990, 13730, 7640, 260, 7640, 990, 13730, 7640, 13730, 7640, 13730, 990, 260, 990, 990, 260, 60, 870, 140, 1300, 30250, 140, 60, 30250, 140, 60, 1300, 1300, 30250, 30250, 30250, 140, 60, 1300, 1300, 140, 60, 2380, 2360, 560, 140, 140, 560, 140, 140, 560, 140, 2360, 560, 2360, 2380, 2360, 2360, 560, 1010, 3140, 1120, 3140, 790, 790, 1120, 790, 1120, 10, 790, 1120, 3140, 790, 1120, 3140, 3140, 4790, 15470, 12460, 4790, 4790, 12460, 12460, 4790, 60, 12460, 4790, 12460, 15470, 60, 60, 60, 60, 13290, 40, 960, 640, 13290, 640, 40, 13290, 13290, 960, 960, 13290, 640, 40, 40, 640, 960, 960, 640, 40, 70, 30, 10, 70, 30, 70, 70, 70, 770, 50, 630, 770, 770, 630, 50, 770, 630, 770, 50, 630, 50, 50, 630, 5150, 1900, 2780, 1900, 1900, 5150, 5150, 5150, 1900, 5150, 1900, 0, 40, 40, 40, 40, 40, 120, 330, 330, 330, 330, 330, 2070, 260, 260, 2070, 2070, 260, 2070, 260, 2070, 260, 3860, 1380, 2570, 2570, 90, 1380, 3860, 1380, 3860, 3860, 2570, 2570, 1380, 3860, 2570, 1380, 530, 20, 4510, 530, 530, 20, 530, 530, 20, 20, 20, 40, 350, 350, 350, 350, 4220, 350, 7810, 1820, 160, 1020, 160, 1020, 1020, 1020, 160, 1020, 160, 1820, 160, 7140, 2750, 120, 1270, 4910, 490, 1270, 120, 120, 120, 1270, 120, 1270, 1270, 180, 12680, 1210, 2590, 2590, 180, 180, 180, 180, 130, 130, 130, 130, 130, 6270, 20, 130, 90, 20, 30, 20, 130, 90, 20, 30, 90, 90, 90, 20, 130, 30, 30, 130, 130, 30, 60, 2280, 40, 1150, 1150, 1890, 1150, 60, 1890, 1150, 60, 60, 1890, 1890, 40, 370, 60, 1890, 1150, 12680, 3930, 3930, 16190, 30, 3930, 3930, 3930, 12680, 50, 4170, 40, 4170, 4170, 40, 4170, 4170, 110, 1860, 1860, 1860, 1860, 1860, 790, 500, 790, 790, 790, 790, 720, 720, 20, 720, 720, 20, 30, 20, 20, 20, 720, 700, 1330, 1870, 2780, 1330, 1870, 480, 440, 1870, 1870, 1870, 1330, 1330, 1330, 90, 90, 550, 90, 90, 90, 350, 440, 10, 440, 10, 440, 10, 10, 10, 10, 440, 350, 440, 350, 350, 350, 30, 1790, 1210, 1790, 1790, 1210, 4790, 1210, 1790, 1210, 1790, 1210, 220, 14600, 550, 550, 40, 250, 360, 3440, 250, 250, 250, 250, 1210, 50, 110, 110, 110, 110, 110, 100, 1890, 5270, 720, 100, 100, 100, 11030, 230, 11030, 11030, 11030, 100, 11030, 12210, 12160, 80, 880, 80, 60, 60, 80, 80, 880, 880, 80, 880, 60, 60, 60, 880, 4310, 1530, 280, 160, 420, 160, 1530, 1530, 280, 160, 280, 1530, 280, 4310, 1530, 280, 160, 160, 210, 1800, 30, 70, 30, 70, 30, 440, 30, 70, 30, 70, 70, 160, 100, 100, 100, 160, 100, 100, 13600, 1560, 160, 1560, 160, 1560, 1560, 160, 1560, 160, 160, 670, 260, 2780, 30, 2780, 30, 2780, 30, 2780, 2780, 30, 30, 30, 30, 1080, 2450, 20620, 40, 2450, 50, 2450, 40, 610, 2450, 610, 50, 20620, 610, 20620, 50, 20620, 610, 40, 50, 20620, 2450, 40, 50, 40, 610, 370, 1050, 1050, 1050, 1050, 1050, 30250, 6600, 0, 790, 3140, 20, 20, 3140, 3140, 20, 3140, 20, 20, 3140, 20, 12680, 10, 280, 280, 280, 280, 280, 12680, 130, 6270, 550, 10, 10, 10, 10, 10, 10, 140, 20, 130, 40, 40, 130, 20, 20, 40, 130, 20, 130, 20, 130, 50, 40, 40, 110, 40, 0, 0, 110, 0, 160, 0, 110, 110, 110, 160, 160, 160, 160, 0, 1440, 50, 360, 170, 360, 360, 50, 1440, 50, 50, 170, 50, 170, 360, 170, 360, 170, 1680, 110, 290, 290, 110, 290, 290, 110, 290, 110, 110, 5740, 210, 600, 600, 600, 40, 600, 600, 70, 50, 160, 3040, 160, 3040, 160, 3040, 20, 70, 70, 7520, 50, 160, 3040, 20, 70, 3040, 20, 70, 50, 160, 20, 50, 50, 20, 550, 16190, 550, 550, 550, 550, 16190, 40, 2130, 10, 10, 270, 10, 270, 40, 2130, 40, 2100, 3200, 50, 10, 40, 10, 2130, 10, 270, 40, 30, 2130, 270, 40, 10, 2130, 270, 2750, 4150, 3450, 3600, 12800, 3450, 3600, 3450, 2750, 1060, 4150, 2750, 3600, 12800, 3450, 2750, 3600, 12800, 4150, 3600, 12800, 2750, 4150, 3450, 4150, 12800, 19830, 3240, 2330, 31870, 31870, 31870, 2330, 31870, 31870, 3240, 3240, 3240, 3240, 280, 20, 270, 2240, 1410, 20, 280, 420, 280, 280, 20, 280, 270, 20, 20, 20, 590, 280, 420, 280, 270, 420, 20, 280, 20, 270, 280, 420, 20, 280, 20, 270, 10, 420, 740, 2160, 880, 2160, 880, 880, 2160, 2160, 880, 880, 2160, 0, 90, 560, 90, 0, 90, 90, 90, 520, 270, 520, 610, 790, 610, 310, 520, 520, 610, 610, 520, 610, 4100, 10, 4100, 10, 10, 10, 4100, 10, 4100, 4100, 1140, 220, 1140, 380, 1240, 450, 1140, 1140, 1140, 40, 940, 40, 40, 40, 40, 40, 20, 20, 80, 40, 20, 40, 20, 40, 20, 260, 40, 20, 10, 120, 430, 430, 10, 10, 120, 430, 10, 10, 430, 10, 120, 430, 10, 10, 120, 10, 10, 120, 6630, 110, 4950, 50, 70, 140, 220, 990, 900, 60, 220, 990, 990, 50, 900, 60, 70, 50, 4950, 110, 220, 50, 990, 60, 4950, 900, 110, 220, 70, 50, 990, 60, 4950, 900, 110, 60, 70, 220, 4950, 900, 110, 70, 360, 0, 1660, 620, 620, 620, 620, 620, 0, 1660, 3970, 2780, 850, 850, 850, 3970, 2780, 140, 2780, 3970, 850, 2780, 3970, 850, 2780, 3970, 200, 550, 2030, 20, 20, 2030, 2030, 2030, 20, 2030, 20, 20, 520, 520, 520, 50, 520, 520, 16190, 10, 10, 17560, 10, 17560, 17560, 10, 16190, 17560, 17560, 10, 980, 110, 260, 4450, 600, 4450, 4450, 600, 600, 4450, 4450, 600, 600, 21130, 0, 0, 0, 0, 0, 1240, 18410, 1890, 1890, 18410, 1240, 18410, 1890, 1890, 18410, 1890, 18410, 1240, 1240, 1240, 20, 20, 1840, 110, 20, 20, 20, 3630, 520, 520, 520, 520, 520, 1320, 280, 1870, 3500, 5380, 5380, 1870, 1950, 510, 5380, 3500, 1870, 5380, 3500, 280, 1870, 1870, 5380, 3500, 15110, 3500, 120, 850, 850, 850, 850, 850, 40, 990, 1140, 990, 40, 20, 1410, 230, 10, 560, 180, 560, 180, 2750, 2750, 24400, 180, 230, 230, 24400, 20, 230, 230, 24400, 1410, 2750, 20, 560, 20, 2750, 20, 180, 24400, 1410, 1410, 560, 1410, 560, 2750, 180, 18940, 5070, 250, 5070, 250, 700, 700, 18940, 18940, 700, 5070, 18940, 700, 18940, 700, 5070, 250, 5070, 250, 250, 520, 660, 950, 10, 170, 7480, 660, 7480, 660, 7480, 7480, 660, 7480, 660, 30, 870, 20, 2860, 190, 140, 20, 20, 20, 20, 60, 110, 110, 110, 110, 110, 60, 3340, 3340, 150, 400, 400, 400, 150, 70, 3340, 70, 400, 150, 400, 3340, 150, 70, 150, 3340, 70, 70, 3670, 460, 870, 870, 8420, 3670, 460, 460, 2160, 760, 3670, 870, 460, 3670, 870, 460, 3670, 870, 80, 80, 80, 80, 80, 640, 10780, 590, 1180, 40, 350, 2900, 40, 4650, 2760, 350, 2900, 2760, 4650, 2900, 2900, 4650, 1180, 260, 270, 1180, 2900, 2760, 4650, 350, 1180, 350, 2760, 40, 4650, 1180, 2760, 40, 40, 350, 620, 30, 2030, 2030, 30, 2030, 30, 2030, 620, 620, 620, 30, 2030, 30, 620, 30, 40, 3420, 260, 160, 3420, 3420, 5790, 160, 5790, 5790, 260, 160, 5790, 160, 3420, 160, 3420, 5790, 4310, 4310, 850, 20, 20, 4310, 20, 20, 4310, 4310, 20, 1900, 60, 60, 60, 60, 60, 13910, 160, 410, 1090, 140, 3340, 140, 140, 4640, 1090, 970, 1090, 4640, 4640, 4640, 140, 4640, 160, 13910, 1090, 1090, 140, 860, 2680, 520, 860, 3310, 3310, 860, 310, 520, 520, 860, 3310, 3310, 520, 3310, 520, 860, 860, 20, 20, 20, 20, 20, 10, 1710, 10, 2480, 1670, 3410, 40, 3820, 10, 9160, 40, 2480, 3410, 3820, 40, 1670, 2480, 10, 3820, 1670, 10, 1670, 3410, 10, 3820, 40, 2480, 1670, 3410, 3820, 40, 3410, 2480]"
2020-11-03 15:50:00+00:00,41856950,11,3690.0,"[1290, 1410, 1290, 110, 980, 1290, 980, 110, 980, 1290, 110, 1290, 980, 1410, 110, 300, 370, 980, 110, 400, 10780, 1280, 180, 180, 180, 180, 10780, 180, 20, 100, 3110, 600, 0, 20, 20, 100, 3110, 20, 100, 3110, 20, 100, 100, 3110, 3110, 620, 80, 1200, 1260, 3320, 3590, 80, 80, 620, 80, 620, 150, 1200, 1260, 80, 250, 1200, 1260, 620, 80, 80, 80, 1200, 3590, 1260, 620, 1200, 80, 80, 1260, 3250, 3250, 3250, 3250, 3250, 60, 60, 2680, 60, 60, 1220, 1220, 60, 1220, 1220, 2680, 1220, 2680, 2680, 2680, 4400, 370, 1670, 600, 40, 40, 40, 40, 1670, 40, 370, 4400, 1670, 1670, 1670, 3210, 20, 2440, 3210, 600, 10, 70, 310, 290, 410, 70, 290, 290, 70, 310, 290, 70, 70, 290, 60, 280, 2760, 60, 260, 2150, 260, 60, 60, 260, 2150, 60, 260, 2150, 260, 2150, 60, 2150, 30, 16420, 110, 30, 110, 30, 30, 30, 110, 110, 600, 16420, 110, 0, 120, 90, 90, 90, 4040, 0, 0, 0, 90, 0, 90, 260, 1210, 270, 3520, 410, 1580, 3520, 410, 20, 220, 3520, 3520, 0, 3520, 1580, 410, 410, 410, 18920, 670, 670, 2390, 18920, 18920, 18920, 18920, 670, 670, 670, 410, 1370, 10, 1380, 4460, 10, 10, 410, 1380, 410, 1380, 1380, 10, 410, 1380, 10, 410, 80, 20, 30, 10, 340, 340, 90, 30, 90, 30, 90, 340, 90, 30, 340, 90, 30, 340, 11540, 300, 220, 220, 220, 60, 220, 70, 220, 100, 100, 400, 4580, 1230, 1230, 1480, 1230, 400, 400, 400, 400, 1230, 0, 260, 20, 40, 40, 40, 40, 40, 10, 10, 10, 10, 10, 270, 980, 5270, 3970, 280, 270, 5270, 280, 5270, 280, 270, 5270, 280, 270, 280, 5270, 270, 20, 1080, 20, 20, 1080, 1080, 20, 1080, 20, 1080, 100, 10, 180, 350, 10, 50, 2620, 2620, 50, 350, 50, 1680, 10, 10, 10, 180, 350, 180, 10, 2620, 10, 10, 180, 350, 2620, 10, 50, 180, 350, 2620, 10, 50, 940, 560, 4270, 50, 940, 940, 560, 560, 940, 560, 940, 560, 20, 960, 15000, 1170, 240, 5780, 5780, 5780, 1170, 5780, 5780, 2060, 120, 2000, 510, 20, 510, 420, 420, 20, 2000, 420, 2000, 2000, 20, 510, 420, 2060, 120, 420, 2000, 20, 510, 120, 120, 20, 510, 120, 100, 180, 180, 300, 1400, 180, 180, 180, 2160, 4800, 760, 4800, 760, 2160, 4800, 4800, 2160, 4800, 2160, 760, 760, 2160, 760, 140, 2260, 460, 460, 2260, 2260, 460, 2260, 2260, 460, 300, 300, 300, 300, 300, 60, 440, 120, 1580, 0, 120, 1580, 4270, 4270, 350, 350, 120, 1580, 350, 120, 1580, 0, 4270, 4270, 4270, 350, 350, 120, 1580, 1080, 160, 3680, 12260, 12260, 12260, 3680, 3680, 1080, 12260, 1080, 12260, 1080, 3680, 160, 3680, 1080, 2150, 2150, 300, 2150, 2150, 2150, 30, 390, 50, 360, 50, 50, 360, 360, 360, 390, 30, 50, 360, 2760, 50, 4650, 110, 4650, 4650, 4650, 4650, 3700, 1380, 9680, 1490, 1490, 9680, 10, 9680, 1490, 9680, 1380, 9680, 1380, 1490, 1380, 1380, 1490, 740, 3550, 440, 440, 740, 440, 740, 440, 740, 440, 740, 780, 18060, 440, 440, 440, 780, 440, 780, 440, 780, 780, 400, 40, 28760, 130, 130, 130, 130, 400, 28760, 400, 400, 400, 130, 180, 1870, 900, 530, 1870, 900, 300, 900, 300, 900, 900, 300, 530, 1870, 300, 3250, 300, 1870, 1870, 180, 10, 4890, 180, 10, 4890, 4890, 10, 180, 10, 180, 4890, 10, 180, 4890, 20, 20, 1230, 20, 1230, 20, 290, 1230, 20, 1230, 20, 20, 1230, 20, 20, 20, 30, 180, 60, 2400, 30, 180, 260, 2400, 2400, 180, 2360, 30, 180, 30, 2400, 180, 30, 2400, 4620, 110, 11840, 1530, 11840, 4450, 11840, 11840, 1530, 11840, 300, 250, 250, 170, 250, 250, 250, 10, 300, 80, 300, 80, 300, 80, 1020, 300, 80, 1020, 300, 1020, 80, 1020, 1020, 50, 160, 90, 130, 1080, 1080, 160, 160, 1080, 160, 1080, 160, 1080, 580, 580, 580, 150, 580, 580, 5570, 720, 580, 140, 700, 140, 720, 580, 700, 5570, 5570, 700, 720, 140, 580, 720, 700, 5570, 580, 5570, 700, 720, 580, 140, 140, 13900, 40, 13900, 13900, 13900, 13900, 62670, 170, 170, 170, 170, 170, 62670, 1420, 40, 1420, 40, 1420, 1420, 0, 40, 40, 1420, 40, 15000, 120, 15000, 120, 2280, 15000, 120, 1160, 120, 15000, 120, 15000, 140, 250, 4030, 4030, 250, 140, 4030, 140, 250, 4030, 250, 140, 4030, 140, 250, 4120, 160, 100, 440, 100, 370, 370, 440, 370, 3260, 440, 100, 370, 100, 440, 100, 440, 370, 290, 200, 290, 290, 200, 40, 2500, 200, 200, 290, 200, 290, 40, 40, 2570, 13900, 13900, 13900, 291300, 291300, 13900, 0, 2570, 291300, 2570, 13900, 291300, 0, 2570, 291300, 0, 2570, 0, 0, 660, 2090, 660, 660, 2090, 2090, 660, 2090, 660, 2090, 4300, 120, 8820, 1110, 8820, 1610, 1110, 1110, 120, 1610, 120, 4300, 60, 20, 1610, 0, 8820, 1110, 120, 4300, 1610, 8820, 8820, 1110, 120, 4300, 4300, 1610, 220, 1290, 1290, 1290, 1290, 1290, 90, 290, 83870, 290, 50, 3390, 3390, 83870, 3390, 290, 290, 3390, 3390, 290, 83870, 83870, 83870, 1260, 130, 2570, 4510, 20, 4420, 2280, 20, 150, 4510, 150, 4510, 1260, 130, 4510, 1260, 2570, 150, 4510, 1260, 150, 1260, 20, 20, 150, 20, 930, 10, 220, 1880, 930, 10, 60, 30, 930, 10, 220, 930, 1880, 220, 60, 60, 1880, 220, 1880, 60, 30, 930, 10, 220, 60, 1880, 10, 2130, 30, 20, 30, 30, 20, 20, 30, 20, 2130, 30, 20, 450, 19820, 60, 630, 70, 19820, 9060, 560, 19820, 19820, 70, 60, 630, 70, 630, 60, 70, 630, 19820, 9060, 70, 450, 60, 630, 380, 60, 950, 3990, 50, 80, 4320, 4320, 50, 4320, 80, 4320, 50, 80, 50, 80, 80, 4320, 50, 2270, 2030, 70, 2900, 2270, 0, 2270, 70, 2270, 2270, 470, 40, 100, 840, 100, 1610, 870, 1610, 870, 100, 100, 1610, 100, 1610, 870, 870, 10, 870, 1610, 430, 180, 180, 620, 620, 180, 180, 620, 620, 180, 620, 2490, 930, 32060, 32060, 32060, 120, 120, 32060, 930, 930, 310, 930, 120, 32060, 930, 120, 120, 440, 180, 2950, 1680, 2950, 440, 440, 20, 2500, 2950, 20, 2500, 20, 2500, 2950, 20, 20, 2500, 440, 2950, 440, 420, 19640, 420, 420, 420, 19640, 420, 60, 40, 10100, 1310, 3550, 1310, 1310, 10100, 3550, 1310, 3550, 3550, 1310, 3550, 19820, 1130, 1130, 400, 1130, 1130, 1130, 280, 70, 120, 70, 70, 280, 280, 70, 280, 70, 280, 110, 110, 10, 110, 110, 110, 880, 2760, 320, 1020, 1180, 1020, 1180, 1020, 1180, 80, 3330, 880, 1180, 1020, 1020, 1180, 880, 320, 880, 880, 240, 240, 240, 240, 240, 0, 480, 4040, 30, 2420, 10, 400, 3020, 60, 3020, 60, 60, 10, 3020, 10, 10, 3020, 60, 10, 3020, 60, 10, 1840, 560, 1070, 10, 70, 160, 560, 70, 10, 10, 160, 1840, 1840, 160, 1850, 40, 560, 70, 160, 10, 1840, 70, 160, 10, 560, 1840, 1070, 70, 560, 40, 40, 40, 40, 40, 870, 320, 320, 320, 300, 10, 870, 70, 300, 880, 10, 70, 880, 50, 10, 880, 70, 870, 880, 10, 70, 300, 870, 880, 70, 300, 320, 870, 300, 10, 320, 25400, 70, 130, 130, 30, 5870, 70, 0, 70, 0, 70, 5960, 70, 30, 0, 5960, 5870, 1330, 5870, 5960, 70, 30, 0, 30, 5870, 5960, 30, 5870, 5960, 0, 2220, 4420, 3760, 4420, 3760, 120, 180, 22890, 2380, 1240, 140, 20, 20, 20, 20, 20, 120, 120, 200, 850, 200, 120, 120, 200, 200, 200, 120, 850, 3440, 270, 70, 70, 32060, 70, 70, 70, 50, 560, 2690, 2690, 20, 20, 50, 0, 150, 2690, 50, 20, 2690, 50, 2690, 50, 20, 20, 170, 170, 170, 0, 2430, 0, 2430, 0, 170, 2430, 0, 170, 2430, 0, 170, 2430, 780, 140, 2450, 1560, 2450, 1560, 2450, 140, 140, 1560, 2450, 1560, 140, 140, 1560, 2450, 3830, 10, 460, 10, 10, 10, 100, 10, 240, 2130, 30, 2130, 30, 30, 2130, 2130, 240, 30, 2130, 30, 240, 240, 240, 630, 580, 1270, 100, 440, 440, 110, 100, 580, 580, 100, 580, 440, 100, 440, 440, 100, 580, 2270, 300, 50, 3310, 3310, 50, 50, 3310, 3310, 2270, 50, 100, 50, 3310, 20, 50, 50, 20, 50, 20, 50, 20, 20, 50, 300, 4600, 850, 330, 70, 330, 850, 850, 100, 330, 4600, 4600, 330, 300, 4600, 70, 850, 4600, 850, 330, 310, 70, 70, 310, 70, 310, 150, 70, 310, 150, 150, 70, 310, 150, 150, 4600, 8400, 20620, 570, 300, 20620, 3310, 490, 80, 20620, 80, 80, 20620, 80, 300, 80, 20620, 570, 70, 3300, 1330, 420, 70, 3300, 1330, 3300, 1330, 70, 1330, 3300, 1330, 3300, 1430, 70, 70, 2130, 2130, 1170, 220, 90, 2600, 510, 2100, 60, 200, 90, 90, 90, 200, 2600, 60, 200, 60, 2600, 60, 2100, 2600, 60, 90, 200, 2600, 440, 10, 1590, 240, 10, 70, 180, 10, 10, 250, 10, 0, 870, 870, 870, 870, 870, 30, 1500, 30, 40, 30, 40, 40, 1430, 30, 1430, 40, 40, 1430, 30, 30, 1430, 23580, 1430, 30, 170, 260, 170, 170, 260, 170, 260, 170, 260, 260, 4790, 40, 860, 3830, 490, 490, 860, 490, 40, 490, 490, 40, 860, 3830, 40, 860, 40, 860, 1140, 80, 160, 2330, 1140, 160, 2330, 1140, 2330, 160, 160, 2330, 2330, 1140, 160, 140, 1140, 220, 650, 220, 520, 650, 650, 220, 220, 650, 220, 650, 990, 10, 940, 10, 990, 990, 990, 10, 1200, 10, 990, 940, 10, 80, 40, 670, 40, 30, 40, 40, 40, 10840, 3900, 380, 3900, 3900, 380, 10840, 380, 10840, 3900, 10840, 3900, 10840, 380, 380, 190, 30, 2330, 520, 10, 5280, 10, 190, 520, 190, 520, 190, 520, 10, 2330, 190, 5280, 260, 10, 10, 520, 10, 11810, 170, 530, 3520, 4110, 3520, 4110, 3520, 4110, 4110, 3520, 4110, 3520, 170, 360, 2380, 50, 6590, 360, 50, 6590, 360, 180, 50, 360, 6590, 360, 2380, 50, 6590, 2380, 2380, 50, 6590, 2380, 440, 1070, 8220, 380, 380, 8220, 8220, 380, 8220, 8220, 380, 380, 80, 50, 360, 210, 360, 360, 210, 360, 210, 360, 210, 210, 300, 1400, 50350, 300, 220, 140, 300, 220, 1400, 10, 50350, 50350, 220, 140, 10, 220, 140, 300, 10, 1400, 220, 140, 300, 10, 50350, 1400, 1400, 140, 10, 50350, 26200, 26200, 1240, 26200, 1240, 26200, 1240, 1240, 1240, 26200, 2690, 2690, 2690, 2690, 2690, 7040, 1030, 7040, 10840, 7040, 7040, 7040, 2220, 1130, 2980, 1180, 1130, 20, 1180, 2980, 1130, 1180, 1180, 1130, 1130, 1180, 20, 7570, 20, 20, 7570, 20, 7570, 20, 20, 7570, 7570, 110, 110, 110, 110, 110, 39550, 3050, 270, 270, 3050, 3050, 270, 3050, 270, 3050, 270, 100, 100, 100, 20, 100, 120, 20, 100, 20, 20, 20, 50, 790, 300, 1140, 30, 420, 50, 30, 790, 1140, 50, 1580, 790, 30, 1140, 50, 790, 30, 1140, 790, 30, 1140, 50, 80, 10950, 870, 330, 870, 330, 330, 330, 870, 80, 330, 870, 870, 370, 100, 100, 100, 100, 100, 30, 1070, 1470, 1470, 1190, 1190, 1470, 1070, 1470, 1190, 1070, 1190, 1070, 1070, 1190, 1470, 290, 2500, 290, 2500, 2500, 290, 2500, 290, 2500, 290, 100, 3940, 200, 3940, 200, 3940, 200, 3940, 200, 3940, 200, 1260, 2330, 300, 1260, 1260, 300, 300, 1260, 300, 300, 2330, 1260, 20, 340, 200, 20, 340, 20, 20, 20, 340, 200, 670, 340, 200, 200, 50, 340, 200, 180, 180, 180, 180, 180, 5460, 110, 110, 110, 110, 110, 10820, 9060, 4790, 4550, 4550, 10820, 4790, 10820, 4790, 9060, 4550, 9060, 4790, 10820, 9060, 4790, 9060, 4550, 10820, 4550, 1130, 3750, 2670, 3750, 2120, 2670, 3750, 2120, 2670, 2120, 1130, 3750, 1130, 1130, 3750, 2120, 2670, 2120, 2670, 1130, 30, 30, 30, 30, 30, 2170, 1620, 160, 2170, 160, 160, 1620, 1620, 2170, 160, 1620, 160, 2170, 1620, 2170, 650, 370, 650, 650, 650, 650, 20, 480, 20, 480, 480, 480, 20, 20, 480, 20, 5290, 840, 40, 230, 5290, 60, 5290, 60, 40, 110, 60, 110, 10, 230, 40, 110, 5290, 60, 110, 60, 40, 230, 40, 5290, 230, 230, 110, 1370, 2210, 2210, 2470, 3450, 20, 2210, 2210, 2210, 10, 150, 12550, 150, 12550, 150, 12550, 150, 12550, 150, 12550, 90, 90, 90, 90, 90, 500, 500, 500, 500, 500, 180, 990, 2800, 20, 2090, 990, 2090, 20, 20, 2090, 2090, 20, 2090, 20, 990, 990, 990, 1760, 350, 20, 1760, 130, 1760, 20, 130, 1760, 20, 130, 1760, 20, 130, 2500, 130, 20, 5200, 490, 490, 490, 490, 490, 10, 640, 260, 1860, 260, 10, 640, 260, 1860, 170, 640, 10, 260, 260, 1860, 10, 640, 1860, 10, 1860, 640, 250, 1860, 60, 250, 250, 60, 250, 60, 250, 60, 60, 510, 60, 3740, 110, 60, 60, 110, 510, 400, 220, 110, 510, 510, 3740, 110, 60, 110, 60, 510, 1820, 4190, 40790, 4550, 40790, 1080, 1080, 1080, 4550, 40790, 1080, 4190, 40790, 4550, 40790, 4550, 4550, 1080, 730, 730, 730, 730, 730, 600, 160, 10, 1370, 140, 1540, 4290, 160, 1540, 160, 140, 10, 140, 160, 1540, 10, 140, 1540, 10, 140, 10, 1540, 160, 1660, 120, 0, 1200, 1200, 1820, 0, 1200, 120, 120, 0, 120, 1200, 1660, 120, 1200, 0, 0, 720, 790, 3140, 960, 4680, 340, 4680, 340, 4680, 960, 460, 3140, 960, 20, 790, 20, 4680, 340, 3140, 460, 790, 960, 20, 460, 4680, 340, 3140, 20, 960, 460, 340, 3140, 20, 460, 790, 790, 60, 2090, 30, 70, 140, 160, 20, 390, 20, 390, 70, 70, 20, 390, 70, 20, 70, 20, 390, 160, 390, 20, 3630, 770, 770, 50, 770, 770, 770, 3630, 50, 50, 3630, 50, 3630, 50, 3630, 330, 2700, 330, 2180, 2700, 2700, 330, 2700, 2180, 330, 2700, 2180, 2180, 330, 2180, 50, 6490, 220, 40, 220, 40, 220, 3580, 40, 220, 40, 6490, 220, 40, 1610, 870, 7320, 0, 80, 110, 90, 870, 1520, 870, 90, 7320, 7320, 870, 90, 7320, 0, 90, 7320, 90, 870, 3630, 5720, 7340, 20, 20, 5720, 3630, 5720, 7340, 480, 20, 3630, 480, 480, 3630, 5720, 3630, 20, 480, 5720, 20, 480, 120, 120, 120, 120, 160, 120, 3130, 870, 870, 870, 870, 870, 3130, 3130, 3130, 3130, 10, 1720, 70, 80, 70, 80, 31610, 100, 1520, 2350, 31610, 1720, 70, 80, 31610, 1720, 70, 80, 1720, 31610, 1720, 70, 80, 31610, 20, 20, 20, 170, 20, 20, 20, 400, 400, 990, 400, 4890, 400, 400, 30, 30, 810, 400, 40, 30, 400, 3630, 400, 30, 3630, 810, 3630, 400, 30, 110, 400, 3630, 30, 3630, 700, 700, 700, 700, 700, 3830, 250, 140, 20, 160, 160, 250, 140, 3830, 250, 3830, 160, 20, 140, 160, 20, 140, 3830, 160, 250, 20, 140, 3830, 20, 250, 970, 1500, 3290, 90, 3290, 30, 30, 3290, 130, 30, 3290, 30, 3290, 30, 20, 10920, 0, 20, 10920, 370, 10, 5000, 90, 10, 10, 90, 10, 370, 5000, 90, 370, 5000, 370, 90, 5000, 5000, 10, 370, 90, 230, 1160, 230, 1160, 1740, 3170, 1160, 1740, 230, 1160, 1740, 1740, 3170, 1160, 1740, 3170, 230, 3170, 230, 3170, 40, 40, 40, 40, 40, 19820, 530, 4050, 530, 2250, 530, 40, 40, 40, 4050, 2250, 4050, 40, 40, 4050, 40, 2250, 530, 40, 2250, 530, 40, 4050, 40, 530, 40, 2250, 100, 340, 60, 100, 100, 100, 60, 60, 60, 60, 100, 10, 3740, 10, 10, 3740, 3740, 10, 3740, 3740, 10, 1360, 2040, 50, 40, 40, 50, 10, 40, 50, 40, 50, 40, 50, 610, 1370, 14420, 8170, 2800, 2760, 2760, 1370, 14420, 14420, 2760, 2760, 1370, 14420, 1370, 1370, 2800, 2800, 2800, 2800, 14420, 2760, 120, 590, 50, 590, 130, 130, 590, 130, 680, 20, 590, 590, 130, 6940, 130, 50, 600, 1780, 1780, 11320, 1780, 1780, 11320, 11320, 1780, 11320, 11320, 600, 1440, 200, 680, 1440, 200, 680, 1440, 680, 1440, 680, 1440, 200, 200, 680, 200, 120, 830, 120, 6500, 6500, 120, 6500, 830, 120, 6500, 120, 6500, 1580, 8780, 10, 330, 8780, 420, 330, 8780, 10, 1580, 330, 8780, 10, 330, 10, 8780, 330, 110, 20, 20, 100, 20, 7570, 110, 110, 260, 110, 7570, 100, 260, 20, 20, 7570, 100, 260, 20, 100, 260, 7570, 100, 110, 20, 7570, 260, 130, 1490, 130, 1490, 130, 130, 1490, 1490, 130, 1490, 18080, 12080, 160, 160, 160, 160, 160, 4300, 520, 450, 1500, 3540, 250, 450, 450, 2690, 50, 450, 50, 50, 2630, 450, 50, 5000, 50, 20, 20, 20, 20, 20, 190, 710, 110, 1160, 160, 160, 190, 170, 5260, 190, 160, 1160, 190, 710, 190, 160, 160, 10, 560, 300, 300, 30, 300, 300, 300, 11410, 10520, 130, 10, 160, 10, 160, 11410, 160, 11410, 130, 160, 11410, 130, 160, 130, 130, 1580, 11410, 10, 7380, 210, 210, 210, 1480, 250, 210, 210, 23990, 23990, 23990, 23990, 23990, 10400, 2860, 11380, 10400, 11380, 11380, 10400, 10400, 10400, 11380, 11380, 1020, 10520, 1130, 260, 87780, 87780, 260, 87780, 1020, 260, 1130, 10520, 1020, 87780, 260, 1130, 260, 87780, 1130, 1020, 1130, 1020, 7220, 1070, 560, 2140, 2140, 1070, 7220, 2140, 560, 7220, 1070, 7220, 1070, 2140, 2140, 7220, 1070, 440, 120, 120, 120, 120, 120, 0, 70, 0, 330, 610, 70, 70, 0, 0, 70, 70, 0, 21980, 26560, 11680, 4290, 11680, 26560, 11680, 11680, 26560, 21980, 11680, 26560, 26560, 920, 920, 26650, 920, 26650, 920, 26650, 26650, 26650, 920, 4830, 4830, 4830, 4830, 4830, 70, 11060, 70, 330, 2930, 70, 70, 70, 87780, 30, 1190, 2920, 87780, 1060, 120, 1190, 87780, 1190, 87780, 1190, 87780, 1190, 2920, 560, 310, 280, 280, 310, 280, 280, 280, 1590, 1670, 90, 1590, 90, 280, 280, 1670, 1670, 280, 1590, 90, 90, 70, 1590, 90, 90, 90, 1670, 280, 90, 1670, 90, 280, 1590, 90, 70, 7480, 70, 70, 70, 70, 740, 160, 20, 740, 740, 740, 740, 40, 10, 2510, 8920, 40, 680, 40, 680, 10, 30, 10, 2510, 680, 10, 40, 10, 8920, 680, 8920, 8920, 680, 40, 8920, 220, 220, 2460, 620, 220, 220, 5280, 220, 630, 7980, 7980, 630, 630, 630, 7980, 7980, 110, 7980, 630, 1910, 1910, 1910, 1910, 1910, 13300, 8920, 1500, 50, 8920, 8920, 13300, 13300, 20, 8920, 1500, 13300, 8920, 1500, 1500, 1500, 13300, 1070, 0, 1400, 110, 0, 110, 0, 300, 110, 0, 110, 1070, 0, 110, 7090, 19370, 140, 7090, 140, 140, 7090, 140, 140, 7090, 7090, 160, 3540, 3660, 2540, 2540, 2540, 2540, 2540, 1980, 3450, 30, 3450, 1980, 1980, 1980, 1980, 630, 290, 1730, 950, 950, 1640, 1730, 410, 950, 40, 950, 410, 1730, 950, 410, 1730, 410, 1730, 410, 380, 380, 40, 80, 50, 50, 50, 40, 1580, 80, 40, 80, 40, 80, 40, 50, 80, 50, 690, 20, 2450, 2300, 20, 2300, 2450, 2300, 20, 2300, 20, 2300, 20, 2450, 2450, 2450, 10710, 4650, 10710, 50, 50, 4650, 10710, 50, 50, 4650, 10710, 4650, 50, 4650, 10710, 900, 20, 2200, 40, 50, 900, 40, 900, 40, 170, 900, 20, 40, 40, 50, 900, 20, 900, 20, 20, 50, 13160, 4300, 4710, 4710, 4300, 4710, 4300, 4710, 4300, 4300, 4710, 50, 13160, 1580, 40, 1580, 40, 40, 40, 40, 40, 72370, 72370, 40, 620, 100, 72370, 40, 72370, 40, 40, 72370, 20, 20, 910, 50, 910, 20, 910, 20, 910, 20, 910, 110, 2050, 2520, 2520, 2520, 4590, 110, 110, 2050, 2050, 110, 4590, 2520, 110, 4590, 4590, 2050, 2050, 110, 4590, 2520, 350, 130, 130, 130, 130, 130, 2850, 560, 1670, 1140, 560, 1670, 2850, 2850, 2850, 1670, 1140, 560, 1670, 560, 2850, 560, 1670, 80, 30, 50, 0, 580, 580, 580, 580, 210, 50, 0, 50, 0, 30, 50, 0, 50, 580, 0, 660, 3730, 3910, 3730, 3730, 3730, 1730, 3730, 150, 2910, 110, 250, 150, 2910, 1330, 50940, 25060, 5380, 200, 200, 200, 50940, 25060, 50940, 30, 5380, 25060, 5380, 50940, 25060, 5380, 50940, 25060, 5380, 200, 200, 570, 1530, 310, 2320, 2320, 310, 310, 2320, 2320, 2320, 310, 310, 1540, 10, 2050, 850, 410, 410, 850, 410, 410, 1540, 10, 850, 1540, 10, 850, 2050, 410, 10, 1540, 2050, 2050, 10, 2050, 1540, 850, 610, 20, 610, 20, 20, 610, 20, 610, 20, 610, 11170, 260, 230, 5080, 230, 230, 5080, 230, 5080, 5080, 230, 5080, 950, 950, 3740, 950, 3740, 950, 3740, 3740, 3740, 950, 1730, 200, 360, 360, 360, 360, 360, 40, 130, 410, 170, 410, 10, 3340, 410, 410, 410, 50, 2460, 2460, 1190, 1190, 150, 20, 20, 20, 20, 20, 1850, 20, 1850, 1850, 1850, 20, 1850, 2080, 100, 100, 100, 100, 2080, 100, 10, 140, 1360, 4940, 1360, 140, 1360, 80, 140, 1360, 4940, 140, 4940, 4940, 1360, 140, 4940, 3170, 1280, 3170, 1280, 1280, 1280, 3170, 1280, 3170, 3170, 1460, 90, 90, 300, 1760, 300, 1760, 300, 90, 1760, 90, 1760, 300, 300, 1760, 90, 10, 310, 14520, 30, 0, 30, 30, 130, 130, 30, 150, 130, 30, 150, 0, 150, 150, 150, 130, 130, 670, 350, 350, 15850, 540, 670, 350, 670, 670, 350, 670, 350, 1170, 5790, 0, 120, 120, 570, 580, 90, 570, 580, 580, 90, 580, 570, 90, 90, 570, 580, 570, 90, 190, 2300, 190, 190, 680, 680, 2300, 680, 190, 190, 680, 680, 10330, 160, 1040, 10330, 190, 190, 1040, 190, 1040, 190, 10330, 10330, 3540, 160, 1040, 160, 160, 160, 190, 1040, 10330, 4100, 0, 10, 0, 4100, 4100, 4100, 4100, 30, 12520, 300, 300, 300, 12520, 300, 300, 60, 6580, 810, 60, 60, 810, 8570, 810, 60, 810, 6580, 60, 810, 1350, 27620, 34760, 430, 250, 40, 760, 600, 250, 40, 8020, 670, 40, 760, 40, 250, 40, 250, 250, 20, 120, 310, 1180, 120, 1920, 30, 3970, 120, 120, 1920, 30, 120, 310, 30, 310, 1920, 30, 3970, 1180, 1920, 1920, 30, 310, 1180, 310, 1180, 1180, 30, 30, 80, 30, 30, 30, 5060, 5060, 5060, 5060, 5060, 480, 2480, 80, 770, 11100, 11100, 80, 480, 2480, 770, 11100, 1770, 480, 2480, 770, 80, 480, 2480, 80, 480, 2480, 770, 11100, 770, 11100, 80, 4520, 10, 1300, 4520, 290, 290, 20, 290, 2820, 290, 290, 90, 2530, 30, 90, 2530, 30, 90, 90, 2530, 30, 90, 2530, 30, 30, 2530, 4420, 260, 660, 1200, 1200, 4420, 660, 660, 260, 1200, 4420, 260, 260, 4420, 1200, 660, 260, 4420, 1200, 660]"
2020-11-03 15:55:00+00:00,9900060,1,3550.0,"[10, 10, 11860, 10, 10, 10, 900, 1850, 30, 900, 40, 40, 30, 900, 10, 40, 1850, 30, 30, 10, 900, 30, 1850, 40, 10, 40, 30, 10, 10, 1850, 900, 1850, 5380, 5120, 4280, 60690, 490, 4180, 5380, 4280, 490, 5120, 1060, 530, 490, 4280, 4180, 5380, 490, 5120, 4180, 4180, 490, 5380, 5120, 4180, 5380, 5120, 4280, 4280, 210, 130, 130, 60, 130, 70, 60, 130, 50, 130, 30, 110, 30, 30, 30, 30, 2270, 4300, 80, 80, 4690, 4300, 40, 4690, 4300, 4690, 80, 4690, 4300, 4690, 4300, 80, 80, 90, 420, 420, 420, 420, 420, 250, 27600, 620, 40, 27600, 40, 3230, 14670, 40, 27600, 40, 40, 27600, 40, 40, 27600, 0, 0, 170, 170, 220, 0, 0, 170, 170, 0, 220, 0, 220, 220, 220, 190, 850, 14650, 5100, 30, 30, 850, 14650, 14650, 5100, 30, 850, 30, 5100, 30, 5100, 850, 14650, 5100, 14650, 850, 1740, 2290, 520, 14000, 210, 260, 270, 14000, 270, 2290, 2210, 270, 520, 270, 14000, 2290, 270, 14000, 2290, 14000, 2290, 440, 1350, 2820, 4030, 1350, 2820, 1350, 630, 630, 1350, 2820, 2820, 1350, 2820, 630, 630, 630, 21160, 240, 240, 510, 700, 510, 510, 240, 510, 240, 510, 240, 4480, 2790, 4480, 4480, 4480, 4480, 4780, 30, 2280, 120, 3420, 490, 3950, 500, 3950, 500, 3950, 140, 500, 3950, 140, 500, 3950, 140, 500, 140, 140, 560, 560, 560, 560, 560, 2390, 2600, 2600, 2390, 2390, 2600, 2390, 2600, 2390, 2600, 450, 8220, 670, 450, 450, 450, 8220, 670, 450, 670, 670, 20, 670, 2320, 2820, 140, 10, 10, 1480, 10, 10, 140, 1480, 2320, 2320, 1480, 2320, 140, 1480, 10, 140, 2320, 1480, 140, 4740, 7240, 5280, 5280, 510, 780, 170, 2830, 780, 170, 2830, 170, 780, 2830, 170, 780, 2830, 780, 170, 40, 2830, 320, 320, 320, 320, 320, 1200, 300, 30, 300, 950, 300, 30, 30, 300, 30, 950, 30, 950, 300, 950, 950, 80, 400, 590, 2830, 1480, 160, 1920, 1480, 590, 160, 400, 80, 400, 1480, 590, 160, 400, 1480, 590, 160, 80, 400, 80, 160, 1480, 590, 80, 3960, 5280, 1060, 2600, 40, 40, 2600, 1060, 3960, 40, 3960, 2600, 1060, 3960, 40, 5280, 2600, 3960, 40, 1060, 2600, 1060, 4700, 110, 340, 10, 200, 10, 340, 200, 60, 10, 340, 110, 10, 200, 340, 200, 340, 10, 200, 2440, 120, 30, 2440, 120, 2440, 120, 120, 2440, 120, 2440, 20, 20, 20, 350, 20, 290, 470, 290, 20, 470, 350, 20, 20, 470, 350, 20, 290, 350, 20, 290, 290, 470, 350, 20, 470, 3860, 20, 4520, 220, 4940, 4520, 210, 220, 3860, 1520, 3860, 0, 20, 4520, 210, 1520, 20, 3860, 1520, 210, 220, 4520, 4520, 1520, 3860, 1520, 20, 210, 210, 20, 220, 220, 130, 5350, 1240, 130, 5350, 130, 130, 130, 1750, 1750, 1750, 1750, 1750, 4430, 16080, 7330, 540, 7330, 540, 16080, 16080, 540, 16080, 540, 16080, 7330, 7330, 540, 7330, 10630, 240, 6100, 360, 360, 360, 360, 240, 140, 240, 360, 240, 240, 3660, 3660, 3660, 3660, 3660, 880, 3450, 7980, 1190, 7980, 1190, 150, 7980, 0, 1190, 7980, 0, 1190, 0, 1190, 0, 0, 7980, 860, 60, 60, 60, 60, 60, 860, 110, 2480, 360, 360, 2480, 3580, 400, 360, 360, 360, 2480, 2480, 2480, 1200, 1200, 4020, 1200, 1200, 1200, 160, 230, 230, 230, 230, 230, 4520, 44170, 190, 190, 190, 44170, 44170, 190, 44170, 44170, 190, 150, 50, 150, 50, 50, 150, 150, 50, 50, 150, 620, 5280, 5280, 5280, 5280, 5280, 340, 340, 340, 340, 340, 160, 2380, 20, 1180, 80, 19330, 19330, 3330, 3330, 3330, 1180, 350, 19330, 3330, 1180, 19330, 3330, 1180, 19330, 1180, 20, 4170, 1060, 10, 4680, 10, 4680, 4170, 1060, 4680, 10, 4170, 4680, 4170, 10, 4680, 4170, 1060, 44170, 1060, 10, 1060, 1320, 290, 3360, 2340, 1080, 1080, 1080, 1080, 780, 3360, 140, 3360, 1080, 3360, 3360, 2340, 70, 240, 150, 18410, 6340, 11440, 6340, 110, 6340, 110, 240, 6340, 6340, 11440, 11440, 11440, 11440, 150, 110, 240, 110, 240, 240, 110, 110, 110, 110, 110, 110, 80, 80, 520, 3580, 430, 3580, 2880, 3580, 80, 430, 3580, 80, 80, 430, 3580, 430, 430, 80, 3340, 1460, 7110, 720, 140, 7110, 720, 1460, 140, 7110, 3340, 1460, 720, 140, 3340, 1460, 7110, 720, 140, 3340, 140, 1460, 7110, 720, 3340, 16890, 16890, 16890, 16890, 16890, 100, 100, 100, 10190, 100, 100, 8830, 20, 20, 620, 620, 20, 620, 620, 20, 620, 20, 1160, 140, 140, 140, 140, 140, 0, 60, 0, 60, 0, 60, 0, 60, 0, 60, 800, 350, 190, 190, 190, 350, 800, 2760, 800, 350, 800, 350, 800, 350, 190, 190, 70, 2260, 30, 2260, 2260, 2260, 2260, 6800, 180, 580, 6800, 6800, 180, 580, 6800, 60, 580, 6800, 180, 580, 60, 580, 60, 180, 180, 60, 60, 4750, 10, 20, 440, 10, 440, 10, 10, 440, 20, 10, 440, 440, 0, 260, 260, 260, 0, 260, 260, 0, 0, 0, 2430, 120, 120, 3600, 2430, 2430, 120, 120, 2430, 3600, 3600, 3600, 2430, 120, 3600, 17170, 2760, 2180, 100, 100, 100, 100, 100, 80, 80, 80, 80, 80, 60, 210, 320, 10, 1010, 210, 1010, 210, 10, 10, 1010, 210, 1010, 210, 10, 1010, 80, 10, 470, 470, 640, 470, 640, 470, 640, 640, 470, 640, 60, 1040, 160, 1040, 40, 13610, 600, 7570, 1250, 1250, 7570, 7570, 80, 40, 40, 600, 40, 1250, 7570, 600, 7570, 13610, 40, 1250, 600, 1250, 600, 160, 3280, 3890, 0, 250, 3280, 0, 250, 130, 3280, 0, 3280, 3280, 250, 0, 250, 0, 250, 50, 2530, 560, 20, 20, 20, 1770, 560, 2530, 560, 560, 2530, 2530, 20, 2530, 6220, 560, 20, 0, 620, 40, 70, 70, 40, 40, 70, 40, 70, 0, 40, 0, 0, 0, 70, 40, 5200, 10400, 310, 360, 310, 360, 10400, 5200, 5200, 130, 90, 310, 5200, 5200, 310, 360, 10400, 310, 360, 10400, 10400, 360, 9460, 730, 420, 280, 2570, 6860, 640, 1770, 1790, 1770, 4410, 87780, 1770, 210, 1770, 1790, 4410, 4410, 1790, 4410, 1790, 4410, 1790, 1770, 4050, 230, 1330, 1050, 3260, 31650, 3260, 31650, 1330, 2540, 31650, 1330, 1050, 3260, 1050, 31650, 1330, 3260, 1050, 31650, 1330, 1050, 3260, 30, 30, 300, 110, 70, 110, 70, 110, 70, 110, 70, 110, 70, 0, 140, 60, 1790, 2260, 60, 60, 60, 0, 60, 400, 50, 50, 50, 1000, 50, 400, 50, 100, 100, 100, 100, 260, 260, 260, 100, 260, 260, 460, 60, 750, 110, 110, 110, 750, 460, 110, 460, 750, 460, 750, 460, 110, 750, 10620, 590, 880, 30, 8460, 740, 8460, 1580, 880, 880, 8460, 880, 8460, 880, 8460, 10620, 16990, 90, 90, 6860, 6860, 9660, 6860, 6860, 6860, 710, 760, 760, 710, 760, 710, 760, 710, 760, 710, 270, 240, 240, 190, 240, 270, 240, 240, 350, 10, 350, 350, 350, 350, 1500, 180, 0, 0, 0, 1070, 1070, 0, 0, 920, 200, 920, 920, 920, 920, 6860, 30, 30, 30, 30, 30, 10, 2250, 3460, 2290, 30, 2250, 3460, 7330, 1970, 2250, 3460, 2290, 30, 2290, 2250, 3460, 30, 2290, 2250, 3460, 30, 30, 2290, 4650, 1320, 0, 1320, 2260, 1320, 0, 1320, 1320, 20, 20, 110, 20, 20, 20, 320, 320, 1220, 1220, 320, 1220, 1220, 320, 1220, 320, 2900, 1460, 80, 40, 160, 160, 160, 200, 130, 80, 40, 80, 40, 160, 40, 80, 40, 160, 80, 290, 0, 40, 40, 40, 40, 40, 880, 880, 0, 880, 0, 0, 880, 0, 880, 0, 9570, 540, 9570, 9570, 9570, 130, 9570, 540, 150, 160, 770, 1160, 160, 1640, 40, 740, 1640, 2440, 2440, 1640, 740, 17820, 40, 2440, 740, 40, 740, 40, 1640, 740, 40, 2440, 1640, 10920, 2440, 470, 11570, 11570, 470, 11570, 470, 470, 470, 11570, 11570, 20, 11850, 11850, 120, 2060, 11850, 120, 11850, 120, 120, 11850, 120, 20, 160, 100, 5660, 3580, 300, 10, 40, 9760, 10, 5660, 3580, 3580, 10, 3580, 10, 5660, 5660, 10, 5660, 30, 30, 80, 80, 2130, 80, 80, 30, 80, 30, 30, 30, 30, 30, 30, 30, 10, 7240, 16990, 7240, 10, 7240, 7240, 7240, 270, 30, 90, 10600, 560, 90, 3800, 90, 90, 560, 10600, 30, 10600, 560, 90, 10600, 560, 30, 560, 10600, 30, 30, 140, 5040, 5080, 0, 110, 5040, 170, 0, 5040, 0, 0, 140, 5040, 0, 5080, 5040, 630, 60, 10, 10, 1520, 450, 10, 60, 60, 630, 450, 60, 450, 10, 60, 450, 1520, 630, 630, 10, 630, 450, 1120, 1520, 510, 1120, 1520, 80, 1120, 1520, 1120, 1520, 1520, 1120, 510, 5030, 290, 100, 100, 290, 290, 290, 290, 100, 100, 100, 540, 460, 110, 0, 40, 30, 120, 30, 40, 40, 30, 30, 40, 40, 120, 30, 0, 220, 1040, 400, 0, 220, 400, 220, 220, 220, 3300, 5320, 3670, 5320, 3300, 60, 60, 60, 3670, 60, 3300, 5320, 3670, 5320, 3670, 60, 5320, 3670, 3300, 3300, 20, 140, 140, 140, 140, 60, 20, 140, 30, 3530, 3790, 1100, 1100, 1100, 1100, 1100, 1160, 40, 110, 1160, 1160, 1160, 1160, 40, 1160, 40, 1160, 40, 1160, 1160, 40, 1160, 68870, 10, 10, 1670, 230, 10, 1670, 1670, 10, 10, 1670, 1670, 10, 2160, 2160, 2160, 2160, 20, 2160, 1400, 17090, 60, 60, 30, 30, 30, 60, 60, 30, 30, 60, 40, 40, 3950, 350, 1200, 300, 20, 0, 0, 0, 300, 0, 300, 0, 20, 300, 20, 20, 300, 20, 180, 4040, 740, 6490, 30, 160, 30, 6490, 60, 540, 6490, 30, 6490, 30, 30, 6490, 20, 70, 70, 3490, 3490, 20, 3490, 20, 70, 20, 20, 3490, 70, 3490, 70, 20, 4780, 10, 60, 1070, 300, 300, 4780, 300, 60, 60, 10, 60, 300, 4780, 60, 4780, 300, 4780, 570, 0, 10, 540, 10, 10, 4340, 9820, 4340, 540, 540, 540, 9820, 4340, 4340, 9820, 570, 4340, 0, 9820, 540, 10, 9820, 10, 870, 3360, 20, 0, 3360, 60, 0, 0, 20, 3360, 3360, 60, 3360, 20, 60, 0, 20, 20, 60, 60, 0, 630, 5940, 5740, 5940, 5940, 5940, 12160, 5940, 5740, 80, 110, 860, 110, 610, 370, 610, 610, 610, 110, 860, 860, 610, 860, 110, 860, 110, 3830, 370, 19820, 10, 70, 880, 6760, 370, 6760, 880, 70, 19820, 10, 6760, 370, 70, 19820, 10, 6760, 19820, 10, 70, 880, 370, 880, 19820, 10, 6760, 70, 370, 880, 2120, 70, 12370, 4380, 12370, 810, 430, 810, 4380, 230, 220, 810, 12370, 4380, 12370, 4380, 810, 12370, 810, 4380, 2840, 0, 6950, 100, 80, 13690, 260, 7240, 260, 7240, 80, 80, 260, 13690, 7240, 80, 260, 80, 260, 7240, 7240, 1120, 31130, 2390, 31130, 510, 1820, 510, 510, 31130, 31130, 1820, 510, 31130, 1820, 1820, 510, 1820, 19490, 13430, 13430, 19490, 13430, 19490, 13430, 19490, 19490, 13430, 70, 3300, 5520, 70, 70, 3300, 3300, 70, 3300, 3300, 70, 90, 90, 90, 24980, 24980, 90, 24980, 50, 90, 150, 24980, 300, 3220, 3840, 300, 300, 3840, 3220, 3220, 3840, 300, 3220, 3840, 300, 3220, 3840, 7200, 40, 160, 40, 10, 4770, 340, 4770, 4770, 0, 4770, 4770, 340, 2720, 12370, 30, 30, 40, 40, 30, 12370, 40, 40, 12370, 40, 30, 12370, 12370, 30, 10, 2760, 1330, 130, 130, 2760, 1330, 2760, 130, 130, 2760, 2760, 130, 3010, 1330, 1330, 1330, 70, 70, 70, 70, 70, 320, 6700, 180, 50, 6700, 160, 320, 50, 160, 320, 160, 50, 160, 320, 50, 160, 320, 180, 6700, 50, 6700, 6700, 60, 440, 70, 440, 3800, 40, 440, 3800, 40, 40, 70, 40, 70, 440, 3800, 40, 70, 70, 3800, 440, 3800, 2080, 420, 1840, 50, 2080, 1840, 1670, 2080, 420, 50, 1840, 420, 50, 1840, 2080, 420, 50, 1840, 2080, 50, 420, 11270, 20, 1750, 1840, 30, 20, 20, 30, 1840, 1840, 20, 30, 30, 1840, 20, 30, 950, 1840, 2690, 3760, 3760, 3760, 820, 820, 3760, 820, 820, 3760, 820, 1580, 1480, 200, 200, 1240, 200, 1580, 200, 1480, 1280, 4940, 1480, 1240, 1240, 1480, 1580, 1480, 1580, 1240, 200, 1240, 1580, 180, 40, 40, 180, 40, 180, 180, 40, 180, 40, 720, 120, 60, 720, 60, 50, 60, 60, 720, 60, 330, 720, 330, 330, 330, 330, 720, 280, 20, 280, 20, 4230, 280, 640, 20, 4230, 20, 4230, 640, 20, 4230, 4230, 640, 640, 640, 280, 280, 330, 9820, 3650, 110, 3290, 3650, 3650, 2020, 110, 110, 9820, 2670, 2020, 3650, 80, 110, 3650, 2670, 110, 110, 9820, 2670, 110, 2020, 110, 2020, 9820, 2670, 110, 2020, 110, 9820, 160, 40, 1690, 360, 40, 1690, 1690, 1690, 40, 1690, 360, 40, 40, 10, 620, 30, 10, 620, 10, 30, 5070, 10, 620, 10, 30, 620, 30, 620, 30, 10, 300, 1470, 260, 1470, 20, 3900, 3900, 3900, 1080, 3900, 3900, 2980, 2980, 210, 210, 210, 210, 210, 4340, 540, 540, 540, 4340, 540, 4340, 540, 4340, 4340, 11370, 1640, 3040, 1640, 1640, 3040, 3040, 3040, 1640, 1640, 3040, 4850, 2940, 370, 2940, 4850, 3220, 4850, 4850, 2940, 370, 370, 2940, 4850, 370, 370, 2940, 5170, 100, 100, 100, 5170, 5170, 100, 5170, 5170, 100, 550, 40, 10, 5270, 20, 3890, 10, 20, 40, 3200, 40, 5270, 5270, 10, 5270, 10, 20, 40, 3890, 40, 10, 20, 20, 5270, 160, 6580, 5080, 570, 6580, 570, 6580, 6580, 570, 570, 6580, 570, 40, 900, 1260, 80, 1480, 0, 0, 30, 900, 30, 0, 80, 1260, 1480, 1260, 30, 0, 80, 1260, 1480, 30, 900, 0, 80, 1260, 1480, 30, 900, 80, 630, 1480, 900, 220, 320, 1300, 1110, 360, 320, 2570, 360, 1300, 320, 360, 1300, 1300, 360, 320, 320, 1300, 360, 390, 2940, 390, 2790, 440, 6710, 110, 110, 110, 110, 110, 430, 70, 70, 70, 430, 70, 30, 70, 280, 7350, 40, 150, 40, 7350, 40, 7350, 40, 7350, 7350, 40, 150, 150, 150, 150, 150, 990, 50, 30, 30, 1160, 4470, 230, 1640, 4470, 2740, 2740, 230, 4470, 2740, 230, 2740, 4470, 230, 1160, 2740, 4470, 230, 1160, 1160, 1160, 48550, 2320, 2320, 2320, 2320, 2320, 4250, 350, 30, 30, 350, 10, 50, 5330, 5330, 490, 1910, 1910, 490, 50, 5330, 1910, 490, 50, 5330, 1910, 1910, 50, 5330, 7300, 50, 490, 490, 160, 160, 160, 160, 160, 490, 10, 34130, 10, 10, 10, 10, 14760, 14760, 70, 1120, 1120, 1120, 1120, 1120, 80, 730, 9640, 7440, 1630, 100, 1630, 80, 730, 9640, 730, 80, 7440, 1630, 100, 80, 9640, 730, 10090, 7440, 100, 9640, 7440, 1630, 100, 10090, 9640, 730, 80, 7440, 1630, 100, 10090, 90, 10090, 10090, 80, 10, 2310, 11860, 11860, 2310, 11860, 10, 2310, 11860, 10, 2310, 0, 10, 2310, 11860, 10, 1320, 0, 10, 10, 10, 10, 1320, 0, 10, 470, 4770, 1240, 1240, 1240, 1240, 1240, 40, 50, 860, 860, 880, 20, 880, 50, 880, 20, 860, 20, 860, 50, 20, 860, 880, 50, 880, 20, 50, 6490, 190, 30, 30, 190, 190, 30, 190, 30, 190, 30, 160, 40, 150, 160, 150, 150, 160, 150, 150, 40, 160, 160, 30720, 50, 470, 6140, 470, 470, 6140, 470, 30720, 50, 6140, 470, 50, 6140, 30720, 20, 50, 30720, 30720, 50, 6140, 30, 240, 330, 10, 240, 190, 20, 20, 20, 240, 240, 330, 240, 330, 330, 20, 330, 20, 1270, 1270, 1270, 1270, 1580, 1270, 0, 2900, 0, 0, 0, 0, 420, 20, 1880, 50, 1880, 20, 1880, 20, 1880, 20, 20, 1880, 510, 140, 1170, 140, 1170, 140, 1170, 140, 20, 510, 510, 140, 1170, 510, 510, 1170, 60, 190, 15420, 330, 330, 330, 15420, 330, 15420, 190, 330, 15420, 190, 15420, 190, 190, 90, 1860, 70, 32620, 32620, 32620, 1860, 1860, 32620, 1860, 32620, 1860, 250, 20, 60, 7240, 60, 7240, 20, 60, 7240, 20, 20, 7240, 60, 7240, 60, 20, 0, 3130, 10, 910, 4620, 0, 0, 910, 0, 3130, 910, 910, 910, 0, 470, 540, 360, 1130, 1130, 540, 1130, 360, 540, 360, 360, 1130, 540, 360, 180, 1130, 540, 2220, 430, 20, 870, 1470, 430, 870, 430, 2220, 2220, 430, 870, 20, 2220, 20, 20, 2220, 430, 870, 20, 870, 240, 30, 11860, 490, 7170, 490, 60, 140, 11860, 7170, 7170, 490, 11860, 30, 7170, 490, 30, 60, 60, 60, 30, 7170, 490, 60, 11860, 11860, 30, 30, 240, 40, 520, 160, 40, 40, 520, 520, 520, 520, 40, 40, 30, 760, 30, 760, 30, 760, 30, 30, 760, 760, 440, 410, 100, 1460, 1460, 60, 50, 3780, 410, 1460, 1460, 410, 1460, 410, 410, 160, 120, 23250, 240, 50, 380, 380, 50, 380, 50, 380, 50, 120, 380, 50, 130, 5570, 5570, 5570, 5570, 5570, 150, 340, 340, 340, 340, 340, 3130, 90, 33180, 10, 1760, 33180, 340, 40, 40, 40, 40, 40, 30, 0, 280, 140, 0, 580, 140, 0, 280, 140, 0, 1060, 280, 140, 1060, 140, 1060, 280, 0, 1060, 280, 220, 1840, 1840, 1840, 60, 220, 5710, 220, 5710, 220, 1840, 1840, 5710, 220, 60, 5710, 5030, 60, 10530, 10530, 5030, 10530, 60, 5030, 10530, 60, 5030, 10530, 60, 60, 5030, 1350, 50, 50, 50, 370, 550, 50, 1350, 1350, 1350, 1350, 50, 9020, 990, 150, 1750, 14000, 40, 1750, 9020, 1750, 9020, 1750, 9020, 9020, 1750, 40, 4490, 480, 480, 40, 480, 40, 4490, 480, 40, 4490, 60, 4490, 480, 4490, 40, 310, 4250, 310, 60, 4250, 310, 4250, 4250, 310, 310, 4250, 3290, 780, 780, 3290, 780, 780, 780, 3290, 3290, 3290, 510, 120, 120, 120, 120, 120, 3190, 360, 490, 490, 490, 360, 360, 490, 490, 360, 360, 3140, 3140, 3140, 3140, 3140, 30, 1730, 12400, 60, 1730, 10, 10, 12400, 1730, 10, 60, 12400, 1730, 10, 60, 12400, 60, 10, 12400, 1730, 60, 44860, 2770, 44860, 44860, 30, 44860, 44860, 0, 190, 190, 190, 190, 190, 6640, 30, 4610, 400, 80, 5320, 400, 30, 6640, 5320, 24300, 80, 5320, 5320, 80, 5320, 4610, 400, 80, 30, 6640, 400, 30, 6640, 80, 6640, 400, 30, 4050, 460, 460, 460, 460, 460, 50930, 4160, 660, 40, 40, 40, 40, 40, 800, 800, 800, 800, 190, 580, 800, 6340, 560, 6340, 560, 6340, 560, 560, 6340, 6340, 560, 19960, 3330, 3330, 3330, 3330, 3330, 630, 3220, 1800, 2320, 1300, 60, 3220, 3220, 1800, 2320, 3220, 2320, 1800, 2320, 1800, 2320, 1800, 3220, 110, 21390, 1790, 10530, 9250, 9250, 110, 9250, 1790, 110, 9250, 20, 1790, 110, 9250, 20, 20, 1790, 110, 1790, 20, 20, 50, 90, 340, 90, 50, 50, 50, 50, 90, 90, 90, 50, 150, 70, 90, 1600, 1600, 1600, 1600, 90, 70, 4880, 10, 1600, 70, 90, 70, 70, 90, 90, 1190, 1190, 1310, 730, 1190, 1190, 1190, 1280, 1220, 3190, 3190, 1140, 1390, 2350, 2350, 1280, 3190, 2350, 1280, 1390, 2350, 3190, 1220, 1280, 1390, 1970, 1970, 1970, 1970, 1390, 3190, 2350, 1280, 1390, 1970, 30, 120, 50, 250, 230, 50, 230, 2570, 30, 250, 50, 50, 230, 120, 250, 50, 230, 30, 120, 120, 250, 250, 30, 230, 120, 30, 0, 50, 50, 510, 50, 50, 850, 50, 50, 850, 850, 850, 50, 850, 30, 30, 650, 30, 30, 4770, 30, 4770, 30, 650, 30, 4770, 30, 650, 650, 4770, 30, 30, 650, 4770, 240, 100, 4120, 2150, 730, 3740, 60, 132020, 14240, 132020, 60, 14240, 100, 60, 132020, 730, 60, 14240, 100, 14240, 132020, 100, 60, 132020, 100, 14240, 780, 450, 1760, 450, 450, 80, 450, 450, 20, 820, 5570, 670, 390, 250, 250, 250, 390, 5570, 670, 250, 620, 390, 390, 820, 5570, 670, 390, 5570, 670, 820, 670, 820, 5570, 820, 250, 560, 100, 8040, 100, 30, 100, 8040, 100, 560, 560, 560, 100, 560, 300, 810, 1860, 1710, 1820, 50, 1860, 1820, 1820, 1860, 1820, 1820, 1860, 1860, 70, 70, 70, 70, 70, 5470, 39500, 10380, 150, 150, 5470, 10380, 5470, 150, 150, 5470, 10380, 150, 10380, 5470, 10380, 39210, 140, 6240, 30, 30, 6240, 30, 30, 6240, 30, 6240, 6240, 9610, 4550, 0, 0, 2680, 0, 4550, 2680, 2680, 0, 4550, 0, 4550, 2680, 4550, 2680, 11090, 0, 19240, 0, 0, 0, 0, 2490, 5420, 5420, 3450, 450, 450, 450, 20, 3450, 450, 3450, 3450, 450, 3450, 40, 1630, 0, 710, 3340, 1360, 1630, 0, 1630, 1630, 40, 40, 1630, 40, 0, 0, 40, 0, 6970, 10, 15840, 10, 6970, 6970, 6970, 10, 6970, 15840, 15840, 15840, 10, 15840, 10, 4770, 70, 70, 15740, 15740, 70, 15740, 15740, 15740, 70, 70, 140, 3230, 140, 4120, 140, 140, 140, 840, 2070, 4490, 18290, 4490, 18290, 18290, 18290, 4490, 18290, 2070, 4490, 4490, 1170, 50, 50, 0, 0, 10, 0, 0, 50, 0, 50, 50, 180, 180, 180, 180, 180, 2940, 5990, 370, 370, 370, 370, 370, 70, 1220, 1600, 1600, 1600, 70, 1600, 70, 1600, 70, 70, 10, 10, 120, 10, 10, 10, 110, 200, 70, 70, 70, 70, 70, 3770, 4920, 20, 0, 20, 3770, 4920, 3770, 4920, 3770, 20, 4920, 3770, 4920, 20, 20, 320, 10, 30, 320, 320, 320, 460, 10, 460, 460, 320, 460, 460, 90, 4410, 10, 4150, 4410, 90, 4410, 4150, 4410, 4150, 4150, 4410, 4150, 90, 90, 90, 610, 3010, 280, 280, 280, 280, 280, 3010, 3010, 3010, 3010, 230, 64700, 990, 990, 20, 20, 990, 20, 990, 20, 20, 990, 230, 0, 0, 0, 0, 0, 12990, 360, 10, 360, 400, 12990, 360, 12990, 360, 360, 12990, 12990, 1020, 3300, 400, 2570, 400, 2570, 2860, 400, 2570, 400, 2570, 400, 2570, 170, 800, 360, 41800, 900, 360, 360, 41800, 360, 900, 360, 900, 41800, 900, 900, 41800, 41800, 40, 10, 2840, 90, 490, 90, 490, 90, 490, 10, 17090, 90, 490, 2840, 90, 490, 10, 40, 190, 2840, 10, 190, 2840, 2840, 10]"
2020-11-03 16:00:00+00:00,6736200,2,2789.0,"[310, 310, 40, 3050, 450, 2190, 130, 3050, 130, 2190, 3050, 450, 130, 130, 3050, 130, 3050, 120, 120, 110, 30, 110, 130, 1690, 130, 100, 100, 130, 90, 100, 100, 0, 130, 100, 130, 190, 180, 190, 90, 240, 870, 160, 240, 160, 870, 870, 240, 160, 240, 870, 870, 160, 240, 160, 430, 20, 5050, 20, 200, 200, 1360, 20, 20, 200, 1360, 5050, 200, 1360, 20, 20, 1360, 200, 1360, 1630, 1630, 1630, 1630, 1630, 360, 4410, 6400, 4410, 1680, 4410, 4410, 4410, 2760, 410, 1460, 2760, 1460, 410, 2760, 2760, 2760, 50, 280, 280, 280, 280, 280, 50, 11210, 5580, 360, 5580, 11210, 11530, 11210, 5580, 11530, 5580, 5580, 11210, 11530, 11530, 11530, 11210, 90, 160, 990, 90, 160, 90, 160, 990, 90, 160, 990, 160, 990, 990, 90, 2470, 3220, 2470, 2470, 2470, 2470, 5930, 100, 5930, 8100, 100, 5930, 5930, 100, 50, 8100, 8100, 100, 8100, 8100, 5930, 100, 50, 20, 190, 20, 190, 20, 4160, 190, 4160, 20, 50, 4160, 50, 20, 4160, 190, 50, 4160, 190, 50, 1340, 1340, 1340, 1340, 3260, 1340, 3870, 3600, 3870, 3870, 3870, 3870, 70, 90, 2760, 2760, 90, 70, 2760, 0, 70, 90, 2760, 0, 70, 90, 2760, 0, 70, 0, 0, 90, 60, 60, 190, 190, 60, 190, 60, 190, 60, 190, 240, 430, 4130, 4130, 4130, 430, 280, 430, 240, 430, 240, 240, 4130, 4130, 240, 430, 90, 90, 2050, 760, 1670, 2050, 760, 10, 760, 90, 1670, 2050, 760, 90, 1670, 2050, 1670, 2050, 1670, 760, 90, 4270, 230, 50, 50, 50, 50, 50, 120, 1580, 120, 1580, 1580, 120, 1580, 120, 220, 120, 1580, 2060, 130, 540, 120, 130, 130, 130, 540, 540, 540, 130, 540, 2060, 2380, 16120, 2380, 2380, 2380, 2380, 120, 30, 7800, 7800, 7800, 30, 120, 6340, 6340, 30, 120, 190, 7800, 6340, 30, 120, 30, 120, 6340, 6340, 7800, 30, 670, 430, 20, 20, 670, 670, 20, 2740, 20, 670, 20, 670, 20, 11210, 11210, 6500, 11210, 6210, 8100, 8100, 8100, 11210, 20, 11210, 8100, 8100, 350, 350, 350, 350, 4380, 4380, 20, 580, 4380, 4380, 4380, 6210, 6210, 10, 10, 6210, 360, 10, 6210, 360, 10, 360, 360, 10, 360, 6210, 180, 300, 2220, 180, 90, 180, 90, 300, 90, 2220, 300, 180, 90, 90, 300, 300, 180, 4020, 4020, 20, 4020, 20, 1150, 20, 4020, 20, 20, 4020, 1040, 680, 1040, 1040, 1040, 680, 680, 680, 1040, 680, 1390, 160, 160, 3720, 120, 1390, 3720, 160, 3720, 1390, 3720, 160, 120, 160, 1390, 1390, 120, 3720, 120, 120, 420, 1250, 11110, 590, 420, 0, 80, 0, 80, 590, 420, 80, 11110, 1250, 420, 0, 80, 0, 590, 80, 0, 590, 420, 1250, 1250, 590, 1250, 400, 1510, 80, 80, 80, 1510, 80, 240, 240, 240, 640, 40, 430, 640, 240, 640, 240, 640, 640, 680, 10, 10, 10, 10, 10, 100, 4100, 4100, 100, 40, 100, 4100, 100, 40, 40, 4100, 5360, 4100, 40, 100, 40, 1240, 780, 170, 780, 850, 850, 850, 850, 850, 170, 170, 170, 170, 170, 2040, 80, 2040, 2040, 80, 2040, 80, 2040, 80, 80, 170, 170, 70, 130, 130, 70, 130, 70, 130, 70, 130, 70, 4730, 10, 10, 10, 10, 10, 10, 10, 360, 10, 10, 10, 360, 360, 360, 360, 10, 710, 150, 320, 350, 350, 170, 11980, 170, 7330, 7330, 170, 170, 710, 320, 350, 150, 7330, 320, 150, 7330, 710, 320, 150, 350, 7330, 11980, 350, 150, 710, 320, 710, 170, 1710, 1710, 1710, 1710, 1710, 4810, 70, 70, 2340, 34950, 2340, 4810, 2340, 70, 10, 2340, 70, 2340, 70, 4810, 4810, 4810, 10, 300, 300, 300, 300, 10, 300, 2060, 2060, 2060, 10, 2060, 2060, 0, 0, 0, 0, 0, 50, 160, 50, 50, 50, 50, 2890, 2890, 2890, 2890, 2890, 190, 90, 90, 710, 490, 710, 940, 710, 710, 710, 340, 5830, 5830, 5830, 5830, 5830, 100, 7690, 40, 60, 40, 300, 0, 40, 300, 300, 60, 300, 60, 40, 300, 60, 60, 7690, 40, 390, 5110, 10, 390, 5110, 10, 850, 390, 5110, 10, 390, 5110, 10, 10, 390, 5110, 20, 20, 20, 20, 20, 260, 220, 540, 540, 220, 260, 540, 540, 260, 540, 220, 260, 220, 220, 260, 3090, 130, 130, 1120, 130, 130, 130, 1120, 1120, 130, 1120, 130, 130, 130, 1120, 130, 800, 800, 800, 800, 800, 20, 450, 420, 110, 20, 420, 110, 20, 110, 110, 20, 420, 420, 110, 20, 420, 160, 10, 160, 160, 160, 160, 1120, 2510, 0, 2510, 0, 0, 2510, 0, 2510, 0, 2510, 1020, 980, 0, 20, 0, 0, 1020, 1020, 1020, 0, 0, 1020, 320, 100, 400, 4380, 230, 230, 230, 230, 4380, 230, 400, 20, 740, 20, 20, 20, 20, 70, 70, 70, 11350, 70, 70, 1710, 1710, 1710, 310, 1710, 10, 1710, 310, 30, 20, 1020, 30, 100, 1020, 20, 100, 20, 100, 20, 100, 1020, 20, 100, 1020, 1020, 30, 30, 30, 310, 310, 3100, 310, 3100, 3100, 3100, 310, 3100, 310, 5420, 120, 120, 5420, 120, 120, 120, 5420, 5420, 5420, 580, 990, 110, 1420, 1420, 1420, 990, 990, 1420, 990, 1420, 990, 110, 110, 820, 820, 560, 820, 820, 560, 560, 10, 560, 560, 820, 160, 20, 20, 70, 20, 20, 20, 6580, 17050, 640, 640, 640, 640, 640, 3450, 3830, 3830, 190, 60, 190, 2460, 13290, 30, 30, 2120, 3320, 30, 3320, 2120, 2120, 3320, 30, 2120, 3320, 30, 2120, 3320, 500, 270, 20, 270, 270, 20, 270, 270, 50, 50, 50, 50, 50, 3460, 50, 50, 300, 300, 300, 230, 300, 300, 50, 50, 50, 190, 150, 5090, 150, 50, 50, 50, 3790, 2920, 470, 50, 50, 5090, 5090, 5090, 5090, 1360, 1360, 1360, 1360, 1360, 7370, 7370, 7370, 7370, 7370, 60, 80, 80, 60, 80, 60, 80, 60, 80, 60, 1280, 1280, 1280, 1280, 1280, 10, 1230, 1230, 30, 1230, 1230, 10, 1230, 25720, 80, 25720, 25720, 25720, 25720, 420, 420, 420, 420, 1930, 0, 10, 0, 1930, 0, 1930, 10, 420, 10, 1930, 1930, 10, 0, 10, 0, 470, 470, 470, 470, 470, 40, 4900, 4180, 4180, 4180, 4900, 4180, 4180, 490, 100, 3290, 70, 100, 70, 490, 490, 100, 580, 100, 4770, 580, 580, 70, 70, 490, 580, 70, 490, 100, 580, 6930, 1330, 610, 6930, 0, 1930, 1930, 6930, 1330, 1930, 20, 1050, 4270, 1930, 1330, 0, 6930, 1330, 0, 1930, 0, 6930, 1330, 0, 40, 590, 6440, 6440, 6440, 6440, 6440, 10, 1120, 1000, 1120, 1000, 0, 80460, 1000, 1120, 1000, 1120, 1000, 1120, 3920, 3920, 1120, 3970, 3970, 340, 3970, 340, 3970, 340, 340, 340, 30, 210, 1100, 30, 1100, 30, 30, 1100, 210, 210, 20, 210, 30, 1100, 210, 1100, 10, 2320, 120, 800, 800, 800, 10, 10, 10, 120, 120, 820, 6140, 10, 800, 800, 2320, 120, 2320, 120, 2320, 2320, 100, 70, 70, 70, 70, 70, 58820, 1910, 4180, 1910, 1910, 58820, 1910, 4180, 220, 4180, 58820, 4180, 4180, 58820, 58820, 1910, 40, 40, 40, 40, 40, 740, 1300, 1300, 1300, 560, 20, 1300, 1300, 360, 90, 20, 20, 20, 20, 90, 90, 20, 90, 90, 3580, 3580, 490, 3580, 3580, 3580, 350, 3360, 3360, 3360, 3360, 3360, 350, 350, 350, 350, 15180, 2420, 9250, 60, 2420, 9250, 2420, 15180, 9250, 2420, 9250, 9250, 2420, 1160, 410, 2690, 2690, 2690, 2690, 410, 2690, 6230, 1290, 1290, 1290, 1290, 0, 1290, 20, 690, 30, 30, 20, 20, 1420, 1420, 20, 690, 30, 1420, 1420, 30, 30, 20, 1420, 680, 50, 0, 50, 30, 50, 0, 0, 680, 50, 0, 0, 50, 1660, 4420, 3130, 1660, 4420, 1660, 4420, 1660, 4420, 4420, 1660, 780, 120, 15800, 190, 120, 120, 120, 120, 50, 2510, 50, 10, 1000, 2690, 1970, 1970, 1000, 1970, 1970, 1000, 1000, 1000, 1970, 34290, 210, 20, 640, 10810, 640, 210, 210, 640, 640, 210, 210, 640, 4500, 4500, 4500, 4500, 10, 4500, 0, 120, 0, 870, 120, 120, 870, 120, 870, 120, 0, 870, 0, 0, 870, 900, 140, 1850, 1850, 900, 1850, 900, 140, 60, 1850, 900, 140, 1850, 900, 140, 140, 50, 440, 440, 50, 440, 440, 50, 50, 440, 50, 1330, 440, 12280, 130, 60, 70, 1590, 60, 130, 60, 440, 12280, 130, 70, 130, 440, 60, 12280, 130, 440, 60, 12280, 70, 70, 12280, 70, 440, 800, 50, 50, 50, 50, 50, 150, 40, 390, 390, 40, 40, 390, 40, 40, 390, 1100, 30, 30, 30, 30, 30, 6320, 45150, 170, 45150, 170, 45150, 170, 240, 170, 45150, 170, 570, 45150, 3580, 10, 10, 3580, 3580, 10, 10, 3580, 10, 3580, 3050, 270, 430, 170, 2260, 430, 430, 430, 2260, 2260, 2260, 2260, 170, 3050, 430, 8140, 1580, 5620, 6400, 5620, 5620, 1580, 6400, 5620, 1580, 5620, 1580, 1580, 4030, 250, 4030, 4500, 690, 250, 2270, 690, 4030, 4030, 250, 690, 4500, 690, 4030, 250, 690, 250, 20150, 4410, 490, 490, 2870, 490, 4410, 490, 490, 160, 50, 160, 500, 500, 500, 160, 500, 160, 160, 500, 160, 0, 220, 0, 3580, 3580, 0, 220, 0, 220, 3580, 220, 0, 0, 220, 3580, 0, 3580, 11220, 1160, 1160, 1160, 1160, 1160, 2540, 160, 160, 40, 40, 160, 60, 250, 250, 250, 160, 250, 160, 250, 18500, 350, 10, 350, 350, 2740, 4610, 4610, 2740, 4610, 2740, 2740, 4610, 18500, 2740, 350, 4610, 18500, 18500, 18500, 350, 3700, 120, 3060, 60, 3060, 3700, 3700, 3700, 3700, 5930, 370, 5930, 5930, 90, 5930, 5930, 3200, 3330, 290, 1060, 3330, 3330, 290, 290, 290, 290, 3330, 3330, 1580, 460, 460, 10520, 1580, 1580, 10520, 10520, 460, 1580, 10520, 10520, 460, 1580, 460, 40, 280, 100, 150, 0, 840, 150, 840, 150, 0, 840, 0, 2270, 840, 150, 840, 0, 150, 0, 620, 180, 620, 620, 620, 620, 190, 280, 280, 300, 300, 300, 190, 280, 280, 190, 280, 190, 190, 300, 300, 170, 220, 480, 480, 480, 170, 480, 480, 170, 170, 170, 70, 40, 10, 4280, 4280, 10, 140, 160, 4280, 4280, 10, 40, 4280, 10, 10, 2730, 160, 12290, 12290, 12290, 50, 1810, 560, 560, 12290, 560, 560, 12290, 560, 210, 1100, 200, 1100, 0, 200, 210, 200, 210, 1100, 210, 1100, 200, 210, 1100, 200, 20, 16120, 20, 20, 20, 20, 3530, 20, 17140, 20, 17140, 3530, 17140, 4540, 20, 17140, 3530, 20, 17140, 3530, 20, 3530, 4040, 20, 4040, 18160, 4040, 4040, 4040, 70, 13940, 1800, 70, 70, 13940, 1800, 70, 13940, 70, 13940, 1800, 13940, 1800, 1800, 60, 4770, 60, 60, 60, 60, 10, 6800, 6800, 6800, 6800, 6800, 150, 2220, 70, 290, 2220, 440, 440, 10, 440, 440, 440, 10, 10, 10, 10, 10, 60, 60, 2020, 70, 430, 2020, 70, 2020, 2020, 70, 70, 2020, 70, 340, 10, 3090, 50, 3090, 3810, 320, 230, 3950, 2920, 270, 3950, 3950, 270, 270, 3950, 3950, 270, 270, 1450, 650, 1450, 650, 650, 650, 650, 80, 80, 80, 80, 80, 140, 230, 230, 230, 230, 230, 140, 50, 640, 21260, 50, 21260, 21260, 50, 21260, 50, 50, 21260, 3290, 180, 3910, 3910, 180, 3910, 180, 3290, 3910, 3910, 180, 180, 460, 440, 200, 4460, 350, 350, 350, 4460, 4460, 4460, 350, 350, 4460, 660, 290, 18450, 30, 290, 30, 460, 30, 290, 30, 1360, 17190, 30, 290, 290, 270, 660, 660, 660, 130, 130, 130, 660, 130, 130, 660, 450, 20, 450, 8360, 690, 450, 690, 20, 450, 690, 690, 690, 450, 12520, 176920, 20, 176920, 12520, 176920, 12520, 176920, 12520, 176920, 12520, 11350, 600, 160, 11940, 160, 160, 600, 11940, 160, 600, 11940, 11940, 600, 160, 600, 30, 940, 2000, 30, 30, 1270, 30, 30, 30, 520, 1270, 30, 1270, 30, 1270, 30, 30, 2060, 560, 2640, 560, 560, 110, 110, 110, 2640, 110, 110, 110, 2640, 2640, 110, 110, 560, 2640, 110, 110, 560, 50, 5380, 5380, 5380, 5380, 5380, 1220, 4330, 2290, 1220, 2660, 4330, 4330, 2290, 2290, 2290, 1220, 4330, 1220, 2290, 1220, 4330, 130, 480, 80, 1990, 80, 80, 80, 80, 2790, 20, 2170, 2790, 20, 2170, 20, 2170, 2790, 20, 2170, 2790, 20, 2170, 2790, 2460, 3900, 60, 6500, 120, 40, 380, 6500, 3900, 3900, 380, 6500, 120, 2460, 380, 2460, 3900, 3900, 2460, 380, 6500, 2460, 120, 120, 6500, 120, 380, 480, 140, 10, 140, 140, 480, 480, 480, 140, 140, 480, 7130, 2020, 2020, 2020, 2020, 2020, 2020, 2020, 2020, 2020, 2020, 430, 430, 40, 430, 430, 430, 540, 70, 70, 70, 70, 70, 1090, 1090, 1090, 1090, 1090, 60, 660, 660, 660, 660, 60, 60, 660, 60, 660, 60, 330, 100, 20, 330, 330, 330, 330, 250, 16270, 16270, 16270, 250, 16270, 16270, 250, 250, 250, 200, 2440, 2440, 2440, 200, 200, 2440, 200, 200, 2440, 480, 0, 0, 20, 0, 20, 20, 0, 0, 20, 20, 12210, 1450, 1450, 12210, 1450, 12210, 1450, 12210, 1450, 12210, 520, 1560, 450, 50, 1560, 50, 1560, 50, 10, 1560, 50, 1560, 50, 2180, 2180, 440, 2180, 2180, 2180, 330, 1260, 330, 330, 400, 330, 330, 1040, 770, 340, 1150, 14650, 1100, 1100, 1100, 1100, 14650, 14650, 14650, 1100, 14650, 3420, 2560, 0, 3380, 0, 2560, 3420, 0, 2560, 3420, 2560, 3420, 0, 2560, 0, 3420, 4130, 350, 1720, 1720, 1720, 1720, 1720, 0, 30, 2640, 210, 140, 210, 10, 210, 2640, 30, 30, 2640, 210, 140, 2640, 30, 2640, 30, 0, 140, 140, 140, 210, 0, 0, 0, 0, 0, 10, 840, 170, 40, 170, 840, 1950, 840, 190, 170, 840, 170, 1950, 10, 10, 840, 10, 170, 40, 1950, 10, 1950, 1950, 760, 300, 50, 760, 300, 300, 760, 300, 760, 760, 300, 8920, 8920, 8920, 8920, 8920, 340, 6460, 160, 1400, 1200, 6460, 340, 340, 6460, 340, 6460, 340, 6460, 5160, 5160, 17280, 8450, 420, 2720, 8450, 8450, 490, 8450, 8450, 40, 40, 40, 40, 40, 15390, 60, 3210, 470, 60, 60, 60, 15390, 15390, 7330, 15390, 60, 15390, 60, 40, 70, 4900, 70, 70, 40, 60, 70, 70, 1780, 140, 300, 2150, 340, 300, 300, 2150, 2150, 340, 340, 340, 140, 300, 2150, 140, 340, 140, 140, 300, 2150, 430, 140, 140, 140, 140, 140, 780, 370, 370, 780, 370, 780, 370, 780, 370, 780, 790, 90, 10, 790, 830, 90, 920, 10, 90, 920, 90, 920, 790, 90, 10, 790, 920, 830, 920, 10, 830, 830, 790, 830, 10, 2380, 210, 210, 210, 210, 210, 170, 1130, 460, 1170, 90, 90, 460, 170, 90, 460, 170, 90, 460, 170, 1170, 90, 650, 460, 170, 340, 880, 1530, 150, 1030, 1030, 850, 1530, 340, 1530, 880, 1030, 1530, 340, 340, 1030, 1030, 1530, 340, 16990, 2550, 240, 3700, 10, 710, 10, 710, 0, 710, 710, 10, 710, 10, 10, 1410, 8270, 8270, 8270, 8270, 8270, 300, 20, 6780, 20, 3850, 6780, 20, 6780, 20, 6780, 20, 6780, 22580, 140, 190, 460, 190, 190, 460, 190, 190, 70, 8540, 70, 8540, 70, 8540, 6250, 70, 8540, 70, 8540, 20, 80, 120, 80, 80, 120, 120, 20, 1090, 20, 120, 80, 20, 120, 80, 20, 1850, 1850, 1850, 3980, 1850, 1850, 5780, 0, 5780, 5780, 5780, 5780, 1580, 130, 490, 120, 870, 870, 130, 130, 120, 870, 1580, 1580, 1580, 870, 130, 1580, 130, 870, 2900, 40, 6470, 6470, 30, 6470, 6470, 40, 6470, 100, 460, 100, 970, 460, 460, 970, 100, 100, 460, 970, 100, 460, 970, 970, 10160, 20, 160, 100, 20, 20, 20, 100, 20, 100, 100, 100, 6250, 8090, 720, 6250, 6250, 8090, 6250, 8090, 8090, 8090, 6250, 30, 30, 30, 30, 30, 5440, 1620, 20, 20, 5440, 1340, 5440, 1340, 1620, 1620, 1340, 1620, 5440, 20, 5440, 1340, 1620, 20, 20, 1340, 10, 10, 820, 10, 10, 10, 30, 1350, 90, 220, 1350, 20, 20, 60, 20, 20, 20, 20, 20, 20, 20, 20, 15020, 550, 250, 250, 550, 15020, 550, 550, 550, 2540, 110, 730, 110, 210, 210, 280, 120, 2540, 110, 120, 210, 2540, 110, 110, 120, 2540, 730, 280, 2540, 210, 120, 120, 210, 700, 240, 0, 570, 20, 570, 50, 20, 20, 30, 20, 30, 20, 570, 570, 30, 30, 30, 570, 4340, 250, 1950, 80, 1950, 340, 1950, 1950, 1950, 160, 3360, 0, 0, 0, 0, 3360, 0, 3360, 3360, 160, 3360, 10970, 2190, 10970, 2190, 2190, 10970, 10970, 2190, 10970, 2190, 180, 350, 40, 310, 310, 350, 180, 350, 350, 400, 310, 310, 400, 350, 400, 310, 180, 400, 180, 180, 400, 20, 20, 20, 20, 20, 6120, 4610, 260, 4610, 6120, 4610, 6120, 6120, 4610, 6120, 4610, 160, 1200, 1300, 480, 1300, 1300, 840, 7260, 140, 1300, 1300, 160, 8360, 340, 1320, 2810, 340, 2810, 1320, 2470, 2810, 2810, 340, 1320, 1320, 2810, 340, 1320, 340, 3420, 10, 1230, 1230, 1230, 5780, 10, 1230, 1230, 30, 30, 800, 4610, 40, 30, 40, 40, 40, 40, 370, 40, 40, 370, 380, 14440, 80, 380, 80, 14440, 80, 14440, 80, 14440, 80, 14440, 170, 90, 170, 440, 440, 170, 170, 440, 170, 440, 440, 480, 480, 480, 480, 480]"
2020-11-03 16:05:00+00:00,8930080,1,2805.0,"[5880, 290, 60, 60, 60, 290, 290, 290, 60, 290, 60, 0, 40, 0, 0, 60, 60, 0, 40, 40, 0, 60, 40, 60, 40, 60, 30, 14000, 14000, 14000, 14000, 14000, 6250, 340, 12690, 0, 20, 2470, 170, 170, 170, 10, 170, 170, 130, 60, 40, 60, 60, 40, 130, 60, 130, 40, 40, 130, 40, 130, 60, 60, 2640, 2640, 1380, 7380, 2640, 120, 2640, 2640, 120, 370, 370, 370, 260, 370, 260, 370, 260, 260, 260, 1000, 1000, 1000, 1000, 1000, 1340, 1360, 1360, 1360, 1360, 1360, 20, 20, 20, 20, 20, 30, 3420, 160, 2480, 110, 920, 110, 3420, 920, 2480, 110, 920, 110, 30, 3420, 920, 110, 920, 2480, 3420, 2480, 3420, 2480, 0, 9940, 0, 0, 9940, 0, 9940, 9940, 9940, 0, 5990, 90, 5990, 0, 0, 0, 6010, 0, 0, 1170, 20, 1800, 3800, 1800, 1800, 2510, 20, 1800, 2510, 2510, 2510, 1800, 2510, 20, 20, 1980, 20, 20, 20, 450, 10570, 50, 50, 10570, 10570, 10570, 50, 10570, 50, 50, 400, 400, 11440, 400, 400, 330, 400, 190, 20, 30, 780, 840, 130, 840, 840, 20, 840, 840, 320, 10, 10, 10, 10, 10, 5770, 30, 4340, 4340, 5770, 30, 4340, 3980, 4340, 30, 4340, 3980, 3980, 5770, 30, 3980, 5770, 30, 3980, 5770, 210, 70, 560, 70, 70, 0, 70, 70, 7020, 40, 7020, 40, 7020, 40, 7020, 7020, 40, 40, 10, 10, 10, 990, 10, 10, 1900, 1900, 560, 1900, 1900, 1900, 480, 2080, 2510, 40, 50, 2640, 6230, 6230, 6230, 200, 2510, 200, 2640, 2510, 200, 2510, 50, 2640, 50, 2510, 50, 200, 50, 6230, 200, 2080, 2080, 480, 480, 6230, 2080, 480, 2080, 480, 2640, 2640, 550, 1610, 1410, 1410, 21070, 21070, 21070, 1610, 1410, 1610, 21070, 1610, 1410, 21070, 1610, 1410, 90, 90, 90, 90, 90, 10, 110, 2300, 760, 530, 40, 2300, 530, 2300, 530, 760, 110, 530, 40, 10, 2300, 760, 110, 10, 760, 110, 110, 10, 10, 760, 2300, 530, 30, 2240, 2240, 30, 30, 2240, 30, 30, 2240, 30, 2240, 6300, 5580, 400, 1540, 11260, 230, 10100, 11260, 10, 230, 10, 230, 10, 230, 380, 10, 11260, 10, 11260, 11260, 230, 12310, 320, 320, 12310, 12310, 320, 320, 12310, 12310, 320, 4390, 220, 8630, 80, 80, 8630, 220, 8630, 8630, 220, 8630, 220, 220, 10, 740, 740, 740, 740, 740, 10, 20, 20, 20, 20, 20, 660, 1600, 0, 3970, 320, 740, 0, 1600, 1600, 40, 1600, 740, 40, 0, 740, 40, 320, 0, 1600, 40, 320, 0, 40, 740, 320, 740, 2510, 2510, 2510, 900, 2510, 2510, 1960, 2080, 4630, 2720, 2080, 4630, 2720, 4630, 2080, 2720, 2720, 4630, 960, 4630, 2080, 2080, 2720, 190, 80, 30, 30, 190, 30, 190, 80, 190, 30, 30, 190, 60, 60, 1710, 60, 1710, 1710, 60, 1710, 1710, 60, 106590, 106590, 106590, 106590, 106590, 230, 1030, 1180, 740, 360, 360, 360, 360, 1180, 1030, 360, 1180, 1180, 1180, 1030, 1030, 1030, 8560, 2060, 460, 460, 940, 8560, 460, 2060, 460, 2060, 2060, 2060, 460, 40, 40, 8360, 40, 20, 8360, 40, 14440, 40, 20, 8360, 8360, 20, 20, 20, 8360, 180, 30, 180, 180, 210, 180, 180, 560, 1150, 450, 450, 1150, 450, 1150, 450, 1150, 450, 1150, 5280, 5280, 460, 1750, 1750, 1750, 1750, 1750, 700, 580, 700, 700, 700, 700, 2030, 2370, 180, 30, 1140, 20, 30, 20, 20, 30, 30, 30, 20, 1140, 1140, 2370, 180, 1140, 1140, 20, 560, 570, 8630, 60, 90, 90, 120, 560, 90, 90, 8630, 560, 560, 560, 90, 5280, 1830, 20, 300, 460, 460, 3000, 20, 1830, 20, 20, 460, 1830, 5280, 300, 460, 460, 20, 300, 1830, 300, 1830, 300, 430, 2550, 2550, 4180, 2550, 430, 2550, 2550, 340, 3530, 1040, 3530, 2350, 4670, 60, 20, 60, 60, 60, 60, 20, 60, 4670, 60, 20, 4670, 60, 20, 20, 4670, 4670, 20, 1730, 770, 1920, 880, 1730, 12640, 20, 20, 12640, 1730, 770, 880, 1920, 1730, 1920, 12640, 20, 770, 880, 20, 12640, 1920, 770, 880, 1730, 1920, 770, 880, 20, 360, 360, 360, 120, 360, 120, 360, 120, 120, 120, 70, 70, 70, 70, 70, 230, 630, 630, 230, 630, 630, 630, 840, 1060, 3020, 2920, 1060, 2920, 3020, 2920, 3020, 1490, 1060, 2920, 3020, 1060, 2920, 3020, 1060, 30, 3250, 3250, 3250, 5490, 30, 3250, 3250, 30, 30, 30, 120, 40, 40, 420, 420, 40, 420, 420, 40, 40, 420, 60, 320, 2220, 80, 60, 80, 320, 60, 60, 320, 80, 320, 320, 80, 60, 80, 10, 10, 10, 10, 10, 200, 630, 630, 200, 200, 200, 630, 630, 200, 630, 60, 50, 110, 50, 60, 110, 110, 50, 110, 50, 110, 50, 60, 60, 60, 40, 40, 40, 40, 40, 1940, 470, 80, 10, 80, 60, 80, 1940, 10, 80, 80, 10, 10, 10, 260, 1730, 520, 520, 1730, 1730, 520, 1730, 520, 520, 1730, 2350, 540, 3100, 70, 3100, 750, 280, 750, 4300, 4300, 4300, 4300, 4300, 60, 1300, 1300, 1300, 60, 1300, 60, 1300, 60, 60, 300, 14560, 730, 10, 10, 2550, 730, 10, 730, 10, 730, 10, 730, 15080, 130, 5100, 5100, 130, 5100, 130, 130, 5100, 130, 5100, 39470, 39470, 39470, 39470, 39470, 280, 200, 90, 90, 3400, 90, 90, 280, 90, 90, 90, 90, 90, 90, 15080, 14000, 30, 790, 90, 30, 790, 14000, 790, 30, 14000, 14000, 30, 790, 790, 30, 14000, 6290, 350, 2720, 10, 40, 40, 40, 2720, 350, 6290, 40, 2720, 350, 6290, 2720, 350, 6290, 6290, 40, 350, 2720, 3400, 3430, 140, 140, 560, 490, 140, 3400, 3400, 3400, 3430, 140, 3400, 140, 700, 700, 700, 13400, 2010, 8490, 700, 13400, 13400, 700, 13400, 13400, 810, 180, 1490, 810, 810, 1490, 810, 180, 810, 1490, 1490, 1490, 1560, 1560, 1460, 1560, 1560, 1560, 1460, 1460, 1460, 1460, 1630, 1900, 3750, 180, 1630, 1900, 1630, 1900, 1630, 1900, 180, 1630, 1900, 180, 180, 180, 2320, 70, 680, 90, 90, 590, 10, 90, 10, 590, 90, 90, 100, 1520, 1520, 1520, 100, 100, 1520, 100, 1520, 100, 10, 40, 20, 20, 20, 40, 40, 20, 20, 40, 40, 1460, 820, 1180, 1180, 530, 820, 530, 820, 1180, 820, 1180, 1180, 530, 820, 530, 530, 140, 140, 50, 50, 140, 0, 290, 0, 950, 290, 50, 140, 0, 950, 290, 50, 950, 50, 140, 0, 950, 950, 290, 290, 0, 580, 420, 580, 580, 580, 420, 580, 2070, 100, 2110, 0, 2070, 2070, 2070, 2070, 340, 2740, 440, 2740, 11210, 2740, 2740, 2740, 440, 160, 2640, 150, 150, 150, 150, 150, 120, 410, 410, 120, 410, 120, 410, 120, 410, 120, 800, 1910, 1210, 1210, 1210, 1910, 1910, 1210, 1910, 1910, 1210, 100, 3040, 34140, 400, 400, 34140, 400, 400, 400, 190, 90, 780, 190, 10740, 90, 90, 10740, 780, 190, 780, 90, 10740, 190, 780, 10740, 190, 90, 780, 10740, 450, 140, 140, 140, 450, 450, 140, 450, 140, 450, 4040, 4040, 4040, 4040, 4040, 50, 50, 50, 50, 50, 4330, 16620, 16620, 1340, 2720, 4300, 4300, 4300, 1340, 4300, 1340, 4300, 1340, 2720, 1340, 2720, 2720, 2720, 10, 460, 2400, 2400, 2400, 2400, 2400, 2200, 3260, 3400, 3260, 3400, 150, 3260, 3400, 10, 3260, 3400, 3400, 3260, 2470, 2470, 2470, 2470, 2470, 220, 2840, 680, 220, 2840, 680, 680, 220, 2840, 680, 220, 680, 220, 2840, 860, 0, 1440, 1660, 1440, 0, 1440, 1660, 1440, 1660, 0, 1660, 1440, 0, 0, 1660, 70, 30, 3090, 20, 60, 520, 260, 47580, 520, 260, 20, 260, 20, 47580, 520, 60, 260, 20, 47580, 520, 260, 20, 47580, 520, 47580, 2110, 8420, 2110, 2110, 2110, 2110, 30, 610, 16620, 190, 130, 610, 600, 610, 600, 30, 600, 610, 600, 610, 600, 3760, 90, 1540, 10, 10, 90, 90, 10, 90, 10, 90, 10, 90, 160, 130, 80, 160, 160, 10, 80, 130, 80, 10, 130, 43740, 130, 80, 10, 160, 160, 130, 80, 10, 10, 500, 40, 500, 40, 500, 40, 500, 40, 500, 40, 800, 4580, 4580, 800, 120, 4580, 800, 800, 4580, 800, 4580, 2130, 13840, 190, 190, 13840, 190, 190, 190, 190, 13840, 190, 190, 13840, 190, 190, 13840, 370, 370, 370, 370, 370, 870, 130, 1910, 130, 1910, 3230, 130, 130, 1910, 130, 1910, 1910, 870, 870, 870, 870, 710, 700, 60, 60, 60, 700, 110, 700, 60, 0, 580, 110, 110, 110, 60, 700, 110, 700, 10520, 120, 3040, 2640, 2640, 2640, 1580, 120, 2640, 120, 2640, 120, 120, 2350, 10, 10, 10, 10, 10, 30, 12680, 15590, 30, 15590, 30, 30, 15590, 30, 15590, 15590, 60, 500, 0, 260, 1640, 500, 0, 0, 60, 0, 500, 780, 60, 0, 1640, 0, 60, 500, 500, 0, 60, 70, 1080, 42330, 340, 740, 42330, 70, 70, 740, 42330, 42330, 70, 740, 1080, 70, 740, 42330, 1080, 740, 1080, 1080, 190, 12680, 2720, 60, 60, 2780, 30, 2100, 2780, 30, 160, 160, 160, 160, 160, 770, 43770, 9040, 43770, 43770, 9040, 43770, 9040, 43770, 9040, 9040, 3120, 1180, 1180, 100, 3120, 1180, 1180, 1180, 400, 100, 100, 100, 100, 100, 140, 2240, 150, 140, 140, 140, 140, 10, 10, 30, 10, 10, 30, 30, 10, 30, 30, 87780, 87780, 87780, 87780, 87780, 2040, 140, 140, 20, 3730, 140, 2040, 2040, 2040, 140, 140, 2040, 870, 0, 720, 0, 870, 870, 870, 870, 1410, 210, 1410, 210, 210, 1410, 1410, 210, 210, 1410, 15000, 1470, 2780, 540, 1470, 1470, 540, 2780, 1470, 540, 540, 1470, 540, 1920, 440, 60, 10, 10, 10, 60, 60, 10, 60, 60, 10, 13740, 9040, 300, 300, 13740, 300, 13740, 300, 300, 13740, 13740, 310, 130, 130, 130, 310, 130, 310, 130, 310, 310, 200, 60, 60, 60, 60, 200, 60, 200, 200, 200, 470, 180, 87780, 470, 470, 180, 180, 470, 180, 470, 180, 4050, 20, 390, 20, 20, 390, 20, 20, 0, 30, 90, 2070, 3770, 3770, 2070, 3770, 2070, 3770, 2070, 3770, 2070, 150, 680, 680, 680, 680, 680, 870, 24100, 120, 120, 132020, 1830, 270, 132020, 120, 132020, 120, 132020, 132020, 120, 30, 310, 310, 30, 310, 30, 310, 30, 310, 30, 30, 30, 30, 30, 30, 3020, 3020, 530, 290, 3020, 290, 290, 60, 3020, 290, 3020, 290, 330, 740, 1070, 800, 800, 740, 740, 800, 740, 800, 1070, 740, 800, 1180, 1020, 5250, 1020, 310, 1020, 1020, 1020, 940, 1610, 1610, 1610, 1610, 1610, 40, 140, 40, 140, 140, 40, 40, 40, 140, 140, 18980, 450, 10, 6920, 20, 160, 160, 10, 6920, 10, 20, 10, 10, 20, 3220, 550, 130, 130, 130, 640, 20, 550, 3220, 130, 3220, 130, 3220, 3220, 140, 4360, 50, 230, 4360, 4360, 4360, 4360, 140, 40, 40, 40, 40, 40, 10, 3050, 3050, 540, 940, 10, 40, 3050, 10, 3050, 940, 10, 940, 940, 40, 10, 940, 40, 40, 40, 3050, 20, 780, 3280, 1670, 780, 120, 1670, 3280, 20, 780, 780, 780, 1530, 10, 110, 1360, 110, 1360, 1360, 1360, 1360, 70, 1330, 210, 500, 210, 1330, 500, 730, 60, 500, 730, 210, 1330, 500, 730, 210, 1330, 500, 730, 1330, 730, 210, 970, 970, 140, 970, 970, 970, 830, 1890, 330, 6830, 7240, 660, 9890, 2780, 750, 8880, 660, 9890, 660, 8880, 9890, 660, 9890, 8880, 9890, 660, 8880, 7240, 8880, 20890, 0, 0, 0, 0, 0, 1180, 490, 490, 490, 820, 1180, 820, 820, 1180, 490, 820, 1180, 820, 1180, 490, 5120, 350, 30, 350, 350, 0, 30, 0, 30, 350, 30, 0, 0, 0, 350, 30, 630, 3520, 250, 440, 60, 1930, 60, 440, 60, 60, 440, 440, 440, 60, 3660, 100, 100, 100, 3660, 3660, 100, 3660, 3660, 100, 200, 150, 640, 1100, 1100, 200, 150, 640, 1100, 640, 1100, 640, 1100, 640, 100, 220, 1360, 220, 1360, 50, 1360, 100, 100, 220, 220, 1360, 50, 1360, 50, 100, 220, 50, 50, 100, 400, 400, 400, 400, 400, 120, 3750, 3210, 7140, 3750, 3750, 3750, 3750, 132020, 3530, 3530, 10, 3530, 10, 3530, 10, 10, 3530, 10, 90, 100, 100, 100, 100, 100, 1360, 50, 10, 3910, 50, 10, 50, 3910, 1360, 390, 1360, 10, 50, 3910, 10, 50, 3910, 1360, 10, 3910, 1360, 3820, 10, 3820, 3820, 3820, 3820, 50, 7000, 7000, 7000, 7000, 7000, 350, 860, 350, 860, 860, 350, 4230, 860, 70, 350, 860, 70, 350, 70, 70, 70, 1450, 3700, 3700, 1450, 1450, 3700, 360, 1450, 3700, 1450, 3700, 1890, 112220, 440, 112220, 440, 1890, 1890, 440, 112220, 440, 1890, 1890, 440, 112220, 112220, 650, 650, 650, 650, 650, 140, 140, 140, 12840, 140, 12840, 12840, 12840, 140, 290, 0, 290, 0, 290, 0, 0, 290, 0, 290, 670, 42730, 5250, 190, 190, 5250, 670, 190, 670, 5250, 190, 5250, 670, 5250, 670, 190, 10220, 960, 960, 10220, 960, 10220, 960, 10220, 10220, 960, 190, 60, 7240, 60, 60, 60, 190, 190, 190, 190, 60, 3460, 1480, 1480, 5950, 1410, 280, 80, 80, 80, 80, 80, 1940, 1940, 1770, 1940, 1940, 1940, 3700, 440, 30, 440, 30, 440, 440, 30, 30, 440, 30, 20, 3490, 20, 3490, 20, 3490, 20, 3490, 20, 3490, 20, 2370, 20, 2370, 30, 20, 2370, 2370, 20, 2370, 20, 3120, 2000, 3120, 3120, 3120, 2000, 3120, 400, 160, 590, 160, 290, 160, 400, 590, 250, 160, 590, 400, 290, 590, 400, 160, 590, 400, 2660, 11920, 11920, 10, 820, 2660, 2660, 2660, 11920, 2660, 11920, 11920, 3630, 460, 360, 390, 1150, 900, 1150, 900, 390, 1150, 390, 1150, 390, 900, 390, 1150, 900, 900, 180, 2540, 180, 2540, 60, 12660, 60, 5250, 5250, 60, 120, 120, 60, 180, 2540, 120, 5250, 180, 2540, 120, 5250, 180, 2540, 120, 5250, 60, 240, 3900, 20, 570, 20, 570, 3900, 240, 240, 240, 570, 240, 570, 570, 30, 120, 30, 30, 120, 30, 120, 120, 30, 120, 80, 880, 2100, 2100, 2100, 880, 3360, 2100, 880, 880, 880, 2100, 820, 190, 270, 270, 270, 270, 190, 820, 820, 820, 190, 190, 820, 190, 270, 10, 940, 37950, 730, 730, 37950, 730, 940, 37950, 730, 940, 37950, 940, 37950, 730, 940, 0, 290, 290, 290, 90, 300, 290, 290, 900, 680, 680, 3540, 580, 580, 580, 680, 580, 680, 3540, 580, 3540, 680, 3540, 3540, 2380, 1010, 570, 3700, 570, 170, 130, 570, 570, 130, 130, 130, 130, 3700, 570, 3080, 40, 150, 100, 1780, 100, 1780, 150, 40, 0, 1780, 40, 1780, 100, 150, 40, 100, 150, 40, 100, 1780, 150, 570, 930, 30, 30, 130, 930, 30, 930, 30, 930, 30, 30, 930, 80, 120, 680, 74540, 110, 120, 120, 120, 120, 1170, 380, 810, 810, 380, 1170, 380, 1170, 380, 1170, 810, 380, 1170, 810, 810, 55140, 55140, 20, 55140, 55140, 55140, 70, 70, 70, 70, 70, 500, 13140, 40, 10, 13140, 10, 13140, 10, 13140, 10, 10, 13140, 20, 3980, 70, 70, 70, 70, 70, 4740, 5230, 250, 5230, 5230, 90, 90, 90, 90, 250, 5230, 5230, 90, 4470, 290, 290, 4470, 290, 290, 4470, 290, 4470, 4470, 16070, 180, 740, 80, 180, 180, 740, 16070, 180, 740, 180, 740, 740, 7740, 730, 70, 70, 70, 2250, 730, 70, 7740, 730, 70, 730, 730, 1050, 210, 80, 80, 1060, 210, 80, 1050, 80, 80, 520, 520, 520, 520, 520, 190, 680, 190, 190, 190, 190, 680, 230, 0, 0, 0, 0, 0, 880, 1050, 1050, 1050, 1050, 1050, 10, 15200, 2530, 70, 20, 20, 70, 10, 15200, 2530, 10, 15200, 2530, 70, 20, 10, 2530, 70, 70, 2530, 10, 20, 15200, 20, 15200, 30, 500, 28070, 810, 500, 70, 810, 810, 810, 500, 28070, 810, 500, 500, 1540, 560, 300, 190, 4070, 300, 300, 300, 300, 300, 210, 6810, 1510, 6810, 300, 300, 1510, 210, 6810, 1510, 300, 6810, 1510, 210, 300, 6810, 210, 1510, 210, 30, 360, 2140, 2140, 2140, 290, 30, 360, 2140, 30, 30, 30, 2140, 0, 300, 900, 10, 2120, 90, 10, 870, 2120, 2120, 300, 2120, 10, 10, 10, 2120, 50, 3740, 20, 5930, 940, 3740, 30, 30, 940, 3740, 130, 5930, 940, 3740, 940, 5930, 940, 3740, 90, 5930, 5930, 90, 30, 90, 30, 90, 30, 90, 120, 150, 12450, 120, 30, 12450, 120, 120, 120, 30, 150, 80, 740, 1170, 80, 150, 740, 80, 150, 740, 80, 150, 150, 740, 80, 740, 200, 200, 10, 200, 200, 200, 7640, 3200, 3200, 7640, 3200, 240, 7640, 3200, 7640, 3200, 7640, 100, 1280, 1280, 1280, 1280, 1280, 60, 1500, 100, 100, 100, 100, 100, 6300, 4940, 140, 140, 100, 140, 820, 100, 820, 100, 820, 140, 820, 100, 820, 100, 140, 80, 4180, 80, 80, 4180, 80, 80, 4180, 4180, 50, 750, 750, 330, 750, 750, 750, 6320, 90, 90, 90, 90, 90, 4430, 90, 40, 190, 190, 190, 190, 190, 20, 1010, 1010, 20, 20, 1010, 20, 1010, 20, 1010, 240, 240, 240, 240, 240, 9000, 0, 2760, 0, 0, 0, 0, 3360, 70, 70, 3360, 3360, 3360, 70, 70, 3360, 70, 810, 810, 810, 810, 810, 920, 470, 6780, 470, 470, 470, 470, 10, 820, 100, 3860, 4070, 3860, 4070, 100, 3860, 4070, 100, 3860, 4070, 100, 4070, 3860, 100]"
2020-11-03 16:10:00+00:00,8851300,5,2947.0,"[3440, 300, 0, 500, 50, 500, 210, 500, 50, 0, 500, 0, 500, 0, 50, 50, 50, 0, 120, 3710, 120, 470, 120, 120, 120, 20, 20, 140, 140, 70, 0, 140, 0, 140, 140, 0, 70, 0, 70, 70, 0, 70, 3710, 3710, 3360, 3710, 3710, 3710, 750, 750, 750, 750, 750, 30, 30, 50, 50, 30, 50, 30, 30, 50, 50, 30, 30, 100, 270, 270, 270, 270, 270, 940, 300, 50, 50, 2060, 50, 50, 140, 50, 70, 70, 940, 50, 2060, 940, 50, 50, 2060, 70, 940, 300, 2060, 70, 940, 50, 2060, 50, 70, 60, 840, 60, 60, 60, 60, 430, 430, 430, 430, 430, 1050, 160, 600, 300, 1050, 160, 600, 160, 160, 160, 600, 1050, 1050, 600, 1050, 600, 780, 330, 3280, 3820, 3280, 3820, 330, 330, 780, 780, 3280, 3280, 3820, 780, 330, 3280, 3820, 780, 330, 3820, 10, 70, 20, 50, 5440, 2190, 3550, 940, 940, 20, 170, 3550, 3550, 20, 2190, 3550, 20, 20, 350, 940, 350, 350, 940, 3550, 350, 350, 940, 70, 2040, 2040, 2040, 4000, 2040, 4000, 4000, 4000, 2040, 4000, 3820, 360, 360, 360, 360, 360, 650, 650, 70, 70, 70, 2260, 70, 70, 140, 310, 310, 20, 150, 140, 20, 310, 20, 140, 310, 20, 140, 310, 20, 2050, 140, 30, 390, 390, 390, 390, 390, 4900, 4900, 4900, 4900, 4900, 10, 3470, 4730, 10, 4730, 3470, 10, 10, 3470, 10, 4730, 3470, 10, 3470, 4730, 4730, 1350, 20, 1550, 240, 4890, 240, 4890, 4890, 1550, 1550, 20, 4890, 1550, 240, 240, 1550, 4890, 240, 6030, 470, 40, 40, 40, 6030, 470, 6030, 40, 6030, 6030, 40, 2410, 2410, 2410, 2410, 2410, 320, 650, 2690, 10, 240, 240, 610, 610, 240, 2690, 10, 2690, 6760, 10, 610, 10, 2690, 10, 610, 240, 650, 2690, 320, 650, 240, 650, 650, 610, 160, 160, 3180, 160, 160, 160, 240, 240, 240, 240, 240, 3590, 3590, 3590, 3590, 3590, 140, 10210, 4560, 30, 4560, 30, 30, 4560, 30, 4560, 4560, 30, 0, 0, 0, 0, 0, 270, 270, 20, 270, 270, 270, 130, 170, 640, 170, 400, 170, 170, 640, 640, 640, 170, 640, 260, 1220, 1220, 1220, 260, 1220, 1220, 14610, 20, 14610, 20, 14610, 14610, 20, 20, 20, 14610, 0, 4560, 1270, 0, 160, 190, 1270, 0, 1270, 1270, 4560, 4560, 4560, 1270, 4560, 20, 290, 290, 20, 290, 40, 20, 290, 290, 20, 20, 6220, 6220, 6220, 6220, 6220, 110, 110, 3710, 340, 110, 750, 340, 340, 110, 340, 340, 110, 20, 20, 7450, 70, 7450, 70, 7450, 7450, 20, 7450, 70, 70, 20, 20, 70, 910, 140, 4830, 910, 910, 4830, 140, 4830, 140, 4830, 140, 910, 4830, 140, 910, 2410, 1190, 1190, 2410, 2410, 1190, 2410, 1190, 2410, 1190, 30, 470, 250, 20890, 30, 250, 470, 250, 250, 250, 520, 37540, 1790, 1790, 1790, 1790, 1790, 1890, 3350, 3950, 460, 4450, 570, 460, 570, 4450, 460, 570, 460, 570, 460, 4450, 4450, 570, 4450, 1750, 170, 170, 170, 170, 170, 26460, 570, 30, 30, 520, 30, 520, 520, 26460, 26460, 570, 30, 520, 26460, 570, 30, 520, 26460, 570, 570, 1080, 2130, 2250, 2130, 1080, 2130, 1080, 2130, 1080, 2130, 1080, 40, 80, 490, 790, 80, 80, 820, 80, 790, 80, 790, 490, 790, 790, 110, 310, 80, 310, 310, 80, 80, 310, 310, 80, 80, 2110, 1590, 2110, 1590, 1590, 2110, 1590, 2110, 2110, 240, 20, 1300, 1300, 20, 20, 1300, 20, 240, 1300, 20, 240, 1300, 240, 240, 90, 4060, 4060, 4060, 4060, 4060, 630, 340, 6220, 5650, 5650, 610, 5650, 5650, 5650, 50, 1660, 50, 3710, 50, 3710, 3710, 50, 3710, 50, 3710, 30, 700, 700, 700, 700, 700, 280, 2360, 3710, 380, 380, 380, 380, 3710, 380, 3710, 3710, 3710, 2320, 1490, 2320, 2320, 2510, 2320, 1490, 2320, 1490, 1490, 1490, 40, 9140, 40, 9140, 50, 2770, 660, 4060, 4060, 70, 70, 70, 4060, 70, 4060, 4060, 70, 0, 110, 110, 0, 110, 0, 110, 0, 0, 110, 350, 11950, 350, 350, 11950, 350, 11950, 11950, 11950, 350, 5460, 230, 2740, 5220, 460, 5220, 10, 5220, 10, 230, 5460, 230, 5220, 10, 230, 10, 2740, 5220, 5460, 10, 5460, 230, 5460, 510, 630, 630, 630, 630, 630, 640, 930, 80, 640, 4340, 930, 4340, 930, 930, 4340, 640, 930, 4340, 640, 4340, 640, 80, 80, 640, 80, 640, 640, 640, 80, 80, 640, 1920, 120, 680, 120, 1920, 1770, 120, 680, 1920, 120, 1920, 1770, 680, 680, 1920, 120, 680, 1640, 3160, 1640, 1640, 1640, 1640, 1490, 270, 10, 1490, 3130, 12690, 50, 12690, 40, 0, 0, 40, 0, 40, 0, 40, 0, 40, 2000, 20, 2000, 2000, 20, 20, 2000, 2000, 20, 20, 1370, 170, 540, 330, 650, 70, 20890, 70, 70, 650, 70, 650, 650, 650, 70, 480, 170, 170, 170, 170, 170, 280, 10, 4830, 50, 1530, 4830, 4830, 10, 50, 4830, 1530, 280, 10, 50, 4830, 1530, 280, 10, 50, 1530, 50, 10, 1530, 280, 280, 440, 440, 440, 440, 440, 3630, 770, 80, 16610, 16610, 770, 80, 770, 80, 380, 16610, 80, 16610, 770, 770, 16610, 80, 2740, 2740, 930, 2740, 2740, 930, 930, 930, 2740, 930, 160, 1760, 10, 19300, 10, 10, 10, 10, 9270, 1680, 470, 840, 190, 190, 1680, 1680, 840, 840, 190, 1680, 9270, 190, 840, 1680, 9270, 190, 470, 840, 9270, 9270, 1500, 19680, 14000, 370, 19680, 19680, 1500, 19680, 19680, 1500, 1500, 1500, 150, 7480, 7480, 7480, 7480, 7480, 2260, 2260, 12610, 110, 2260, 640, 2260, 640, 2260, 12610, 110, 12610, 110, 640, 110, 110, 12610, 12610, 640, 640, 190, 100, 210, 210, 210, 210, 210, 130, 1870, 1870, 130, 130, 1870, 130, 1870, 130, 1870, 240, 1620, 820, 240, 240, 240, 3630, 820, 1620, 820, 1710, 570, 820, 240, 3630, 820, 1620, 3630, 1620, 3630, 1620, 3630, 3470, 700, 840, 840, 3470, 700, 20, 20, 3470, 20, 150, 700, 840, 3470, 20, 700, 840, 3470, 20, 840, 700, 2160, 360, 360, 2160, 360, 2160, 360, 2160, 2160, 1570, 360, 80, 7270, 80, 80, 80, 80, 840, 4340, 90, 90, 90, 840, 90, 90, 21200, 1620, 5440, 1620, 1620, 21200, 21200, 5440, 1620, 2240, 21200, 1620, 21200, 5440, 5440, 5440, 6570, 20, 20, 20, 6570, 20, 6570, 6570, 6570, 20, 30, 330, 560, 1530, 1530, 2580, 1530, 330, 1530, 1530, 40, 120, 80, 80, 80, 120, 120, 80, 80, 120, 120, 1670, 320, 1670, 320, 320, 320, 320, 820, 4470, 820, 820, 600, 4470, 4470, 600, 7280, 1150, 600, 820, 820, 600, 600, 4470, 4470, 1230, 2090, 100, 2090, 570, 100, 2090, 2090, 2090, 0, 240, 0, 240, 4430, 700, 160, 160, 160, 160, 160, 160, 150, 200, 200, 620, 70, 580, 20, 70, 580, 580, 70, 70, 70, 580, 580, 640, 540, 28620, 28620, 28620, 540, 540, 28620, 540, 28620, 540, 70, 2960, 1610, 1800, 1610, 1800, 1610, 1800, 1610, 2960, 1800, 850, 1800, 1610, 110, 140, 50, 50, 110, 50, 110, 50, 110, 110, 50, 2580, 10, 1150, 2580, 1150, 1150, 2580, 10, 10, 1150, 2580, 10, 2580, 10, 1150, 30, 280, 280, 280, 160, 280, 1880, 1880, 1880, 1880, 1880, 280, 340, 75500, 230, 230, 75500, 230, 230, 230, 75500, 75500, 75500, 2030, 70, 430, 2030, 430, 70, 430, 70, 430, 70, 2030, 70, 2030, 430, 2030, 17090, 30, 30, 30, 30, 30, 90, 90, 90, 560, 90, 560, 90, 560, 560, 560, 120, 510, 510, 1480, 1480, 510, 510, 120, 1480, 510, 120, 1480, 120, 1480, 120, 2970, 70, 360, 2970, 70, 2970, 2970, 360, 70, 360, 70, 360, 70, 360, 2970, 430, 1760, 1010, 1760, 1010, 1760, 70, 70, 430, 1760, 1010, 70, 430, 1760, 1010, 70, 70, 430, 1010, 430, 3080, 3080, 3080, 820, 3080, 3080, 3020, 3020, 3020, 180, 3200, 3200, 3020, 3200, 3200, 3200, 3020, 2300, 10, 10, 30, 350, 10, 10, 2300, 30, 10, 10, 10, 710, 17770, 10, 10, 710, 710, 710, 10, 10, 10, 710, 160, 4410, 210, 210, 210, 4410, 210, 4410, 4410, 210, 4410, 0, 410, 410, 0, 410, 0, 410, 0, 0, 410, 420, 480, 480, 420, 420, 480, 420, 480, 480, 420, 3020, 1150, 3020, 3020, 3020, 3020, 400, 920, 0, 0, 920, 920, 920, 0, 0, 920, 0, 1340, 740, 740, 1340, 1340, 1340, 740, 740, 740, 1340, 20, 40, 20, 40, 20, 20, 40, 40, 20, 40, 3550, 1530, 3550, 170, 9270, 9270, 260, 9270, 1530, 15050, 15050, 15050, 1530, 260, 9270, 3550, 15050, 260, 15050, 260, 260, 3550, 3550, 1530, 1530, 9270, 1410, 1410, 1410, 1410, 1410, 20, 590, 970, 590, 20, 20, 20, 590, 970, 970, 0, 970, 590, 20, 590, 970, 0, 90, 90, 130, 30, 20, 30, 30, 30, 30, 750, 60, 60, 3690, 60, 60, 60, 610, 120, 610, 610, 610, 610, 3110, 3110, 3110, 10220, 3110, 10220, 10220, 3110, 10220, 10220, 870, 760, 50, 10, 1750, 50, 50, 10, 40, 50, 10, 50, 10, 10, 240, 40810, 180, 40810, 180, 20, 180, 40810, 180, 40810, 180, 40810, 880, 610, 980, 610, 980, 610, 610, 980, 610, 980, 980, 12950, 580, 470, 10, 20, 2360, 580, 510, 510, 470, 2360, 470, 510, 2360, 510, 510, 2360, 10, 470, 2360, 470, 1150, 1150, 1150, 1150, 1150, 1870, 40, 1470, 1390, 30, 1530, 260, 30, 19680, 30, 1530, 1530, 30, 1530, 30, 1530, 260, 350, 500, 2180, 500, 500, 350, 500, 350, 500, 350, 350, 2800, 300, 30, 2800, 2800, 510, 30, 510, 30, 2800, 30, 30, 2800, 510, 300, 510, 510, 810, 33120, 33120, 10740, 10740, 33120, 33120, 10740, 33120, 10740, 10740, 2120, 650, 56810, 2120, 650, 0, 2120, 0, 650, 650, 2120, 0, 2120, 0, 0, 650, 2800, 2760, 3050, 1210, 1210, 2590, 1660, 2380, 2380, 2380, 40, 2380, 2380, 100, 3700, 0, 3700, 3700, 3700, 3700, 220, 610, 220, 30, 220, 610, 610, 610, 610, 30, 220, 220, 60, 70, 2550, 20, 20, 20, 1770, 20, 20, 920, 20, 80, 8180, 8180, 200, 8180, 20, 200, 200, 7050, 200, 20, 8180, 200, 20, 20, 8180, 9010, 300, 840, 10, 10, 10, 10, 10, 30, 2280, 10, 640, 390, 640, 10, 390, 390, 10, 640, 390, 2280, 10, 2280, 640, 10, 2280, 640, 2280, 390, 80, 2450, 1670, 1670, 740, 10, 10, 10, 7910, 10, 10, 7910, 740, 7910, 7910, 7910, 20, 670, 280, 70, 70, 70, 70, 70, 1140, 4170, 1420, 80, 2490, 80, 4170, 80, 80, 50, 1420, 80, 1420, 1420, 1420, 4170, 4170, 4170, 530, 2700, 3400, 2100, 20, 90, 590, 210, 3400, 3400, 3400, 3400, 20, 100, 710, 33120, 60, 4060, 4060, 4060, 60, 33120, 60, 4060, 60, 4060, 33120, 60, 33120, 33120, 10740, 180, 0, 4530, 4530, 4530, 510, 4530, 4530, 2940, 340, 690, 10, 800, 100, 800, 100, 100, 310, 100, 800, 800, 100, 800, 270, 140, 1690, 50, 19300, 10, 170, 1420, 1420, 510, 1420, 30, 170, 7050, 7050, 510, 3580, 510, 510, 7050, 510, 170, 7050, 10, 30, 170, 1420, 7050, 170, 1420, 2590, 420, 420, 2590, 2590, 420, 2590, 420, 2590, 420, 5180, 20980, 70, 12790, 30, 30, 30, 30, 30, 2110, 30880, 20, 20, 20, 20, 20, 6500, 200, 20, 20, 20, 20, 100, 20, 110, 60, 60, 4060, 110, 4060, 110, 60, 4060, 110, 4060, 4060, 60, 60, 110, 10, 1370, 11020, 1990, 9490, 9490, 9490, 9490, 9490, 4420, 1000, 3510, 3760, 510, 510, 510, 3510, 30, 3510, 510, 30, 3510, 3510, 3760, 510, 300, 440, 1130, 1130, 10, 80, 10, 80, 1130, 10, 80, 1130, 10, 80, 10, 80, 1130, 790, 2920, 4320, 4320, 4320, 4320, 4320, 7320, 6410, 600, 6410, 600, 600, 600, 600, 6410, 6410, 6410, 6620, 6620, 380, 550, 380, 760, 380, 760, 760, 380, 760, 380, 390, 350, 10, 139260, 10, 390, 390, 390, 350, 350, 10, 350, 390, 10, 10, 350, 500, 1710, 1710, 1710, 1710, 1710, 2860, 7140, 20, 100, 7140, 100, 20, 7140, 20, 7140, 20, 100, 20, 100, 7140, 100, 310, 10, 130, 80, 2350, 260, 20, 1040, 260, 20, 20, 2350, 5790, 2350, 2350, 260, 260, 2350, 20, 1040, 20, 1040, 1040, 1040, 260, 730, 20, 10, 3260, 20, 20, 20, 20, 810, 1110, 84940, 2380, 110, 10, 350, 1110, 10, 110, 1110, 1110, 84940, 84940, 110, 84940, 10, 110, 84940, 110, 10, 350, 1110, 10, 2610, 1360, 2610, 2610, 2610, 2610, 90, 25400, 1140, 1140, 90, 1140, 90, 1140, 90, 1140, 90, 6470, 1520, 560, 1380, 160, 4590, 1440, 24280, 1450, 70, 2400, 3130, 70, 2400, 1470, 2400, 70, 2400, 70, 1440, 70, 2400, 1240, 10, 0, 0, 0, 10, 0, 0, 10, 10, 10, 70, 10, 100, 3530, 16320, 34070, 34070, 34070, 34070, 34070, 670, 1200, 4150, 320, 10, 3860, 650, 80, 100, 2330, 100, 650, 80, 650, 100, 650, 100, 650, 100, 10370, 10370, 10370, 10370, 10370, 14280, 6400, 1190, 13680, 600, 60, 60, 60, 6400, 600, 6400, 13680, 1190, 600, 60, 13680, 600, 60, 6400, 13680, 1190, 600, 13680, 1190, 6400, 1190, 120, 6240, 120, 120, 120, 120, 420, 420, 420, 420, 420, 800, 280, 800, 800, 280, 800, 280, 800, 280, 280, 1530, 1570, 70, 830, 1440, 830, 70, 1440, 1530, 70, 830, 1440, 1530, 70, 1530, 830, 1440, 1530, 70, 830, 1440, 34950, 670, 1500, 490, 1500, 490, 1500, 490, 1500, 490, 1500, 490, 300, 300, 240, 300, 300, 300, 1060, 1060, 1060, 1060, 1060, 2990, 2310, 2310, 140, 20, 6400, 6400, 6400, 3340, 580, 1730, 6400, 6400, 580, 1730, 820, 140, 1730, 3340, 1730, 3340, 3340, 1730, 3340, 140, 580, 140, 580, 580, 140, 420, 730, 730, 730, 730, 730, 4140, 100, 230, 130, 130, 0, 170, 0, 170, 170, 0, 0, 0, 420, 230, 130, 230, 170, 130, 230, 170, 130, 230, 160, 0, 400, 780, 710, 710, 780, 710, 780, 400, 400, 400, 710, 400, 710, 780, 780, 60, 1260, 20, 300, 300, 300, 300, 300, 170, 140, 70, 1610, 950, 70, 1570, 50, 950, 950, 950, 950, 730, 830, 2350, 830, 830, 830, 830, 2670, 4590, 2300, 2300, 2300, 2300, 2300, 1260, 2740, 2740, 920, 2740, 2740, 2740, 1620, 1620, 70, 1620, 1620, 1620, 90, 90, 5220, 90, 90, 90, 2600, 40, 2600, 2600, 40, 2600, 40, 40, 40, 2600, 1140, 430, 430, 60, 60, 430, 430, 290, 290, 60, 290, 60, 60, 290, 430, 290, 3100, 130, 1740, 3600, 3600, 3100, 30, 3100, 30, 130, 130, 3100, 130, 3100, 3600, 130, 3600, 30, 3600, 30, 30, 4920, 4100, 70, 2690, 70, 4100, 70, 4100, 13000, 70, 4100, 4100, 70, 50, 50, 50, 50, 350, 50, 50, 50, 50, 50, 50, 0, 14450, 220, 1090, 1870, 21260, 14450, 21260, 1090, 220, 1870, 21260, 1090, 220, 1870, 14450, 21260, 1090, 1870, 14450, 1090, 220, 14450, 21260, 1870, 220, 70, 410, 410, 8400, 410, 70, 410, 410, 4340, 700, 10, 700, 700, 700, 700, 1130, 130, 1130, 1130, 1130, 1130, 520, 1700, 320, 320, 520, 320, 520, 1700, 530, 320, 520, 1700, 320, 520, 1700, 1700, 200, 9650, 280, 280, 280, 280, 780, 280, 1340, 1340, 1340, 1340, 310, 1340, 6370, 2490, 3550, 140, 140, 850, 850, 850, 2490, 140, 2490, 2490, 3550, 40, 3550, 140, 850, 850, 140, 2490, 3550, 3550, 40, 380, 1240, 1240, 380, 60, 380, 380, 380, 1240, 1240, 1240, 180, 150, 180, 60, 150, 60, 60, 180, 150, 60, 180, 60, 150, 150, 180, 11400, 6720, 250, 250, 250, 250, 11400, 6720, 6720, 6720, 250, 11400, 6720, 11400, 11400, 20, 60, 20, 60, 60, 17170, 20, 60, 20, 60, 20, 520, 20, 20, 20, 520, 520, 20, 20, 520, 520, 20, 3640, 3640, 3640, 3640, 3640, 250, 1980, 1460, 65480, 65480, 65480, 65480, 65480, 160, 3340, 530, 530, 530, 530, 530, 3430, 3430, 3430, 3430, 3430, 1460, 80, 0, 10, 10, 0, 12810, 10, 10, 0, 10, 0, 0, 130, 130, 130, 130, 130, 11920, 1600, 100, 230, 100, 200, 230, 100, 230, 100, 230, 100, 230, 2000, 1620, 10, 2650, 5360, 2650, 2650, 130, 5360, 480, 130, 30, 130, 10, 10, 20, 2650, 5360, 130, 480, 10, 2650, 5360, 10, 5360, 480, 130, 480, 480, 1630, 1180, 0, 1180, 20, 2820, 230, 230, 470, 230, 230, 230, 1080, 510, 6410, 7240, 6400, 510, 510, 510, 6410, 510, 430, 1760, 40, 1760, 40, 430, 1760, 40, 430, 430, 430, 1760, 40, 40, 1760, 990, 990, 990, 320, 3090, 990, 990, 50, 50, 10, 380, 380, 380, 380, 380, 700, 430, 6150, 430, 430, 430, 430, 300, 2130, 2130, 20, 2130, 2130, 2130, 300, 300, 300, 300, 5760, 560, 1410, 590, 0, 1410, 0, 1410, 0, 590, 0, 1410, 590, 0, 1410, 590, 590, 7470, 1620, 0, 1620, 0, 170, 170, 10, 1620, 0, 170, 1620, 0, 10, 220, 1620, 0, 10, 170, 10, 170, 10, 630, 1370, 29260, 10, 10, 10, 0, 10, 10, 70, 0, 1910, 0, 1910, 2660, 0, 1910, 0, 1910, 1910, 0, 60, 13600, 13600, 13600, 13600, 13600, 130, 6610, 6610, 6610, 6610, 6610, 120, 130, 130, 3290, 130, 130, 130, 1440, 3380, 3380, 70, 3380, 70, 160, 70, 3380, 160, 70, 1440, 70, 160, 160, 160, 3380, 110, 14610, 50, 340, 130, 590, 70, 50, 14610, 50, 14610, 50, 50, 14610, 14610, 160, 1410, 1410, 1410, 1410, 1410, 6410, 390, 1480, 390, 390, 390, 390, 620, 220, 30, 530, 30, 30, 3850, 1620, 30, 530, 3850, 3850, 530, 530, 3850, 30, 3850, 530, 3760, 2780, 120, 40, 120, 40, 120, 120, 40, 120, 40, 40, 6260, 510, 190, 190, 190, 190, 190, 6340, 6340, 6340, 6340, 6340, 90, 20, 90, 90, 20, 90, 20, 20, 20, 90, 70, 10460, 70, 70, 30, 70, 70, 100, 7660, 15330, 50, 100, 100, 50, 7660, 50, 50, 100, 50, 7660, 7660, 100, 7660, 15670, 90, 12200, 1350, 2100, 1350, 2100, 90, 1350, 2100, 490, 90, 1350, 2100, 12200, 90, 90, 1350, 2100, 150, 1310, 150, 1310, 150, 150, 1310, 150, 1310, 1310]"
2020-11-03 16:15:00+00:00,7801650,1,2839.0,"[4810, 390, 2910, 390, 1160, 390, 390, 390, 15340, 2910, 190, 38210, 190, 1780, 8600, 0, 190, 190, 38210, 0, 13400, 0, 1780, 38210, 190, 38210, 38210, 0, 0, 11460, 770, 10, 1130, 360, 1230, 10, 10, 1130, 1130, 10, 1130, 10, 1130, 80, 8930, 2020, 36900, 220, 220, 220, 220, 220, 270, 1070, 2560, 8040, 490, 490, 490, 8040, 8040, 40, 490, 8040, 490, 8040, 360, 450, 450, 420, 450, 420, 450, 420, 420, 450, 420, 0, 460, 520, 460, 460, 16550, 0, 16550, 0, 16550, 460, 460, 16550, 0, 0, 16550, 1350, 120, 1890, 1610, 70, 10, 1610, 70, 70, 240, 70, 1610, 70, 1610, 1610, 110, 2280, 2280, 2280, 2280, 2280, 1600, 4040, 4040, 4040, 4040, 4040, 30, 30, 10, 24640, 560, 970, 3340, 2670, 2670, 24640, 2670, 2670, 2950, 160, 2670, 24640, 24640, 24640, 200, 200, 180, 200, 200, 200, 4780, 290, 340, 1180, 1180, 220, 1180, 1180, 1180, 4530, 80, 2900, 3310, 980, 250, 80, 2900, 250, 3310, 250, 80, 250, 2900, 80, 250, 2900, 80, 2900, 2280, 2280, 2280, 2280, 2280, 80, 160, 30, 510, 600, 180, 510, 30, 30, 510, 30, 600, 510, 600, 30, 600, 510, 600, 5650, 50, 50, 50, 50, 50, 4590, 20, 20, 20, 4570, 4570, 4570, 4570, 20, 4570, 20, 2120, 10, 740, 10, 740, 0, 740, 10, 0, 10, 0, 740, 0, 0, 740, 10, 20, 20, 1460, 1460, 20, 20, 20, 1460, 1460, 1460, 1390, 1280, 1280, 1280, 1390, 1390, 1390, 1390, 1280, 1280, 1740, 150, 6420, 6420, 7050, 1710, 120, 40, 50, 40, 40, 40, 40, 410, 580, 3300, 2990, 3300, 1600, 580, 730, 3300, 560, 0, 3300, 730, 1600, 2990, 580, 730, 1600, 1600, 730, 1600, 730, 3300, 580, 580, 30, 10080, 530, 570, 460, 4350, 390, 460, 390, 460, 390, 460, 460, 390, 390, 130, 1180, 150, 150, 1180, 150, 1180, 50, 1180, 1180, 150, 150, 630, 1340, 190, 460, 930, 150, 1740, 150, 150, 150, 150, 11960, 2820, 180, 3140, 180, 2820, 2820, 80, 180, 180, 2820, 2820, 180, 920, 2800, 20, 20, 2800, 20, 2800, 20, 20, 2800, 2800, 1630, 1610, 5480, 5480, 5480, 370, 1610, 370, 1610, 370, 1610, 370, 1610, 5480, 370, 5480, 6630, 360, 40, 23570, 860, 860, 40, 860, 40, 23570, 8570, 860, 40, 23570, 860, 40, 23570, 23570, 2170, 800, 180, 50, 180, 180, 180, 180, 240, 0, 0, 0, 0, 240, 240, 240, 240, 0, 380, 12810, 350, 350, 350, 350, 12810, 350, 4040, 110, 400, 3470, 220, 150, 150, 400, 3470, 150, 400, 100, 0, 220, 400, 3470, 220, 150, 3470, 150, 400, 220, 3470, 220, 19240, 470, 90, 70, 150, 6310, 100, 9120, 2520, 710, 20, 710, 6310, 710, 20, 3200, 100, 6310, 100, 20, 150, 150, 6310, 100, 150, 710, 6310, 100, 20, 710, 20, 150, 1870, 2320, 190, 190, 190, 380, 190, 190, 390, 1220, 900, 9440, 9440, 900, 9440, 900, 1220, 900, 900, 9440, 9440, 770, 10, 10, 200, 1500, 60, 1880, 2300, 80, 80, 80, 460, 460, 1880, 2300, 310, 1880, 460, 2300, 460, 1880, 460, 2300, 80, 1880, 2300, 80, 270, 100, 6140, 40, 100, 6140, 100, 6140, 260, 6140, 100, 100, 6140, 2500, 32210, 10, 190, 1060, 4570, 610, 190, 9440, 610, 1060, 190, 610, 1060, 670, 90, 610, 1060, 610, 1060, 190, 90, 190, 90, 90, 90, 1300, 180, 600, 1260, 180, 10, 10, 600, 180, 600, 180, 10, 180, 10, 10, 600, 600, 5580, 20, 520, 250, 0, 0, 0, 50, 0, 0, 11670, 6950, 4690, 1940, 1020, 130, 2960, 2960, 550, 2960, 12440, 2960, 1940, 110, 4650, 130, 12440, 1940, 550, 2960, 12440, 130, 12440, 1940, 130, 1940, 130, 12440, 540, 1440, 1460, 1460, 160, 390, 3420, 390, 390, 460, 10, 3420, 10, 390, 3420, 3420, 390, 3420, 100, 690, 2940, 100, 460, 460, 460, 460, 460, 1230, 700, 0, 3550, 3940, 3940, 0, 3940, 0, 3940, 0, 3940, 0, 210, 40, 2320, 210, 2320, 210, 2320, 40, 210, 210, 2320, 2320, 50, 0, 0, 60, 0, 0, 0, 0, 60, 10, 10, 10, 10, 10, 0, 520, 330, 0, 520, 0, 330, 0, 330, 520, 330, 520, 0, 330, 520, 2580, 200, 200, 200, 200, 200, 70, 460, 1090, 20, 460, 460, 20, 1090, 1090, 1310, 460, 20, 1090, 20, 460, 20, 1090, 90, 6480, 12920, 1310, 480, 480, 290, 10, 480, 10, 10, 480, 10, 1310, 10, 480, 2090, 9220, 160, 300, 160, 300, 160, 300, 2090, 2090, 160, 9220, 300, 9220, 2090, 160, 9220, 2090, 300, 9220, 3090, 2700, 880, 4410, 880, 60, 880, 880, 880, 1870, 1620, 1260, 80, 250, 10, 2650, 100, 1230, 2820, 2820, 1230, 5060, 2820, 2820, 2820, 1230, 1230, 1230, 20, 63650, 1150, 1150, 1150, 63650, 1150, 1150, 2820, 2200, 2820, 2820, 2820, 2820, 300, 50, 120, 70, 120, 120, 120, 120, 5730, 650, 650, 8280, 4540, 250, 250, 4540, 250, 250, 4540, 250, 4540, 4540, 20, 1620, 2020, 1170, 80, 50, 2420, 20, 80, 20, 80, 80, 20, 80, 20, 80, 20, 1490, 520, 60, 10620, 6030, 3150, 6030, 6030, 3150, 6030, 3150, 6030, 3150, 3150, 260, 6220, 6220, 6220, 6220, 6220, 760, 10, 12440, 10, 760, 2060, 10, 760, 760, 10, 12440, 12440, 760, 10, 12440, 12440, 480, 110, 590, 590, 30, 1440, 1440, 480, 110, 590, 480, 590, 1440, 110, 480, 110, 480, 110, 590, 1450, 600, 1070, 40, 5520, 1070, 1070, 1070, 5520, 40, 1070, 40, 40, 40, 1800, 50, 10, 90, 34760, 8040, 8040, 8040, 90, 770, 90, 770, 90, 90, 34760, 34760, 90, 590, 34760, 90, 8040, 770, 90, 34760, 90, 770, 90, 8040, 770, 3630, 780, 220, 780, 3630, 220, 780, 3630, 220, 220, 3630, 220, 780, 3630, 780, 10570, 6060, 10570, 6060, 10570, 6060, 10570, 6060, 10570, 6060, 31760, 700, 200, 590, 120, 120, 590, 120, 590, 200, 590, 120, 120, 200, 700, 590, 200, 200, 310, 2700, 1800, 10, 10, 340, 620, 10, 10, 10, 30, 30, 9150, 30, 30, 30, 1080, 19030, 1210, 300, 300, 1050, 1050, 1050, 1050, 300, 1050, 300, 300, 3710, 780, 220, 310, 900, 900, 780, 310, 780, 780, 900, 310, 780, 310, 900, 900, 310, 1720, 2890, 2890, 280, 4650, 220, 4650, 4650, 4650, 4650, 2540, 40, 3020, 8480, 820, 25320, 870, 480, 820, 480, 25320, 820, 480, 25320, 20, 820, 480, 25320, 820, 480, 25320, 30, 2410, 1090, 2410, 2410, 2410, 2410, 40, 1320, 1320, 40, 1320, 1320, 40, 1320, 40, 40, 3720, 20, 170, 90, 90, 90, 10, 90, 90, 770, 500, 7730, 100, 500, 500, 500, 500, 220, 1210, 6970, 9090, 9090, 9090, 6970, 9090, 6970, 6970, 9090, 6630, 6970, 680, 21770, 330, 3550, 120, 120, 120, 120, 120, 7750, 1740, 520, 1740, 520, 1740, 520, 1740, 520, 1740, 80, 520, 40, 40, 11920, 970, 4080, 970, 970, 350, 970, 970, 60, 6030, 680, 680, 680, 6030, 680, 6030, 680, 6030, 6030, 120, 140, 140, 1920, 9200, 140, 9200, 1920, 9200, 9200, 140, 9200, 140, 50, 60, 66300, 66300, 66300, 66300, 66300, 130, 1540, 80, 110, 10330, 80, 20, 110, 80, 10330, 20, 80, 10330, 20, 80, 10330, 20, 110, 110, 110, 10330, 20, 210, 20150, 4470, 280, 500, 500, 180, 180, 500, 180, 180, 950, 180, 500, 500, 90, 1040, 110, 3880, 90, 110, 110, 3880, 3880, 1040, 3880, 90, 110, 1040, 3880, 90, 110, 1040, 110, 90, 1040, 430, 5140, 45140, 1240, 45140, 45140, 1240, 45140, 1240, 45140, 1240, 1240, 7850, 3040, 6290, 80, 80, 6290, 6290, 80, 6290, 80, 80, 6290, 5650, 210, 30, 20, 6430, 6430, 20, 6430, 210, 30, 30, 6430, 20, 30, 210, 20, 30, 6430, 210, 120, 210, 20, 10260, 200, 2840, 1040, 1890, 1890, 550, 550, 170, 170, 1890, 550, 170, 1890, 550, 1890, 170, 170, 550, 10, 3740, 430, 2760, 430, 3740, 3740, 430, 3740, 430, 3740, 90, 430, 10, 4470, 180, 240, 8390, 4730, 4730, 4730, 90, 4730, 4730, 6290, 5450, 990, 990, 990, 990, 990, 2200, 140, 2510, 140, 60, 60, 140, 60, 2510, 140, 290, 60, 2510, 60, 140, 2510, 2510, 20, 260, 10, 33640, 33640, 33640, 10, 10, 33640, 10, 33640, 10, 920, 560, 920, 560, 560, 920, 1300, 70, 560, 920, 1300, 560, 920, 1300, 1300, 1300, 2220, 2220, 190, 190, 190, 190, 190, 250, 250, 250, 250, 120, 250, 150, 150, 80, 150, 190, 190, 190, 150, 2480, 190, 150, 190, 20, 640, 2100, 20, 2100, 20, 240, 2100, 2100, 240, 640, 20, 640, 240, 640, 2100, 240, 1470, 240, 20, 640, 8000, 8000, 8000, 8000, 8000, 170, 170, 10330, 10, 40, 2220, 30, 10380, 10330, 10, 7590, 30, 40, 10380, 10330, 30, 30, 10, 10330, 40, 2220, 30, 40, 10, 10, 10380, 40, 10380, 10330, 10380, 960, 11400, 690, 2220, 2220, 2220, 5040, 2220, 2220, 4040, 650, 18090, 650, 960, 18090, 430, 430, 18090, 430, 960, 430, 960, 18090, 430, 960, 18090, 960, 920, 3460, 920, 2060, 920, 3460, 920, 3460, 460, 3460, 2060, 3460, 920, 23740, 350, 4300, 1310, 1310, 350, 350, 1310, 210, 350, 350, 1310, 4300, 4300, 4300, 23740, 1310, 4300, 2000, 90, 2340, 7440, 7440, 7440, 40, 220, 2340, 100, 100, 100, 100, 7440, 100, 7440, 660, 8910, 100, 20, 0, 100, 0, 100, 8910, 0, 100, 0, 100, 100, 8910, 20, 8910, 0, 100, 8910, 330, 460, 60, 180, 60, 20, 29000, 60, 180, 60, 180, 180, 180, 60, 50, 2920, 4300, 4300, 4300, 4300, 4300, 630, 350, 2060, 2060, 350, 2060, 350, 2060, 350, 350, 2060, 1710, 90, 60, 3850, 0, 3850, 1900, 1900, 60, 3850, 90, 3850, 0, 90, 1710, 60, 1900, 90, 1900, 3850, 1710, 1710, 60, 1900, 1710, 60, 90, 930, 1780, 21770, 1140, 830, 1140, 130, 1140, 830, 830, 220, 130, 1140, 220, 830, 130, 1140, 220, 130, 1140, 130, 220, 830, 220, 1400, 150, 280, 280, 150, 280, 280, 280, 0, 2240, 1600, 14000, 100590, 2060, 6460, 6460, 6460, 6460, 6460, 1100, 2290, 320, 290, 710, 80, 80, 280, 710, 80, 80, 710, 80, 710, 710, 2690, 1300, 60, 1300, 60, 1300, 60, 60, 1300, 60, 1300, 23310, 1780, 60, 430, 60, 1780, 1780, 60, 60, 1780, 60, 1780, 2640, 2050, 90, 2050, 2050, 90, 90, 90, 2050, 90, 2050, 20, 20, 2380, 2380, 20, 2380, 20, 20, 2380, 2380, 150, 10, 870, 10, 870, 10, 870, 10, 870, 10, 870, 810, 50, 220, 60, 220, 220, 60, 60, 220, 30, 110, 60, 220, 60, 1880, 1270, 19260, 880, 240, 240, 19260, 240, 880, 1190, 19260, 880, 1190, 19260, 19260, 880, 1190, 1190, 240, 240, 880, 1190, 59980, 0, 2480, 2480, 0, 0, 2480, 0, 2480, 2480, 0, 2940, 950, 1390, 1540, 20, 610, 3550, 20, 20, 3550, 610, 610, 20, 3550, 20, 3550, 610, 610, 3550, 0, 2040, 50, 50, 50, 2040, 50, 0, 0, 2040, 0, 2040, 2040, 0, 50, 2490, 1040, 1040, 1040, 1040, 1040, 100, 1000, 100, 100, 100, 100, 860, 170, 170, 860, 170, 170, 860, 170, 860, 860, 4440, 4440, 80, 4440, 4440, 4440, 80, 40, 40, 40, 30, 30, 40, 30, 40, 30, 30, 120, 120, 410, 50, 120, 50, 120, 50, 50, 120, 50, 4800, 5820, 5820, 5820, 4800, 5820, 5820, 610, 380, 610, 380, 610, 610, 610, 100, 920, 420, 420, 420, 420, 420, 20, 41470, 340, 20, 340, 340, 340, 41470, 41470, 41470, 41470, 340, 810, 100, 1430, 8540, 8540, 1430, 1430, 50, 8540, 1430, 8540, 1430, 8540, 140, 680, 2240, 140, 2240, 140, 140, 140, 1460, 1460, 1460, 1460, 1460, 290, 40, 290, 290, 290, 290, 5080, 30, 30, 30, 30, 30, 2220, 8540, 1640, 1640, 1640, 1640, 1640, 20, 0, 0, 0, 0, 0, 500, 10, 500, 280, 500, 10, 500, 500, 100, 90, 870, 90, 8480, 90, 8480, 8480, 90, 8480, 8480, 90, 14140, 1220, 200, 200, 200, 200, 200, 80, 630, 1000, 120, 120, 120, 120, 120, 240, 70, 350, 350, 350, 70, 240, 70, 240, 350, 70, 240, 350, 240, 70, 20, 40, 1000, 1000, 120, 40, 2500, 120, 1000, 120, 40, 1000, 120, 40, 1000, 120, 40, 1250, 2440, 100, 470, 600, 1250, 1250, 1250, 1250, 110, 910, 190, 100, 10380, 10380, 20, 10380, 10380, 10380, 4300, 4300, 4300, 4300, 4300, 3380, 3110, 520, 520, 200, 520, 200, 200, 200, 200, 520, 520, 1000, 20, 1020, 20, 1000, 20, 1020, 20, 20, 20, 1020, 20, 1000, 1020, 1000, 20, 20, 1020, 1000, 20, 650, 2040, 650, 650, 2040, 31900, 2040, 650, 2040, 650, 2040, 20, 80, 20, 80, 20, 80, 650, 80, 20, 80, 20, 160, 8390, 8390, 8390, 8390, 8390, 3080, 16380, 16380, 16380, 16380, 16380, 1000, 210, 620, 910, 600, 600, 600, 600, 910, 910, 910, 600, 910, 1570, 110, 1570, 9210, 1570, 1570, 110, 4570, 110, 2650, 16610, 110, 1570, 110, 9210, 900, 9210, 300, 9210, 9210, 30, 40, 40, 40, 490, 490, 40, 490, 490, 40, 490, 420, 420, 420, 420, 420, 10, 550, 1300, 60, 60, 340, 60, 60, 550, 60, 17410, 17410, 17410, 17410, 17410, 2510, 260, 2510, 260, 2510, 2510, 2510, 1430, 860, 860, 860, 20, 20, 20, 20, 20, 860, 860, 910, 910, 910, 910, 910, 1470, 40, 30, 450, 50, 460, 100, 6070, 2760, 300, 300, 6070, 6070, 2760, 6070, 2760, 6070, 300, 2760, 300, 2760, 300, 6710, 2160, 2160, 2160, 2160, 2160, 210, 80, 370, 370, 10, 11040, 370, 80, 370, 210, 80, 10, 210, 80, 10, 210, 80, 10, 370, 210, 10, 470, 20, 2330, 90, 2330, 2330, 2330, 20, 2330, 3640, 250, 3640, 150, 3640, 3640, 3640, 10, 1660, 4920, 70, 1660, 4920, 1660, 70, 50, 4920, 70, 50, 4920, 1660, 50, 70, 50, 4920, 1660, 50, 70, 230, 0, 10, 10, 10, 1320, 0, 10, 0, 10, 0, 0, 20120, 20, 1400, 960, 50, 960, 960, 1400, 20, 50, 960, 50, 50, 1400, 20, 1400, 20, 1400, 20, 50, 960, 270, 190, 190, 190, 190, 750, 2500, 190, 190, 6570, 670, 50, 10, 5110, 0, 390, 390, 390, 390, 390, 570, 570, 50, 570, 570, 570, 1150, 21200, 1150, 1150, 1150, 1150, 110, 390, 710, 80, 390, 390, 710, 470, 5910, 500, 390, 500, 710, 390, 500, 710, 5910, 500, 500, 5910, 5910, 5910, 710, 730, 520, 730, 40, 730, 730, 520, 730, 3450, 30, 80, 80, 6070, 80, 6070, 6070, 80, 6070, 80, 420, 3170, 3170, 3170, 3170, 3170, 710, 40, 650, 650, 22920, 290, 840, 22920, 650, 22920, 650, 22920, 650, 19630, 19630, 3480, 710, 1280, 3480, 1280, 1280, 1280, 3480, 710, 3480, 1280, 3480, 70, 2190, 50, 620, 40, 40, 50, 160, 160, 620, 160, 40, 160, 40, 50, 160, 50, 40, 50, 6350, 20, 40, 1080, 1080, 1080, 1080, 20, 6350, 1080, 4430, 730, 650, 40, 40, 40, 40, 40, 4020, 660, 20, 240, 0, 240, 660, 4380, 240, 0, 20, 0, 20, 0, 660, 240, 20, 0, 660, 240, 660, 20, 270, 270, 270, 270, 270, 300, 0, 750, 750, 750, 1380, 90, 750, 750, 0, 36470, 60, 2760, 60, 29240, 29240, 60, 29240, 2760, 2760, 2760, 60, 29240, 2760, 60, 29240, 600, 2000, 80, 220, 80, 2000, 80, 2000, 600, 600, 2000, 80, 600, 80, 2000, 600, 50, 50, 102190, 50, 50, 50, 60, 440, 60, 60, 440, 80, 440, 80, 80, 80, 60, 80, 60, 440, 440, 260, 25290, 260, 260, 260, 260, 10, 10, 10, 10, 10, 40, 40, 70, 40, 70, 70, 40, 70, 70, 40, 130, 25260, 60, 830, 830, 830, 830, 830, 130, 10520, 4170, 7910, 7910, 0, 0, 10, 7910, 0, 7910, 7910, 0, 0, 4150, 2400, 1060, 100, 1060, 1060, 1060, 1060, 3220, 3220, 3220, 3220, 3220, 50, 350, 530, 180, 380, 180, 350, 50, 350, 1510, 180, 180, 530, 180, 350, 50, 350, 50, 50, 6300, 420, 30, 420, 420, 420, 420, 2490, 70, 90, 190, 70, 70, 90, 190, 90, 70, 190, 1380, 90, 70, 190, 90, 190, 3650, 4970, 40, 680, 140, 140, 1080, 31460, 140, 4970, 1080, 4970, 140, 1080, 140, 1080, 1080, 4970, 4970, 90, 10, 30, 90, 10, 10, 90, 90, 90, 10, 10, 490, 140, 2950, 2950, 690, 690, 140, 1510, 140, 690, 2950, 140, 140, 690, 2950, 690, 2950, 20, 160, 510, 160, 10920, 510, 160, 510, 160, 510, 160, 510, 10940, 890, 31900, 890, 3150, 3820, 1380, 1210, 1540, 1380, 60, 1350, 19380, 210, 720, 3200, 10, 410, 3200, 110, 110, 110, 110, 110, 90, 90, 15370, 90, 90, 90, 790, 180, 720, 70, 20790, 720, 720, 70, 20790, 720, 180, 20790, 180, 180, 70, 70, 20790, 180, 70, 20790, 720, 20, 2230, 40, 40, 660, 4200, 4200, 20, 4200, 4200, 4200, 10960, 2040, 110, 340, 2040, 2040, 0, 0, 0, 340, 110, 2040, 340, 110, 2040, 340, 110, 0, 0, 340, 110, 310, 100, 50, 100, 50, 100, 310, 1570, 100, 50, 310, 100, 50, 310, 50, 310, 0, 0, 0, 0, 2920, 1970, 0, 100, 4530, 180, 2200, 180, 4530, 330, 10330, 740, 480, 480, 480, 2380, 480, 480, 410, 410, 410, 410, 410, 5020, 60, 4000, 440, 80, 80, 440, 80, 80, 440, 440, 440, 80, 430, 12410, 220, 5780, 1990, 7120, 1990, 220, 5780, 1990, 12410, 220, 5780, 12410, 220, 5780, 12410, 1990, 220, 12410, 1990, 5780, 610, 2040, 130, 610, 610, 610, 610]"
2020-11-03 16:20:00+00:00,10986800,2,3012.0,"[2400, 2000, 2160, 180, 340, 20, 20, 340, 20, 340, 180, 180, 20, 180, 340, 20, 340, 180, 20, 2030, 2030, 2030, 20, 20, 20, 2030, 20, 2030, 660, 900, 17510, 17510, 80, 900, 80, 17510, 80, 80, 17510, 17510, 80, 40, 1640, 110, 7910, 7910, 1170, 0, 20, 1510, 0, 20, 1510, 0, 20, 0, 1510, 20, 20, 1510, 0, 1510, 13610, 20, 40, 40, 20, 2040, 40, 20, 40, 2040, 40, 40, 20, 2040, 20, 40, 40, 40, 40, 2040, 2040, 290, 370, 1000, 110, 110, 430, 30, 5160, 30, 30, 1090, 30, 90, 30, 160, 160, 80, 160, 80, 80, 80, 80, 160, 160, 80, 1710, 50, 50, 3020, 2130, 4650, 270, 5560, 4650, 6160, 6160, 6160, 270, 270, 4650, 6160, 4650, 6160, 270, 270, 4650, 20, 20, 20, 20, 20, 3360, 310, 310, 860, 310, 310, 310, 8380, 1690, 18940, 500, 300, 18940, 300, 500, 18940, 18940, 500, 18940, 500, 300, 300, 500, 300, 110, 140, 530, 20, 20, 20, 20, 20, 1410, 1630, 1630, 1630, 1630, 1630, 3070, 2520, 3520, 20, 3520, 3520, 200, 200, 3520, 20, 3520, 20, 20, 200, 200, 20, 200, 3950, 4410, 440, 4410, 5080, 4410, 440, 4410, 0, 4410, 11460, 50, 1640, 50, 50, 50, 1640, 1640, 50, 1640, 1640, 440, 440, 440, 440, 440, 2520, 360, 510, 1760, 1220, 1760, 1220, 1760, 1220, 1760, 1220, 1220, 1760, 3510, 0, 4200, 4200, 0, 4200, 4200, 0, 4200, 0, 0, 1690, 2400, 210, 3080, 570, 2940, 1380, 390, 960, 310, 30, 4340, 4340, 2940, 7370, 4340, 260, 2940, 570, 390, 4340, 1380, 30, 390, 30, 570, 260, 390, 1380, 30, 2940, 7370, 570, 260, 390, 260, 2940, 260, 570, 30, 1380, 960, 1380, 4340, 3070, 400, 1940, 0, 20, 20, 0, 20, 20, 20, 640, 1330, 1330, 1330, 1330, 1330, 180, 190, 1700, 1250, 190, 1250, 1250, 1250, 1250, 6220, 700, 0, 700, 0, 700, 6220, 0, 29940, 6220, 0, 6220, 0, 6220, 700, 700, 1000, 17310, 2250, 30, 0, 0, 0, 0, 0, 830, 4820, 4800, 3790, 830, 3790, 830, 3790, 4800, 830, 3790, 830, 4820, 4800, 3790, 4800, 4800, 30, 10, 170, 2190, 170, 170, 170, 170, 2640, 2330, 1760, 2640, 1760, 2640, 2330, 2640, 1760, 2330, 2640, 1760, 2330, 1760, 2330, 1670, 1670, 1670, 1670, 1670, 20, 590, 20, 2040, 20, 2040, 20, 2040, 590, 20, 2040, 590, 2040, 590, 590, 910, 180, 2000, 1510, 30, 30, 2000, 30, 180, 1510, 2000, 180, 2000, 30, 180, 1510, 30, 180, 1510, 2000, 1510, 140, 240, 30, 30, 30, 10, 30, 30, 2180, 2180, 2180, 2180, 1090, 80, 80, 1090, 1090, 80, 80, 1090, 2180, 1090, 80, 3470, 850, 3030, 3030, 0, 10, 3030, 3030, 0, 10, 3030, 0, 0, 10, 10, 0, 10, 30, 50, 410, 50, 410, 410, 110, 50, 410, 50, 410, 50, 0, 6090, 2550, 10, 5930, 180, 6370, 2560, 180, 2560, 6370, 5930, 5930, 6370, 2560, 2560, 5930, 180, 6370, 180, 5930, 2560, 6370, 180, 60, 0, 190, 60, 450, 60, 190, 190, 190, 60, 190, 60, 290, 290, 290, 290, 290, 150, 1850, 1850, 1850, 1850, 1850, 1030, 17410, 17410, 1180, 1180, 1180, 17410, 17410, 1180, 17410, 1180, 2980, 110, 2530, 120, 2530, 2530, 2530, 2530, 70, 70, 70, 70, 70, 10, 460, 910, 10, 10, 460, 10, 910, 10, 910, 910, 910, 0, 120, 120, 120, 0, 0, 0, 0, 120, 120, 550, 700, 4270, 10750, 0, 4270, 240, 440, 150, 530, 320, 2330, 2330, 320, 320, 2330, 320, 2330, 2330, 320, 120, 110, 90, 120, 90, 120, 110, 120, 120, 110, 120, 110, 90, 90, 90, 110, 340, 340, 340, 2320, 340, 340, 2590, 23020, 4600, 4600, 4600, 10, 23020, 4600, 23020, 23020, 23020, 4600, 110, 110, 110, 110, 110, 240, 240, 3160, 240, 240, 240, 2230, 2230, 2230, 1320, 2230, 2230, 260, 1330, 260, 980, 1330, 260, 1330, 260, 1330, 260, 1330, 2270, 160, 280, 460, 310, 310, 310, 310, 310, 600, 100, 70, 100, 100, 70, 70, 100, 100, 70, 3010, 1720, 30, 0, 30, 30, 0, 0, 0, 0, 30, 30, 1230, 40, 45110, 45110, 45110, 45110, 190, 45110, 40, 3900, 30, 30, 70, 70, 70, 30, 70, 70, 30, 30, 5020, 960, 1690, 600, 600, 600, 960, 960, 260, 600, 960, 600, 960, 1690, 3410, 60, 290, 60, 60, 290, 290, 60, 290, 290, 60, 810, 810, 0, 90, 0, 810, 0, 810, 810, 0, 0, 660, 10260, 1190, 60, 60, 60, 1190, 60, 1190, 1190, 1190, 60, 1430, 1430, 1430, 1430, 1430, 1620, 1620, 1620, 1620, 1620, 360, 410, 360, 410, 410, 410, 860, 410, 360, 360, 360, 2640, 40, 210, 40, 2640, 2640, 40, 40, 2640, 40, 2640, 1720, 70, 70, 70, 70, 70, 460, 2990, 460, 2990, 430, 9340, 1000, 9340, 3030, 420, 1970, 1970, 1970, 1970, 1970, 6500, 30, 530, 20, 30, 6500, 6500, 30, 30, 170, 6500, 170, 170, 30, 170, 170, 6500, 3140, 370, 3140, 3140, 1600, 370, 3140, 3140, 370, 370, 80, 370, 1170, 210, 10, 10, 10, 210, 40, 210, 10, 40, 210, 10, 40, 40, 210, 40, 4090, 24460, 1090, 2040, 1090, 1090, 1090, 2040, 2040, 1090, 2040, 2040, 5760, 9730, 3900, 40, 9730, 9730, 40, 1100, 40, 40, 40, 9730, 9730, 430, 1730, 90, 90, 90, 430, 430, 430, 90, 1730, 430, 90, 380, 380, 380, 380, 380, 610, 690, 690, 690, 610, 690, 690, 180, 180, 180, 180, 180, 80, 200, 480, 410, 1900, 1900, 1900, 1900, 1900, 300, 30, 300, 5460, 5460, 300, 5460, 5460, 300, 5460, 300, 70, 80, 80, 280, 9890, 280, 80, 80, 9890, 280, 280, 9890, 280, 9890, 9890, 80, 11400, 5130, 560, 10, 10, 5130, 560, 560, 5130, 940, 10, 940, 10, 940, 560, 940, 10, 560, 5130, 940, 5130, 620, 3140, 3140, 10230, 3140, 10230, 15220, 3140, 10230, 3140, 10230, 10230, 40, 150, 43740, 170, 150, 150, 150, 6840, 150, 30, 1970, 1970, 530, 530, 160, 1970, 1970, 530, 30, 1970, 530, 530, 190, 190, 190, 190, 190, 310, 3260, 2050, 310, 2050, 160, 160, 5820, 160, 5820, 160, 5820, 160, 5820, 5820, 170, 570, 600, 60, 600, 570, 530, 600, 570, 600, 570, 60, 600, 570, 20, 4600, 20, 20, 20, 20, 4930, 4930, 4930, 4930, 4930, 2760, 1470, 14330, 410, 640, 410, 1470, 1470, 410, 410, 1470, 410, 1470, 130, 2280, 130, 130, 10, 130, 130, 470, 470, 470, 470, 470, 2560, 530, 460, 210, 410, 80, 530, 410, 80, 210, 80, 460, 410, 530, 460, 210, 410, 530, 460, 210, 80, 410, 530, 210, 80, 460, 1300, 230, 10380, 230, 230, 10380, 10380, 230, 230, 10380, 10380, 170, 10, 10, 400, 400, 10, 10, 400, 400, 10, 400, 280, 5200, 280, 900, 5200, 280, 900, 230, 5200, 280, 280, 900, 5200, 900, 5200, 900, 100, 0, 1620, 1040, 180, 1040, 1040, 1040, 0, 110, 1620, 180, 110, 1040, 110, 1620, 0, 110, 1620, 0, 110, 1620, 0, 180, 180, 180, 60, 50, 130, 130, 600, 130, 50, 50, 50, 130, 50, 130, 550, 80, 350, 6070, 20, 20, 6070, 20, 20, 20, 1640, 540, 2510, 540, 540, 2510, 2510, 540, 2510, 2510, 540, 110, 1620, 100, 110, 110, 110, 110, 10, 12970, 160, 70, 70, 70, 70, 160, 160, 410, 160, 70, 160, 2380, 4870, 420, 240, 420, 420, 420, 420, 100, 440, 1460, 11320, 1460, 1460, 1460, 1460, 1540, 13510, 20, 1950, 20, 20, 20, 20, 320, 1580, 80, 80, 1370, 320, 1370, 80, 80, 320, 80, 320, 1370, 1370, 320, 1370, 13190, 870, 13190, 13190, 13190, 13190, 1630, 4960, 520, 5060, 5060, 5060, 520, 520, 5060, 520, 5060, 520, 140, 500, 1200, 550, 10380, 10380, 1200, 550, 10380, 1200, 10380, 1200, 10380, 1200, 550, 550, 550, 900, 450, 90, 5060, 30, 14910, 1020, 14910, 90, 9880, 260, 0, 960, 260, 960, 260, 960, 260, 960, 260, 960, 70, 20, 20, 20, 20, 2820, 20, 2260, 180, 1900, 1900, 1900, 1900, 1900, 410, 1410, 1410, 1410, 34130, 1410, 1410, 0, 2510, 3530, 1050, 7570, 2700, 7570, 7570, 3530, 3530, 3530, 7570, 3530, 2700, 7570, 3140, 32790, 470, 40, 32790, 40, 0, 32790, 0, 32790, 0, 40, 40, 40, 0, 0, 32790, 8090, 43030, 1510, 4290, 4290, 0, 43030, 4290, 43030, 4290, 0, 0, 43030, 0, 0, 43030, 4290, 60, 360, 360, 60, 60, 360, 60, 360, 360, 60, 200, 520, 2370, 660, 200, 3090, 200, 2370, 660, 2370, 660, 200, 2370, 660, 520, 2370, 660, 200, 430, 120, 120, 430, 0, 120, 430, 0, 120, 430, 0, 120, 430, 0, 0, 25990, 80, 70, 70, 80, 70, 70, 80, 80, 70, 80, 30, 39700, 10, 390, 7550, 390, 390, 3100, 7550, 390, 7550, 390, 280, 7550, 7550, 160, 12970, 12970, 12970, 12970, 12970, 6760, 6760, 6760, 6760, 6760, 11370, 40, 17170, 1490, 17170, 17170, 17170, 17170, 720, 45110, 45110, 45110, 45110, 45110, 1200, 700, 1200, 700, 1200, 220, 700, 700, 1200, 700, 1200, 750, 30, 30, 560, 30, 30, 30, 1580, 1970, 190, 190, 190, 190, 190, 3830, 14150, 14150, 14150, 14150, 60, 14150, 8510, 20, 110, 110, 20, 110, 110, 20, 20, 110, 20, 250, 270, 270, 270, 270, 270, 110, 1340, 2550, 1340, 110, 110, 2550, 1340, 2550, 1340, 110, 2550, 110, 2550, 1340, 6590, 330, 560, 8520, 8520, 8520, 8520, 8520, 310, 310, 310, 310, 310, 30, 7560, 8300, 29240, 10, 29240, 29240, 29240, 10, 29240, 950, 950, 950, 1140, 950, 950, 160, 2720, 10, 3090, 14400, 3090, 14400, 14400, 1130, 3090, 14400, 3090, 3090, 14400, 160, 3920, 1640, 1620, 3920, 1130, 3920, 1620, 10180, 310, 1620, 3920, 310, 1130, 310, 1640, 1620, 1130, 1640, 310, 1640, 310, 1130, 1640, 3920, 1620, 1130, 7240, 410, 210, 10920, 210, 210, 210, 210, 370, 43030, 380, 370, 370, 370, 380, 380, 380, 380, 370, 890, 3150, 3150, 270, 310, 3150, 270, 270, 3150, 270, 3150, 270, 540, 510, 510, 510, 540, 510, 540, 760, 540, 510, 540, 3520, 4280, 4280, 4800, 40, 40, 420, 40, 810, 40, 40, 810, 2750, 40, 40, 810, 40, 40, 810, 40, 810, 420, 420, 420, 420, 28980, 10, 770, 10, 28980, 770, 28980, 10, 40, 10, 28980, 10, 770, 770, 28980, 770, 620, 140, 810, 140, 260, 140, 140, 140, 4250, 60, 20, 4250, 4250, 4250, 4250, 4560, 670, 670, 670, 670, 4560, 4560, 670, 4560, 4560, 10, 49850, 1760, 49850, 1760, 420, 130, 49850, 130, 130, 420, 49850, 420, 49850, 420, 130, 1760, 130, 420, 1760, 1760, 620, 2410, 2410, 2410, 2410, 2410, 440, 2960, 100, 440, 440, 440, 2960, 440, 2960, 2960, 2960, 20, 15930, 70, 70, 15930, 70, 15930, 70, 15930, 70, 15930, 30, 10, 10, 10, 20, 20, 10, 20, 10, 20, 20, 250, 1770, 50, 80, 4260, 50, 80, 50, 50, 80, 50, 50, 50, 80, 50, 80, 50, 4260, 50, 11940, 2010, 2010, 11940, 11940, 11940, 11940, 50, 470, 10460, 90, 90, 27190, 90, 90, 90, 1890, 1890, 1890, 1890, 1890, 870, 920, 160, 160, 30, 30, 160, 30, 30, 30, 160, 160, 280, 280, 2040, 160, 1720, 20, 20, 20, 160, 230, 20, 160, 30, 20, 160, 2040, 2040, 160, 2040, 2040, 7820, 480, 240, 240, 5600, 240, 480, 240, 240, 480, 480, 480, 5720, 10120, 0, 5720, 490, 5720, 5720, 0, 5720, 10120, 0, 0, 0, 1990, 510, 3910, 3910, 3910, 3910, 3910, 10, 39620, 2020, 2020, 39620, 4490, 8310, 2020, 39620, 39620, 39620, 10, 2020, 10, 10, 2020, 10, 110, 50, 2050, 3700, 60, 60, 0, 60, 60, 3700, 60, 3700, 3700, 3700, 90, 2330, 90, 2330, 90, 2330, 90, 2330, 90, 2330, 25090, 6430, 6430, 6430, 6430, 6430, 320, 2050, 1620, 1620, 2050, 1620, 2050, 2050, 1620, 1620, 2050, 3630, 1220, 18470, 18470, 18470, 18470, 1220, 18470, 20, 1010, 4980, 140, 140, 140, 140, 140, 30, 7400, 10, 790, 340, 10, 340, 10, 7400, 30, 790, 30, 7400, 7400, 30, 790, 340, 7400, 30, 10, 790, 340, 10, 790, 340, 1060, 300, 20, 340, 20, 300, 120, 20, 300, 340, 20, 300, 340, 120, 300, 120, 340, 120, 20, 340, 120, 450, 2820, 460, 460, 460, 450, 450, 140, 460, 140, 140, 140, 460, 450, 140, 450, 700, 22530, 630, 18470, 630, 22530, 630, 630, 22530, 630, 190, 14150, 22530, 22530, 2150, 2290, 340, 500, 4470, 340, 340, 340, 4470, 340, 4470, 2150, 4470, 4470, 2290, 2290, 2290, 2290, 60, 0, 0, 2690, 60, 0, 0, 0, 60, 60, 60, 1090, 1970, 1970, 1970, 1970, 1970, 19890, 600, 600, 3710, 3710, 3710, 3710, 600, 3710, 600, 600, 240, 2440, 430, 430, 570, 2440, 430, 570, 240, 2440, 240, 430, 2440, 240, 430, 570, 2440, 570, 240, 570, 400, 400, 3080, 120, 120, 3440, 3440, 3440, 120, 90, 120, 3440, 3440, 120, 1250, 1250, 1250, 5210, 1250, 1250, 400, 50, 440, 50, 440, 50, 440, 50, 50, 440, 440, 6960, 1360, 140, 70, 820, 70, 820, 6960, 70, 140, 1980, 1960, 140, 140, 820, 6960, 140, 820, 70, 6960, 70, 820, 6960, 80, 510, 1570, 740, 1570, 1570, 770, 770, 770, 1570, 1570, 770, 770, 60, 30, 20, 20, 30, 20, 20, 60, 30, 30, 30, 20, 60910, 60910, 60910, 60910, 60910, 340, 3170, 560, 560, 560, 3170, 560, 560, 200, 10, 310, 310, 10, 10, 10, 310, 310, 200, 10, 200, 10, 10, 200, 310, 10, 200, 10, 10, 620, 20200, 6600, 730, 910, 910, 730, 730, 910, 1030, 1030, 910, 730, 1030, 730, 620, 1030, 910, 1030, 0, 150, 40, 150, 20, 0, 80, 80, 0, 150, 150, 0, 80, 150, 80, 40, 80, 0, 100, 100, 15940, 1680, 0, 57780, 20, 57780, 20, 0, 20, 20, 20, 0, 0, 0, 57780, 57780, 57780, 1000, 6940, 1000, 1000, 1000, 1000, 3080, 240, 240, 20, 14480, 3080, 20, 3080, 3080, 20, 3080, 20, 14480, 3700, 10, 390, 3700, 3700, 3700, 390, 390, 10, 10, 10, 390, 3700, 10, 390, 10, 2680, 530, 0, 530, 10, 140, 10, 10, 530, 10, 530, 10, 0, 530, 7260, 1870, 3980, 3980, 3980, 3980, 1870, 3980, 7260, 200, 400, 670, 20, 1110, 280, 140, 380, 140, 380, 380, 380, 1110, 1110, 140, 380, 1110, 1110, 140, 140, 5390, 4130, 10, 4130, 4130, 4130, 4130, 5650, 80, 350, 600, 350, 350, 350, 80, 350, 120, 120, 120, 120, 120, 5940, 60, 290, 620, 60, 620, 60, 620, 60, 620, 260, 620, 60, 14820, 0, 30, 30, 0, 0, 30, 30, 30, 0, 0, 760, 160, 210, 210, 210, 160, 160, 160, 210, 160, 210, 60, 60, 9320, 60, 60, 60, 520, 410, 460, 30, 270, 460, 460, 270, 270, 270, 460, 270, 460, 20, 960, 960, 960, 960, 960, 300, 460, 400, 400, 460, 460, 400, 460, 400, 19510, 460, 400, 300, 4360, 8170, 190, 1420, 1420, 1420, 1420, 190, 1420, 190, 190, 190, 4190, 18710, 18710, 3630, 2990, 100, 0, 960, 5980, 3300, 120, 230, 830, 230, 5980, 120, 830, 5980, 230, 830, 960, 960, 230, 830, 120, 960, 830, 5980, 230, 120, 120, 960, 5980, 660, 360, 240, 1300, 60, 60, 360, 1720, 60, 360, 240, 360, 240, 60, 240, 240, 60, 360, 330, 180, 180, 330, 330, 180, 180, 330, 180, 330, 4460, 1090, 4450, 230, 110, 1090, 10, 1090, 230, 1090, 230, 1090, 230, 230, 990, 220, 1830, 990, 990, 990, 990, 2070, 16200, 2070, 210, 2070, 2070, 2070, 61070, 6390, 1520, 1520, 36160, 3230, 36160, 36160, 1960, 36160, 6390, 1520, 3230, 6390, 1520, 1960, 36160, 6390, 1520, 3230, 1960, 6390, 3230, 1960, 1960, 3230, 11040, 440, 290, 1490, 50, 440, 50, 50, 50, 1490, 440, 50, 440, 440, 5400, 1180, 1180, 1180, 1180, 1180, 20, 220, 160, 60, 160, 160, 160, 160, 60, 3590, 4450, 5780, 5780, 4450, 320, 4450, 4450, 5780, 4450, 5780, 5780, 4440, 3770, 1960, 1960, 2250, 310, 2300, 1720, 3770, 1960, 1960, 1960, 4440, 3770, 4440, 4440, 3770, 4440, 3770, 660, 3060, 1440, 3060, 1440, 1440, 660, 3060, 660, 660, 3060, 1440, 3060, 1440, 660, 190, 120, 3290, 3290, 120, 2120, 11440, 44210, 3990, 100, 3290, 120, 3290, 120, 120, 3290, 3930, 3930, 90, 3610, 1310, 3930, 3930, 3930, 250, 3100, 3100, 3100, 3100, 3100, 50, 2100, 1800, 830, 2720, 0, 60, 340, 1800, 2720, 0, 2720, 1800, 7370, 0, 830, 2720, 0, 2720, 0, 60, 1800, 560, 1800, 140, 260, 390, 260, 390, 260, 390, 360, 390, 390, 260, 260, 130, 8560, 50, 3580, 100, 100, 3580, 50, 200, 130, 130, 3580, 7590, 100, 80, 120, 200, 100, 50, 3580, 200, 130, 10, 50, 200, 8560, 100, 200, 50, 8560, 3580, 130, 8560, 8560, 100, 0, 1020, 0, 16130, 0, 0, 130, 0, 11030, 6070, 1190, 30, 120, 11030, 1190, 30, 6070, 4730, 160, 1190, 11030, 6070, 2180, 1190, 30, 11030, 6070, 2180, 6070, 2180, 1190, 30, 11030, 2180, 30, 2180, 130, 2590, 160, 160, 130, 90, 370, 160, 160, 2590, 130, 130, 160, 3030, 130, 7850, 1040, 1040, 1040, 60, 1040, 1040, 7850, 3390, 3390, 630, 3390, 3390, 630, 3390, 630, 630, 630, 9530, 150, 1900, 0, 140, 1950, 1900, 30, 40860, 140, 0, 1900, 0, 1900, 1900, 140, 0, 140, 0, 140, 290, 30, 2450, 90, 1640, 1070, 1070, 170, 610, 610, 610, 610, 910, 2450, 1070, 90, 0, 170, 610, 0, 170, 170, 170, 1070, 1070, 180, 500, 70, 500, 180, 70, 180, 500, 180, 500, 180, 500, 17210, 200, 4040, 40, 1560, 70, 4040, 70, 70, 70, 2270, 70, 90, 2560, 16690, 2990, 340, 280, 90, 280, 710, 30, 430, 840, 30, 840, 30, 430, 2560, 280, 90, 90, 840, 710, 6270, 3500, 1800, 2560, 2560, 430, 280, 710, 2560, 30, 840, 430, 280, 710, 710, 30, 840, 430, 90, 700, 2240, 10, 2240, 2240, 15080, 30, 700, 2240, 10, 2240, 10, 10, 10, 100, 17100, 4940, 510, 4980, 100, 10, 2500, 380, 520, 700, 460, 2500, 110, 170, 2500, 380, 470, 520, 4380, 8170, 520, 380, 2500, 520, 2500, 520, 380, 110, 380, 1280, 12140, 30, 30, 30, 12140, 30, 30, 2340, 21230, 20, 610, 610, 610, 2510, 610, 1530, 610, 980, 150, 2670, 2670, 980, 560, 40, 160, 2670, 2670, 980, 980, 980, 150, 2670, 3030, 560, 210, 3390, 210, 7910, 2240, 50, 210, 210, 210, 620, 590, 150, 30, 590, 150, 150, 590, 150, 150, 620, 370, 590, 150, 150, 620, 590, 150, 620, 150, 620, 150, 1070]"
2020-11-03 16:25:00+00:00,11722830,0,4769.0,"[5130, 50, 260, 260, 260, 260, 1180, 470, 470, 260, 50, 470, 430, 80, 10, 2430, 1180, 470, 50, 470, 50, 50, 3380, 250, 110, 30, 10, 600, 30, 0, 1680, 0, 10, 30, 0, 0, 30, 890, 4140, 10, 1680, 1680, 0, 30, 360, 1680, 1680, 3250, 460, 1470, 1670, 480, 30, 30, 30, 1670, 480, 1470, 480, 160, 1670, 460, 1670, 30, 460, 1670, 1470, 30, 480, 1470, 1470, 460, 460, 480, 2290, 7540, 2290, 820, 700, 7540, 2290, 2290, 7540, 7540, 2290, 7540, 2520, 400, 2520, 6140, 10360, 2520, 2520, 2520, 4200, 4440, 9250, 410, 4370, 4440, 2240, 2780, 4440, 4440, 2780, 320, 2780, 2780, 4370, 1630, 4370, 2780, 4370, 4440, 4370, 2440, 50, 0, 2340, 50, 0, 50, 2340, 50, 3580, 50, 220, 290, 130, 400, 130, 30, 1000, 660, 400, 130, 400, 130, 400, 400, 130, 10, 2360, 20150, 40, 10, 40, 720, 5870, 120, 720, 40, 720, 10, 2360, 20150, 720, 40, 40, 2360, 720, 10, 2360, 2360, 1620, 4070, 10, 7820, 600, 20, 80, 1520, 7550, 170, 1470, 1470, 7550, 7550, 1470, 7550, 1470, 1470, 7550, 80, 26440, 26440, 80, 300, 3110, 800, 2190, 3130, 600, 2470, 80, 610, 2470, 600, 12200, 2200, 2000, 600, 2470, 2190, 600, 3130, 2470, 600, 2470, 210, 1340, 4680, 3500, 1340, 2460, 1500, 4680, 1340, 1500, 3500, 150, 1340, 3500, 1340, 210, 1500, 3500, 4680, 4680, 1500, 4680, 1500, 3500, 20, 4360, 4360, 4360, 1760, 90, 4360, 20, 620, 4360, 690, 300, 2780, 1200, 240, 240, 400, 2780, 1200, 2780, 400, 240, 1200, 300, 2780, 2780, 1200, 2210, 240, 240, 1200, 4110, 6040, 1120, 3140, 6040, 3140, 6040, 3140, 6040, 3140, 6040, 3140, 3680, 230, 46190, 7550, 3680, 7550, 3680, 46190, 46190, 3680, 46190, 3680, 7550, 46190, 7550, 5850, 7550, 1180, 560, 6070, 50, 190, 1510, 50, 6070, 1510, 190, 560, 1380, 160, 1130, 50, 6070, 1510, 190, 560, 1130, 50, 6070, 1510, 190, 560, 1130, 1130, 50, 6070, 1510, 190, 560, 1130, 1340, 470, 630, 0, 4100, 4100, 300, 0, 630, 300, 630, 10, 110, 300, 630, 0, 0, 630, 0, 300, 300, 1720, 160, 950, 1720, 950, 270, 3920, 1150, 160, 1720, 950, 160, 1720, 160, 950, 950, 1720, 3290, 160, 4400, 690, 4490, 50, 120, 120, 690, 120, 690, 4400, 920, 13730, 6680, 4090, 690, 120, 4400, 4490, 120, 690, 4400, 4400, 1940, 90, 2210, 140, 210, 70, 210, 210, 530, 210, 770, 210, 530, 140, 530, 140, 210, 210, 3070, 160, 90, 210, 140, 90, 70, 530, 210, 140, 530, 90, 70, 90, 210, 4410, 70, 70, 1840, 620, 180, 180, 470, 180, 470, 620, 1070, 960, 0, 180, 620, 180, 470, 620, 470, 620, 470, 1520, 1160, 3180, 1160, 6040, 850, 15400, 1340, 120, 90, 15400, 15400, 1340, 15400, 15400, 10280, 30, 50, 290, 30, 30, 30, 30, 20, 120, 3410, 170, 830, 1030, 2570, 2570, 1030, 170, 2570, 2570, 1030, 1030, 3410, 1030, 2570, 3230, 150, 10, 20, 510, 510, 150, 510, 510, 510, 150, 20, 150, 20, 4030, 20, 150, 20, 1970, 3670, 300, 8220, 160, 8220, 160, 300, 8220, 160, 300, 160, 300, 8220, 300, 8220, 160, 3070, 80, 40, 40, 40, 3070, 80, 3070, 80, 3070, 80, 3070, 40, 80, 40, 100, 1630, 100, 1120, 100, 1120, 50, 1120, 100, 1630, 1940, 30, 100, 1630, 1630, 1120, 1630, 1120, 380, 1460, 380, 380, 1460, 80, 380, 380, 1460, 380, 1460, 11850, 10, 30, 3290, 10, 10, 1500, 160, 3290, 3290, 80, 11850, 1500, 1500, 3290, 10, 160, 1500, 3290, 10, 11850, 160, 1500, 160, 11850, 11850, 160, 40, 670, 40, 11040, 500, 2300, 40, 5420, 520, 6250, 40, 11040, 40, 40, 110, 4460, 253880, 830, 253880, 830, 830, 830, 830, 1510, 370, 130, 80, 3320, 370, 30, 340, 30, 340, 370, 140, 30, 340, 370, 80, 1510, 30, 340, 370, 30, 340, 11390, 80, 80, 80, 3740, 80, 300, 0, 1230, 0, 0, 20, 0, 0, 820, 1230, 8260, 4730, 100, 100, 18190, 430, 330, 100, 100, 410, 100, 100, 200, 300, 200, 0, 300, 300, 8040, 380, 200, 300, 0, 200, 0, 300, 200, 0, 0, 380, 390, 11850, 890, 890, 11850, 380, 890, 10, 420, 60, 11850, 380, 890, 11850, 380, 380, 11850, 890, 1470, 360, 1190, 180, 210, 180, 1190, 1190, 80, 180, 1190, 180, 1190, 180, 7550, 1290, 2420, 810, 40, 20, 20, 80, 80, 2420, 810, 80, 20, 1070, 3720, 20, 2420, 20, 810, 810, 80, 810, 2420, 80, 2420, 260, 340, 1260, 8290, 1890, 1310, 1060, 2190, 1260, 2060, 2060, 2990, 2190, 5410, 340, 1060, 2990, 340, 1060, 8290, 2990, 1310, 5410, 2060, 60, 8290, 1310, 2990, 2060, 5410, 1260, 1060, 2190, 8290, 2990, 2060, 5410, 1260, 1060, 340, 2190, 8290, 5410, 1260, 2190, 1310, 1310, 340, 11950, 2240, 1400, 11950, 11950, 2240, 2240, 11950, 11950, 810, 2240, 2240, 600, 610, 8140, 30, 190, 8140, 610, 190, 190, 290, 1820, 1090, 9880, 610, 290, 8140, 190, 290, 610, 8140, 190, 8140, 610, 290, 0, 30, 290, 20, 480, 550, 10, 60, 80, 480, 190, 550, 480, 480, 550, 190, 6320, 60, 10, 480, 190, 190, 190, 10, 4010, 10, 550, 10, 550, 70, 2440, 2440, 0, 2940, 2650, 2440, 2440, 2440, 3640, 20, 210, 2370, 11950, 40, 2370, 2260, 520, 210, 2370, 2370, 210, 2370, 210, 2590, 210, 3740, 60, 60, 450, 40, 10430, 3150, 7020, 450, 450, 3740, 60, 260, 3740, 450, 3740, 60, 450, 3740, 60, 70, 1330, 8110, 1380, 1330, 1090, 1330, 1090, 1330, 8110, 7580, 1090, 1090, 1380, 1090, 8110, 8110, 8110, 1330, 310, 150, 1810, 14330, 120, 310, 560, 120, 14330, 120, 14330, 560, 120, 310, 14330, 560, 120, 14330, 560, 310, 90, 310, 560, 1910, 0, 180, 8030, 4460, 340, 0, 340, 340, 60, 0, 3440, 8030, 3440, 0, 470, 3440, 340, 0, 0, 8030, 70, 470, 0, 0, 8030, 70, 470, 470, 8030, 470, 70, 70, 480, 0, 4460, 3440, 3440, 70, 0, 340, 4050, 30, 30, 4050, 16130, 30, 30, 30, 4050, 4050, 4050, 20, 1970, 470, 510, 170, 9890, 7550, 7550, 470, 510, 470, 510, 9890, 7550, 9000, 170, 470, 1970, 510, 7550, 9890, 170, 1970, 1970, 470, 510, 7550, 170, 9890, 170, 1970, 210, 9890, 530, 540, 4360, 1220, 4360, 100, 530, 530, 1430, 530, 100, 540, 1220, 530, 60, 4360, 4360, 4360, 230, 1370, 50, 50, 50, 50, 50, 4220, 4290, 90, 90, 4290, 90, 4290, 90, 4290, 90, 4290, 1270, 5920, 260, 260, 340, 260, 14920, 6730, 260, 260, 5920, 3740, 60, 360, 180, 610, 1130, 180, 60, 610, 360, 180, 210, 220, 570, 1130, 610, 360, 1130, 610, 180, 60, 1130, 610, 360, 180, 60, 360, 60, 1130, 780, 50, 1080, 30, 780, 780, 1080, 30, 1080, 780, 30, 1080, 17590, 50, 30, 780, 47580, 30, 1080, 220, 30, 4940, 4940, 30, 4940, 30, 360, 1310, 30, 4940, 4940, 30, 2340, 150, 510, 5070, 5850, 510, 5850, 5850, 510, 100, 70, 510, 510, 5070, 5070, 5070, 5850, 5850, 1350, 5070, 440, 210, 3470, 1240, 1660, 150, 3030, 280, 170, 150, 170, 0, 2600, 3260, 170, 170, 150, 150, 170, 150, 4920, 6140, 940, 940, 50, 90, 6140, 940, 940, 940, 6140, 6140, 6140, 990, 22510, 540, 70, 10, 990, 3290, 3270, 30, 3290, 990, 990, 1260, 3290, 990, 30, 540, 70, 540, 2270, 540, 3290, 3290, 540, 250, 450, 310, 250, 310, 250, 4590, 250, 450, 310, 250, 450, 310, 450, 450, 310, 2000, 6690, 710, 310, 120, 1060, 2000, 1060, 2000, 120, 10, 2000, 1060, 120, 710, 710, 120, 710, 2000, 1060, 0, 120, 710, 1060, 390, 110, 520, 370, 520, 390, 370, 370, 520, 390, 240, 2790, 110, 520, 390, 390, 520, 110, 370, 110, 110, 370, 3040, 20, 14950, 140, 2970, 100, 14950, 150, 120, 120, 120, 120, 120, 1580, 1580, 30, 1580, 1580, 1580, 2590, 60, 1020, 2060, 490, 2060, 2590, 490, 490, 2060, 60, 1020, 2590, 490, 60, 1020, 60, 2060, 2060, 2590, 60, 490, 1020, 2590, 1020, 4480, 120, 360, 4200, 160, 660, 160, 4480, 660, 360, 160, 120, 4480, 350, 3090, 5980, 660, 4200, 160, 4480, 660, 360, 120, 4480, 160, 120, 4200, 360, 120, 4200, 660, 360, 4200, 50, 250, 10170, 250, 20, 50, 250, 10170, 380, 50, 10170, 50, 250, 10170, 250, 10170, 50, 850, 5850, 4900, 850, 850, 4900, 80, 4900, 850, 4900, 460, 850, 4900, 120, 120, 120, 40, 120, 120, 30, 5740, 5740, 2070, 120, 5740, 30, 5740, 5740, 7640, 1120, 1300, 120, 1120, 1300, 1730, 1120, 1300, 1730, 1120, 1300, 1300, 1120, 1730, 1730, 1730, 90, 10, 750, 90, 750, 30, 90, 750, 750, 10, 90, 10, 90, 10, 10, 750, 19520, 300, 20, 300, 300, 10, 770, 300, 300, 2000, 2050, 690, 140, 20, 1190, 10, 2050, 2050, 1190, 5510, 140, 2050, 690, 1190, 1190, 420, 2050, 1190, 140, 140, 560, 140, 2110, 1070, 50, 2770, 4890, 6340, 1270, 6340, 20, 6340, 20, 4890, 1270, 20, 6340, 1990, 2540, 950, 4890, 1270, 20, 4890, 1270, 6340, 20, 4890, 1270, 8510, 920, 8510, 940, 36900, 60, 920, 60, 8510, 920, 60, 2030, 36900, 920, 60, 940, 36900, 940, 8510, 940, 920, 60, 940, 36900, 190, 36900, 8510, 10770, 6570, 30, 10770, 10770, 40, 10770, 10, 10770, 400, 1710, 2860, 300, 10, 400, 90, 2860, 10, 11670, 40, 10, 2860, 400, 90, 10, 2860, 2860, 10, 930, 260, 3280, 3740, 20, 2870, 20, 3740, 3280, 2870, 2870, 20, 3740, 3280, 20, 3740, 2870, 3280, 3740, 3280, 2870, 20, 70, 410, 2070, 4810, 6900, 100, 4540, 100, 3310, 20, 2340, 4540, 100, 100, 100, 260, 4340, 260, 260, 260, 260, 790, 420, 20, 4020, 3650, 470, 0, 20, 40, 410, 0, 420, 410, 20, 170, 4020, 420, 0, 410, 20, 4020, 0, 40, 40, 410, 410, 420, 40, 790, 40, 20, 4020, 790, 790, 470, 420, 790, 4020, 0, 680, 680, 100, 1690, 550, 14400, 1690, 550, 30, 550, 1690, 550, 550, 14400, 14400, 14400, 1690, 14400, 1690, 320, 2430, 1330, 0, 2430, 10560, 2820, 200, 6990, 2820, 2820, 1970, 4390, 60, 60, 480, 2820, 6990, 2820, 3130, 390, 80, 390, 80, 3130, 80, 4130, 390, 80, 390, 3130, 80, 3130, 390, 3130, 700, 140, 700, 700, 700, 700, 100, 30, 880, 60, 650, 60, 1020, 7620, 60, 60, 60, 6320, 520, 590, 250, 230, 230, 630, 3160, 90, 6730, 2410, 290, 630, 250, 630, 230, 630, 230, 630, 230, 4100, 40, 630, 40, 40, 3970, 3600, 630, 630, 40, 40, 630, 40, 630, 2000, 6760, 190, 860, 860, 860, 190, 2000, 860, 190, 860, 190, 190, 6760, 30, 1100, 2930, 30, 460, 30, 2930, 30, 20, 30, 630, 2290, 20, 2290, 630, 20, 2290, 0, 2290, 630, 0, 20, 630, 0, 2290, 20, 630, 90, 60, 0, 20, 0, 130, 1600, 5720, 410, 5720, 410, 2670, 80, 5720, 410, 5720, 80, 410, 80, 80, 5720, 410, 80, 80, 1220, 1220, 1220, 1220, 1220, 910, 720, 1220, 910, 720, 3380, 260, 130, 60, 1220, 910, 720, 720, 910, 910, 720, 1090, 1470, 5390, 3650, 20, 20, 5390, 140, 20, 5390, 20, 20, 5390, 780, 5390, 550, 4370, 40, 40, 30, 550, 30, 40, 4370, 40, 550, 5360, 30, 4370, 30, 4370, 550, 30, 550, 40, 4370, 15440, 330, 15440, 450, 330, 510, 330, 140730, 15440, 330, 1320, 3420, 1660, 140730, 15440, 15440, 330, 140730, 510, 140730, 140730, 690, 3080, 690, 2210, 2210, 690, 2210, 1150, 690, 820, 2060, 260, 690, 1150, 2210, 1150, 2210, 1150, 40, 2760, 570, 570, 290, 250, 10, 570, 570, 570, 10, 10210, 1730, 1880, 550, 480, 480, 480, 480, 10210, 10, 20, 480, 10210, 1730, 10210, 1880, 1730, 10, 480, 10210, 1730, 10, 10, 1730, 1280, 940, 940, 1280, 940, 1280, 940, 1280, 2210, 1280, 940, 980, 1180, 1690, 140, 1180, 140, 1690, 1690, 1180, 1690, 1180, 140, 140, 1180, 140, 1690, 2240, 20, 1450, 100, 100, 1100, 40, 18520, 4220, 60, 1100, 18520, 1100, 60, 1100, 1100, 18520, 1080, 18520, 18520, 2930, 3630, 1100, 8290, 80, 80, 14610, 80, 1100, 14610, 8290, 1050, 2030, 14610, 1100, 14610, 90, 80, 14610, 1100, 80, 8290, 1100, 8290, 8290, 1370, 170, 8110, 540, 1000, 8110, 170, 8110, 1000, 170, 2140, 8110, 540, 1000, 170, 8110, 170, 1000, 1000, 6290, 270, 320, 270, 6290, 270, 270, 6290, 270, 6290, 6290, 10, 460, 980, 5750, 20, 3380, 20, 460, 5750, 4120, 7100, 49740, 1140, 5750, 20, 5750, 5750, 460, 20, 460, 20, 460, 410, 1350, 2450, 690, 410, 1350, 2450, 2450, 410, 2450, 410, 1350, 410, 1350, 2450, 1350, 260, 260, 20, 260, 260, 2620, 2940, 260, 1040, 60, 330, 1040, 1040, 1040, 750, 970, 1040, 20, 10, 600, 1640, 120, 10, 120, 20, 100, 100, 10, 600, 1640, 20, 10, 120, 600, 10, 120, 600, 20, 120, 600, 20, 870, 300, 5050, 870, 240, 3910, 870, 300, 870, 870, 20, 90, 70, 20, 90, 90, 70, 20, 20, 20, 90, 3890, 20, 90, 4250, 460, 0, 110, 7390, 1170, 610, 60, 3260, 7610, 100, 210, 7610, 7610, 7610, 7610, 4810, 290, 3150, 1250, 4810, 4810, 290, 1250, 3150, 290, 4810, 3150, 1250, 290, 1250, 3150, 4810, 290, 1250, 3150, 1850, 40, 1530, 270, 220, 40, 10, 1530, 270, 390, 40, 40, 1530, 10, 270, 1530, 270, 1530, 40, 270, 11400, 3740, 3270, 3740, 3740, 3740, 250, 11400, 3270, 3740, 11400, 11400, 11400, 3270, 290, 3270, 3270, 1950, 3840, 10, 780, 780, 510, 950, 780, 510, 780, 510, 510, 510, 280, 780, 3070, 3690, 340, 340, 340, 340, 340, 1890, 190, 810, 810, 290, 810, 810, 810, 40, 10, 30, 620, 620, 620, 620, 620, 30, 1700, 420, 7230, 1330, 240, 420, 1330, 420, 420, 1330, 240, 420, 1330, 240, 1330, 240, 240, 980, 5910, 7910, 650, 5200, 5200, 5910, 5200, 7910, 5200, 5910, 980, 2550, 5200, 5910, 830, 5910, 2180, 2740, 1620, 1620, 1620, 2180, 2740, 1620, 2740, 2180, 430, 230, 2740, 2180, 1620, 2180, 2740, 1880, 20, 11520, 210, 970, 11520, 210, 20, 970, 1880, 210, 830, 20, 1880, 970, 210, 11520, 970, 210, 1880, 11520, 970, 1880, 11520, 20, 20, 170, 510, 510, 510, 1820, 170, 170, 510, 1820, 510, 170, 170, 9890, 0, 50, 40, 0, 10, 10, 10030, 10, 60, 60, 0, 10, 50, 60, 10, 60, 10, 0, 0, 60, 1210, 80, 1040, 1760, 2030, 4190, 2030, 4190, 240, 1210, 1040, 1040, 240, 2030, 1210, 80, 1040, 1760, 240, 4190, 2030, 1210, 240, 4190, 2030, 1210, 240, 0, 120, 40, 1040, 4190, 130, 4730, 130, 4730, 970, 100, 130, 4730, 130, 4730, 4730, 130, 7190, 6500, 5220, 40, 1840, 16690, 3520, 3520, 16690, 860, 40, 40, 860, 40, 860, 40, 3520, 3520, 16690, 860, 40, 16690, 3520, 860, 16690, 1260, 930, 360, 360, 1260, 930, 360, 360, 1260, 930, 1260, 360, 1260, 930, 930, 320, 34880, 16840, 16840, 16840, 34880, 16840, 16840, 30, 2540, 30, 2540, 30, 10, 30, 2540, 2540, 30, 2540, 360, 10, 10, 360, 10, 250, 10, 360, 10, 360, 360, 10, 20, 1040, 13520, 20, 1040, 13520, 23750, 20, 1040, 20, 1040, 13520, 20, 1040, 13520, 13520, 370, 190, 360, 14430, 0, 30, 360, 30, 0, 30, 14430, 360, 30, 0, 360, 30, 0, 1720, 360, 0, 2100, 1790, 90, 150, 370, 370, 30, 370, 370, 2100, 370, 40, 370, 720, 1470, 10, 1160, 10, 1160, 40, 10, 1160, 1160, 10, 10, 1470, 470, 40, 40, 1160, 40, 60, 2510, 80, 2270, 230, 320, 230, 20, 0, 40, 20, 20, 20, 80, 0, 80, 230, 40, 40, 440, 2270, 2510, 0, 320, 20, 40, 0, 320, 40, 230, 0, 2270, 320, 320, 80, 2270, 80, 230, 2270, 1340, 1340, 1340, 140, 400, 270, 1340, 1340, 3880, 120, 140, 0, 140, 1460, 1460, 120, 0, 0, 1460, 140, 120, 120, 120, 0, 1460, 140, 1460, 140, 0, 140, 2200, 4940, 720, 260, 220, 680, 140, 40, 260, 40, 220, 40, 720, 260, 720, 40, 140, 680, 4940, 220, 260, 40, 720, 220, 720, 220, 260, 90, 190, 470, 420, 610, 610, 230, 1060, 90, 230, 610, 610, 190, 1060, 420, 90, 1060, 130, 3250, 230, 610, 190, 230, 90, 420, 1060, 420, 420, 190, 230, 90, 1060, 190, 8130, 180, 9410, 180, 1480, 2680, 10, 8130, 180, 1480, 10, 2680, 180, 8130, 200, 560, 180, 8130, 1480, 9410, 10, 2680, 8130, 1480, 10, 2680, 1480, 10, 2680, 270, 0, 840, 19800, 270, 2330, 270, 290, 50, 0, 300, 2330, 0, 2330, 270, 300, 300, 2330, 300, 60, 270, 300, 2330, 4930, 3320, 160, 4190, 40, 1050, 2950, 4430, 90, 3230, 200, 110, 110, 130, 110, 130, 200, 60, 110, 110, 130, 110, 130, 200, 200, 200, 130, 590, 610, 910, 10, 10, 610, 910, 910, 610, 910, 610, 910, 610, 10, 2530, 1300, 1680, 4360, 50, 4360, 4360, 1300, 4360, 1680, 4360, 1300, 1680, 10, 1300, 1680, 1300, 1680, 35430, 0, 870, 80, 870, 80, 870, 870, 870, 290, 40, 960, 260, 210, 0, 3340, 0, 960, 40, 260, 260, 960, 40, 0, 290, 260, 210, 40, 0, 260, 960, 120, 290, 290, 40, 0, 960, 290, 4310, 19710, 1050, 10, 130, 1050, 120, 1050, 1050, 20, 130, 10, 130, 1050, 130, 10, 130, 10, 10, 970, 450, 20, 100, 670, 670, 0, 970, 3080, 970, 20, 450, 100, 970, 970, 100, 100, 670, 670, 100, 670, 4470, 610, 740, 4470, 6750, 810, 180, 810, 180, 140, 500, 290, 810, 500, 180, 500, 500, 500, 0, 0, 810, 180, 810, 180, 440, 2480, 810, 750, 750, 2480, 750, 750, 2480, 2480, 810, 750, 2480, 4900, 4380, 12980, 1770, 12980, 1770, 1770, 1770, 4380, 320, 12980, 1770, 4380, 12980, 4900, 12980, 4380, 4380, 1410, 10, 10, 190, 6980, 80, 10, 10, 90, 10, 3150, 170, 330, 180, 180, 250, 170, 180, 330, 330, 170, 180, 330, 170, 180, 170, 330, 3860, 170, 170, 170, 3860, 170, 170, 960, 16840, 1320, 780, 960, 16840, 960, 780, 780, 16840, 780, 960, 780, 16840, 960, 16840, 50, 11020, 230, 230, 230, 230, 100, 230, 50, 1740, 1600, 710, 1600, 7160, 1600, 20, 1740, 40, 1820, 1600, 1740, 50, 20, 7160, 7160, 1740, 20, 7160, 1740, 7160, 20, 1600, 20, 420, 20, 2290, 3970, 10420, 3800, 170, 260, 80, 1110, 3800, 3800, 170, 1560, 1110, 170, 80, 1110, 170, 3800, 1110, 170, 3800, 1110, 4200, 4200, 42560, 10, 4200, 80, 4200, 2460, 4200, 3110, 40, 100, 3110, 1100, 3110, 40, 100, 3110, 3110, 2850, 770, 2020, 1240, 100, 770, 100, 770, 100, 1240, 2850, 1240, 100, 1240, 2020, 1240, 2020, 2020, 770, 100, 2020, 770, 120, 100, 16720, 160, 60, 60, 100, 16720, 100, 60, 160, 60, 60, 160, 160, 160, 100, 100, 8830, 1380, 30, 10, 30, 10, 10, 30, 10, 10, 1380, 30, 1380, 10, 1380, 8830, 10, 10, 1380, 10, 80, 10, 30, 2720, 610, 280, 570, 70, 540, 820, 2500, 820, 2500, 820, 190, 2500, 70, 570, 2500, 570, 2500, 80, 570, 820, 570, 820, 220, 1590, 160, 4920, 5730, 13290, 2820, 910, 2280, 2680, 910, 910, 13290, 1590, 13290, 2280, 5730, 13290, 2820, 160, 1590, 2280, 910, 13290, 1590, 1590, 2280, 2280, 910, 2590, 10, 3380, 420, 420, 420, 180, 2960, 170, 3380, 420, 2590, 3380, 420, 3380, 3380, 14030, 30, 2610, 100, 2610, 2610, 100, 2040, 2610, 100, 2610, 100, 100, 80, 3250, 3250, 3250, 3250, 3250, 1300, 7620, 540, 180, 1740, 1870, 2550, 160, 20, 250, 20, 4200, 90, 2700, 230, 230, 230, 4200, 4200, 50, 2700, 230, 4200, 90, 2700, 230, 2700, 690, 2700, 4200, 690, 110, 60, 0, 280, 50, 50, 110, 0, 110, 50, 690, 0, 50, 110, 0, 50, 110, 0, 690, 690, 690, 4050, 1410, 4050, 4050, 4050, 46150, 1410, 4050, 270, 630, 270, 270, 270, 630, 270, 630, 630, 630, 120, 18990, 1150, 5070, 220, 1820, 370, 2840, 600, 0, 580, 630, 2840, 40, 0, 600, 630, 170, 600, 630, 0, 40, 580, 2160, 0, 600, 600, 630, 2840, 40, 0, 2840, 2840, 40, 630, 40, 5820, 5430, 1900, 6280, 60, 18370, 6280, 18370, 18370, 60, 410, 70, 6280, 18370, 60, 6280, 18370, 60, 60, 6280, 120, 180, 20, 280, 280, 7710, 180, 280, 280, 180, 180, 20, 280, 180, 10, 9180, 10, 70, 10, 9180, 70, 9180, 120, 270, 70, 10, 70, 9180, 9180, 10, 320, 70, 10, 10, 0, 10, 10, 10, 4220, 560, 170, 170, 560, 560, 170, 560, 170, 560, 170, 380, 380, 380, 380, 630, 630, 30, 630, 630, 630, 380, 380, 50, 140, 4270, 60, 90, 590, 4270, 4270, 4270, 4270, 630, 9050, 9890, 90, 240, 2240, 240, 2240, 270, 240, 2240, 9890, 270, 90, 270, 9890, 2240, 830, 240, 9890, 270, 490, 9890, 240, 2240, 270, 440, 60, 60, 60, 60, 60, 1340, 1440, 16720, 1340, 16720, 1340, 1340, 16720, 1340, 16720, 16720, 290, 20, 3620, 290, 360, 290, 290, 290, 110, 90, 3250, 0, 60, 90, 60, 0, 530, 3250, 10, 10, 530, 0, 3250, 60, 530, 0, 90, 10, 10, 530, 60, 530, 3250, 0, 90, 3250, 60, 90, 10, 1280, 3680, 1800, 320, 3680, 1280, 320, 280, 1280, 3680, 1280, 320, 1280, 320, 320, 3680, 3680, 1000, 1820, 250, 250, 250, 250, 250, 840, 840, 480, 840, 10, 3970, 840, 840, 1280, 530, 2880, 2880, 2880, 1880, 2880, 10, 2880, 50, 2090, 50, 50, 50, 50, 10, 220, 170, 0, 3200, 170, 220, 3200, 170, 0, 220, 0, 3200, 170, 10, 0, 220, 3200, 170, 0, 220, 3200, 3680, 10, 140, 50, 7200, 50, 10, 70, 140, 3680, 10, 50, 3680, 70, 140, 7200, 70, 70, 50, 10, 3680, 140, 10, 3680, 70, 140, 50, 50, 630, 4360, 4360, 50, 50, 630, 210, 4360, 630, 50, 4360, 50, 4360, 630, 630, 130, 2380, 260, 2380, 260, 130, 780, 260, 130, 1740, 260, 130, 780, 2380, 260, 130, 780, 2380, 780, 2380, 770, 780, 50, 6600, 380, 780, 60, 60, 60, 930, 30, 60, 60, 2840, 710, 620, 19800, 2840, 2840, 2540, 390, 620, 710, 2840, 2540, 710, 2840, 2540, 2540, 710, 2540, 710, 220, 690, 200, 20, 20, 20, 180, 20, 30, 20, 20, 20, 20, 20, 200, 30, 30, 1700, 200, 20, 30, 20, 180, 200, 180, 20, 200, 20, 30, 180, 20, 180, 20, 10520, 980, 980, 60, 980, 10520, 980, 10520, 10520, 980, 10520, 100, 90, 100, 90, 100, 90, 90, 100, 90, 100, 29260, 480, 1120, 40, 380, 140, 20, 11060, 20, 20, 20, 11060, 380, 12280, 40, 380, 20, 11060, 11060, 380, 11060, 380, 870, 400, 80, 410, 65480, 4900, 400, 870, 90, 4900, 80, 65480, 870, 4900, 870, 80, 400, 2840, 7840, 90, 65480, 870, 410, 400, 90, 80, 65480, 4900, 4900, 90, 80, 65480, 400, 90, 47360, 30, 820, 820, 30, 820, 30, 820, 30, 820, 30, 0, 29440, 20, 120, 30, 0, 7380, 30, 30, 30, 7380, 6980, 1630, 120, 300, 0, 7380, 30, 120, 0, 7380, 120, 0, 7380, 120, 0, 350, 340, 220, 220, 80, 260, 260, 350, 260, 340, 260, 210, 90, 350, 80, 220, 260, 340, 80, 350, 220, 260, 340, 80, 350, 340, 80, 220, 770, 2470, 2700, 770, 230, 230, 770, 230, 770, 2470, 80, 1140, 2470, 770, 230, 2700, 2470, 2470, 230, 560, 10140, 560, 110, 100, 150, 150, 110, 150, 110, 560, 100, 150, 3740, 3280, 10140, 150, 110, 560, 10140, 100, 100, 560, 10140, 110, 100, 10140, 30, 10, 190, 30, 190, 20, 190, 30, 190, 10, 30, 190, 30, 3630, 2230, 2120, 10, 2120, 2120, 10, 2230, 60, 110, 6420, 210, 2230, 2120, 10, 2230, 2120, 2230, 10, 10, 200, 5400, 20, 20, 3660, 200, 200, 200, 20, 200, 20, 20, 340, 60, 40, 2840, 60, 40, 40, 340, 2840, 340, 2840, 40, 60, 60, 40, 250, 60, 2840, 60, 340, 340, 2840, 12440, 1600, 3020, 20, 10, 1600, 1600, 12440, 1600, 1600, 30, 6980, 6980, 6980, 6980, 50, 50, 9270, 2520, 560, 50, 50, 6980, 50, 160, 30, 2700, 980, 160, 160, 160, 160, 320, 40, 120, 320, 120, 320, 560, 860, 10, 440, 120, 320, 120, 120, 320, 220, 2680, 40, 40, 40, 80, 40, 2680, 40, 1470, 6870, 1470, 5640, 1470, 1470, 5640, 6870, 1470, 5640, 5640, 5640, 740, 740, 4260, 4260, 310, 4260, 310, 4260, 740, 4260, 740, 740, 310, 400, 310, 310, 210, 210, 210, 210, 210, 3430, 10, 980, 780, 980, 780, 40, 780, 10, 980, 780, 980, 780, 980, 120, 230, 230, 120, 310, 80, 230, 230, 120, 120, 120, 230, 650, 1300, 1300, 1300, 650, 650, 1300, 650, 650, 1920, 1300, 3890, 10, 690, 910, 540, 540, 130, 910, 540, 130, 10, 690, 540, 10, 690, 540, 910, 130, 10, 690, 130, 910, 10, 690, 130, 910, 620, 5600, 10, 620, 5600, 620, 5600, 620, 5600, 620, 5600, 20, 120, 250, 60, 60, 60, 60, 120, 60, 50, 1780, 130, 130, 1520, 130, 1520, 560, 1520, 130, 130, 1520, 1520, 8300, 0, 80, 720, 720, 80, 5580, 1910, 710, 30, 1260, 240, 1260, 710, 1260, 710, 240, 1260, 240, 30, 240, 710, 710, 1260, 240, 290, 3370, 9380, 180, 290, 8860, 14990, 6890, 290, 180, 290, 290, 30, 290, 280, 190, 190, 290, 280, 290, 280, 190, 1740, 20240, 3050, 190, 290, 280, 190, 290, 280, 20, 12300, 370, 20, 20, 12300, 370, 12300, 370, 12300, 20, 370, 20, 370, 12300, 20, 4480, 6600, 290, 3520, 60, 270, 6600, 4430, 820, 6600, 290, 6600, 820, 2050, 1450, 290, 270, 270, 820, 820, 290, 270, 140, 290, 6600, 820, 270, 220, 20620, 440, 100, 3730, 100, 3730, 20620, 3730, 440, 20620, 1380, 20620, 440, 440, 3730, 100, 100, 3730, 440, 100, 20620, 14030, 3620, 1870, 30, 1870, 180, 180, 180, 30, 1870, 30, 1870, 180, 180, 30, 1870, 30, 300, 250, 670, 9710, 510, 1760, 1060, 670, 9710, 510, 1760, 1060, 510, 250, 9710, 1760, 1060, 670, 250, 9710, 510, 1760, 1060, 670, 510, 670, 250, 9710, 1760, 1060, 40, 250, 36900, 10, 10, 250, 10, 250, 10, 10, 36900, 250, 170, 100, 430, 250, 36900, 250, 36900, 36900, 120, 20740, 9470, 4520, 10, 9470, 44650, 9470, 10, 60, 60, 10, 9470, 10, 10, 9470, 270, 420, 60, 60, 150, 420, 60, 420, 60, 420, 270, 60, 420, 4000, 90, 30, 4000, 50, 670, 4000, 90, 4000, 40, 400, 4000, 1520, 90, 40, 40, 1520, 40, 90, 1520, 60, 1520, 90, 40, 90, 40, 1520, 90, 50, 800, 50, 50, 50, 50, 20, 2210, 740, 19350, 140, 2210, 2210, 2210, 140, 2210, 140, 140, 140, 120, 100, 60, 1020, 120, 100, 100, 1400, 1020, 120, 100, 1020, 120, 100, 1020, 1020, 120, 3160, 20, 20, 3160, 3160, 90, 380, 90, 20, 3160, 20, 3160, 20, 20, 160, 1900, 160, 40, 0, 160, 1900, 40, 50, 60, 1900, 0, 160, 40, 0, 1900, 160, 40, 0, 40, 2470, 1900, 0, 20, 2540, 150, 170, 170, 10, 20, 170, 150, 170, 170, 1410, 1000, 410, 0, 0, 630, 410, 5790, 1410, 5790, 1780, 20, 1000, 0, 1000, 5790, 1410, 0, 5790, 410, 1000, 5790, 1410, 410, 1410, 0, 410, 1000, 3560, 2200, 2880, 2880, 2880, 4360, 2880, 2200, 3560, 10510, 3560, 2200, 3560, 2200, 2880, 3560, 2200, 7640, 400, 7640, 7640, 7640, 7640, 70, 200, 10, 90, 90, 10, 10, 360, 10, 90, 90, 10, 50, 90, 7050, 7050, 7050, 7050, 7050, 70, 2210, 80, 900, 3620, 900, 2330, 60, 10, 3620, 900, 3620, 900, 3620, 900, 3620, 1050, 1050, 1050, 1050, 3320, 40, 60, 1050, 3320, 3320, 3320, 3320, 740, 200, 740, 740, 740, 600, 740, 880, 1530, 9170, 150, 9170, 9170, 1530, 150, 880, 150, 880, 9170, 9170, 1530, 150, 1530, 880, 1530, 150, 880, 560, 80, 0, 9470, 0, 80, 80, 0, 80, 0, 80, 0, 320, 11320, 330, 10, 11320, 10, 11320, 20, 16620, 11320, 330, 10, 11320, 10, 4770, 10, 1790, 350, 130, 130, 140, 130, 130, 340, 60, 350, 130, 140, 350, 140, 350, 140, 350, 140, 3680, 120, 100, 100, 1540, 100, 100, 100, 3090, 250, 1380, 1600, 1380, 60, 3570, 1380, 1600, 250, 1380, 1600, 1600, 250, 1380, 250, 1600, 250, 590, 90, 820, 820, 820, 820, 820, 90, 90, 590, 90, 590, 90, 590, 590, 40, 7080, 1480, 40, 40, 40, 1480, 1480, 1480, 40, 1480, 0, 0, 1220, 0, 90, 22930, 1770, 2430, 0, 90, 0, 2430, 90, 90, 22930, 0, 22930, 4180, 22930, 22930, 0, 90, 1460, 70, 760, 70, 1460, 70, 220, 1460, 70, 1460, 760, 1460, 760, 760, 760, 70, 8240, 720, 0, 2640, 8290, 2640, 0, 8240, 0, 2640, 8240, 720, 2640, 0, 8240, 2640, 0, 8240, 20, 11590, 180, 180, 1970, 180, 50, 11590, 11590, 180, 11590, 1970, 180, 11590, 10, 550, 21070, 0, 10, 980, 10, 550, 10, 21070, 21070, 0, 10, 10, 550, 10, 550, 10, 21070, 10, 21070, 0, 550, 0, 0, 10, 230, 6950, 6950, 4510, 5880, 5880, 50, 230, 5880, 6950, 4510, 230, 450, 30, 6950, 4510, 5880, 230, 4510, 5880, 230, 6950, 4510, 60, 9150]"
2020-11-03 16:30:00+00:00,10165170,0,3975.0,"[590, 80, 970, 970, 150, 2740, 1020, 4200, 2740, 150, 150, 1020, 1020, 2740, 150, 1020, 2740, 4200, 1020, 150, 2740, 4200, 4200, 4200, 370, 680, 260, 270, 340, 260, 260, 260, 270, 340, 340, 270, 270, 260, 270, 260, 340, 40, 260, 340, 10, 8780, 1010, 10, 5290, 5290, 10, 5290, 10, 5290, 1010, 8780, 10, 5290, 170, 190, 670, 11630, 30, 190, 190, 260, 670, 190, 670, 30, 30, 30, 670, 30, 190, 670, 20, 3850, 10, 60, 10, 10, 60, 3850, 20, 3850, 3850, 3850, 60, 60, 10, 20, 10, 20, 20, 60, 100, 3610, 10, 100, 60, 3610, 60, 3610, 60, 60, 3610, 60, 3610, 190, 60, 9720, 190, 60, 540, 60, 190, 190, 60, 190, 60, 70, 2490, 980, 70, 2250, 940, 2490, 70, 390, 390, 390, 70, 2490, 980, 390, 390, 70, 2490, 2490, 180, 530, 5570, 530, 530, 530, 530, 80, 1050, 9590, 3110, 9590, 3110, 1050, 80, 6200, 420, 1050, 9590, 9590, 1050, 80, 9590, 1050, 80, 3110, 3110, 3110, 80, 3980, 60, 3980, 3270, 660, 90, 3980, 60, 60, 3980, 60, 3980, 60, 2900, 2900, 2900, 2900, 2900, 5420, 1670, 20, 70, 0, 20, 0, 230, 3060, 600, 100, 1070, 0, 70, 1070, 0, 70, 70, 0, 20, 70, 1070, 1070, 20, 1070, 20, 1120, 5910, 42560, 1120, 1120, 2190, 1120, 1120, 100, 920, 1780, 20, 640, 600, 920, 920, 3820, 640, 2120, 1780, 640, 2120, 1780, 1780, 2120, 640, 2120, 2120, 1780, 640, 920, 920, 1260, 90, 90, 2500, 90, 90, 90, 40, 1010, 100, 520, 600, 5910, 2400, 100, 100, 520, 100, 2400, 5910, 520, 17640, 5910, 2400, 520, 2400, 5910, 520, 600, 100, 2400, 5910, 2780, 140, 630, 20950, 2780, 140, 2780, 140, 2780, 140, 2780, 140, 1010, 1550, 10, 10, 320, 120, 120, 40, 10, 1150, 120, 10, 120, 10, 1150, 120, 1150, 1150, 360, 8010, 3620, 19350, 340, 340, 340, 340, 340, 46010, 450, 2640, 110, 20, 20, 20, 110, 20, 20, 110, 110, 110, 160, 30, 3050, 20, 30, 80, 80, 870, 11770, 30, 80, 80, 30, 30, 80, 630, 2570, 1500, 630, 20, 9330, 4650, 9330, 1500, 4650, 2570, 9330, 4650, 2570, 1500, 1500, 4650, 2570, 630, 9330, 1500, 4650, 2570, 630, 630, 9330, 200, 10, 20, 20, 6150, 760, 90, 140, 10, 40, 170, 270, 170, 140, 760, 90, 170, 40, 10, 1320, 10, 90, 40, 760, 10, 90, 40, 170, 760, 10, 90, 170, 140, 760, 40, 140, 140, 4680, 90, 0, 30, 30, 0, 4680, 2880, 130, 4680, 1300, 4680, 30, 0, 4680, 90, 0, 30, 30, 0, 450, 150, 20, 2700, 6180, 20, 2060, 150, 6180, 20, 6180, 710, 20, 6180, 6180, 150, 150, 20, 150, 600, 50, 370, 50, 370, 110, 50, 370, 50, 370, 50, 370, 440, 2640, 29080, 4340, 130, 570, 1660, 140, 29080, 130, 1660, 570, 29080, 440, 180, 130, 29080, 1660, 570, 130, 29080, 440, 570, 4340, 1660, 1660, 130, 440, 570, 2640, 440, 1220, 5910, 3750, 170, 520, 1910, 3620, 50, 2170, 13910, 1180, 20, 13910, 2170, 50, 13910, 2170, 4080, 30, 13910, 2170, 50, 13910, 1180, 50, 2170, 50, 40, 140, 40, 140, 140, 140, 140, 20, 150, 1370, 3740, 770, 770, 3740, 130, 30, 150, 130, 20, 150, 130, 770, 3740, 1370, 20, 130, 130, 150, 770, 150, 20, 770, 3740, 20, 3740, 10, 10, 10, 10, 10, 4750, 1620, 10, 750, 1870, 3790, 140, 1870, 140, 3790, 1870, 1870, 1870, 320, 320, 320, 13910, 320, 320, 3720, 110, 80, 110, 80, 80, 80, 80, 110, 110, 1140, 600, 110, 1830, 11630, 40, 80, 7550, 7550, 7550, 90, 1430, 7550, 40, 80, 7550, 40, 40, 40, 700, 350, 700, 700, 700, 700, 9160, 10, 10, 9160, 10, 10, 10, 9160, 9160, 580, 3290, 9160, 230, 2430, 2430, 5160, 420, 2430, 2430, 2430, 1140, 90, 500, 1140, 500, 1140, 90, 500, 1140, 500, 90, 1140, 500, 90, 90, 3620, 640, 100, 640, 640, 640, 640, 110, 7400, 500, 7400, 7400, 500, 7400, 500, 7400, 500, 500, 720, 30, 350, 350, 350, 0, 30, 350, 350, 30, 30, 30, 530, 560, 3400, 190, 190, 3400, 960, 530, 3400, 360, 3400, 190, 530, 3400, 190, 530, 190, 530, 30, 50, 310, 3790, 350, 30, 50, 30, 50, 50, 3790, 3790, 310, 50, 30, 30, 3790, 9150, 10, 3790, 1270, 1270, 250, 5250, 10, 43340, 6790, 1540, 10560, 2920, 60, 60, 2920, 60, 20, 2920, 2920, 43340, 60, 60, 43340, 120, 20, 2920, 10, 1540, 80, 5250, 43340, 80, 80, 10, 10, 43340, 80, 10560, 10, 80, 850, 270, 1280, 1570, 20, 1280, 20, 1280, 70, 20, 20, 70, 70, 1570, 310, 20, 1570, 1280, 20, 70, 20, 1570, 20, 70, 20, 1570, 70, 20, 1280, 270, 220, 3220, 220, 230, 3220, 3220, 3220, 220, 3220, 220, 220, 4000, 860, 1680, 10, 860, 10, 10, 10, 860, 1680, 860, 1680, 10, 860, 1680, 1680, 20, 220, 1060, 50, 50, 50, 690, 1060, 1060, 50, 20, 220, 50, 220, 220, 1060, 220, 1060, 620, 170, 170, 140, 10460, 170, 170, 620, 170, 25450, 1600, 14350, 14650, 0, 1600, 1600, 25450, 14650, 1600, 1600, 310, 700, 170, 10, 7440, 820, 1320, 820, 820, 60, 80, 820, 170, 1320, 80, 1320, 820, 1320, 80, 1320, 80, 80, 5910, 15520, 990, 140, 740, 140, 140, 740, 15520, 740, 15520, 140, 15520, 740, 990, 15520, 870, 140, 990, 740, 990, 990, 3620, 240, 240, 240, 240, 240, 4680, 0, 40, 100, 1850, 1850, 1440, 6320, 140, 200, 1850, 140, 6320, 1440, 510, 6320, 200, 1850, 140, 1440, 200, 1850, 140, 6320, 1440, 40, 140, 1440, 200, 200, 6320, 390, 6710, 3490, 3490, 3490, 3490, 3490, 470, 140, 8110, 4340, 8110, 1720, 320, 8110, 8110, 8110, 8260, 950, 2700, 950, 2700, 950, 2700, 950, 2700, 1960, 2700, 950, 30, 5910, 3660, 3660, 740, 150, 3660, 3660, 3660, 3720, 3720, 3720, 3720, 30, 30, 3720, 30, 30, 30, 1500, 10, 130, 10, 20, 20, 430, 10, 10, 430, 10, 430, 430, 430, 1180, 90, 3080, 260, 3340, 120, 90, 120, 260, 3080, 3340, 3080, 3080, 3340, 90, 3080, 120, 260, 3340, 90, 3340, 120, 260, 90, 190, 120, 260, 22980, 110, 110, 110, 520, 110, 110, 14080, 520, 2640, 520, 520, 520, 1100, 60, 2250, 3400, 170, 2250, 520, 610, 520, 390, 60, 3400, 610, 2250, 520, 60, 3400, 2250, 520, 60, 3400, 520, 2250, 60, 3400, 610, 3580, 170, 610, 1260, 500, 550, 11610, 340, 2680, 340, 400, 720, 550, 340, 550, 500, 550, 500, 340, 340, 550, 500, 500, 60, 350, 350, 40, 4540, 1720, 39400, 350, 1720, 350, 1720, 1720, 350, 1720, 3380, 220, 220, 3380, 220, 20, 20, 3380, 220, 20, 20, 220, 3380, 3380, 20, 380, 2770, 520, 2770, 2770, 4470, 2770, 2770, 130, 130, 29080, 10, 10, 130, 0, 29080, 140, 10, 29080, 130, 29080, 130, 10, 29080, 10, 180, 10, 4390, 10, 10, 10, 4390, 10, 10, 80, 2140, 4850, 4850, 8080, 4850, 4850, 4850, 2930, 260, 2200, 2200, 260, 260, 2200, 2930, 2220, 40, 1540, 2930, 260, 2200, 260, 2200, 2930, 2930, 1060, 390, 280, 1060, 2290, 0, 390, 80, 80, 1060, 50, 2290, 280, 390, 50, 1060, 80, 2290, 390, 1060, 280, 390, 280, 0, 80, 2290, 50, 280, 50, 50, 2290, 80, 1160, 1170, 50, 50, 1160, 50, 50, 10540, 50, 10330, 240, 1040, 1040, 1040, 240, 1040, 1040, 210, 300, 20, 3950, 20, 3950, 210, 100, 300, 3950, 20, 3950, 210, 300, 3950, 210, 20, 210, 300, 20, 300, 570, 500, 500, 60, 60, 300, 300, 300, 500, 300, 8050, 60, 500, 300, 550, 60, 500, 60, 220, 50, 50, 50, 220, 220, 50, 50, 220, 220, 20, 4680, 310, 1940, 90, 560, 1940, 310, 1400, 2850, 10, 1830, 1940, 310, 1400, 2850, 1940, 310, 1940, 310, 1400, 2850, 90, 1400, 2850, 1400, 2850, 100, 43740, 100, 2020, 100, 100, 1480, 100, 1820, 70, 3570, 3570, 70, 70, 3570, 3570, 70, 70, 3570, 330, 10, 620, 380, 100, 380, 620, 1120, 620, 380, 100, 100, 50, 3900, 1120, 380, 620, 100, 380, 100, 1120, 620, 10, 1120, 1120, 3210, 10, 860, 6600, 860, 10, 6600, 10, 3210, 860, 40, 260, 3210, 860, 10, 6600, 3210, 860, 10, 6600, 3210, 6600, 0, 40, 40, 4150, 1520, 40, 40, 0, 40, 690, 740, 50, 970, 40, 1080, 4160, 30, 1080, 30, 1080, 30, 30, 40, 1080, 4160, 30, 40, 30, 1080, 40, 40, 4160, 80, 4160, 4160, 130, 50, 19180, 130, 0, 130, 50, 40, 340, 0, 0, 0, 0, 50, 50, 130, 50, 130, 950, 21070, 790, 100, 950, 790, 21070, 220, 220, 100, 220, 100, 220, 950, 950, 21070, 790, 950, 100, 790, 21070, 220, 100, 21070, 790, 930, 4520, 4520, 4520, 4520, 4520, 90, 160, 140, 90, 0, 0, 90, 29080, 160, 90, 160, 160, 0, 90, 160, 0, 510, 0, 90, 60, 60, 890, 270, 120, 160, 510, 120, 270, 120, 890, 510, 270, 270, 439620, 120, 270, 120, 2490, 3450, 10, 10, 10, 4100, 430, 10, 2490, 10, 4980, 820, 5580, 720, 720, 720, 820, 5580, 720, 820, 820, 720, 820, 1640, 15250, 110, 9730, 100, 380, 100, 110, 9730, 1120, 140, 0, 100, 9730, 110, 380, 380, 380, 110, 100, 380, 9730, 110, 100, 9730, 40, 1790, 2560, 1100, 790, 1100, 1100, 1100, 790, 480, 1100, 40, 1320, 1320, 1320, 1320, 1320, 210, 210, 210, 500, 500, 500, 500, 500, 210, 210, 680, 260, 110, 110, 260, 110, 260, 110, 260, 260, 110, 1340, 1420, 800, 8510, 8510, 450, 800, 8510, 450, 450, 1340, 800, 8510, 450, 1340, 1420, 450, 1340, 1420, 1420, 8510, 2150, 0, 1420, 800, 1340, 800, 1390, 20, 2620, 1390, 310, 2290, 2180, 500, 2290, 2180, 500, 310, 2290, 2180, 50, 2290, 500, 310, 2180, 500, 310, 2180, 500, 310, 2290, 770, 10, 10, 10, 200, 10, 20, 10, 20, 770, 770, 20, 20, 770, 20, 770, 6180, 6180, 6180, 6180, 6180, 730, 230, 740, 220, 740, 220, 140, 220, 730, 230, 740, 730, 230, 730, 230, 730, 230, 220, 740, 220, 740, 1810, 1810, 1810, 1810, 1810, 3700, 0, 0, 1090, 2000, 0, 0, 3700, 3700, 3700, 3700, 0, 2760, 270, 800, 100, 800, 4950, 19180, 800, 800, 800, 90, 130, 3380, 130, 40, 130, 130, 3380, 130, 30, 30, 20, 30, 20, 20, 20, 20, 30, 30, 2040, 840, 10, 130, 10, 130, 3640, 130, 10, 10, 10, 3640, 10, 130, 840, 3640, 3640, 840, 130, 3640, 840, 840, 4080, 10940, 15790, 120, 10940, 10940, 120, 10940, 10940, 140, 180, 50, 750, 680, 750, 2880, 750, 750, 750, 2880, 680, 2880, 680, 2880, 680, 2880, 680, 50, 1720, 720, 1110, 760, 220, 220, 1720, 1110, 3470, 1720, 40, 220, 1720, 1110, 220, 1720, 720, 1110, 1110, 320, 220, 2500, 180, 160, 1450, 1610, 180, 180, 180, 180, 3690, 130, 4210, 490, 1510, 1510, 150, 1510, 930, 3690, 0, 140, 3690, 150, 1510, 3690, 4210, 1510, 3690, 150, 4210, 4210, 150, 150, 4210, 20, 1920, 1040, 3180, 20, 3180, 1920, 3180, 1920, 20, 1920, 20, 1920, 20, 3180, 1040, 3180, 60, 1190, 19180, 990, 19180, 60, 270, 19180, 60, 60, 1190, 280, 410, 19180, 19180, 60, 5160, 1050, 3090, 3090, 3090, 3090, 5160, 30, 3090, 640, 640, 30, 640, 640, 640, 940, 180, 3460, 180, 180, 180, 3460, 3460, 180, 3460, 3460, 20, 20, 5790, 20, 110, 30, 20, 20, 2590, 2220, 140, 990, 990, 10, 6160, 10, 990, 2220, 10, 2220, 140, 2220, 140, 2590, 10, 990, 990, 2220, 140, 2590, 10, 2590, 2590, 140, 4710, 4140, 50, 3310, 50, 50, 50, 4710, 10, 50, 140, 270, 0, 580, 10, 2040, 130, 10, 620, 2040, 580, 620, 2040, 620, 620, 580, 2040, 2040, 10, 580, 10, 580, 620, 10, 990, 10, 990, 990, 990, 10, 10, 990, 10, 10, 0, 720, 2880, 1060, 1790, 130, 9450, 130, 2880, 130, 2880, 2880, 130, 0, 1790, 2880, 520, 1790, 130, 1790, 1790, 330, 39400, 270, 800, 40, 600, 1690, 1690, 100, 600, 7370, 600, 1690, 1690, 1690, 600, 600, 40, 170, 20, 20, 12100, 380, 450, 20, 20, 20, 40, 19180, 300, 880, 19180, 880, 19180, 19180, 19180, 140, 20950, 40, 10, 40, 140, 40, 20950, 140, 10, 20950, 10, 20950, 300, 140, 10, 40, 300, 140, 10, 300, 300, 300, 40, 20950, 3950, 2090, 350, 350, 3950, 3950, 350, 350, 3950, 350, 3950, 9730, 510, 510, 2450, 190, 190, 2450, 9730, 30, 2450, 190, 9730, 510, 2450, 510, 2450, 190, 9730, 510, 190, 9730, 0, 0, 180, 20, 0, 0, 3640, 180, 20, 20, 20, 2420, 20, 0, 3440, 470, 50, 470, 470, 50, 470, 470, 800, 90, 15340, 140, 800, 15340, 15340, 140, 800, 800, 15340, 140, 140, 800, 140, 15340, 320, 20, 320, 320, 320, 130, 320, 320, 320, 20950, 20950, 20950, 20950, 20950, 540, 540, 2680, 1150, 140, 7760, 2680, 13880, 7760, 2680, 20, 140, 7760, 13880, 20, 2680, 13880, 140, 20, 7760, 7760, 2680, 13880, 140, 20, 1150, 140, 20, 13880, 170, 20, 200, 1690, 170, 1690, 170, 130, 15390, 20, 170, 1690, 1690, 170, 1690, 320, 8120, 990, 1640, 1640, 1640, 1640, 1640, 2180, 440, 60, 60, 60, 60, 60, 60, 60, 60, 60, 60, 1340, 13880, 7760, 7760, 5790, 360, 5790, 360, 7760, 360, 360, 5790, 7760, 5790, 360, 5790, 7760, 2730, 2730, 10, 2730, 2730, 2730, 300, 300, 300, 300, 300, 580, 170, 200, 170, 200, 580, 170, 170, 200, 580, 170, 200, 170, 580, 580, 200, 7030, 3720, 40, 380, 380, 40, 980, 60, 0, 60, 60, 980, 60, 180, 30, 60, 980, 980, 60, 980, 60, 60, 60, 60, 1390, 70, 620, 70, 20, 80, 620, 70, 620, 70, 620, 70, 620, 2520, 880, 2520, 880, 5320, 2520, 880, 2520, 2520, 880, 880, 220, 220, 220, 60, 1630, 220, 220, 40, 280, 4970, 0, 280, 4970, 280, 280, 4970, 0, 280, 4970, 4970, 40, 2570, 2570, 2570, 4440, 2570, 2570, 11220, 90, 3600, 60, 2380, 60, 190, 3290, 60, 6250, 190, 2380, 6250, 190, 180, 2380, 60, 2380, 6250, 60, 2380, 6250, 190, 3600, 3290, 3290, 6250, 190, 3290, 3290, 900, 620, 620, 900, 900, 620, 620, 900, 620, 900, 1320, 220, 80, 100, 100, 100, 10, 2710, 100, 100, 1320, 220, 80, 730, 100, 220, 80, 10, 100, 1320, 10, 1320, 220, 80, 10, 100, 100, 2710, 1320, 220, 80, 100, 10, 3050, 50, 50, 60, 1180, 300, 20, 400, 400, 60, 50, 60, 60, 50, 400, 60, 400, 400, 50, 320, 20, 490, 20, 0, 2130, 320, 0, 0, 320, 490, 320, 0, 0, 320, 0, 7040, 20, 18140, 0, 1820, 1270, 1820, 20, 20, 1820, 20, 0, 7040, 20, 0, 7040, 1820, 20, 18140, 0, 7040, 1820, 7040, 510, 510, 1340, 510, 510, 510, 19840, 1840, 1840, 1840, 1840, 19840, 1840, 19840, 19840, 19840, 3460, 300, 220, 9750, 460, 0, 0, 0, 240, 0, 9750, 460, 0, 2480, 1060, 290, 100, 3710, 70, 70, 70, 3710, 2300, 30, 10, 3710, 3710, 70, 70, 3710, 150, 40, 3040, 200, 200, 200, 3040, 150, 3040, 200, 150, 3040, 3040, 200, 150, 150, 2440, 2440, 2440, 2440, 2440, 24080, 24080, 1280, 6080, 300, 10, 95820, 95820, 95820, 24080, 95820, 24080, 24080, 95820, 50, 1550, 1410, 50, 50, 50, 50, 10, 10, 3210, 10, 10, 30, 4460, 10, 10, 3970, 300, 90, 90, 90, 300, 3970, 300, 90, 90, 3970, 3970, 300, 3970, 300, 100, 5840, 540, 540, 540, 2690, 100, 5840, 2690, 5840, 540, 2690, 100, 5840, 2690, 100, 5840, 100, 2690, 540, 220, 2700, 2700, 90, 90, 2700, 2700, 90, 2700, 90, 90, 620, 3110, 80, 420, 530, 80, 620, 50, 3110, 80, 620, 80, 620, 80, 620, 420, 530, 3110, 420, 530, 420, 530, 3110, 530, 3110, 420, 310, 360, 310, 90, 90, 90, 1310, 310, 90, 90, 50, 1070, 1380, 0, 60, 600, 30, 30, 2520, 5620, 0, 60, 30, 30, 30, 600, 2520, 0, 60, 600, 2520, 0, 60, 0, 60, 200, 0, 2520, 600, 2520, 600, 260, 490, 30, 60, 60, 260, 60, 60, 60, 260, 260, 260, 260, 8580, 20, 360, 3630, 0, 3630, 0, 3630, 0, 3630, 3630, 0, 0, 2850, 780, 610, 42000, 240, 240, 320, 1070, 240, 610, 240, 610, 610, 960, 610, 140, 890, 4290, 1930, 20, 4290, 9470, 430, 130, 20, 50, 1930, 4290, 1930, 20, 1930, 4290, 20, 20, 4290, 1930, 550, 550, 550, 550, 770, 550, 20, 10, 4440, 4960, 240, 720, 60, 720, 720, 240, 240, 4440, 60, 4440, 4440, 60, 720, 60, 720, 240, 10, 240, 60, 4440, 10, 10650, 890, 10650, 10, 3070, 10650, 10, 890, 10650, 10, 10650, 10, 820, 5600, 7450, 2090, 4360, 4360, 4360, 2090, 4360, 2090, 4360, 5600, 2090, 2090, 1000, 80, 270, 3650, 20, 100, 330, 330, 100, 3650, 270, 330, 100, 270, 100, 270, 20, 100, 80, 3650, 330, 270, 3650, 3650, 330, 4250, 1290, 40, 100, 40, 40, 1290, 100, 1290, 100, 1290, 100, 40, 1290, 20, 100, 40, 40, 640, 210, 5080, 40, 40, 5080, 5080, 40, 40, 640, 210, 5080, 5080, 950, 3430, 950, 1270, 950, 950, 950, 4160, 1090, 8560, 1090, 760, 1090, 1090, 180, 180, 1090, 1270, 890, 890, 2050, 910, 890, 890, 890, 870, 10, 1080, 870, 6820, 870, 870, 40, 870, 230, 340, 780, 780, 230, 180, 780, 230, 180, 780, 180, 230, 180, 230, 180, 780, 180, 180, 180, 180, 180, 750, 3810, 890, 890, 3810, 890, 890, 3810, 3810, 3810, 890, 3860, 3240, 40, 3860, 3860, 40, 40, 40, 3860, 40, 3860, 3980, 2320, 9150, 3980, 9150, 120, 2320, 9150, 3980, 9150, 2320, 3980, 9150, 3980, 2320, 2320, 3110, 1120, 230, 130, 230, 230, 130, 2200, 3110, 60, 14780, 130, 230, 130, 230, 3110, 130, 3110, 1120, 3110, 2400, 5440, 20, 20, 20, 20, 20, 120, 4040, 3680, 10, 4040, 10, 80, 4040, 4040, 4040, 10, 3580, 80, 10, 10, 80, 80, 80, 430, 90, 180, 4500, 330, 840, 90, 840, 180, 840, 90, 4300, 330, 4300, 840, 4500, 180, 90, 330, 4300, 90, 4500, 180, 330, 4300, 330, 4300, 180, 4500, 840, 4500, 95820, 240, 6510, 250, 240, 240, 95820, 95820, 95820, 240, 95820, 250, 6510, 240, 910, 20, 150, 12480, 23810, 14650, 420, 420, 960, 420, 960, 420, 14650, 960, 420, 960, 960, 15520, 670, 90, 15520, 1870, 4550, 3250, 670, 15520, 670, 15520, 12280, 90, 670, 12280, 12280, 670, 12280, 15520, 12280, 30, 30, 150, 440, 2120, 300, 180, 2120, 90, 300, 130, 70, 180, 180, 180, 2120, 440, 440, 180, 440, 440, 2120, 2120, 1560, 7910, 100, 370, 7910, 100, 7910, 100, 7910, 100, 7910, 100, 260, 3630, 1110, 3520, 50, 80, 5280, 5820, 3520, 3520, 80, 80, 80, 3520, 80, 3520, 4500, 1420, 4080, 1550, 1550, 4080, 1420, 680, 160, 2180, 30, 1500, 32630, 1500, 280, 30, 280, 32630, 30, 32630, 1500, 1500, 280, 32630, 30, 1500, 30, 32630, 280, 280, 70, 70, 160, 70, 70, 70, 230, 880, 2260, 880, 15520, 15520, 15520, 880, 880, 15520, 880, 15520, 1820, 50, 2990, 2990, 1820, 1820, 1020, 2990, 2990, 1820, 50, 1820, 2990, 50, 1340, 15360, 320, 520, 15360, 230, 1090, 1090, 320, 520, 280, 15360, 320, 520, 1090, 320, 1090, 15360, 520, 320, 15360, 520, 1090, 130, 270, 270, 270, 270, 130, 3600, 130, 130, 130, 270, 130, 0, 8580, 80, 10, 5270, 10, 5270, 10, 5270, 10, 10, 5270, 0, 50, 0, 50, 2130, 1090, 1090, 50, 2130, 1090, 0, 0, 1090, 2130, 50, 1090, 2130, 50, 2130, 0, 530, 1370, 1370, 20, 1370, 1370, 1370, 3150, 3150, 3150, 3150, 100, 50, 3150, 3190, 2560, 190, 3190, 140, 3190, 190, 140, 190, 140, 190, 3190, 3190, 2560, 140, 190, 140, 260, 260, 260, 8340, 260, 260, 0, 960, 960, 0, 4530, 960, 960, 960, 0, 0, 0, 20, 700, 120, 180, 640, 180, 20, 640, 180, 620, 700, 120, 640, 640, 20, 120, 700, 180, 180, 20, 640, 120, 700, 120, 700, 20, 250, 40, 22770, 40, 40, 250, 40, 40, 4900, 200, 290, 290, 440, 440, 440, 290, 290, 440, 200, 290, 440, 2230, 11420, 130, 2230, 2230, 2230, 11420, 130, 130, 410, 130, 130, 2230, 100, 1520, 10, 1520, 1520, 1520, 1520, 220, 10, 280, 220, 10, 10, 220, 10, 10, 220, 220, 910, 270, 50, 910, 910, 910, 910, 270, 270, 270, 270, 30, 70, 3180, 3180, 930, 3180, 70, 30, 30, 3180, 70, 3180, 70, 30, 70, 30, 3450, 30400, 1880, 20, 100, 770, 110, 20, 3200, 100, 280, 3790, 220, 110, 20, 280, 100, 3790, 10, 110, 770, 3790, 100, 3790, 770, 110, 20, 280, 100, 3790, 770, 110, 3200, 20, 280, 770, 280, 60, 60, 2780, 120, 380, 2780, 2780, 60, 2780, 60, 60, 3080, 1820, 3080, 200, 200, 200, 200, 200, 110, 1240, 2620, 3690, 110, 110, 1240, 2620, 110, 1240, 110, 1240, 2620, 170, 1240, 2620, 2620, 60, 80, 80, 80, 80, 80, 440, 50, 440, 440, 50, 39620, 50, 440, 50, 440, 50, 600, 3470, 3470, 3690, 3690, 600, 3470, 410, 3690, 600, 3470, 3690, 3470, 3690, 600, 600, 620, 8430, 8830, 23010, 3110, 2260, 2260, 2260, 3110, 420, 3110, 8830, 2260, 3110, 8830, 23010, 3110, 8830, 8830, 110, 2260, 860, 2050, 120, 650, 120, 860, 2050, 2050, 120, 860, 2050, 120, 650, 860, 2050, 120, 250, 860, 4160, 510, 20, 20, 20, 50, 50, 4160, 20, 50, 50, 50, 510, 20, 500, 690, 15200, 280, 10, 710, 0, 0, 690, 15200, 400, 15200, 710, 280, 0, 710, 280, 0, 15200, 710, 280, 280, 10, 690, 15200, 710, 690, 690, 0, 1290, 360, 100, 130, 100, 130, 360, 2220, 360, 100, 130, 360, 360, 130, 100, 100, 130, 170, 170, 170, 4350, 170, 170, 620, 4020, 2680, 2360, 4020, 2680, 2680, 4020, 4020, 2360, 2680, 12860, 2360, 100, 2360, 2680, 12860, 2360, 4020, 12860, 12860, 12860, 0, 1470, 100, 0, 0, 4520, 100, 100, 4520, 2680, 4520, 100, 4520, 0, 0, 4520, 100, 810, 4980, 160, 720, 2640, 140, 3470, 3740, 3380, 3470, 3470, 40, 8150, 490, 3740, 3740, 3470, 3740, 3470, 3740, 2120, 130, 11940, 720, 4950, 130, 4950, 4950, 280, 11940, 11940, 280, 130, 130, 280, 130, 11940, 4950, 720, 280, 280, 11940, 4950, 4140, 30, 280, 370, 370, 10, 370, 4140, 4140, 280, 370, 4140, 280, 370, 4140, 280, 280, 100, 80, 80, 80, 80, 80, 50, 2820, 2820, 2820, 50, 50, 50, 2820, 50, 2820, 3690, 0, 840, 840, 0, 4130, 3690, 840, 0, 20, 3690, 840, 0, 3690, 840, 0, 3690, 0, 6280, 330, 190, 270, 330, 110, 0, 190, 190, 330, 330, 190, 190, 190, 190, 190, 330, 190, 190, 12630, 810, 70, 3390, 70, 330, 3390, 3390, 70, 3390, 70, 3390, 60, 70, 60, 60, 90, 460, 6370, 90, 90, 60, 60, 90, 90, 60, 860, 20, 260, 20, 260, 20, 20, 260, 260, 20, 260, 5800, 5800, 5800, 9720, 5800, 5800, 420, 8830, 8830, 8830, 8830, 50, 50, 50, 8830, 50, 7040, 5380, 3210, 80, 1280, 80, 80, 3210, 3210, 1280, 80, 1280, 3210, 1280, 80, 1280, 3210, 240, 10, 190, 1220, 240, 4720, 11080, 30230, 260, 2510, 4950, 2950, 20, 11080, 2950, 260, 2950, 2950, 260, 11080, 4950, 2950, 260, 11080, 260, 11080, 30230, 840, 840, 840, 840, 2790, 20, 840, 100, 2790, 2790, 2790, 2790, 20, 70, 950, 530, 530, 950, 530, 410, 530, 950, 530, 950, 4860, 950, 4080, 540, 19560, 80, 540, 150, 80, 540, 19560, 80, 19560, 540, 150, 19560, 80, 540, 150, 150, 19560, 80, 150, 33380, 190, 33380, 2240, 190, 33380, 190, 190, 33380, 190, 33380, 700, 700, 700, 980, 700, 700, 3090, 0, 450, 2560, 2500, 690, 1410, 2560, 2500, 2560, 2500, 2560, 2560, 2500, 230, 2500, 1750, 7810, 8460, 13050, 770, 8460, 13050, 990, 990, 990, 20, 80, 5140, 18910, 8460, 13050, 13050, 770, 990, 13050, 770, 770, 770, 8460, 990, 8460, 130, 0, 130, 130, 250, 130, 130, 20, 180, 10, 5840, 50, 180, 180, 180, 180, 4900, 550, 550, 550, 550, 550, 490, 3160, 490, 3160, 160, 420, 160, 160, 160, 160, 1030, 1340, 4950, 360, 20, 1340, 1340, 20, 1340, 1340, 20, 900]"
2020-11-03 16:35:00+00:00,9043080,1,3075.0,"[10, 10820, 10730, 210, 20, 20, 10820, 210, 3940, 10820, 3940, 10, 210, 10730, 10730, 20, 210, 10, 10820, 10730, 3940, 10, 10820, 3940, 10730, 10, 20, 130, 3940, 20, 210, 530, 19840, 750, 30, 750, 30, 750, 30, 30, 750, 750, 30, 980, 20400, 60, 4710, 4980, 4980, 4980, 4980, 4980, 11080, 11080, 11080, 11080, 11080, 2090, 40, 110, 110, 40, 40, 110, 2090, 2090, 2090, 40, 2090, 40, 110, 110, 60, 20, 600, 20, 20, 20, 60, 60, 60, 60, 20, 430, 100, 430, 430, 30, 430, 430, 120, 120, 4220, 120, 120, 13230, 120, 30, 2290, 1180, 1180, 1180, 1180, 1180, 550, 3810, 110, 110, 110, 110, 110, 12690, 20, 2520, 20, 90, 20, 20, 90, 2520, 90, 90, 90, 20, 760, 760, 1960, 760, 760, 760, 370, 370, 370, 370, 370, 720, 1700, 320, 1700, 320, 320, 320, 320, 1700, 1700, 1700, 720, 19800, 19800, 130, 2120, 470, 180, 10, 470, 470, 470, 180, 1500, 4520, 180, 470, 180, 180, 140, 740, 740, 380, 740, 740, 490, 740, 3750, 40, 1940, 120, 1940, 46810, 1340, 3290, 270, 1940, 1940, 1200, 1940, 2290, 3670, 280, 280, 2290, 200, 2290, 280, 3670, 2290, 280, 2290, 280, 3670, 3670, 3670, 70, 160, 1220, 11460, 0, 200, 30010, 470, 200, 200, 30010, 200, 200, 0, 1220, 180, 360, 140, 190, 360, 180, 4450, 180, 180, 360, 4450, 4450, 360, 4450, 1410, 360, 4450, 180, 1760, 3290, 420, 1760, 220, 2000, 420, 420, 4830, 420, 420, 1760, 1760, 1760, 6170, 10, 0, 120, 630, 120, 0, 120, 0, 10, 930, 120, 0, 120, 630, 0, 630, 630, 10, 10, 10, 630, 67070, 10820, 350, 3580, 310, 3580, 350, 350, 310, 67070, 67070, 3580, 10820, 10820, 3580, 350, 310, 10820, 350, 310, 310, 10820, 67070, 67070, 3580, 20, 20, 40, 230, 20, 20, 20, 4950, 750, 380, 750, 1280, 540, 750, 4950, 750, 750, 380, 380, 900, 380, 380, 380, 20, 240, 20, 240, 240, 20, 20, 240, 20, 240, 280, 140, 280, 280, 140, 140, 140, 280, 140, 280, 10230, 70710, 40, 80, 4530, 60, 520, 70710, 520, 4530, 80, 4530, 520, 80, 70710, 70710, 520, 4530, 80, 40, 520, 4530, 70710, 80, 140, 140, 140, 6210, 140, 140, 123770, 910, 390, 380, 123770, 123770, 123770, 123770, 26820, 26820, 26820, 26820, 26820, 3310, 1780, 100, 1780, 100, 3310, 12550, 40, 3310, 100, 1780, 3310, 100, 1780, 3310, 1780, 100, 450, 30, 30, 30, 30, 30, 450, 20910, 970, 20, 10, 3340, 40, 40, 3340, 3340, 160, 1500, 40, 10, 3340, 40, 40, 3340, 4360, 570, 30, 30, 4360, 30, 30, 30, 570, 1110, 540, 1110, 3300, 1110, 1110, 120, 1110, 160, 160, 2480, 450, 140, 10230, 140, 2480, 450, 140, 2480, 10230, 140, 2480, 10230, 450, 140, 2480, 10230, 450, 450, 10230, 1220, 100, 6920, 1660, 6920, 1660, 3210, 6880, 6920, 1660, 100, 6920, 1660, 100, 6920, 100, 100, 1660, 360, 0, 180, 4090, 1450, 1350, 70, 180, 1670, 180, 60, 3560, 1350, 1450, 180, 60, 1610, 60, 180, 1610, 180, 70, 1610, 60, 1610, 60, 1610, 1780, 2100, 110, 1780, 110, 1780, 110, 2100, 1780, 1780, 110, 2020, 110, 1160, 1510, 20, 20, 400, 20, 1160, 1510, 20, 20, 11380, 8450, 220, 10, 10, 8450, 1090, 10, 8450, 10, 8450, 10, 8450, 210, 1720, 1720, 210, 1720, 18090, 780, 60, 210, 210, 1720, 210, 1720, 80, 40, 490, 200, 30, 30, 30, 30, 200, 200, 200, 200, 30, 27240, 240, 0, 0, 0, 0, 0, 7080, 7080, 12480, 460, 800, 400, 230, 460, 460, 7080, 800, 7080, 7080, 460, 3330, 460, 600, 290, 600, 290, 290, 290, 290, 13910, 520, 520, 520, 520, 520, 530, 1110, 1110, 810, 810, 1110, 370, 370, 810, 370, 810, 1110, 810, 1110, 370, 370, 50, 1650, 1210, 1210, 1210, 1210, 1210, 14510, 540, 260, 25340, 260, 260, 260, 260, 760, 10, 10, 4220, 620, 20, 760, 10, 10, 20, 760, 20, 20, 20, 760, 10, 760, 10, 9470, 40, 50, 50, 10, 9470, 40, 9470, 50, 10, 50, 9470, 40, 10, 50, 9470, 40, 10, 40, 690, 7300, 90, 1000, 5960, 30, 7300, 90, 7300, 1000, 1000, 90, 690, 90, 7300, 1000, 7300, 1000, 690, 690, 690, 90, 1920, 7200, 18410, 40, 7200, 7200, 18410, 18410, 40, 7200, 18410, 40, 18410, 40, 40, 7200, 2320, 110, 410, 1390, 1390, 110, 1390, 410, 410, 2320, 110, 2320, 110, 1390, 410, 2320, 1390, 410, 2320, 110, 170, 170, 12060, 50, 12060, 220, 12060, 170, 50, 12060, 170, 12060, 170, 2030, 30, 370, 2550, 2550, 2550, 370, 30, 2550, 370, 370, 2550, 370, 2160, 480, 1160, 240, 1160, 1160, 2160, 480, 2160, 2160, 1160, 290, 1160, 2160, 960, 2960, 960, 2960, 960, 2960, 960, 2960, 2960, 960, 690, 690, 2370, 690, 690, 690, 300, 5560, 12320, 2400, 6580, 5560, 300, 5560, 300, 5560, 300, 300, 5560, 590, 530, 530, 10, 530, 530, 530, 10, 10, 10, 10, 61070, 0, 510, 1960, 0, 0, 0, 0, 600, 1960, 0, 0, 1960, 0, 1960, 0, 1960, 0, 8000, 300, 5810, 550, 20, 0, 160, 1790, 20, 550, 20, 20, 550, 550, 20, 550, 5790, 800, 2090, 5790, 5790, 5790, 5790, 1550, 7810, 1550, 7810, 50, 7810, 1550, 7810, 1550, 7810, 1550, 480, 330, 840, 330, 330, 480, 330, 480, 480, 330, 480, 750, 3300, 3300, 3300, 2670, 3300, 3300, 2640, 140, 2640, 50, 2640, 2640, 140, 2640, 0, 2830, 950, 0, 0, 920, 950, 0, 950, 0, 950, 950, 1900, 1120, 430, 430, 30, 430, 430, 1900, 1900, 430, 1900, 1900, 40, 20, 7810, 7810, 7810, 7810, 20, 7810, 20, 20, 20, 5880, 3660, 3660, 3660, 4050, 5880, 3660, 3660, 25310, 25310, 25310, 25310, 25310, 50, 7030, 1820, 480, 50, 480, 1820, 50, 480, 1820, 50, 1820, 480, 50, 9340, 1820, 480, 3650, 160, 50, 400, 400, 160, 50, 160, 50, 3650, 400, 50, 160, 400, 50, 400, 160, 7810, 60, 20, 3530, 3530, 190, 6140, 190, 190, 6140, 20, 20, 6140, 7810, 3530, 60, 190, 7810, 6140, 20, 3530, 3530, 7810, 6140, 20, 7810, 1080, 190, 190, 190, 2220, 190, 190, 190, 160, 520, 110, 3890, 1620, 30, 1940, 30, 1940, 4180, 1940, 30, 1940, 30, 30, 1940, 100, 190, 1970, 190, 370, 190, 370, 120, 100, 370, 190, 1970, 1970, 100, 370, 1970, 100, 190, 1970, 100, 370, 2700, 46070, 70, 46070, 2700, 46070, 2700, 46070, 2700, 46070, 2700, 50, 2860, 13290, 610, 610, 2860, 13290, 2860, 30, 610, 13290, 2860, 610, 610, 13290, 2860, 13290, 3660, 400, 400, 400, 400, 400, 110, 1280, 110, 1280, 1640, 110, 1280, 110, 1280, 110, 1280, 20, 0, 560, 2300, 2300, 2300, 560, 10, 660, 80, 70, 260, 560, 2300, 560, 560, 2300, 4090, 30, 20, 15180, 1000, 80, 80, 110, 20, 20, 20, 80, 80, 80, 20, 60, 120, 9380, 320, 320, 120, 60, 60, 9380, 120, 320, 60, 320, 60, 120, 120, 320, 3700, 3330, 2830, 2830, 2830, 2830, 2830, 2090, 40, 2860, 340, 300, 10, 300, 340, 90, 1150, 160, 8300, 1320, 300, 340, 300, 340, 10, 340, 300, 4090, 860, 1030, 2350, 4290, 30400, 4290, 4290, 4290, 4290, 110, 20, 5160, 110, 110, 110, 110, 80, 80, 80, 80, 130, 80, 690, 2540, 50, 260, 20, 20, 260, 50, 20, 20, 20, 50, 260, 20, 20, 260, 20, 260, 50, 20, 50, 20, 50, 270, 270, 330, 0, 270, 50, 50, 270, 330, 0, 50, 50, 0, 0, 270, 0, 420, 100, 20, 80, 80, 80, 80, 80, 8290, 480, 3160, 1820, 1820, 520, 1820, 1820, 1820, 2690, 3140, 1900, 1900, 3140, 1900, 2690, 2690, 3170, 120, 40, 30, 2690, 3140, 1900, 2690, 3140, 1900, 3140, 2660, 230, 20, 2310, 2310, 20, 2310, 2310, 2310, 6530, 90, 30, 60, 30, 30, 30, 16540, 16540, 250, 60, 16540, 90, 60, 90, 60, 30, 16540, 90, 60, 16540, 0, 90, 2010, 250, 370, 370, 2010, 250, 370, 2010, 2010, 370, 2010, 370, 30, 950, 26620, 26620, 950, 950, 26620, 26620, 30, 950, 30, 26620, 30, 950, 30, 2000, 120, 320, 2680, 2060, 730, 1080, 320, 1080, 730, 2060, 4360, 850, 30, 320, 730, 1080, 2060, 1080, 320, 730, 2060, 2680, 1080, 320, 2060, 730, 4390, 340, 70, 70, 100, 880, 100, 100, 100, 100, 6180, 40, 800, 60, 360, 60, 60, 360, 360, 800, 60, 360, 800, 360, 800, 60, 800, 830, 830, 830, 11060, 340, 830, 830, 260, 260, 260, 260, 260, 560, 560, 5610, 2150, 1400, 5610, 560, 5610, 560, 560, 5610, 5610, 160, 160, 20, 160, 160, 160, 60, 1470, 60, 1470, 70, 26620, 40, 60, 1470, 1470, 60, 60, 1470, 580, 590, 2390, 90, 590, 2390, 4810, 500, 620, 2390, 590, 90, 590, 2390, 590, 2390, 90, 90, 90, 3790, 770, 770, 2320, 3860, 540, 770, 2320, 2320, 770, 2320, 2320, 770, 20, 12300, 60, 26620, 5480, 910, 190, 910, 910, 190, 190, 910, 190, 910, 190, 120, 60, 180, 2450, 4280, 180, 2450, 180, 500, 180, 2450, 180, 2450, 2450, 150, 340, 150, 3940, 150, 340, 150, 340, 150, 340, 340, 180, 500, 150, 70, 500, 150, 130, 380, 150, 500, 500, 150, 70, 150, 4220, 500, 30, 480, 30, 480, 420, 480, 30, 11440, 30, 480, 30, 480, 6530, 6530, 6530, 6530, 6530, 120, 9920, 4210, 420, 20, 590, 20, 590, 20, 420, 20, 420, 590, 590, 420, 420, 20, 590, 900, 1280, 450, 900, 900, 900, 900, 40, 100, 20, 40, 40, 40, 40, 390, 390, 160, 2460, 310, 2460, 390, 390, 390, 11520, 440, 180, 770, 180, 770, 180, 440, 180, 440, 770, 770, 770, 440, 180, 440, 180, 370, 0, 0, 1020, 100, 10650, 10650, 100, 1840, 60, 100, 10650, 100, 10650, 100, 10650, 270, 90, 90, 270, 270, 270, 90, 270, 90, 90, 720, 1420, 1160, 1420, 230, 1160, 1420, 1160, 720, 1420, 1160, 1160, 1420, 30, 130, 40, 40, 40, 130, 40, 30, 40, 130, 130, 130, 3180, 3180, 3180, 3180, 3180, 90, 3880, 3880, 90, 3880, 90, 3880, 90, 3880, 90, 220, 150, 870, 60, 16800, 60, 1600, 16800, 60, 16800, 60, 16800, 60, 1600, 16800, 60, 6460, 120, 120, 50, 120, 120, 120, 140, 810, 4100, 10, 810, 810, 140, 140, 140, 810, 140, 810, 30, 40, 4550, 5500, 30, 5500, 5500, 30, 5500, 30, 5500, 30, 4550, 740, 8380, 740, 740, 740, 740, 19350, 60, 60, 270, 2780, 20, 930, 730, 730, 3490, 20, 340, 20, 20, 125080, 20, 730, 730, 730, 260, 100, 100, 100, 100, 100, 1720, 670, 4390, 60490, 60490, 320, 210, 13050, 13050, 13050, 210, 320, 13050, 13050, 620, 210, 0, 210, 0, 210, 210, 210, 15880, 15880, 15880, 15880, 15880, 80, 1330, 120, 1330, 1330, 120, 80, 80, 120, 80, 120, 1330, 4480, 1330, 80, 120, 310, 20, 310, 20, 20, 20, 20, 50, 190, 4120, 120, 190, 4120, 4120, 4120, 190, 4120, 190, 190, 80, 1080, 700, 1030, 3470, 620, 480, 180, 180, 620, 480, 3470, 480, 3470, 620, 480, 3470, 180, 620, 3470, 180, 180, 480, 620, 780, 2010, 10590, 20, 10590, 20, 20, 20, 20, 9280, 1590, 300, 300, 300, 30, 370, 570, 1590, 1590, 300, 1590, 1590, 300, 4460, 520, 4460, 0, 4460, 0, 0, 0, 4460, 0, 4460, 80, 1470, 1470, 1470, 80, 1470, 1470, 3270, 10, 5040, 760, 10, 5040, 10, 2040, 760, 5040, 5040, 10, 5040, 10, 300, 1990, 940, 1990, 940, 300, 940, 1990, 940, 1990, 300, 940, 300, 1990, 300, 19350, 220, 6170, 480, 480, 480, 480, 480, 140, 0, 0, 1200, 2340, 8690, 320, 8690, 180, 180, 2110, 180, 2110, 12000, 2110, 180, 2110, 2110, 19080, 180, 2250, 410, 1280, 410, 1280, 410, 0, 110, 1280, 1280, 410, 2250, 2250, 1280, 2250, 410, 2250, 1820, 10, 10, 1820, 360, 1820, 10, 1820, 10, 1820, 10, 2000, 1370, 150, 1370, 1370, 1370, 1370, 3390, 490, 490, 490, 2180, 490, 490, 1980, 270, 190, 190, 220, 270, 1980, 200, 1980, 190, 220, 270, 1980, 190, 220, 270, 1980, 190, 220, 270, 220, 50, 4260, 50, 10, 10, 50, 50, 50, 4090, 16800, 370, 20, 260, 260, 4420, 260, 260, 260, 940, 370, 240, 2670, 830, 2320, 830, 830, 830, 830, 280, 280, 280, 280, 280, 7220, 740, 720, 0, 740, 720, 720, 720, 720, 1900, 50, 540, 260, 540, 540, 540, 540, 260, 60, 60, 60, 610, 60, 60, 1720, 230, 130, 520, 130, 1720, 230, 970, 230, 130, 1720, 130, 230, 130, 1720, 230, 520, 1720, 120, 120, 190, 140, 120, 120, 120, 70, 18690, 50, 18690, 180, 400, 50, 50, 400, 18690, 70, 70, 400, 400, 70, 18690, 180, 50, 180, 400, 180, 180, 70, 18690, 50, 100, 270, 270, 3520, 3520, 3520, 3520, 3520, 50, 160, 160, 50, 160, 50, 160, 50, 50, 160, 29310, 6970, 6970, 6970, 6970, 6970, 10, 100, 100, 100, 80, 10, 90, 100, 80, 100, 100, 100, 80, 100, 80, 80, 100, 100, 0, 240, 0, 450, 240, 0, 240, 0, 240, 240, 0, 18740, 140, 140, 190, 190, 190, 18740, 140, 140, 190, 140, 190, 4780, 320, 190, 620, 360, 190, 190, 320, 4780, 190, 320, 4780, 320, 320, 4780, 4780, 190, 520, 770, 900, 770, 770, 770, 770, 11860, 40, 40, 40, 30, 40, 30, 30, 40, 30, 280, 30, 1280, 340, 0, 500, 500, 500, 500, 500, 50, 20, 410, 30, 100, 540, 380, 150, 80, 12110, 150, 10, 80, 1170, 380, 150, 80, 380, 12110, 150, 80, 380, 80, 380, 12110, 150, 12110, 12110, 650, 9160, 650, 650, 650, 650, 36880, 30, 3000, 290, 1210, 1210, 1210, 3000, 3280, 420, 3000, 30, 1210, 3000, 3000, 1210, 16540, 40, 9280, 130, 40, 40, 9280, 130, 16540, 550, 16540, 130, 40, 130, 9280, 16540, 9280, 40, 130, 16540, 9280, 2050, 590, 2050, 0, 2050, 2050, 2050, 70, 0, 11560, 0, 11560, 590, 11560, 0, 11560, 11560, 70, 0, 0, 40, 40, 40, 40, 40, 150, 560, 560, 560, 150, 150, 0, 560, 150, 560, 150, 40, 30, 30, 26620, 1770, 1770, 2620, 4740, 20, 1770, 1770, 1770, 100, 780, 320, 11590, 1930, 11590, 2060, 950, 11590, 11590, 11590, 260, 260, 0, 260, 0, 260, 0, 260, 0, 0, 12110, 30310, 9280, 12110, 12110, 1570, 30310, 1570, 12110, 30310, 12110, 30310, 30310, 2570, 240, 70, 120, 2570, 3310, 4420, 100, 4420, 100, 100, 4420, 410, 410, 100, 410, 4420, 410, 100, 410, 4420, 2130, 2360, 2360, 2360, 2130, 2360, 2360, 6670, 460, 1290, 60, 340, 1180, 1290, 12300, 1290, 1290, 1290, 3230, 180, 11040, 20, 20, 11040, 20, 2370, 20, 20, 11040, 11040, 11040, 1490, 8690, 1490, 8690, 1490, 8690, 1490, 1490, 8690, 8690, 290, 0, 7300, 80, 3550, 25990, 7300, 7300, 7440, 3550, 80, 7300, 80, 3550, 3550, 7300, 80, 290, 3550, 80, 1040, 6960, 250, 6960, 250, 6960, 6960, 220, 6960, 2400, 160, 230, 30, 2400, 30, 0, 60, 230, 2400, 230, 0, 30, 230, 30, 2400, 0, 0, 230, 30, 2400, 0, 970, 970, 9820, 70, 3740, 10, 970, 970, 10, 10, 10, 250, 970, 10, 90, 90, 90, 280, 90, 90, 690, 10, 690, 10, 410, 180, 10, 690, 690, 10, 690, 10, 2040, 23060, 23060, 23060, 2040, 2040, 2040, 2040, 23060, 23060, 400, 1780, 530, 3040, 30, 840, 110, 110, 530, 840, 30, 3040, 320, 530, 110, 3040, 110, 530, 840, 30, 3040, 530, 840, 3040, 110, 840, 30, 30, 2100, 8090, 60, 8090, 8090, 8090, 8090, 2920, 830, 310, 450, 2920, 310, 2920, 2920, 2920, 250, 60, 60, 60, 290, 60, 60, 8580, 20, 2120, 20, 10, 2280, 0, 100, 1180, 10, 0, 20, 20, 2280, 2280, 100, 1180, 10, 0, 0, 0, 100, 2280, 20, 10, 0, 10, 1180, 100, 2280, 20, 0, 100, 1180, 1180, 2100, 40, 40, 430, 40, 1340, 1340, 40, 1340, 1340, 1340, 40, 40, 6960, 270, 1770, 40, 210, 270, 6960, 6960, 40, 100, 270, 40, 210, 100, 270, 1770, 40, 210, 100, 270, 100, 210, 210, 100, 14010, 6960, 6960, 3210, 2150, 150, 40, 150, 40, 150, 150, 40, 40, 150, 40, 4180, 900, 240, 27160, 20, 240, 900, 510, 900, 20, 900, 27160, 240, 900, 20, 240, 20, 240, 20, 50, 440, 1850, 2610, 440, 1850, 440, 50, 1850, 1850, 440, 1850, 440, 3740, 290, 1800, 290, 1800, 1800, 1800, 290, 1800, 0, 290, 1970, 290, 20, 60, 250, 20, 100, 20, 100, 17070, 10910, 60, 20, 250, 60, 100, 20, 390, 60, 100, 60, 100, 480, 480, 480, 0, 480, 480, 1430, 280, 250, 250, 20, 7940, 7940, 280, 280, 7940, 250, 250, 280, 280, 250, 7940, 7940, 20, 90, 20, 90, 90, 90, 90, 1170, 1170, 1170, 1170, 1170, 1100, 1100, 2600, 310, 1100, 1100, 1100, 40, 1800, 2600, 700, 690, 1560, 700, 700, 1800, 730, 1800, 2600, 1560, 690, 690, 700, 1560, 1800, 2600, 690, 1560, 1800, 690, 2600, 1560, 2600, 700, 40, 1090, 2360, 1090, 1090, 1530, 1090, 1090, 90, 310, 8060, 1380, 8060, 8060, 1380, 1380, 8060, 1380, 8060, 1380, 9390, 30, 1570, 1570, 30, 2580, 20, 1570, 30, 30, 1570, 1570, 30, 7020, 180, 60, 30, 60, 30, 30, 30, 60, 30, 260, 30, 7020, 30, 30, 30, 30, 180, 7020, 60, 7020, 7020, 60, 880, 8850, 2280, 8850, 8850, 8850, 8850, 3000, 40, 4500, 4500, 40, 30, 4500, 40, 4500, 40, 4500, 40, 560, 400, 40, 400, 400, 9450, 400, 40, 400, 560, 560, 560, 560, 1770, 50, 410, 1780, 20, 20, 400, 1770, 1770, 50, 20, 410, 1780, 20, 20, 1770, 1770, 320, 70, 320, 320, 320, 5850, 5850, 5850, 320, 5850, 5850, 820, 340, 390, 390, 820, 390, 1290, 820, 390, 820, 820, 390, 140, 2190, 70, 9080, 2190, 140, 2190, 70, 9080, 140, 2190, 70, 9080, 2190, 70, 9080, 140, 70, 9080, 140, 1460, 2940, 1460, 2940, 1460, 1460, 2940, 1460, 2940, 2940, 170, 2050, 90, 2050, 170, 170, 90, 170, 90, 2050, 2050, 170, 90, 2050, 90, 1500, 3930, 150, 33160, 2090, 2230, 3930, 2230, 1500, 3930, 2230, 2230, 3930, 2230, 150, 3930, 150, 150, 150, 100, 50, 60, 60, 60, 60, 60, 0, 2290, 0, 40, 0, 0, 0, 5250, 180, 2530, 2530, 180, 2530, 2530, 180, 180, 2530, 180, 4040, 250, 1640, 980, 980, 1640, 980, 200, 980, 1640, 1640, 1640, 980, 1080, 1080, 3800, 20, 1080, 1080, 1080, 50, 8680, 50, 50, 50, 50, 10, 240, 260, 10, 80, 160, 1670, 80, 160, 80, 80, 160, 80, 160, 160, 1990, 37690, 6340, 2700, 1990, 37690, 6340, 37690, 1990, 6340, 37690, 1990, 6340, 37690, 2700, 1990, 2700, 2700, 6340, 2700, 31820, 31820, 1990, 260, 3130, 300, 1210, 300, 1990, 260, 300, 11060, 1990, 260, 300, 1210, 3130, 1990, 260, 300, 1210, 3130, 3130, 1210, 3130, 1210, 1990, 260, 31230]"
2020-11-03 16:40:00+00:00,11645570,0,3028.0,"[1000, 8160, 10, 7350, 180, 880, 100, 100, 880, 180, 2330, 180, 2330, 100, 7350, 880, 180, 7350, 100, 180, 7350, 880, 2330, 100, 2330, 7350, 880, 2330, 2150, 6880, 310, 6880, 6880, 6880, 6880, 1500, 110, 110, 1500, 180, 14400, 110, 14400, 1500, 180, 180, 1500, 14400, 110, 110, 180, 14400, 48340, 1500, 14400, 180, 3990, 30, 100, 4090, 100, 30, 100, 100, 30, 4090, 100, 4630, 290, 270, 7170, 290, 8360, 270, 190, 1030, 270, 290, 7170, 270, 290, 270, 7170, 290, 7170, 7170, 2540, 860, 50, 2540, 0, 590, 50, 2540, 50, 2540, 2540, 50, 50, 50, 50, 50, 80, 50, 80, 80, 80, 80, 50, 80, 80, 80, 80, 80, 1200, 680, 4140, 680, 4140, 4140, 680, 4140, 680, 4140, 680, 3790, 80, 30, 150, 0, 3790, 150, 30, 0, 150, 0, 3790, 150, 0, 150, 0, 3790, 30, 3790, 30, 30, 11640, 130, 1840, 130, 1840, 1840, 1840, 130, 130, 1840, 130, 10, 300, 400, 17030, 300, 300, 10, 300, 300, 10, 17030, 400, 17030, 630, 300, 300, 10, 17030, 400, 300, 10, 17030, 400, 300, 300, 400, 220, 650, 160, 7190, 60, 4020, 7190, 4020, 60, 160, 7190, 4020, 60, 160, 7190, 160, 4020, 160, 7190, 60, 4020, 60, 820, 50, 1500, 620, 7720, 17430, 160, 3650, 17430, 260, 50, 2420, 20, 50, 50, 50, 50, 50, 50, 140, 3390, 50, 50, 50, 10, 1040, 1310, 1040, 10, 1040, 10, 1040, 10, 10, 1040, 6410, 3170, 260, 10, 260, 10, 70, 70, 70, 47360, 70, 70, 2620, 60, 760, 60, 760, 60, 960, 760, 60, 60, 760, 760, 30, 300, 40, 30, 300, 300, 300, 40, 300, 0, 12110, 12110, 12110, 12110, 0, 0, 0, 12110, 0, 20, 61230, 10, 10, 10, 1920, 10, 61230, 10, 61230, 61230, 61230, 660, 120, 120, 120, 660, 120, 120, 80, 18650, 330, 8470, 20, 330, 20, 330, 20, 8470, 330, 20, 20, 8470, 330, 8470, 8470, 1420, 910, 1340, 1420, 1340, 1520, 1420, 1340, 2190, 1420, 1340, 2190, 2190, 2190, 2190, 1420, 1340, 2340, 40, 4420, 33160, 4420, 2340, 4420, 33160, 2340, 33160, 4420, 33160, 2340, 4420, 2340, 33160, 840, 3580, 1940, 490, 3580, 490, 2580, 3580, 1940, 1940, 20, 2580, 490, 3580, 1940, 2580, 3580, 490, 2580, 2580, 490, 1940, 70, 60, 520, 60, 60, 520, 30, 70, 60, 70, 520, 60, 70, 520, 520, 70, 10, 3760, 440, 62450, 2710, 10, 0, 10, 440, 2710, 0, 0, 2710, 0, 440, 3760, 2710, 10, 440, 2710, 0, 440, 10, 2200, 4960, 2200, 2200, 2200, 2200, 210, 220, 680, 680, 680, 680, 680, 80, 790, 1180, 1180, 790, 790, 1180, 790, 1180, 790, 1180, 3650, 3650, 3650, 80, 50, 3650, 3650, 80, 120, 540, 120, 140, 140, 2700, 540, 140, 120, 540, 120, 540, 140, 2700, 2700, 540, 2700, 120, 2700, 140, 1260, 230, 2280, 3080, 40, 30, 30, 3080, 230, 230, 30, 40, 30, 40, 230, 30, 2280, 3080, 230, 3080, 40, 40, 3080, 40, 5340, 70, 0, 0, 0, 410, 70, 410, 40, 410, 70, 0, 40, 70, 40, 5340, 0, 70, 40, 410, 5340, 410, 5340, 5340, 0, 7000, 490, 490, 7000, 490, 490, 7000, 490, 7000, 7000, 0, 0, 29300, 2080, 3280, 3950, 130, 20, 130, 130, 20, 20, 2080, 320, 20, 130, 3280, 2080, 20, 130, 3280, 2080, 3280, 2080, 3280, 460, 140, 4060, 10, 140, 460, 140, 460, 140, 140, 25000, 460, 460, 48340, 1030, 30, 30, 1030, 30, 30, 1030, 1030, 30, 1030, 30, 4570, 30, 1350, 30, 1350, 220, 700, 120, 20, 0, 1350, 1350, 30, 30, 1350, 9080, 40, 40, 9080, 40, 40, 9080, 40, 9080, 40, 9080, 3300, 80, 80, 3780, 80, 80, 80, 13910, 3940, 3450, 10, 10, 3450, 2200, 800, 3450, 10, 3450, 10, 10, 3450, 840, 40, 840, 40, 40, 860, 40, 40, 840, 840, 840, 120, 120, 120, 120, 120, 500, 10, 500, 80, 380, 500, 0, 500, 500, 60, 320, 40, 9950, 8090, 40, 60, 320, 320, 9950, 100, 320, 60, 9950, 40, 60, 320, 40, 60, 9950, 40, 9950, 2920, 140, 270, 6180, 150, 470, 50, 3570, 150, 470, 3570, 0, 1540, 470, 150, 3570, 150, 3570, 470, 470, 150, 3570, 6180, 6180, 7160, 6180, 6180, 6180, 140, 2220, 140, 2220, 2220, 280, 10370, 20, 2220, 280, 140, 2220, 280, 140, 140, 280, 280, 4150, 4150, 4150, 4150, 4150, 11840, 1640, 180, 1360, 1640, 180, 1640, 180, 1640, 180, 1640, 180, 10, 1970, 1300, 1300, 1970, 10, 10, 1970, 1300, 540, 1300, 1970, 1300, 10, 10, 1970, 25930, 1410, 6350, 25930, 1410, 25930, 1550, 440, 1410, 1550, 1550, 1550, 25930, 25930, 1550, 1410, 1410, 330, 370, 140, 370, 9080, 5680, 330, 330, 5680, 330, 5680, 140, 400, 12300, 5680, 140, 370, 5680, 140, 330, 370, 140, 370, 680, 20460, 4690, 710, 710, 4690, 3840, 710, 4690, 710, 4690, 710, 4690, 1430, 60, 300, 1440, 300, 300, 1700, 80, 3440, 300, 3440, 300, 3440, 3440, 1440, 3440, 400, 30, 400, 3760, 400, 30, 400, 30, 400, 30, 30, 17100, 330, 110, 330, 330, 110, 110, 110, 330, 490, 330, 110, 130, 130, 400, 30, 400, 400, 490, 30, 130, 130, 60, 60, 60, 490, 490, 3540, 490, 60, 490, 30, 400, 130, 130, 30, 400, 130, 30, 60, 590, 390, 590, 390, 390, 940, 20, 100, 590, 390, 590, 390, 590, 10, 1350, 0, 10, 10, 1350, 1350, 10, 0, 1350, 1350, 0, 0, 0, 10, 1690, 180, 2470, 2470, 180, 2470, 180, 1690, 2470, 180, 1690, 2470, 180, 1690, 1690, 4690, 190, 100, 1810, 190, 100, 100, 290, 60, 190, 100, 190, 100, 1810, 4690, 190, 380, 20, 20, 20, 380, 380, 380, 20, 20, 380, 450, 360, 450, 3990, 1590, 450, 3990, 450, 450, 180, 100, 11320, 100, 180, 5180, 10, 100, 180, 100, 11320, 180, 100, 180, 40, 180, 40, 40, 60, 40, 40, 1570, 1570, 1570, 1570, 1570, 9090, 1120, 1120, 170, 1120, 1120, 1120, 2080, 10, 12050, 500, 10, 210, 500, 210, 2000, 10, 500, 210, 10, 500, 210, 500, 10, 210, 50, 6580, 1260, 50, 6580, 50, 6580, 50, 500, 50, 6580, 50, 50, 6580, 50, 50, 50, 440, 440, 440, 440, 440, 30, 90, 90, 90, 14480, 90, 90, 1970, 30, 0, 0, 170, 30, 0, 570, 810, 9060, 30, 30, 30, 170, 170, 170, 0, 170, 0, 140, 3640, 25000, 10, 90, 25000, 10, 10, 10, 3990, 90, 90, 25000, 90, 90, 25000, 25000, 10, 50, 13820, 1130, 550, 1150, 50, 240, 7660, 240, 240, 400, 400, 7660, 240, 90, 7660, 400, 240, 7660, 400, 7660, 400, 740, 740, 450, 450, 450, 450, 450, 1290, 1300, 140, 10, 1570, 570, 140, 140, 190, 3150, 140, 140, 3150, 10, 3150, 3150, 3150, 7500, 8920, 30, 90, 90, 90, 30, 790, 790, 90, 790, 30, 790, 90, 30, 790, 30, 220, 10, 30, 220, 1060, 220, 220, 10, 4160, 2440, 10, 220, 10, 30, 350, 10, 220, 80, 3980, 80, 80, 3980, 60, 60, 3980, 80, 3980, 60, 3980, 60, 80, 60, 60, 60, 60, 60, 60, 60, 90, 90, 90, 90, 90, 3970, 10, 10, 10, 10, 10, 3970, 730, 3370, 190, 1440, 3370, 1440, 1440, 3370, 3370, 190, 350, 0, 190, 3370, 1440, 190, 190, 1440, 740, 60, 110, 60, 350, 350, 350, 350, 850, 6590, 60, 2500, 850, 850, 60, 850, 350, 850, 60, 1210, 1590, 20, 1590, 70, 1590, 20, 1590, 1590, 250, 2470, 10040, 10, 2630, 870, 1900, 3100, 1860, 80, 3100, 3150, 1860, 3100, 1860, 1440, 3150, 1860, 80, 80, 3150, 80, 1860, 3150, 870, 3150, 3100, 3100, 80, 50, 260, 10, 10, 10, 3340, 7250, 10, 3340, 3340, 3340, 260, 3340, 10, 2420, 2420, 2420, 2420, 2420, 930, 930, 930, 930, 930, 2000, 1230, 280, 3280, 790, 790, 1230, 280, 3280, 1230, 280, 3280, 790, 1230, 3280, 790, 1230, 280, 790, 280, 3280, 12160, 710, 0, 0, 0, 0, 0, 60, 4860, 90, 90, 90, 4860, 4860, 90, 60, 60, 60, 4860, 60, 4860, 90, 1060, 350, 350, 1060, 350, 1060, 7550, 350, 1060, 350, 1060, 120, 1080, 1080, 1080, 1080, 1080, 220, 270, 890, 2540, 270, 890, 270, 890, 6140, 1110, 270, 270, 890, 890, 8180, 40, 800, 8180, 8180, 8180, 8180, 1850, 620, 4010, 4010, 620, 4010, 620, 4010, 620, 4010, 620, 140, 2830, 340, 70, 70, 10260, 2830, 70, 70, 70, 70, 340, 70, 10260, 2830, 10260, 10260, 70, 340, 10260, 70, 340, 2830, 340, 2830, 70, 1210, 1210, 1210, 1210, 1210, 530, 530, 560, 530, 530, 530, 920, 130, 2930, 3610, 3720, 130, 130, 130, 2930, 2930, 2930, 2930, 130, 4090, 1320, 190, 190, 190, 190, 190, 460, 460, 460, 50, 460, 460, 230, 230, 330, 230, 230, 230, 310, 170, 5680, 720, 5680, 720, 310, 310, 5680, 720, 1350, 240, 720, 170, 5680, 5680, 720, 170, 310, 170, 310, 170, 30, 360, 920, 30, 10, 360, 920, 360, 920, 30, 360, 360, 920, 30, 920, 30, 60, 4120, 16370, 130, 1050, 5640, 0, 0, 3790, 0, 5640, 3790, 0, 3790, 5640, 3790, 5640, 3790, 0, 5640, 60, 190, 2310, 80, 2310, 190, 60, 190, 60, 20, 13510, 2310, 190, 2310, 60, 2310, 190, 60, 3100, 70, 260, 270, 260, 260, 260, 70, 270, 3100, 260, 70, 270, 3100, 70, 270, 3100, 70, 270, 3100, 3970, 10, 20, 2710, 0, 0, 0, 0, 10, 0, 20, 20, 2710, 20, 20, 7220, 450, 4370, 2930, 40, 50, 50, 50, 50, 4370, 40, 2930, 50, 7220, 4370, 50, 50, 4370, 2930, 50, 50, 4370, 2930, 7220, 50, 2930, 7220, 450, 40, 7220, 40, 40, 610, 50, 2820, 50, 10, 50, 10, 2820, 50, 10, 50, 10, 2820, 10, 2820, 2820, 5050, 5050, 80, 5050, 5050, 5050, 70, 70, 230, 40, 120, 70, 70, 70, 40, 230, 250, 240, 230, 700, 250, 1260, 230, 250, 230, 230, 250, 250, 120, 120, 3450, 120, 120, 120, 2580, 0, 2580, 2580, 140, 0, 0, 2580, 0, 0, 0, 0, 0, 0, 0, 2580, 10, 3280, 2930, 3280, 2930, 2930, 2930, 2930, 0, 2180, 680, 20, 0, 0, 290, 0, 680, 20, 0, 20, 0, 20, 20, 140, 13910, 140, 140, 140, 13910, 140, 140, 700, 60, 60, 280, 870, 60, 60, 280, 700, 1790, 870, 700, 60, 280, 280, 700, 870, 870, 870, 700, 280, 19560, 440, 290, 440, 1360, 3820, 440, 440, 440, 220, 5250, 10, 10, 5250, 10, 5250, 32430, 10, 5250, 10, 5250, 20, 200, 200, 200, 6710, 10, 1300, 200, 200, 80, 1200, 1200, 80, 1090, 1200, 80, 1200, 80, 80, 1200, 6570, 240, 7440, 2910, 720, 130, 2580, 130, 130, 720, 130, 720, 720, 130, 720, 410, 80, 2800, 60, 60, 60, 60, 60, 540, 620, 1900, 430, 430, 1040, 430, 430, 430, 620, 10, 1610, 1610, 10, 880, 10, 1610, 1610, 1610, 10, 10, 80, 80, 10660, 690, 80, 80, 80, 2500, 2510, 4420, 4420, 40, 920, 4420, 2510, 4420, 2510, 2510, 4420, 2510, 140, 140, 140, 140, 140, 0, 2260, 170, 3720, 0, 2260, 0, 170, 0, 0, 10260, 60, 20, 20, 60, 60, 20, 60, 20, 60, 20, 4540, 1010, 1010, 1010, 1900, 1010, 1010, 4540, 200, 4650, 4170, 100, 4650, 200, 2540, 4650, 100, 200, 100, 200, 4650, 100, 4170, 2540, 100, 2540, 2540, 4650, 2540, 200, 30, 2580, 30, 30, 2580, 2580, 30, 150, 2580, 2580, 30, 360, 360, 120, 360, 330, 360, 330, 100, 70, 330, 330, 360, 330, 1720, 90, 80, 1720, 1720, 80, 1720, 90, 1720, 90, 80, 90, 90, 80, 80, 180, 180, 30420, 24470, 770, 24470, 770, 180, 770, 24470, 180, 30420, 180, 770, 30420, 770, 30420, 24470, 30420, 24470, 3150, 2280, 1900, 2280, 2280, 5400, 3150, 2280, 3150, 2280, 3150, 3150, 1290, 10, 10, 60, 60, 60, 10, 60, 10, 160, 20, 10, 60, 4860, 200, 4860, 4860, 4860, 4860, 450, 1320, 1320, 3590, 1320, 1320, 1320, 200, 9120, 10, 9120, 9120, 9120, 200, 9120, 1500, 490, 1500, 1500, 290, 1500, 1500, 480, 250, 22750, 13230, 190, 13230, 13230, 13230, 190, 13230, 780, 780, 780, 780, 780, 8600, 8600, 3040, 10, 10, 2240, 10, 10, 2240, 10, 800, 800, 800, 800, 800, 3720, 130, 130, 490, 130, 3720, 130, 130, 680, 22530, 80, 10, 70, 10, 180, 1460, 1040, 2790, 2790, 1460, 2790, 1460, 2790, 1460, 2790, 1460, 1540, 4410, 4410, 4410, 4410, 4410, 20, 1770, 1770, 100, 1770, 1770, 1770, 2240, 7690, 9080, 9080, 2240, 950, 60, 9080, 9080, 2240, 9080, 2240, 2240, 12130, 3070, 930, 650, 40, 490, 650, 40, 650, 280, 650, 650, 490, 40, 3070, 930, 3070, 40, 3070, 40, 3070, 210, 3980, 3470, 130, 750, 750, 660, 750, 750, 750, 7610, 140, 140, 140, 140, 140, 210, 260, 3530, 0, 0, 220, 220, 20, 3720, 220, 220, 0, 3720, 0, 20, 220, 3720, 20, 3720, 20, 3720, 0, 20, 1740, 7440, 5820, 4620, 80, 400, 80, 80, 400, 400, 80, 400, 80, 400, 40, 14050, 14050, 14050, 14050, 14050, 250, 620, 110, 10, 250, 110, 37170, 20, 240, 880, 110, 110, 110, 20, 3790, 20, 110, 20, 20, 20, 110, 3020, 10, 720, 500, 10, 20, 120, 10, 500, 3020, 10, 3020, 3020, 3020, 10, 1380, 450, 13080, 450, 450, 450, 780, 13080, 450, 1200, 170, 160, 440, 440, 440, 1790, 440, 440, 170, 80, 2200, 8020, 8020, 8020, 8020, 8020, 70, 70, 6140, 70, 6140, 60, 6140, 60, 60, 6140, 60, 6140, 60, 70, 70, 290, 30, 340, 30, 340, 30, 290, 340, 30, 340, 340, 30, 420, 70, 420, 70, 70, 70, 420, 420, 70, 420, 10, 1440, 875470, 875470, 875470, 875470, 875470, 0, 2100, 640, 20, 450, 450, 450, 450, 20, 640, 450, 220, 220, 10, 220, 220, 220, 30, 30, 15870, 15870, 15870, 300, 30, 15870, 30, 15870, 30, 30, 20, 30, 10, 10, 30, 20620, 10, 30, 10, 30, 20620, 10, 30, 20620, 20620, 20620, 540, 540, 540, 540, 540, 480, 100, 10, 480, 10, 100, 100, 10, 480, 10, 480, 480, 100, 10, 100, 1240, 390, 600, 390, 390, 600, 390, 390, 600, 600, 600, 5770, 5770, 620, 4570, 3730, 380, 3730, 30, 620, 4570, 3730, 4570, 3730, 620, 4570, 380, 620, 30, 3730, 620, 4570, 790, 6970, 110, 110, 110, 6970, 110, 790, 6970, 790, 110, 6970, 790, 6970, 790, 110, 3110, 110, 110, 3110, 1770, 140, 110, 3110, 3110, 110, 3110, 40, 280, 1420, 10, 1420, 10, 10, 1420, 1420, 10, 1420, 10, 40, 40, 40, 40, 0, 30, 0, 230, 230, 520, 230, 230, 230, 90, 940, 40, 320, 320, 320, 940, 40, 940, 40, 940, 40, 940, 40, 320, 320, 1550, 3470, 390, 320, 90, 390, 320, 390, 320, 670, 90, 320, 90, 320, 90, 390, 390, 90, 90, 3600, 60, 32060, 160, 160, 40, 160, 160, 32060, 40, 160, 40, 32060, 60, 40, 40, 32060, 32060, 150, 3530, 1420, 1420, 70, 540, 500, 540, 1420, 540, 70, 1420, 500, 540, 540, 1420, 500, 500, 500, 600, 100, 480, 600, 600, 330, 600, 600, 110, 1000, 680, 220, 220, 220, 360, 220, 220, 470, 49850, 49850, 49850, 470, 49850, 470, 49850, 470, 470, 20790, 140, 70, 4280, 4280, 140, 15870, 4280, 140, 4280, 140, 140, 4280, 810, 480, 810, 810, 320, 480, 810, 810, 1850, 390, 390, 390, 390, 390, 50, 50, 300, 50, 50, 300, 300, 300, 300, 50, 110, 120, 1470, 150, 110, 110, 110, 120, 150, 120, 110, 120, 120, 2430, 1350, 1610, 2430, 2430, 2430, 2430, 10, 320, 340, 1740, 10, 340, 320, 340, 320, 10, 320, 340, 10, 320, 340, 10, 10, 10, 3300, 5930, 90, 1050, 60, 60, 60, 120, 120, 60, 60, 120, 60, 120, 120, 60, 180, 2090, 2090, 10, 2090, 10, 2090, 910, 10, 2090, 10, 10, 150, 2200, 470, 150, 470, 150, 150, 470, 150, 2200, 470, 2200, 2200, 470, 2200, 8940, 1300, 30, 1300, 1300, 1300, 8940, 8940, 8940, 30, 8940, 1300, 1390, 1390, 1390, 1390, 1390, 60, 0, 0, 110, 110, 110, 110, 0, 0, 110, 0, 270, 540, 60, 20, 5580, 20, 270, 20, 270, 20, 270, 60, 270, 50, 60, 20, 60, 5580, 60, 17170, 650, 1490, 1490, 7580, 1490, 1490, 1490, 17170, 2700, 730, 3070, 3070, 3070, 3070, 1790, 2700, 2700, 3070, 2700, 2700, 2320, 580, 580, 580, 2320, 2320, 580, 20, 2320, 2320, 580, 80, 10, 550, 1820, 3120, 120, 80, 550, 3120, 8030, 1490, 120, 10, 8030, 120, 550, 8030, 1820, 80, 3120, 3110, 550, 80, 8030, 120, 550, 1490, 10, 8030, 120, 1820, 80, 1490, 10, 1490, 1820, 3120, 1490, 1820, 3120, 10, 0, 820, 3220, 130, 130, 130, 820, 130, 3010, 820, 130, 820, 820, 8120, 870, 870, 7540, 590, 870, 870, 870, 440, 690, 10, 400, 400, 920, 920, 10, 400, 920, 10, 920, 4230, 2230, 920, 400, 10, 400, 10, 60, 20, 1450, 130, 730, 450, 60, 20, 60, 130, 450, 730, 20, 730, 730, 20, 60, 130, 20, 60, 450, 130, 730, 450, 130, 450, 3010, 280, 3360, 3360, 280, 70, 3360, 280, 3360, 280, 3360, 280, 190, 49230, 49230, 1350, 4120, 49230, 49230, 49230, 10, 6670, 6670, 6670, 50, 6670, 6670, 3590, 480, 480, 3590, 480, 3590, 720, 0, 80, 1850, 3590, 480, 3590, 480, 60, 9120, 270, 9120, 270, 270, 9120, 60, 6710, 40, 240, 270, 9120, 270, 9120, 1410, 7550, 14870, 70, 1230, 3990, 70, 40, 70, 14870, 7550, 70, 70, 7550, 7550, 7550, 40, 90, 40, 46360, 30970, 46360, 46360, 46360, 46360, 380, 2560, 2560, 20, 2560, 2560, 2560, 30, 330, 330, 330, 5200, 90, 12180, 330, 30, 330, 30, 30, 3220, 1290, 480, 3220, 480, 1290, 1290, 1290, 1290, 120, 1680, 260, 1680, 10, 0, 10, 10, 0, 10, 10, 0, 0, 0, 1730, 4990, 1730, 1730, 1730, 190, 1730, 1440, 30, 760, 440, 440, 440, 440, 720, 540, 720, 720, 720, 720, 540, 540, 540, 540, 4800, 4800, 320, 390, 320, 320, 320, 4800, 4800, 320, 4800, 710, 50, 80, 80, 80, 80, 80, 10, 10, 680, 10, 13000, 13000, 10, 680, 13000, 10, 13000, 10, 13000, 4250, 490, 3520, 490, 3520, 490, 3520, 20, 490, 3520, 490, 3520, 1430, 1170, 550, 1170, 1170, 620, 370, 370, 1170, 550, 1170, 370, 370, 370, 10, 230, 3630, 230, 230, 3320, 230, 230, 90, 420, 30, 10, 10, 420, 420, 10, 90, 10, 90, 10, 90, 420, 90, 420, 2180, 960, 3590, 18090, 3590, 18090, 3590, 18090, 3590, 18090, 18090, 3590]"
2020-11-03 16:45:00+00:00,6863320,1,2681.0,"[110, 110, 180, 110, 110, 110, 890, 4270, 2420, 960, 640, 640, 640, 640, 640, 10, 140, 140, 10, 140, 10, 10, 10, 10, 140, 140, 390, 4380, 960, 1350, 3470, 40, 40, 3470, 3470, 3470, 3470, 40, 40, 40, 3830, 340, 3830, 40, 240, 560, 3830, 340, 3830, 3830, 1300, 1300, 1300, 1300, 1300, 10320, 10320, 910, 1320, 670, 10320, 10320, 10320, 1410, 2560, 250, 240, 20, 1450, 720, 240, 240, 20, 240, 20, 20, 20, 240, 150, 3680, 150, 150, 1300, 920, 100, 150, 150, 890, 30, 10, 630, 560, 630, 630, 630, 10, 560, 30, 630, 30, 10, 30, 10, 560, 560, 30, 10, 560, 0, 310, 310, 310, 310, 310, 5210, 69470, 69470, 10, 69470, 69470, 69470, 248360, 6900, 6900, 10, 6900, 6900, 6900, 870, 300, 940, 1340, 750, 300, 940, 10260, 2500, 10, 10260, 360, 10260, 10260, 360, 360, 360, 10260, 360, 560, 560, 560, 560, 3950, 560, 570, 940, 230, 10480, 230, 940, 230, 940, 530, 230, 940, 230, 940, 410, 15960, 1120, 410, 410, 410, 410, 680, 680, 780, 680, 680, 780, 780, 680, 780, 780, 470, 470, 470, 470, 470, 1410, 2640, 1410, 1470, 40, 1410, 2640, 2640, 2640, 1410, 2640, 1410, 260, 140, 6520, 8040, 9790, 230, 80, 10430, 80, 36830, 880, 130, 90, 350, 130, 30, 30, 90, 30, 130, 350, 90, 1220, 350, 90, 30, 130, 350, 90, 130, 30, 350, 20, 3940, 2000, 2000, 2000, 2000, 2000, 140, 150, 50, 50, 150, 140, 150, 140, 50, 140, 150, 50, 150, 140, 50, 30, 30, 30, 30, 30, 1860, 1860, 1860, 1860, 1860, 310, 190, 310, 940, 1530, 310, 310, 310, 600, 10, 10, 13910, 8390, 640, 30, 30, 30, 30, 8390, 640, 30, 8390, 640, 640, 8390, 640, 8390, 1690, 340, 8040, 440, 340, 340, 340, 8040, 0, 340, 0, 920, 10610, 520, 80, 520, 520, 520, 520, 1790, 8120, 1790, 8120, 1790, 1790, 8120, 1790, 8120, 8120, 20, 2700, 2380, 110, 2700, 20, 350, 1390, 2380, 20, 2380, 2380, 110, 2700, 2380, 20, 2700, 20, 2700, 4320, 4320, 4320, 4320, 4320, 2020, 2020, 0, 2020, 2020, 2020, 6280, 1810, 80, 80, 40, 20, 80, 1810, 80, 1810, 80, 1810, 1810, 150, 1500, 150, 1500, 150, 150, 150, 230, 40, 30, 2160, 30, 6940, 6940, 6940, 2560, 50, 6940, 6940, 190, 2640, 190, 190, 190, 190, 2690, 6190, 2810, 29240, 29240, 29240, 130, 29240, 29240, 16230, 70, 180, 180, 180, 30, 180, 30, 30, 30, 180, 30, 20, 1330, 1340, 1340, 20, 1340, 20, 1330, 1330, 20, 20, 1330, 1340, 1330, 1340, 950, 0, 2190, 2190, 2190, 0, 2190, 2190, 800, 100, 1670, 2510, 800, 800, 800, 800, 480, 60, 210, 1300, 60, 60, 7570, 480, 210, 210, 1300, 1300, 600, 1300, 210, 480, 210, 1300, 480, 60, 480, 60, 2180, 850, 2180, 850, 50, 560, 1720, 1680, 1680, 1680, 1680, 1680, 2560, 2560, 4290, 370, 10, 10, 4290, 2270, 10, 4290, 10, 10, 4290, 4290, 3760, 1160, 0, 60, 60, 60, 0, 240, 60, 0, 60, 0, 240, 240, 240, 0, 240, 410, 1700, 1850, 150, 410, 150, 410, 2180, 260, 2580, 410, 1700, 1850, 150, 1700, 410, 1700, 150, 1700, 150, 170, 1990, 3280, 170, 46990, 9440, 170, 3280, 180, 260, 1500, 260, 260, 260, 260, 30, 390, 390, 390, 40, 40, 390, 40, 40, 390, 30, 30, 40, 30, 30, 100, 840, 100, 580, 840, 100, 100, 100, 820, 1530, 7030, 2160, 2270, 2270, 360, 2270, 2270, 2270, 70, 70, 70, 70, 70, 70, 2150, 640, 640, 2150, 640, 2150, 2070, 450, 640, 2150, 640, 2150, 10, 0, 120, 680, 140, 1190, 200, 1770, 200, 730, 1770, 200, 1190, 440, 1190, 1770, 200, 1770, 1770, 200, 1190, 1190, 1860, 870, 70, 70, 30, 60, 30, 20, 20, 30, 20, 20, 120, 70, 20, 60, 20, 40, 20, 20, 120, 30, 60, 20, 20, 70, 120, 60, 120, 60, 30, 70, 120, 100, 60, 1150, 1150, 1150, 1150, 1150, 2380, 150, 150, 150, 150, 2380, 100, 100, 100, 100, 2380, 2380, 2380, 150, 100, 860, 860, 2160, 860, 860, 860, 1120, 20, 1120, 890, 1120, 1120, 1120, 440, 440, 3720, 490, 3720, 3720, 3720, 3720, 960, 15020, 2410, 2410, 2410, 2410, 2410, 10, 270, 67050, 10, 80, 7400, 1190, 67050, 80, 10, 67050, 10, 10, 80, 270, 80, 67050, 67050, 80, 110, 150, 150, 730, 110, 240, 240, 150, 110, 240, 150, 240, 110, 110, 240, 150, 700, 12840, 12840, 12840, 12840, 12840, 15020, 30, 660, 660, 10, 20, 660, 30, 10, 30, 30, 660, 10, 30, 660, 10, 9110, 10, 3610, 3610, 220, 3610, 3610, 3610, 1810, 2070, 70, 2070, 70, 2070, 70, 2070, 70, 70, 2070, 780, 5760, 120, 120, 120, 5760, 5760, 220, 120, 5760, 120, 5760, 110, 110, 110, 2480, 110, 110, 16130, 20, 20, 80, 20, 20, 80, 30, 80, 20, 20, 80, 80, 20, 20, 20, 20, 300, 300, 300, 300, 300, 1520, 1090, 870, 1520, 1090, 870, 1090, 1520, 870, 1090, 1520, 870, 1520, 1090, 870, 12280, 510, 12280, 510, 12280, 12280, 12280, 510, 510, 510, 380, 2290, 90, 90, 480, 90, 90, 90, 20, 100, 150, 3440, 220, 220, 20, 220, 150, 220, 3440, 100, 150, 20, 20, 220, 150, 150, 20, 920, 370, 6880, 90, 370, 6880, 370, 370, 6880, 370, 6880, 6880, 180, 7100, 10, 3780, 2440, 110, 2440, 110, 2440, 2190, 3780, 2190, 110, 3780, 110, 3780, 2190, 2440, 110, 3780, 2190, 2440, 2190, 640, 4640, 4640, 640, 4640, 640, 240, 240, 4640, 640, 640, 240, 4640, 240, 240, 3160, 3310, 3310, 3310, 3310, 3310, 1980, 100, 570, 570, 570, 1980, 100, 370, 100, 1980, 570, 570, 100, 1980, 100, 1980, 6610, 470, 2760, 1120, 50, 2760, 2760, 50, 6610, 2760, 2760, 50, 6610, 1120, 470, 20, 1120, 50, 50, 6610, 1120, 20, 6610, 1120, 20, 20, 20, 1200, 480, 150, 2290, 1200, 280, 1200, 2290, 480, 2290, 2290, 150, 1200, 2290, 480, 150, 1200, 150, 280, 480, 150, 280, 200, 280, 280, 480, 3450, 6950, 610, 610, 6950, 610, 6950, 6950, 610, 6950, 610, 230, 390, 80, 230, 610, 2130, 390, 230, 230, 230, 150, 400, 80, 8390, 3450, 5800, 310, 310, 3450, 3450, 310, 310, 310, 310, 3450, 3450, 310, 310, 5800, 310, 310, 820, 13950, 240, 20, 240, 820, 1060, 240, 820, 13950, 240, 820, 240, 820, 390, 12580, 20, 390, 390, 390, 20, 12580, 20, 90, 390, 12580, 20, 12580, 20, 12580, 3570, 850, 850, 9440, 9440, 850, 850, 9440, 850, 9440, 9440, 80, 140, 20, 4080, 80, 20, 80, 4080, 140, 20, 4080, 140, 4080, 20, 140, 80, 4080, 20, 80, 140, 370, 370, 370, 1690, 370, 370, 2380, 1360, 1720, 1360, 80, 7400, 7400, 1720, 7400, 80, 1360, 7400, 80, 1720, 80, 1360, 7400, 1720, 80, 1360, 1720, 18760, 250, 4480, 3340, 3340, 250, 250, 3340, 3340, 4480, 250, 250, 4480, 4480, 3340, 4480, 180, 3450, 580, 60, 610, 13810, 580, 60, 580, 60, 210, 580, 60, 580, 60, 40, 1830, 22410, 720, 40, 22410, 22410, 640, 720, 40, 22410, 22410, 40, 40, 520, 730, 440, 730, 440, 730, 440, 730, 440, 730, 440, 2410, 2320, 130, 2410, 2320, 2410, 2320, 2320, 2410, 2320, 2410, 650, 190, 190, 190, 650, 190, 650, 190, 650, 650, 520, 3180, 520, 520, 3180, 3180, 520, 3180, 520, 3180, 1830, 10, 800, 10, 10, 20, 10, 800, 10, 800, 800, 800, 5890, 1050, 1050, 1560, 40, 40, 40, 1560, 1560, 1390, 40, 1560, 40, 1560, 2320, 130, 2070, 1980, 3060, 1250, 690, 1250, 1250, 2070, 3060, 2070, 3060, 1250, 1250, 2070, 3060, 2070, 3060, 180, 5670, 180, 180, 110, 7480, 180, 180, 3940, 300, 300, 300, 300, 300, 0, 420, 80, 10, 80, 0, 0, 80, 420, 0, 80, 0, 80, 550, 250, 550, 550, 250, 550, 550, 250, 250, 250, 2130, 1430, 1690, 10, 10040, 10, 10, 10040, 10, 10, 10040, 10040, 10040, 10, 10, 10, 10, 10, 10, 6710, 590, 6710, 590, 70, 6710, 590, 6710, 590, 590, 6710, 110, 10, 110, 110, 110, 110, 200, 440, 70, 60, 60, 60, 180, 440, 70, 440, 200, 60, 70, 440, 200, 70, 440, 200, 200, 60, 70, 560, 560, 600, 560, 560, 560, 770, 200, 50, 50, 200, 50, 200, 50, 50, 200, 200, 1090, 2030, 930, 930, 2030, 930, 2030, 930, 2030, 930, 2030, 240, 80, 70, 80, 80, 80, 80, 190, 1580, 190, 229020, 1580, 1580, 1580, 1580, 6950, 80, 350, 350, 160, 10, 350, 350, 130, 350, 2310, 940, 2230, 940, 2310, 2230, 940, 2310, 940, 2310, 2310, 940, 3210, 3210, 3210, 10, 3210, 3210, 1300, 30, 30, 1300, 2740, 30, 1300, 30, 1300, 30, 1300, 110, 20, 110, 30, 30, 110, 110, 30, 30, 30, 110, 100, 20, 100, 100, 100, 20, 2370, 100, 100, 100, 20, 100, 100, 20, 100, 20, 30, 110, 20, 18760, 20, 220, 220, 20, 220, 220, 20, 220, 20, 20, 15320, 15320, 15320, 15320, 15320, 20, 13740, 20, 13740, 20, 13740, 20, 20, 13740, 13740, 0, 110, 1390, 0, 230, 230, 230, 230, 230, 20, 120, 30, 30, 30, 30, 30, 680, 60, 9170, 1290, 390, 1290, 220, 1290, 1290, 390, 1290, 510, 13360, 340, 2230, 9270, 1650, 1650, 20690, 13360, 340, 2230, 340, 1650, 9270, 2230, 2230, 20690, 13360, 9270, 340, 13360, 20690, 9270, 2230, 340, 1650, 1650, 20690, 9270, 20690, 13360, 110, 520, 1490, 110, 520, 80, 520, 110, 520, 110, 110, 520, 15800, 4130, 1530, 1530, 4130, 1530, 40, 4130, 1530, 4130, 1530, 4130, 30, 730, 10, 10, 10, 10, 10, 10, 730, 730, 0, 3500, 10, 10, 30, 10, 730, 730, 10, 110, 40, 40, 110, 40, 110, 40, 110, 40, 110, 0, 0, 0, 0, 0, 1230, 60, 280, 1230, 60, 60, 1230, 60, 1230, 60, 1230, 280, 740, 88910, 88910, 520, 520, 740, 2000, 340, 2000, 740, 130, 520, 340, 340, 88910, 88910, 2000, 740, 130, 280, 88910, 2000, 740, 130, 520, 130, 130, 340, 340, 2000, 520, 60, 20, 20, 60, 20, 60, 20, 60, 20, 60, 20, 1360, 20, 1990, 20, 1990, 1990, 250, 20, 1990, 20, 1990, 140, 130, 3640, 130, 140, 130, 140, 130, 140, 130, 140, 850, 1650, 3780, 610, 3780, 3780, 3780, 3780, 3680, 60, 3680, 60, 60, 60, 3680, 3680, 60, 3680, 30, 260, 380, 3710, 280, 380, 280, 380, 280, 380, 280, 380, 280, 5560, 5560, 5560, 5560, 5560, 2970, 70, 830, 18520, 2970, 2970, 2970, 2970, 710, 710, 710, 710, 480, 710, 20, 50, 1600, 6280, 10, 0, 0, 10, 0, 0, 0, 1160, 20, 210, 2640, 2640, 20, 20, 2640, 210, 20, 210, 2640, 20, 210, 210, 2640, 30, 6020, 480, 70, 480, 70, 6020, 6020, 480, 0, 70, 6020, 480, 70, 70, 6020, 480, 10, 520, 1190, 10, 10, 520, 10, 520, 10, 520, 520, 2990, 6040, 13360, 6040, 4980, 2990, 2990, 4980, 6040, 2990, 4980, 2990, 4980, 6040, 4980, 6040, 3090, 1520, 5950, 480, 480, 480, 480, 480, 720, 1450, 260, 1450, 20, 3180, 20, 80, 20, 3180, 20, 3180, 20, 3180, 3180, 90, 2770, 2770, 90, 90, 60, 2770, 2770, 90, 60, 60, 2770, 90, 60, 60, 510, 3150, 42570, 14560, 6680, 10, 21100, 5820, 10, 21100, 6680, 21100, 480, 10, 6680, 6680, 10, 21100, 10, 6680, 21100, 420, 28260, 28260, 420, 28260, 0, 28260, 420, 28260, 420, 420, 3180, 160, 160, 3180, 3600, 160, 3180, 160, 160, 3180, 3180, 200, 6610, 80, 1980, 30, 6610, 80, 1980, 1980, 30, 6610, 80, 1980, 80, 1980, 80, 6610, 6610, 40, 170, 40, 40, 170, 40, 170, 170, 40, 170, 20, 1760, 1760, 1760, 1760, 1760, 1160, 3960, 1950, 15590, 1740, 16890, 3500, 3500, 3500, 3500, 3500, 1840, 6020, 6020, 6020, 6020, 6020, 1530, 80, 1530, 80, 500, 30, 1530, 80, 80, 80, 1530, 1530, 340, 1280, 3010, 20, 1170, 1280, 1170, 20, 1280, 1170, 20, 1280, 1170, 20, 1280, 1170, 20, 340, 16510, 3440, 3120, 490, 3440, 510, 3440, 3730, 490, 490, 510, 510, 3120, 3440, 510, 3120, 3120, 490, 510, 3120, 490, 3440, 6180, 80, 80, 18990, 80, 18990, 18990, 80, 80, 18990, 18990, 1310, 1470, 510, 540, 1470, 1470, 510, 1470, 510, 510, 1470, 510, 120, 590, 230, 120, 220, 220, 220, 220, 220, 220, 6680, 6680, 220, 220, 6680, 220, 6680, 6680, 220, 2200, 2100, 610, 170, 1930, 2990, 410, 410, 2990, 410, 2990, 410, 2990, 410, 2990, 250, 250, 250, 250, 250, 220, 120, 120, 230, 230, 480, 480, 10, 480, 230, 120, 480, 230, 120, 480, 230, 120, 380, 820, 25400, 10, 820, 3320, 10, 820, 890, 10, 20, 890, 25400, 3320, 820, 890, 890, 3320, 10, 890, 3320, 3320, 10, 820, 340, 230, 230, 230, 230, 230, 1960, 130, 90, 40, 50, 50, 1050, 40, 50, 50, 40, 40, 50, 40, 210, 210, 210, 210, 1990, 10, 990, 10, 10, 990, 990, 10, 20, 250, 1100, 990, 10, 20, 20, 990, 20, 20, 550, 550, 550, 550, 550, 2290, 2290, 2290, 540, 2290, 2290, 16890, 270, 1910, 180, 310, 310, 310, 1910, 180, 1910, 310, 1910, 310, 1910, 340, 3340, 3340, 30, 30, 30, 16540, 3340, 30, 30, 3340, 3340, 1790, 470, 470, 1790, 470, 1790, 0, 1790, 1790, 470, 470, 41680, 180, 4370, 2420, 2420, 2420, 2420, 2420, 10, 2740, 2740, 690, 10, 2740, 2740, 10, 2740, 10, 10, 720, 2900, 2900, 2900, 2900, 2900, 650, 390, 650, 650, 280, 650, 390, 280, 650, 390, 280, 390, 280, 390, 140, 6800, 780, 140, 780, 6800, 780, 1240, 780, 6800, 780, 6800, 6800, 140, 140, 140, 2260, 250, 2260, 10, 20, 2260, 2260, 2260, 2740, 11080, 3340, 370, 3740, 370, 370, 1950, 70, 3740, 370, 3740, 3740, 370, 70, 3740, 70, 70, 160, 1500, 1500, 1600, 3020, 0, 300, 1600, 1500, 160, 1600, 1500, 160, 1600, 160, 1500, 1600, 160, 90, 90, 2650, 90, 90, 90, 550, 100, 60, 250, 170, 70, 100, 170, 70, 60, 100, 250, 250, 70, 60, 30, 170, 140, 30, 100, 250, 60, 70, 30, 170, 100, 250, 60, 70, 30, 170, 30, 370, 510, 220, 4230, 3260, 6220, 20, 20, 580, 30, 30, 6220, 6220, 3260, 6220, 3260, 580, 30, 6220, 3260, 580, 580, 20, 580, 30, 20, 20, 3260, 30, 16800, 20, 40, 20, 20, 20, 20, 1220, 690, 70, 690, 1220, 30, 690, 1220, 690, 1220, 690, 1220, 810, 390, 280, 680, 2010, 280, 2010, 680, 810, 680, 280, 2010, 680, 810, 810, 280, 810, 2010, 680, 2010, 280, 1820, 1640, 1640, 1640, 1640, 1640, 19800, 140, 1300, 140, 0, 1300, 1300, 140, 1300, 1300, 140, 140, 20, 1520, 1160, 1520, 1520, 1520, 1520, 8930, 60, 20, 20, 60, 20, 8930, 60, 8930, 1690, 60, 8930, 60, 20, 8930, 20, 530, 4570, 530, 530, 530, 530, 140, 2080, 930, 310, 990, 990, 990, 990, 990, 6480, 20, 20, 18980, 700, 3150, 70, 20, 70, 700, 70, 3150, 700, 1100, 70, 20, 18980, 700, 20, 70, 3150, 3150, 3150, 20, 700, 2480, 2120, 10, 110, 110, 2120, 110, 2120, 110, 2120, 2120, 110, 4690, 4690, 4690, 4690, 4690, 190, 70, 20, 70, 2050, 50, 20, 2050, 650, 320, 2050, 70, 320, 20, 70, 20, 2050, 320, 70, 20, 2050, 320, 340, 340, 340, 340, 340, 1570, 2070, 2070, 2070, 2070, 1570, 1570, 2070, 1570, 1570, 2680, 120, 3220, 120, 120, 2680, 370, 3220, 3220, 580, 2680, 370, 3220, 2680, 370, 3220, 370, 120, 2680, 370, 120, 12840, 70, 0, 500, 0, 500, 0, 70, 500, 550, 15320, 500, 70, 500, 0, 70, 70, 0, 2700, 20, 2470, 2470, 380, 2470, 2470, 2470, 20, 20, 20, 20, 910, 20, 1470, 3260, 20, 20, 1470, 20, 1470, 20, 1470, 1470, 920, 920, 920, 920, 920, 22650, 3050, 30, 30, 30, 30, 30, 5900, 560, 560, 560, 560, 560, 380, 3010, 3010, 1120, 380, 1120, 3010, 380, 1120, 3010, 380, 1120, 1120, 380, 3010, 40, 910, 100, 410, 40, 910, 40, 910, 410, 40, 910, 410, 40, 410, 410, 910, 160, 1770, 8300, 160, 8300, 160, 8300, 1770, 160, 1770, 1770, 8300, 1770, 160, 8300, 0, 1210, 2440, 550, 130, 2370, 2440, 2440, 130, 2370, 550, 130, 550, 130, 2370, 2440, 550, 130, 2370, 2440, 550, 2370, 1570, 30, 610, 150, 150, 910, 610, 150, 910, 910, 610, 150, 910, 610, 150, 910, 610]"
2020-11-03 16:50:00+00:00,5350750,0,2694.0,"[580, 80, 0, 280, 0, 80, 580, 80, 80, 580, 80, 580, 0, 0, 0, 580, 1030, 500, 500, 10930, 500, 500, 500, 1320, 40, 130, 130, 1320, 3470, 40, 130, 130, 1320, 3470, 40, 130, 1320, 3470, 40, 1320, 3470, 3470, 40, 40, 320, 40, 40, 40, 40, 3780, 50, 50, 50, 50, 50, 100, 30, 0, 100, 100, 100, 100, 1520, 190, 190, 190, 1520, 1520, 190, 1520, 1520, 120, 180, 0, 40, 0, 180, 700, 40, 0, 180, 0, 120, 40, 40, 180, 40, 10, 10, 7610, 10, 10, 10, 20, 50, 750, 20, 50, 20, 750, 50, 50, 20, 750, 20, 750, 50, 750, 100, 180, 140, 140, 140, 140, 140, 180, 100, 1010, 140, 180, 140, 180, 140, 140, 180, 4080, 4080, 4080, 4080, 4080, 270, 660, 270, 270, 270, 270, 660, 8840, 8840, 8840, 8840, 8840, 40, 450, 780, 780, 40, 450, 40, 40, 750, 750, 780, 40, 450, 450, 780, 450, 780, 80, 80, 80, 80, 80, 140, 2900, 3790, 3790, 180, 3790, 3790, 1490, 80, 1740, 80, 1740, 1490, 1740, 37970, 1740, 80, 1740, 80, 1490, 1490, 1490, 80, 2840, 80, 2840, 80, 80, 2840, 2840, 80, 2840, 80, 10, 210, 780, 2360, 0, 210, 0, 210, 50, 50, 210, 780, 50, 780, 50, 210, 0, 0, 0, 0, 780, 780, 420, 130, 130, 420, 420, 420, 130, 420, 130, 130, 4230, 4230, 500, 4230, 4230, 4230, 220, 10, 10, 10, 10, 90, 10, 100, 2070, 2070, 2070, 2600, 2600, 2070, 2600, 2600, 2600, 2070, 40, 2320, 10, 2320, 2320, 1590, 2320, 10, 1590, 3420, 10, 1590, 10, 1590, 2320, 10, 1590, 16610, 16610, 16610, 16610, 16610, 190, 190, 190, 1320, 190, 190, 180, 250, 420, 180, 180, 14600, 230, 180, 250, 420, 180, 2480, 3330, 3330, 3330, 100, 3330, 3330, 610, 80, 10730, 10730, 10730, 10730, 30, 10730, 2400, 13130, 13130, 13130, 13130, 13130, 5100, 220, 1290, 1290, 580, 130, 1290, 580, 220, 130, 580, 10, 220, 580, 220, 130, 220, 10, 130, 1290, 580, 10, 130, 10, 1290, 600, 650, 8540, 20, 650, 1770, 650, 1770, 1770, 20, 650, 20, 1770, 20, 600, 1770, 20, 650, 600, 600, 600, 2600, 440, 2600, 150, 440, 2600, 440, 2600, 150, 440, 440, 2600, 150, 150, 150, 13000, 110, 13000, 940, 13000, 13000, 13000, 90, 70, 90, 70, 90, 4590, 70, 90, 90, 70, 70, 1410, 210, 140, 140, 3360, 140, 210, 140, 140, 3340, 30, 0, 3340, 3340, 3340, 3340, 1330, 780, 500, 210, 1330, 500, 640, 640, 1330, 280, 640, 1330, 500, 640, 1330, 500, 500, 2980, 390, 390, 370, 390, 3370, 390, 2980, 2980, 2980, 2980, 390, 2040, 2040, 2040, 0, 2040, 0, 2040, 0, 0, 0, 350, 230, 230, 230, 230, 230, 4230, 440, 440, 4230, 4230, 440, 1490, 4230, 440, 4230, 440, 5980, 110, 110, 40, 40, 110, 40, 110, 40, 110, 100, 620, 100, 110, 100, 100, 100, 450, 50, 2050, 40, 40, 730, 450, 2050, 120, 320, 2050, 40, 450, 730, 2050, 450, 730, 2050, 120, 730, 40, 730, 120, 40, 120, 450, 120, 2420, 2420, 2420, 3190, 2420, 2420, 60, 10, 10, 10, 10, 10, 210, 30, 30, 0, 30, 0, 30, 0, 30, 240, 30, 0, 30, 30, 30, 30, 0, 30, 1480, 7230, 50, 200, 200, 200, 200, 200, 4370, 3380, 440, 3380, 0, 3380, 440, 4370, 4370, 3380, 4370, 3380, 4370, 2010, 290, 290, 870, 870, 290, 870, 870, 290, 290, 1420, 1120, 1120, 4660, 1420, 1120, 1120, 1420, 1420, 1420, 1120, 130, 130, 420, 130, 130, 130, 730, 50, 50, 50, 50, 1690, 0, 0, 420, 0, 0, 0, 1440, 180, 80, 320, 80, 80, 320, 1440, 1440, 320, 80, 320, 1440, 1440, 320, 80, 130, 130, 330, 130, 130, 130, 20, 3260, 4300, 1550, 5070, 1550, 20, 5070, 1550, 4300, 20, 5070, 3260, 20, 5070, 1550, 1550, 4300, 20, 5070, 4300, 4300, 650, 9920, 140, 140, 140, 140, 4070, 490, 80, 740, 490, 80, 4070, 20, 490, 4070, 740, 490, 80, 4070, 80, 80, 490, 4070, 20, 20, 20, 20, 20, 10, 20, 20, 100, 20, 100, 20, 100, 100, 30, 13420, 13420, 13420, 13420, 13420, 3590, 1340, 1340, 10210, 1340, 3590, 3590, 1340, 3590, 3590, 1340, 10, 2480, 10, 1020, 10, 10, 1020, 1020, 10, 1020, 1020, 21000, 3000, 50, 50, 21000, 21000, 670, 21000, 50, 21000, 290, 50, 50, 50, 60, 1880, 50, 60, 950, 2140, 50, 50, 1880, 60, 50, 50, 60, 60, 50, 50, 50, 2650, 2050, 0, 10, 240, 1200, 240, 240, 870, 240, 240, 0, 0, 550, 2180, 10, 2180, 2180, 440, 1520, 2180, 2180, 1470, 870, 1470, 1470, 1470, 1470, 560, 560, 560, 560, 560, 460, 30, 460, 460, 460, 30, 460, 30, 100, 30, 30, 50, 10, 130, 130, 1240, 130, 1240, 130, 1240, 4300, 4300, 130, 4300, 4300, 4300, 1240, 1240, 550, 240, 40, 550, 550, 550, 550, 170, 14840, 2960, 14840, 170, 14840, 170, 14840, 14840, 170, 170, 4090, 4090, 4090, 4090, 4090, 480, 170, 700, 170, 170, 170, 10, 0, 140, 0, 50, 140, 140, 50, 24010, 50, 50, 50, 140, 1290, 1290, 1290, 1290, 1290, 1330, 10, 10, 20, 30, 10, 120, 20, 120, 120, 30, 20, 10, 20, 120, 120, 20, 520, 100, 100, 100, 100, 100, 290, 290, 20, 20, 290, 20, 290, 20, 20, 290, 10, 10, 10, 10, 60, 10, 10, 10, 10, 100, 10, 60, 60, 360, 60, 60, 60, 20, 220, 30, 40, 30, 220, 220, 570, 430, 30, 30, 40, 220, 30, 220, 920, 170, 550, 1000, 1000, 1130, 540, 140, 1130, 140, 140, 1130, 540, 1130, 540, 140, 1130, 540, 540, 140, 120, 1650, 1650, 1650, 1650, 1650, 100, 3450, 3450, 1130, 3450, 3450, 3450, 10, 10, 650, 1420, 340, 1420, 1420, 1420, 1420, 1710, 1710, 5560, 100, 530, 5560, 1920, 1710, 5560, 1920, 1710, 5560, 1920, 1920, 2010, 20, 2010, 520, 520, 1500, 2010, 1500, 1500, 520, 520, 1500, 20, 520, 1500, 2010, 2010, 1820, 330, 1820, 330, 1820, 330, 1820, 330, 1820, 390, 730, 730, 730, 730, 730, 350, 4830, 10100, 230, 10, 70, 10, 290, 0, 0, 4830, 10, 70, 10, 70, 100, 5840, 260, 0, 70, 70, 0, 4830, 4830, 0, 4830, 10, 1230, 30, 30, 30, 2800, 30, 2800, 2800, 2800, 2800, 14820, 5960, 14820, 5960, 14820, 5960, 5960, 14820, 14820, 5960, 90, 6420, 10, 6420, 10, 6420, 10, 6420, 10, 10, 6420, 2900, 790, 790, 640, 3240, 640, 3090, 74890, 3090, 790, 3090, 3090, 790, 640, 3240, 3090, 790, 640, 640, 230, 230, 1120, 1120, 3410, 1120, 3410, 3410, 1120, 3410, 3410, 1120, 3320, 3320, 3320, 3320, 3320, 5960, 20, 5070, 5070, 5070, 20, 20, 5070, 5070, 20, 310, 20, 320, 40, 90, 130, 16620, 10530, 180, 10530, 180, 10530, 16620, 180, 16620, 10530, 10530, 130, 16620, 90, 130, 16620, 180, 130, 130, 180, 840, 0, 7850, 840, 0, 840, 0, 460, 840, 0, 840, 0, 160, 160, 160, 160, 160, 80, 10, 3670, 20, 3670, 80, 20, 80, 3670, 110, 80, 3670, 20, 3670, 20, 20, 80, 260, 260, 260, 260, 390, 3340, 390, 3340, 390, 390, 3340, 390, 3340, 3340, 2540, 170, 2540, 650, 2540, 2540, 2540, 2580, 740, 25820, 2780, 740, 740, 740, 740, 10550, 10550, 710, 10550, 10550, 10550, 930, 930, 930, 930, 930, 1280, 16640, 1960, 1960, 1280, 13230, 1280, 1960, 1280, 1960, 1280, 1960, 4490, 4490, 5620, 4490, 4490, 4490, 70, 70, 70, 70, 360, 360, 360, 30, 360, 360, 0, 3290, 3290, 3290, 3290, 3290, 3090, 140, 7720, 1620, 1620, 7720, 140, 1620, 1620, 5740, 3580, 230, 100, 15590, 100, 100, 100, 100, 20, 20, 20, 20, 20, 50, 10, 470, 730, 50, 1300, 50, 730, 730, 350, 1300, 50, 470, 50, 730, 1300, 470, 350, 350, 470, 350, 470, 350, 50, 50, 1300, 730, 1300, 50, 50, 170, 4070, 20, 4070, 260, 4070, 20, 20, 260, 620, 20, 260, 20, 4070, 260, 4070, 290, 10, 10, 290, 290, 10, 290, 10, 290, 10, 130, 20, 130, 20, 360, 7530, 360, 360, 7530, 20, 130, 360, 7530, 20, 360, 7530, 20, 7530, 130, 130, 200, 200, 200, 810, 200, 200, 1300, 1300, 1300, 1300, 1300, 50, 50, 50, 50, 800, 50, 340, 340, 340, 7250, 340, 7250, 7250, 80, 340, 7250, 7250, 17770, 2700, 2700, 80, 2700, 2700, 2700, 1820, 70, 140, 70, 4660, 1820, 1820, 70, 1820, 70, 1820, 70, 140, 70, 270, 70, 70, 270, 70, 70, 270, 270, 290, 900, 900, 290, 290, 9240, 900, 290, 900, 290, 900, 2600, 3240, 1580, 2430, 3240, 2430, 7440, 20, 3240, 3240, 3240, 3240, 2430, 20, 50, 10, 3240, 2430, 7440, 3240, 1580, 3240, 7440, 3240, 2430, 7440, 20, 7440, 20, 330, 0, 60, 330, 0, 60, 330, 60, 0, 60, 330, 0, 330, 60, 0, 3140, 90, 490, 3140, 510, 510, 160, 400, 50, 340, 50, 160, 510, 50, 160, 50, 160, 160, 510, 50, 510, 100, 70, 70, 70, 70, 70, 1420, 990, 10, 10, 11460, 20, 10, 10, 10, 10, 550, 1830, 40, 290, 0, 330, 2320, 290, 290, 290, 290, 10, 110, 410, 110, 40, 110, 0, 110, 40, 410, 0, 0, 40, 0, 40, 10, 10, 110, 10, 10, 0, 160, 160, 160, 160, 160, 1470, 20, 2430, 120, 100, 100, 120, 120, 100, 100, 100, 120, 120, 15650, 40, 40, 40, 40, 15650, 40, 15650, 5530, 15650, 15650, 10, 320, 10, 10, 320, 10, 10, 320, 320, 80, 2580, 400, 60, 400, 2580, 400, 400, 400, 510, 350, 130, 130, 350, 350, 510, 350, 7010, 130, 130, 510, 350, 130, 510, 510, 60, 1260, 1260, 1260, 1260, 500, 1260, 910, 90, 660, 910, 10100, 910, 910, 910, 300, 1700, 30, 350, 30, 30, 350, 3670, 60, 30, 30, 1700, 350, 1700, 1700, 350, 12400, 1700, 350, 160, 280, 640, 640, 280, 640, 280, 660, 640, 280, 640, 280, 3260, 80, 80, 80, 2320, 80, 80, 20, 400, 20, 20, 4370, 20, 20, 20, 20, 20, 20, 20, 490, 490, 490, 770, 490, 490, 500, 2450, 2450, 490, 490, 2450, 490, 490, 2450, 2450, 40, 320, 320, 40, 2160, 320, 2160, 310, 2160, 40, 310, 40, 320, 2160, 310, 2160, 310, 40, 320, 860, 3680, 710, 1210, 3680, 860, 7810, 860, 3680, 860, 3680, 860, 3680, 2070, 2000, 240, 240, 2070, 2070, 2000, 2000, 240, 240, 2070, 240, 2070, 2000, 2000, 0, 300, 300, 300, 0, 0, 300, 0, 0, 600, 450, 3640, 450, 0, 0, 0, 3640, 600, 450, 3640, 600, 240, 50, 190, 0, 3640, 600, 450, 0, 3640, 600, 450, 80, 60, 80, 60, 80, 80, 60, 80, 60, 60, 31900, 140, 140, 140, 4590, 140, 140, 31900, 600, 600, 600, 600, 600, 4260, 4260, 290, 680, 1990, 1990, 1990, 1990, 1990, 260, 260, 260, 260, 260, 72840, 250, 270, 270, 270, 270, 2270, 300, 1160, 190, 29290, 29290, 1160, 300, 1160, 29290, 300, 1160, 300, 190, 1160, 190, 190, 29290, 300, 190, 29290, 150, 420, 150, 420, 150, 420, 150, 420, 150, 420, 58640, 360, 58640, 58640, 360, 360, 58640, 360, 58640, 610, 610, 610, 610, 610, 170, 60, 2140, 60, 70, 2140, 60, 60, 60, 340, 700, 700, 340, 700, 340, 340, 700, 340, 700, 5120, 180, 180, 180, 180, 180, 1190, 630, 1190, 900, 1190, 900, 900, 630, 1190, 1190, 900, 900, 70, 160, 160, 160, 300, 160, 160, 7070, 210, 7070, 7070, 7070, 7070, 120, 1680, 600, 1360, 0, 1360, 1680, 1360, 1680, 600, 120, 1360, 1680, 0, 0, 1360, 1680, 0, 0, 820, 120, 820, 810, 820, 180, 810, 810, 820, 810, 180, 180, 180, 180, 180, 400, 1920, 400, 1680, 400, 1920, 400, 400, 380, 70, 2430, 70, 2430, 70, 380, 380, 70, 2430, 70, 380, 380, 2430, 40, 40, 60, 4980, 40, 40, 40, 20, 780, 20, 250, 20, 20, 20, 1700, 10, 1700, 100, 390, 1700, 10, 1700, 10, 1700, 10, 10, 4370, 2640, 9700, 4370, 4370, 4370, 4370, 90, 90, 90, 90, 90, 90, 2180, 2000, 2100, 220, 50, 2000, 2100, 2000, 2180, 2100, 2180, 2000, 220, 2180, 2180, 2100, 2000, 2100, 220, 220, 220, 590, 590, 590, 300, 590, 590, 3740, 90, 3740, 3740, 3740, 3740, 90, 110, 10, 40, 10, 1460, 640, 4630, 40, 4630, 52980, 40, 40, 40, 40, 4630, 4630, 30, 60, 2840, 60, 460, 60, 460, 2840, 30, 460, 460, 460, 30, 30, 60, 30, 610, 10100, 610, 610, 610, 610, 2100, 6490, 6490, 6490, 6490, 6490, 4130, 20, 4130, 500, 500, 500, 500, 500, 1400, 190, 190, 190, 1060, 60, 60, 190, 60, 60, 190, 60, 1120, 2170, 3890, 2170, 2170, 3890, 10, 3890, 2170, 3890, 2170, 3890, 4640, 0, 4640, 4640, 0, 4640, 0, 0, 4640, 1070, 1630, 100, 100, 100, 1630, 1630, 1850, 1070, 1850, 50, 1070, 1850, 1070, 1850, 100, 1630, 1070, 1850, 50, 50, 50, 50, 1630, 100, 1500, 100, 2550, 2550, 1030, 2550, 1030, 2550, 2550, 1030, 1030, 1030, 440, 0, 0, 0, 0, 0, 440, 3080, 110, 0, 8080, 8080, 3080, 3080, 8080, 3080, 3080, 8080, 8080, 110, 80, 31280, 4310, 4310, 40, 40, 31280, 6480, 1770, 630, 40, 4310, 31280, 40, 4310, 31280, 630, 630, 630, 31280, 40, 4310, 630, 1200, 1200, 1200, 1200, 1200, 250, 40, 810, 2930, 40, 250, 20, 250, 250, 810, 40, 250, 810, 40, 810, 40, 810, 510, 160, 160, 160, 160, 160, 20, 1870, 70, 2790, 1870, 2790, 30680, 1870, 940, 2790, 20, 30680, 940, 2790, 30680, 20, 20, 20, 1870, 20, 70, 70, 940, 20, 1870, 2790, 70, 30680, 940, 20, 0, 20, 20, 940, 70, 30680, 20700, 3900, 20700, 3900, 70, 20700, 3900, 20700, 3900, 20700, 3900, 20, 860, 250, 110, 860, 860, 470, 860, 860, 3100, 3100, 1980, 3100, 3100, 3100, 6570, 160, 160, 160, 6570, 160, 180, 490, 6570, 6570, 160, 6570, 300, 20, 20, 300, 9750, 20, 20, 300, 300, 300, 20, 40, 550, 50, 1020, 1020, 1020, 550, 1020, 550, 550, 550, 5360, 2920, 690, 690, 5360, 280, 690, 280, 5360, 690, 280, 280, 690, 280, 5360, 5360, 640, 100, 0, 20, 20, 0, 0, 20, 20, 20, 0, 20, 1070, 3440, 3440, 3440, 3440, 20, 20, 5450, 20, 20, 3440, 0, 0, 0, 0, 0, 10, 10, 10, 10, 10, 13810, 13810, 13810, 13810, 13810, 20, 780, 160, 160, 780, 20, 160, 780, 20, 160, 780, 20, 160, 780, 20, 2330, 2330, 2330, 2330, 2330, 3440, 15810, 10, 590, 10, 590, 10, 13810, 6040, 10, 590, 590, 10, 590, 400, 780, 1320, 780, 300, 980, 2230, 2230, 2230, 2230, 2230, 600, 600, 600, 600, 600, 130, 50, 550, 550, 550, 550, 130, 550, 650, 40, 4720, 40, 40, 40, 40, 12400, 2810, 5760, 5770, 2810, 430, 430, 5770, 2810, 430, 5770, 2810, 430, 5770, 2810, 430, 5770, 50, 480, 320, 320, 320, 480, 320, 480, 480, 320, 480, 90, 1420, 1350, 160, 160, 0, 160, 10, 160, 160, 2800, 1040, 2010, 17380, 30, 17380, 30, 17380, 30, 2010, 17380, 2010, 2010, 17380, 30, 2010, 30, 4210, 180, 4210, 180, 4210, 180, 180, 180, 4210, 4210, 20, 150, 20, 150, 20, 20, 20, 30, 350, 350, 30, 350, 980, 350, 30, 30, 350, 30, 260, 140, 260, 260, 140, 140, 260, 260, 140, 140, 1070, 180, 600, 180, 180, 600, 180, 600, 180, 600, 600, 360, 270, 2240, 9210, 7850, 170, 7850, 170, 7850, 170, 7850, 170, 7850, 170, 1280, 20, 4020, 60, 60, 60, 1280, 1280, 4020, 1280, 4020, 1280, 4020, 60, 60, 4020, 1570, 480, 130, 20, 20, 20, 20, 20, 100, 3380, 210, 1650, 1650, 6020, 210, 100, 3380, 6020, 210, 100, 1650, 6020, 3380, 3380, 210, 6020, 100, 1650, 3380, 210, 6020, 100, 1650, 3260, 3260, 3300, 700, 700, 700, 700, 3300, 700, 3300, 3300, 3300, 2800, 830, 240, 710, 340, 380, 380, 380, 380, 240, 710, 240, 10, 380, 240, 240, 710, 710, 710, 1530, 10, 10, 520, 520, 700, 700, 520, 520, 700, 520, 700, 700, 130, 130, 130, 130, 130, 20, 1670, 1220, 30, 400, 1670, 1220, 30, 1670, 30, 1220, 1220, 30, 1670, 1220, 30, 1670, 80, 220, 80, 80, 80, 80, 190, 30, 30, 30, 190, 30, 30, 1020, 2250, 1830, 1830, 2250, 140, 1830, 2250, 1830, 2250, 1830, 2250, 70, 80, 730, 70, 70, 70, 70, 200, 460, 4710, 460, 460, 10420, 460, 460, 160, 160, 160, 160, 160]"
2020-11-03 16:55:00+00:00,6679370,1,2316.0,"[1310, 10, 10, 1310, 1310, 120, 120, 10, 120, 120, 1310, 10, 10, 1310, 120, 1600, 20, 20, 20, 20, 20, 220, 220, 220, 18290, 0, 220, 220, 570, 20, 2840, 20, 570, 20, 220, 570, 20, 570, 20, 570, 70, 70, 11950, 20, 30, 70, 30, 30, 70, 30, 30, 10, 370, 370, 10, 2380, 3280, 370, 3280, 370, 12650, 10, 3280, 3280, 3280, 370, 10, 10, 40, 50, 10, 10, 50, 50, 50, 10, 10, 10, 10, 100, 1880, 140, 100, 1880, 140, 100, 1880, 140, 140, 100, 1880, 100, 1880, 140, 1000, 160, 2360, 33110, 2360, 7260, 33110, 2360, 2360, 2040, 2360, 33110, 33110, 33110, 940, 940, 60, 170, 940, 170, 940, 170, 170, 940, 220, 1810, 4720, 30, 20, 1810, 20, 20, 30, 20, 20, 1810, 1810, 1810, 40, 2640, 2640, 140, 30, 40, 2640, 140, 30, 40, 2640, 140, 40, 2640, 30, 40, 140, 30, 60, 60, 60, 60, 60, 240, 770, 140, 140, 140, 140, 140, 460, 50, 80, 10, 20, 80, 20, 10, 80, 20, 20, 10, 80, 10, 80, 20, 10, 680, 680, 680, 680, 90, 20, 90, 90, 20, 20, 90, 20, 90, 20, 600, 9120, 20, 50, 20, 20, 600, 20, 9120, 20, 50, 600, 600, 20, 20, 600, 20, 20, 20, 910, 20, 20, 20, 20, 20, 11400, 1500, 10, 1500, 1500, 1500, 1500, 870, 4290, 430, 4290, 870, 870, 270, 1650, 870, 4290, 4290, 870, 4290, 5570, 3810, 680, 5570, 680, 5570, 3810, 680, 3810, 680, 5570, 5570, 3810, 680, 3810, 170, 30680, 4670, 4670, 4670, 4670, 60, 60, 320, 10, 320, 2090, 60, 320, 60, 60, 320, 320, 530, 530, 430, 530, 430, 430, 430, 530, 530, 20, 7580, 20, 7580, 20, 7580, 20, 7580, 7580, 20, 20, 230, 120, 3640, 30, 20, 3830, 90, 3640, 90, 20, 3640, 3830, 3770, 20, 90, 3830, 90, 3830, 30, 30, 90, 3830, 20, 30, 3640, 30, 20, 3640, 3290, 390, 9780, 390, 3290, 150, 390, 9780, 1880, 390, 9780, 3290, 9780, 390, 9780, 3290, 3290, 190, 190, 200, 460, 40, 460, 40, 40, 460, 460, 40, 460, 40, 150, 60, 19560, 1110, 1110, 1110, 19560, 19560, 1110, 19560, 19560, 110, 3120, 2650, 3120, 110, 3120, 3120, 110, 3120, 110, 110, 0, 1110, 510, 200, 740, 0, 200, 510, 1110, 0, 510, 1110, 200, 0, 510, 1110, 200, 0, 200, 510, 1110, 130, 1040, 130, 130, 130, 130, 90, 2320, 2320, 2320, 40, 2320, 2320, 530, 530, 1280, 1280, 530, 30, 530, 1280, 1280, 530, 1280, 670, 2460, 11810, 670, 1880, 11810, 11810, 1880, 670, 11810, 1880, 1880, 11810, 2460, 670, 1880, 670, 8490, 0, 2710, 1770, 2710, 10, 10, 10, 11410, 10, 10, 4530, 4530, 3790, 4530, 4530, 4530, 20, 20, 20, 760, 20, 20, 0, 0, 0, 0, 0, 1300, 160, 1300, 160, 1300, 160, 160, 1300, 1300, 160, 10, 230, 230, 140, 10, 10, 230, 230, 230, 10, 10, 20, 20, 20, 20, 20, 0, 0, 0, 0, 1990, 0, 40, 170, 200, 10410, 200, 200, 170, 170, 170, 200, 4390, 4390, 4570, 2150, 550, 2150, 2150, 2150, 550, 2150, 550, 550, 550, 610, 6480, 700, 110, 2850, 4530, 610, 610, 2850, 610, 110, 2850, 110, 2850, 610, 110, 2850, 610, 110, 8300, 20, 102200, 102200, 102200, 20, 102200, 20, 20, 20, 102200, 12400, 140, 1860, 2310, 140, 12400, 140, 12400, 140, 12400, 140, 1860, 12400, 140, 320, 9750, 320, 320, 320, 320, 810, 50, 180, 180, 2780, 420, 440, 180, 50, 180, 50, 180, 50, 50, 4100, 1370, 10, 1370, 220, 1370, 10, 1370, 220, 10, 70, 220, 1370, 10, 220, 10, 370, 370, 370, 2150, 370, 370, 240, 4230, 20, 810, 20, 810, 810, 20, 810, 20, 20, 810, 350, 40, 350, 101730, 101730, 101730, 350, 90, 40, 350, 40, 101730, 40, 101730, 40, 350, 730, 440, 90, 980, 980, 120, 120, 3370, 90, 980, 730, 680, 90, 440, 120, 730, 440, 90, 980, 120, 730, 980, 440, 730, 90, 440, 500, 0, 240, 40, 240, 40, 0, 240, 0, 40, 240, 40, 0, 240, 40, 0, 480, 220, 270, 370, 370, 370, 10420, 370, 370, 30, 710, 30, 240, 710, 30, 240, 710, 600, 30, 240, 240, 240, 30, 710, 710, 90, 90, 90, 90, 90, 3470, 4550, 460, 460, 460, 460, 460, 40, 1080, 0, 20, 480, 470, 900, 50, 900, 900, 2020, 900, 50, 900, 340, 860, 760, 760, 3920, 860, 760, 760, 760, 170, 2320, 170, 2320, 170, 2320, 2320, 170, 2320, 170, 4230, 1970, 1970, 1970, 1970, 1970, 1320, 600, 2470, 370, 370, 370, 600, 370, 600, 370, 600, 600, 290, 180, 1430, 90, 70, 290, 180, 290, 300, 180, 300, 290, 300, 90, 70, 300, 90, 180, 180, 70, 290, 70, 90, 300, 70, 90, 300, 300, 300, 300, 300, 100, 120, 120, 100, 100, 120, 100, 120, 100, 120, 3820, 870, 3820, 14120, 130, 520, 520, 960, 14120, 520, 960, 14120, 130, 0, 960, 520, 14120, 960, 520, 14120, 130, 960, 130, 130, 340, 340, 340, 340, 340, 2710, 780, 450, 780, 450, 780, 780, 780, 450, 450, 1040, 2040, 130, 2040, 130, 130, 3540, 2040, 130, 130, 2040, 2040, 370, 370, 370, 370, 370, 8760, 8760, 8760, 8760, 8760, 5140, 10, 10, 10, 10, 10, 20, 3370, 1090, 1090, 20, 3370, 20, 3370, 20, 900, 1090, 3370, 1090, 20, 3370, 20, 1090, 220, 220, 220, 300, 220, 220, 720, 600, 600, 10, 560, 60, 80, 80, 60, 80, 80, 60, 1160, 60, 60, 6380, 880, 7940, 40, 880, 880, 880, 880, 190, 190, 12000, 190, 190, 2330, 80, 2330, 80, 2330, 80, 2330, 80, 2330, 80, 220, 19080, 220, 19080, 220, 40, 280, 19080, 220, 19080, 19080, 220, 1900, 120, 1900, 1900, 1900, 1900, 11080, 100, 150, 13450, 40, 40, 100, 150, 40, 13450, 40, 150, 100, 100, 150, 13450, 40, 13450, 100, 150, 13450, 1900, 1120, 740, 1120, 1120, 1120, 600, 1900, 600, 1900, 600, 1900, 1120, 600, 1900, 600, 10, 60, 10, 60, 90, 10, 60, 90, 90, 90, 210, 10, 60, 90, 60, 10, 22800, 10, 10, 10, 10, 90, 8590, 22800, 10, 8300, 2170, 3150, 2170, 2170, 3150, 2170, 3150, 3150, 650, 3150, 2170, 0, 930, 930, 50, 930, 50, 50, 930, 930, 0, 0, 0, 0, 50, 120, 910, 120, 120, 910, 10, 120, 910, 910, 910, 120, 140, 9750, 2760, 10, 10, 10, 10, 140, 10, 10, 10, 10, 70, 10, 10, 730, 540, 220, 1180, 220, 540, 1180, 1180, 20, 220, 1180, 540, 220, 1180, 220, 540, 540, 1610, 2320, 1190, 2320, 2320, 2320, 1190, 2320, 1190, 1190, 1190, 760, 760, 90, 90, 90, 90, 760, 90, 760, 760, 80, 80, 80, 80, 80, 700, 520, 520, 700, 520, 700, 520, 700, 520, 700, 1550, 4000, 1550, 1550, 1550, 1550, 13030, 3390, 13030, 19350, 19350, 19350, 2320, 2320, 2320, 19350, 2320, 2320, 19350, 190, 190, 190, 190, 190, 3430, 4480, 490, 10, 30, 30, 30, 30, 30, 2760, 2760, 1160, 780, 50, 600, 600, 600, 600, 600, 3650, 3650, 160, 3650, 160, 160, 160, 3650, 160, 3650, 1630, 1340, 140, 2610, 490, 490, 370, 490, 490, 490, 40820, 3100, 90, 11110, 220, 10, 220, 90, 10, 3100, 10, 40820, 11110, 220, 90, 3100, 10, 220, 90, 3100, 10, 220, 90, 3100, 2180, 40, 2180, 2180, 20, 20, 2180, 40, 2180, 40, 40, 3280, 3690, 40, 10, 840, 40, 70, 40, 1720, 10, 3090, 10, 10, 240, 3090, 40, 10, 3090, 10, 3090, 3090, 50, 100, 180, 280, 280, 3610, 100, 180, 280, 100, 180, 280, 100, 180, 280, 100, 180, 80, 2400, 40, 260, 390, 260, 260, 390, 2400, 260, 670, 30, 390, 260, 40, 2400, 2400, 40, 390, 2400, 40, 390, 40, 750, 10, 10, 10, 10, 10, 90, 90, 1120, 48430, 1120, 1120, 48430, 48430, 48430, 1120, 48430, 1120, 7010, 170, 730, 730, 170, 170, 730, 730, 170, 730, 170, 1200, 1200, 1200, 1200, 1200, 220, 60, 870, 60, 870, 60, 870, 870, 60, 870, 60, 160, 600, 1340, 600, 600, 600, 600, 320, 320, 320, 320, 320, 40, 280, 140, 2190, 270, 270, 270, 270, 2190, 2190, 140, 270, 280, 140, 140, 140, 2190, 2190, 390, 390, 390, 20, 390, 390, 220, 1300, 220, 1300, 220, 220, 1300, 220, 1300, 1300, 780, 780, 780, 780, 780, 110, 670, 20, 670, 670, 670, 20, 110, 20, 670, 110, 110, 20, 110, 180, 180, 180, 180, 180, 100, 0, 680, 680, 0, 680, 680, 0, 0, 0, 680, 40, 8830, 20, 320, 320, 12830, 320, 320, 12830, 320, 3420, 1520, 3500, 0, 11010, 40, 40, 4440, 40, 40, 40, 160, 2760, 2760, 2760, 2760, 2760, 9290, 80, 6790, 2860, 6790, 6790, 6790, 6790, 230, 110, 2580, 1040, 4300, 1040, 4300, 1040, 2580, 110, 1040, 2580, 110, 4300, 1040, 2580, 110, 4300, 2580, 110, 4300, 140, 230, 10, 80, 880, 80, 80, 80, 880, 80, 10, 10, 10, 10, 10, 10, 50, 50, 50, 50, 50, 0, 22330, 20, 20, 1610, 740, 20, 740, 20, 740, 740, 20, 740, 1940, 820, 1940, 1940, 1940, 1940, 1340, 620, 630, 800, 630, 20, 1340, 620, 620, 620, 630, 630, 630, 620, 14570, 50, 190, 10, 13910, 10, 20, 920, 30, 30, 5910, 3980, 3980, 3980, 150, 150, 150, 150, 3980, 3980, 150, 4300, 4300, 4300, 4300, 4300, 110, 7550, 110, 110, 110, 110, 7120, 530, 40, 530, 40, 530, 530, 530, 40, 40, 40, 340, 30, 350, 30, 30, 350, 10550, 10550, 30, 350, 30, 350, 10550, 350, 10550, 10550, 15020, 310, 310, 15020, 310, 15020, 310, 310, 15020, 15020, 430, 30, 1520, 30, 430, 30, 430, 730, 430, 30, 430, 30, 460, 90, 90, 460, 460, 4270, 460, 90, 460, 90, 90, 3610, 3610, 3610, 3610, 3610, 490, 14350, 180, 410, 290, 410, 410, 410, 410, 950, 4220, 100, 100, 120, 100, 1740, 120, 120, 120, 100, 260, 9770, 260, 6470, 260, 9770, 260, 9770, 260, 9770, 9770, 810, 280, 30, 820, 10, 70, 40, 40, 10, 40, 10, 40, 10, 40, 10, 820, 50, 50, 50, 50, 50, 4270, 15020, 11330, 10, 11330, 15020, 15020, 15020, 15020, 2590, 2030, 2530, 2030, 2030, 2530, 2030, 2530, 2530, 2030, 2530, 3020, 3020, 3020, 10, 10, 11810, 10, 3020, 10, 3020, 10, 4230, 4230, 4230, 4230, 4230, 3110, 50, 50, 140, 50, 50, 50, 110, 1040, 800, 10, 380, 110, 1040, 380, 110, 1040, 1040, 380, 10, 110, 1040, 380, 380, 110, 2780, 2780, 2780, 2780, 2780, 30, 10, 1160, 1160, 1160, 10, 30, 1160, 10, 30, 10, 30, 1160, 30, 10, 50, 860, 3650, 3650, 3650, 3650, 3650, 1840, 90, 60, 60, 60, 1840, 90, 60, 60, 1840, 1840, 1840, 1000, 600, 950, 950, 600, 950, 1010, 950, 950, 600, 600, 600, 2040, 1230, 2040, 1230, 1230, 2040, 1230, 1230, 2040, 2040, 730, 880, 730, 730, 880, 880, 730, 880, 730, 880, 2140, 120, 120, 120, 120, 120, 4570, 1070, 980, 300, 300, 300, 20, 300, 980, 300, 14030, 680, 14030, 14030, 14030, 14030, 460, 460, 460, 460, 460, 900, 40, 680, 2980, 680, 680, 680, 680, 630, 630, 100, 1260, 630, 630, 630, 10, 10, 110, 690, 690, 210, 210, 110, 210, 210, 690, 2200, 110, 110, 690, 690, 210, 110, 920, 920, 920, 920, 920, 310, 1530, 3140, 3140, 1530, 10, 3140, 1530, 3140, 1530, 3140, 1530, 1330, 1140, 1140, 1330, 40, 1140, 1330, 1140, 1330, 1140, 1330, 400, 0, 400, 0, 1040, 400, 0, 400, 0, 400, 0, 100, 180, 550, 180, 180, 180, 180, 590, 55670, 2410, 55670, 55670, 55670, 55670, 610, 610, 610, 1840, 610, 1840, 1840, 610, 1840, 1840, 4340, 1910, 4340, 4340, 1910, 4340, 4340, 1910, 1910, 1910, 150, 780, 3060, 70, 3140, 150, 3140, 150, 3140, 150, 3140, 150, 3140, 14630, 150, 12990, 20, 8720, 20, 8720, 12990, 8720, 20, 2200, 3700, 12990, 12990, 8720, 20, 20, 12990, 8720, 10, 10, 10, 10, 10, 14650, 2520, 240, 860, 14650, 2520, 14650, 14650, 14650, 12710, 12710, 12710, 12710, 12710, 100, 10, 10, 10, 730, 10, 10, 690, 730, 240, 330, 720, 720, 720, 720, 720, 330, 1040, 1040, 1040, 1040, 1040, 830, 4290, 3720, 830, 830, 3720, 3720, 830, 3720, 830, 3720, 12840, 35870, 380, 140, 140, 140, 35870, 140, 35870, 140, 35870, 35870, 2570, 620, 1640, 620, 620, 620, 1640, 620, 840, 3990, 40, 40, 40, 40, 40, 3090, 6640, 12240, 590, 5200, 5200, 590, 5200, 8020, 590, 12240, 590, 5200, 12240, 590, 5200, 12240, 12240, 190, 50, 10, 90, 190, 190, 50, 90, 50, 90, 190, 10, 10, 90, 50, 190, 10, 10, 50, 90, 10, 40, 60, 670, 40, 20, 670, 670, 670, 670, 1390, 20, 20, 20, 20, 20, 120, 320, 80, 30, 320, 80, 320, 80, 80, 80, 320, 320, 40, 40, 40, 40, 40, 11740, 3400, 60, 20, 60, 20, 60, 60, 190, 190, 20, 20, 190, 60, 190, 20, 190, 530, 470, 470, 530, 470, 470, 530, 530, 470, 530, 6240, 6240, 6240, 6240, 6240, 4720, 370, 1030, 950, 0, 0, 0, 0, 0, 30, 830, 30, 30, 830, 830, 830, 30, 30, 830, 540, 2650, 410, 160, 2650, 2650, 2650, 2650, 10, 3240, 120, 130, 1060, 380, 1060, 1060, 380, 380, 1060, 1060, 380, 380, 270, 300, 270, 270, 270, 270, 150, 13940, 460, 150, 150, 150, 460, 150, 24000, 20, 170, 20, 20, 20, 20, 970, 1440, 1440, 1440, 1440, 1440, 1100, 70, 70, 13820, 70, 1100, 70, 1100, 70, 1100, 1100, 0, 600, 0, 0, 600, 0, 0, 600, 600, 600, 3610, 720, 170, 10, 10, 720, 3580, 0, 10, 720, 170, 10, 720, 170, 170, 10, 170, 720, 3940, 3940, 3940, 3940, 3940, 33110, 2530, 110, 33110, 110, 33110, 2530, 110, 33110, 33110, 2530, 110, 110, 2530, 2530, 680, 1760, 2420, 680, 1760, 1760, 1760, 680, 1760, 680, 680, 3810, 340, 340, 340, 340, 340, 0, 0, 0, 0, 0, 270, 50, 3710, 50, 200, 680, 3710, 50, 50, 3710, 3710, 50, 3710, 1120, 680, 1120, 680, 1120, 680, 1120, 680, 1120, 680, 3060, 3060, 3060, 3060, 3060, 40]"
2020-11-03 17:00:00+00:00,4527550,0,1941.0,"[3740, 3740, 3740, 3740, 3740, 1340, 530, 530, 1340, 40, 530, 1340, 530, 1340, 530, 1340, 170, 170, 170, 170, 170, 180, 180, 60, 60, 60, 60, 60, 110, 1810, 20, 110, 110, 20, 110, 20, 1810, 20, 1810, 1810, 20, 1810, 110, 3600, 230, 3990, 3990, 298260, 34130, 230, 230, 230, 3600, 3990, 230, 3600, 3600, 3600, 3990, 3990, 6710, 140, 70, 750, 70, 140, 2010, 10, 70, 140, 750, 70, 70, 140, 140, 2800, 2800, 830, 2800, 2800, 2800, 12810, 12810, 12810, 12810, 12810, 160, 160, 160, 160, 160, 2510, 1220, 150, 1680, 220, 60, 480, 60, 3530, 10, 220, 9980, 220, 3530, 480, 220, 10, 60, 60, 60, 220, 3780, 3780, 90, 50, 50, 350, 350, 290, 290, 290, 350, 350, 290, 290, 350, 160, 160, 160, 160, 160, 34050, 34050, 34050, 4270, 34050, 29180, 140, 370, 100, 100, 100, 100, 30, 100, 30, 30, 30, 30, 7190, 150, 10, 150, 7190, 10, 7190, 150, 150, 7190, 7190, 150, 10810, 1170, 50, 10810, 10810, 10810, 10810, 5800, 200, 200, 60, 2290, 200, 200, 200, 530, 170, 1610, 40, 40, 40, 170, 40, 40, 10, 7010, 150, 7010, 150, 7010, 150, 150, 7010, 150, 7010, 60, 20, 10, 60, 60, 60, 60, 10, 250, 10760, 8880, 8880, 250, 250, 250, 8880, 8880, 250, 8880, 23120, 60, 9670, 9670, 9670, 9670, 9670, 70, 70, 70, 70, 70, 80, 80, 80, 80, 80, 310, 290, 15780, 850, 310, 850, 310, 850, 310, 850, 310, 850, 610, 70, 90, 2200, 400, 70, 70, 70, 70, 440, 530, 440, 440, 440, 440, 6510, 620, 5610, 2350, 5610, 6510, 6510, 6510, 6510, 930, 850, 930, 6080, 210, 90, 210, 6080, 90, 2700, 210, 6080, 90, 6080, 90, 210, 6080, 90, 210, 10, 30, 30, 10, 30, 10, 30, 30, 10, 10, 410, 160, 260, 160, 160, 160, 160, 180, 340, 10, 1510, 8610, 2510, 8610, 1770, 200, 970, 200, 200, 970, 90, 970, 200, 200, 970, 970, 970, 43410, 43410, 43410, 43410, 43410, 40, 2650, 2650, 2650, 2650, 2650, 180, 370, 90, 490, 1140, 490, 90, 370, 490, 90, 180, 180, 370, 1140, 490, 90, 180, 370, 1140, 180, 490, 90, 1140, 370, 1140, 5610, 400, 400, 400, 400, 400, 10, 240, 10, 50, 1310, 10, 60, 1610, 60, 1610, 60, 1310, 1610, 10, 1310, 1610, 1310, 1610, 60, 60, 1310, 19350, 220, 10, 60, 21130, 2540, 10, 2180, 21130, 2180, 21130, 21130, 60, 2540, 21130, 10, 2180, 10, 510, 2180, 10, 2180, 23740, 160, 10, 330, 10, 10, 330, 330, 330, 330, 10, 10, 10, 230, 100, 1900, 1900, 90, 6030, 580, 1900, 1900, 1900, 50, 50, 50, 50, 50, 150, 30, 400, 8300, 2510, 10980, 400, 400, 8300, 10980, 8300, 10980, 400, 10980, 8300, 10980, 8300, 400, 3860, 3190, 3190, 3190, 3190, 3190, 40, 40, 40, 40, 50, 50, 50, 40, 50, 50, 340, 340, 340, 340, 340, 7010, 1040, 7010, 1040, 1040, 7010, 340, 7010, 1040, 7010, 1040, 40, 3280, 3280, 3280, 19350, 3280, 3280, 90, 90, 90, 90, 90, 30, 30, 30, 30, 120, 80, 80, 120, 120, 120, 80, 120, 80, 80, 3010, 2980, 1700, 1700, 30, 680, 680, 30, 680, 30, 30, 680, 680, 30, 1100, 1100, 1100, 1100, 1100, 270, 190, 190, 10, 190, 10, 270, 190, 10, 270, 10, 190, 10, 270, 270, 2900, 6410, 6410, 50, 50, 6410, 50, 6410, 2900, 50, 50, 6410, 2900, 2900, 2900, 240, 240, 20, 240, 240, 240, 1810, 1810, 3860, 1810, 1810, 1810, 3230, 130, 130, 760, 760, 110, 760, 130, 130, 130, 760, 760, 3190, 200, 200, 3190, 320, 200, 3190, 3190, 200, 3190, 200, 340, 340, 340, 340, 340, 350, 350, 350, 350, 350, 30, 480, 480, 480, 30, 220, 480, 30, 480, 30, 30, 380, 3390, 24080, 24080, 380, 380, 3390, 24080, 24080, 380, 24080, 380, 2380, 10280, 6440, 180, 6440, 6440, 2380, 6440, 1340, 180, 2380, 2380, 180, 2380, 180, 6440, 180, 100, 60, 60, 70, 70, 240, 70, 60, 60, 70, 70, 60, 280, 850, 280, 850, 850, 850, 280, 850, 280, 280, 490, 490, 490, 490, 490, 60, 4060, 370, 370, 70, 370, 370, 70, 370, 70, 70, 70, 3350, 250, 6060, 6060, 280, 6060, 6060, 6060, 160, 12800, 12800, 12800, 12800, 12800, 1160, 1160, 1160, 1160, 1160, 120, 2880, 1380, 3630, 120, 2880, 10, 3630, 1380, 120, 2880, 10, 120, 2880, 10, 3630, 1380, 1380, 10, 3630, 2880, 10, 1380, 3630, 120, 760, 40, 3040, 100, 40, 40, 40, 40, 3250, 3250, 440, 3250, 3250, 3250, 680, 680, 680, 680, 680, 90, 390, 2130, 390, 2130, 390, 2130, 390, 2130, 390, 2130, 1730, 4240, 50, 170, 0, 50, 50, 50, 4240, 4240, 170, 4240, 50, 4240, 3210, 30, 3210, 650, 3210, 650, 3210, 420, 130, 650, 3210, 650, 160, 160, 160, 160, 40, 160, 10, 60, 60, 60, 60, 60, 880, 270, 270, 270, 270, 850, 30, 1670, 30, 30, 140, 420, 420, 140, 70, 140, 30, 140, 420, 30, 420, 420, 140, 30, 5630, 11520, 5630, 70, 180, 180, 190, 7460, 7460, 1360, 8460, 7460, 7460, 350, 7460, 3730, 760, 760, 760, 3730, 3730, 10, 3730, 760, 3730, 760, 40, 990, 990, 30, 30, 990, 990, 30, 30, 990, 30, 220, 60, 620, 620, 50, 50, 50, 50, 50, 770, 4230, 60, 4230, 770, 60, 4230, 770, 4230, 770, 60, 60, 4230, 770, 60, 440, 2260, 2370, 2260, 2370, 21020, 10, 2370, 2260, 2370, 2260, 2370, 2260, 180, 500, 500, 3550, 200, 3550, 200, 3550, 200, 3550, 200, 200, 3550, 160, 10, 10, 440, 460, 420, 440, 440, 440, 440, 3270, 3270, 3270, 3270, 10, 3270, 220, 980, 980, 980, 2780, 980, 980, 4450, 4450, 100, 4060, 290, 290, 4060, 290, 4060, 290, 4060, 290, 4060, 90, 300, 510, 510, 510, 510, 510, 5570, 1540, 1540, 1540, 1540, 1540, 120, 120, 600, 120, 120, 120, 1390, 360, 1390, 1390, 1390, 1390, 90, 90, 90, 90, 90, 370, 140, 370, 370, 140, 5570, 370, 140, 140, 140, 370, 60, 160, 150, 150, 60, 60, 150, 60, 150, 60, 150, 120, 3780, 3780, 7640, 120, 370, 3780, 120, 3780, 120, 3780, 120, 160, 80, 200, 100, 200, 200, 200, 200, 40, 40, 3610, 740, 90, 40, 310, 390, 2480, 2480, 390, 2480, 2480, 390, 390, 390, 2480, 2890, 9390, 70, 4190, 10, 90, 90, 90, 10, 10, 10, 4190, 10, 90, 90, 4190, 4190, 4190, 60, 60, 50, 50, 50, 50, 50, 250, 250, 250, 250, 250, 9300, 1000, 1000, 1000, 1000, 1000, 6520, 40, 40, 6000, 40, 40, 6000, 40, 6000, 6000, 6000, 50, 50, 50, 4440, 4440, 4340, 4340, 4340, 50, 4340, 4440, 4440, 4340, 4440, 170, 1580, 1580, 1580, 1580, 170, 1580, 2730, 430, 2730, 780, 360, 780, 360, 360, 8010, 780, 8010, 780, 8010, 8010, 360, 780, 360, 40, 20, 1830, 40, 40, 40, 40, 40, 40, 1390, 1390, 1390, 1390, 1390, 4290, 720, 3080, 6000, 6000, 3080, 6000, 6000, 3080, 3080, 3080, 6000, 1140, 1830, 220, 220, 1830, 1830, 4620, 220, 220, 220, 1830, 1830, 10580, 1320, 1320, 1320, 70, 1320, 1320, 10, 40, 2760, 2190, 10, 2760, 2760, 2760, 2760, 1060, 140, 1060, 1060, 1060, 390, 40, 40, 40, 40, 40, 10, 18270, 10, 10, 10, 10, 39620, 530, 39620, 39620, 530, 530, 39620, 39620, 530, 530, 920, 2070, 2800, 2800, 2800, 2800, 2800, 20, 20, 20, 2780, 20, 20, 80, 620, 50, 620, 50, 620, 50, 620, 50, 50, 620, 60, 2470, 530, 3100, 530, 530, 530, 530, 130, 130, 130, 130, 130, 80, 180, 780, 2480, 300, 80, 290, 1990, 80, 300, 290, 300, 290, 80, 80, 300, 290, 300, 290, 20, 20, 20, 20, 20, 30, 1100, 29890, 20, 20, 20, 20, 20, 10, 1010, 1980, 4550, 1980, 1980, 4550, 4550, 1980, 4550, 4550, 1980, 1340, 20, 220, 1690, 1080, 1080, 1690, 1690, 1080, 1080, 1080, 1690, 1690, 5240, 680, 680, 680, 680, 680, 3890, 20, 580, 580, 3890, 580, 3890, 490, 3890, 20, 580, 3890, 20, 20, 20, 580, 10, 4840, 2100, 2100, 2100, 2100, 4840, 2100, 4830, 0, 0, 0, 0, 0, 110, 360, 360, 360, 30, 360, 360, 190, 70, 190, 70, 70, 190, 190, 190, 70, 70, 4590, 4590, 4590, 4590, 4590, 0, 70, 0, 70, 0, 0, 0, 1050, 1050, 1050, 1050, 1050, 300, 1650, 2640, 3870, 2640, 3870, 1650, 2640, 1650, 300, 2640, 3870, 1650, 300, 2640, 1650, 300, 3870, 3870, 300, 40, 40, 40, 40, 40, 4600, 60, 4600, 60, 4600, 140, 4600, 60, 4600, 60, 2460, 820, 820, 2460, 3650, 820, 2460, 40, 40, 820, 2460, 40, 40, 820, 2460, 40, 2860, 2860, 2860, 2860, 2860, 140, 10, 10, 10, 1930, 10, 10, 2020, 100, 100, 100, 30630, 100, 100, 620, 620, 620, 620, 620, 620, 160, 2000, 1360, 2000, 180, 1360, 2000, 180, 70, 2000, 180, 1360, 180, 1360, 1360, 2000, 2640, 2640, 2640, 2640, 2640, 720, 3350, 3350, 720, 190, 3350, 720, 190, 720, 190, 3350, 190, 3350, 190, 720, 70, 70, 70, 70, 70, 2460, 2460, 2460, 2460, 1630, 1480, 2460, 150, 50, 50, 50, 50, 150, 4900, 8170, 8170, 8170, 8170, 10, 8170, 1230, 1180, 3470, 10, 1180, 10, 3470, 1180, 10, 1230, 1230, 3470, 3470, 1180, 10, 1230, 1230, 3470, 10, 1180, 260, 580, 580, 580, 300, 580, 300, 580, 300, 300, 300, 10, 0, 10, 10, 0, 10, 0, 10, 10, 0, 10, 0, 10, 10, 10, 5680, 30, 4710, 30, 30, 5680, 5680, 30, 30, 4710, 30, 4710, 5680, 30, 30, 30, 4710, 5680, 4710, 30, 3950, 960, 960, 3950, 610, 3950, 3950, 960, 3950, 960, 13540, 80, 13540, 13540, 13540, 80, 80, 80, 13540, 80, 370, 5070, 370, 370, 110, 370, 370, 110, 110, 1760, 110, 110, 110, 930, 1630, 1630, 1630, 1630, 1630, 10, 10, 20, 10, 10, 10, 3240, 1030, 150, 150, 150, 1030, 150, 1030, 1030, 150, 1030, 80, 350, 350, 350, 60, 350, 350, 12720, 1470, 50, 1920, 770, 2050, 17060, 17060, 17060, 810, 770, 580, 11860, 810, 18370, 2050, 810, 770, 580, 2050, 18370, 810, 17060, 810, 770, 580, 2050, 18370, 17060, 770, 580, 580, 18370, 380, 2050, 18370, 50, 300, 220, 220, 4770, 220, 220, 220, 11310, 11310, 11310, 11310, 11310, 1690, 1690, 1690, 1690, 1690, 200, 2390, 2390, 2390, 2390, 2390, 470, 11310, 4900, 470, 4900, 470, 4900, 470, 4900, 470, 4900, 7720, 20, 80, 80, 80, 20, 80, 20, 20, 20, 80, 4590, 770, 20, 20, 20, 770, 20, 70, 6080, 20, 240, 20, 20, 20, 20, 20, 240, 20, 20, 20, 20, 30, 20, 120, 120, 120, 30, 20, 80, 3000, 10, 20, 20, 30, 120, 20, 30, 120, 30, 630, 60, 38860, 110, 2760, 110, 2760, 2760, 2760, 110, 2760, 110, 110, 30, 1520, 30, 0, 270, 270, 270, 270, 270, 800, 630, 800, 800, 800, 800, 80, 80, 80, 80, 80, 1530, 1660, 1530, 1530, 1530, 1530, 770, 770, 1230, 430, 190, 430, 190, 430, 190, 190, 190, 430, 430, 0, 200, 200, 200, 200, 200, 200, 650, 4530, 650, 650, 4530, 1720, 650, 4530, 650, 4530, 4530, 1150, 80, 280, 80, 280, 4300, 80, 280, 80, 80, 280, 280, 70, 430, 430, 850, 70, 80, 850, 430, 70, 850, 430, 70, 430, 70, 850, 0, 0, 0, 220, 220, 50, 0, 220, 0, 220, 220, 350, 110, 350, 10, 1590, 2400, 10, 1590, 2400, 40, 2400, 1590, 10, 2400, 1590, 10, 2400, 1590, 10, 5170, 350, 350, 350, 350, 350, 2150, 2670, 2670, 380, 1310, 2670, 2150, 2670, 2670, 4210, 1060, 23680, 1780, 30, 1780, 30, 23680, 1780, 23680, 30, 23680, 1780, 30, 1780, 30, 23680, 640, 0, 640, 640, 640, 640, 30, 760, 30, 240, 1390, 1790, 1390, 1390, 1390, 1390, 60, 60, 1460, 170, 170, 170, 170, 170, 330, 380, 380, 380, 380, 380]"
2020-11-03 17:05:00+00:00,4198880,0,1962.0,"[7320, 280, 1780, 1330, 20, 1780, 1330, 1780, 1780, 1330, 1330, 1330, 1780, 20, 20, 20, 20, 20, 900, 50, 80, 80, 50, 80, 80, 50, 80, 50, 50, 4490, 30, 4490, 30, 30, 4490, 30, 4490, 30, 4490, 1430, 380, 1430, 380, 1920, 380, 1430, 380, 1430, 1430, 380, 40, 40, 170, 40, 40, 40, 1950, 280, 280, 280, 280, 280, 1170, 170, 300, 170, 300, 170, 300, 300, 170, 300, 170, 1920, 0, 0, 0, 0, 0, 220, 220, 120, 4860, 2370, 2370, 4860, 2370, 4860, 2370, 4860, 4860, 2370, 2410, 500, 340, 910, 910, 340, 500, 500, 340, 500, 910, 910, 910, 340, 500, 340, 15000, 1700, 0, 120, 0, 120, 0, 120, 120, 0, 120, 0, 150, 20, 20, 150, 150, 20, 20, 150, 20, 150, 1360, 3240, 1360, 1360, 3240, 1360, 3240, 3240, 1360, 3240, 1630, 1440, 40, 40, 400, 40, 1630, 1440, 1440, 1440, 40, 1440, 40, 130, 130, 4050, 130, 130, 130, 160, 60, 100, 100, 100, 100, 100, 360, 20, 360, 20, 20, 360, 20, 360, 20, 360, 10, 10, 50, 50, 950, 50, 50, 50, 700, 700, 700, 700, 700, 820, 1910, 790, 790, 790, 1910, 1910, 790, 1910, 1910, 2180, 2180, 2180, 2180, 2180, 1510, 12990, 12990, 760, 12990, 12990, 12990, 320, 170, 1510, 170, 170, 1510, 170, 170, 1620, 80, 2800, 40, 690, 690, 690, 80, 80, 690, 40, 80, 80, 690, 20, 20, 20, 20, 20, 2180, 300, 300, 300, 300, 300, 190, 30, 2740, 560, 2740, 560, 560, 2740, 2740, 80, 560, 2740, 560, 960, 2370, 210, 990, 2370, 210, 990, 210, 990, 990, 210, 990, 2370, 2370, 210, 2370, 10, 70, 70, 70, 10, 10, 70, 10, 10, 70, 30, 4060, 4060, 4060, 30, 30, 30, 4060, 30, 4060, 30, 630, 770, 770, 630, 630, 630, 630, 30, 150, 30, 30, 30, 30, 160, 430, 60, 40, 10330, 400, 10330, 10330, 400, 400, 60, 60, 400, 40, 40, 10330, 16310, 10330, 60, 40, 60, 40, 400, 60, 40, 60, 40, 60, 40, 60, 40, 60, 40, 60, 60, 40, 60, 60, 60, 30, 220, 10760, 30, 30, 30, 30, 800, 800, 800, 800, 800, 150, 4570, 1140, 1010, 400, 3740, 60, 300, 2080, 2080, 2080, 2080, 2080, 190, 410, 80, 410, 410, 410, 190, 80, 80, 80, 190, 410, 190, 190, 9280, 380, 60, 610, 60, 380, 610, 610, 380, 9280, 380, 610, 9280, 60, 380, 9280, 610, 60, 60, 9280, 3310, 620, 800, 780, 2260, 180, 2050, 2050, 800, 10, 2260, 800, 780, 2050, 2050, 800, 780, 780, 800, 780, 2050, 11860, 3640, 9650, 1610, 1610, 690, 100, 9650, 690, 100, 3640, 100, 1610, 690, 100, 3640, 690, 9650, 9650, 3640, 3640, 100, 1610, 9650, 1610, 690, 1120, 1120, 840, 20, 10, 0, 0, 0, 0, 10, 0, 0, 0, 10, 0, 10, 0, 0, 0, 0, 0, 0, 0, 10, 12830, 200, 20, 200, 200, 20, 200, 200, 550, 50, 80, 180690, 370, 470, 0, 3740, 0, 0, 470, 470, 0, 370, 470, 370, 470, 370, 370, 0, 470, 110, 130, 470, 130, 470, 470, 470, 0, 4530, 80, 30, 830, 30, 30, 30, 30, 70, 120, 120, 120, 120, 120, 340, 220, 220, 220, 220, 220, 2260, 130, 10, 130, 130, 2260, 2260, 10, 1240, 130, 2260, 130, 2260, 1240, 1240, 1240, 1240, 120, 80, 120, 90, 80, 120, 20, 80, 80, 120, 80, 120, 130, 1400, 1400, 130, 1400, 130, 1400, 130, 1400, 130, 11310, 600, 2750, 2940, 2750, 11310, 2940, 600, 2940, 600, 2750, 11310, 2940, 2750, 600, 11310, 2940, 600, 2750, 11310, 1200, 80, 13460, 13460, 80, 480, 13460, 80, 13460, 80, 13460, 80, 90, 220, 640, 90, 90, 640, 90, 220, 640, 90, 640, 220, 220, 640, 220, 13590, 240, 13590, 13590, 13590, 13590, 280, 280, 14550, 280, 60, 280, 280, 80, 10, 80, 80, 370, 80, 80, 80, 80, 2610, 90, 90, 90, 90, 90, 720, 18930, 18930, 18930, 18930, 18930, 3720, 30, 30, 30, 30, 30, 330, 30, 330, 1480, 330, 330, 30, 330, 1480, 1480, 30, 1480, 1480, 30, 60, 90, 60, 90, 90, 60, 90, 60, 90, 60, 13590, 13590, 13590, 13590, 13590, 430, 430, 430, 430, 430, 100, 100, 1070, 1070, 1070, 100, 1070, 1070, 100, 100, 190, 130, 130, 130, 130, 130, 5840, 5410, 6600, 1840, 6600, 5410, 6600, 5410, 1840, 6600, 5410, 5410, 6600, 3790, 30, 30, 30, 30, 30, 2740, 260, 260, 2740, 260, 2740, 260, 2740, 260, 2740, 20, 7660, 170, 7660, 7660, 7660, 7660, 10, 60, 10, 60, 10, 60, 10, 10, 60, 60, 2520, 300, 10, 10, 10, 10, 10, 540, 10, 300, 20, 300, 300, 300, 300, 4570, 70, 10, 10, 70, 10, 70, 70, 10, 70, 10, 100, 80, 100, 80, 100, 80, 100, 80, 100, 80, 280, 3320, 0, 410, 2850, 0, 410, 4060, 2850, 4060, 280, 0, 4060, 0, 0, 410, 280, 2850, 4060, 280, 410, 410, 4060, 280, 2850, 2850, 14630, 1970, 3690, 3690, 3690, 3690, 3690, 440, 160, 1770, 180, 180, 440, 160, 1770, 160, 180, 1770, 440, 160, 180, 1770, 440, 160, 180, 1770, 440, 50, 2860, 170, 170, 170, 2860, 50, 170, 2860, 170, 2860, 2860, 20, 80, 80, 440, 440, 20, 20, 200, 380, 440, 80, 440, 200, 20, 200, 440, 20, 80, 80, 200, 770, 770, 370, 370, 770, 770, 770, 370, 370, 140, 20, 160, 620, 160, 140, 160, 160, 140, 140, 160, 140, 1720, 1500, 1500, 1720, 1500, 1500, 1500, 10, 7130, 390, 390, 0, 7130, 7130, 0, 7130, 390, 0, 390, 7130, 390, 0, 0, 60, 360, 60, 60, 60, 360, 60, 5000, 12400, 12880, 4130, 1230, 20, 5000, 12880, 4130, 20, 1230, 4130, 5000, 20, 5000, 5000, 4130, 20, 20, 4130, 960, 4460, 180, 4460, 0, 4460, 4460, 180, 180, 180, 4460, 180, 110, 290, 290, 290, 290, 290, 180, 1280, 620, 670, 1280, 670, 620, 1280, 620, 670, 620, 1280, 670, 670, 620, 1280, 5910, 150, 150, 150, 150, 150, 50, 340, 50, 50, 38300, 50, 340, 340, 2740, 340, 38300, 50, 340, 10, 10, 0, 10, 10, 0, 10, 0, 0, 0, 40, 40, 40, 40, 40, 4050, 2220, 260, 4460, 4460, 4460, 4460, 4460, 20, 40, 40, 40, 40, 40, 11830, 910, 10, 90, 10, 320, 90, 90, 10, 320, 10, 320, 90, 90, 10, 320, 320, 60, 14650, 60, 1770, 1950, 1030, 60, 1030, 14650, 1030, 60, 1030, 60, 1440, 2970, 2970, 2970, 2970, 80, 100, 3840, 3840, 3840, 3840, 3840, 220, 220, 220, 220, 220, 3650, 1490, 10, 3650, 10, 1490, 1220, 3650, 1490, 3650, 10, 1490, 3650, 1490, 10, 40, 4300, 3620, 600, 530, 70, 550, 550, 0, 550, 550, 550, 1150, 3190, 340, 340, 80, 300, 300, 150, 150, 150, 150, 150, 10, 10, 320, 10, 10, 10, 3490, 0, 0, 0, 760, 0, 0, 8210, 190, 960, 190, 960, 800, 0, 190, 190, 960, 0, 190, 0, 960, 0, 960, 0, 2220, 2220, 2220, 2220, 2220, 240, 4770, 4760, 4760, 4760, 4760, 4770, 4760, 240, 4770, 240, 4770, 240, 240, 4770, 40, 70, 3790, 10, 3790, 10, 10, 10, 70, 3790, 10, 3790, 3790, 2810, 2810, 2810, 2810, 2810, 16090, 50, 450, 450, 450, 450, 450, 370, 13880, 9200, 9200, 9200, 9200, 9200, 180, 420, 420, 420, 420, 420, 760, 720, 1520, 230, 110, 6030, 6030, 6030, 6030, 6030, 10, 12910, 28760, 4220, 1340, 440, 440, 1340, 440, 440, 440, 1340, 1340, 1340, 1640, 3790, 5840, 70, 1350, 70, 1190, 70, 70, 70, 140, 510, 1560, 510, 140, 510, 140, 510, 140, 510, 140, 10, 8300, 8300, 10, 10, 8300, 8300, 10, 8300, 10, 2850, 2850, 2850, 2850, 2850, 320, 120, 120, 120, 120, 120, 1780, 3680, 140, 140, 140, 140, 140, 1480, 30, 310, 30, 30, 30, 30, 30, 2220, 2010, 2220, 2220, 2010, 2220, 2010, 2010, 2010, 2220, 20, 110, 20, 20, 20, 110, 20, 110, 110, 110, 20, 20, 100, 4130, 4130, 100, 20, 100, 4130, 4130, 4130, 100, 100, 530, 530, 530, 530, 530, 21870, 0, 480, 480, 480, 0, 21870, 21870, 0, 480, 0, 480, 21870, 21870, 0, 3620, 18350, 18350, 18350, 18350, 380, 1190, 1190, 1190, 1190, 1190, 750, 750, 750, 750, 750, 760, 20, 760, 30, 20, 760, 20, 760, 20, 760, 20, 110, 17530, 690, 3260, 400, 20, 20, 20, 20, 20, 3260, 10660, 10660, 10660, 10660, 10660, 510, 920, 510, 950, 510, 950, 950, 510, 920, 920, 920, 950, 920, 510, 950, 1700, 750, 750, 1700, 1700, 110, 750, 1700, 750, 750, 1700, 290, 290, 290, 290, 0, 50, 50, 50, 50, 50, 2040, 700, 240, 60, 240, 80, 60, 240, 60, 60, 80, 80, 240, 60, 80, 240, 80, 170, 3850, 3000, 290, 50, 7500, 7500, 7500, 7500, 7500, 1600, 14270, 600, 380, 780, 600, 600, 14270, 600, 600, 740, 590, 10, 310, 40, 310, 310, 40, 310, 40, 40, 40, 310, 1030, 6840, 6840, 1030, 1030, 110, 1030, 6840, 1030, 6840, 6840, 220, 220, 220, 220, 220, 2050, 150, 2050, 150, 2050, 150, 2050, 150, 2050, 150, 1520, 280, 60, 60, 280, 280, 60, 280, 60, 280, 60, 100, 200, 100, 200, 100, 200, 200, 100, 100, 200, 40, 40, 40, 40, 40, 4070, 510, 200, 510, 3740, 510, 510, 510, 310, 80, 310, 80, 80, 80, 80, 310, 310, 520, 250, 13140, 13140, 13140, 13140, 13140, 75510, 75510, 75510, 75510, 75510, 920, 20, 2740, 2740, 920, 180, 20, 920, 20, 2740, 20, 920, 2740, 20, 920, 2740, 590, 2130, 550, 2130, 590, 2130, 550, 590, 20, 550, 590, 590, 2130, 550, 550, 2130, 3200, 17680, 70, 70, 630, 630, 3200, 70, 3200, 3200, 630, 70, 3200, 630, 630, 70, 10, 10, 10, 10, 6480, 10, 380, 380, 540, 4100, 380, 380, 5130, 5130, 5130, 740, 5130, 5130, 1000, 1000, 230, 1000, 1000, 1000, 1000, 1000, 1000, 1000, 1000, 10, 10, 10, 10, 40, 10, 1620, 10, 40, 10, 1620, 40, 1620, 40, 10, 40, 10, 1620, 1620, 500, 1970, 1970, 1970, 500, 1970, 1970, 500, 500, 500, 5250, 1030, 2130, 14330, 2130, 80, 80, 2130, 80, 1030, 130, 130, 130, 130, 80, 2130, 2130, 80, 660, 7120, 20, 20, 20, 20, 20, 0, 25310, 0, 0, 0, 0, 1820, 260, 180, 3340, 3340, 3340, 3340, 3340, 1150, 3240, 1770, 3320, 1150, 1770, 3240, 3320, 1770, 3240, 1770, 3320, 3240, 1770, 3320, 1150, 1150, 3320, 1150, 3240, 4680, 3850, 20, 4680, 20, 2100, 4680, 20, 4680, 4680, 20, 20, 80, 80, 70, 80, 80, 80, 600, 600, 600, 600, 600, 0, 30, 30, 30, 30, 300, 300, 300, 230, 300, 300, 12240, 540, 540, 540, 30, 1120, 540, 12240, 1120, 11110, 12240, 1120, 540, 12240, 1120, 12240, 1120, 460, 2970, 460, 2970, 2970, 2970, 460, 460, 2970, 460, 6280, 600, 6280, 6280, 6280, 6280, 20, 2460, 2620, 2620, 470, 4080, 2620, 2620, 2620, 240, 2660, 1730, 240, 1730, 240, 2660, 34760, 1730, 240, 2660, 240, 2660, 2660, 1730, 1730, 18860, 18860, 18860, 18860, 18860, 540, 210, 210, 210, 210, 210, 40, 40, 40, 710, 40, 40, 40, 20, 40, 20, 80, 80, 10, 20, 10, 80, 40, 40, 10, 80, 20, 20, 10, 80, 40, 10, 2190, 480, 430, 750, 750, 750, 750, 750, 11710, 20, 480, 10, 20, 10, 480, 11710, 10, 11710, 20, 10, 480, 11710, 20, 480, 11710, 10, 20, 480, 60, 1400, 1400, 1400, 60, 1400, 1400, 210, 1440, 210, 1440, 1440, 210, 1440, 210, 1440, 210, 3920, 460, 1780, 460, 460, 460, 460, 40, 160, 3700, 3700, 160, 160, 3700, 160, 3700, 160, 3700, 7660, 10, 180, 1460, 10, 180, 180, 180, 180, 14120, 1400, 50, 840, 1400, 1400, 1400, 1400, 2040, 2040, 2040, 2040, 2040, 3170, 540, 380, 3170, 3170, 540, 540, 3170, 540, 3170, 540, 7040, 14120, 14120, 14120, 7040, 14120, 7040, 14120, 7040, 7040, 30, 30, 30, 30, 30, 170, 10, 10, 10, 170, 10, 10, 170, 170, 170]"
2020-11-03 17:10:00+00:00,3868300,1,1675.0,"[0, 2940, 1400, 160, 160, 160, 160, 160, 1310, 180, 10, 2070, 180, 1310, 10, 180, 10, 10, 180, 1310, 180, 10, 1310, 1310, 1440, 130, 130, 130, 130, 130, 1650, 1650, 1650, 1650, 1650, 2760, 61370, 480, 900, 900, 900, 900, 900, 1240, 870, 19380, 390, 30, 390, 390, 30, 390, 390, 50, 10, 600, 1370, 1370, 1370, 1370, 1370, 140, 3320, 140, 3320, 140, 3320, 3320, 140, 3320, 140, 2420, 60, 2420, 60, 2420, 60, 2420, 60, 2420, 60, 30, 590, 30, 30, 30, 30, 380, 120, 380, 380, 380, 380, 590, 590, 20, 450, 9940, 12400, 9940, 9940, 450, 12400, 9940, 450, 9940, 450, 450, 3920, 30, 30, 30, 30, 30, 40, 130, 100, 130, 130, 420, 130, 130, 270, 5180, 5180, 90, 5180, 270, 5180, 270, 5180, 270, 270, 620, 620, 620, 0, 0, 0, 0, 350, 620, 620, 0, 160, 40, 40, 40, 160, 40, 40, 10, 10, 10, 10, 10, 1370, 1370, 1370, 1370, 200, 1370, 50, 10550, 10550, 10550, 10550, 10550, 60, 1070, 70, 180, 180, 70, 180, 180, 180, 70, 70, 70, 1970, 3120, 1970, 1970, 1970, 1970, 1010, 4110, 1010, 1010, 4110, 1010, 1010, 4140, 10, 10, 4140, 4300, 4140, 10, 4140, 10, 4140, 3350, 1930, 3350, 3350, 3350, 1930, 3350, 1930, 1930, 1930, 0, 1200, 0, 0, 0, 0, 360, 3170, 140, 10210, 34990, 140, 140, 140, 34990, 34990, 140, 34990, 34990, 680, 1180, 680, 1180, 680, 1180, 680, 1180, 680, 1180, 550, 120, 550, 4130, 4130, 4130, 4130, 4130, 360, 7660, 2040, 2040, 360, 2040, 360, 7660, 7660, 2040, 360, 2040, 360, 7660, 7660, 270, 1370, 270, 270, 270, 1370, 1370, 1370, 270, 1370, 0, 0, 0, 0, 0, 120, 120, 90, 1950, 3350, 720, 1950, 1950, 3350, 3350, 1950, 3350, 720, 1950, 3350, 720, 720, 720, 6090, 0, 2400, 0, 100, 100, 0, 0, 100, 2400, 2400, 100, 6090, 0, 2400, 100, 2400, 2500, 2500, 2500, 2500, 2500, 30990, 30990, 30990, 30990, 30990, 7480, 7480, 7480, 7480, 7480, 30, 30, 250, 30, 250, 250, 30, 250, 250, 2810, 2810, 2810, 2810, 2810, 130, 210, 330, 1670, 1670, 330, 130, 130, 210, 330, 1670, 210, 210, 130, 330, 1670, 130, 330, 1670, 210, 730, 730, 730, 730, 730, 1100, 360, 360, 360, 360, 360, 80, 90, 80, 80, 80, 80, 2660, 2660, 2660, 1620, 2660, 2660, 50, 50, 50, 50, 50, 950, 950, 950, 950, 950, 16200, 100, 16200, 100, 480, 80, 80, 480, 80, 80, 80, 50, 50, 200, 320, 50, 320, 50, 320, 320, 140, 3720, 3720, 3720, 3720, 3720, 430, 230, 430, 430, 230, 230, 430, 230, 230, 430, 1290, 180, 180, 180, 180, 360, 1050, 1050, 30, 1050, 1050, 1050, 1030, 170, 16090, 16090, 170, 170, 16090, 16090, 170, 170, 16090, 1070, 100, 1070, 1070, 100, 1070, 1070, 2770, 2770, 2770, 2770, 2770, 120, 400, 400, 2270, 3290, 530, 2270, 3290, 2270, 2270, 2270, 260, 390, 1320, 390, 390, 260, 390, 260, 260, 390, 260, 1710, 2150, 2150, 230, 230, 230, 230, 230, 180, 1200, 1200, 1200, 1200, 1200, 2760, 180, 180, 2760, 180, 180, 180, 2760, 2760, 2760, 30, 30, 30, 30, 30, 800, 800, 800, 800, 800, 4860, 3640, 21590, 50, 50, 21590, 3640, 21590, 50, 3640, 1920, 21590, 50, 3640, 21590, 50, 3640, 110, 2080, 1230, 1230, 1230, 1230, 1230, 31040, 31040, 3850, 31040, 31040, 31040, 1910, 1910, 1910, 1910, 1910, 380, 100, 100, 380, 560, 380, 380, 100, 380, 100, 100, 1290, 40, 1290, 1290, 1290, 1290, 680, 680, 680, 680, 680, 1530, 1530, 1530, 1530, 1530, 110, 2830, 2830, 2830, 2830, 2830, 40, 40, 40, 40, 40, 2860, 2860, 2860, 2860, 2860, 2540, 620, 620, 620, 620, 2540, 620, 5560, 4710, 6670, 20, 6670, 20, 20, 20, 6670, 6670, 6670, 20, 70, 50, 50, 70, 50, 70, 50, 70, 70, 50, 120, 29170, 120, 29170, 120, 29170, 120, 29170, 120, 29170, 3340, 270, 100, 270, 100, 270, 100, 3340, 100, 270, 100, 270, 1140, 1140, 1140, 1140, 1140, 570, 820, 820, 820, 820, 820, 10, 3270, 10, 3270, 3270, 3620, 10, 10, 3270, 3270, 10, 40, 40, 40, 40, 2750, 2750, 40, 2750, 2750, 2750, 2960, 2270, 360, 360, 360, 360, 360, 90, 7590, 90, 90, 90, 90, 380, 380, 380, 380, 380, 4200, 290, 290, 290, 290, 290, 120, 120, 120, 120, 120, 210, 740, 210, 740, 740, 210, 740, 740, 210, 210, 1340, 170, 40, 50, 50, 170, 50, 50, 50, 1330, 310, 310, 230, 20640, 2020, 670, 520, 520, 520, 520, 520, 20, 2660, 2660, 20, 2660, 20, 2660, 2660, 20, 20, 110, 110, 110, 110, 110, 100, 100, 100, 100, 100, 220, 220, 220, 220, 220, 70, 70, 70, 70, 10, 220, 1700, 1700, 1700, 1700, 1700, 1410, 1410, 1410, 1410, 1410, 5040, 5040, 20, 5040, 5040, 5040, 50, 730, 170, 170, 170, 170, 170, 3740, 170, 3740, 170, 170, 170, 3740, 3740, 3740, 170, 120, 120, 120, 120, 120, 1240, 1240, 1240, 1240, 1240, 2620, 50, 50, 1610, 50, 50, 50, 200, 2340, 200, 30, 19610, 1580, 10, 1580, 0, 15030, 15030, 15030, 15030, 15030, 6400, 20, 1850, 1850, 1850, 20, 1850, 20, 1850, 20, 1530, 20, 650, 650, 650, 650, 650, 1330, 80, 1330, 8310, 70, 630, 80, 1330, 8310, 630, 630, 8310, 1330, 630, 8310, 1330, 8310, 630, 330, 1530, 1530, 1530, 1530, 1530, 560, 9850, 100, 9850, 560, 9850, 1520, 560, 9850, 560, 560, 9850, 50, 30, 2960, 2960, 2960, 30, 30, 2960, 30, 2960, 30, 30, 2210, 270, 270, 90, 2330, 2330, 2400, 2330, 2330, 2330, 640, 640, 640, 70, 640, 640, 3900, 3900, 3900, 3900, 3900, 5140, 500, 500, 500, 5140, 5140, 5140, 5140, 500, 500, 970, 140, 950, 970, 140, 970, 140, 970, 140, 140, 970, 3410, 3410, 500, 8310, 3410, 500, 30, 500, 3410, 500, 500, 3410, 1440, 1440, 1440, 1440, 1440, 550, 550, 130, 130, 550, 550, 130, 130, 550, 130, 6910, 6910, 6910, 6910, 6910, 1500, 700, 260, 700, 260, 700, 260, 260, 700, 700, 4830, 4830, 0, 4830, 4830, 4830, 260, 260, 120, 260, 120, 260, 120, 120, 260, 120, 20, 20, 20, 20, 20, 110, 1360, 1360, 110, 1360, 110, 1360, 1360, 110, 110, 0, 80, 960, 80, 80, 80, 960, 960, 0, 960, 960, 80, 2060, 520, 2060, 2060, 2060, 2060, 20, 90, 20, 90, 90, 90, 90, 160, 3160, 160, 160, 3160, 160, 3160, 3160, 3160, 160, 3920, 640, 640, 740, 640, 4730, 4730, 4730, 640, 640, 4730, 270, 13540, 1230, 50, 50, 50, 50, 50, 1950, 260, 260, 260, 1950, 260, 260, 180, 30, 210, 210, 110, 110, 110, 110, 110, 20, 60, 60, 60, 20, 60, 20, 60, 20, 20, 200, 3780, 40, 1650, 1650, 1650, 1650, 1650, 40, 40, 40, 40, 40, 7880, 70, 50, 70, 70, 70, 50, 50, 50, 70, 50, 260, 40, 260, 7440, 260, 7440, 260, 7440, 7440, 260, 7440, 1050, 1500, 1500, 1500, 400, 400, 1500, 400, 1500, 400, 400, 3750, 30, 2990, 1110, 1110, 1110, 2990, 1110, 1110, 5600, 4010, 4030, 4010, 4010, 4030, 4030, 4030, 4030, 4010, 4010, 1120, 260, 260, 260, 260, 260, 2000, 260, 260, 2000, 260, 2000, 260, 2000, 2000, 260, 640, 9710, 4120, 9710, 100, 9710, 9710, 9710, 20, 20, 4520, 20, 760, 0, 20, 20, 550, 2060, 2060, 550, 550, 2060, 550, 2060, 2060, 550, 1500, 30, 1500, 1500, 1500, 1500, 540, 540, 540, 540, 540, 20, 1780, 520, 1780, 520, 1780, 60, 1780, 520, 1780, 520, 520, 10, 10, 10, 10, 10, 1160, 7440, 280, 280, 280, 280, 280, 280, 280, 280, 280, 280, 5640, 1740, 110, 110, 110, 110, 120, 110, 190, 190, 190, 190, 190, 300, 300, 29170, 300, 300, 300, 280, 280, 5690, 680, 5690, 680, 5690, 680, 680, 5690, 680, 5690, 330, 100, 100, 0, 100, 330, 100, 100, 4300, 230, 230, 4300, 230, 230, 230, 1410, 990, 40, 990, 140, 140, 140, 140, 140, 10, 10, 2150, 580, 580, 10, 10, 580, 10, 2150, 2150, 2150, 2150, 580, 580, 190, 760, 80, 6830, 6830, 6830, 80, 6830, 6830, 3530, 1660, 20, 20, 1660, 20, 1660, 1660, 20, 20, 1660, 190, 10, 10, 10, 10, 10, 170, 170, 170, 180, 170, 180, 170, 180, 180, 10, 180, 940, 1880, 1880, 1880, 940, 1880, 1880, 80, 80, 80, 80, 80, 4520, 1140, 1140, 4520, 1140, 1140, 1140, 8540, 8540, 8540, 8540, 8540, 330, 330, 330, 330, 330, 0, 0, 0, 0, 0, 470, 160, 80, 80, 80, 80, 80, 4340, 60, 60, 60, 60, 60, 150, 150, 150, 170, 150, 150, 1210, 1900, 2560, 240, 2560, 240, 2560, 240, 240, 2560, 240, 2560, 23840, 23840, 40, 23840, 23840, 40, 40, 23840, 40, 40, 5290, 240, 240, 5290, 240, 240, 240, 20, 130, 130, 130, 130, 130, 3480, 370, 280, 280, 4820, 4820, 280, 3480, 370, 4820, 370, 3480, 4820, 370, 3480, 4820, 280, 370, 280, 3480, 670, 670, 670, 670, 670, 150, 150, 4900, 150, 150, 150, 1360, 10, 10, 10, 1360, 10, 1360, 10, 1360, 1360, 80, 1820, 3800, 3800, 3800, 3800, 3800, 1610, 2480, 3620, 3620, 3620, 3620, 1470, 3620, 1320, 1320, 1070, 260, 260, 260, 260, 260, 16640, 10, 200, 10, 200, 1810, 10, 200, 10, 10, 200, 200, 13080, 40, 13080, 40, 13080, 40, 0, 40, 13080, 40, 13080, 1400, 17970, 17970, 17970, 17970, 17970, 50, 50, 50, 150, 50, 50, 850, 0, 0, 110, 0, 0, 0, 13080, 10, 10, 10, 10, 10, 80, 80, 80, 80, 80, 850, 70, 70, 70, 70, 70, 2280, 2280, 2280, 450, 2280, 2280, 4850, 1210, 4850, 4850, 1210, 1210, 4850, 1210, 1210, 4850, 2740, 120, 2740, 120, 2740, 120, 2740, 120, 120, 2740, 0, 14890, 2350, 1320, 110, 2350, 2350, 1320, 110, 2350, 110, 1320, 2350, 110, 1320, 110, 1320, 3720, 1290, 140, 1370, 100, 2760, 100, 100, 100, 100, 3520, 3520, 3520, 3520, 3520, 3690, 200, 3650, 3650, 3690, 3650, 3690, 3650, 3690, 3650, 3690, 30, 4160, 11310, 20, 20, 4160, 20, 20, 4160, 20, 4160, 4160, 5720, 5720, 7840, 7840, 670, 7840, 7840, 7840, 480, 350, 3690, 50, 17640, 60, 60, 17640, 17640, 60, 17640, 1900, 1900, 1900, 17640, 60, 1900, 60, 1900]"
2020-11-03 17:15:00+00:00,5053970,0,1669.0,"[530, 480, 530, 480, 480, 480, 480, 6590, 1070, 1070, 2660, 1070, 1070, 1070, 740, 5240, 5240, 50, 600, 740, 600, 600, 5240, 740, 600, 50, 740, 600, 5240, 740, 1700, 1700, 1700, 1700, 1700, 20, 2250, 280, 2250, 2520, 2520, 2520, 2520, 2520, 170, 170, 170, 170, 170, 2580, 630, 630, 630, 630, 630, 260, 260, 260, 260, 260, 260, 260, 260, 260, 260, 20, 60, 170, 60, 170, 60, 60, 170, 60, 170, 170, 80, 380, 380, 380, 380, 380, 2000, 560, 260, 560, 90, 560, 1150, 20, 90, 20, 20, 20, 90, 1150, 560, 90, 20, 1150, 560, 1150, 1150, 90, 11620, 20, 20, 20, 20, 20, 1370, 4770, 100, 100, 4020, 100, 100, 100, 60, 80, 490, 490, 490, 490, 80, 80, 490, 80, 80, 1000, 4000, 1000, 4000, 4000, 1000, 1000, 1000, 4000, 2260, 4000, 420, 420, 0, 420, 420, 420, 1680, 390, 390, 390, 390, 390, 120, 500, 1920, 4030, 3770, 4030, 3770, 4030, 1920, 3770, 3770, 650, 4030, 3770, 4030, 13080, 1000, 1000, 590, 1000, 1000, 1000, 210, 210, 210, 20, 210, 210, 2840, 2380, 2380, 2380, 2380, 2380, 920, 210, 210, 210, 210, 210, 65700, 80, 80, 80, 80, 80, 0, 20, 0, 20, 0, 2910, 20, 20, 0, 20, 0, 10, 4260, 1700, 300, 300, 4260, 300, 4260, 1700, 300, 4260, 1700, 300, 4260, 1700, 1700, 2730, 100, 100, 100, 0, 100, 100, 460, 460, 460, 460, 460, 3260, 10, 3260, 1440, 5520, 3260, 3260, 1530, 10, 3260, 10, 10, 4120, 10, 1330, 0, 0, 0, 0, 0, 10, 310, 4260, 1360, 10, 10, 4260, 4260, 1360, 4260, 1360, 1360, 4260, 1360, 10, 10, 2430, 2430, 2430, 2430, 2430, 300, 130, 1750, 1750, 1750, 300, 300, 1750, 300, 300, 1750, 200, 200, 200, 200, 200, 20, 1060, 3060, 3060, 3060, 1060, 1060, 3060, 1060, 20, 1060, 20, 3060, 20, 20, 980, 980, 100, 980, 980, 980, 380, 380, 380, 380, 380, 1100, 1100, 1100, 1100, 1100, 390, 100, 390, 100, 7810, 390, 100, 390, 390, 100, 37030, 520, 1060, 110, 110, 110, 3220, 110, 110, 131350, 131350, 131350, 810, 131350, 131350, 100, 100, 100, 2420, 2420, 2420, 100, 2420, 2420, 100, 4380, 4380, 2040, 3750, 520, 520, 3750, 520, 3750, 520, 3750, 520, 3750, 770, 2220, 770, 2220, 26030, 710, 770, 770, 2220, 770, 2220, 2220, 60, 2260, 740, 740, 740, 740, 740, 20, 180, 260, 810, 740, 260, 740, 260, 740, 260, 740, 260, 740, 530, 640, 300, 640, 530, 300, 640, 530, 300, 530, 640, 530, 640, 300, 300, 110, 110, 110, 2460, 11460, 2460, 2460, 110, 2460, 110, 110, 2460, 110, 1560, 40, 3960, 1560, 460, 460, 460, 460, 460, 30, 2260, 1440, 2740, 2260, 1440, 1440, 1440, 2260, 1440, 2260, 2260, 100, 100, 100, 100, 100, 70, 70, 70, 70, 70, 1150, 10, 10, 10, 10, 10, 3670, 1400, 720, 40, 6520, 1080, 6520, 6520, 6520, 6520, 70, 70, 740, 790, 1530, 70, 740, 70, 740, 70, 740, 740, 310, 1040, 1040, 10, 310, 310, 1040, 1040, 310, 1040, 310, 20, 10, 10, 10, 10, 10, 3540, 34220, 3540, 3540, 34220, 3540, 34220, 3540, 34220, 80, 820, 820, 820, 820, 820, 3540, 3540, 10, 10, 3540, 10, 10, 10, 3540, 3540, 7700, 140, 140, 290, 140, 140, 140, 6000, 30, 900, 30, 30, 30, 30, 830, 10, 27500, 8090, 8090, 5960, 70, 5960, 780, 70, 5960, 70, 780, 5960, 5960, 70, 780, 780, 70, 780, 100, 150, 680, 150, 150, 150, 150, 140, 140, 140, 140, 140, 210, 210, 210, 210, 210, 14910, 440, 1320, 1320, 13080, 70, 70, 70, 70, 70, 0, 4640, 810, 2350, 70, 810, 810, 70, 4640, 810, 810, 4640, 4640, 4640, 20, 20, 20, 20, 20, 1720, 270, 140, 140, 270, 140, 270, 140, 270, 270, 140, 16760, 16760, 16760, 16760, 16760, 12520, 130, 130, 130, 12520, 12520, 130, 130, 12520, 12520, 2290, 30, 20, 30, 20, 130, 20, 20, 20, 130, 130, 130, 130, 680, 680, 680, 680, 680, 600, 600, 600, 600, 600, 1220, 890, 40, 2270, 510, 510, 2920, 140, 510, 510, 510, 68450, 640, 900, 640, 900, 900, 640, 640, 900, 900, 640, 3560, 500, 380, 240, 240, 4260, 240, 240, 240, 100, 390, 100, 390, 390, 100, 390, 390, 100, 100, 1220, 390, 390, 390, 390, 390, 8120, 1360, 4050, 8120, 4050, 8120, 8120, 8120, 890, 3670, 890, 3670, 3670, 890, 890, 3670, 890, 3670, 960, 42500, 14340, 14340, 42500, 14340, 14340, 14340, 42500, 42500, 42500, 120, 170, 170, 170, 170, 170, 1090, 2180, 460, 40, 40, 2710, 460, 2710, 460, 30, 40, 2180, 2180, 40, 2710, 460, 2180, 40, 2710, 460, 2180, 2710, 1000, 890, 120, 100, 100, 100, 100, 100, 940, 510, 4000, 850, 4000, 940, 510, 940, 510, 940, 510, 940, 510, 4000, 4000, 4000, 650, 6100, 5900, 150, 6100, 6100, 150, 100, 130, 150, 6100, 6100, 5900, 150, 5900, 5900, 5900, 150, 1020, 21590, 21590, 1560, 21590, 1560, 1560, 21590, 1020, 1560, 21590, 1560, 1020, 1020, 1020, 1490, 3170, 850, 3170, 3170, 3170, 3170, 380, 380, 380, 20, 380, 380, 620, 550, 10, 550, 10, 620, 550, 620, 10, 550, 620, 10, 36900, 10, 550, 620, 2660, 1310, 1310, 1310, 1310, 1310, 60, 2840, 60, 10, 60, 2840, 2840, 2840, 2840, 60, 60, 310, 280, 310, 310, 310, 27500, 2070, 10, 2070, 10, 60, 680, 10, 10, 680, 680, 10, 680, 680, 10, 6720, 10240, 10240, 6720, 10240, 6720, 10240, 6720, 10240, 6720, 4310, 120, 810, 810, 27480, 1370, 140, 510, 27480, 1370, 1370, 810, 1370, 810, 1370, 810, 90, 90, 380, 2380, 2280, 2280, 380, 2280, 380, 2380, 2380, 2380, 2280, 380, 2380, 380, 2280, 250, 60, 60, 60, 250, 250, 60, 250, 60, 250, 10, 170, 390, 9290, 390, 10, 390, 10, 390, 10, 170, 10, 390, 60, 440, 60, 330, 930, 930, 930, 560, 930, 40, 40, 560, 40, 560, 40, 40, 930, 560, 560, 5840, 5840, 5840, 5840, 5840, 680, 2240, 2240, 2240, 2240, 2240, 60, 370, 60, 60, 60, 60, 2090, 4940, 4940, 4940, 4940, 2090, 4940, 2090, 2090, 2090, 3670, 120, 3670, 120, 120, 120, 3670, 120, 3670, 3670, 430, 960, 270, 80, 4830, 390, 4830, 80, 4830, 4830, 4830, 4260, 260, 220, 220, 220, 220, 220, 180, 2820, 180, 10, 110, 2820, 2820, 180, 110, 2820, 180, 180, 110, 110, 110, 30, 30, 30, 30, 30, 100, 100, 50, 100, 3360, 100, 3360, 100, 3360, 3360, 3360, 160, 160, 160, 160, 160, 350, 3290, 590, 590, 350, 590, 3290, 1150, 3290, 350, 590, 350, 3290, 350, 590, 3290, 150, 220, 20, 220, 220, 220, 220, 1830, 1830, 5070, 1830, 1830, 1830, 490, 6930, 6930, 6930, 6930, 6930, 4000, 5870, 740, 4000, 5870, 4000, 740, 5870, 4000, 5870, 5870, 4000, 2070, 8610, 8610, 8610, 8610, 8610, 12310, 12310, 12310, 12310, 12310, 50, 330, 50, 330, 330, 330, 50, 330, 50, 50, 1300, 10, 1300, 10, 1300, 10, 10, 1300, 10, 1300, 4000, 4000, 260, 300, 4000, 4000, 4000, 130, 130, 130, 130, 130, 11210, 360, 40, 210, 260, 1610, 260, 260, 260, 260, 80, 40, 80, 5030, 80, 40, 80, 5030, 40, 40, 5030, 40, 5030, 5030, 80, 60, 1500, 1500, 1500, 1500, 1500, 890, 270, 960, 690, 960, 690, 6390, 690, 690, 960, 960, 690, 960, 680, 3220, 680, 680, 680, 680, 20, 40, 100, 4000, 3960, 120, 20, 3510, 20, 100, 3960, 120, 40, 40, 40, 20, 100, 3960, 120, 4000, 3960, 20, 40, 100, 3960, 120, 4000, 100, 120, 4000, 4000, 240, 240, 240, 240, 240, 80, 40, 5840, 2130, 180, 2130, 180, 180, 180, 180, 90, 100, 100, 100, 90, 100, 90, 90, 100, 90, 7060, 7060, 7060, 7060, 7060, 2090, 10, 10, 880, 880, 10, 880, 880, 10, 10, 880, 480, 910, 910, 910, 1190, 1460, 910, 910, 10, 10, 2660, 520, 1020, 1360, 1360, 1360, 1360, 1360, 60, 20, 60, 60, 60, 20, 60, 20, 20, 20, 180, 60, 950, 950, 950, 180, 180, 240, 950, 180, 60, 950, 180, 60, 900, 900, 900, 60, 60, 900, 60, 60, 900, 60, 60, 60, 60, 60, 20, 11950, 20, 20, 190, 20, 20, 150, 81370, 20, 640, 4940, 20, 20, 20, 20, 1400, 1400, 300, 1000, 250, 1800, 20, 250, 250, 250, 250, 110, 90, 90, 20, 8040, 6400, 310, 10240, 1500, 990, 990, 8890, 27480, 990, 990, 990, 330, 4560, 4560, 3530, 330, 330, 4560, 4560, 330, 330, 3530, 330, 330, 330, 330, 4560, 3530, 330, 3530, 960, 220, 30, 30, 14910, 14910, 30, 220, 220, 14910, 14910, 30, 14910, 220, 30, 240, 220, 180, 3520, 180, 3520, 180, 3520, 3520, 180, 180, 3520, 320, 320, 320, 180, 320, 180, 320, 30, 20, 4560, 20, 10, 20, 4560, 20, 4560, 4560, 10, 4560, 10, 10, 10, 20, 0, 0, 24700, 0, 0, 0, 2380, 3120, 3120, 680, 680, 680, 680, 680, 620, 620, 620, 620, 620, 1700, 120, 120, 140, 120, 120, 120, 10, 470, 10, 380, 1210, 180, 180, 180, 180, 1210, 180, 50, 10, 10, 10, 14910, 10, 10, 2450, 2450, 2450, 2450, 2450, 47050, 840, 840, 47050, 47050, 840, 47050, 840, 47050, 840, 1000, 830, 830, 830, 830, 830, 21980, 220, 20, 80, 80, 80, 20, 220, 220, 20, 80, 220, 20, 220, 20, 80, 280, 280, 280, 20, 280, 280, 410, 260, 2320, 9870, 760, 80, 80, 80, 80, 80, 120, 690, 3670, 120, 690, 120, 3670, 120, 120, 1390, 240, 80, 80, 4280, 2900, 4280, 590, 10, 10, 14530, 10, 10, 10, 180, 180, 3780, 0, 180, 180, 180, 77280, 1680, 77280, 1680, 1680, 77280, 77280, 1680, 1680, 77280, 6830, 80, 80, 6830, 6830, 7780, 80, 6830, 6830, 80, 80, 180, 740, 1560, 80, 1560, 1560, 1560, 80, 1560, 490, 180, 180, 180, 6830, 6830, 180, 6830, 180, 6830, 180, 6830, 46000, 470, 470, 470, 46000, 470, 46000, 46000, 470, 46000, 210, 210, 210, 210, 210, 0, 0, 0, 0, 0, 46000, 1480, 2040, 1480, 1480, 1480, 1480, 920, 5520, 0, 0, 920, 1180, 0, 0, 920, 0, 920, 920, 310, 70, 10, 160, 180, 10, 70, 160, 10, 10, 70, 10, 70, 70, 11140]"
2020-11-03 17:20:00+00:00,4935040,0,1696.0,"[1140, 210, 210, 210, 6830, 1140, 1140, 1140, 210, 210, 1140, 110, 110, 110, 110, 220, 110, 4790, 680, 2430, 110, 110, 110, 110, 110, 5610, 380, 70, 70, 5610, 70, 380, 6260, 380, 5610, 70, 5610, 380, 70, 5610, 380, 180, 1600, 1600, 1600, 1600, 1600, 2800, 2800, 2800, 160, 2800, 2800, 700, 1600, 240, 240, 240, 700, 1600, 700, 240, 700, 1600, 700, 1600, 1600, 240, 10, 2880, 1380, 1380, 2880, 2880, 2880, 1380, 1380, 1380, 2880, 3140, 360, 210, 1200, 1200, 340, 360, 1200, 210, 360, 1200, 360, 1200, 360, 2630, 180, 100, 420, 420, 420, 420, 420, 370, 10, 10, 10, 100, 10, 10, 190, 190, 210, 190, 190, 120, 210, 210, 190, 210, 210, 540, 1210, 10, 80, 80, 1210, 10, 80, 1210, 80, 10, 1210, 10, 80, 1210, 10, 2750, 100, 100, 100, 100, 100, 80, 20, 20, 80, 80, 20, 20, 80, 20, 80, 390, 390, 80, 390, 390, 390, 40, 120, 90, 40, 100, 40, 120, 40, 120, 90, 40, 120, 120, 15120, 90, 90, 90, 90, 90, 3200, 7760, 10, 1210, 50, 10, 10, 20, 50, 1210, 10, 10, 50, 50, 50, 1620, 1310, 1310, 1310, 1620, 1310, 1620, 1620, 1620, 1310, 320, 320, 320, 320, 320, 1470, 4250, 4250, 90, 4250, 4250, 4250, 20, 20, 20, 20, 20, 960, 2190, 1400, 1400, 1400, 960, 1400, 1400, 3230, 40, 120, 120, 40, 3230, 120, 3230, 120, 40, 3230, 3230, 120, 40, 40, 660, 30, 330, 30, 330, 8440, 250, 660, 30, 30, 660, 30, 660, 330, 660, 330, 330, 140, 140, 140, 140, 140, 2300, 10, 10, 10, 10, 210, 10, 2300, 110, 20, 530, 20, 20, 20, 20, 5080, 5080, 5080, 5080, 5080, 6810, 6810, 6810, 6810, 6810, 14060, 2430, 2430, 2430, 150, 14060, 2430, 2430, 5050, 2220, 10, 2220, 10, 10, 10, 2220, 2220, 10, 10, 10, 10, 10, 10, 2220, 280, 170, 3200, 3200, 3200, 170, 3200, 170, 170, 280, 280, 170, 170, 3200, 280, 280, 170, 2150, 5140, 120, 5140, 2150, 5140, 5140, 120, 5140, 120, 120, 2150, 120, 2150, 2150, 950, 0, 0, 0, 950, 950, 0, 950, 0, 950, 2300, 970, 2300, 2300, 970, 2300, 970, 970, 2300, 970, 21150, 5280, 0, 500, 550, 550, 550, 550, 0, 550, 0, 0, 0, 6030, 1370, 6770, 90, 30, 220, 220, 220, 220, 220, 1760, 410, 380, 380, 380, 380, 380, 20, 20, 260, 260, 260, 20, 260, 20, 20, 260, 10, 1400, 10, 10, 10, 10, 3590, 100, 100, 100, 100, 100, 100, 1550, 40, 40, 1550, 40, 1550, 1550, 40, 1550, 40, 39930, 2280, 680, 630, 13840, 13840, 39930, 680, 13840, 13840, 13840, 680, 39930, 2280, 680, 39930, 680, 39930, 60, 60, 8580, 60, 60, 60, 2980, 2920, 40, 40, 40, 40, 40, 3120, 9160, 370, 470, 9160, 9160, 9160, 9160, 220, 220, 220, 220, 220, 15620, 15620, 15620, 15620, 15620, 6110, 11170, 11170, 11170, 11170, 11170, 170, 170, 170, 170, 170, 360, 50, 360, 50, 1420, 50, 360, 50, 50, 360, 360, 1010, 10170, 10170, 1010, 10170, 10170, 1010, 1010, 1010, 10170, 1860, 1860, 540, 220, 610, 20, 540, 610, 610, 610, 540, 540, 540, 610, 5500, 990, 2450, 10170, 11200, 4040, 460, 460, 460, 13140, 460, 460, 100, 2240, 100, 290, 10, 860, 860, 10, 860, 30, 860, 19560, 130, 350, 350, 350, 320, 19560, 130, 350, 130, 19560, 130, 19560, 350, 19560, 130, 4090, 1080, 1830, 2660, 120, 1830, 120, 0, 2660, 120, 0, 120, 1830, 2660, 0, 0, 120, 1830, 0, 2660, 2660, 1830, 0, 0, 0, 0, 650, 900, 900, 10, 900, 900, 10, 900, 10, 10, 10, 250, 250, 250, 250, 250, 10, 10, 10, 10, 40, 10, 330, 330, 330, 330, 330, 1280, 11840, 11840, 11840, 11840, 11840, 100, 3220, 3220, 3220, 3220, 3220, 400, 5070, 250, 200, 200, 200, 440, 200, 200, 0, 2480, 2480, 2480, 0, 2480, 0, 2480, 0, 0, 1840, 1310, 1310, 1840, 1840, 1840, 1310, 1840, 1310, 1310, 1700, 60, 1390, 1390, 1390, 1390, 1390, 10, 10, 320, 40, 290, 11840, 150, 290, 290, 150, 150, 290, 150, 290, 150, 3460, 890, 51700, 51700, 51700, 2770, 750, 51700, 890, 51700, 3910, 3910, 3910, 3910, 3910, 0, 0, 260, 260, 260, 0, 0, 260, 0, 260, 370, 370, 370, 370, 370, 2670, 2670, 2670, 2670, 2670, 630, 410, 410, 1430, 4330, 4330, 1430, 1430, 410, 1430, 4330, 410, 410, 1430, 4330, 4330, 11840, 11840, 11840, 11840, 11840, 1420, 3590, 3590, 3590, 3590, 3590, 700, 700, 700, 700, 700, 220, 80, 80, 80, 80, 80, 330, 330, 330, 330, 330, 240, 240, 240, 240, 240, 80, 160, 60940, 80, 60940, 20, 80, 60940, 80, 60940, 80, 60940, 3570, 1220, 3570, 1220, 3570, 1220, 3570, 1220, 3570, 1220, 2780, 1720, 4120, 50, 2220, 50, 12850, 12850, 12850, 240, 12850, 12850, 3090, 190, 40, 550, 5140, 60940, 5140, 40, 60, 5140, 60940, 60940, 60, 5140, 5140, 60, 60, 60940, 60, 60940, 60, 1130, 60, 1130, 4300, 1130, 1130, 60, 60, 1130, 60, 2800, 2800, 2800, 2800, 2800, 180, 180, 180, 180, 180, 0, 0, 0, 0, 0, 1490, 40, 50, 1930, 50, 1930, 50, 1930, 50, 1930, 1930, 50, 150, 150, 150, 150, 150, 120, 110, 220, 140, 110, 140, 140, 120, 140, 220, 110, 120, 220, 220, 140, 220, 120, 120, 110, 110, 110, 2250, 5570, 70, 4330, 770, 70, 770, 70, 770, 70, 770, 770, 70, 670, 1640, 1900, 1640, 1900, 1640, 1900, 1640, 1900, 1640, 1900, 910, 130, 600, 930, 930, 930, 930, 600, 930, 2060, 1430, 580, 580, 40, 580, 580, 580, 1410, 680, 680, 680, 680, 680, 40, 530, 13460, 530, 530, 530, 530, 70, 4250, 3120, 3120, 4250, 3120, 3120, 4250, 4250, 3120, 4250, 110, 110, 110, 110, 110, 1660, 11520, 1660, 1660, 1660, 1660, 800, 6450, 6450, 6450, 6450, 6450, 1230, 150, 200, 240, 200, 690, 240, 690, 690, 150, 690, 150, 200, 200, 240, 150, 240, 200, 150, 240, 690, 16070, 0, 0, 16070, 16070, 16070, 0, 16070, 0, 0, 110, 110, 110, 110, 110, 6280, 6280, 6280, 6280, 6280, 3220, 0, 2070, 2100, 2070, 2070, 2070, 2070, 1210, 80, 80, 80, 80, 1210, 1210, 1210, 1210, 80, 1230, 1230, 1230, 1230, 1230, 30, 30, 30, 30, 30, 520, 520, 520, 520, 520, 430, 430, 430, 430, 430, 13460, 30, 5970, 5970, 30, 2690, 5970, 5970, 13460, 30, 2690, 2690, 13460, 2690, 30, 13460, 5970, 30, 2690, 13460, 5740, 14490, 4440, 14490, 14490, 4440, 14490, 4440, 4440, 14490, 4440, 380, 140, 270, 3190, 140, 50, 140, 3190, 3190, 140, 3190, 140, 3190, 1870, 1870, 460, 3630, 460, 3630, 3540, 3630, 460, 460, 3630, 3630, 460, 40, 150, 40, 0, 30, 2360, 52630, 52630, 30, 30, 52630, 2360, 2360, 2360, 30, 52630, 52630, 2360, 30, 50, 50, 50, 50, 50, 120, 120, 260, 13460, 260, 260, 260, 260, 520, 520, 520, 520, 520, 50420, 2640, 50420, 2640, 4280, 50420, 2640, 2640, 50420, 2640, 50420, 70, 10, 10, 10, 10, 10, 310, 50, 5580, 600, 0, 0, 5580, 0, 600, 310, 5580, 600, 310, 0, 50, 5580, 600, 310, 5580, 0, 600, 310, 50, 50, 50, 7260, 1960, 220, 7260, 220, 1960, 1960, 220, 7260, 7260, 1960, 7260, 1960, 220, 220, 0, 0, 0, 0, 0, 50, 50, 50, 50, 50, 110, 30, 510, 510, 10, 510, 30, 10, 510, 30, 30, 510, 30, 3290, 5610, 250, 3290, 3290, 5610, 250, 3290, 250, 5610, 3290, 5610, 5610, 250, 250, 1150, 220, 220, 220, 220, 220, 240, 460, 240, 240, 240, 240, 20, 50, 50, 20, 50, 20, 20, 50, 20, 50, 20, 20, 20, 20, 20, 70, 70, 70, 70, 70, 1550, 730, 730, 730, 730, 730, 320, 320, 320, 320, 320, 11110, 4160, 4160, 1060, 1060, 1060, 4160, 4160, 1060, 1060, 4160, 7280, 7280, 7280, 7280, 7280, 9590, 4060, 4060, 4060, 4060, 4060, 1230, 7540, 7540, 7540, 7540, 7540, 64380, 2600, 180, 300, 180, 300, 180, 300, 180, 300, 180, 300, 380, 10, 10, 10, 10, 10, 70, 70, 70, 70, 70, 80, 80, 730, 22670, 22670, 22670, 22670, 22670, 60, 2550, 60, 2550, 2550, 2550, 2550, 60, 60, 60, 220, 20, 20, 20, 20, 20, 2200, 720, 40, 2200, 40, 40, 720, 720, 40, 2200, 720, 40, 2200, 720, 2200, 40, 240, 240, 4410, 240, 40, 4410, 240, 40, 4410, 40, 4410, 40, 4410, 240, 160, 160, 160, 160, 160, 2570, 21440, 21440, 21440, 21440, 21440, 4060, 4060, 4060, 4060, 4060, 510, 1020, 80, 510, 80, 1020, 1020, 510, 80, 1020, 80, 510, 1020, 510, 80, 0, 0, 1190, 0, 0, 1190, 0, 1190, 1190, 1190, 1970, 3230, 10, 10, 3230, 3230, 1970, 10, 1970, 3230, 3230, 1970, 1970, 10, 10, 250, 250, 250, 250, 250, 80, 0, 80, 0, 80, 0, 80, 80, 0, 0, 440, 440, 440, 440, 440, 10, 3860, 250, 3240, 390, 390, 3240, 390, 3240, 250, 390, 3240, 3240, 390, 410, 210, 10, 210, 410, 410, 10, 210, 410, 10, 210, 410, 10, 10, 210, 390, 390, 390, 390, 390, 140, 30, 140, 30, 140, 30, 140, 30, 140, 30, 40, 80, 80, 80, 80, 80, 3820, 13460, 480, 80, 350, 350, 350, 350, 350, 550, 1070, 5370, 3230, 1070, 3230, 3230, 1070, 3230, 1070, 1070, 3230, 720, 220, 220, 220, 220, 720, 220, 720, 720, 1950, 720, 40, 40, 40, 40, 40, 470, 10, 470, 470, 470, 470, 20, 0, 0, 0, 0, 0, 8010, 14750, 8010, 14750, 8010, 8010, 14750, 8010, 14750, 530, 530, 530, 530, 530, 240, 10, 1950, 240, 1950, 10, 1950, 240, 10, 1950, 240, 10, 10, 240, 1950, 760, 2480, 570, 570, 2480, 760, 570, 760, 2480, 2480, 760, 570, 2480, 760, 570, 20, 10, 10, 20, 20, 10, 10, 10, 20, 20, 1350, 450, 5610, 5610, 1900, 5610, 1900, 1900, 5610, 1900, 1900, 5610, 3140, 690, 3140, 3140, 3140, 3140, 10050, 3890, 10050, 3890, 1510, 10050, 10050, 10050, 40, 4270, 290, 2100, 2100, 290, 2100, 290, 2100, 290, 2100, 290, 3280, 3280, 3280, 3280, 3280, 460, 14090, 460, 1430, 460, 14090, 14090, 1430, 1430, 460, 14090, 14090, 1430, 460, 8010, 1980, 10, 8010, 1980, 8010, 1980, 8010, 1980, 8010, 1980, 820, 10, 820, 10, 10, 820, 820, 10, 820, 10, 1110, 80, 20, 20, 80, 20, 20, 20, 1450, 1450, 1450, 1450, 1450]"
2020-11-03 17:25:00+00:00,67772040,16,1991.0,"[360, 360, 360, 360, 360, 8250, 8250, 170, 8250, 8250, 8250, 460, 460, 20, 20, 460, 460, 20, 460, 20, 20, 350, 2930, 2930, 2930, 2930, 2930, 20, 20, 20, 20, 20, 150, 20, 150, 150, 20, 150, 150, 40, 40, 40, 40, 40, 60, 60, 60, 60, 60, 220, 0, 220, 0, 220, 220, 220, 1950, 2930, 1950, 2930, 1950, 2930, 1950, 2930, 1950, 2930, 170, 170, 90, 0, 0, 0, 40, 90, 40, 90, 90, 40, 90, 0, 40, 40, 0, 20, 200, 13950, 200, 200, 20, 200, 13950, 200, 160, 260, 440, 430, 65230, 430, 430, 430, 430, 330, 10, 3950, 3950, 1000, 3950, 3950, 3950, 25310, 3730, 1130, 1130, 1130, 1130, 1130, 1280, 1200, 5620, 1200, 1200, 1200, 1200, 280, 280, 280, 280, 280, 1890, 3150, 1890, 3150, 3150, 3150, 1890, 1890, 3150, 1890, 550, 5160, 5160, 5160, 5160, 5160, 1120, 1120, 1120, 1120, 1120, 11860, 132020, 132020, 132020, 132020, 132020, 60, 90, 7250, 0, 1520, 1520, 7250, 0, 1520, 1520, 7250, 0, 1520, 0, 7250, 0, 7250, 750, 3450, 28940, 4710, 90, 90, 12520, 60, 1280, 60, 4710, 12520, 60, 90, 4710, 12520, 60, 90, 4710, 12520, 90, 60, 4710, 12520, 40, 40, 40, 40, 40, 2200, 90, 900, 90, 900, 2200, 900, 2200, 90, 900, 2200, 90, 2200, 90, 900, 20, 20, 20, 20, 20, 10, 1360, 100, 150, 100, 150, 100, 150, 1360, 100, 150, 100, 150, 1540, 1540, 1540, 1540, 1540, 25310, 2240, 160, 25310, 160, 25310, 2240, 160, 25310, 2240, 25310, 2240, 160, 160, 2240, 990, 1080, 990, 990, 990, 990, 3530, 3530, 3530, 3530, 3530, 310, 270, 270, 270, 270, 270, 30, 0, 0, 0, 0, 0, 30, 30, 30, 30, 240, 240, 240, 240, 240, 2840, 2840, 2840, 2840, 2840, 40, 40, 40, 2750, 6440, 40, 2750, 40, 2750, 40, 2750, 40, 2750, 10, 20, 2650, 7320, 7320, 150, 150, 150, 150, 150, 3010, 3010, 3010, 3010, 3010, 4770, 4770, 4770, 4770, 4770, 20, 20, 220, 20, 220, 20, 220, 20, 220, 220, 1380, 1380, 1380, 1380, 1380, 150, 100, 150, 100, 150, 100, 150, 100, 150, 100, 3160, 13130, 2480, 2480, 13130, 2480, 13130, 2480, 13130, 2480, 13130, 550, 2290, 2290, 440, 210, 2290, 910, 910, 910, 440, 2290, 910, 910, 440, 440, 440, 2290, 2350, 2350, 2350, 2350, 2350, 100, 1410, 100, 1410, 100, 1410, 1410, 100, 1410, 100, 80, 80, 400, 80, 80, 400, 400, 80, 400, 400, 30, 110, 110, 30, 30, 110, 30, 110, 110, 30, 20, 20, 20, 20, 20, 1620, 1620, 1620, 1620, 1620, 4020, 690, 4840, 360, 20, 20, 4840, 690, 4840, 690, 4840, 690, 690, 20, 4840, 20, 20, 10, 180, 10, 180, 10, 10, 180, 10, 180, 180, 80, 80, 80, 80, 80, 10, 10, 10, 10, 10, 40, 40, 40, 40, 40, 60, 180, 60, 180, 180, 180, 60, 60, 60, 180, 1920, 1920, 1920, 1920, 1920, 530, 240, 3560, 3560, 240, 240, 3560, 530, 3560, 240, 3560, 240, 690, 60, 60, 690, 690, 60, 690, 60, 60, 690, 2490, 2490, 2490, 2490, 2490, 16380, 1830, 1370, 690, 1370, 1370, 1370, 1370, 5070, 0, 5070, 5070, 5070, 5070, 0, 0, 0, 0, 3140, 3140, 3140, 140, 140, 140, 3140, 3140, 140, 140, 220, 20, 90, 400, 90, 400, 90, 400, 90, 400, 400, 90, 780, 90, 90, 90, 90, 3780, 90, 160, 890, 890, 160, 160, 200, 890, 160, 890, 200, 160, 890, 200, 200, 200, 3610, 3610, 3610, 3610, 3610, 10, 50, 50, 50, 60, 60, 60, 50, 60, 50, 60, 3860, 0, 0, 0, 0, 0, 40, 40, 50, 420, 130, 50, 230, 50, 50, 50, 130, 230, 420, 420, 420, 420, 1400, 1400, 1400, 1400, 1400, 2490, 2490, 2490, 2490, 2490, 370, 370, 370, 370, 370, 40, 2250, 330, 2250, 2250, 2250, 2250, 260, 260, 260, 60, 60, 260, 260, 60, 60, 60, 720, 1220, 1220, 1220, 1220, 1220, 1480, 1480, 1480, 1480, 1480, 20, 20, 20, 20, 20, 2270, 3270, 420, 10, 3270, 3270, 3270, 420, 420, 420, 3270, 420, 720, 40, 1350, 0, 20, 20, 20, 0, 1350, 560, 0, 20, 20, 1350, 0, 560, 1350, 560, 1350, 560, 560, 0, 7250, 2640, 2000, 2000, 2000, 2000, 2000, 430, 430, 430, 430, 430, 140, 10610, 12000, 10610, 370, 140, 10610, 370, 10610, 370, 140, 140, 10610, 370, 370, 140, 490, 180, 180, 180, 180, 180, 230, 230, 230, 440, 230, 230, 34050, 2240, 2240, 2240, 20, 20, 20, 2240, 34050, 20, 34050, 2240, 34050, 34050, 20, 200, 200, 200, 200, 200, 30, 30, 30, 30, 30, 120, 120, 120, 120, 120, 6740, 6740, 6740, 6740, 6740, 40, 920, 920, 920, 40, 750, 40, 920, 40, 920, 40, 150, 23740, 86790, 86790, 86790, 86790, 86790, 1410, 110, 110, 2550, 7490, 110, 2550, 7490, 110, 2550, 7490, 2550, 7490, 2550, 7490, 110, 240, 120, 520, 240, 170, 400, 70, 470, 70, 470, 170, 70, 70, 170, 70, 170, 170, 20, 73690, 2940, 73690, 73690, 2940, 73690, 73690, 140, 3250, 140, 3250, 3250, 140, 3250, 140, 3250, 140, 2680, 50, 2680, 2680, 2680, 2680, 3280, 510, 1080, 2210, 2210, 1080, 1080, 510, 510, 2210, 1080, 510, 510, 2210, 2210, 1080, 4210, 290, 60, 16330, 4210, 60, 16330, 290, 4210, 60, 16330, 290, 60, 4210, 16330, 290, 4210, 60, 290, 16330, 330, 4280, 154300, 154300, 4280, 154300, 4280, 154300, 4280, 154300, 4280, 2290, 2290, 2290, 2290, 2290, 1080, 1840, 1840, 1080, 1080, 1840, 1840, 1840, 1080, 1080, 90, 3270, 280, 4350, 280, 280, 280, 4350, 280, 1080, 120, 8590, 380, 380, 380, 120, 1080, 8590, 120, 1080, 8590, 380, 120, 1080, 8590, 1080, 8590, 380, 120, 220, 70, 70, 70, 70, 70, 1080, 1080, 1080, 1080, 1080, 2590, 190, 2590, 190, 2590, 190, 190, 2590, 190, 2590, 2680, 10, 2820, 2680, 2820, 2680, 2820, 4320, 20, 4320, 2680, 10, 20, 4320, 2680, 2820, 20, 4320, 4320, 20, 2820, 20, 60, 320, 0, 0, 0, 0, 0, 1510, 1510, 1510, 1510, 1510, 80, 250, 1460, 710, 710, 3750, 710, 100, 250, 3750, 3750, 100, 1460, 250, 1460, 250, 3750, 710, 100, 80, 250, 3750, 710, 100, 1460, 100, 1460, 60, 540, 3740, 540, 60, 540, 60, 540, 60, 540, 60, 250, 150, 30, 150, 150, 150, 150, 580, 940, 940, 2060, 200, 2750, 20, 7590, 7590, 7590, 200, 2060, 200, 2060, 7590, 200, 2060, 7590, 200, 2060, 260, 520, 5290, 5290, 520, 5290, 520, 5290, 520, 520, 5290, 1990, 10, 1810, 150, 7400, 1680, 7400, 7400, 1680, 7400, 150, 1680, 7400, 1680, 1680, 510, 440, 20, 20, 20, 440, 20, 20, 30, 154300, 220, 320, 65230, 690, 65230, 690, 65230, 65230, 65230, 330, 40, 330, 40, 330, 40, 40, 330, 40, 330, 260, 230, 230, 230, 230, 230, 100, 780, 100, 100, 100, 100, 1950, 130, 154300, 1950, 130, 130, 154300, 154300, 1950, 1950, 154300, 130, 330, 154300, 1950, 130, 11760, 11760, 11760, 11760, 11760, 140, 1950, 140, 140, 1950, 1950, 140, 1950, 140, 1950, 410, 10, 3770, 410, 3770, 410, 410, 410, 400, 180, 4780, 180, 4780, 180, 4780, 180, 4780, 180, 4780, 280, 340, 280, 280, 280, 280, 280, 280, 280, 280, 280, 890, 240, 890, 890, 890, 890, 380, 270, 1410, 270, 380, 1410, 380, 270, 270, 1410, 380, 270, 380, 1410, 1410, 310, 4780, 310, 140, 3170, 3580, 15120, 50, 3170, 50, 15120, 3170, 50, 15120, 50, 3170, 50, 15120, 3170, 15120, 480, 480, 480, 480, 480, 2080, 100, 100, 2080, 100, 100, 2080, 2080, 2080, 100, 700, 110, 700, 700, 110, 700, 110, 110, 700, 110, 2620, 390, 410, 410, 390, 2620, 390, 410, 410, 2620, 410, 2620, 390, 2620, 390, 1450, 80, 10110, 390, 0, 0, 390, 390, 80, 10110, 390, 0, 0, 10110, 390, 10110, 10110, 0, 20, 780, 70, 70, 70, 70, 780, 780, 70, 780, 780, 110, 110, 110, 110, 110, 1830, 1830, 1830, 1830, 1830, 320, 0, 390, 0, 0, 0, 0, 370, 3980, 3980, 3980, 3980, 3980, 40, 300, 100, 740, 300, 740, 740, 740, 300, 100, 740, 300, 300, 20, 170, 20, 20, 170, 20, 170, 20, 170, 170, 120, 2990, 120, 120, 120, 120, 40, 40, 40, 40, 40, 230, 230, 1700, 230, 1700, 1700, 230, 230, 1700, 1700, 200, 30, 170, 154300, 170, 154300, 170, 20, 840, 30, 154300, 170, 30, 840, 20, 840, 154300, 20, 170, 30, 840, 154300, 20, 30, 20, 840, 600, 10, 10, 10, 10, 10, 3080, 4400, 130, 4300, 160, 5240, 5240, 5240, 200, 160, 160, 160, 4300, 5240, 5240, 4300, 4300, 160, 4300, 0, 3460, 3460, 50, 730, 40, 730, 40, 40, 730, 40, 730, 40, 730, 34700, 0, 0, 0, 34700, 34700, 0, 34700, 34700, 0, 3830, 3830, 130, 3830, 130, 130, 3830, 130, 3830, 130, 1850, 1850, 1850, 1850, 1850, 5240, 5240, 5240, 5240, 5240, 780, 240, 930, 200, 930, 200, 930, 780, 200, 240, 930, 200, 930, 200, 400, 400, 390, 390, 390, 390, 390, 0, 70, 2450, 1060, 60, 60, 2450, 2450, 1060, 2450, 60, 60, 2450, 60, 4600, 330, 0, 0, 330, 330, 0, 330, 0, 0, 330, 1000, 280, 106140, 200, 50, 200, 200, 50, 200, 50, 280, 106140, 50, 200, 50, 400, 10, 3110, 10, 3110, 10, 10, 3110, 10, 3110, 3110, 6180, 150, 1410, 1410, 1410, 1410, 150, 1410, 1820, 1820, 4220, 4220, 4220, 4220, 4220, 50, 540, 540, 540, 540, 540, 2070, 2070, 2070, 2070, 2070, 10520, 160, 160, 160, 160, 160, 6040, 60, 60, 60, 6040, 60, 6040, 60, 6040, 420, 6040, 7430, 7430, 90, 90, 7430, 90, 7430, 90, 7430, 2090, 600, 600, 600, 2090, 600, 600, 2220, 2220, 3110, 3110, 1840, 2220, 1840, 3110, 2220, 1840, 3110, 1840, 2220, 3110, 1840, 190, 3580, 190, 190, 190, 190, 70, 4160, 4160, 70, 4160, 4160, 70, 70, 4160, 70, 530, 530, 530, 530, 530, 140, 140, 140, 140, 140, 50, 680, 680, 50, 680, 50, 680, 50, 680, 50, 40, 40, 40, 40, 40, 200, 4320, 4320, 170, 200, 170, 170, 170, 170, 10, 2310, 2310, 2310, 2310, 2310, 0, 3140, 3140, 1380, 50, 50, 50, 1380, 50, 1380, 50, 1380, 1380, 10, 60, 640, 60, 60, 60, 640, 60, 60, 640, 640, 640, 60, 600, 70, 600, 600, 600, 600, 60, 5060, 4080, 4080, 5060, 5060, 4080, 5060, 4080, 4080, 5060, 2530, 2450, 700, 700, 390, 390, 700, 2530, 390, 700, 700, 390, 390, 2100, 2320, 4600, 4600, 2320, 2320, 4600, 4600, 2320, 4600, 2320, 250, 1300, 610, 1300, 610, 1300, 610, 1300, 1300, 610, 610, 48840, 230, 1170, 510, 1010, 510, 1010, 510, 1010, 510, 1010, 510, 1010, 1760, 10, 10, 10, 10, 40, 40, 1760, 40, 40, 10, 40, 1760, 1760, 1760, 50, 50, 20, 50, 20, 20, 50, 20, 50, 20, 50, 290, 4110, 290, 1180, 290, 4110, 290, 4110, 4110, 1180, 290, 4110, 2580, 50, 50, 2580, 50, 2580, 50, 2580, 2580, 50, 150, 150, 150, 150, 150, 70, 60, 0, 60, 60, 60, 60, 4060, 720, 100, 2040, 80, 2040, 120, 120, 80, 120, 80, 2040, 120, 80, 80, 2040, 2040, 90, 540, 90, 540, 540, 540, 90, 90, 90, 540, 30800, 3340, 570, 10, 20290, 20290, 570, 10, 570, 20290, 10, 570, 20290, 20290, 570, 10, 10, 290, 1060, 2030, 1060, 1060, 2030, 2030, 1060, 290, 2030, 1060, 2030, 50, 150, 150, 150, 50, 150, 50, 150, 50, 50, 10, 14430, 10, 10, 10, 10, 15880, 1550, 490, 2150, 1550, 490, 1550, 1550, 1550, 2660, 90, 760, 20, 20, 20, 20, 20, 2000, 4710, 390, 4690, 1000, 1260, 1260, 390, 1000, 4710, 1000, 4710, 1260, 390, 1000, 1260, 4710, 390, 1260, 4710, 4690, 4690, 4690, 4690, 1000, 390, 1350, 1350, 1350, 1350, 1350, 310, 80, 500, 310, 80, 80, 500, 500, 80, 310, 310, 500, 80, 500, 310, 4110, 40, 960, 1410, 80, 1410, 1410, 960, 80, 960, 1410, 1410, 80, 960, 960, 80, 80, 570, 670, 670, 670, 670, 670, 9400, 1280, 100, 730, 100, 1280, 9400, 9400, 1280, 100, 9400, 1280, 1280, 9400, 100, 100]"
2020-11-03 17:30:00+00:00,8103240,7,2742.0,"[1080, 8600, 20, 8600, 1080, 8600, 1080, 20, 1080, 8600, 20, 1080, 8600, 20, 20, 6180, 0, 4610, 4610, 4610, 4610, 4610, 6660, 6660, 3170, 6660, 6660, 6660, 1330, 10660, 1330, 1330, 40, 10660, 40, 760, 170, 40, 40, 10660, 10660, 40, 1330, 10660, 1330, 40, 100, 40, 40, 100, 40, 100, 40, 100, 40, 100, 760, 1080, 260, 2910, 2910, 30, 2910, 2910, 2910, 340, 4060, 4060, 340, 4060, 4060, 4060, 1070, 3740, 360, 1070, 3740, 360, 490, 3740, 360, 360, 1070, 360, 1070, 1070, 3740, 3740, 1920, 500, 390, 9440, 9440, 9440, 390, 500, 390, 9440, 9440, 500, 500, 390, 390, 500, 1080, 1080, 1080, 1080, 1080, 60, 5680, 810, 10, 10, 10, 810, 810, 10, 810, 34480, 10, 810, 1240, 910, 1320, 1320, 910, 10, 0, 910, 1320, 910, 0, 1320, 910, 0, 1320, 0, 0, 3620, 20, 20, 20, 3620, 20, 20, 170, 170, 170, 170, 170, 10, 520, 200, 380, 0, 380, 0, 200, 200, 380, 0, 0, 200, 380, 200, 380, 0, 380, 560, 160, 0, 160, 160, 0, 0, 0, 0, 160, 160, 2680, 450, 210, 300, 300, 450, 450, 10, 300, 300, 10, 300, 450, 10, 450, 10, 10, 520, 60, 10, 19380, 1350, 60, 1350, 60, 1350, 13430, 1350, 8720, 1350, 13430, 19380, 10, 60, 13430, 13430, 10, 60, 10, 13430, 10, 10, 940, 940, 790, 940, 940, 940, 40, 3310, 10, 3650, 10, 2310, 30800, 140, 140, 30800, 140, 30800, 140, 30800, 140, 30800, 3170, 3110, 3110, 3110, 3110, 3110, 1800, 4430, 5710, 720, 5710, 720, 720, 720, 5710, 4430, 1800, 720, 5710, 1800, 5710, 1800, 1800, 80, 460, 990, 110, 990, 20, 990, 990, 990, 1850, 10, 10, 10, 10, 1850, 1850, 1850, 1850, 10, 230, 40, 4030, 240, 230, 230, 230, 40, 230, 4030, 4030, 4030, 4030, 530, 50, 60, 250, 90, 50, 60, 90, 250, 90, 90, 250, 90, 250, 250, 100, 0, 1530, 0, 100, 0, 0, 0, 30, 430, 470, 470, 470, 470, 470, 2430, 360, 5270, 10, 1550, 2080, 20, 2080, 20, 2080, 20, 2080, 20, 20, 2080, 260, 260, 19560, 19560, 260, 19560, 260, 19560, 260, 19560, 6570, 6480, 6480, 6480, 6480, 6480, 40, 340, 2170, 2170, 2170, 2170, 2170, 700, 700, 2710, 2710, 700, 2710, 700, 700, 2710, 2710, 2090, 13870, 7650, 220, 7650, 160, 80, 160, 160, 160, 160, 10, 10, 10, 10, 10, 6960, 0, 280, 0, 4460, 1350, 300, 300, 300, 300, 300, 20, 20, 20, 20, 20, 3580, 740, 2020, 2140, 140, 740, 2140, 740, 740, 740, 920, 3600, 40, 210, 280, 280, 11840, 280, 210, 280, 280, 4340, 2720, 2720, 160, 2720, 4340, 160, 4340, 160, 4340, 160, 160, 4340, 2720, 2720, 3520, 460, 0, 120, 430, 430, 430, 120, 0, 430, 120, 0, 430, 120, 0, 120, 0, 650, 100, 100, 100, 100, 100, 140, 20, 520, 1600, 23050, 390, 390, 1600, 23050, 1600, 390, 390, 23050, 1600, 390, 23050, 1600, 23050, 350, 2910, 1410, 450, 80, 450, 80, 80, 450, 450, 2910, 80, 2910, 450, 2910, 2910, 80, 3280, 2110, 30, 2110, 30, 2110, 30, 2110, 30, 2110, 30, 630, 3010, 630, 3010, 5080, 5080, 3010, 3010, 340, 5080, 3010, 340, 5080, 630, 5080, 630, 340, 630, 340, 340, 0, 420, 420, 420, 420, 420, 3860, 10, 300, 3860, 10, 3860, 10, 3860, 10, 3860, 10, 15040, 9880, 40, 2620, 650, 3770, 3770, 3770, 3770, 3770, 0, 0, 0, 20, 0, 5430, 0, 2150, 0, 850, 2150, 2150, 850, 2150, 0, 2150, 35060, 100, 35060, 35060, 100, 35060, 100, 100, 100, 35060, 1960, 1960, 1960, 1960, 1960, 60, 20, 210, 170, 33500, 210, 210, 210, 210, 20, 33500, 20, 33500, 20, 33500, 20, 33500, 920, 920, 10, 2150, 2150, 10, 4120, 2150, 2150, 2150, 1070, 320, 320, 1070, 320, 320, 320, 1070, 1070, 1070, 2580, 150, 4810, 640, 2580, 150, 4810, 2580, 4810, 150, 2580, 4810, 150, 2580, 4810, 150, 660, 1080, 46080, 3710, 25190, 3710, 3710, 3710, 3710, 34480, 390, 34480, 2150, 34480, 34480, 34480, 6190, 350, 2490, 100, 230, 230, 2490, 100, 230, 2490, 2490, 100, 230, 2490, 230, 100, 100, 2180, 1420, 10610, 10610, 10610, 10610, 10610, 10, 2580, 2580, 2580, 2580, 2580, 30, 30, 30, 30, 60, 5790, 1430, 1430, 1430, 1430, 1430, 3580, 320, 6640, 13870, 320, 440, 3580, 13870, 6640, 320, 3580, 320, 3580, 320, 3580, 340, 130, 5050, 1580, 2530, 5050, 190, 130, 130, 1580, 5050, 130, 5050, 130, 5050, 2700, 4790, 4790, 4790, 4790, 4790, 10, 3180, 73110, 10, 170, 10, 3180, 10, 3180, 73110, 10, 3180, 3180, 430, 40, 20, 20, 40, 20, 20, 20, 520, 5170, 1260, 1260, 5170, 1260, 5170, 1260, 5170, 1260, 5170, 30, 110, 6680, 550, 110, 370, 6680, 250, 110, 550, 550, 6680, 6680, 370, 250, 250, 550, 6680, 110, 370, 250, 110, 110, 370, 250, 550, 910, 370, 39620, 3000, 8000, 2000, 4380, 4380, 4380, 4380, 4380, 90, 550, 20, 20, 20, 20, 550, 20, 226240, 190, 130, 10660, 30, 130, 30, 130, 190, 130, 30, 130, 190, 30, 30, 190, 190, 330, 2330, 2330, 1990, 1440, 2330, 2330, 1990, 1990, 2330, 1990, 1990, 320, 20, 4280, 4280, 50, 50, 13590, 320, 20, 20, 20, 4280, 50, 20, 4280, 50, 13590, 320, 13590, 4280, 50, 320, 13590, 13590, 320, 20, 70, 25600, 20, 70, 70, 70, 70, 390, 390, 390, 390, 390, 90, 1870, 1870, 1870, 1870, 1870, 1370, 3790, 0, 1370, 1370, 1370, 1370, 5980, 60, 590, 380, 73110, 590, 60, 590, 1080, 7010, 60, 380, 60, 590, 60, 590, 100, 34480, 220, 100, 220, 34480, 34480, 220, 100, 34480, 220, 100, 220, 34480, 100, 220, 330, 20, 330, 330, 330, 330, 1100, 2080, 2080, 2080, 1100, 1100, 1100, 2080, 2080, 1100, 39620, 190, 39620, 39620, 190, 39620, 190, 190, 39620, 190, 0, 130, 3610, 790, 180, 3610, 130, 130, 3610, 130, 3610, 3610, 130, 90, 4510, 11360, 4510, 1940, 210, 4510, 1940, 4510, 1940, 1940, 1940, 4510, 140, 20, 140, 140, 20, 140, 20, 20, 20, 140, 20, 10, 90, 10, 200, 330, 200, 200, 200, 10, 90, 200, 90, 330, 330, 90, 10, 330, 330, 90, 10, 70, 39410, 6530, 6530, 6530, 6530, 6530, 130, 5220, 130, 6080, 10, 510, 500, 980, 10, 130, 10, 6080, 10, 130, 510, 500, 6080, 130, 130, 6080, 500, 6080, 500, 10, 500, 280, 4730, 250, 80, 2530, 100, 100, 2530, 2530, 100, 100, 2530, 100, 2530, 13430, 13170, 20, 390, 20, 20, 20, 20, 1010, 1010, 1010, 1010, 1010, 4140, 70, 80, 70, 80, 70, 4140, 30800, 70, 80, 70, 4140, 4140, 80, 4140, 80, 570, 2090, 10, 30, 2090, 10, 2090, 10, 2090, 570, 10, 2090, 10, 100, 190, 1510, 3580, 3950, 25600, 25600, 25600, 25600, 25600, 490, 50, 50, 50, 50, 20, 30, 50, 20, 100, 40, 200, 800, 800, 800, 800, 800, 360, 0, 0, 380, 0, 0, 0, 380, 380, 380, 380, 490, 60, 600, 600, 600, 600, 600, 260, 20, 1010, 10, 460, 1010, 20, 10, 260, 1960, 460, 1010, 20, 10, 260, 10, 1010, 460, 20, 260, 460, 10, 1010, 460, 20, 260, 5360, 13360, 730, 730, 730, 5360, 730, 730, 4000, 20, 590, 590, 590, 590, 590, 360, 30, 360, 30, 360, 360, 30, 30, 360, 30, 580, 20, 5760, 580, 5760, 5760, 580, 580, 5760, 20, 5080, 580, 5760, 0, 2630, 4380, 4380, 4380, 3260, 2630, 4380, 2630, 2630, 4380, 2630, 1290, 20, 20, 2660, 1290, 2490, 2660, 20, 2660, 1290, 20, 2660, 1290, 2660, 20, 1290, 5150, 40, 40, 40, 40, 40, 10, 10, 210, 80, 10, 210, 210, 10, 210, 10, 220, 80, 220, 220, 460, 220, 220, 170, 10, 150, 150, 6730, 10, 150, 150, 10, 150, 10, 10, 0, 590, 590, 590, 590, 0, 590, 10, 10, 10, 10, 10, 10, 10, 10, 10, 10, 1070, 20, 0, 780, 0, 780, 0, 0, 780, 0, 780, 780, 520, 14400, 14400, 520, 180, 520, 14400, 520, 14400, 520, 14400, 870, 870, 50, 50, 20, 8240, 8240, 1100, 0, 8240, 0, 1100, 870, 1100, 50, 190, 870, 0, 50, 190, 50, 1100, 870, 0, 50, 8240, 50, 190, 50, 50, 0, 50, 190, 1100, 190, 8240, 3170, 290, 1420, 670, 290, 670, 90, 6650, 290, 670, 290, 1420, 290, 670, 670, 6120, 10, 10, 80, 440, 10, 80, 80, 80, 10, 80, 10, 80, 10, 270, 50, 20, 270, 50, 20, 50, 270, 20, 50, 270, 20, 50, 270, 20, 10, 2140, 130, 50, 130, 2140, 2140, 50, 2140, 130, 50, 130, 50, 2140, 130, 50, 120, 120, 120, 120, 1940, 2700, 120, 340, 340, 340, 340, 340, 250, 50, 30, 30, 30, 30, 30, 20, 2830, 2830, 2830, 2830, 2830, 960, 80, 80, 19680, 960, 80, 960, 80, 80, 960, 960, 490, 1840, 230, 910, 70, 230, 70, 70, 0, 230, 910, 230, 70, 230, 70, 20, 130, 2530, 2530, 230, 240, 3230, 2330, 240, 160, 2330, 240, 230, 2330, 3230, 160, 3230, 240, 230, 2330, 3230, 160, 230, 2330, 3230, 160, 230, 240, 160, 3360, 3360, 3360, 3360, 3360, 150, 700, 250, 700, 1990, 700, 700, 700, 100, 60, 60, 60, 100, 100, 100, 60, 100, 60, 3150, 30, 1820, 500, 4130, 380, 120, 500, 60, 60, 380, 380, 4130, 500, 60, 380, 380, 60, 60, 500, 500, 740, 10, 2530, 10, 11140, 390, 10, 10, 10, 460, 110, 90, 110, 110, 1880, 90, 110, 110, 90, 90, 90, 200, 820, 1060, 160, 1850, 160, 760, 1060, 1060, 160, 1850, 1850, 1060, 160, 1060, 160, 1850, 1850, 1500, 31000, 31000, 31000, 31000, 31000, 3480, 10, 3480, 10, 10, 3480, 10, 3480, 10, 3480, 40, 730, 280, 280, 730, 280, 280, 730, 730, 730, 280, 160, 680, 680, 680, 680, 680, 340, 340, 90, 180, 180, 480, 180, 180, 180, 110, 110, 2990, 110, 110, 2990, 220, 2990, 110, 2990, 2990, 10, 390, 650, 420, 2530, 2680, 510, 510, 510, 2680, 2680, 420, 2680, 2680, 510, 510, 390, 190, 190, 390, 190, 390, 390, 390, 190, 190, 520, 40, 130, 130, 50, 130, 40, 40, 40, 50, 130, 40, 50, 50, 50, 130, 1310, 10, 5440, 620, 360, 10, 10, 10, 10, 10, 10, 360, 5440, 620, 10, 10, 10, 5440, 5440, 5440, 1070, 11000, 3840, 6570, 40, 3840, 800, 3840, 6570, 3840, 40, 6570, 800, 3840, 40, 6570, 800, 40, 800, 6570, 40, 800, 1170, 32140, 960, 960, 960, 960, 960, 310, 570, 310, 70, 630, 630, 310, 70, 70, 310, 630, 70, 310, 240, 630, 3390, 630, 70, 740, 400, 5860, 3630, 200, 40, 3630, 3630, 40, 400, 200, 40, 3630, 400, 200, 200, 40, 400, 40, 200, 400, 3630, 340, 13200, 520, 13200, 340, 520, 13200, 520, 13200, 520, 340, 13200, 340, 340, 520, 35220, 5120, 190, 10, 190, 10, 190, 190, 10, 190, 10, 10, 380, 380, 380, 380, 380, 1590, 100, 120, 120, 100, 100, 120, 100, 100, 120, 50, 120, 30, 850, 30, 10, 30, 850, 30, 850, 850, 30, 3300, 850, 580, 580, 580, 580, 580, 20, 560, 4090, 400, 240, 20, 240, 4090, 740, 560, 20, 4090, 740, 240, 400, 1850, 4090, 240, 740, 20, 400, 740, 4090, 400, 560, 560, 400, 560, 740, 20, 240, 20, 1400, 840, 840, 20, 1400, 1400, 840, 20, 1400, 840, 20, 1400, 840, 20, 20, 10, 10, 0, 10, 10, 10, 5850, 1670, 1670, 1670, 1670, 1670, 400, 13200, 1530, 400, 400, 1530, 400, 1530, 400, 1530, 1530, 6260, 11590, 20, 11590, 20, 11590, 20, 11590, 20, 20, 11590, 190, 240, 190, 190, 190, 190, 0, 0, 940, 0, 940, 0, 940, 940, 0, 940, 0, 1230, 910, 20, 60, 6260, 6260, 20, 910, 20, 60, 6260, 910, 60, 910, 20, 60, 6260, 60, 910, 20, 6260, 260, 10, 260, 1220, 860, 10, 860, 260, 860, 10, 260, 860, 10, 260, 10, 860, 10, 3820, 130, 130, 5710, 130, 3820, 130, 5710, 5710, 3820, 5710, 3820, 5710, 130, 3820, 180, 180, 180, 180, 180, 8510, 50, 60, 60, 60, 60, 500, 60, 200, 0, 34480, 200, 200, 34480, 0, 200, 200, 34480, 34480, 34480, 210, 440, 440, 210, 440, 440, 210, 210, 440, 210, 19360, 610, 610, 610, 610, 610, 30, 50, 290, 10, 440, 290, 50, 10, 440, 50, 290, 290, 290, 50, 260, 50, 4540, 60, 1920, 30, 60, 30, 30, 140, 1920, 60, 60, 1920, 30, 140, 4540, 1920, 60, 30, 140, 1920, 140, 140, 20, 740, 740, 740, 740, 740, 20, 10, 10, 10, 4440, 4440, 20, 10, 10, 6700, 120, 1160, 3850, 1720, 1720, 1160, 1720, 20, 1720, 3850, 1160, 1160, 1160, 1720, 2330, 2460, 20, 20, 2460, 20, 2330, 20, 20, 2330, 2330, 20, 20, 2330, 10, 1420, 1420, 1420, 170, 1420, 170, 170, 1420, 10, 170, 10, 10, 10, 170, 6310, 210, 210, 6310, 210, 20, 210, 6310, 6310, 6310, 20, 20, 20, 210, 20, 140, 6780, 20, 20, 20, 20, 20, 140, 140, 150, 30, 3330, 30, 3330, 3330, 30, 30, 3330, 150, 30, 150, 150, 150, 3330, 10, 1800, 10, 10, 10, 10, 10, 140, 110, 290, 10, 140, 140, 140, 290, 10, 110, 110, 290, 10, 140, 290, 10, 110, 110, 290, 20200, 1720, 20, 510, 340, 340, 510, 340, 510, 340, 340, 510, 510, 1020, 170, 1580, 50, 50, 50, 50, 50, 510, 1230, 270, 1230, 50, 2080, 160, 660, 4050, 4050, 4050, 4050, 4050, 370, 370, 370, 370, 370, 7010, 4790, 4790, 4790, 4790, 7010, 4790, 520, 6120, 520, 520, 520, 6120, 520, 6120, 6120, 6120, 190, 10610, 810, 100, 10610, 100, 810, 10610, 100, 810, 10610, 190, 190, 100, 810, 10610, 190, 810, 100, 190, 10, 310, 30, 10, 30, 30, 10, 310, 10, 30, 10, 310, 310, 310, 10, 30, 60, 60, 60, 890, 40, 460, 890, 40, 890, 40, 890, 40, 40, 890, 50, 4800, 4800, 4800, 4800, 4800, 5660, 180, 180, 5660, 180, 5660, 180, 5660, 180, 5660, 2750, 2790, 2790, 2790, 2790, 2790, 1290, 5600, 180, 520, 650, 650, 10, 650, 10, 10, 1050, 10, 650, 10, 650, 1200, 30, 2370, 2370, 2370, 2370, 2370, 350, 100, 380, 1280, 2840, 310, 1280, 100, 1280, 100, 2840, 100, 1280, 100, 1280, 15460, 2980, 3550, 90, 30, 30, 90, 30, 30, 30, 300, 30, 70, 0, 4300, 340, 0, 0, 340, 0, 0, 340, 340, 0, 340, 50, 140, 8310, 390, 720, 3240, 8310, 8310, 8310, 8310, 950, 950, 950, 950, 950, 10, 540, 540, 10, 540, 10, 540, 10, 540, 10, 210, 90, 210, 550, 30, 4220, 100, 30, 100, 30, 550, 550, 30, 100, 550, 30, 4220, 40, 550, 30, 100, 100, 11850, 1290, 1290, 1290, 1290, 1290, 2830, 1160, 4390, 870, 870, 4390, 870, 4390, 4390, 870, 870, 4390, 2440, 30, 2690, 10, 10, 2690, 2690, 10, 2690, 10, 10, 2690, 20, 340, 1000, 3140, 40, 1670, 10, 40, 1670, 1670, 40, 1670, 290, 1670, 40, 40, 20, 9060, 1370, 1640, 6700, 770, 770, 6700, 9060, 1370, 6700, 9060, 1370, 1640, 1370, 770, 6700, 9060, 770, 9060, 6700, 1370, 770, 4390, 150, 40, 4390, 150, 4390, 150, 150, 4390, 150, 4390, 0, 0, 120, 120, 0, 0, 120, 0, 0, 120, 120, 10, 1890, 30, 30, 2910, 1890, 10, 30, 1890, 10, 10, 30, 1890, 30, 10, 1890, 190, 0, 10, 190, 60, 2520, 60, 60, 60, 8280, 1070, 1230, 1670, 1160, 1670, 1160, 1670, 1160, 1160, 1670, 1670, 1160, 210, 210, 210, 210, 130, 1870, 130, 130, 130, 130, 3280, 6670, 20, 20, 6670, 3280, 6670, 3280, 20, 20, 6670, 20, 6670, 3280, 3280, 5030, 25420, 90, 0, 25420, 750, 0, 25420, 0, 90, 0, 0, 25420, 25420, 110, 500, 500, 500, 110, 110, 110, 110, 500, 500, 690, 3090, 690, 690, 690, 690, 2750, 10, 12310, 2990, 2990, 10, 2750, 10, 2990, 2990, 10, 2750, 2990, 10, 2750, 2750, 290, 830, 12520, 90, 12520, 90, 290, 90, 830, 12520, 290, 90, 12520, 290, 12520, 90, 290, 1900, 1900, 290, 1820, 30, 1820, 30, 1820, 460, 1820, 1820, 50, 670, 40, 670, 40, 670, 670, 670, 1200, 1690, 1200, 1200, 1200, 1200, 130, 410, 410, 130, 10, 500, 130, 10, 230, 410, 130, 10, 130, 10, 230, 410, 230, 410, 230, 230, 10, 2510, 1040, 2510, 2510, 2510, 5190, 2510, 200, 640, 920, 920, 920, 920, 920, 380, 580, 2680, 2680, 580, 2680, 2680, 580, 580, 2680, 580, 920, 920, 920, 920, 920, 10, 10, 8180, 20, 40, 20, 8180, 40, 20, 40, 20, 40, 40, 20, 5040, 10, 170, 1350, 1350, 1350, 1350, 1350, 5020, 670, 40, 670, 40, 40, 40, 7010, 40, 10050, 30, 30, 30, 30, 30]"
2020-11-03 17:35:00+00:00,7708980,15,2231.0,"[1460, 110, 3340, 110, 110, 150, 350, 110, 110, 6450, 60, 44720, 60, 60, 44720, 6450, 60, 60, 44720, 44720, 44720, 2620, 70, 2790, 12520, 12520, 12520, 12520, 12520, 780, 450, 340, 340, 450, 450, 6480, 340, 450, 340, 450, 340, 100, 100, 2580, 2580, 100, 2580, 20, 100, 2580, 100, 2580, 3670, 3670, 3670, 3670, 3670, 560, 90, 210, 270, 1460, 1460, 270, 560, 270, 1460, 560, 90, 210, 270, 1460, 560, 270, 1460, 560, 2320, 2320, 80, 30, 2320, 30, 80, 2320, 30, 80, 2320, 30, 80, 30, 80, 50, 11760, 10, 110, 50, 50, 110, 50, 11760, 110, 10, 110, 11760, 11760, 110, 11760, 50, 4680, 1860, 1860, 1860, 1860, 1860, 610, 100, 0, 610, 120, 160, 0, 610, 0, 100, 120, 610, 100, 120, 610, 0, 120, 100, 100, 120, 0, 20, 2930, 80, 600, 600, 600, 600, 600, 4950, 170, 10, 4750, 22220, 22220, 5140, 1500, 22220, 4750, 22220, 170, 10, 10, 170, 10, 10, 22220, 170, 170, 160, 160, 160, 160, 160, 620, 310, 650, 60, 150, 270, 270, 650, 20, 80, 0, 270, 150, 20, 80, 80, 20, 310, 270, 150, 650, 60, 20, 80, 20, 650, 650, 80, 150, 270, 150, 510, 17460, 17460, 17460, 17460, 17460, 50, 20, 20, 50, 50, 20, 20, 50, 50, 20, 0, 2960, 80, 1870, 1870, 1870, 1870, 1870, 0, 2290, 470, 3070, 280, 2910, 320, 2910, 2910, 80, 470, 80, 470, 80, 2910, 2290, 280, 470, 2290, 80, 2910, 3070, 2290, 280, 320, 320, 2290, 320, 470, 280, 320, 280, 3160, 40, 580, 580, 580, 580, 580, 20, 370, 420, 20, 20, 20, 20, 0, 7100, 1040, 5260, 5260, 5260, 7100, 5260, 120, 5260, 150, 1370, 1870, 150, 1370, 1870, 150, 150, 150, 4710, 20, 3690, 240, 20, 240, 20, 3690, 240, 240, 20, 20, 240, 130, 110, 110, 50, 110, 110, 110, 90, 840, 6610, 840, 300, 840, 300, 3650, 300, 6610, 840, 300, 840, 6610, 30, 6610, 6610, 300, 120, 23030, 23030, 0, 23030, 23030, 23030, 240, 16130, 1120, 16130, 1120, 6050, 1120, 16130, 16130, 1120, 16130, 1120, 30, 5070, 30, 5070, 30, 360, 30, 5070, 5070, 30, 5070, 190, 80, 2200, 0, 650, 630, 1680, 1680, 2200, 630, 0, 2200, 80, 630, 0, 1680, 2200, 630, 0, 80, 80, 1680, 2200, 630, 0, 80, 1680, 220, 2840, 120, 20, 120, 120, 20, 20, 120, 20, 20, 120, 710, 110, 100, 1070, 110, 110, 110, 110, 20, 20, 30, 30, 20, 30, 30, 20, 20, 30, 1970, 1970, 1970, 1970, 1970, 440, 780, 780, 780, 780, 780, 3200, 13080, 3200, 20, 13080, 20, 13080, 3200, 20, 20, 13080, 3200, 20, 13080, 3200, 90, 1310, 1310, 1310, 1310, 1310, 2070, 40, 30, 40, 2710, 2070, 40, 2070, 30, 2070, 40, 2070, 40, 70, 10, 130, 10, 10, 130, 10, 90, 90, 130, 10, 90, 130, 90, 130, 90, 110, 50, 30, 12400, 50, 12400, 12400, 50, 12400, 30, 12400, 30, 30, 50, 30, 50, 80, 670, 80, 670, 80, 800, 2410, 800, 670, 80, 670, 80, 800, 670, 800, 800, 1760, 1760, 1760, 1760, 1760, 450, 450, 520, 450, 450, 450, 70, 100, 50, 5850, 180, 830, 830, 830, 830, 830, 50, 1260, 4570, 4570, 1260, 4570, 1260, 4570, 1260, 1260, 4570, 1840, 80, 80, 30, 30, 570, 7660, 7660, 7660, 7660, 7660, 60, 1600, 60, 1600, 60, 1600, 60, 1600, 60, 1600, 240, 110, 110, 110, 110, 110, 280, 30, 2580, 2580, 2580, 30, 2580, 30, 2580, 30, 30, 7760, 740, 390, 390, 740, 740, 390, 740, 390, 740, 390, 230, 230, 230, 230, 230, 2740, 2930, 2740, 2740, 2740, 2740, 920, 2790, 12310, 2790, 12310, 12310, 2790, 2790, 12310, 2790, 12310, 50, 830, 830, 1040, 830, 830, 830, 20, 100, 100, 540, 100, 20, 540, 540, 20, 100, 540, 20, 100, 540, 20, 20, 2030, 65180, 20, 1760, 130, 1760, 20, 2030, 20, 1760, 2030, 2030, 20, 2030, 1760, 1760, 0, 0, 0, 0, 0, 870, 580, 580, 580, 580, 870, 1180, 580, 1180, 870, 1180, 870, 870, 1180, 1180, 50, 1030, 1030, 1030, 1030, 1030, 3240, 2710, 20, 20, 2710, 2710, 20, 20, 2710, 20, 2710, 20, 20, 20, 20, 1380, 20, 1380, 80, 80, 80, 80, 80, 1520, 1520, 1520, 1520, 1520, 20, 120, 390, 120, 390, 390, 120, 390, 120, 120, 390, 140, 15780, 2280, 2280, 2280, 140, 2280, 140, 140, 2280, 140, 1220, 700, 700, 700, 700, 700, 580, 70, 2290, 70, 170, 740, 2290, 2290, 70, 2290, 10, 70, 2290, 10, 70, 10, 10, 10, 180, 420, 180, 20, 50, 50, 20, 180, 180, 20, 420, 50, 50, 180, 20, 420, 20, 420, 420, 50, 2030, 2030, 2030, 2030, 2030, 40, 6390, 2260, 1260, 1260, 1260, 1260, 1260, 1770, 110, 5980, 5980, 5980, 110, 5980, 5980, 100, 20, 50, 50, 50, 50, 50, 50, 50, 50, 50, 50, 4190, 11410, 450, 17320, 450, 90, 450, 90, 450, 90, 450, 90, 90, 50, 1820, 150, 150, 1820, 70, 150, 1820, 150, 150, 1820, 1820, 7890, 19310, 19310, 19310, 19310, 19310, 140, 140, 2470, 2470, 140, 2470, 2470, 2470, 140, 140, 20, 20, 10, 0, 0, 1300, 0, 0, 0, 650, 7760, 90, 90, 90, 90, 90, 1660, 270, 1790, 270, 1790, 270, 1790, 270, 1660, 1790, 270, 1790, 2700, 4040, 2700, 2700, 2700, 2700, 1260, 3420, 520, 3420, 520, 3420, 3420, 520, 3420, 520, 520, 2380, 180, 810, 810, 0, 810, 0, 810, 0, 0, 0, 810, 620, 30, 620, 30, 620, 30, 620, 30, 620, 30, 2400, 2400, 2400, 20, 2400, 2400, 430, 50, 40, 40, 40, 40, 40, 20, 240, 240, 240, 240, 240, 2330, 10, 9920, 80, 80, 2820, 10, 80, 10, 9920, 80, 80, 10, 10, 0, 5380, 0, 0, 0, 0, 150, 150, 150, 150, 150, 420200, 1260, 1260, 1260, 1260, 1260, 150, 3360, 0, 0, 0, 0, 0, 70, 110, 2280, 60, 10, 0, 930, 2280, 340, 170, 50, 50, 50, 50, 50, 3050, 40, 40, 40, 40, 40, 20, 20, 20, 30, 20, 20, 20, 20, 690, 560, 90, 560, 560, 90, 90, 90, 560, 90, 560, 7760, 2780, 7760, 7760, 7760, 7760, 270, 2700, 2700, 2700, 270, 2700, 2700, 0, 530, 1540, 40, 40, 1540, 40, 1540, 40, 1540, 1540, 40, 12540, 560, 260, 60, 60, 60, 930, 60, 60, 10, 910, 50, 122280, 1570, 3790, 1570, 50, 3790, 122280, 550, 3790, 910, 122280, 1570, 50, 3790, 122280, 1570, 910, 1570, 50, 50, 910, 3790, 910, 122280, 2000, 80, 80, 210, 130, 1090, 70, 80, 130, 70, 80, 130, 1090, 70, 80, 130, 1090, 70, 70, 80, 130, 1090, 1090, 50, 1250, 30, 50, 50, 50, 30, 1250, 50, 1250, 1250, 1250, 130, 60, 1530, 260, 0, 2390, 2390, 2390, 2390, 2390, 120, 50, 120, 120, 120, 120, 650, 570, 870, 870, 870, 870, 870, 700, 0, 700, 700, 490, 700, 700, 990, 990, 990, 990, 1210, 990, 3280, 10, 3280, 3280, 3280, 3280, 240, 4060, 4060, 240, 4060, 4060, 240, 240, 4060, 240, 7800, 1140, 240, 1140, 7800, 1140, 7800, 1140, 1140, 7800, 7800, 2330, 30, 30, 560, 30, 560, 30, 560, 560, 560, 30, 80, 1140, 30, 1140, 30, 30, 30, 30, 1890, 450, 590, 80, 890, 590, 890, 590, 890, 590, 890, 890, 590, 210, 210, 210, 210, 210, 2140, 460, 460, 2140, 2140, 3730, 2140, 460, 460, 2140, 460, 4160, 2260, 2260, 2260, 4160, 2260, 4160, 2260, 4160, 4160, 120, 120, 750, 750, 750, 750, 750, 120, 120, 120, 2310, 7760, 360, 40, 360, 1300, 40, 1300, 360, 7760, 2310, 40, 40, 1300, 40, 360, 2310, 1300, 1300, 2310, 360, 2310, 80, 4040, 7320, 7320, 4040, 7320, 4040, 7320, 4040, 7320, 4040, 1080, 1080, 1080, 1080, 1080, 640, 2090, 640, 2090, 640, 640, 640, 340, 650, 30, 7230, 30, 30, 30, 7230, 30, 20, 1710, 33230, 10, 10, 33230, 10, 33230, 10, 33230, 33230, 10, 100, 100, 100, 100, 100, 280, 10220, 20, 20, 10220, 20, 280, 10220, 280, 10220, 280, 20, 10220, 20, 280, 4120, 6120, 6120, 6120, 6120, 6120, 10480, 6350, 150, 150, 150, 150, 150, 120, 1170, 1400, 170, 1170, 10, 1400, 10, 1170, 170, 1400, 1170, 10, 10, 170, 1400, 1170, 10, 170, 170, 1400, 10, 3740, 10, 13140, 0, 50, 50, 460, 50, 440, 50, 460, 460, 50, 460, 460, 50, 20, 100, 20, 20, 100, 20, 20, 100, 20, 100, 100, 20, 380, 380, 10, 380, 380, 380, 40, 40, 40, 40, 40, 370, 100, 10, 11190, 10, 0, 2120, 60, 0, 10, 0, 2120, 2120, 10, 0, 2120, 10, 0, 2120, 120, 30, 30, 30, 30, 120, 120, 30, 120, 120, 210, 710, 210, 210, 210, 210, 690, 180, 780, 350, 780, 780, 780, 780, 700, 640, 640, 640, 640, 640, 120, 3130, 3130, 3130, 120, 3130, 120, 3130, 120, 120, 60, 60, 60, 60, 60, 2440, 5130, 3960, 330, 210, 2470, 3960, 210, 210, 3960, 330, 210, 3960, 210, 3960, 10, 190, 200, 10, 3990, 2680, 910, 200, 10, 2680, 3990, 190, 10, 910, 200, 190, 200, 2680, 3990, 910, 190, 200, 3990, 190, 2680, 3990, 910, 10, 2680, 1460, 1460, 1460, 1460, 1460, 3560, 3560, 3560, 3560, 3560, 43740, 1880, 1900, 340, 1880, 1900, 340, 340, 1880, 1880, 1900, 340, 1900, 340, 1880, 1900, 50, 140, 140, 50, 140, 140, 50, 140, 50, 50, 50, 2090, 860, 860, 2090, 860, 860, 860, 4720, 30, 270, 270, 270, 270, 270, 670, 3140, 3140, 3140, 3140, 3140, 0, 30, 0, 6700, 0, 0, 0, 100, 2500, 2500, 2500, 2500, 100, 2500, 1270, 10, 320, 320, 1270, 1270, 320, 10, 1270, 320, 10, 320, 1270, 10, 10, 910, 640, 260, 260, 910, 910, 260, 910, 640, 260, 640, 910, 260, 640, 640, 270, 60, 60, 60, 60, 60, 30, 0, 2090, 30, 2090, 0, 2090, 30, 2090, 0, 2090, 30, 30, 0, 0, 780, 890, 780, 930, 780, 780, 780, 0, 90, 180, 1600, 320, 140, 140, 320, 320, 140, 320, 140, 140, 320, 440, 1020, 880, 370, 9530, 120, 4720, 4720, 450, 630, 630, 630, 630, 630, 3620, 1600, 40, 40, 40, 40, 40, 2000, 1660, 1660, 2000, 2000, 1660, 2000, 1660, 2000, 1660, 2060, 3930, 3930, 2060, 2060, 3930, 2060, 3930, 2060, 3930, 2820, 3140, 3140, 3140, 3140, 3140, 600, 1560, 10, 280, 83490, 140, 1560, 140, 280, 280, 290, 1560, 280, 1560, 140, 600, 140, 140, 1560, 280, 5990, 20, 280, 20, 20, 20, 20, 2080, 570, 570, 2080, 570, 2080, 570, 2080, 2080, 570, 5140, 60, 60, 60, 60, 60, 7520, 20, 400, 400, 20, 7520, 7520, 7520, 400, 400, 400, 7520, 590, 80, 590, 110, 590, 590, 590, 990, 170, 220, 170, 2700, 122280, 2750, 2750, 2750, 2750, 2750, 120, 120, 120, 120, 120, 3590, 62850, 3590, 3590, 3590, 3590, 62850, 4350, 62850, 62850, 62850, 0, 310, 310, 310, 0, 310, 0, 310, 0, 0, 60, 40, 580, 40, 580, 60, 2560, 40, 60, 60, 40, 580, 60, 580, 580, 40, 130, 570, 400, 400, 400, 400, 400, 6150, 6150, 40, 21950, 30, 3780, 30, 30, 30, 30, 280, 80, 5980, 5980, 280, 280, 280, 80, 280, 5980, 5980, 5980, 4570, 3260, 10, 200, 10, 3260, 3260, 10, 10, 10, 3260, 3260, 180, 180, 80, 1360, 180, 180, 180, 1060, 830, 830, 830, 830, 830, 20, 20, 20, 20, 20, 360, 3090, 1980, 1820, 2710, 590, 3620, 60, 60, 740, 740, 2710, 740, 590, 3620, 740, 60, 590, 2710, 3620, 60, 590, 2710, 60, 3620, 740, 2710, 590, 3620, 4020, 50, 19250, 19250, 4020, 50, 50, 4020, 19250, 4020, 50, 19250, 50, 19250, 4020, 6180, 260, 3970, 3970, 990, 20, 240, 2280, 2280, 50, 50, 50, 50, 50, 570, 570, 570, 570, 570, 510, 510, 510, 510, 510, 80, 20, 20, 20, 20, 10, 10, 20, 10, 10, 10, 1210, 1400, 1680, 9150, 0, 110, 2270, 110, 2270, 530, 0, 110, 110, 2270, 0, 2270, 0, 110, 2270, 0, 0, 22930, 30, 30, 22930, 50, 30, 30, 50, 22930, 30, 50, 22930, 0, 50, 22930, 50, 380, 4170, 660, 2340, 660, 2340, 2340, 660, 2340, 660, 660, 2340, 5070, 2100, 1190, 40, 1160, 1160, 1160, 1160, 1160, 40, 3630, 1030, 3150, 3630, 3630, 3630, 3630, 270800, 350, 270800, 1820, 270800, 270800, 270800, 930, 1430, 8080, 5410, 360, 360, 550, 8080, 8080, 360, 360, 8080, 360, 8080, 0, 40, 120, 10, 10, 120, 10, 120, 10, 120, 120, 10, 360, 0, 1120, 0, 10, 10, 0, 10, 1120, 1120, 10, 0, 1120, 0, 1120, 10, 60, 6480, 60, 1360, 1360, 60, 1360, 60, 60, 1360, 1360, 450, 4680, 450, 4680, 4680, 450, 450, 450, 4680, 4680, 10, 360, 15110, 15110, 15110, 360, 15110, 360, 360, 15110, 360, 70, 20, 20, 20, 20, 20, 20, 20, 20, 20, 70, 20, 70, 70, 70, 1720, 110, 90, 110, 90, 110, 90, 90, 90, 110, 110, 10, 10, 10, 3910, 10, 10, 2620, 2620, 550, 2620, 2620, 2620, 220, 10, 70, 10, 860, 390, 390, 390, 30, 390, 390, 8820, 30, 30, 30, 5980, 3980, 30, 30, 4400, 1820, 69030, 3170, 56660, 480, 1940, 70, 70, 1940, 1940, 70, 1940, 70, 1940, 70, 940, 0, 130, 130, 940, 940, 130, 130, 940, 130, 940, 0, 2710, 80, 120, 7460, 7460, 70, 7460, 7460, 80, 7460, 150, 2070, 2070, 2070, 2070, 2070, 2100, 1230, 1860, 6780, 1230, 1230, 1230, 1230, 0, 300, 300, 300, 300, 300, 240, 3560, 3560, 240, 3560, 3560, 3560, 1460, 3850, 550, 1660, 1660, 1660, 1660, 1660]"
2020-11-03 17:40:00+00:00,4733100,0,1956.0,"[70, 70, 70, 70, 70, 10, 380, 6030, 320, 450, 450, 450, 450, 450, 20, 40, 20, 40, 40, 40, 20, 40, 10, 620, 900, 620, 10, 10, 620, 10, 620, 10, 620, 530, 530, 530, 2710, 530, 530, 34480, 3850, 34480, 3850, 650, 10, 3850, 34480, 650, 34480, 3850, 34480, 650, 650, 650, 3850, 13430, 13430, 10, 10, 13430, 10, 13430, 10, 13430, 10, 40, 260, 4120, 260, 260, 40, 40, 40, 260, 40, 260, 0, 30, 0, 3460, 7160, 3920, 1080, 3920, 3920, 1080, 70, 1080, 7160, 7160, 7160, 7160, 1080, 1080, 3920, 3920, 30, 30, 180, 1730, 820, 30, 170, 170, 170, 6060, 170, 170, 3450, 3450, 3450, 3450, 3450, 2580, 2580, 2580, 2580, 2580, 34480, 500, 34480, 500, 600, 500, 34480, 500, 500, 34480, 34480, 7760, 580, 4260, 200, 200, 200, 200, 200, 30, 60, 3600, 8280, 8280, 8280, 1300, 8280, 8280, 47360, 47360, 2460, 3760, 3760, 220, 3760, 3760, 3760, 0, 3790, 3790, 3790, 0, 3790, 0, 0, 3790, 0, 0, 200, 10, 10, 200, 200, 10, 200, 200, 10, 10, 4060, 220, 80, 4060, 4060, 80, 1470, 1470, 880, 220, 1470, 4060, 80, 1470, 80, 80, 4060, 1470, 5100, 1230, 35860, 5100, 35860, 5100, 1230, 35860, 1230, 5100, 1230, 5100, 35860, 1230, 35860, 10, 360, 130, 0, 0, 0, 0, 0, 320, 590, 70, 70, 320, 70, 590, 200, 70, 590, 320, 70, 590, 320, 590, 320, 4180, 10, 4180, 10, 10, 10, 10, 2200, 2200, 2200, 2200, 2200, 13430, 40, 440, 20, 20, 120, 100, 120, 440, 40, 440, 100, 440, 100, 20, 40, 100, 120, 440, 100, 20, 40, 120, 40, 120, 20, 210, 210, 210, 210, 210, 470, 8140, 20, 530, 1300, 1320, 530, 530, 530, 1300, 530, 1320, 1320, 1300, 530, 1320, 1300, 1300, 1320, 1860, 140, 7520, 7520, 7520, 140, 140, 1310, 7520, 140, 140, 7520, 12520, 30, 540, 30, 30, 30, 30, 90, 80, 530, 1240, 14210, 350, 310, 4780, 350, 14210, 4780, 4780, 350, 14210, 310, 4780, 350, 14210, 310, 4780, 14210, 310, 350, 310, 3860, 3860, 3860, 3860, 3860, 140, 80, 10, 10, 80, 80, 1040, 10, 10, 80, 310, 680, 80, 10, 0, 150, 170, 3760, 170, 280, 10050, 3760, 280, 650, 20, 10050, 280, 3760, 170, 3760, 170, 280, 280, 3760, 170, 10, 130, 460, 130, 130, 460, 460, 10, 460, 10, 10, 10, 460, 130, 130, 2680, 2680, 2680, 2680, 2680, 140, 100, 140, 140, 100, 100, 140, 100, 100, 140, 4370, 720, 720, 720, 720, 720, 3220, 3220, 3220, 300, 3220, 7460, 3220, 670, 670, 670, 90, 670, 670, 7190, 40, 3280, 3280, 3280, 3280, 3280, 3990, 460, 12520, 3220, 12520, 12520, 2360, 12520, 12520, 210, 240, 210, 210, 210, 210, 3140, 12130, 10, 5780, 10, 3140, 3140, 10, 3140, 10, 3140, 10, 340, 20, 20, 20, 560, 20, 560, 560, 340, 560, 20, 340, 560, 340, 340, 4200, 180, 2050, 4200, 4200, 4200, 2050, 2050, 4200, 2050, 2050, 0, 2830, 20, 150, 20, 150, 150, 20, 0, 20, 150, 0, 150, 0, 20, 0, 270, 10, 84800, 10140, 300, 100, 100, 10, 3380, 40, 40, 3380, 40, 3380, 40, 3380, 40, 3380, 100, 100, 100, 20, 100, 7420, 7420, 1590, 1590, 1590, 1590, 1590, 2300, 1720, 970, 1720, 1720, 1720, 1720, 2680, 3320, 5340, 5340, 5340, 3320, 3320, 5340, 3320, 5340, 3320, 1500, 1500, 1500, 1520, 1500, 1500, 60, 20, 60, 60, 20, 60, 20, 20, 60, 20, 220, 100, 220, 220, 220, 220, 30, 30, 30, 30, 30, 860, 1850, 1290, 1290, 370, 1290, 1290, 1850, 860, 370, 860, 370, 860, 370, 370, 1290, 860, 1140, 16100, 0, 440, 4050, 290, 770, 770, 0, 220, 0, 290, 770, 440, 770, 0, 770, 220, 0, 220, 220, 220, 310, 310, 9190, 310, 310, 310, 11080, 40, 180, 400, 1020, 30, 180, 400, 30, 30, 180, 400, 30, 30, 180, 400, 180, 400, 210, 210, 210, 210, 210, 1060, 1400, 1060, 1400, 1400, 1060, 1060, 1060, 1400, 1400, 35630, 3910, 2990, 0, 0, 2990, 150, 2210, 130, 2490, 320, 320, 130, 320, 130, 320, 320, 130, 130, 20, 5550, 950, 10, 2050, 920, 2050, 920, 420, 2050, 2050, 920, 2050, 920, 920, 380, 10, 10, 10, 10, 10, 3100, 70, 4010, 900, 900, 900, 900, 900, 4010, 6560, 4420, 1600, 1600, 1600, 420, 1600, 1600, 150, 80, 60, 70, 3950, 2360, 3950, 3950, 3950, 3950, 1930, 30, 290, 30, 1930, 30, 290, 30, 1930, 30, 290, 1930, 290, 1930, 10, 8240, 180, 1100, 180, 290, 180, 290, 860, 290, 290, 180, 50, 290, 180, 180, 180, 160, 1930, 3460, 3460, 3460, 10, 3460, 3460, 12240, 12240, 12240, 12240, 12240, 40, 3760, 3760, 3760, 400, 3760, 3760, 27280, 90, 90, 90, 290, 90, 90, 860, 4920, 860, 860, 4920, 860, 4920, 860, 4920, 4920, 200, 200, 4280, 200, 200, 200, 20, 20, 20, 20, 20, 14510, 650, 110, 3930, 650, 110, 110, 40, 110, 650, 1490, 650, 650, 110, 10090, 10090, 450, 450, 450, 450, 450, 18350, 0, 0, 0, 0, 0, 990, 440, 990, 990, 990, 990, 1930, 1720, 1930, 1720, 1930, 1720, 1930, 1720, 1720, 1930, 1490, 1490, 1490, 1490, 1490, 60, 410, 11770, 580, 580, 580, 0, 580, 580, 1440, 1440, 1440, 1440, 1440, 20, 10, 70, 10, 10, 70, 10, 70, 10, 70, 70, 260, 750, 260, 750, 260, 750, 260, 750, 260, 750, 960, 90, 90, 90, 90, 20, 1370, 90, 3990, 600, 600, 600, 600, 600, 2250, 100, 330, 330, 330, 100, 2250, 2250, 330, 100, 100, 2250, 100, 2250, 330, 840, 290, 12970, 290, 290, 12970, 290, 70, 290, 12970, 12970, 12970, 160, 80, 460, 30, 2740, 30, 30, 30, 30, 200, 120, 30, 200, 120, 30, 30, 120, 200, 120, 30, 200, 120, 30, 200, 5470, 5470, 5470, 5470, 5470, 20, 120, 4850, 100, 100, 100, 4850, 100, 4850, 4850, 4850, 100, 1750, 1750, 1930, 830, 1750, 1750, 1750, 550, 140, 12770, 10, 12770, 10, 10, 12770, 10, 12770, 10, 12770, 380, 380, 380, 380, 380, 10, 10, 10, 10, 10, 1880, 1880, 350, 20, 20, 460, 20, 20, 20, 210, 210, 5250, 1750, 1710, 40, 40, 30, 10, 40, 40, 40, 3460, 3460, 3460, 2410, 3460, 2410, 220, 220, 2410, 220, 220, 220, 2410, 2410, 3460, 20, 10, 2670, 830, 260, 830, 260, 10, 830, 2670, 830, 2670, 830, 2670, 2670, 1340, 160, 1340, 160, 160, 160, 1340, 1340, 1340, 160, 8620, 0, 20, 90, 120, 1300, 90, 90, 120, 120, 90, 90, 120, 120, 70, 0, 540, 540, 0, 540, 0, 540, 0, 0, 540, 1690, 870, 10, 10, 870, 10, 870, 10, 10, 870, 870, 600, 20, 20, 600, 4460, 20, 600, 20, 20, 600, 600, 5070, 13470, 90, 20, 5070, 20, 20, 13470, 5070, 20, 5070, 20, 5070, 80, 0, 10, 10, 10, 10, 10, 250, 10, 250, 10, 250, 10, 250, 250, 10, 110, 130, 220, 130, 240, 220, 130, 130, 220, 220, 130, 220, 0, 330, 210, 110, 330, 0, 310, 1750, 270, 1130, 1130, 1130, 1130, 1130, 110, 110, 110, 1030, 1030, 110, 110, 1030, 1030, 1030, 10, 10, 10, 10, 10, 380, 220, 2350, 2350, 2350, 220, 380, 220, 380, 220, 380, 2350, 220, 380, 2350, 60, 300, 10, 10, 3410, 3410, 3410, 3410, 10, 3410, 10, 10, 1350, 50, 50, 50, 50, 50, 50, 50, 10, 10, 10, 10, 10, 840, 2120, 840, 840, 840, 840, 2120, 3640, 3640, 2120, 30, 3640, 30, 3640, 3640, 10, 620, 3140, 3140, 3140, 3140, 10, 3140, 18430, 18430, 18430, 18430, 18430, 530, 8040, 1470, 1470, 8040, 1470, 8040, 1470, 8040, 8040, 1470, 10, 540, 10, 1630, 1630, 1630, 1630, 1630, 200, 200, 200, 200, 200, 210, 210, 210, 210, 210, 280, 80, 2100, 40, 310, 80, 43030, 2400, 40, 80, 80, 80, 20, 30, 920, 30, 920, 30, 920, 30, 920, 920, 30, 3280, 4120, 170, 4120, 4120, 10, 4120, 10, 130, 4120, 10, 10, 10, 110, 880, 1290, 6480, 120, 6480, 110, 80, 70, 70, 70, 10, 70, 70, 470, 470, 470, 470, 470, 4070, 1130, 1490, 1490, 1490, 1490, 1490, 10, 620, 620, 620, 620, 620, 3290, 70, 70, 70, 3290, 70, 70, 3290, 70, 70, 3290, 70, 70, 3290, 70, 2510, 40, 40, 2510, 40, 2510, 40, 2510, 40, 2510, 14990, 1550, 1550, 20, 1560, 20, 20, 1560, 20, 1560, 20, 1560, 1560, 30, 2880, 3890, 20, 20, 20, 2880, 20, 2880, 10, 2880, 510, 20, 2880, 15370, 3420, 3420, 110, 120, 120, 120, 110, 20, 3420, 110, 3420, 110, 120, 110, 120, 3420, 140, 1480, 20, 20, 140, 20, 1480, 140, 1480, 20, 1480, 140, 20, 1480, 140, 390, 390, 390, 390, 390, 21130, 130, 130, 550, 840, 130, 130, 130, 2990, 2470, 40, 6990, 40, 6990, 40, 6990, 40, 6990, 6990, 40, 3120, 50, 5290, 30, 260, 30, 3120, 30, 3120, 30, 50, 260, 3120, 5290, 30, 3120, 470, 130, 20, 130, 130, 130, 130, 220, 220, 1110, 6500, 20, 1110, 1110, 20, 20, 6500, 1110, 20, 6500, 1110, 20, 6500, 6500, 6240, 600, 2670, 440, 440, 440, 2670, 2670, 440, 440, 2670, 2670, 690, 990, 30, 30, 30, 30, 30, 4020, 230, 120, 1150, 1150, 230, 120, 20, 1150, 230, 120, 1150, 1150, 230, 120, 230, 120, 400, 680, 300, 0, 300, 0, 300, 300, 300, 0, 0, 0, 70, 70, 6030, 6030, 6030, 70, 70, 6030, 70, 6030, 790, 570, 2840, 2840, 2840, 790, 2840, 570, 2840, 90, 90, 40, 90, 40, 90, 170, 170, 90, 170, 40, 170, 40, 40, 170, 1120, 3280, 1120, 60, 380, 0, 50, 26580, 60, 0, 60, 26580, 0, 60, 26580, 0, 60, 26580, 26580, 0, 60, 20, 90, 2190, 90, 20, 2190, 20, 90, 2190, 20, 90, 2190, 20, 90, 2190, 28440, 20, 0, 0, 0, 0, 0, 30, 30, 30, 30, 30, 14400, 5410, 5410, 14400, 5410, 14400, 5410, 5410, 14400, 14400, 150, 90, 150, 150, 150, 150, 90, 950, 170, 90, 90, 810, 170, 3820, 170, 90, 3820, 3820, 170, 90, 170, 3820, 3820, 1040, 1040, 1040, 1040, 1040, 3140, 3140, 3140, 3140, 3140, 10660, 90, 1140, 1270, 600, 600, 600, 600, 600, 1200, 1200, 440, 1200, 1200, 440, 1200, 440, 440, 440, 50, 4100, 4100, 50, 4100, 4100, 4100, 5160, 46570, 46570, 46570, 5160, 46570, 5160, 5160, 46570, 5160, 280, 120, 120, 120, 280, 120, 120, 240, 2830, 2830, 240, 240, 2830, 2830, 240, 240, 2830, 40, 640, 750, 3280, 30, 4870, 4870, 4870, 4870, 3280, 640, 4870, 110, 0, 100, 890, 1340, 1340, 1340, 1340, 1340, 4430, 4430, 4430, 5370, 70, 4430, 70, 70, 70, 70, 4430, 440, 440, 440, 440, 440, 210, 1870, 4270, 50, 50, 4270, 50, 4270, 50, 50, 4270, 4270, 4800, 3740, 530, 530, 530, 530, 530, 3740, 3740, 3740, 3740, 120, 120, 120, 120, 120, 10, 10, 10, 10, 10, 130, 50, 2250, 840, 480, 570, 570, 180, 570, 570, 570, 310, 810, 1470, 1470, 810, 310, 1470, 1020, 1470, 310, 810, 310, 810, 310, 1470, 810, 0, 0, 0, 0, 0, 930, 930, 510, 930, 930, 930, 5650, 600, 600, 5650, 970, 600, 5650, 600, 5650, 510, 600, 5650, 380, 240, 240, 240, 380, 240, 380, 380, 240, 380, 1610, 830, 130, 1080, 130, 60, 830, 60, 1080, 830, 60, 60, 130, 830, 60, 130, 830, 1080, 130, 1080, 1080, 20, 740, 1320, 740, 1320, 1450, 4410, 740, 1320, 740, 1320, 740, 1320, 50, 3480, 640, 640, 3480, 640, 3480, 90, 3480, 640, 640, 3480, 11730, 110, 10, 150, 5060, 740, 740, 740, 740, 740, 0, 21890, 21890, 21890, 0, 21890, 0, 21890, 0, 0, 0, 0, 0, 0, 0, 4320, 3500, 5810, 4320, 4320, 4320, 4320, 600, 43720, 43720, 43720, 43720, 43720, 3330, 5530, 5530, 5530, 150, 5530, 5530, 3550, 3550, 3550, 3550, 3550, 17460, 330, 4900, 17460, 330, 4900, 330, 4900, 250, 330, 4900, 17460, 330, 4900, 17460, 17460]"
2020-11-03 17:45:00+00:00,4567010,0,1635.0,"[1310, 40, 40, 40, 60, 40, 60, 60, 40, 60, 60, 10680, 10680, 10680, 10680, 10680, 4200, 4330, 1170, 6590, 960, 3600, 3600, 550, 3600, 3600, 3600, 50, 210, 3260, 280, 280, 280, 290, 290, 280, 290, 290, 280, 290, 130, 310, 120, 120, 120, 310, 120, 120, 30, 180, 180, 180, 180, 180, 420, 12400, 170, 150, 40, 1220, 1220, 1220, 40, 1220, 40, 40, 1220, 40, 460, 180, 101760, 101760, 180, 101760, 180, 101760, 180, 180, 101760, 540, 1490, 6490, 1970, 140, 140, 1970, 6490, 1970, 1490, 6490, 1490, 1970, 140, 6490, 140, 1970, 1490, 6490, 1490, 1490, 140, 120, 120, 120, 120, 120, 3240, 20, 20, 20, 3240, 20, 20, 800, 640, 240, 240, 240, 640, 800, 800, 640, 800, 240, 640, 640, 240, 800, 430, 1510, 20, 430, 20, 430, 10, 90, 20, 430, 20, 430, 20, 430, 1600, 230, 230, 230, 230, 430, 430, 430, 230, 430, 1340, 760, 1870, 1340, 760, 760, 1870, 1870, 1870, 760, 760, 1870, 580, 580, 580, 580, 580, 4480, 0, 2400, 0, 0, 0, 0, 30, 440, 5290, 440, 440, 440, 440, 1200, 10, 6730, 630, 290, 7160, 140, 3560, 3560, 3560, 140, 3560, 3560, 10, 2620, 100, 3260, 100, 3260, 3260, 2620, 100, 3260, 2620, 100, 2620, 3260, 2620, 100, 1100, 210, 40, 200, 200, 200, 200, 200, 75500, 480, 75500, 75500, 75500, 75500, 20, 20, 20, 20, 320, 320, 320, 320, 320, 30, 0, 1470, 860, 1470, 860, 1470, 860, 60, 860, 1470, 860, 1470, 200, 4910, 200, 4910, 4910, 200, 200, 4910, 200, 4910, 230, 230, 230, 230, 230, 1040, 1040, 1040, 1040, 1040, 3270, 7560, 3090, 7560, 3090, 7560, 3090, 7560, 3090, 7560, 3090, 1650, 1650, 1650, 1650, 1650, 170, 1480, 1480, 170, 170, 1480, 170, 170, 1480, 1480, 580, 200, 70, 370, 70, 70, 70, 200, 200, 70, 200, 200, 170, 1470, 270, 1470, 270, 1470, 270, 270, 1470, 270, 1470, 160, 10, 10, 19970, 280, 270, 10, 10, 10, 110, 5260, 4860, 5260, 5260, 1700, 5260, 5260, 130, 130, 850, 330, 20, 20, 4910, 4910, 4910, 4910, 4910, 140, 230, 130, 280, 280, 280, 80, 230, 280, 520, 520, 520, 520, 520, 790, 20, 390, 6480, 6480, 390, 390, 6480, 20, 790, 390, 390, 6480, 790, 6480, 790, 790, 1470, 1470, 170, 1470, 1470, 1470, 100, 4000, 20, 20, 20, 20, 20, 500, 150, 150, 150, 10, 150, 150, 410, 410, 9060, 9920, 1030, 9160, 820, 10, 820, 9160, 820, 9160, 10, 820, 9160, 10, 820, 9160, 10, 10, 1010, 870, 3200, 3200, 3200, 3200, 3200, 220, 220, 220, 220, 220, 10, 4220, 3110, 90, 90, 90, 3110, 90, 90, 170, 170, 170, 170, 170, 640, 1170, 2210, 1170, 2210, 2210, 1170, 1170, 2210, 1170, 2210, 450, 450, 450, 450, 450, 2500, 28320, 28320, 28320, 28320, 28320, 20, 470, 230, 460, 1080, 1080, 1080, 1080, 1080, 1480, 1480, 1480, 1480, 1480, 140, 60, 7110, 60, 7110, 60, 7110, 2900, 7110, 60, 7110, 60, 1460, 1460, 1460, 1460, 1460, 480, 1130, 1130, 1130, 1130, 1130, 1450, 1450, 1450, 270, 4090, 1450, 1450, 110, 20, 20, 790, 20, 20, 20, 4080, 830, 8270, 830, 5380, 160, 30, 410, 20, 840, 30, 20, 160, 320, 20, 30, 20, 160, 410, 160, 20, 410, 160, 410, 30, 410, 30, 0, 0, 0, 0, 0, 5140, 2360, 2360, 2360, 2360, 2360, 650, 6040, 0, 0, 290, 5930, 3100, 0, 5930, 280, 280, 280, 280, 280, 19350, 19350, 19350, 19350, 19350, 10830, 3880, 3880, 100, 3880, 1090, 3880, 3880, 1110, 10, 2280, 2280, 2280, 10, 380, 1110, 1110, 2280, 10, 2280, 1110, 10, 1110, 10, 2670, 1750, 13370, 13370, 13370, 13370, 13370, 760, 760, 3880, 40, 760, 760, 760, 3270, 3380, 3380, 3270, 3270, 3380, 3380, 3270, 3380, 3270, 90, 90, 37690, 810, 810, 810, 37690, 37690, 810, 37690, 37690, 810, 1990, 1650, 1650, 5430, 1650, 1650, 1650, 170, 170, 4500, 170, 170, 170, 10, 2950, 20, 2950, 2950, 950, 20, 2950, 20, 2950, 20, 20, 10, 100, 1790, 5480, 110, 120, 790, 30, 35290, 790, 35290, 790, 790, 2360, 30, 35290, 30, 790, 30, 35290, 35290, 30, 59350, 1620, 59350, 59350, 59350, 59350, 620, 100, 210, 210, 210, 210, 210, 10, 10, 80, 10, 80, 80, 60, 80, 10, 80, 60, 60, 10, 60, 60, 50, 540, 570, 570, 570, 540, 570, 540, 540, 570, 540, 1900, 1900, 1900, 8270, 1900, 1900, 4090, 5110, 2140, 5110, 2140, 2140, 5110, 5110, 5110, 2140, 2140, 20, 380, 180, 160, 180, 3200, 3580, 3200, 3200, 3200, 3200, 3290, 1220, 1220, 3290, 1220, 3290, 1220, 3290, 1220, 3290, 200, 100, 80, 100, 810, 1460, 810, 100, 100, 810, 100, 810, 150, 810, 130, 130, 130, 130, 130, 0, 10090, 1020, 450, 1020, 1020, 450, 10090, 1020, 450, 450, 1020, 450, 50, 27270, 27270, 27270, 27270, 27270, 580, 1230, 0, 0, 0, 1230, 0, 0, 380, 3590, 530, 530, 380, 430, 380, 530, 380, 530, 380, 530, 520, 520, 520, 20, 520, 520, 7250, 7250, 7250, 430, 7250, 7250, 650, 110, 650, 110, 650, 110, 650, 110, 650, 110, 210, 540, 540, 540, 540, 540, 630, 3520, 440, 2650, 2650, 2650, 2650, 2650, 2890, 2890, 2890, 2890, 2890, 2950, 2950, 2950, 2950, 2950, 80, 2470, 1230, 20, 180, 20, 180, 20, 180, 20, 180, 20, 180, 1480, 2230, 1480, 2230, 2230, 1480, 2230, 1480, 2230, 1480, 7590, 860, 860, 7590, 7590, 7590, 860, 860, 860, 7590, 4180, 880, 4180, 4180, 4180, 4180, 10, 10, 10, 10, 10, 230, 70, 2490, 110, 110, 2490, 740, 2490, 2490, 2490, 1670, 230, 230, 1670, 230, 230, 230, 1670, 1670, 1670, 7250, 2290, 7250, 7250, 7250, 7250, 360, 60, 500, 130, 500, 500, 500, 60, 130, 500, 130, 130, 80, 4610, 80, 80, 80, 80, 570, 570, 570, 570, 570, 150, 60, 60, 60, 60, 60, 1250, 70, 70, 70, 70, 320, 0, 3320, 320, 130, 320, 3320, 3320, 3320, 320, 3320, 320, 3580, 0, 450, 2090, 200, 0, 2090, 0, 0, 0, 3200, 100, 100, 100, 100, 100, 250, 8200, 310, 0, 440, 520, 440, 520, 720, 4020, 520, 440, 520, 720, 440, 440, 520, 4880, 0, 100, 100, 320, 100, 320, 100, 320, 320, 100, 320, 11050, 11050, 11050, 11050, 11050, 480, 290, 290, 2090, 290, 450, 480, 480, 450, 480, 450, 290, 450, 480, 290, 450, 4210, 2630, 8380, 230, 230, 230, 2630, 230, 230, 380, 40, 440, 260, 230, 60, 230, 60, 230, 60, 60, 230, 60, 230, 2230, 0, 1130, 1130, 1720, 1130, 0, 0, 1720, 1130, 0, 1720, 1130, 0, 1720, 1720, 570, 100, 100, 100, 100, 100, 150, 150, 150, 150, 150, 50, 0, 0, 0, 0, 0, 350, 440, 100, 550, 100, 550, 100, 550, 100, 550, 550, 100, 1600, 1360, 940, 940, 1600, 1360, 1600, 940, 1600, 940, 1600, 940, 3530, 0, 990, 10, 1290, 990, 990, 1290, 1290, 990, 1290, 990, 1290, 1720, 40, 40, 40, 40, 40, 2170, 1390, 1180, 1180, 1180, 1180, 1390, 20, 1180, 2480, 2480, 2160, 60, 880, 5080, 5080, 880, 880, 60, 880, 5080, 880, 2160, 2160, 2160, 5080, 2160, 5080, 180, 180, 180, 180, 180, 600, 3970, 990, 600, 3970, 990, 3970, 600, 990, 3970, 600, 600, 990, 990, 3970, 2330, 1060, 120, 1060, 1060, 1060, 1060, 200, 530, 530, 530, 530, 530, 1100, 30, 30, 30, 30, 1100, 30, 1100, 1100, 1100, 150, 150, 150, 2280, 150, 150, 130, 760, 9840, 50, 1370, 5580, 60, 320, 320, 320, 320, 320, 20, 20, 20, 20, 20, 10050, 10050, 520, 520, 4780, 520, 520, 520, 4910, 150, 340, 180, 910, 340, 180, 3240, 2580, 710, 19380, 70, 70, 19380, 1800, 10660, 1800, 10660, 1800, 10660, 10660, 1800, 1800, 10660, 3000, 710, 220, 4850, 1570, 1570, 3950, 5610, 100, 240, 30, 240, 240, 240, 5610, 240, 70, 6000, 1250, 10, 10, 2280, 2280, 10, 2280, 10, 2280, 10, 2280, 2840, 2840, 2840, 2840, 2840, 3010, 3010, 3010, 3010, 3010, 550, 550, 100, 550, 550, 100, 100, 550, 100, 100, 100, 100, 100, 100, 100, 7700, 10, 10, 10, 10, 10, 540, 1970, 2280, 1120, 440, 440, 1120, 440, 440, 1120, 1120, 440, 1120, 27280, 11870, 2840, 2840, 3770, 3770, 11870, 2840, 11870, 3770, 3770, 100, 11870, 3770, 2840, 11870, 2840, 80, 890, 4050, 4050, 4050, 890, 4050, 4050, 220, 800, 800, 800, 800, 800, 1890, 1030, 1890, 1890, 1890, 1890, 2660, 30, 2660, 2360, 2200, 30, 30, 2660, 2660, 2660, 30, 2360, 2360, 2360, 30, 2360, 1200, 3770, 240, 240, 240, 240, 3770, 240, 3770, 3770, 3770, 10, 6440, 6440, 6440, 6440, 6440, 10, 3140, 6820, 10, 10, 10, 10, 3140, 10660, 10660, 10660, 10660, 10660, 670, 380, 380, 380, 670, 2660, 5190, 670, 380, 670, 380, 670, 5610, 30, 1490, 10020, 1490, 1490, 10020, 530, 1490, 10020, 1490, 10020, 10020, 7440, 7440, 7440, 7440, 7440, 440, 4050, 570, 570, 4050, 4050, 570, 4050, 570, 4050, 570, 12420, 70, 70, 70, 70, 70, 70, 680, 680, 680, 70, 680, 680, 120, 120, 120, 120, 120, 2390, 50, 50, 50, 50, 50, 260, 1200, 370, 1200, 1200, 370, 1200, 370, 1200, 370, 370, 680, 680, 680, 680, 680, 50, 180, 50, 50, 180, 50, 180, 180, 50, 180, 1490, 500, 500, 500, 1840, 1840, 1840, 500, 500, 1840, 1840, 1940, 20, 2480, 2480, 6500, 6500, 6500, 6500, 6500, 70, 70, 70, 70, 70, 210, 210, 210, 210, 210, 840, 160, 160, 160, 160, 160, 890, 290, 650, 890, 290, 290, 890, 290, 890, 290, 890, 20, 1290, 590, 10, 20, 4700, 4700, 10, 4700, 10, 10, 10, 4700, 4700, 10, 20, 10, 1430, 4240, 4240, 1430, 4240, 10, 4240, 4240, 0, 0, 0, 0, 0, 5490, 460, 670, 5490, 5490, 5490, 5490, 310, 60, 60, 60, 60, 60, 70, 190, 190, 190, 190, 190, 20, 80, 60, 80, 60, 20, 60, 60, 20, 80, 20, 60, 80, 80, 20, 100, 150, 30, 1310, 40, 1310, 210, 1310, 1310, 1310]"
2020-11-03 17:50:00+00:00,3608720,0,1542.0,"[30, 280, 280, 280, 30, 280, 30, 280, 30, 30, 120, 120, 120, 120, 120, 520, 30, 30, 30, 520, 520, 520, 30, 520, 30, 4230, 4230, 4230, 4230, 4230, 190, 100, 80, 700, 290, 2000, 2000, 2000, 700, 290, 700, 290, 700, 700, 290, 2000, 290, 2000, 1010, 4700, 2820, 2820, 20, 20, 20, 4700, 2820, 1010, 4700, 2820, 4700, 1010, 20, 4700, 1010, 20, 1010, 2820, 140, 90, 90, 460, 460, 90, 190, 460, 90, 90, 460, 140, 460, 70, 70, 70, 70, 70, 30, 190, 10, 60, 60, 60, 60, 60, 140, 320, 4560, 140, 60, 320, 140, 4560, 140, 4560, 4560, 320, 4560, 140, 320, 320, 360, 40730, 360, 360, 360, 360, 2690, 7290, 0, 40, 320, 40, 320, 430, 280, 2880, 280, 1290, 2880, 430, 280, 280, 430, 280, 430, 430, 3480, 70, 440, 440, 70, 3480, 70, 440, 70, 70, 440, 510, 6510, 350, 350, 350, 350, 6510, 6510, 6510, 6510, 350, 2360, 2690, 10, 2690, 2690, 2690, 10, 10, 2690, 10, 10, 30, 80, 80, 140, 0, 0, 0, 80, 0, 80, 0, 80, 1970, 10, 10, 10, 10, 1970, 10, 1970, 1970, 1970, 100, 500, 500, 500, 100, 500, 500, 1770, 380, 50, 50, 50, 50, 50, 570, 2930, 1150, 2100, 2100, 2100, 2100, 2100, 120, 2250, 9780, 2250, 9780, 2250, 1080, 2250, 9780, 9780, 2250, 9780, 10, 1470, 1650, 10, 10, 10, 10, 3990, 140, 10, 140, 3990, 140, 140, 140, 640, 210, 640, 210, 210, 640, 210, 640, 640, 210, 1360, 940, 110, 940, 940, 940, 940, 660, 660, 660, 660, 660, 30, 30, 30, 30, 80, 1520, 4130, 1520, 4130, 1520, 4130, 1520, 4130, 1520, 4130, 110, 1780, 1570, 1570, 1570, 1570, 1570, 380, 4510, 1340, 130, 130, 1340, 1340, 130, 10, 1340, 4510, 130, 1340, 130, 1560, 3810, 390, 4580, 420, 420, 420, 420, 420, 480, 4240, 860, 860, 860, 4240, 280, 4240, 860, 4240, 860, 4240, 620, 120, 620, 90, 0, 90, 0, 90, 0, 90, 0, 90, 0, 3510, 1390, 180, 130, 130, 130, 130, 130, 460, 700, 700, 700, 700, 700, 100, 20, 100, 1470, 100, 100, 20, 100, 20, 1470, 1470, 20, 1470, 1470, 20, 360, 360, 360, 360, 360, 22580, 3450, 3450, 140, 3450, 3450, 3450, 360, 30, 120, 90, 70, 40, 40, 70, 40, 40, 70, 40, 70, 70, 10, 0, 0, 10, 10, 0, 0, 10, 10, 0, 40, 6240, 370, 370, 370, 6240, 6240, 370, 6240, 6240, 370, 2770, 10, 5320, 180, 180, 180, 180, 180, 230, 3270, 180, 180, 3270, 180, 1030, 40, 3270, 3270, 180, 3270, 180, 290, 290, 290, 290, 290, 100, 100, 100, 100, 100, 1250, 1770, 1770, 10, 10, 10, 10, 10, 250, 20, 100, 23750, 100, 100, 30, 57310, 100, 170, 100, 900, 900, 50, 900, 120, 900, 900, 1130, 3650, 30, 4220, 1130, 3650, 3650, 30, 3650, 4220, 3650, 1130, 30, 30, 1130, 30, 1130, 360, 330, 0, 0, 330, 330, 330, 0, 0, 0, 13180, 130, 130, 130, 130, 130, 950, 30, 3110, 30, 30, 30, 30, 3610, 10, 10, 10, 1240, 50, 10, 10, 190, 0, 640, 640, 640, 640, 640, 210, 210, 210, 210, 210, 150, 150, 8180, 90, 4820, 30, 90, 90, 90, 90, 10, 30, 810, 460, 2940, 30, 2940, 30, 430, 30, 430, 2940, 2940, 430, 30, 30, 430, 430, 2940, 30, 30, 30, 30, 30, 90, 1220, 54340, 54340, 1220, 54340, 1220, 1220, 1220, 54340, 54340, 1240, 3240, 3240, 3240, 3240, 3240, 3180, 3180, 3180, 3180, 3180, 330, 640, 640, 330, 640, 640, 640, 330, 330, 330, 680, 680, 120, 1770, 120, 120, 1770, 120, 1770, 1770, 120, 1770, 2620, 1860, 30, 120, 30, 3640, 30, 30, 3640, 40, 3640, 40, 3640, 40, 3640, 40, 30, 40, 150, 4200, 5380, 3530, 3530, 4200, 150, 4200, 3530, 4200, 3530, 150, 4200, 150, 150, 3530, 20, 30, 6390, 30, 30, 30, 30, 290, 290, 2280, 290, 290, 290, 1770, 70, 70, 70, 70, 70, 250, 400, 170, 170, 170, 170, 170, 5820, 1570, 5820, 5820, 5820, 1570, 1570, 5820, 1570, 1570, 250, 50, 130, 250, 250, 330, 330, 330, 330, 330, 7250, 10, 1810, 490, 1810, 490, 1810, 490, 1810, 10, 1810, 10, 10, 490, 490, 10, 430, 430, 430, 430, 430, 10, 10, 4470, 10, 4470, 10, 10, 4470, 4470, 10, 4470, 34130, 3200, 250, 3200, 3200, 250, 250, 3200, 250, 3200, 250, 4150, 4150, 4150, 12950, 4150, 4150, 30, 1470, 30, 30, 1470, 1470, 30, 1470, 30, 1470, 550, 550, 550, 550, 550, 130, 1180, 50, 50, 50, 50, 50, 80, 80, 80, 80, 80, 3500, 1520, 390, 390, 390, 3500, 1520, 3500, 1520, 390, 3500, 1520, 3500, 1520, 390, 2390, 60, 60, 60, 2390, 2390, 60, 2390, 2390, 60, 260, 260, 260, 260, 260, 4960, 20, 140, 2190, 140, 140, 2190, 140, 140, 10, 630, 70, 630, 70, 630, 630, 630, 20, 390, 680, 390, 680, 680, 390, 680, 390, 680, 390, 510, 0, 120, 120, 480, 70, 480, 70, 480, 480, 70, 70, 480, 70, 170, 1250, 170, 170, 170, 170, 550, 110, 4220, 4220, 4220, 4220, 4220, 490, 1470, 6420, 6420, 1470, 1470, 6420, 1470, 6420, 1470, 6420, 120, 570, 120, 570, 120, 570, 570, 120, 120, 570, 20, 60, 60, 790, 360, 790, 60, 790, 360, 60, 390, 790, 360, 60, 790, 360, 360, 760, 500, 760, 500, 500, 760, 500, 760, 500, 760, 8290, 20, 10, 10, 20, 10, 2200, 20, 8290, 20, 8290, 10, 20, 10, 8290, 8290, 1010, 40, 240, 40, 1010, 1010, 1010, 240, 40, 240, 40, 240, 240, 40, 1010, 290, 121440, 10, 121440, 10, 121440, 10, 290, 10, 121440, 290, 10, 121440, 290, 290, 50, 0, 50, 50, 50, 0, 50, 0, 0, 0, 480, 480, 480, 480, 480, 50, 13540, 1230, 1420, 510, 1770, 120, 120, 120, 120, 120, 50, 50, 50, 50, 50, 140, 140, 140, 140, 140, 140, 18990, 1800, 1800, 18990, 1800, 18990, 1800, 1800, 390, 18990, 18990, 3530, 3530, 3530, 3530, 4350, 3530, 110, 50, 700, 700, 700, 700, 50, 220, 50, 50, 50, 700, 130, 50, 50, 50, 50, 50, 20, 20, 20, 20, 20, 13680, 13680, 50, 13680, 13680, 13680, 1140, 4590, 10, 1140, 4590, 4590, 1140, 10, 10, 1140, 4590, 10, 1140, 4590, 10, 660, 660, 660, 660, 660, 10, 10, 10, 10, 10, 20, 1310, 40, 40, 40, 40, 40, 40, 1350, 10, 10, 10, 10, 10, 2380, 2380, 2380, 2380, 2380, 280, 1110, 400, 400, 140, 140, 140, 400, 140, 400, 140, 400, 40, 920, 920, 260, 920, 260, 920, 260, 920, 260, 260, 1430, 30, 1110, 20, 20, 20, 20, 20, 6690, 6690, 6690, 6690, 6690, 2750, 2750, 2750, 2750, 2750, 5600, 2050, 2050, 2050, 2050, 2050, 110, 430, 430, 550, 990, 140, 990, 140, 990, 990, 140, 140, 140, 990, 4350, 10, 10, 10, 10, 10, 110, 3280, 0, 30, 1760, 1760, 570, 0, 3100, 0, 3100, 3100, 3100, 0, 0, 0, 3100, 1800, 540, 120, 120, 120, 120, 120, 11460, 1750, 1750, 1750, 11460, 11460, 1750, 11460, 11460, 1750, 6290, 740, 740, 740, 3740, 740, 740, 400, 0, 30, 40, 30, 30, 0, 0, 30, 0, 0, 1700, 30, 2480, 1910, 350, 20, 20, 350, 3090, 20, 20, 350, 20, 350, 350, 6480, 6480, 1040, 6480, 6480, 6480, 30, 5700, 290, 290, 430, 290, 290, 290, 900, 350, 350, 60480, 60480, 60480, 60480, 350, 350, 60480, 350, 70, 70, 2410, 70, 70, 70, 4580, 4580, 4580, 4580, 4580, 6290, 20, 20, 20, 1390, 20, 20, 260, 3000, 460, 70, 460, 70, 460, 460, 70, 70, 70, 50, 460, 26200, 210, 760, 760, 210, 760, 210, 210, 760, 760, 210, 2710, 4530, 4530, 4530, 4530, 4530, 130, 130, 130, 130, 410, 130, 30, 20, 2910, 10, 10, 2910, 10, 2910, 10, 20, 20, 2910, 20, 2910, 10, 20, 90, 180, 180, 90, 180, 90, 90, 180, 90, 180, 870, 870, 870, 460, 460, 870, 460, 870, 460, 460, 560, 60, 550, 90, 90, 3950, 550, 90, 550, 90, 550, 550, 90, 2500, 2500, 2500, 2500, 2500, 120, 240, 60480, 570, 570, 390, 570, 570, 570, 10, 10, 10, 10, 10, 25310, 330, 25310, 25310, 25310, 25310, 210, 10, 30, 30, 30, 30, 30, 450, 450, 70, 450, 70, 450, 70, 70, 450, 70, 30, 480, 480, 3130, 480, 480, 480, 260, 260, 260, 260, 260, 9190, 40, 40, 40, 40, 40, 150, 4230, 10, 290, 5040, 5040, 290, 5040, 5040, 290, 290, 290, 5040, 1410, 1410, 40, 2160, 3590, 3590, 2160, 3590, 40, 3590, 2160, 40, 2160, 2160, 40, 40, 3590, 370, 2740, 370, 120, 20, 20, 120, 120, 3100, 20, 120, 20, 120, 20, 10, 90, 270, 90, 90, 770, 90, 770, 770, 90, 770, 770, 0, 1180, 120, 0, 1180, 120, 0, 1180, 1180, 120, 0, 1180, 0, 120, 120, 9790, 9790, 240, 13680, 4520, 40, 4520, 240, 4520, 240, 40, 40, 240, 4520, 40, 240, 4520, 40, 1030, 1030, 1030, 1030, 1030, 1290, 3990, 1110, 350, 20, 1110, 1110, 1110, 1110, 280, 20, 10880, 12760, 280, 200, 10880, 10880, 12760, 280, 10880, 12760, 20, 20, 280, 280, 10880, 20, 200, 200, 200, 12760, 20, 12760, 200, 520, 710, 710, 710, 710, 710, 1180, 1180, 1180, 1180, 1180, 30, 330, 330, 330, 330, 330, 240, 240, 210, 210, 240, 210, 240, 210, 240, 210]"
2020-11-03 17:55:00+00:00,3935680,0,1351.0,"[600, 600, 600, 600, 600, 70, 140, 1220, 1220, 1840, 1840, 1840, 1840, 1840, 360, 210, 20, 20, 20, 20, 210, 20, 20, 20, 20, 20, 2410, 1720, 2410, 1260, 1260, 1260, 1260, 1260, 770, 770, 770, 770, 770, 60, 60, 60, 60, 60, 320, 320, 2540, 320, 320, 320, 10, 210, 10, 10, 210, 10, 210, 10, 210, 210, 20, 560, 520, 520, 520, 560, 520, 560, 520, 560, 560, 40, 17770, 40, 17770, 17770, 40, 3520, 17770, 40, 17770, 40, 120, 120, 120, 120, 120, 23170, 23170, 23170, 23170, 23170, 20, 220, 220, 220, 220, 220, 2820, 2730, 40, 3730, 40, 40, 3730, 40, 3730, 3730, 3730, 40, 3990, 260, 260, 260, 260, 260, 190, 130, 130, 130, 130, 130, 7700, 7700, 7700, 7700, 7700, 200, 200, 200, 200, 200, 170, 410, 170, 410, 410, 170, 410, 170, 410, 170, 83010, 1280, 80, 3320, 230, 230, 13540, 3320, 13540, 230, 13540, 13540, 230, 13540, 230, 14000, 6340, 1150, 580, 1150, 1150, 1150, 1150, 1320, 1320, 1320, 1320, 1320, 30860, 30860, 30860, 30860, 30860, 4190, 4190, 4190, 4190, 4190, 420, 10, 420, 420, 420, 420, 10, 12750, 12750, 12750, 12750, 12750, 340, 4230, 340, 340, 340, 340, 240, 110, 240, 3160, 240, 110, 240, 240, 510, 410, 560, 560, 560, 560, 410, 560, 410, 410, 410, 110, 1210, 1580, 60, 40, 40, 110, 40, 760, 760, 760, 40, 40, 760, 40, 760, 40, 730, 340, 340, 240, 240, 340, 340, 240, 240, 240, 340, 40, 510, 28440, 510, 510, 510, 510, 180, 180, 180, 180, 180, 24200, 24200, 24200, 24200, 24200, 20, 20, 12430, 12430, 700, 700, 700, 20, 12430, 20, 700, 12430, 12430, 20, 27400, 27400, 27400, 27400, 27400, 3170, 150, 1300, 10590, 1300, 1300, 1300, 10590, 1300, 20, 0, 0, 0, 0, 10660, 0, 0, 60, 300, 300, 540, 150, 150, 1830, 150, 150, 150, 60, 60, 60, 60, 60, 150, 70, 300, 300, 300, 300, 300, 1220, 70, 70, 70, 70, 70, 1270, 2460, 80, 80, 2460, 80, 2460, 2460, 80, 80, 2460, 29290, 7320, 120, 340, 9630, 320, 5020, 120, 9630, 320, 5020, 9630, 120, 120, 9630, 5020, 340, 320, 120, 5020, 9630, 320, 320, 5020, 2460, 2460, 2460, 2460, 2460, 550, 50, 50, 50, 50, 50, 590, 340, 340, 340, 340, 340, 1130, 630, 140, 140, 140, 140, 140, 1270, 160, 160, 160, 160, 160, 1870, 170, 170, 170, 1870, 1870, 170, 1870, 1870, 170, 170, 1250, 70, 18730, 30, 30, 0, 30, 30, 0, 0, 30, 0, 0, 10, 10, 10, 10, 10, 10, 3060, 60, 0, 0, 0, 0, 0, 340, 1040, 1040, 1040, 1040, 1040, 20, 360, 60, 110, 60, 60, 60, 60, 100, 100, 100, 100, 100, 1860, 1860, 1860, 1860, 1860, 100, 40, 330, 330, 100, 100, 100, 330, 100, 330, 330, 5550, 320, 400, 19420, 100, 400, 19420, 400, 19420, 100, 100, 320, 19420, 400, 320, 19420, 100, 320, 320, 400, 100, 190, 340, 180, 180, 180, 180, 180, 90, 90, 90, 90, 90, 120, 920, 300, 780, 300, 120, 920, 300, 780, 300, 920, 920, 300, 920, 320, 390, 40, 320, 320, 320, 320, 10, 2480, 10, 10, 10, 10, 1460, 1460, 1460, 1460, 1460, 40, 190, 1600, 190, 40, 1600, 260, 190, 1600, 260, 40, 190, 260, 40, 190, 260, 40, 260, 1600, 1600, 770, 770, 80, 80, 80, 80, 80, 0, 17600, 280, 280, 280, 280, 17600, 17600, 340, 340, 17600, 340, 1040, 17600, 280, 340, 340, 1320, 1260, 1320, 1320, 1320, 1320, 490, 20, 110, 20, 490, 20, 490, 20, 490, 490, 20, 570, 2420, 2420, 530, 530, 530, 530, 530, 380, 380, 380, 380, 380, 10, 70, 490, 10, 10, 60, 32710, 10, 10, 100, 10, 160, 1840, 1840, 1840, 140, 1840, 1840, 490, 490, 490, 490, 490, 40, 40, 40, 40, 40, 240, 6120, 40, 6120, 40, 240, 6120, 40, 240, 40, 240, 6120, 240, 40, 6120, 120, 5350, 3340, 40, 30, 30, 50, 50, 550, 550, 550, 550, 550, 80, 80, 80, 2480, 2480, 80, 80, 170, 400, 20, 20, 170, 20, 20, 20, 6360, 340, 440, 440, 440, 440, 440, 20, 390, 390, 23610, 23610, 23610, 23610, 23610, 120, 120, 2320, 120, 120, 120, 3760, 43180, 200, 550, 5190, 1540, 1540, 1540, 1540, 1540, 20, 560, 560, 560, 20, 560, 560, 30, 5550, 10, 30, 30, 30, 30, 560, 560, 860, 560, 31230, 31230, 31230, 10, 31230, 31230, 450, 450, 450, 450, 450, 450, 1720, 100, 31230, 100, 31230, 31230, 100, 100, 31230, 100, 31230, 0, 100, 590, 0, 0, 100, 100, 100, 100, 0, 0, 3660, 1990, 1880, 7570, 450, 450, 450, 450, 450, 800, 6370, 9150, 60, 60, 9150, 9150, 50, 9150, 60, 200, 9150, 60, 60, 3980, 30, 30, 30, 3980, 30, 8740, 30, 1920, 50, 400, 8200, 160, 160, 10, 160, 160, 160, 2200, 1400, 4140, 200, 300, 300, 200, 300, 300, 300, 200, 200, 200, 40, 40, 40, 2480, 2480, 170, 660, 170, 170, 660, 660, 660, 170, 660, 170, 1000, 720, 3380, 720, 720, 3380, 720, 3380, 720, 3380, 3380, 32920, 32920, 32920, 32920, 32920, 34950, 630, 520, 1460, 1460, 110, 630, 1460, 440, 630, 630, 1460, 520, 630, 1460, 240, 7540, 240, 240, 7540, 7540, 240, 7540, 7540, 240, 180, 1440, 2400, 2320, 1510, 1510, 2400, 2400, 2320, 2400, 1510, 2320, 2400, 2320, 1510, 1510, 2320, 60, 50, 2150, 60, 60, 60, 60, 610, 610, 610, 610, 2770, 610, 40, 40, 250, 40, 40, 40, 870, 40, 140, 40, 0, 870, 40, 140, 2120, 140, 140, 870, 40, 140, 870, 40, 870, 1490, 950, 60, 60, 60, 60, 60, 300, 300, 300, 300, 190, 300, 300, 3710, 100, 20, 670, 350, 20, 20, 350, 350, 20, 350, 350, 20, 2120, 680, 2120, 310, 320, 2120, 2120, 2120, 8330, 4450, 270, 8330, 270, 8330, 270, 4450, 8330, 270, 4450, 8330, 270, 4450, 4450, 240, 1160, 280, 1720, 240, 280, 240, 240, 240, 20, 980, 980, 50, 50, 20, 50, 980, 20, 50, 20, 980, 20, 980, 2340, 2060, 30, 30, 2060, 30, 30, 30, 2540, 3670, 270, 270, 270, 270, 270, 6240, 6240, 6240, 1240, 6240, 6240, 10860, 450, 450, 450, 450, 20, 20, 20, 20, 20, 200, 20, 29570, 10, 10, 10, 480, 10, 120, 50, 1020, 160, 40, 160, 40, 160, 740, 40, 40, 160, 40, 160, 3780, 3780, 3780, 3780, 3780, 2160, 2160, 2160, 2160, 2160, 770, 2260, 2260, 140, 140, 140, 140, 140, 2260, 2260, 2260, 80, 110, 110, 110, 110, 110, 2680, 40, 10, 20, 2460, 20, 2460, 20, 990, 2460, 20, 20, 2460, 2460, 22030, 120, 120, 120, 120, 120, 1850, 50, 50, 10830, 43970, 1260, 270, 270, 270, 270, 270, 130, 810, 810, 810, 810, 810, 70, 70, 180, 180, 70, 70, 180, 70, 180, 180, 0, 10, 10, 10, 10, 10, 390, 120, 1280, 2300, 1280, 1280, 2300, 1280, 1280, 5100, 70, 7280, 3940, 2160, 1190, 2160, 2160, 2160, 2160, 1310, 1310, 210, 210, 210, 210, 210, 600, 70, 70, 70, 70, 600, 600, 70, 600, 600, 460, 17260, 2280, 3670, 100, 60, 6090, 110, 940, 11080, 0, 30, 110, 30, 0, 110, 0, 110, 30, 110, 0, 30, 110, 0, 30, 890, 6480, 37950, 9790, 20, 20, 37950, 9790, 37950, 9790, 20, 20, 20, 37950, 9790, 6480, 37950, 9790, 1060, 20, 20, 400, 400, 400, 10, 400, 400, 90, 200, 200, 200, 200, 200, 40, 40, 9150, 9150, 40, 9150, 40, 40, 9150, 9150, 220, 140, 140, 140, 140, 700, 50, 50, 50, 50, 50, 1570, 1050, 1050, 1570, 1050, 1570, 1570, 1050, 1570, 1050, 180, 520, 590, 640, 50, 50, 510, 50, 50, 50, 10, 120, 120, 50, 120, 10, 120, 120, 50, 40, 50, 40, 40, 40, 50, 50, 50, 40, 410, 3670, 32330, 410, 32330, 32330, 32330, 410, 32330, 410, 410, 10, 11180, 390, 390, 390, 390, 390, 200, 420, 420, 420, 420, 420, 2440, 10520, 2440, 2440, 2440, 2440, 1100, 1410, 10, 2500, 0, 1700, 1700, 3450, 1700, 1700, 1700, 160, 0, 3890, 35240, 60, 35240, 35240, 35240, 35240, 15740, 220, 15740, 15740, 220, 220, 15740, 15740, 220, 220, 410, 430, 410, 430, 430, 510, 410, 430, 410, 430, 410, 540, 120]"
2020-11-03 18:00:00+00:00,4098790,0,1317.0,"[460, 4530, 100, 100, 100, 100, 100, 13760, 40, 3150, 3150, 40, 3150, 13760, 3150, 3150, 40, 13760, 40, 13760, 40, 13760, 110, 60, 1030, 5390, 1300, 820, 820, 820, 820, 820, 1470, 21550, 1470, 1470, 1470, 1470, 580, 580, 580, 580, 580, 150, 11150, 0, 150, 150, 150, 150, 2440, 40, 2840, 2840, 40, 40, 2840, 40, 40, 2840, 2840, 4730, 190, 360, 730, 190, 190, 190, 730, 190, 730, 730, 730, 220, 40, 3930, 3930, 3930, 3930, 3930, 7250, 7250, 7250, 7250, 7250, 10, 30, 4760, 30, 30, 30, 30, 30, 1200, 1600, 1200, 1600, 1200, 1600, 1200, 1600, 1600, 1200, 1750, 850, 850, 1750, 1750, 850, 1750, 850, 1750, 850, 70, 70, 1030, 200, 110, 70, 70, 70, 28860, 28860, 28860, 28860, 28860, 30860, 30860, 30860, 30860, 30860, 670, 320, 320, 0, 320, 320, 670, 320, 4470, 1280, 1280, 1280, 4470, 4470, 1280, 4470, 1280, 4470, 660, 720, 9120, 820, 490, 490, 490, 490, 490, 820, 40, 13290, 13290, 13290, 13290, 13290, 3030, 170, 170, 10, 10, 10, 10, 10, 6080, 5820, 27940, 27940, 27940, 6080, 27940, 27940, 6080, 6080, 6080, 150, 1710, 150, 150, 150, 290, 150, 3860, 5770, 130, 3860, 5770, 130, 5770, 130, 3860, 130, 5770, 5770, 3860, 130, 3860, 2680, 2680, 2680, 2680, 2680, 300, 60, 590, 590, 590, 590, 590, 5610, 50, 50, 5610, 50, 5610, 50, 50, 5610, 5610, 1020, 50, 70, 70, 70, 70, 50, 70, 50, 50, 50, 1730, 17980, 300, 17980, 300, 300, 17980, 300, 300, 17980, 17980, 20, 70, 1190, 2840, 1190, 470, 360, 360, 30, 30, 420, 420, 30, 30, 420, 30, 420, 40, 40, 40, 40, 40, 0, 0, 280, 0, 0, 0, 0, 130, 80, 440, 130, 850, 850, 850, 850, 130, 850, 130, 80, 130, 140, 120, 120, 120, 120, 120, 250, 7310, 250, 7310, 250, 250, 250, 310, 1660, 1660, 1660, 310, 1660, 1660, 5890, 0, 150, 460, 200, 150, 200, 150, 200, 150, 200, 150, 200, 1390, 210, 2370, 210, 210, 210, 210, 10, 260, 260, 260, 260, 260, 540, 350, 540, 540, 540, 540, 20, 20, 20, 20, 20, 1490, 340, 340, 340, 340, 340, 420, 420, 420, 9300, 420, 420, 6210, 6210, 6210, 6210, 6210, 1650, 1650, 1650, 1650, 1650, 5070, 9130, 9130, 9130, 9130, 9130, 4230, 80, 7190, 13810, 50, 13810, 13810, 13810, 50, 50, 13810, 50, 240, 50, 140, 60, 20, 1400, 60, 60, 60, 60, 1400, 120, 10, 10, 10, 10, 10, 17290, 17290, 140, 17290, 140, 17290, 140, 17290, 140, 140, 830, 2900, 11620, 2030, 2900, 11620, 2030, 4960, 4960, 560, 2900, 11620, 2030, 4960, 2900, 11620, 2030, 4960, 560, 2900, 11620, 2030, 4960, 560, 560, 560, 40, 1220, 1220, 1220, 1220, 1220, 10, 0, 10660, 10660, 10660, 10660, 10660, 230, 230, 230, 230, 230, 17290, 2120, 2880, 2880, 2880, 2880, 2880, 8690, 560, 400, 400, 400, 400, 400, 4880, 4880, 4880, 4880, 4880, 140, 130, 160, 130, 50, 50, 130, 160, 50, 160, 50, 130, 50, 160, 130, 160, 3080, 120, 120, 120, 120, 120, 40, 40, 40, 40, 40, 5390, 110, 2500, 110, 110, 2500, 110, 2500, 2500, 110, 2500, 3150, 30, 80, 30, 30, 80, 30, 30, 360, 360, 720, 760, 1070, 2280, 1070, 1070, 1070, 1070, 30, 30, 30, 30, 30, 60, 60, 60, 60, 60, 770, 770, 770, 770, 770, 0, 7080, 1450, 0, 1450, 1450, 1450, 0, 0, 1450, 0, 2900, 2900, 2900, 2900, 2900, 50, 2420, 2420, 180, 2420, 2420, 2420, 150, 150, 150, 150, 150, 60, 5700, 5700, 60, 5700, 60, 5700, 60, 5700, 60, 40, 40, 40, 40, 40, 10, 10, 10, 10, 10, 670, 6140, 6140, 130, 6140, 6140, 6140, 20, 20, 60, 20, 60, 20, 60, 60, 60, 20, 2170, 6900, 340, 340, 460, 6900, 6900, 340, 6900, 340, 6900, 340, 40, 40, 40, 40, 40, 130, 130, 20480, 130, 130, 130, 660, 660, 660, 660, 660, 80, 1280, 1280, 1280, 4460, 1280, 1280, 60, 140, 60, 60, 10, 10, 10, 140, 60, 10, 60, 480, 640, 640, 640, 640, 640, 19380, 20, 20, 20, 20, 20, 370, 2460, 2460, 20, 350, 14990, 840, 120, 120, 120, 120, 120, 3040, 3040, 300, 290, 740, 740, 290, 300, 740, 290, 300, 740, 290, 300, 300, 740, 290, 40, 8240, 10, 200, 10, 200, 10, 200, 200, 10, 200, 10, 260, 270, 270, 270, 270, 270, 200, 200, 200, 200, 200, 2350, 2350, 2350, 2350, 2350, 320, 1470, 1470, 1470, 1470, 1470, 80, 50, 56330, 56330, 56330, 56330, 56330, 19470, 19470, 200, 19470, 19470, 19470, 1350, 1350, 1350, 1350, 1350, 150, 820, 240, 240, 240, 240, 240, 20, 20, 20, 20, 20, 360, 10, 10, 10, 10, 10, 3160, 10, 10, 10, 10, 10, 0, 1370, 1370, 1370, 1370, 1370, 4430, 3470, 100, 30, 3630, 120, 8940, 14120, 8940, 8940, 14120, 14120, 8940, 14120, 14120, 8940, 1090, 300, 9500, 9500, 300, 9500, 9500, 300, 9500, 300, 300, 240, 3470, 3470, 3470, 3470, 3470, 1760, 1760, 1760, 1760, 1760, 0, 0, 0, 0, 0, 20, 20, 11960, 11960, 11960, 11960, 11960, 220, 5220, 5220, 220, 220, 5220, 5220, 220, 220, 5220, 1400, 1400, 1400, 1400, 1400, 5370, 10, 10, 8610, 10, 10, 10, 4040, 40, 40, 230, 20, 270, 70, 270, 230, 270, 230, 230, 270, 20, 70, 70, 2760, 230, 270, 70, 70, 3060, 400, 400, 400, 400, 400, 30, 1030, 230, 1030, 230, 30, 30, 1030, 1030, 30, 230, 1030, 30, 230, 230, 260, 260, 260, 260, 260, 1700, 1700, 2790, 1700, 1700, 1700, 1700, 35860, 56330, 1000, 1000, 1000, 1000, 1000, 35860, 320, 320, 3620, 390, 320, 3620, 3620, 320, 3620, 3620, 320, 3250, 50, 2260, 2260, 10, 2260, 50, 10, 2260, 10, 50, 10, 50, 10, 50, 2260, 4980, 4980, 4980, 4980, 4980, 40, 20, 20, 30, 20, 30, 30, 30, 20, 30, 20, 820, 200, 820, 200, 820, 820, 200, 820, 200, 200, 80, 150, 2110, 550, 3060, 160, 3060, 3060, 3060, 3060, 520, 10, 130, 130, 130, 11180, 130, 130, 380, 380, 380, 380, 380, 240, 360, 360, 360, 360, 360, 4190, 2060, 4190, 4190, 4190, 4190, 2060, 320, 450, 450, 450, 450, 450, 60, 350, 20, 20, 7140, 7140, 20, 7140, 20, 7140, 350, 20, 7140, 20, 20, 20, 20, 20, 100, 100, 100, 100, 100, 1040, 1040, 1040, 10, 10, 10, 10, 1040, 10, 1040, 40, 16840, 16840, 16840, 16840, 16840, 620, 620, 620, 620, 620, 2110, 1980, 1980, 1980, 1980, 1980, 720, 0, 0, 0, 0, 0, 400, 10, 130, 130, 130, 130, 130, 1700, 250, 1700, 250, 1700, 250, 1700, 250, 1700, 250, 820, 15000, 15000, 2070, 15000, 15000, 820, 15000, 440, 260, 3650, 260, 440, 700, 700, 700, 700, 700, 320, 320, 320, 320, 320, 590, 750, 70530, 70530, 70530, 590, 750, 70530, 70530, 4190, 140, 410, 140, 410, 140, 140, 410, 140, 410, 4190, 410, 430, 3160, 3160, 27500, 27500, 27500, 27500, 27500, 270, 0, 0, 0, 0, 0, 30, 0, 950, 0, 160, 0, 950, 30, 30, 0, 950, 950, 30, 0, 30, 950, 690, 690, 690, 690, 690, 70530, 5530, 20, 100, 1020, 20, 20, 20, 9650, 20, 2110, 140, 2110, 2110, 2110, 2110, 140, 5860, 4520, 20, 20, 5860, 4520, 20, 20, 5860, 4520, 5860, 5860, 4520, 20, 4520, 410, 3690, 3690, 810, 2370, 30, 30, 0, 30, 30, 30, 1020, 70, 160, 160, 160, 160, 160, 0, 2180, 80, 1920, 6950, 1920, 6950, 1920, 1920, 6950, 6950, 1920, 6950, 110, 110, 110, 110, 110, 30, 110, 90, 90, 1600, 2330, 30, 31280, 650, 650, 650, 650, 650, 13360, 1920, 1920, 1920, 1920, 1920, 70, 3860, 3860, 3860, 3860, 3860, 200, 20, 20, 20, 30, 20, 20, 20, 30, 30, 30, 30, 900, 0, 4730, 31000, 20, 540, 1820, 1820, 1820, 1820, 5790, 1820, 540, 0, 0, 0, 0, 0, 1760, 31000, 1760, 1760, 1760, 1760, 30, 30, 30, 30, 30, 3020, 3020, 3020, 3020, 3020, 210, 50, 210, 170, 420, 420, 420, 170, 420, 170, 420, 170, 170]"
2020-11-03 18:05:00+00:00,3535440,0,1445.0,"[100, 1000, 1000, 1000, 1000, 1000, 80, 710, 10030, 710, 10030, 710, 710, 10030, 10030, 710, 10030, 80, 50, 50, 50, 50, 50, 710, 520, 910, 710, 710, 520, 520, 520, 710, 520, 710, 900, 270, 40, 4230, 4230, 40, 4230, 40, 4230, 270, 270, 270, 40, 40, 4230, 270, 34180, 3580, 750, 10, 5530, 160, 650, 1390, 1390, 160, 1390, 160, 1390, 160, 1390, 160, 670, 20, 1820, 40, 1820, 1010, 1010, 1820, 1010, 1820, 1010, 1010, 1820, 50, 2490, 50, 2490, 50, 2490, 50, 2490, 50, 2490, 150, 2640, 1010, 310, 310, 1010, 310, 1010, 310, 1010, 1010, 310, 5600, 5600, 5600, 5600, 20, 5600, 3440, 7020, 400, 20, 20, 20, 20, 20, 1770, 0, 1770, 0, 0, 1770, 0, 1770, 0, 1770, 80, 1730, 720, 720, 720, 720, 720, 40, 40, 640, 1380, 750, 640, 750, 640, 640, 640, 1590, 3580, 51330, 51330, 1590, 51330, 3580, 3580, 3580, 51330, 1590, 3580, 51330, 1590, 1590, 570, 70, 70, 70, 70, 70, 10, 10, 10, 10, 10, 40, 3830, 40, 11980, 11980, 11980, 11980, 11980, 190, 480, 470, 0, 150, 480, 480, 0, 480, 480, 2270, 2270, 2270, 2270, 2270, 3830, 140, 3830, 3830, 140, 3830, 140, 3830, 140, 140, 720, 720, 720, 720, 720, 360, 30, 30, 30, 30, 30, 7810, 40, 13540, 13540, 13540, 13540, 40, 40, 13540, 40, 40, 40, 90, 17980, 710, 710, 710, 710, 710, 17980, 120, 40, 130, 40, 50, 4310, 50, 50, 50, 50, 20, 50, 20, 50, 50, 20, 50, 50, 20, 20, 10, 10, 12510, 12510, 12510, 12510, 12510, 3840, 1860, 650, 1860, 1860, 3840, 3840, 1860, 3840, 1860, 3840, 990, 10, 10, 2420, 10, 2420, 140, 10, 2420, 10, 2420, 2420, 720, 30, 350, 260, 350, 350, 72840, 350, 350, 7860, 430, 7860, 1570, 11120, 200, 520, 140, 140, 520, 140, 140, 520, 520, 140, 520, 30210, 4310, 4330, 860, 150, 860, 860, 860, 860, 410, 30, 410, 410, 410, 410, 710, 300, 300, 300, 300, 300, 14210, 14210, 120, 27500, 120, 14210, 27500, 14210, 27500, 120, 14210, 27500, 120, 120, 27500, 4400, 1530, 2300, 2300, 1530, 2300, 1530, 2300, 1530, 1530, 2300, 5700, 260, 3080, 3080, 260, 260, 3080, 3080, 3080, 260, 260, 30, 100, 250, 1580, 310, 1580, 1580, 250, 1580, 1580, 60, 60, 60, 60, 60, 180, 180, 180, 180, 180, 40, 40, 40, 40, 40, 0, 0, 2190, 2190, 2190, 2190, 0, 2190, 0, 0, 90, 110, 110, 110, 110, 90, 90, 90, 110, 90, 110, 110, 110, 110, 110, 320, 940, 320, 320, 320, 940, 940, 320, 940, 940, 200, 200, 200, 200, 200, 50, 290, 290, 290, 290, 290, 1220, 1220, 1220, 1220, 1220, 80, 830, 40, 830, 830, 40, 830, 830, 1090, 1090, 1090, 1090, 1090, 0, 0, 0, 0, 0, 500, 20, 20, 20, 20, 20, 400, 400, 400, 400, 400, 80, 280, 280, 280, 280, 280, 60, 560, 630, 630, 630, 630, 630, 120, 60, 0, 60, 60, 0, 60, 0, 60, 0, 0, 110, 2850, 2850, 2850, 2850, 2850, 8850, 8850, 850, 8850, 850, 8850, 850, 8850, 850, 850, 150, 150, 150, 150, 150, 510, 140, 600, 510, 140, 510, 140, 600, 510, 140, 600, 140, 600, 600, 510, 550, 550, 550, 550, 550, 430, 4730, 100, 1440, 1440, 1440, 1440, 4250, 1440, 100, 1030, 1430, 1430, 1430, 1430, 1430, 1180, 1180, 10560, 1670, 1670, 1670, 1670, 1670, 60, 4190, 52230, 1530, 1530, 1530, 150, 1530, 1530, 210, 4480, 4480, 4480, 4480, 4480, 5890, 5890, 5890, 5890, 5890, 1100, 1100, 1100, 1100, 1100, 100, 100, 100, 100, 100, 100, 70, 70, 70, 70, 70, 2690, 2690, 2690, 2690, 2690, 1090, 1090, 1090, 1090, 1090, 38770, 38770, 38770, 38770, 38770, 570, 1790, 220, 220, 220, 220, 220, 490, 880, 880, 490, 490, 880, 490, 880, 490, 880, 1350, 460, 250, 5890, 250, 5890, 5890, 5890, 250, 5890, 250, 250, 110, 5530, 510, 7640, 3040, 3040, 7640, 260, 7640, 3040, 3040, 7640, 7640, 3040, 290, 290, 290, 290, 290, 1840, 6040, 6040, 6040, 6040, 6040, 180, 60, 130, 10, 130, 60, 10, 10, 130, 180, 60, 60, 180, 180, 10, 180, 130, 10, 130, 60, 20, 1300, 1300, 60, 300, 1300, 1300, 1300, 2820, 2820, 2820, 2820, 2820, 110, 520, 100, 100, 100, 100, 100, 430, 430, 20, 390, 20, 390, 20, 390, 390, 20, 390, 20, 1600, 220, 130, 0, 0, 400, 400, 0, 400, 0, 400, 400, 0, 420, 420, 420, 420, 420, 5530, 71040, 2380, 2380, 2380, 2380, 2380, 12460, 240, 240, 240, 240, 240, 140, 4860, 790, 4860, 790, 790, 4860, 4860, 790, 4860, 790, 10, 1540, 2630, 1540, 2630, 0, 7640, 9650, 7640, 50, 9650, 50, 50, 9650, 7640, 50, 7640, 9650, 50, 7640, 9650, 40, 40, 0, 40, 40, 0, 12460, 1950, 0, 40, 0, 0, 310, 90, 90, 90, 90, 90, 1250, 1360, 2060, 1250, 1360, 1250, 1250, 1360, 1250, 1360, 1360, 21100, 1570, 290, 21100, 1110, 80, 260, 260, 260, 260, 80, 80, 80, 80, 260, 1060, 160, 1060, 1060, 160, 0, 0, 1060, 160, 0, 0, 160, 0, 160, 1030, 1060, 1420, 1420, 1420, 1420, 1420, 0, 0, 640, 0, 0, 0, 0, 0, 0, 0, 0, 810, 810, 810, 810, 810, 4960, 10, 10, 4960, 10, 10, 10, 4960, 4960, 4960, 2190, 71040, 2190, 2190, 71040, 2190, 2190, 320, 760, 100, 110, 50, 110, 460, 110, 110, 110, 470, 170, 170, 170, 170, 170, 260, 540, 5910, 260, 260, 540, 260, 260, 280, 280, 280, 280, 280, 21680, 21680, 30, 460, 1190, 1190, 1190, 1190, 1190, 890, 890, 830, 890, 890, 890, 5980, 5980, 5980, 5980, 5980, 1090, 310, 310, 310, 310, 310, 1300, 1980, 2400, 2400, 2860, 2860, 2860, 2860, 2860, 20, 110, 1300, 1300, 1300, 1300, 30, 30, 30, 30, 1300, 30, 270, 120, 30, 120, 30, 30, 120, 120, 30, 120, 30, 40, 540, 40, 540, 40, 540, 540, 40, 540, 40, 160, 300, 300, 160, 160, 160, 300, 300, 160, 300, 160, 160, 160, 160, 160, 2460, 260, 260, 260, 260, 260, 35090, 240, 3090, 3090, 35090, 35090, 3090, 240, 35090, 3090, 3090, 35090, 6950, 400, 4860, 4860, 400, 27300, 400, 4860, 400, 4860, 400, 4860, 670, 110, 670, 670, 670, 670, 10, 10, 10, 10, 10, 400, 400, 400, 400, 400, 6210, 430, 430, 430, 430, 430, 1160, 7660, 720, 7660, 1160, 720, 40, 1160, 720, 7660, 1160, 720, 7660, 1160, 720, 7660, 1780, 1780, 1780, 1780, 1780, 380, 5890, 310, 5890, 310, 5890, 5890, 310, 310, 5890, 310, 3170, 3170, 3170, 3170, 3170, 2160, 50, 180, 0, 0, 180, 0, 180, 0, 180, 0, 180, 1350, 1350, 1350, 4320, 4320, 4320, 1350, 4320, 1350, 50, 4860, 5350, 230, 80, 80, 60, 80, 80, 60, 80, 5350, 60, 2670, 230, 5350, 2670, 230, 60, 5350, 2670, 230, 2670, 2670, 60, 230, 5350, 30, 30, 30, 30, 30, 2030, 110, 280, 280, 5890, 5890, 5890, 5890, 280, 90, 280, 280, 5890, 410, 6970, 40, 40, 40, 410, 410, 40, 410, 40, 40, 410, 220, 860, 40, 220, 860, 220, 860, 40, 220, 860, 860, 220, 0, 0, 0, 0, 0, 9160, 9160, 9160, 9160, 9160, 3170, 20, 20, 20, 3170, 3170, 20, 3170, 3170, 20, 2670, 2670, 2670, 2670, 2670, 6600, 6600, 6600, 6600, 6600, 140, 230, 230, 200, 200, 6210, 200, 6210, 6210, 200, 6210, 6210, 200, 3420, 640, 560, 640, 560, 640, 560, 560, 640, 640, 560, 130, 2490, 130, 2490, 130, 2490, 2490, 2490, 130, 130, 340, 340, 300, 1280, 300, 300, 300, 1280, 1280, 300, 1280, 1280, 290, 1510, 290, 290, 1510, 1510, 290, 1510, 290, 1510, 320, 0, 1480, 50, 290, 130, 60, 130, 60, 60, 130, 60, 130, 130, 60, 70, 1660, 1190, 20, 1190, 1190, 1660, 20, 1190, 20, 1660, 20, 20, 1190, 1660, 1660, 5100, 5100, 5100, 5100, 5100, 390, 590, 590, 390, 390, 590, 390, 590, 390, 590, 3210, 3210, 3210, 3210, 3210, 1030, 1030, 100, 1600, 6210, 1210, 3520, 3520, 3520, 3520, 3520, 60, 60, 60, 60, 20, 60, 3340, 3550, 3550, 3550, 3550, 3550, 2520, 70, 70, 5680, 2520, 70, 70, 5680, 2520, 5680, 70, 5680, 2520, 5680, 2520, 10, 210, 210, 210, 210, 10, 210, 1010, 80, 60, 0, 60, 60, 80, 170, 60, 0, 0, 80, 170, 80, 0, 80, 170, 0, 170, 60, 170, 110, 110, 110, 220, 110, 110, 6070, 6070, 6070, 6070, 6070, 8830, 6210, 220, 40, 2520, 2520, 220, 550, 2520, 2520, 220, 6210, 40, 220, 2520, 220, 0, 510, 0, 0, 510, 510, 0, 510, 510, 0, 4860, 4860, 3480, 1590, 1590, 3480, 1590, 1590, 1590, 440, 440, 440, 440, 440, 1770, 1770, 1770, 1770, 1770, 1820, 520, 520, 520, 520, 520, 2550, 2550, 2550, 2550, 2550, 10, 630, 10, 10, 630, 10, 10]"
2020-11-03 18:10:00+00:00,4916470,0,1388.0,"[430, 580, 10, 10, 10, 10, 10, 50, 250, 50, 250, 50, 250, 50, 250, 50, 250, 1100, 1100, 1100, 1100, 1100, 1540, 570, 1540, 570, 1540, 570, 1540, 570, 1540, 570, 1970, 5890, 620, 620, 620, 620, 620, 80, 80, 80, 80, 80, 4370, 4370, 160, 4370, 4370, 160, 4370, 160, 160, 120, 0, 1020, 490, 1020, 0, 0, 0, 1020, 0, 1020, 1020, 1780, 1620, 1610, 1610, 1620, 1610, 1610, 1610, 1620, 1620, 1620, 2430, 70, 70, 70, 70, 70, 5040, 5040, 4340, 4340, 400, 560, 460, 280, 690, 280, 560, 280, 560, 690, 280, 690, 280, 560, 690, 690, 560, 30, 340, 30, 340, 30, 340, 30, 340, 30, 340, 0, 0, 0, 0, 0, 6340, 25420, 580, 580, 580, 580, 580, 1750, 4580, 110, 4580, 4580, 4580, 110, 110, 4580, 110, 110, 790, 790, 790, 790, 790, 690, 1130, 0, 1130, 1130, 1130, 1130, 1200, 1200, 1200, 1200, 480, 1200, 0, 340, 340, 340, 340, 340, 580, 420, 420, 420, 420, 420, 50, 50, 10, 580, 580, 580, 120, 580, 580, 110, 110, 110, 110, 110, 100, 4530, 1060, 130, 4530, 130, 130, 4530, 4530, 1060, 130, 4530, 130, 70, 10, 19950, 2760, 2760, 2760, 2760, 2760, 1590, 680, 680, 680, 680, 60, 680, 2210, 2210, 2210, 2210, 1450, 2210, 10, 60, 60, 60, 10, 60, 60, 2220, 450, 450, 450, 450, 450, 37900, 37900, 37900, 37900, 37900, 3370, 2520, 0, 2520, 3370, 2520, 3370, 2520, 3370, 3370, 2520, 16720, 16720, 20, 330, 450, 1420, 1420, 1420, 1420, 1420, 240, 4340, 4340, 290, 290, 290, 290, 290, 36440, 130, 760, 130, 36440, 760, 130, 760, 760, 36440, 36440, 760, 130, 36440, 130, 1780, 2090, 0, 0, 1780, 1780, 0, 1780, 0, 1780, 0, 10, 950, 680, 680, 680, 680, 680, 90, 90, 90, 90, 90, 1050, 3550, 460, 1660, 3080, 57760, 3080, 510, 510, 630, 50, 510, 510, 510, 110, 110, 110, 110, 110, 1140, 290, 160, 70, 1140, 160, 1140, 290, 160, 1140, 70, 160, 290, 70, 160, 1140, 290, 70, 70, 290, 1140, 1770, 110, 120, 110, 110, 110, 110, 60, 50, 50, 10, 50, 10, 10, 50, 10, 50, 10, 410, 350, 220, 140, 440, 330, 0, 0, 440, 0, 0, 440, 0, 440, 440, 280, 280, 340, 280, 280, 280, 50, 2240, 2240, 2240, 2240, 2240, 6040, 20, 20, 440, 20, 1260, 440, 20, 440, 20, 440, 440, 80, 3240, 1210, 1050, 220, 3240, 1210, 1210, 1210, 1210, 1210, 80, 610, 1080, 610, 1080, 1080, 1080, 1080, 750, 15330, 1130, 1130, 1130, 1130, 1130, 0, 4910, 4910, 210, 4910, 4910, 4910, 590, 590, 590, 590, 590, 590, 1660, 6260, 6260, 6260, 6260, 6260, 90, 760, 9120, 760, 760, 70, 760, 760, 340, 20, 20, 340, 20, 20, 340, 340, 20, 340, 80, 350, 80, 130, 350, 350, 80, 350, 80, 130, 80, 130, 350, 130, 130, 210, 210, 210, 210, 210, 1780, 1780, 1780, 1780, 1780, 3430, 280, 8740, 100, 100, 100, 100, 100, 320, 350, 320, 320, 350, 320, 350, 350, 350, 320, 760, 40, 3380, 3380, 3380, 40, 3380, 40, 3380, 40, 40, 80, 760, 760, 80, 760, 760, 760, 20, 640, 640, 22790, 640, 22790, 640, 22790, 640, 22790, 0, 20, 0, 0, 0, 0, 760, 5980, 760, 760, 760, 760, 160, 160, 160, 160, 160, 290, 290, 290, 290, 290, 3940, 1060, 23810, 1540, 1540, 1540, 1540, 23810, 1540, 0, 50, 0, 0, 50, 20, 0, 50, 50, 0, 50, 10090, 350, 350, 120, 46970, 460, 460, 460, 460, 46970, 46970, 46970, 46970, 460, 80, 80, 2640, 80, 2640, 2640, 80, 2640, 2640, 80, 350, 80, 3680, 60, 60, 60, 3680, 60, 3680, 60, 3680, 3680, 760, 9470, 760, 9470, 9470, 760, 760, 9470, 760, 9470, 560, 400, 17060, 400, 400, 400, 400, 50, 410, 50, 50, 50, 50, 7220, 350, 350, 160, 1670, 660, 1670, 1670, 660, 660, 660, 660, 1670, 1670, 310, 310, 310, 310, 310, 40, 850, 850, 2180, 2180, 2180, 2180, 2180, 350, 1780, 30, 810, 160, 1780, 30, 1780, 810, 30, 810, 30, 1780, 810, 30, 1780, 810, 760, 1780, 5110, 5110, 5110, 5110, 5110, 1930, 1930, 1930, 1930, 1930, 150, 340, 350, 140, 140, 340, 20370, 760, 760, 760, 760, 760, 5230, 80, 80, 80, 80, 80, 40, 3240, 40, 40, 40, 40, 320, 3820, 320, 3820, 320, 3820, 3820, 320, 320, 3820, 50, 50, 50, 50, 50, 980, 980, 980, 980, 980, 760, 300, 300, 760, 300, 760, 300, 760, 760, 300, 590, 590, 9280, 590, 590, 590, 1680, 760, 16200, 1680, 760, 16200, 16200, 1680, 1680, 16200, 1680, 16200, 760, 760, 760, 3370, 30, 30, 3370, 3370, 3370, 3370, 10, 60, 2280, 2280, 2280, 2280, 2280, 40, 40, 760, 40, 40, 40, 240, 1130, 240, 1130, 240, 1130, 240, 240, 1130, 1130, 760, 3890, 3500, 4280, 4280, 3500, 760, 5230, 3040, 5230, 3040, 3040, 3040, 5230, 3040, 5230, 5230, 0, 0, 0, 0, 0, 4470, 2700, 2700, 760, 4470, 4470, 6730, 2700, 760, 2700, 2700, 760, 4470, 760, 4470, 760, 1180, 280, 1180, 1180, 1180, 1180, 760, 760, 760, 760, 760, 830, 830, 830, 830, 830, 23770, 27700, 27700, 2120, 2120, 2120, 2120, 2120, 440, 9280, 3450, 440, 440, 3450, 3450, 440, 3450, 3450, 440, 490, 350, 760, 490, 80, 80, 80, 760, 80, 490, 490, 760, 80, 350, 490, 760, 760, 530, 530, 530, 530, 530, 3410, 3410, 380, 380, 3410, 380, 3410, 380, 3410, 380, 40, 760, 910, 40, 40, 760, 40, 760, 40, 760, 760, 650, 350, 5230, 350, 400, 120, 400, 400, 120, 400, 120, 400, 120, 120, 760, 1420, 250, 1420, 1420, 250, 1420, 250, 250, 250, 1420, 350, 760, 760, 2730, 760, 760, 2730, 760, 2730, 2730, 2730, 2140, 1080, 670, 10, 760, 670, 670, 670, 1080, 760, 670, 1080, 760, 760, 1080, 1080, 760, 100, 1030, 170, 1030, 1030, 1030, 1030, 760, 760, 760, 760, 760, 10, 10, 10, 10, 10, 10, 3980, 10, 10, 10, 10, 3980, 760, 830, 4620, 280, 310, 0, 0, 0, 0, 0, 1660, 1660, 1660, 1660, 1660, 760, 760, 760, 760, 760, 150, 760, 1590, 150, 760, 760, 760, 760, 1020, 1020, 1020, 1020, 1020, 0, 330, 330, 330, 330, 330, 3640, 720, 720, 720, 720, 720, 450, 760, 5570, 0, 10, 10, 5570, 10, 0, 0, 10, 10, 5570, 0, 5570, 0, 5570, 6700, 760, 200, 1040, 210, 210, 210, 210, 210, 390, 830, 1520, 1260, 1520, 1520, 830, 1520, 1520, 660, 80, 590, 14800, 380, 220, 220, 220, 460, 2420, 220, 220, 760, 760, 760, 760, 760, 410, 5570, 9650, 42380, 42380, 42380, 42380, 42380, 3220, 3300, 60, 60, 990, 420, 60, 990, 60, 990, 990, 990, 60, 940, 2260, 2260, 2090, 2260, 940, 2260, 2260, 1270, 10, 10, 1270, 10, 1270, 10, 1270, 10, 1270, 390, 390, 390, 390, 390, 1190, 280, 4180, 4180, 4180, 4180, 4180, 11180, 11180, 1720, 11300, 200, 200, 200, 11300, 11300, 200, 11300, 11300, 200, 230, 200, 140, 200, 230, 200, 200, 200, 100, 610, 610, 610, 610, 610, 2300, 3400, 200, 220, 220, 200, 200, 200, 220, 220, 200, 220, 10, 10, 10, 10, 10, 0, 0, 2080, 0, 0, 0, 0, 0, 5470, 10, 170, 660, 1030, 1030, 1030, 170, 1030, 10, 5470, 170, 5470, 10, 1030, 170, 10, 170, 5470, 10, 5470, 230, 1730, 230, 230, 230, 230, 1210, 2200, 80, 80, 2200, 80, 2200, 80, 80, 2200, 2200, 4380, 7270, 760, 800, 2050, 0, 800, 7270, 760, 2050, 800, 7270, 760, 2050, 800, 7270, 760, 7270, 760, 800, 2050, 352800, 352800, 2150, 352800, 352800, 352800, 2470, 120, 470, 100, 100, 470, 610, 10, 2950, 10, 10, 10, 10, 800, 800, 800, 800, 800, 2200, 110, 350, 110, 110, 110, 110, 1740, 280, 1740, 280, 280, 1740, 280, 1740, 280, 1740, 2150, 2150, 3050, 2150, 2150, 2150, 5250, 1240, 1240, 5250, 1240, 1240, 5250, 1240, 5250, 5250, 120, 40, 40, 40, 40, 40, 0, 0, 0, 0, 0, 400, 400, 400, 400, 400, 3450, 3450, 3450, 3450, 3450, 500, 450, 450, 450, 450, 450, 500, 920, 920, 920, 920, 920, 320, 320, 320, 320, 320, 1540, 0, 0, 0, 0, 0, 640, 180, 280, 280, 280, 280, 280, 4320, 2900, 4320, 460, 2200, 70, 1200, 350, 10, 830, 3330, 3330, 3330, 3330, 3330, 290, 50, 45020, 90, 60, 90, 90, 90, 60, 50, 45020, 50, 60, 50, 60, 50, 45020, 45020, 45020, 90, 60]"
2020-11-03 18:15:00+00:00,5689900,0,1426.0,"[550, 550, 550, 550, 550, 1590, 1590, 1590, 1590, 1590, 30, 70, 70, 70, 70, 70, 1330, 1330, 7120, 1330, 1330, 1330, 500, 900, 20, 20, 20, 20, 20, 2070, 60, 3240, 680, 2070, 3240, 2070, 3240, 680, 2070, 3240, 2070, 3240, 1780, 5460, 1780, 5460, 1780, 1780, 1780, 520, 470, 70, 70, 70, 70, 70, 220, 3780, 1640, 10, 20, 10, 20, 20, 10, 20, 1640, 20, 10, 10, 740, 5860, 5860, 740, 5860, 5860, 5860, 3500, 1230, 3500, 3500, 3500, 3500, 4080, 4080, 4080, 4080, 4080, 8360, 30, 20, 20, 140, 20, 30, 20, 20, 1010, 1270, 20, 1080, 20, 20, 20, 20, 80, 140, 14020, 1130, 0, 0, 1130, 0, 1130, 0, 1130, 0, 1130, 280, 390, 390, 390, 390, 390, 37950, 260, 260, 1650, 1650, 70, 1650, 1650, 1650, 3890, 0, 200, 200, 0, 200, 0, 0, 0, 200, 200, 2370, 30, 30, 30, 30, 30, 2320, 160, 2320, 2320, 2320, 2320, 850, 850, 850, 850, 850, 240, 240, 240, 240, 240, 30, 2370, 2240, 1850, 0, 2240, 2240, 2240, 2240, 750, 750, 750, 750, 750, 120, 120, 120, 120, 120, 4850, 2960, 2960, 2960, 2960, 2960, 1780, 410, 30, 890, 410, 1780, 30, 410, 890, 890, 30, 410, 1780, 890, 890, 410, 1780, 30, 30, 1780, 10, 20, 350, 20030, 350, 20030, 350, 20030, 20030, 20030, 1610, 430, 1140, 1140, 1140, 1140, 3190, 430, 430, 1140, 430, 430, 5740, 50, 90, 50, 90, 90, 90, 90, 90, 20, 1190, 2910, 2910, 1190, 290, 2910, 1190, 1190, 2910, 1190, 2910, 240, 240, 240, 240, 240, 110, 570, 2530, 2530, 2530, 2530, 2530, 180, 3660, 2720, 180, 3660, 3690, 3660, 3660, 180, 2720, 180, 3660, 180, 490, 860, 860, 860, 860, 860, 2150, 2150, 2150, 2150, 2150, 80, 3830, 3830, 3830, 3830, 3830, 760, 490, 60, 490, 60, 760, 490, 60, 60, 490, 60, 490, 40, 40, 40, 40, 40, 90, 190, 90, 190, 190, 190, 90, 190, 90, 90, 30, 13010, 13010, 13010, 13010, 13010, 100, 50, 50, 50, 50, 50, 390, 390, 390, 390, 390, 0, 0, 0, 0, 0, 50, 240, 240, 240, 240, 240, 20, 60, 300, 1540, 1540, 1540, 1540, 1540, 5770, 2520, 5770, 2520, 5770, 2520, 5770, 2520, 5770, 2520, 570, 570, 2000, 570, 570, 570, 20, 2110, 20, 2110, 20, 2110, 2110, 20, 20, 2110, 470, 30, 30, 30, 40, 30, 30, 20, 2320, 590, 590, 0, 590, 0, 0, 590, 0, 590, 80, 0, 770, 770, 770, 770, 6460, 770, 10, 30, 1960, 1960, 30, 1960, 1960, 1960, 70620, 1300, 5180, 54830, 54830, 54830, 54830, 390, 54830, 2370, 0, 860, 860, 860, 860, 860, 860, 2370, 10, 2370, 10, 10, 2370, 10, 10, 2370, 2370, 1670, 1900, 2700, 1080, 9650, 1800, 610, 120, 120, 60, 120, 120, 120, 170, 3240, 3140, 2320, 2320, 2320, 2320, 2320, 5670, 90, 90, 90, 90, 90, 26050, 90, 1620, 20, 20, 20, 20, 20, 680, 85540, 85540, 85540, 680, 680, 85540, 680, 85540, 680, 60, 4520, 60, 60, 4520, 60, 60, 600, 430, 360, 360, 100, 100, 360, 100, 100, 360, 360, 100, 2120, 2120, 2120, 2120, 2120, 230, 230, 230, 230, 230, 620, 620, 620, 620, 620, 20, 8040, 8040, 20, 20, 8040, 20, 8040, 8040, 20, 830, 200, 200, 130, 2530, 3120, 2530, 130, 130, 3120, 3120, 2530, 130, 130, 3120, 2530, 2530, 3120, 1880, 350, 60, 60, 1900, 6520, 450, 60, 1900, 60, 60, 1900, 6520, 6520, 1900, 6520, 1900, 6520, 30, 2520, 180, 3240, 2850, 3240, 180, 2850, 3240, 180, 2850, 3240, 2850, 180, 2850, 180, 3240, 6480, 0, 550, 6410, 5530, 43380, 5530, 20, 360, 20, 2360, 360, 20, 20, 360, 20, 360, 360, 14320, 5670, 5670, 3290, 14320, 3290, 14320, 3290, 14320, 3290, 5670, 5670, 14320, 5670, 3290, 200, 1690, 30, 10, 10, 30, 1690, 10, 30, 10, 1690, 30, 1260, 30, 10, 1690, 1690, 1620, 0, 370, 0, 0, 370, 0, 370, 0, 370, 370, 10, 920, 10, 920, 10, 10, 10, 920, 920, 920, 70, 310, 2370, 6410, 2370, 6410, 2370, 6410, 2370, 6410, 2370, 6410, 470, 470, 470, 470, 470, 1450, 1730, 280, 1380, 1380, 100, 100, 7550, 7550, 7550, 100, 1380, 100, 1380, 7550, 1380, 100, 7550, 30, 30, 30, 30, 30, 520, 3200, 520, 3200, 3200, 520, 3200, 3200, 520, 2860, 520, 250, 150, 150, 150, 11120, 150, 150, 2280, 2280, 2280, 2280, 2280, 1210, 70, 5650, 5650, 70, 5650, 70, 5650, 70, 5650, 70, 1540, 90, 1540, 1540, 1540, 90, 1540, 90, 90, 90, 830, 830, 830, 830, 830, 480, 230, 2460, 7280, 7280, 2460, 2460, 7280, 7280, 2460, 7280, 2290, 2290, 2290, 2290, 2290, 3020, 4320, 3020, 40, 40, 40, 40, 710, 40, 860, 0, 0, 20, 0, 0, 0, 280, 400, 400, 400, 400, 400, 100, 5980, 5980, 5980, 3150, 5980, 5980, 420, 670, 7760, 90, 101760, 10, 10, 10, 10, 10, 4160, 4160, 4160, 4160, 4160, 4160, 210, 10, 1910, 210, 10, 30, 30, 30, 30, 30, 1360, 10, 1360, 1360, 10, 10, 1360, 10, 1360, 10, 1000, 1000, 1000, 1000, 1000, 90, 1990, 4940, 1990, 1990, 4940, 4940, 4940, 4940, 1990, 1990, 140, 10, 960, 500, 10, 500, 960, 500, 960, 10, 10, 500, 10, 960, 500, 960, 4480, 170, 170, 170, 170, 170, 50, 50, 50, 50, 50, 220, 20380, 220, 220, 220, 220, 154740, 154740, 350, 20, 1990, 140, 154740, 154740, 154740, 154740, 154740, 3050, 3050, 3050, 3050, 3050, 5710, 340, 5710, 750, 230, 750, 230, 230, 750, 750, 230, 750, 230, 140, 140, 10, 10, 140, 10, 10, 140, 10, 140, 1770, 3070, 1770, 1770, 3070, 3070, 1770, 1770, 3070, 3070, 3280, 320, 1320, 400, 90, 1320, 400, 400, 400, 400, 1320, 1320, 1320, 1130, 950, 950, 2580, 950, 950, 40, 950, 40, 250, 250, 250, 250, 250, 580, 174320, 174320, 174320, 174320, 174320, 30, 280, 2520, 1470, 2700, 2700, 2520, 2700, 2700, 2520, 2520, 2700, 2520, 1620, 3320, 320, 20, 20, 20, 360, 20780, 360, 43710, 43710, 360, 5660, 20780, 360, 43710, 20780, 20780, 20, 360, 43710, 20780, 20, 30, 1140, 1140, 1140, 1140, 1140, 60, 1610, 350, 440, 350, 350, 350, 350, 440, 440, 440, 440, 1200, 2030, 2030, 380, 2030, 0, 380, 1200, 2030, 0, 0, 1200, 2030, 0, 1200, 380, 0, 1200, 380, 380, 300, 1540, 300, 4280, 4280, 1360, 1360, 1360, 1360, 1360, 350, 630, 370, 630, 370, 630, 370, 630, 370, 630, 370, 130, 12500, 4860, 4860, 350, 350, 21310, 680, 170, 21310, 21310, 21310, 21310, 30, 4050, 4050, 10, 4050, 4050, 4050, 20, 160, 160, 160, 190, 160, 190, 190, 160, 190, 190, 90, 90, 90, 90, 90, 2020, 19950, 30, 10, 50, 300, 30, 300, 30, 30, 300, 30, 300, 300, 250, 1100, 550, 200, 1100, 200, 200, 1100, 1100, 200, 1100, 200, 3920, 23660, 21310, 21310, 3920, 3920, 23660, 21310, 3920, 23660, 21310, 23660, 21310, 23660, 3920, 730, 770, 730, 730, 770, 730, 770, 770, 730, 770, 170, 170, 170, 170, 170, 1570, 1570, 40, 40, 120, 1570, 40, 120, 1570, 40, 120, 120, 1570, 40, 120, 480, 590, 1680, 590, 590, 590, 1680, 1680, 180, 590, 1680, 1680, 4090, 4090, 2810, 530, 1060, 530, 1060, 1060, 1060, 1060, 10, 860, 5040, 320, 320, 320, 690, 320, 690, 320, 690, 690, 690, 540, 540, 540, 540, 540, 140, 8190, 2710, 480, 3800, 2710, 2710, 2710, 4090, 2710, 670, 1840, 1840, 670, 1840, 1840, 670, 670, 670, 1840, 530, 4640, 1480, 920, 1480, 1480, 920, 1480, 920, 1480, 920, 920, 90, 90, 90, 90, 90, 10, 120, 10, 560, 380, 560, 560, 560, 560, 690, 940, 50, 530, 50, 530, 940, 530, 50, 940, 530, 940, 50, 530, 940, 50, 2530, 2530, 2530, 2530, 2530, 570, 570, 570, 570, 570, 860, 3920, 860, 860, 3920, 3920, 3920, 3920, 860, 860, 660, 140, 450, 450, 140, 160, 310, 1140, 160, 160, 1140, 160, 310, 160, 1140, 310, 310, 1140, 310, 1140, 10, 8550, 8550, 8550, 8550, 10, 8550, 290, 220, 940, 940, 220, 940, 220, 220, 220, 220, 940, 940, 220, 9910, 2360, 20, 80, 2360, 80, 80, 2360, 2360, 80, 2360, 80, 160, 160, 160, 160, 160, 210, 940, 0, 210, 0, 210, 0, 210, 0, 0, 210, 100, 2660, 2660, 100, 100, 100, 2660, 100, 2660, 100, 2660, 1040, 6420, 6420, 6420, 6420, 6420, 710, 200, 710, 60, 710, 200, 710, 710, 2360, 380, 210, 210, 690, 210, 210, 210, 450, 450, 450, 450, 450, 290, 290, 290, 290, 290, 230, 230, 230, 1340, 230, 230, 8550, 80, 80, 1100, 80, 1100, 80, 8550, 1100, 8550, 1100, 1100, 80, 8550, 8550, 20, 4640, 4640, 20, 4640, 4640, 20, 20, 20, 4640]"
2020-11-03 18:20:00+00:00,4466750,1,1858.0,"[30, 2150, 3270, 3270, 30, 3270, 30, 2150, 30, 3270, 30, 3270, 1950, 100, 60, 60, 60, 60, 60, 80, 80, 80, 80, 80, 80, 560, 80, 560, 80, 80, 80, 2660, 5750, 17260, 17260, 17260, 17260, 5750, 17260, 3360, 50, 50, 22020, 22020, 50, 3360, 3360, 50, 150, 22020, 50, 3360, 22020, 3360, 22020, 1100, 1100, 1100, 1100, 1100, 50, 5090, 200, 820, 200, 3120, 4730, 200, 5090, 820, 5090, 5680, 820, 3120, 820, 200, 5090, 3120, 820, 5090, 3120, 200, 3120, 670, 720, 2000, 160, 720, 670, 710, 670, 3980, 2000, 720, 670, 2000, 720, 670, 2000, 720, 2000, 2340, 2340, 890, 1650, 2340, 17250, 1650, 17250, 2340, 17250, 2340, 1650, 17250, 2340, 2340, 17250, 1650, 1650, 70, 70, 70, 60, 70, 60, 60, 70, 60, 60, 1590, 10, 400, 350, 400, 2270, 10, 2270, 2270, 10, 2270, 2270, 10, 2340, 5910, 150, 10, 150, 150, 150, 10, 150, 10, 10, 2090, 70, 400, 70, 2090, 400, 70, 400, 2090, 70, 400, 2090, 400, 2090, 70, 890, 140, 2110, 940, 20, 7830, 20, 20, 20, 20, 7830, 670, 10960, 5190, 10960, 5190, 5190, 5190, 670, 10960, 10960, 10960, 4060, 4060, 4060, 4060, 4060, 70, 70, 70, 70, 70, 100, 0, 80, 100, 80, 12320, 0, 80, 80, 100, 100, 2250, 3410, 80, 100, 10, 10, 80, 10, 80, 10, 80, 10, 80, 80, 950, 1170, 950, 950, 950, 950, 1170, 140, 140, 140, 140, 140, 5010, 37290, 120, 120, 120, 120, 120, 30, 60, 30, 30, 30, 60, 30, 50, 50, 90, 160, 150, 150, 150, 150, 150, 290, 170, 170, 290, 290, 290, 170, 170, 170, 290, 890, 890, 890, 890, 890, 90, 110, 110, 110, 110, 110, 570, 3620, 3620, 3620, 3620, 3620, 1870, 290, 2070, 290, 290, 290, 1870, 290, 30, 260, 370, 370, 30, 370, 30, 370, 260, 370, 30, 30, 370, 3820, 3820, 1680, 1680, 1680, 1680, 710, 1680, 10, 10, 10, 10, 10, 4300, 2780, 22020, 360, 360, 360, 360, 360, 1070, 6870, 6870, 6870, 6870, 6870, 330, 10, 10, 10, 10, 10, 580, 3380, 250, 890, 250, 250, 890, 250, 890, 250, 890, 890, 1670, 690, 460, 1670, 460, 690, 1670, 690, 1670, 460, 690, 1670, 460, 690, 460, 120, 120, 120, 1690, 120, 120, 2450, 2740, 80, 2450, 2740, 2740, 80, 80, 2450, 2740, 80, 2450, 2740, 2450, 80, 0, 0, 0, 0, 0, 0, 0, 0, 0, 0, 10, 31610, 10, 31610, 10, 10, 31610, 10, 31610, 31610, 20, 80, 120, 80, 130, 80, 80, 80, 0, 140, 560, 560, 560, 560, 560, 1520, 100, 100, 1520, 100, 1520, 100, 1520, 100, 1520, 1290, 480, 1290, 1290, 480, 480, 1290, 480, 1290, 480, 10, 10, 10, 10, 20480, 20480, 10, 20480, 20480, 20480, 970, 31610, 120, 120, 120, 120, 120, 12500, 3920, 20, 3920, 40, 12500, 20, 12500, 3920, 12500, 20, 3920, 12500, 20, 3920, 20, 880, 140, 1730, 30, 210, 210, 210, 610, 210, 210, 1770, 1770, 1770, 1770, 1770, 80, 3970, 10, 10, 750, 2380, 80, 750, 10, 80, 80, 750, 750, 80, 750, 10, 10, 210, 160, 10, 160, 160, 160, 160, 170, 3920, 160, 160, 160, 3920, 170, 160, 170, 3920, 170, 160, 3920, 170, 3920, 2190, 450, 380, 450, 450, 450, 450, 160, 210, 160, 210, 160, 240, 160, 210, 160, 210, 210, 330, 330, 330, 330, 330, 580, 130, 130, 130, 580, 130, 580, 130, 580, 580, 40, 10, 740, 10, 1420, 740, 740, 410, 10, 740, 10, 10, 740, 20, 20, 20, 20, 20, 1210, 0, 140, 650, 140, 140, 650, 140, 140, 50, 2980, 400, 2980, 2980, 2980, 2980, 1400, 30, 40, 30, 2080, 2080, 2080, 1400, 30, 30, 1400, 2080, 1400, 1400, 30, 2080, 750, 750, 750, 750, 4190, 750, 6810, 660, 3690, 970, 2800, 2800, 970, 3690, 20, 3690, 970, 2800, 3690, 3690, 970, 970, 2800, 2800, 90, 40, 40, 40, 40, 40, 70, 70, 70, 70, 70, 200, 200, 200, 200, 200, 3580, 160, 410, 20, 42040, 400, 410, 410, 410, 410, 3000, 300, 3000, 300, 40, 21310, 520, 40, 40, 40, 21310, 21310, 21310, 21310, 40, 2380, 60, 610, 1820, 1820, 1820, 610, 610, 1820, 60, 610, 610, 1820, 1480, 120, 20, 20, 20, 20, 120, 20, 270, 1590, 1150, 1150, 1590, 1150, 1590, 1150, 1590, 700, 1590, 1150, 0, 33680, 90, 90, 90, 90, 90, 100, 910, 910, 910, 100, 910, 910, 3590, 60, 120, 120, 1440, 1440, 60, 120, 3590, 3590, 120, 1440, 60, 3590, 1440, 60, 1440, 60, 120, 3590, 240, 1050, 240, 700, 240, 270, 1090, 240, 1050, 240, 1540, 200, 11970, 200, 11970, 11970, 11970, 11970, 200, 200, 200, 14120, 50, 14120, 14120, 14120, 14120, 40, 70, 70, 70, 70, 70, 380, 380, 530, 380, 380, 380, 610, 480, 100, 480, 480, 480, 480, 1410, 1650, 80, 80, 1650, 80, 190, 2190, 1650, 1650, 1650, 80, 80, 270, 270, 270, 270, 270, 110, 3920, 110, 110, 110, 110, 24280, 3010, 22440, 22440, 3010, 24280, 22440, 3010, 24280, 3010, 24280, 22440, 3010, 24280, 22440, 0, 3140, 40, 12500, 60, 60, 60, 60, 60, 450, 450, 450, 450, 690, 690, 450, 690, 690, 690, 11860, 12060, 11860, 12060, 11860, 680, 12060, 12060, 11860, 12060, 11860, 0, 150, 30, 150, 150, 30, 200, 150, 0, 30, 200, 200, 150, 30, 200, 200, 30, 940, 720, 20, 720, 20, 720, 20, 720, 20, 720, 20, 70, 250, 250, 250, 250, 250, 13990, 13990, 13990, 400, 13990, 13990, 240, 0, 240, 240, 240, 240, 21890, 21890, 160, 10, 160, 10, 10, 160, 21890, 160, 10, 160, 21890, 21890, 10, 5100, 5100, 5100, 5100, 5100, 180, 180, 180, 3430, 3430, 180, 180, 3430, 3430, 3430, 450, 400, 400, 400, 400, 400, 450, 450, 450, 450, 1100, 530, 530, 1100, 1100, 530, 1100, 530, 1100, 530, 40, 40, 40, 40, 40, 10, 400, 10, 10, 10, 10, 400, 200, 45830, 40, 50, 50, 50, 50, 50, 160, 480, 480, 480, 480, 480, 20380, 420, 420, 420, 20380, 20380, 420, 20380, 420, 20380, 2710, 1790, 1790, 1790, 1790, 1790, 100, 100, 100, 100, 100, 120, 510, 510, 510, 510, 510, 120, 650, 760, 20, 760, 20, 10, 760, 20, 760, 11570, 760, 20, 20, 1000, 1000, 1000, 1000, 1000, 1950, 1310, 1310, 1950, 100, 1950, 1950, 1950, 1310, 1310, 1310, 37640, 720, 37640, 37640, 37640, 37640, 480, 790, 80, 80, 80, 80, 2710, 80, 50, 40, 40, 50, 50, 40, 1870, 50, 40, 50, 40, 730, 1770, 10, 1770, 1770, 10, 1770, 1770, 0, 220, 220, 0, 220, 0, 0, 220, 220, 0, 1660, 1660, 1660, 1660, 1660, 0, 3560, 0, 0, 0, 3560, 0, 4140, 4140, 4140, 4140, 4140, 3630, 3630, 3630, 3630, 3630, 37640, 4810, 170, 46840, 46840, 46840, 40, 46840, 970, 46840, 0, 11620, 2580, 250, 30, 50, 50, 250, 250, 2580, 2580, 50, 2580, 50, 250, 50, 30, 250, 0, 2580, 30, 30, 30, 37640, 310, 310, 310, 310, 310, 37640, 10, 10, 10, 740, 10, 10, 20, 80, 310, 310, 310, 80, 0, 20, 80, 310, 80, 80, 310, 920, 0, 30, 70, 70, 30, 30, 70, 70, 70, 30, 30, 80, 40, 40, 40, 40, 40, 40, 160, 10, 220, 100, 270, 220, 100, 160, 160, 10, 10, 100, 100, 10, 100, 220, 160, 160, 220, 10, 220, 610, 610, 520, 610, 610, 610, 2340, 30, 2780, 220, 1510, 220, 1510, 220, 1510, 1510, 1510, 220, 220, 200, 3700, 630, 630, 630, 630, 630, 20780, 20780, 20780, 20780, 20780, 2480, 2480, 2480, 2480, 2480, 3510, 30, 10700, 10700, 10700, 10700, 10700, 100, 830, 440, 680, 680, 100, 100, 100, 440, 440, 680, 830, 440, 680, 440, 680, 100, 10, 10, 10, 120, 10, 10, 750, 10, 60, 710, 13820, 710, 60, 710, 13820, 60, 60, 710, 13820, 13820, 13820, 60, 710, 4610, 750, 2670, 70, 70, 2670, 70, 70, 70, 870, 870, 870, 870, 870, 5790, 5790, 5790, 5790, 5790, 2470, 1560, 1560, 2470, 2470, 2470, 1560, 1560, 2470, 1560, 40, 40, 40, 40, 40, 40, 1880, 2730, 690, 5520, 5520, 690, 5520, 5980, 5520, 5520, 80, 170, 1900, 20, 20, 20, 20, 20, 1880, 1880, 1880, 1880, 1880, 740, 40, 40, 740, 740, 40, 740, 40, 740, 40, 3650, 3520, 1380, 300, 300, 3520, 300, 3520, 1900, 1380, 3520, 300, 1380, 3520, 300, 1380, 1380, 9210, 180, 180, 180, 180, 180, 70, 70, 70, 70, 70, 630, 350, 630, 630, 350, 630, 630, 2660, 2470, 2660, 2660, 2660, 2660, 10, 1090, 1090, 180, 1090, 180, 1090, 1090, 230, 230, 230, 230, 230, 330, 330, 330, 330, 330, 4150, 2320, 360, 360, 730, 730, 4150, 4150, 730, 4150, 730, 360, 4150, 2320, 730, 360, 360, 6060, 260, 520, 460, 460, 520, 460, 460, 520, 460, 520, 520, 940, 50, 10, 10, 10, 50, 10, 50, 10, 50, 50, 1080, 220, 220, 220, 220, 1080, 1080, 220, 1080, 1080, 1120, 1130, 1130, 1120, 1130, 1130, 1120, 1130, 1120, 1120, 40, 40, 40, 40, 40, 10, 3480, 260, 3480, 260, 3480, 40, 260, 40, 260, 3480, 40, 3480, 40, 40, 260, 10, 10, 200, 380, 10, 10, 10, 2240, 3430, 100, 100, 100, 2240, 2240, 100, 3130, 2240, 2240, 3430, 100, 230, 230, 230, 470, 230, 230, 440, 440, 440, 440, 440, 310, 50, 1540, 610, 50, 1540, 50, 50, 1540, 50, 1540, 1540, 3480, 10, 3480, 3480, 3480, 3480, 10, 1000, 10, 1000, 10, 10, 10, 120, 230, 230, 230, 1110, 230, 1110, 230, 1110, 1110, 1110, 100, 430, 100, 100, 100, 100, 3630, 3630, 1090, 890, 3630, 3630, 890, 890, 1090, 3630, 890, 890, 40, 1450, 1430, 1450, 1450, 40, 40, 40, 1450, 40, 1450, 2070, 140, 200, 140, 2070, 200, 140, 200, 190, 140, 140, 2070, 200, 2070, 200, 2070, 1090, 630, 630, 630, 630, 630, 2540, 0, 0, 0, 320, 2540, 2540, 100, 0, 2540, 320, 320, 320, 0, 2540, 320, 4440, 6240, 1760, 1760, 1760, 1760, 4440, 780, 1760, 4440, 4440, 4440, 1800, 1800, 1800, 1800, 1800, 70, 70, 70, 70, 70, 0, 900, 90, 0, 900, 0, 0, 900, 900, 900, 0, 750, 90, 750, 20, 2590, 0, 0, 0, 0, 20, 0, 20, 20, 20, 270, 200, 200, 270, 100, 200, 270, 200, 270, 200, 270, 50, 260, 210, 0, 210, 260, 0, 210, 260, 210, 210, 260, 260, 0, 0, 0, 1590, 270, 1590, 1590, 1590, 1590, 10, 10, 10, 10, 10, 60, 30, 4980, 4980, 30, 4980, 4980, 30, 4980, 30, 30, 340, 980, 740, 740, 740, 740, 740, 250, 250, 420, 20, 10, 20, 10, 20, 10, 2640, 20, 420, 10, 20, 10, 2190, 4170, 220, 740, 220, 30, 30, 1230, 30, 2190, 4170, 220, 220, 1230, 220, 740, 2190, 830, 4170, 1230, 4170, 30, 4170, 2190, 2190, 1230, 220, 30, 1230, 210, 1380, 1380, 210, 850, 850, 850, 850, 850, 800, 3400, 80, 30, 80, 80, 80, 80, 750, 140, 70, 140, 140, 140, 70, 140, 70, 70, 70, 3200, 30, 3200, 3200, 3320, 3320, 3320, 3200, 30, 3320, 3200, 3320, 320, 130, 5350, 5350, 640, 70, 2240, 0, 0, 2240, 0, 2240, 0, 2240, 2240, 0, 21550, 470, 70, 160, 160, 160, 130, 160, 130, 70, 130, 130, 130, 160, 1750, 1750, 1750, 1750, 1750, 30, 30, 750, 30, 30, 30]"
2020-11-03 18:25:00+00:00,3863020,5,1555.0,"[50, 50, 50, 50, 50, 70, 1060, 360, 1060, 70, 360, 70, 70, 360, 360, 1060, 70, 360, 1060, 1060, 170, 280, 80, 350, 280, 80, 350, 350, 280, 170, 350, 80, 350, 80, 280, 80, 280, 2000, 380, 2000, 380, 2000, 380, 380, 2000, 380, 2000, 500, 70, 70, 450, 70, 70, 500, 70, 7880, 10, 100, 30, 0, 1120, 42320, 1120, 42320, 1120, 42320, 1120, 42320, 42320, 1120, 660, 2640, 1380, 10, 2950, 1670, 1670, 0, 1670, 1670, 1670, 20, 140, 640, 140, 140, 140, 3820, 140, 20, 20, 20, 1790, 20, 20, 330, 330, 670, 670, 330, 330, 70, 330, 670, 670, 670, 160, 30, 30, 30, 30, 30, 2510, 80, 2510, 600, 670, 150, 150, 50, 170, 50, 170, 50, 170, 50, 170, 170, 50, 330, 2200, 2200, 2200, 2200, 2200, 260, 180, 90, 90, 180, 90, 180, 90, 90, 180, 180, 830, 830, 830, 830, 830, 470, 470, 470, 470, 470, 5280, 1870, 1870, 1870, 1870, 5280, 1870, 340, 340, 340, 340, 340, 3740, 740, 19150, 60, 2340, 60, 3740, 40, 3740, 40, 3740, 40, 60, 40, 3740, 40, 60, 60, 10, 10, 10, 30, 140, 10, 10, 1420, 10, 50, 890, 1420, 50, 50, 1420, 50, 1420, 1420, 50, 2620, 2620, 2620, 2620, 2620, 100, 100, 100, 100, 100, 0, 350, 320, 230, 320, 320, 320, 320, 540, 540, 540, 540, 540, 4970, 2270, 2010, 1790, 390, 170, 2010, 2270, 740, 1080, 250, 3520, 560, 50, 1080, 250, 250, 250, 250, 40, 220, 40, 40, 220, 220, 220, 40, 220, 40, 360, 10, 10, 10, 10, 360, 10, 360, 360, 360, 690, 690, 690, 690, 690, 890, 890, 3420, 890, 890, 890, 170, 1020, 1020, 1020, 1020, 170, 170, 40, 1020, 170, 170, 3190, 3190, 3190, 3190, 3190, 100, 1680, 1680, 100, 1680, 100, 1680, 1680, 100, 100, 60, 1700, 1420, 440, 440, 440, 1420, 440, 440, 14320, 180, 180, 14320, 180, 14320, 180, 14320, 180, 14320, 800, 800, 800, 800, 800, 5520, 70, 70, 70, 70, 70, 30, 150, 150, 150, 30, 150, 30, 150, 30, 30, 1950, 1950, 0, 1950, 1950, 1950, 170, 90, 50, 50, 50, 50, 50, 1570, 20, 160, 20, 20170, 20170, 20170, 1030, 1030, 20170, 20170, 1030, 1030, 1030, 220, 150, 430, 150, 150, 150, 430, 150, 150, 20380, 20380, 20380, 20380, 20380, 980, 4160, 190, 4160, 4160, 4160, 4160, 50, 660, 660, 660, 660, 660, 30, 3440, 190, 190, 190, 190, 190, 1160, 10, 10, 10, 10, 1160, 1160, 1160, 10, 1160, 70, 20, 0, 20, 0, 20, 0, 20, 0, 20, 0, 17000, 2140, 3430, 3430, 3430, 3430, 3430, 1050, 700, 700, 700, 700, 700, 40, 40, 0, 0, 40, 40, 40, 190, 190, 160, 160, 160, 160, 160, 600, 600, 0, 600, 600, 600, 80, 40, 80, 80, 80, 80, 50, 430, 430, 430, 430, 430, 20, 20, 20, 20, 20, 160, 160, 160, 160, 160, 5370, 80, 80, 80, 80, 80, 520, 300, 24280, 430, 24280, 24280, 430, 430, 24280, 430, 24280, 430, 190, 2920, 190, 2920, 190, 1010, 2920, 2920, 190, 190, 2920, 9480, 6270, 9480, 9480, 9480, 9480, 50, 11530, 140, 280, 420, 420, 420, 2640, 420, 280, 2640, 420, 240, 20, 250, 20, 20, 250, 980, 250, 20, 250, 20, 250, 100, 310, 310, 310, 100, 100, 100, 310, 100, 310, 1920, 120, 240, 3500, 240, 120, 240, 120, 240, 240, 120, 120, 810, 2070, 20, 20, 810, 20, 2070, 1150, 2070, 50, 20, 2070, 810, 20, 2070, 810, 810, 9280, 980, 100, 100, 980, 980, 100, 980, 100, 980, 100, 2640, 4160, 4160, 10, 4160, 4160, 4160, 1830, 1040, 1040, 1830, 1830, 1040, 1830, 1040, 1830, 1040, 1200, 140, 1200, 140, 1200, 1200, 1200, 130, 6950, 1530, 1340, 70, 1340, 1340, 70, 1340, 1340, 50, 300, 50, 50, 50, 50, 80, 10, 10, 20, 20, 240, 10, 240, 240, 240, 20, 10, 240, 10, 2640, 80, 80, 340, 340, 340, 340, 1520, 340, 110, 110, 110, 30, 30, 30, 110, 110, 30, 30, 560, 560, 560, 560, 560, 110, 130, 130, 930, 930, 930, 930, 930, 60, 37640, 60, 37640, 60, 60, 60, 20380, 20380, 20380, 20380, 20380, 6230, 2840, 200, 20, 20, 20, 20, 20, 3480, 3480, 910, 3480, 910, 3480, 910, 3480, 910, 910, 5380, 37640, 890, 770, 270, 770, 110, 360, 830, 360, 830, 830, 830, 360, 830, 360, 360, 60, 60, 60, 60, 60, 60, 8550, 8550, 8550, 8550, 8550, 3050, 3050, 1740, 3050, 3050, 3050, 10, 90, 3210, 3210, 3210, 3210, 3210, 80, 80, 80, 80, 80, 740, 1450, 1250, 650, 680, 1250, 150, 150, 150, 150, 150, 2890, 2890, 2890, 2890, 2890, 3210, 60, 360, 950, 480, 950, 480, 950, 360, 950, 480, 360, 360, 950, 360, 480, 480, 20, 11860, 20, 20, 11860, 140, 11860, 11860, 20, 20, 11860, 1080, 3270, 720, 720, 720, 720, 720, 510, 540, 540, 510, 540, 510, 540, 540, 510, 510, 20, 540, 1440, 20, 540, 120, 40, 120, 40, 120, 120, 40, 40, 120, 40, 80, 80, 80, 1820, 80, 80, 2230, 3500, 3500, 3500, 3500, 3500, 270, 270, 270, 270, 270, 390, 390, 390, 390, 390, 320, 320, 320, 320, 320, 30, 30, 30, 30, 30, 1340, 30, 330, 30, 30, 30, 30, 2310, 2310, 2310, 2310, 2310, 120, 70, 130, 30, 30, 30, 30, 30, 20, 34470, 280, 20, 20, 20, 20, 20, 1370, 110, 510, 110, 510, 110, 110, 510, 110, 510, 510, 2000, 410, 410, 410, 410, 410, 5910, 3230, 40, 750, 20, 3230, 20, 3230, 20, 40, 750, 20, 40, 20, 3230, 40, 40, 3230, 3140, 40, 900, 900, 870, 20, 20, 20, 20, 20, 330, 150, 150, 30, 30, 1770, 150, 610, 150, 1770, 30, 1770, 30, 1770, 150, 30, 1770, 750, 750, 370, 10020, 730, 950, 10020, 10020, 10020, 10020, 30, 30, 30, 30, 30, 140, 2490, 140, 140, 2490, 140, 2490, 2490, 2490, 140, 330, 330, 330, 330, 330, 5110, 5110, 4340, 350, 900, 5110, 4340, 5110, 5110, 0, 0, 0, 0, 0, 7920, 450, 950, 130, 950, 950, 130, 130, 130, 450, 950, 130, 950, 370, 370, 370, 370, 370, 4360, 0, 1060, 160, 40, 40, 40, 160, 1060, 160, 0, 40, 160, 160, 40, 6210, 6210, 6210, 6210, 6210, 1800, 540, 540, 540, 540, 540, 50, 90, 520, 520, 90, 520, 90, 520, 90, 90, 520, 820, 190, 330, 330, 330, 190, 330, 330, 6020, 1500, 6020, 1120, 1500, 6020, 1120, 1500, 6020, 1120, 1500, 1120, 6020, 1120, 1500, 2310, 2310, 2310, 0, 2310, 2310, 3780, 1840, 1500, 1500, 1500, 1500, 1500, 160, 160, 160, 160, 160, 80, 1440, 780, 80, 80, 780, 780, 780, 780, 80, 80, 42320, 42320, 42320, 42320, 42320, 1440, 180, 10, 150, 150, 150, 150, 150, 530, 440, 530, 530, 110, 530, 440, 180, 440, 110, 180, 440, 180, 530, 440, 180, 110, 110, 110, 180, 20, 1410, 350, 350, 90, 90, 90, 90, 90, 2030, 2030, 2030, 2030, 2030, 1440, 1440, 1440, 1440, 1440, 10, 330, 0, 330, 0, 0, 330, 0, 0, 330, 330, 180, 170, 180, 970, 110, 50, 50, 970, 50, 970, 970, 50, 970, 50, 2700, 2700, 2700, 2700, 2700, 40, 170, 170, 170, 170, 40, 170, 40, 40, 40, 410, 410, 410, 410, 410, 490, 970, 490, 530, 970, 970, 970, 490, 970, 490, 490, 3680, 3680, 3680, 3680, 3680, 77870, 10, 40, 40, 10, 120, 10, 10, 40, 10, 40, 40, 100, 130, 130, 100, 130, 100, 130, 100, 130, 100, 0, 3450, 3450, 3450, 3450, 3450, 770, 10, 10, 10, 10, 10, 2700, 2700, 20, 2700, 20, 20, 2700, 2700, 20, 20, 30, 30, 30, 30, 30, 460, 460, 460, 460, 460, 700, 700, 60, 700, 700, 700, 8240, 29290, 140, 1170, 8240, 140, 140, 8240, 140, 140, 8240, 8240, 190, 68860, 250, 250, 250, 250, 250, 45020, 45020, 45020, 120, 20, 45020, 45020, 2220, 2220, 2220, 2220, 2220, 19470, 0, 0, 0, 0, 0, 1660, 1650, 1650, 1650, 1650, 1650, 450, 1600, 200, 40, 120, 510, 510, 120, 50, 40, 40, 20, 40, 40, 40, 40, 120, 1380, 1380, 1380, 1380, 120, 1380, 150, 150, 150, 150, 150, 240, 60, 10, 10, 60, 10, 10, 60, 10, 60, 10, 60, 220, 570, 220, 700, 570, 220, 570, 220, 220, 570, 570, 13290, 2080, 450, 450, 2080, 450, 2080, 2080, 450, 450, 2080, 20, 890, 90, 20, 20, 1050, 280, 280, 280, 280, 280, 0, 470, 1790, 600, 600, 600, 600, 600, 620, 620, 620, 620, 620, 1080, 380, 1080, 270, 3700, 3700, 3700, 270, 270, 270, 270, 3700, 3700, 1850, 13290, 1790, 0, 0, 0, 13290, 0, 0, 0, 460, 0, 0, 0, 0, 30, 30, 2660, 30, 2660, 30, 30, 10, 3170, 3170, 3170, 3170, 3170, 300, 37640, 37640, 300, 280, 80, 9950, 0, 740, 740, 0, 80, 0, 80, 740, 9950, 280, 0, 80, 0, 80, 740, 280, 280, 280, 740, 70, 70, 70, 70, 70, 0, 11360, 0, 0, 11360, 11360, 0, 0, 11360, 11360, 1060, 390, 1060, 390, 1060, 390, 390, 390, 1060, 1060, 350, 350, 37640, 510, 4000, 510, 510, 510, 510, 2760, 2520, 2760, 2520, 50360, 2760, 2760, 2520, 2760, 2520, 2520, 20, 150, 60, 0, 2370, 0, 0, 60, 0, 60, 3780, 0, 60, 60, 2370, 260, 1810, 10380, 520, 10380, 260, 10380, 520, 1810, 1810, 260, 10380, 520, 1810, 10380, 260, 520, 1810, 260, 520]"
2020-11-03 18:30:00+00:00,4399110,0,1476.0,"[330, 20, 4970, 20, 1300, 20, 2440, 20, 4970, 1300, 4970, 20, 1300, 20, 1300, 4970, 1300, 4970, 7710, 30, 320, 1560, 1560, 1560, 1560, 8900, 1560, 60, 40, 40, 40, 40, 40, 40, 40, 40, 40, 40, 1570, 1570, 1570, 1570, 1570, 4100, 640, 4100, 37640, 50, 170, 7180, 7180, 170, 170, 170, 7180, 170, 7180, 7180, 820, 20, 20, 20, 180, 180, 180, 180, 180, 10, 670, 10, 10, 10, 670, 10, 2830, 6930, 730, 730, 730, 2650, 730, 730, 190, 190, 500, 500, 60, 1760, 110, 110, 110, 110, 110, 570, 2510, 570, 570, 570, 2510, 2510, 1220, 2510, 40, 40, 570, 2510, 40, 570, 40, 40, 60, 2200, 550, 2200, 550, 80, 80, 80, 550, 80, 2200, 80, 2200, 2200, 550, 550, 50, 4130, 10, 20, 2010, 40, 200, 10110, 10, 0, 760, 760, 0, 760, 0, 0, 760, 0, 760, 100, 100, 100, 100, 100, 860, 0, 140, 0, 1210, 140, 1210, 0, 140, 0, 140, 0, 140, 1210, 1210, 1210, 20, 480, 480, 480, 480, 480, 220, 30, 220, 18250, 3780, 3780, 0, 3780, 3780, 3780, 180, 180, 180, 180, 180, 10, 3170, 3170, 3170, 3170, 10, 25000, 3170, 20, 13690, 60, 80, 310, 60, 60, 13690, 60, 310, 13690, 310, 20, 60, 310, 80, 310, 13690, 13690, 410, 300, 1400, 1400, 300, 1400, 300, 300, 1400, 1400, 300, 200, 60, 240, 160, 240, 160, 240, 200, 60, 160, 200, 60, 160, 200, 160, 60, 200, 240, 240, 60, 20, 20, 20, 20, 20, 2820, 0, 10, 30, 30, 30, 10, 10, 30, 10, 30, 0, 10, 10, 10, 110, 200, 470, 470, 470, 470, 470, 50, 0, 87850, 110, 87850, 87850, 87850, 87850, 2200, 760, 1790, 760, 1340, 40, 530, 2240, 530, 2240, 530, 410, 2240, 530, 40, 2240, 2240, 900, 530, 3170, 1700, 1700, 1700, 1700, 1700, 40, 50, 50, 40, 50, 40, 40, 50, 40, 50, 1320, 700, 700, 700, 700, 700, 40, 230, 230, 230, 230, 230, 2260, 0, 2260, 2260, 2260, 2260, 470, 470, 550, 470, 0, 550, 470, 470, 550, 550, 550, 40, 3900, 680, 3900, 7110, 680, 3900, 3900, 3900, 40, 3760, 2510, 900, 2510, 900, 900, 2510, 900, 2510, 2510, 900, 300, 300, 300, 300, 300, 390, 390, 390, 390, 390, 540, 540, 120, 420, 260, 120, 120, 420, 120, 420, 120, 420, 420, 40, 360, 40, 40, 40, 0, 40, 40, 140, 40, 1790, 140, 140, 1790, 40, 1790, 140, 40, 1790, 40, 140, 40, 1790, 40, 40, 20, 40, 40, 40, 40, 0, 3040, 0, 1790, 2430, 2420, 10420, 10420, 10420, 10420, 10420, 30, 0, 30, 0, 0, 30, 0, 0, 30, 30, 680, 680, 28040, 680, 680, 680, 70, 640, 640, 230, 230, 810, 230, 230, 230, 180, 350, 590, 20, 180, 10, 20, 590, 350, 590, 20, 10, 590, 20, 20, 590, 2040, 2040, 15820, 940, 30, 30, 30, 30, 30, 1110, 1080, 2770, 2770, 2770, 2770, 2770, 400, 50, 570, 570, 50, 3550, 50, 400, 570, 570, 400, 570, 50, 400, 400, 50, 11600, 870, 870, 870, 1560, 870, 870, 11600, 10, 80, 160, 14070, 1820, 8360, 64310, 1500, 1700, 340, 340, 340, 1700, 340, 64310, 1700, 340, 1700, 64310, 64310, 1700, 64310, 140, 560, 560, 10140, 10140, 10140, 10140, 10140, 40, 180, 2900, 2900, 2900, 180, 2900, 2900, 1760, 1760, 1760, 1760, 1760, 670, 340, 340, 670, 340, 670, 13240, 340, 670, 340, 13240, 670, 4560, 5100, 4560, 4560, 4560, 4560, 10, 110, 290, 290, 290, 290, 290, 2100, 570, 20, 20, 20, 20, 20, 80, 2140, 2140, 80, 2140, 2140, 80, 80, 2140, 80, 510, 510, 510, 510, 510, 200, 2000, 2000, 200, 200, 2000, 200, 2000, 2000, 200, 3550, 10, 3550, 3550, 3550, 10, 3550, 50, 50, 50, 50, 50, 2800, 20, 20, 20, 20, 20, 1630, 3070, 3070, 2640, 2830, 240, 240, 240, 240, 240, 2870, 4440, 1200, 2140, 4440, 1200, 4440, 4440, 4440, 370, 370, 370, 370, 370, 1240, 60, 60, 330, 60, 60, 60, 90, 10, 10, 10, 10, 10, 40, 40, 40, 40, 40, 400, 4080, 4080, 1490, 4080, 4080, 4080, 840, 20, 50, 80, 2250, 80, 10, 80, 80, 80, 1450, 60, 60, 60, 60, 60, 40, 40, 40, 40, 40, 2800, 2800, 2800, 2800, 2800, 15320, 50, 50, 15320, 50, 50, 15320, 50, 15320, 15320, 14120, 120, 120, 20380, 20380, 14120, 20380, 1160, 14120, 20380, 120, 14120, 20380, 120, 120, 14120, 370, 370, 370, 370, 6020, 370, 1800, 1800, 1800, 1800, 1800, 10, 170, 170, 10, 170, 10, 10, 170, 170, 10, 40, 40, 40, 40, 40, 2070, 62580, 62580, 62580, 62580, 62580, 4460, 40, 40, 4460, 40, 40, 40, 4460, 4460, 4460, 10, 1740, 9240, 210, 590, 270, 590, 590, 270, 590, 590, 270, 270, 270, 790, 280, 280, 280, 280, 280, 1790, 1790, 1790, 1790, 1790, 5810, 1140, 5810, 1930, 790, 1930, 1930, 1930, 1930, 40, 480, 480, 480, 480, 40, 40, 480, 40, 40, 20, 40, 40, 40, 40, 40, 40, 230, 1590, 1590, 29840, 9810, 1590, 9810, 29840, 9810, 1590, 1590, 1590, 29840, 9810, 29840, 9810, 29840, 130, 130, 130, 130, 130, 2420, 1750, 40, 230, 230, 230, 230, 230, 460, 20, 1900, 570, 9240, 570, 20, 20, 20, 20, 9240, 570, 9240, 1900, 1900, 9240, 1900, 9240, 1900, 570, 570, 8040, 8040, 3560, 3560, 8040, 8040, 8040, 3560, 3560, 3560, 620, 620, 620, 620, 620, 3610, 550, 1770, 1010, 1010, 0, 70, 72190, 72190, 70, 70, 72190, 70, 72190, 72190, 70, 50, 1930, 3610, 50, 50, 50, 50, 3740, 590, 590, 550, 550, 550, 550, 550, 140, 140, 140, 140, 8070, 410, 1330, 60, 410, 60, 1330, 1330, 410, 60, 1330, 410, 1330, 410, 60, 60, 450, 450, 450, 450, 450, 10, 3010, 5860, 1140, 1140, 1140, 1140, 60, 1140, 3520, 3520, 3520, 3520, 3520, 1800, 1800, 1800, 1800, 30, 1800, 12260, 690, 500, 14580, 2400, 110, 2400, 280, 280, 280, 280, 280, 1730, 1730, 1730, 1730, 1730, 40, 10, 40, 30, 30, 40, 30, 30, 30, 1440, 310, 930, 930, 310, 30, 930, 310, 930, 930, 310, 310, 730, 1330, 21730, 730, 730, 21730, 730, 21730, 730, 21730, 21730, 3060, 2580, 110, 1230, 110, 3190, 20, 20, 20, 20, 3190, 110, 20, 30, 30, 30, 30, 30, 560, 560, 560, 560, 560, 50, 360, 17260, 17260, 17260, 360, 360, 17260, 17260, 360, 360, 0, 0, 0, 0, 0, 30, 10, 30, 10, 30, 10, 30, 10, 10, 30, 30, 30, 220, 1710, 30, 220, 220, 30, 220, 30, 220, 10, 50, 10, 10, 10, 10, 21540, 210, 210, 210, 210, 210, 170, 170, 170, 110, 110, 110, 110, 170, 110, 20, 520, 90, 90, 70, 90, 90, 90, 760, 760, 760, 760, 760, 6550, 6550, 710, 710, 6550, 6550, 710, 710, 6550, 710, 3690, 3690, 3690, 3690, 3690, 10, 80, 4910, 400, 200, 350, 400, 400, 200, 200, 400, 200, 400, 200, 50, 220, 50, 50, 50, 50, 60, 60, 60, 60, 60, 660, 660, 660, 660, 660, 820, 2390, 20, 110, 110, 2390, 5790, 110, 2390, 110, 2390, 110, 2390, 210, 20740, 1380, 1340, 1380, 170, 1340, 170, 1340, 170, 1380, 1340, 170, 1380, 1340, 170, 20740, 1380, 1570, 1570, 1570, 1570, 1570, 10, 0, 0, 0, 0, 0, 120, 30, 1330, 120, 1330, 1750, 30, 1330, 120, 120, 30, 1330, 120, 30, 1330, 30, 650, 650, 650, 650, 650, 20, 2580, 20, 20, 20, 2580, 300, 20, 350, 2580, 20, 2580, 860, 2580, 210, 210, 210, 210, 210, 29840, 6550, 6550, 29840, 29840, 6550, 6550, 6550, 29840, 29840, 3850, 190, 12280, 3850, 1140, 1140, 3850, 12280, 190, 3850, 12280, 1140, 12280, 190, 3850, 1140, 12280, 190, 1140, 190, 1100, 1100, 1100, 1100, 1100, 630, 160, 630, 630, 160, 160, 630, 160, 630, 160, 2020, 2270, 6550, 2270, 2270, 2270, 2270, 1600, 80, 80, 1600, 80, 80, 1600, 80, 1600, 1600, 390, 1910, 1910, 1910, 1910, 1910, 3630, 12310, 3630, 3630, 3630, 3630, 12540, 1860, 1010, 9460, 210, 9460, 210, 9460, 210, 9460, 1860, 9460, 1860, 210, 1860, 210, 1860, 20, 11820, 11820, 11820, 11820, 11820, 240, 240, 240, 240, 240, 20, 20, 20, 20, 20, 60, 60, 60, 60, 60, 12540, 12540, 12540, 12540, 12540, 1000, 1730, 10, 10, 10, 3850, 3850, 3850, 10, 10, 3850, 3850, 650, 80, 80, 650, 650, 80, 80, 650, 650, 80, 780, 780, 780, 780, 780, 110, 0, 390, 390, 110, 390, 110, 390, 0, 110, 0, 110, 0, 0, 390, 2270, 2270, 1290, 2270, 2270, 2270, 560, 140, 140, 560, 560, 140, 140, 560, 140, 560, 80, 410, 410, 80, 410, 80, 410, 410, 80, 80, 1480, 100, 100, 100, 100, 100, 90, 90, 2510, 10, 2510, 90, 20, 2510, 90, 2510, 90, 2510, 17540, 3600, 140, 3600, 140, 140, 140, 140, 3600, 3600, 17540, 3600, 510, 510, 510, 510, 510, 290, 940, 7810, 940, 940, 940, 940, 730, 730, 730, 730, 730, 1510, 3760, 3760, 1510, 1510, 3760, 3760, 1510, 3760, 1510]"
2020-11-03 18:35:00+00:00,4091050,0,1333.0,"[10, 970, 470, 470, 10, 970, 970, 10, 100, 970, 970, 10, 3850, 10, 0, 0, 250, 250, 7500, 250, 250, 10, 250, 130, 130, 130, 130, 130, 10, 10, 1700, 20, 16340, 20, 20, 20, 20, 50, 290, 100, 100, 100, 100, 100, 140, 5280, 7500, 3580, 430, 430, 430, 430, 430, 50, 120, 50, 160, 50, 50, 160, 160, 50, 160, 160, 50, 12950, 910, 910, 910, 910, 910, 50, 3060, 3060, 3060, 3060, 3060, 160, 3850, 3850, 160, 160, 3850, 160, 3850, 160, 3850, 1800, 440, 1800, 440, 3580, 820, 820, 820, 820, 820, 3260, 1620, 2650, 140, 4680, 4680, 80, 4680, 4680, 4680, 190, 40, 190, 190, 40, 40, 190, 40, 40, 190, 3760, 21110, 0, 7620, 360, 7620, 0, 360, 7620, 360, 7620, 360, 360, 7620, 330, 30, 0, 5980, 5980, 180, 180, 180, 180, 180, 150, 5480, 5480, 5480, 5480, 30, 5480, 150, 150, 30, 30, 30, 150, 30, 150, 30, 60, 60, 370, 30, 30, 370, 30, 60, 370, 60, 370, 60, 1400, 370, 30, 30, 30, 30, 30, 30, 180, 180, 180, 180, 180, 400, 4270, 400, 400, 400, 400, 1680, 240, 240, 400, 240, 240, 240, 1880, 2930, 100, 100, 2930, 100, 100, 100, 2930, 2930, 2930, 100, 70, 40, 310, 310, 920, 3930, 3930, 3080, 3080, 1870, 3080, 3080, 3080, 190, 270, 270, 270, 270, 270, 6530, 6530, 6530, 6530, 6530, 910, 3110, 460, 3110, 460, 910, 620, 910, 460, 3110, 910, 460, 910, 3110, 460, 3110, 130, 10, 8230, 3580, 130, 10, 3580, 8230, 10, 8230, 10, 3580, 130, 10, 3580, 130, 8230, 3580, 130, 8230, 70, 4630, 1190, 40, 70, 70, 40, 1190, 40, 70, 1190, 1190, 70, 40, 40, 70, 1190, 10, 330, 2460, 2460, 24510, 2460, 2460, 2460, 120, 120, 120, 120, 120, 100, 32430, 32430, 100, 32430, 100, 32430, 32430, 100, 100, 1240, 2400, 2400, 2400, 2400, 1240, 1240, 1240, 1240, 2400, 30, 7450, 7450, 7450, 100, 7450, 7450, 2770, 2770, 2770, 2770, 2770, 1570, 1570, 1570, 1570, 1570, 70, 2000, 70, 70, 2000, 70, 2000, 70, 2000, 2000, 1130, 5440, 530, 5440, 5440, 5440, 5440, 350, 350, 350, 350, 350, 700, 700, 0, 700, 0, 0, 700, 700, 0, 0, 660, 660, 660, 660, 660, 90, 1180, 260, 640, 50, 0, 50, 50, 50, 50, 60, 20, 440, 20, 20, 20, 20, 1700, 1700, 30, 1700, 1700, 1700, 190, 350, 10, 50, 50, 50, 50, 50, 10, 10, 10, 10, 10, 2340, 280, 280, 280, 280, 280, 10960, 1330, 1330, 1330, 1330, 1330, 1130, 20, 20, 20, 20, 20, 20, 20, 20, 20, 20, 300, 300, 300, 300, 300, 4900, 4900, 40, 4900, 4900, 40, 40, 4900, 40, 40, 3480, 1760, 5120, 1000, 300, 1000, 300, 300, 1000, 300, 1000, 300, 1000, 20, 20, 20, 20, 20, 21540, 40, 21540, 21540, 21540, 21540, 2580, 2580, 2580, 2580, 2580, 780, 7850, 120, 530, 530, 170, 530, 120, 170, 170, 120, 530, 120, 530, 170, 120, 170, 3300, 3120, 3300, 3300, 3120, 3300, 3300, 2750, 580, 10, 140, 10, 580, 10, 2750, 580, 2750, 2750, 580, 10, 580, 10, 2750, 300, 2170, 10, 10, 10, 2170, 2170, 2170, 2170, 10, 10, 4680, 370, 4680, 4680, 4680, 370, 370, 370, 4680, 370, 580, 3560, 1860, 2120, 1860, 2120, 580, 1860, 3560, 2390, 2120, 1860, 580, 3560, 2120, 3560, 2120, 580, 3560, 1860, 580, 140, 10, 20, 10, 10, 10, 20, 20, 20, 20, 10, 680, 71980, 20, 20, 20, 20, 20, 10, 16190, 1360, 1360, 720, 1360, 1360, 1360, 470, 630, 230, 2030, 2030, 2030, 2770, 2030, 2030, 30, 30, 310, 310, 310, 310, 310, 970, 1020, 1020, 1020, 1020, 1020, 1360, 1490, 5020, 1690, 0, 0, 0, 5020, 5020, 0, 1690, 5020, 0, 5020, 1280, 980, 1110, 1110, 1110, 1110, 1110, 5100, 5100, 5100, 5100, 5100, 1540, 2110, 2110, 2110, 20, 2110, 2110, 21070, 340, 21070, 4050, 480, 4050, 4050, 4050, 480, 4050, 480, 15080, 480, 480, 60, 40, 1780, 40, 1780, 40, 1780, 40, 1780, 1780, 40, 1070, 29840, 180, 30, 1530, 1530, 1530, 1530, 1530, 180, 180, 180, 180, 180, 230, 230, 230, 230, 230, 980, 10, 1470, 30, 5450, 270, 270, 270, 270, 270, 190, 190, 6630, 20, 20, 20, 6630, 20, 20, 2070, 2070, 2070, 2070, 2070, 80, 80, 80, 80, 80, 2240, 230, 2880, 240, 2880, 2880, 2880, 110, 2880, 10, 10, 10, 10, 10, 2950, 1410, 1320, 1320, 1410, 1320, 1410, 1320, 1410, 1320, 1410, 5700, 60620, 920, 60620, 920, 60620, 920, 60620, 920, 60620, 920, 4330, 1640, 1640, 1640, 1640, 1640, 3470, 4280, 380, 380, 4280, 380, 380, 4280, 380, 4280, 4280, 240, 20, 240, 240, 20, 240, 240, 28790, 750, 3760, 750, 150, 160, 150, 160, 150, 150, 160, 160, 160, 150, 10, 10, 7740, 5080, 110, 7740, 7740, 110, 5080, 5080, 5080, 7740, 110, 110, 5080, 7740, 110, 57780, 57780, 250, 3450, 57780, 3450, 250, 3450, 57780, 3450, 3450, 57780, 1080, 11900, 4490, 11900, 11900, 11900, 11900, 220, 1790, 230, 1790, 230, 1790, 520, 220, 1790, 230, 230, 230, 1790, 500, 500, 500, 500, 500, 200, 200, 200, 200, 200, 750, 750, 750, 750, 750, 660, 330, 330, 330, 330, 330, 3950, 1080, 1080, 1080, 1080, 1080, 100, 100, 100, 100, 100, 160, 5080, 160, 160, 160, 5080, 160, 5080, 5080, 5080, 90, 90, 90, 90, 90, 3450, 3450, 3450, 3450, 57780, 3450, 160, 160, 17100, 160, 160, 160, 3980, 4280, 4280, 100, 100, 4280, 100, 4280, 100, 3980, 4280, 3980, 3980, 100, 3980, 30, 30, 30, 30, 30, 0, 0, 0, 0, 0, 0, 6630, 6630, 6630, 6630, 6630, 29740, 20, 40, 12540, 12540, 20, 40, 12540, 20, 12540, 20, 40, 12540, 40, 20, 40, 600, 4350, 600, 4350, 600, 4350, 600, 600, 4350, 4350, 10, 10, 10, 10, 10, 410, 2000, 2000, 2000, 2000, 2000, 1570, 1570, 1570, 1570, 1570, 600, 600, 600, 600, 600, 2770, 2770, 2770, 2770, 2770, 300, 60, 10, 300, 300, 300, 10, 10, 60, 60, 60, 300, 60, 300, 10, 10, 1650, 80, 1240, 1240, 80, 1240, 1240, 1240, 680, 680, 680, 680, 680, 730, 300, 250, 250, 250, 300, 300, 250, 250, 300, 300, 120, 120, 120, 760, 120, 20, 0, 17380, 300, 17380, 17380, 17380, 300, 17380, 300, 470, 300, 300, 13590, 13590, 13590, 13590, 13590, 4170, 10, 40, 40, 13620, 4170, 10, 10, 13620, 50, 4170, 10, 13620, 4170, 40, 13620, 10, 13620, 4170, 40, 40, 20, 20, 20, 20, 20, 1240, 1240, 1240, 1240, 1240, 110, 180, 1070, 3160, 29840, 3160, 29840, 3160, 29840, 3160, 1070, 29840, 3160, 29840, 15350, 80, 80, 80, 80, 15350, 80, 15350, 15350, 15350, 630, 10, 80, 520, 20, 10, 80, 520, 10, 80, 520, 520, 20, 80, 20, 10, 80, 20, 10, 20, 520, 90, 20, 20, 20, 20, 90, 20, 10, 30, 30, 30, 30, 30, 150, 1780, 1780, 1780, 1780, 1780, 250, 3450, 400, 2880, 60, 60, 2880, 2880, 2880, 60, 2880, 60, 60, 580, 50, 220, 50, 220, 220, 220, 220, 50, 50, 50, 7220, 1780, 1780, 1780, 1780, 1780, 590, 1340, 590, 1340, 1340, 590, 1340, 590, 1340, 590, 0, 780, 780, 780, 0, 780, 780, 210, 0, 160, 350, 160, 160, 160, 160, 240, 250, 250, 250, 240, 250, 250, 170, 170, 170, 170, 170, 5500, 2740, 57360, 240, 480, 1470, 240, 240, 480, 1470, 240, 57360, 1470, 240, 1470, 1470, 3710, 220, 2000, 2000, 220, 3710, 2000, 220, 2000, 220, 220, 2000, 90, 300, 90, 90, 300, 90, 90, 5640, 1770, 5640, 900, 1770, 5640, 1770, 1770, 5640, 1770, 5640, 2550, 90, 90, 20, 90, 20, 20, 20, 20, 90, 90, 2770, 2130, 2130, 2130, 2130, 2130, 71980, 3260, 30, 30, 30, 30, 30, 90, 22640, 22640, 22640, 270, 22640, 22640, 80, 80, 80, 80, 80, 3980, 180, 410, 180, 380, 90, 71980, 71980, 1700, 71980, 71980, 71980, 410, 410, 410, 410, 410, 80, 80, 80, 4430, 4430, 80, 80, 4430, 80, 4430, 4430, 120, 30, 30, 30, 30, 120, 30, 10, 600, 600, 600, 600, 600, 1250, 1250, 1250, 1250, 1250, 2000, 2000, 2000, 2000, 2000]"
2020-11-03 18:40:00+00:00,14061110,5,1175.0,"[130, 450, 130, 130, 200, 130, 130, 450, 150, 150, 150, 150, 150, 160, 110, 110, 110, 110, 110, 4310, 4310, 4310, 4310, 4310, 40, 570, 40, 40, 40, 40, 3930, 3860, 3930, 3930, 3930, 3930, 110, 1140, 110, 4230, 1140, 4230, 110, 1140, 4230, 110, 1140, 1140, 4230, 110, 4230, 5200, 120, 10, 5200, 10, 5200, 10, 5200, 10, 10, 5200, 700, 300, 300, 3300, 300, 300, 300, 7550, 4330, 7550, 7550, 7550, 7550, 480, 480, 480, 480, 480, 660, 660, 660, 660, 660, 2880, 3470, 130, 1000, 2700, 4330, 4330, 4330, 4330, 4330, 2880, 250, 250, 250, 250, 250, 60, 60, 60, 60, 60, 20, 20, 20, 1670, 20, 20, 150, 150, 150, 150, 150, 17370, 50, 50, 50, 50, 50, 1480, 580, 580, 580, 580, 1220, 580, 43180, 43180, 1230, 43180, 43180, 43180, 2430, 3850, 3850, 3850, 3850, 2430, 3850, 150, 50, 150, 150, 50, 50, 50, 150, 150, 50, 270, 270, 30, 20, 20, 20, 20, 20, 120, 120, 43180, 120, 120, 120, 10, 40, 10, 10, 10, 10, 1500, 1500, 1500, 170, 1500, 1500, 1270, 250, 250, 250, 1270, 250, 250, 10, 10, 10, 10, 10, 200, 10, 260, 150, 260, 150, 10, 10, 150, 260, 150, 10, 260, 150, 10, 260, 240, 240, 240, 240, 240, 21280, 21280, 340, 2230, 190, 340, 340, 340, 340, 2230, 190, 2230, 2230, 2230, 400, 100, 10, 10, 10, 10, 10, 80, 390, 80, 390, 10, 390, 80, 390, 80, 390, 80, 2590, 29840, 670, 29840, 670, 670, 29840, 29840, 670, 29840, 670, 80, 400, 4980, 400, 400, 400, 400, 400, 710, 40, 710, 710, 40, 710, 710, 3170, 3170, 3170, 3170, 3170, 20, 20, 20, 20, 20, 630, 630, 630, 630, 630, 60, 60, 60, 60, 60, 1180, 660, 11150, 140, 11150, 11150, 11150, 11150, 870, 870, 870, 870, 870, 1460, 1460, 1460, 1460, 1460, 80, 80, 80, 80, 80, 430, 430, 430, 430, 430, 860, 860, 860, 860, 860, 2110, 10080, 10080, 10080, 10080, 10080, 1050, 560, 1050, 560, 560, 560, 560, 440, 370, 250, 390, 390, 390, 390, 390, 10810, 340, 340, 10810, 340, 10810, 10810, 340, 10810, 340, 2210, 2210, 2210, 2210, 2210, 140, 100, 100, 100, 30, 100, 1460, 30, 100, 30, 30, 30, 360, 360, 360, 360, 360, 940, 940, 940, 940, 940, 50, 220, 480, 220, 220, 220, 220, 8920, 2390, 2390, 2390, 2390, 2390, 2210, 910, 910, 0, 0, 910, 0, 0, 910, 0, 910, 1010, 1450, 640, 640, 640, 1450, 640, 1450, 640, 1450, 1450, 290, 290, 290, 290, 290, 340, 180, 260, 260, 1270, 1780, 1150, 5020, 5020, 5020, 5020, 5020, 140, 20, 0, 80, 610, 80, 80, 80, 80, 1460, 1460, 1460, 1460, 150, 1460, 10, 160, 160, 160, 160, 160, 580, 580, 40, 580, 580, 1230, 580, 340, 340, 340, 340, 340, 30, 140, 220, 220, 220, 60, 220, 220, 950, 950, 950, 950, 950, 3440, 100, 100, 100, 100, 3440, 100, 29840, 1150, 1150, 1150, 1150, 1150, 10810, 440, 480, 480, 10810, 480, 480, 10810, 480, 10810, 10810, 1830, 230, 120, 120, 120, 120, 120, 19660, 19620, 19660, 19620, 19620, 19660, 19620, 19660, 19620, 19660, 2550, 2550, 340, 2550, 20, 2550, 2550, 70, 70, 70, 70, 70, 2930, 180, 40, 40, 6640, 40, 700, 2930, 6640, 6640, 6640, 40, 180, 6640, 2930, 2930, 40, 2930, 30, 1290, 1290, 1290, 1290, 1290, 3950, 6500, 3690, 3950, 3950, 3690, 3950, 3690, 6500, 3690, 3690, 3950, 300, 300, 300, 300, 300, 5630, 5630, 5630, 5630, 5630, 410, 410, 410, 410, 410, 1430, 1580, 1580, 1580, 1580, 1580, 350, 350, 350, 350, 350, 0, 260, 20, 260, 20, 260, 20, 20, 260, 20, 260, 3020, 10, 10, 10, 10, 10, 14660, 14660, 14660, 14660, 14660, 10, 10, 10, 10, 10, 4310, 4310, 4310, 4310, 4310, 40, 40, 400, 7220, 130, 1180, 1180, 3050, 3050, 32560, 32560, 32560, 32560, 32560, 80, 60, 60, 60, 60, 60, 3400, 3400, 3400, 3400, 3400, 60, 160, 160, 8240, 160, 160, 8240, 160, 8240, 8240, 8240, 3950, 1640, 940, 940, 940, 1640, 940, 1640, 940, 1640, 1640, 60, 80, 60, 60, 60, 60, 1390, 1180, 1390, 1390, 1180, 1180, 1390, 1390, 1180, 1180, 780, 780, 5660, 780, 780, 780, 760, 760, 760, 760, 760, 20810, 0, 20810, 0, 0, 20810, 0, 20810, 0, 20810, 30, 0, 0, 0, 0, 0, 10, 10, 1200, 1200, 1200, 1200, 1200, 160, 160, 160, 160, 160, 160, 0, 0, 0, 0, 160, 0, 160, 160, 160, 3820, 3820, 3820, 3820, 3820, 20, 480, 5190, 20, 9810, 480, 20, 5190, 20, 480, 5190, 5190, 480, 5190, 480, 20, 6520, 270, 6520, 270, 270, 6520, 270, 6520, 270, 6520, 1360, 18120, 800, 800, 800, 800, 800, 5170, 210, 160, 5170, 210, 160, 140, 160, 210, 5170, 210, 160, 5170, 210, 160, 5170, 810, 490, 810, 300, 810, 490, 810, 490, 810, 490, 490, 270, 450, 450, 450, 450, 450, 4340, 360, 20, 40, 40, 40, 40, 40, 9760, 420, 9760, 420, 250, 250, 420, 420, 9760, 250, 420, 9760, 250, 250, 9760, 0, 520, 0, 520, 0, 520, 520, 0, 520, 0, 160, 160, 160, 160, 160, 270, 290, 630, 2530, 810, 7120, 7120, 7120, 7120, 7120, 810, 10, 10, 10, 10, 10, 1630, 560, 40, 40, 560, 1680, 560, 40, 560, 40, 560, 40, 110, 4810, 1050, 4810, 4810, 4810, 1050, 1050, 4810, 1050, 1050, 3390, 800, 40, 40, 40, 40, 40, 2900, 2900, 5640, 3830, 5640, 5640, 5640, 5640, 1640, 1640, 150, 1640, 1640, 1640, 200, 780, 780, 780, 780, 780, 90, 90, 90, 90, 920, 920, 920, 920, 920, 390, 390, 390, 390, 390, 3910, 1640, 800, 3580, 3910, 3730, 800, 800, 3910, 800, 3910, 3910, 800, 90, 90, 90, 90, 90, 80, 1650, 80, 1650, 80, 1650, 1650, 80, 1650, 80, 560, 560, 560, 560, 560, 10720, 1010, 10720, 10720, 1010, 1010, 10720, 1010, 10720, 1010, 7550, 7550, 7550, 7550, 7550, 60, 110, 110, 110, 110, 110, 240, 240, 240, 240, 240, 60, 27610, 10, 27610, 740, 10, 27610, 10, 27610, 10, 27610, 10, 70, 70, 70, 70, 70, 40, 2820, 2820, 40, 2820, 2820, 2820, 3150, 2630, 320, 320, 320, 320, 320, 270, 2160, 5500, 480, 480, 2160, 5500, 480, 2160, 480, 5500, 2160, 480, 5500, 2160, 5500, 350, 750, 750, 750, 750, 750, 0, 0, 0, 0, 0, 60, 1150, 370, 370, 370, 370, 370, 10, 10, 6780, 20, 6780, 20, 20, 20, 20, 6780, 6780, 6780, 60, 60, 60, 60, 850, 60, 370, 370, 370, 370, 370, 13360, 13360, 13360, 13360, 13360, 0, 2190, 2190, 2190, 2190, 2190, 7750, 7750, 7750, 7750, 7750, 2390, 2350, 2350, 2390, 2390, 2350, 2350, 2390, 2350, 2390, 5460, 260, 260, 260, 260, 260, 11630, 10, 100, 160, 0, 160, 160, 160, 160, 980, 850, 980, 980, 850, 980, 980, 70, 70, 70, 70, 70, 370, 10, 10, 10, 10, 10, 0, 1350, 530, 530, 530, 10420, 10420, 530, 10420, 530, 10420, 10420, 530, 1010, 1010, 530, 1010, 1010, 530, 1010, 530, 530, 0, 110, 110, 110, 110, 110, 1270, 370, 370, 370, 370, 370, 90, 90, 2720]"
2020-11-03 18:45:00+00:00,5081500,1,1418.0,"[50, 50, 50, 50, 50, 0, 0, 41060, 2330, 20, 20, 20, 41060, 41060, 2330, 41060, 20, 41060, 2330, 2330, 2330, 20, 5690, 5690, 80, 5690, 80, 5690, 80, 80, 5690, 80, 0, 0, 0, 0, 0, 3540, 1580, 1580, 1580, 1580, 1580, 2590, 2590, 2590, 2590, 2590, 220, 8490, 1010, 2760, 2760, 2760, 8490, 8490, 2760, 8490, 8490, 2760, 1640, 2200, 1640, 2200, 1640, 2200, 2200, 1640, 2200, 1640, 2010, 460, 4860, 70, 80, 70, 80, 70, 80, 70, 70, 80, 80, 1390, 2350, 2350, 1390, 1390, 2350, 2350, 1390, 2350, 1390, 110, 110, 110, 110, 110, 990, 990, 990, 990, 990, 10, 10, 13420, 13420, 3980, 13420, 10, 13420, 10, 10, 13420, 60, 60, 60, 60, 60, 290, 150, 520, 520, 520, 520, 520, 1070, 180, 950, 180, 950, 180, 950, 950, 180, 950, 180, 68370, 10440, 190, 68370, 190, 10440, 190, 68370, 10440, 68370, 10440, 190, 68370, 10440, 190, 30, 5510, 110, 2040, 1140, 140, 1140, 1140, 1140, 1140, 80, 2890, 80, 80, 80, 80, 160, 670, 160, 670, 160, 670, 160, 670, 160, 670, 52980, 120, 120, 120, 120, 120, 140, 140, 140, 140, 140, 990, 810, 810, 810, 810, 810, 50, 160, 260, 50, 50, 50, 50, 260, 50, 20, 20, 20, 20, 20, 260, 260, 260, 260, 260, 2220, 1010, 1010, 1010, 1010, 1010, 1680, 30, 30, 30, 3450, 30, 1680, 1680, 30, 1680, 1680, 3480, 1220, 1220, 3480, 3480, 1220, 3480, 1220, 3480, 1220, 10, 4990, 10, 4990, 10, 10, 2330, 4990, 2330, 4990, 2330, 2330, 4990, 10, 121110, 970, 970, 2330, 970, 970, 970, 230, 190, 8910, 8910, 190, 190, 8910, 1610, 8910, 230, 8910, 190, 230, 230, 190, 230, 110, 110, 110, 110, 110, 1120, 1120, 1120, 1120, 26240, 1120, 0, 0, 0, 0, 0, 0, 0, 780, 890, 890, 50, 50, 50, 50, 50, 2200, 170, 170, 170, 2200, 170, 2200, 170, 2200, 2200, 270, 270, 270, 270, 270, 210, 4360, 4360, 4360, 210, 4360, 210, 210, 210, 4360, 1620, 1620, 1620, 1620, 1620, 850, 80, 10, 0, 10, 0, 0, 10, 10, 0, 10, 0, 1270, 1270, 1270, 1270, 1270, 2000, 1470, 750, 1540, 750, 750, 2000, 1470, 1540, 750, 2000, 2000, 1540, 750, 2000, 1540, 1540, 130, 130, 130, 130, 130, 1100, 1850, 2270, 1850, 2270, 1850, 2270, 2270, 1850, 2270, 1850, 4040, 660, 440, 660, 4040, 660, 4040, 440, 440, 4040, 660, 660, 440, 440, 4040, 16990, 16990, 16990, 16990, 16990, 120, 120, 50, 680, 120, 120, 120, 20, 1500, 60, 1500, 120, 60, 60, 1500, 60, 120, 60, 1500, 120, 1500, 120, 120, 4880, 4880, 2420, 10, 30, 10, 10, 10, 30, 30, 30, 30, 10, 860, 860, 860, 860, 860, 1500, 1500, 1500, 1500, 1500, 660, 660, 240, 660, 240, 240, 660, 240, 240, 660, 90, 990, 60, 990, 90, 90, 60, 990, 90, 990, 990, 90, 6430, 2650, 2650, 2650, 2650, 2650, 600, 600, 600, 600, 600, 1280, 2480, 2480, 1280, 1280, 2480, 1280, 2480, 1280, 2480, 270, 270, 270, 270, 270, 100, 180, 70, 100, 100, 70, 70, 8550, 1780, 100, 70, 100, 70, 100, 1000, 30, 2280, 750, 3830, 750, 3830, 3830, 3830, 750, 750, 750, 3830, 50, 900, 20, 20, 20, 20, 20, 350, 40, 4250, 40, 320, 40, 40, 40, 1080, 24280, 0, 0, 0, 0, 0, 10, 80, 80, 10, 80, 10, 80, 80, 10, 10, 9680, 720, 720, 9680, 9680, 720, 720, 9680, 720, 9680, 3210, 3210, 3210, 3210, 3210, 4990, 4760, 60, 640, 10, 10, 60, 640, 10, 60, 640, 60, 10, 10, 640, 640, 60, 6350, 60, 6350, 60, 6350, 6350, 160, 60, 60, 6350, 160, 160, 60, 160, 160, 11590, 2000, 11590, 2000, 11590, 2000, 2000, 100, 11590, 2000, 11590, 190, 790, 790, 790, 790, 790, 11250, 190, 190, 190, 190, 190, 180, 4990, 3020, 4990, 40, 40, 4990, 3020, 4990, 4990, 40, 3020, 3020, 40, 40, 3020, 60, 20, 210, 20, 20, 20, 20, 1030, 40, 40, 1030, 40, 40, 40, 4220, 470, 3240, 21240, 10, 10, 3240, 21240, 10, 21240, 21240, 10, 3240, 10, 3240, 21240, 3240, 21110, 6150, 2340, 6150, 2340, 21110, 2340, 21110, 6150, 2340, 21110, 6150, 2340, 21110, 6150, 1620, 1620, 1710, 7100, 3300, 60, 3300, 3300, 3300, 3300, 40, 2320, 40, 2320, 2320, 40, 40, 2320, 40, 2320, 2680, 21110, 990, 2680, 2330, 120, 710, 120, 2330, 710, 2330, 710, 2330, 710, 120, 710, 120, 2330, 120, 100, 100, 100, 100, 100, 1710, 3150, 3150, 1710, 3150, 1710, 3150, 3150, 1710, 1710, 190, 190, 190, 190, 190, 910, 270, 270, 910, 270, 910, 270, 910, 270, 910, 260, 150, 30, 150, 150, 150, 150, 2700, 12070, 12070, 12070, 12070, 12070, 70, 70, 70, 70, 70, 1480, 1480, 710, 910, 910, 910, 910, 910, 3050, 19640, 19640, 3050, 3050, 19640, 3050, 19640, 3050, 19640, 80, 4040, 620, 620, 620, 620, 620, 170, 170, 170, 170, 170, 20, 20, 60, 2600, 20, 60, 20, 60, 20, 20, 60, 60, 16180, 5520, 160, 160, 16180, 600, 1580, 160, 160, 16180, 160, 16180, 16180, 260, 260, 11980, 3620, 260, 260, 11980, 3620, 11980, 3620, 260, 3620, 11980, 3620, 11980, 110, 30, 1190, 110, 1190, 30, 1190, 30, 1190, 30, 1190, 30, 40, 4090, 3680, 1710, 3680, 3680, 1270, 3680, 3680, 3080, 3080, 11980, 3080, 11980, 11980, 240, 3080, 11980, 11980, 3080, 1300, 1300, 1300, 1300, 1300, 11980, 180, 2160, 2160, 90, 2160, 2160, 90, 90, 90, 2160, 90, 4880, 4880, 4880, 4880, 4880, 10460, 10460, 300, 10460, 10460, 10460, 70, 3060, 4700, 530, 530, 530, 4700, 4700, 530, 4700, 4700, 530, 30, 750, 10, 1040, 1040, 1040, 1040, 1040, 560, 170, 560, 170, 170, 560, 170, 170, 560, 170, 560, 290, 9910, 9910, 9910, 9910, 9910, 8290, 80, 0, 8290, 80, 70, 8290, 8290, 80, 80, 8290, 80, 0, 990, 40, 10, 10, 10, 10, 10, 360, 4600, 290, 290, 4600, 290, 290, 290, 220, 200, 200, 220, 200, 220, 220, 220, 200, 200, 1480, 2660, 2660, 340, 340, 80, 340, 340, 340, 5780, 1380, 40, 40, 1380, 40, 40, 40, 1130, 1970, 1970, 1970, 1970, 1970, 20, 1350, 1350, 1350, 1350, 1350, 80, 4990, 4990, 80, 4990, 80, 4990, 80, 80, 220, 170, 1960, 1960, 1960, 1960, 1960, 80, 360, 360, 360, 360, 360, 90, 90, 90, 90, 90, 1080, 840, 4090, 200, 530, 200, 200, 530, 200, 4090, 530, 4090, 200, 4090, 530, 4090, 530, 480, 490, 40, 490, 490, 40, 100, 40, 490, 40, 490, 40, 4050, 720, 720, 720, 720, 720, 3270, 750, 11750, 260, 260, 11750, 11750, 260, 11750, 260, 11750, 260, 20, 20, 20, 20, 20, 410, 40, 40, 40, 500, 410, 410, 40, 40, 410, 2900, 29400, 29400, 29400, 29400, 29400, 800, 800, 800, 800, 800, 100, 11750, 240, 100, 240, 240, 100, 240, 100, 240, 100, 20, 20, 20, 20, 20, 3390, 6170, 40, 90, 3490, 3490, 2330, 2330, 3490, 90, 90, 2330, 90, 2330, 3490, 90, 2330, 3490, 90, 100, 87850, 87850, 90, 87850, 87850, 87850, 18820, 18820, 18820, 18820, 18820, 4180, 4180, 4180, 4180, 4180, 110, 4350, 60, 60, 60, 4350, 60, 4350, 60, 4350, 4350, 3020, 80, 0, 0, 0, 0, 0, 40, 10, 200, 10, 200, 200, 10, 40, 10, 10, 200, 200, 100, 100, 100, 100, 100, 20, 20, 20, 20, 20, 940, 470, 940, 470, 470, 470, 470, 940, 940, 940, 2620, 2620, 5500, 1320, 2620, 2620, 2620, 40, 40, 20, 40, 20, 40, 40, 20, 20, 20, 1120, 60, 5760, 60, 60, 60, 60, 1960, 490, 490, 490, 490, 490, 3730, 10, 350, 350, 350, 350, 350, 40, 3340, 49210, 49210, 1140, 1140, 1140, 49210, 1140, 49210, 49210, 1140, 80, 1770, 80, 80, 560, 80, 80, 122280, 80, 80, 122280, 122280, 80, 80, 80, 122280, 122280, 50, 140, 50, 140, 50, 140, 50, 140, 50, 140, 440, 250, 1530, 3290, 2640, 3290, 3290, 3290, 3290, 260, 7880, 180, 180, 180, 220, 180, 180, 1720, 1720, 1720, 1720, 1720, 270, 2600, 60, 7620, 60, 60, 60, 7620, 60, 3480, 260, 480, 110, 2830, 2830, 2830, 2830, 2830, 400, 3700, 3700, 700, 700, 700, 700, 700, 2760, 2760, 2760, 2760, 2760, 64910, 140, 1140, 30, 30, 30, 30, 30, 100, 890, 8870, 890, 8870, 890, 8870, 890, 8870, 890, 8870, 130, 310, 310, 310, 310, 310, 2600, 2600, 2600, 2600, 2600, 1430, 600, 20, 20, 20, 20, 20, 640, 1050, 640, 1050, 640, 640, 1050, 640, 1050, 1050, 210, 10, 10, 10, 10, 10, 580, 4450, 350, 40, 620, 40, 350, 350, 40, 620, 350, 620, 350, 40, 40, 620, 940, 620, 540, 750, 750, 750, 750, 750]"
2020-11-03 18:50:00+00:00,3352730,0,1184.0,"[360, 300, 360, 360, 360, 360, 220, 220, 220, 220, 220, 110, 700, 900, 900, 900, 900, 900, 4910, 4910, 4910, 4910, 4910, 60620, 30, 30, 60620, 60620, 60620, 30, 60620, 30, 30, 480, 480, 480, 480, 480, 19730, 100, 19730, 100, 100, 100, 19730, 100, 19730, 19730, 890, 890, 890, 890, 890, 5680, 210, 5680, 5680, 210, 5680, 210, 210, 5680, 210, 640, 21270, 810, 810, 810, 810, 810, 2930, 2470, 2470, 2470, 2470, 2470, 330, 50, 120, 50, 50, 50, 50, 300, 5230, 5230, 5230, 5230, 5230, 70, 220, 220, 750, 220, 70, 70, 70, 220, 70, 220, 13320, 13320, 13320, 13320, 13320, 80, 80, 80, 80, 80, 270, 3870, 270, 2260, 3340, 3420, 3340, 3420, 3420, 3420, 3340, 3340, 3420, 3340, 110, 80, 80, 80, 80, 80, 660, 3660, 5750, 670, 670, 670, 670, 670, 3390, 87850, 87850, 87850, 3390, 87850, 3390, 87850, 3390, 3390, 4700, 5280, 5280, 900, 900, 900, 3970, 900, 900, 1250, 1250, 1250, 1250, 1250, 100, 600, 100, 3570, 3570, 540, 3570, 3570, 100, 3570, 5280, 2260, 5280, 2260, 2260, 2260, 2260, 200, 20, 3690, 200, 3690, 200, 3690, 200, 20, 3690, 20, 20, 200, 20, 3690, 1760, 80, 1760, 1760, 80, 1760, 80, 80, 1760, 80, 2990, 3450, 3450, 3450, 3450, 3450, 10, 10, 10, 10, 10, 150, 150, 150, 150, 150, 6500, 140, 140, 140, 140, 140, 120, 120, 120, 120, 120, 480, 0, 480, 480, 480, 480, 70, 900, 1750, 1750, 70, 900, 1750, 900, 70, 900, 1750, 900, 1750, 70, 70, 5620, 0, 190, 5620, 190, 0, 5620, 190, 190, 5620, 0, 5620, 0, 0, 190, 190, 130, 190, 190, 190, 190, 14850, 150, 150, 150, 150, 150, 530, 2470, 10, 2470, 10, 2470, 10, 2470, 10, 2470, 10, 4280, 4280, 2330, 4280, 2330, 4280, 2330, 2330, 4280, 2330, 500, 500, 500, 500, 500, 510, 3490, 650, 650, 3640, 650, 510, 3490, 3640, 510, 3640, 510, 650, 3490, 3640, 510, 650, 3490, 3640, 3490, 30, 30, 260, 30, 20, 20, 20, 20, 20, 350, 30, 30, 30, 30, 30, 160, 190, 810, 20, 160, 20, 160, 20, 160, 20, 20, 160, 860, 480, 1140, 1140, 50, 50, 910, 1140, 50, 910, 50, 910, 50, 910, 1140, 1140, 910, 20, 20, 20, 20, 20, 170, 10, 10, 40, 40, 40, 40, 40, 37280, 6650, 6650, 6650, 6650, 6650, 260, 260, 240, 2210, 280, 30, 280, 80, 80, 80, 80, 30, 30, 280, 30, 280, 30, 280, 80, 40, 11720, 440, 440, 440, 440, 440, 5280, 30, 30, 5040, 5040, 30, 5040, 30, 5040, 30, 5040, 150, 1080, 1080, 1080, 1080, 1080, 30, 250, 5280, 210, 1200, 1030, 1030, 1390, 5500, 5500, 5500, 10, 5500, 5500, 260, 1200, 500, 500, 500, 500, 500, 4050, 1350, 0, 4050, 2760, 1350, 4050, 0, 1350, 1350, 4050, 1350, 4050, 0, 0, 150, 0, 10, 90, 90, 90, 90, 90, 700, 40, 100, 2690, 40, 2690, 700, 40, 100, 100, 700, 40, 700, 100, 2690, 40, 2690, 700, 100, 2690, 2670, 160, 360, 2670, 160, 160, 160, 160, 190, 1060, 1060, 2440, 30, 30, 30, 30, 30, 330, 330, 330, 330, 330, 210, 240, 40, 240, 640, 290, 290, 7300, 7300, 210, 7300, 7300, 7300, 6220, 1500, 6220, 6220, 1500, 6220, 6220, 180, 30, 30, 30, 30, 30, 720, 80, 720, 720, 80, 80, 720, 80, 720, 80, 4100, 4100, 4100, 4100, 4100, 60, 60, 100, 60, 60, 60, 80, 80, 80, 80, 80, 4920, 4920, 4920, 4920, 4920, 0, 0, 0, 0, 0, 370, 370, 900, 900, 900, 900, 900, 1090, 1120, 1120, 1120, 1120, 1120, 0, 520, 110, 520, 40, 40, 40, 40, 40, 4880, 0, 0, 0, 0, 0, 1030, 3750, 40, 7550, 12500, 10, 10, 10, 10, 12500, 10, 12500, 12500, 12500, 1490, 4110, 2540, 2040, 2040, 2540, 2540, 4110, 2040, 2540, 2040, 2540, 2040, 130, 4220, 4220, 4220, 4220, 4220, 250, 2600, 1900, 1900, 250, 1900, 250, 250, 1900, 250, 1900, 3250, 3250, 3250, 3250, 3250, 30, 80, 30, 30, 30, 30, 260, 260, 260, 260, 260, 180, 180, 180, 180, 180, 0, 0, 0, 0, 0, 0, 0, 0, 0, 0, 430, 430, 50, 50, 430, 50, 430, 50, 430, 50, 10, 160, 14290, 14290, 14290, 440, 160, 14290, 160, 14290, 160, 160, 1260, 40, 810, 400, 810, 6760, 960, 10, 1920, 960, 10, 960, 10, 10, 960, 960, 10, 3100, 50, 50, 3100, 50, 3100, 50, 3100, 50, 3100, 700, 700, 700, 700, 700, 1470, 0, 3420, 440, 3420, 3420, 3420, 440, 3420, 2680, 4050, 770, 660, 660, 660, 660, 660, 420, 420, 420, 420, 420, 2040, 260, 35170, 260, 350, 650, 650, 650, 650, 650, 1010, 180, 2460, 2460, 2460, 180, 2460, 2460, 150, 150, 150, 150, 150, 3700, 3700, 3700, 3700, 3700, 1290, 1190, 1190, 1190, 1190, 1190, 3060, 20260, 1040, 20260, 2040, 2990, 1190, 2990, 2990, 1190, 2990, 2990, 1190, 1190, 1190, 60, 270, 270, 3000, 270, 270, 270, 90, 90, 440, 90, 90, 90, 60, 60, 60, 300, 60, 60, 120, 120, 120, 10, 120, 120, 1490, 1490, 1490, 1490, 1490, 20, 20, 20, 20, 20, 260, 260, 260, 260, 260, 100, 60, 60, 970, 140, 880, 140, 970, 140, 970, 880, 880, 970, 880, 970, 140, 880, 140, 270, 270, 270, 270, 270, 490, 490, 490, 490, 490, 10, 10, 10, 10, 10, 390, 390, 390, 2520, 1280, 2520, 390, 2520, 1280, 1280, 1280, 2520, 1280, 2520, 390, 580, 580, 580, 580, 580, 17440, 2110, 5900, 5900, 2110, 2110, 5900, 2110, 2110, 5900, 5900, 10, 10, 13700, 340, 13700, 340, 340, 340, 13700, 340, 13700, 13700, 340, 340, 340, 340, 340, 10, 10, 130, 130, 10, 2330, 130, 10, 2330, 130, 130, 2330, 2330, 2330, 10, 1620, 0, 0, 0, 0, 0, 30, 30, 30, 30, 30, 30, 1780, 10, 10, 10, 80, 1780, 1780, 10, 1780, 1780, 10, 3090, 910, 62590, 62590, 62590, 910, 910, 62590, 910, 910, 62590, 2020, 0, 0, 400, 0, 0, 0, 420, 470, 720, 3980, 7100, 7740, 10, 10, 10, 10, 10, 10, 10, 10, 10, 10, 670, 10, 1020, 670, 670, 10, 1020, 1020, 670, 10, 1020, 670, 10, 10, 1020, 8270, 120, 3540, 9320, 9320, 9320, 9320, 9320, 810, 810, 810, 810, 810, 170, 170, 170, 170, 170, 3050, 3050, 3050, 3050, 3050, 1450, 1450, 1450, 1450, 1450, 0, 720, 720, 720, 720, 0, 720, 420, 40, 1240, 1240, 1240, 660, 1240, 1240, 350, 350, 350, 350, 350, 32420, 3570, 110, 0, 720, 1560, 720, 720, 720, 720, 10, 280, 470, 470, 4060, 4060, 4060, 4060, 4060, 60, 60, 1690, 1690, 1690, 1690, 3700, 1690, 1500, 3080, 3080, 19390, 19390, 19390, 3080, 3080, 3080, 19390, 19390, 900, 900, 900, 900, 900, 4810, 350, 710, 40, 610, 710, 710, 40, 610, 610, 40, 40, 710, 710, 40, 610, 610, 440, 360, 440, 440, 440, 440, 480, 3190, 3190, 3190, 3190, 3190, 290, 20, 2230, 20, 3540, 3540, 3540, 3540, 3540, 870, 14290, 10, 14290, 14290, 10, 14290, 14290, 920, 920, 920, 920, 920, 1510, 880, 880, 880, 880, 880, 4200, 4200, 4200, 4200, 4200, 6840, 10, 1440, 1550, 87970, 950, 1550, 950, 1550, 1550, 950, 950, 1550, 950, 360, 80]"
2020-11-03 18:55:00+00:00,2464640,0,929.0,"[60, 60, 60, 60, 60, 1280, 9430, 3830, 3830, 3140, 3140, 3140, 3140, 3140, 130, 230, 790, 60, 60, 790, 60, 60, 790, 60, 790, 790, 1470, 1470, 1470, 1470, 1470, 50, 50, 50, 50, 50, 1940, 130, 970, 8760, 300, 4460, 300, 4460, 300, 4460, 4460, 300, 4460, 300, 20, 40, 40, 71300, 40, 40, 40, 140, 140, 1800, 140, 1800, 1800, 140, 1800, 140, 1800, 250, 7540, 250, 7540, 7540, 250, 7540, 250, 250, 7540, 150, 150, 150, 150, 150, 780, 3060, 3060, 3060, 3060, 3060, 520, 520, 520, 250, 520, 250, 520, 250, 250, 250, 10, 10, 10, 10, 10, 560, 3000, 30, 60, 70, 70, 70, 70, 70, 3050, 3050, 3050, 460, 460, 3050, 460, 460, 3050, 460, 360, 60, 70, 70, 70, 60, 60, 70, 70, 60, 60, 16630, 9310, 20, 380, 20, 9310, 9310, 380, 20, 380, 20, 380, 380, 20, 9310, 9310, 80, 80, 80, 80, 80, 340, 340, 340, 340, 340, 630, 630, 630, 630, 630, 770, 770, 770, 770, 770, 11300, 24500, 24500, 20, 20, 20, 20, 20, 3920, 4210, 100, 140, 10, 10, 10, 10, 10, 1750, 3550, 510, 510, 510, 510, 510, 5090, 160, 5090, 20, 5090, 5090, 20, 20, 90, 160, 5090, 20, 20, 0, 1070, 1240, 1240, 1240, 1240, 1240, 830, 830, 830, 830, 830, 8660, 8660, 8660, 8660, 8660, 14850, 14850, 14850, 14850, 14850, 1690, 380, 1690, 380, 1690, 380, 1690, 380, 1690, 380, 10, 1700, 1410, 710, 1280, 300, 170, 170, 170, 170, 170, 3980, 250, 250, 3980, 250, 3980, 250, 3980, 250, 3980, 12630, 130, 130, 130, 130, 130, 60, 20, 20, 20, 710, 20, 20, 350, 10, 640, 60, 640, 480, 480, 480, 480, 480, 80, 1750, 80, 80, 80, 80, 4660, 930, 1500, 1500, 1500, 930, 930, 1500, 930, 930, 1500, 430, 430, 1280, 1280, 1280, 360, 1280, 1280, 920, 920, 920, 920, 920, 6620, 450, 100, 100, 450, 100, 100, 450, 100, 450, 450, 430, 430, 430, 430, 50, 430, 4540, 4540, 4540, 4540, 4540, 180, 180, 180, 180, 180, 2520, 2520, 2520, 2520, 2520, 1710, 70, 2270, 70, 2270, 2270, 70, 2270, 70, 70, 2270, 60, 60, 60, 60, 60, 110, 110, 0, 260, 260, 260, 260, 260, 3480, 180, 180, 110, 180, 110, 110, 180, 110, 180, 940, 940, 0, 940, 940, 940, 530, 180, 530, 530, 530, 530, 210, 210, 210, 210, 210, 4010, 220, 4010, 150, 60, 60, 60, 60, 60, 420, 420, 420, 420, 420, 0, 0, 0, 0, 0, 560, 1200, 1200, 400, 1200, 1200, 1200, 30, 30, 30, 1360, 150, 21460, 21460, 21460, 21460, 21460, 6470, 6470, 6470, 6470, 6470, 6560, 33080, 370, 370, 370, 370, 370, 340, 530, 340, 340, 340, 340, 430, 850, 1170, 3040, 3040, 850, 3040, 850, 1170, 3040, 850, 1170, 1170, 1170, 850, 3040, 12610, 40, 40, 270, 1360, 1360, 4910, 23130, 1360, 4910, 1360, 1360, 330, 330, 330, 330, 330, 3640, 1030, 1030, 1030, 1030, 1030, 80, 80, 80, 80, 80, 1250, 1250, 1250, 1250, 1250, 1590, 10630, 1590, 10630, 10630, 1590, 10630, 410, 1590, 1590, 10630, 550, 510, 510, 510, 510, 550, 550, 550, 510, 550, 2670, 50, 50, 50, 50, 50, 2720, 10, 10, 10, 10, 10, 210, 210, 210, 210, 210, 8170, 190, 190, 190, 0, 190, 190, 220, 10, 140, 100, 140, 100, 100, 140, 100, 140, 220, 220, 220, 140, 100, 220, 4290, 1630, 4290, 1630, 4290, 1630, 4290, 1630, 4290, 1630, 120, 140, 140, 140, 140, 140, 2760, 2760, 2760, 2760, 2760, 2500, 1980, 1980, 1980, 2500, 1980, 2500, 2500, 1980, 2500, 550, 550, 550, 550, 550, 3690, 210, 210, 210, 210, 210, 3380, 3380, 60, 3380, 3380, 3380, 0, 310, 310, 310, 310, 310, 70, 4690, 4690, 4690, 4690, 4690, 3620, 3620, 3620, 3620, 3620, 10, 10, 10, 10, 10, 470, 470, 470, 470, 470, 300, 300, 300, 300, 300, 380, 1080, 380, 380, 1080, 7550, 380, 1080, 380, 1080, 1080, 200, 310, 310, 310, 310, 310, 60, 1350, 60, 1350, 60, 1350, 120, 1350, 60, 1350, 60, 59830, 370, 0, 140, 140, 140, 140, 140, 270, 3740, 29680, 29680, 29680, 29680, 29680, 6560, 470, 470, 470, 470, 470, 3160, 320, 320, 320, 320, 320, 290, 290, 290, 290, 290, 240, 240, 240, 240, 240, 200, 11210, 200, 11210, 200, 11210, 11210, 200, 11210, 200, 3060, 14550, 14550, 14550, 14550, 14550, 4460, 4460, 4460, 4460, 4460, 40, 720, 40, 720, 720, 720, 720, 40, 40, 40, 10, 1860, 850, 850, 10, 1860, 850, 1860, 10, 10, 850, 1860, 850, 10, 1860, 1770, 4190, 4190, 4190, 2060, 4190, 4190, 7550, 390, 800, 390, 800, 800, 800, 800, 630, 630, 340, 630, 340, 340, 340, 630, 340, 630, 7360, 880, 10, 650, 650, 650, 650, 650, 40, 40, 40, 40, 40, 920, 10, 10, 10, 920, 920, 10, 10, 920, 920, 4020, 7030, 4020, 4020, 4020, 7030, 7030, 4020, 7030, 7030, 10, 2520, 280, 2520, 2520, 2520, 2520, 210, 50480, 50480, 50480, 50480, 50480, 930, 30, 30, 30, 30, 30, 2700, 880, 880, 880, 880, 880, 840, 840, 840, 840, 840, 6060, 230, 6060, 230, 6060, 230, 6060, 230, 6060, 230, 2620, 2620, 2620, 2620, 2620, 80, 2400, 2400, 2400, 2400, 2400, 6920, 30, 6920, 6820, 6920, 6920, 6920, 360, 190, 360, 360, 360, 190, 190, 190, 360, 190, 380, 380, 460, 40, 380, 380, 380, 20, 52270, 52270, 52270, 52270, 52270, 40, 290, 40, 80, 80, 80, 80, 80, 40, 40, 40, 40, 40, 80, 80, 80, 80, 80, 1810, 1810, 1810, 1810, 1810, 11370, 120, 0, 0, 0, 120, 0, 0, 510, 10, 890, 890, 890, 890, 890, 50, 19110]"
2020-11-03 19:00:00+00:00,2174390,0,967.0,"[370, 2250, 70, 130, 130, 8390, 8390, 8390, 8390, 8390, 80, 0, 150, 2600, 2600, 1240, 1240, 1240, 1240, 1240, 620, 510, 510, 510, 510, 510, 30, 30, 9260, 30, 30, 30, 200, 7290, 12610, 12610, 12610, 12610, 12610, 280, 40, 130, 130, 40, 130, 40, 40, 130, 130, 40, 10720, 130, 2920, 2920, 2920, 130, 2920, 130, 2920, 130, 130, 90, 50, 90, 90, 90, 50, 50, 50, 90, 50, 490, 70, 70, 70, 490, 510, 70, 70, 3290, 250, 3290, 3290, 3290, 3290, 160, 1190, 1710, 160, 650, 1190, 160, 160, 1190, 160, 1190, 1190, 90, 40, 10, 10, 10, 10, 40, 40, 10, 40, 40, 130, 130, 130, 130, 130, 360, 360, 360, 360, 360, 40, 90, 90, 90, 90, 90, 3160, 40, 40, 3160, 40, 40, 3160, 3160, 40, 3160, 40, 40, 40, 40, 40, 150, 780, 10, 10, 10, 10, 10, 42160, 0, 42160, 42160, 42160, 42160, 360, 80, 80, 80, 80, 80, 30, 30, 30, 30, 30, 3770, 200, 1000, 1000, 1000, 1000, 1000, 3870, 330, 3870, 3870, 3870, 3870, 4470, 20, 20, 20, 4470, 20, 4470, 20, 4470, 4470, 2780, 470, 470, 22190, 22190, 470, 22190, 470, 470, 22190, 150, 22190, 410, 340, 510, 340, 510, 340, 340, 340, 510, 510, 510, 100, 100, 100, 100, 100, 3360, 2980, 3360, 2980, 3360, 2980, 3360, 2980, 3360, 2980, 20, 20, 20, 20, 20, 100, 2240, 2240, 2240, 100, 2240, 100, 100, 2240, 100, 17520, 17520, 17520, 17520, 17520, 30, 760, 50, 530, 530, 530, 30, 50, 30, 30, 30, 530, 530, 4240, 3290, 3290, 3290, 3290, 3290, 140, 140, 170, 120, 950, 120, 950, 950, 120, 120, 950, 950, 120, 3060, 760, 890, 890, 890, 890, 890, 5030, 3320, 12060, 3300, 3320, 3320, 3300, 3320, 12060, 3320, 12060, 3300, 12060, 3300, 3300, 12060, 3290, 560, 290, 600, 600, 600, 560, 600, 600, 260, 90, 90, 90, 90, 90, 160, 160, 160, 160, 410, 4840, 410, 490, 410, 410, 410, 4810, 4810, 980, 4810, 4810, 4810, 0, 0, 0, 0, 0, 530, 530, 530, 530, 530, 1490, 2780, 30, 30, 30, 30, 30, 560, 220, 100, 4960, 4960, 4960, 4960, 4960, 180, 180, 1810, 180, 180, 180, 240, 700, 240, 700, 700, 700, 240, 700, 240, 240, 1950, 580, 2080, 2080, 2080, 2080, 2080, 220, 220, 220, 220, 220, 20, 20, 0, 0, 0, 0, 0, 40, 30, 40, 40, 40, 40, 70, 270, 270, 270, 270, 70, 270, 2540, 6260, 640, 640, 640, 640, 640, 2290, 900, 6210, 160, 160, 160, 160, 160, 390, 760, 150, 60, 60, 0, 0, 6800, 6800, 6800, 6800, 6800, 230, 930, 620, 620, 620, 620, 620, 1320, 11530, 1320, 1320, 1320, 1320, 1900, 150, 2180, 150, 150, 150, 150, 100, 100, 100, 100, 100, 350, 1810, 1810, 1810, 1810, 1810, 0, 2610, 190, 190, 760, 760, 190, 0, 760, 760, 2610, 0, 190, 0, 190, 760, 0, 230, 2840, 2840, 2840, 2840, 2840, 3440, 150, 3440, 3440, 3440, 3440, 700, 760, 700, 700, 700, 700, 130, 1650, 750, 1650, 1650, 1650, 1650, 1780, 500, 500, 1780, 500, 1780, 1780, 1780, 500, 500, 10, 10, 10, 10, 10, 3490, 370, 990, 3820, 80, 1940, 80, 80, 80, 1940, 80, 3470, 3470, 3470, 3470, 3470, 16750, 260, 260, 260, 260, 260, 90, 410, 90, 90, 410, 410, 90, 410, 410, 90, 500, 2000, 2000, 2000, 2000, 2000, 14550, 350, 260, 260, 260, 260, 260, 30, 3450, 30, 30, 30, 30, 2570, 2570, 2570, 2570, 2570, 950, 150, 150, 150, 150, 150, 1220, 1750, 7120, 3580, 7120, 3580, 7120, 7120, 7120, 3580, 3580, 3580, 0, 0, 0, 0, 0, 0, 730, 2170, 1450, 1450, 1450, 1450, 1450, 460, 460, 14550, 460, 460, 460, 4420, 4420, 4420, 4420, 4420, 570, 660, 1320, 1320, 1320, 1320, 1320, 510, 510, 510, 510, 510, 60, 60, 670, 60, 60, 60, 10110, 7540, 10110, 7540, 10110, 7540, 10110, 7540, 10110, 7540, 4530, 80, 80, 80, 80, 80, 90, 90, 90, 90, 90, 50, 2800, 2800, 2800, 2800, 2800, 1830, 1830, 1830, 1830, 1830, 1270, 0, 1270, 0, 0, 1270, 1270, 0, 1270, 0, 28460, 830, 40, 830, 28460, 830, 40, 40, 28460, 830, 28460, 40, 830, 40, 28460, 50, 50, 50, 50, 50, 1490, 370, 34570, 34570, 2920, 34570, 370, 34570, 34570, 370, 370, 370, 270, 1140, 1140, 1140, 1140, 1140, 90, 90, 90, 90, 90, 260, 3040, 3040, 3040, 3040, 3040, 240, 120, 120, 120, 120, 120, 20, 20, 20, 20, 20, 1650, 120, 1650, 1650, 1650, 1650, 3090, 520, 520, 520, 520, 520, 700, 700, 700, 700, 700, 0, 0, 0, 0, 0, 1920, 1920, 1920, 170, 1920, 1920, 20, 20, 20, 100, 20, 20, 4790, 90, 90, 90, 90, 4790, 90, 440, 440, 440, 440, 440, 1430, 1430, 1890, 1450, 10, 10, 3020, 10, 10, 10, 810, 810, 1270, 810, 1270, 1270, 1270, 810, 1270, 810, 60, 4900, 4900, 150, 150, 80, 4900, 150, 4900, 150, 150, 4900, 100, 1210, 1210, 120, 1210, 1210, 1210, 1740, 1740, 1740, 1740, 1740, 320, 3390, 320, 3390, 320, 320, 320, 3390, 3390, 3390, 300, 2370, 530, 15350, 810, 410, 810, 810, 410, 810, 410, 15350, 810, 410, 15350, 15350, 410, 15350, 830, 510, 830, 830, 830, 830, 30, 0, 1610, 1610, 1610, 1610, 1610, 0, 460, 460, 530, 840, 100, 150, 150, 100, 150, 100, 150, 40, 150, 100, 100, 110, 1390, 110, 1390, 110, 1390, 1390, 110, 1390, 110, 1250, 1440, 420, 420, 6890, 420, 420, 420, 6890, 6890, 6890, 6890, 110, 110, 110, 110, 110, 380, 320, 320, 1390, 7130, 7130, 7130, 7130, 7130, 800, 7130, 7130, 800, 1970, 7130, 1970, 1970, 7130, 1970, 7130, 1970, 240, 240, 240, 240, 240, 480, 520, 1320, 0, 0, 0, 520, 0, 1320, 0, 3380, 20, 20, 20, 20, 20, 50, 50, 50, 50, 50, 20, 250, 230, 230, 250, 20, 20, 20, 20]"
2020-11-03 19:05:00+00:00,1330220,0,856.0,"[1780, 1780, 40, 40, 1780, 40, 1780, 40, 1780, 40, 700, 700, 700, 700, 700, 15230, 15230, 190, 90, 90, 190, 90, 190, 90, 190, 90, 190, 110, 110, 70, 70, 70, 70, 70, 460, 460, 620, 20, 20, 20, 20, 20, 40, 40, 40, 40, 40, 20, 70, 20, 20, 20, 70, 70, 70, 20, 70, 90, 90, 90, 90, 90, 500, 500, 500, 500, 500, 120, 6500, 150, 150, 150, 10, 150, 150, 410, 410, 410, 410, 410, 90, 100, 90, 10, 110, 110, 110, 110, 110, 90, 8540, 590, 590, 8540, 590, 590, 590, 210, 740, 740, 40, 40, 40, 40, 40, 1240, 30, 30, 500, 30, 30, 30, 1070, 5170, 5170, 5170, 5170, 5170, 70, 130, 3180, 3180, 3180, 3180, 3180, 220, 2810, 2810, 2810, 2810, 2810, 1320, 1280, 940, 1280, 1280, 940, 1280, 940, 940, 1280, 940, 80, 80, 4040, 40, 4040, 40, 40, 40, 40, 350, 350, 350, 350, 350, 2310, 2310, 2310, 2310, 2310, 270, 90, 760, 2640, 2640, 2640, 2640, 2640, 10, 40, 40, 40, 40, 40, 1630, 640, 640, 640, 640, 640, 0, 0, 0, 0, 0, 100, 100, 100, 100, 100, 530, 530, 530, 530, 530, 440, 440, 440, 440, 440, 1190, 20, 20, 530, 20, 1190, 20, 5200, 1190, 1190, 20, 530, 1190, 530, 530, 530, 150, 150, 150, 150, 150, 140, 140, 140, 140, 140, 560, 360, 360, 360, 360, 360, 260, 260, 260, 260, 260, 0, 0, 0, 0, 0, 1490, 100, 30, 30, 30, 30, 30, 160, 160, 160, 160, 160, 11480, 11480, 11480, 11480, 11480, 60, 2560, 200, 200, 200, 200, 200, 1450, 220, 220, 1450, 1450, 220, 1450, 1450, 220, 3180, 220, 630, 630, 630, 630, 630, 140, 140, 140, 140, 140, 340, 250, 250, 250, 250, 250, 530, 5280, 5280, 5280, 5280, 5280, 40, 40, 40, 40, 40, 10, 0, 0, 10, 10, 0, 10, 0, 10, 0, 1200, 20, 250, 60, 60, 8660, 60, 60, 60, 610, 1640, 1640, 1640, 1640, 1640, 130, 60, 60, 60, 6340, 60, 60, 1300, 1300, 1300, 1300, 1300, 300, 1080, 1080, 2180, 1080, 1080, 1080, 190, 190, 190, 190, 190, 3130, 3180, 150, 40, 1490, 40, 1490, 1490, 40, 1490, 40, 1490, 40, 0, 0, 0, 0, 0, 1220, 1220, 1220, 1220, 1220, 2200, 2330, 1740, 1740, 1740, 1740, 1740, 130, 1780, 1780, 1780, 1780, 1780, 160, 1420, 300, 300, 300, 300, 300, 6400, 6400, 6400, 6400, 6400, 40, 80, 80, 80, 80, 80, 60, 60, 60, 60, 60, 5740, 0, 0, 0, 0, 0, 50, 50, 50, 50, 50, 260, 15330, 3990, 270, 270, 270, 270, 3990, 270, 20, 20, 20, 20, 20, 790, 790, 790, 790, 790, 1570, 1570, 1570, 1570, 1570, 510, 510, 510, 510, 510, 100, 110, 200, 110, 200, 200, 110, 200, 110, 110, 200, 2300, 2300, 2300, 2300, 2300, 20, 20, 20, 20, 20, 80, 80, 80, 80, 80, 130, 290, 130, 2050, 130, 130, 130, 450, 530, 300, 37640, 450, 530, 300, 530, 450, 300, 2000, 530, 300, 450, 530, 300, 2000, 450, 2000, 2000, 370, 370, 370, 370, 370, 3300, 3300, 10, 4460, 4460, 4460, 530, 4460, 4460, 18620, 1140, 1140, 1140, 1140, 1140, 270, 0, 0, 80, 80, 80, 80, 0, 0, 0, 80, 10, 10, 10, 10, 10, 4300, 4300, 4300, 4300, 4300, 530, 6340, 50, 50, 50, 50, 50, 1180, 270, 270, 270, 270, 270, 15340, 15340, 15340, 15340, 15340, 190, 1930, 20, 20, 20, 20, 20, 550, 550, 550, 550, 550, 210, 3040, 3040, 30, 3040, 30, 210, 30, 210, 3040, 30, 30, 210, 3040, 210, 960, 420, 420, 420, 420, 420, 5570, 10370, 10370, 10370, 10370, 10370, 10, 10, 10, 10, 10, 1860, 230, 230, 230, 230, 230, 2990, 2990, 2990, 2990, 2990, 650, 110, 3540, 3540, 3540, 3540, 3540, 1110, 1110, 1110, 1110, 1110, 5740, 5740, 5740, 5740, 5740, 80, 80, 80, 80, 80, 1030, 1030, 1030, 1030, 1030, 40, 120, 120, 120, 40, 120, 120, 40, 40, 40, 1470, 460, 360, 360, 360, 360, 360, 710, 710, 710, 710, 710, 1210, 430, 4010, 4010, 4010, 4010, 1080, 4010, 160, 160, 160, 160, 160, 40, 10, 5070, 5890, 5890, 210, 200, 200, 520, 370, 520, 520, 520, 520, 7290, 700, 700, 700, 700, 700, 4230, 2820, 2820, 2820, 1260, 2820, 2820, 10, 90, 2310, 2310, 2310, 90, 90, 90, 2310, 2310, 90, 10, 630, 140, 9300, 600, 600, 600, 600, 600, 120, 530, 530, 120, 530, 530, 120, 530, 120, 120, 90, 17180, 17180, 17180, 17180, 17180, 530, 340, 340, 340, 340, 340, 2320, 2320, 2320, 2320, 2320, 1220, 90, 500, 8220, 20, 20, 20, 20, 20, 2080, 2080, 2080, 2080, 2080, 10000, 10000, 10000, 10000, 10000, 0, 0, 0, 0, 0, 4090, 110, 4090, 3950, 110, 4090, 4090, 110, 4090, 110, 110, 20, 3170, 9300, 9300, 20, 9300, 20, 9300, 20, 20, 9300, 4640, 1270, 10, 10, 10, 10, 10, 430, 430, 10, 10, 430, 10, 430, 10, 10, 430, 1020, 1020, 1020, 1020, 1020, 5060, 5060, 310, 310, 310, 310, 310, 300, 1290, 1240, 20, 1240, 1240, 1240, 1240, 2880, 60, 10, 90, 360, 420, 420, 420, 420, 420, 10150, 10150, 10150, 10150, 10150, 2000, 20]"
2020-11-03 19:10:00+00:00,1919320,0,899.0,"[11840, 50, 50, 50, 50, 50, 1440, 1440, 1440, 1440, 1440, 110, 110, 110, 110, 110, 2550, 660, 160, 1130, 400, 20, 1130, 20, 400, 400, 1130, 20, 400, 20, 400, 1130, 20, 1130, 1210, 5300, 1550, 1330, 1330, 1550, 1330, 1550, 1330, 1550, 1550, 1330, 3040, 3040, 20, 1010, 24320, 1510, 1010, 1010, 1510, 24320, 1510, 1510, 24320, 1010, 24320, 1510, 24320, 1010, 14980, 0, 14980, 0, 14980, 0, 14980, 0, 14980, 0, 3590, 3590, 3590, 3590, 3590, 200, 200, 200, 200, 200, 60, 60, 60, 60, 60, 3260, 340, 22900, 2470, 14150, 340, 22900, 2470, 340, 2470, 22900, 14150, 2470, 2470, 22900, 340, 22900, 340, 760, 10340, 3400, 3400, 3400, 3400, 3400, 10, 0, 0, 0, 0, 0, 50, 2920, 3180, 3180, 2920, 3180, 3180, 2920, 3180, 2920, 2920, 0, 0, 0, 3590, 0, 0, 170, 170, 170, 170, 170, 2400, 2400, 2400, 2400, 2400, 40, 2600, 190, 110, 110, 190, 190, 110, 190, 190, 110, 110, 1710, 110, 0, 2390, 2390, 2390, 2390, 2390, 1820, 1820, 170, 320, 320, 320, 320, 320, 1540, 1540, 1540, 1540, 1540, 900, 900, 900, 900, 900, 80, 50, 50, 50, 50, 50, 1820, 1820, 1820, 1820, 1820, 1870, 1870, 1870, 1870, 1870, 30, 30, 30, 30, 30, 1340, 3520, 2380, 18180, 18180, 2380, 2380, 2380, 18180, 2380, 18180, 18180, 10, 10, 10, 10, 10, 6240, 6240, 6240, 6240, 6240, 120, 1770, 1770, 1770, 10190, 1770, 1770, 70, 70, 70, 70, 70, 10, 10, 6020, 10, 10, 10, 320, 2920, 1980, 1980, 2920, 1980, 320, 1980, 2920, 320, 320, 1980, 2920, 320, 2920, 1770, 1770, 1770, 10, 1770, 1770, 1810, 18210, 3070, 30, 3070, 3070, 3070, 18210, 3070, 640, 40, 970, 40, 40, 970, 40, 40, 90, 320, 90, 320, 90, 320, 320, 320, 90, 90, 0, 1280, 1280, 1280, 1280, 1280, 80, 60, 370, 3360, 370, 160, 420, 370, 420, 3360, 160, 370, 3360, 420, 160, 370, 420, 160, 3360, 420, 160, 3360, 160, 10, 10, 10, 10, 160, 160, 160, 160, 10, 70, 20, 50, 20, 50, 9120, 20, 9120, 9120, 50, 70, 9120, 50, 70, 20, 9120, 50, 70, 20, 70, 830, 490, 660, 110, 2130, 110, 110, 110, 110, 710, 710, 710, 710, 710, 10030, 10030, 10030, 10030, 10030, 20, 440, 3780, 20, 3780, 3780, 3780, 3780, 160, 300, 300, 160, 300, 300, 300, 10390, 10390, 10390, 10390, 10390, 370, 20, 400, 530, 20, 20, 370, 370, 370, 370, 20, 20, 360, 20, 20, 360, 20, 360, 20, 360, 20, 360, 2020, 2020, 2020, 2020, 2020, 2500, 480, 1220, 1220, 480, 480, 1220, 1220, 480, 1220, 480, 20, 6240, 4230, 1560, 4230, 4230, 1560, 4230, 4230, 40, 40, 40, 40, 40, 2510, 3720, 2510, 3720, 2510, 3720, 2510, 3720, 2510, 3720, 5140, 1080, 3560, 3560, 3560, 3560, 3560, 1870, 1870, 1870, 1870, 1870, 520, 3310, 520, 2130, 2130, 2130, 2130, 520, 520, 2130, 520, 20, 410, 410, 410, 410, 410, 2310, 4090, 4090, 260, 4090, 260, 4090, 4090, 10, 1110, 1200, 1200, 1200, 1200, 1200, 40, 40, 2220, 420, 80, 20, 20, 20, 30, 80, 80, 20, 80, 80, 20, 220, 20, 140, 20, 20, 1200, 20, 1200, 1200, 1200, 20, 1200, 4240, 400, 400, 400, 400, 400, 2120, 2120, 1500, 580, 0, 0, 0, 0, 580, 580, 580, 0, 580, 5170, 5170, 5170, 5170, 5170, 0, 20, 20, 20, 20, 20, 110, 40, 2080, 2080, 2080, 2080, 2080, 3730, 2980, 2980, 2980, 2980, 2980, 970, 80, 2130, 80, 80, 2130, 80, 80, 1530, 400, 400, 400, 400, 400, 3760, 3760, 37140, 37140, 2070, 3010, 14130, 2640, 2640, 2640, 2640, 2640, 14130, 14130, 14130, 14130, 3020, 320, 10, 10, 10, 10, 10, 380, 380, 380, 380, 380, 180, 180, 180, 180, 180, 4790, 4790, 4790, 4790, 4790, 430, 690, 0, 0, 150, 10, 10, 150, 150, 10, 150, 150, 10, 10, 4090, 4090, 4090, 4090, 4090, 60, 3060, 2490, 2490, 3060, 140, 2490, 60, 3060, 60, 140, 60, 2490, 2490, 3060, 140, 3060, 140, 140, 60, 20, 820, 1340, 1340, 1340, 1340, 1340, 820, 3670, 10, 10, 1820, 10, 10, 10, 70, 70, 70, 70, 70, 20, 20, 4740, 20, 20, 20, 510, 310, 310, 310, 310, 310, 370, 370, 370, 7220, 370, 370, 140, 140, 140, 140, 140, 50, 50, 50, 50, 50, 3830, 250, 6560, 6560, 6560, 6560, 6560, 640, 640, 640, 640, 640, 0, 3500, 9030, 9030, 60, 510, 2820, 2820, 2820, 60, 2820, 2820, 0, 920, 3460, 2790, 310, 310, 190, 310, 310, 310, 30, 30, 30, 30, 30, 2220, 2220, 2220, 2220, 520, 2220, 5170, 5170, 5170, 5170, 5170, 290, 290, 290, 290, 290, 0, 0, 0, 0, 0, 40, 30, 30, 3230, 3230, 3230, 3230, 3230, 230, 140, 140, 140, 140, 140, 10, 10, 10, 10, 10, 6340, 960, 1690, 18730, 1690, 10390, 340, 340, 10390, 340, 340, 10390, 340, 10390, 10390, 200, 200, 200, 200, 200, 340, 370, 530, 370, 370, 530, 370, 370, 530, 530, 530, 2320, 2320, 2320, 2320, 2320, 670, 370, 370, 30, 370, 370, 370, 290, 40, 40, 40, 40, 290, 40, 290, 290, 290, 210, 40, 190, 190, 160, 160, 160, 40, 190, 160, 190, 160, 190, 2230, 2230, 2230, 2230, 2230, 3750, 30, 2780, 30, 30, 30, 30, 290, 1420, 250, 250, 1420, 250, 1420, 250, 1420, 1420, 250, 3500, 3080, 3080, 3080, 3080, 3080, 60, 60, 60, 60, 60, 170, 170, 170, 170, 170, 34230, 2320, 820, 820, 820, 820, 820, 410, 600]"
2020-11-03 19:15:00+00:00,1743220,0,760.0,"[980, 980, 340, 340, 340, 340, 440, 440, 440, 440, 440, 120, 20, 20, 20, 20, 20, 7120, 7120, 7120, 7120, 7120, 130, 130, 130, 130, 130, 200, 200, 200, 200, 200, 1660, 160, 160, 160, 160, 160, 6700, 6700, 6700, 6700, 6700, 150, 790, 10, 790, 10, 790, 10, 790, 10, 790, 10, 3900, 840, 840, 840, 840, 840, 50, 50, 50, 50, 50, 820, 820, 820, 870, 820, 820, 170, 170, 170, 170, 170, 840, 840, 840, 840, 840, 70, 110, 70, 110, 110, 110, 70, 110, 70, 70, 400, 400, 400, 400, 400, 310, 140, 440, 260, 5070, 20, 20, 20, 5070, 5070, 20, 20, 5070, 5070, 5980, 13720, 220, 2860, 570, 200, 200, 200, 200, 200, 220, 220, 220, 220, 220, 3390, 670, 10, 10, 670, 670, 10, 670, 670, 10, 10, 20, 1880, 190, 1880, 20, 40, 1880, 1880, 190, 20, 1880, 20, 20, 830, 20, 20, 20, 20, 20, 10, 10, 10, 10, 10, 710, 710, 710, 710, 710, 40, 12600, 12600, 12600, 12600, 12600, 1070, 1070, 1070, 1070, 1070, 140, 2080, 90, 90, 90, 2080, 2080, 90, 2080, 2080, 90, 4690, 70, 70, 4690, 4690, 70, 4690, 4690, 70, 70, 70, 260, 70, 20, 70, 260, 70, 260, 70, 260, 260, 4040, 40, 14590, 40, 40, 40, 40, 1160, 1160, 3500, 4090, 3560, 40, 290, 5980, 5980, 5980, 5980, 5980, 20240, 20240, 270, 270, 270, 270, 270, 3630, 360, 1100, 1100, 1100, 1100, 1100, 40, 40, 1170, 730, 730, 730, 730, 1170, 730, 80, 80, 80, 80, 80, 1790, 3900, 0, 0, 0, 0, 3900, 0, 3900, 3900, 3900, 170, 170, 170, 170, 170, 1240, 1240, 1240, 1240, 1240, 1350, 10, 2780, 1700, 1700, 1700, 1700, 1700, 11220, 11220, 60, 240, 60, 240, 60, 240, 60, 60, 240, 240, 120, 120, 120, 120, 120, 2180, 3520, 3520, 3520, 3520, 3520, 3840, 30, 30, 30, 30, 30, 100, 100, 100, 100, 100, 650, 650, 650, 650, 650, 0, 0, 26460, 0, 0, 0, 1400, 2530, 2530, 2530, 2530, 2530, 56420, 56420, 56420, 56420, 56420, 50, 4480, 350, 350, 350, 350, 350, 390, 890, 3560, 0, 0, 0, 390, 0, 390, 890, 390, 890, 3560, 0, 890, 390, 890, 3720, 3720, 3720, 3720, 3720, 10, 20, 20, 20, 20, 20, 1600, 1600, 4370, 4370, 1600, 1600, 4370, 4370, 4370, 1600, 320, 410, 15550, 15550, 410, 10, 10, 20, 20, 10, 20, 10, 20, 20, 10, 1070, 1070, 1070, 1070, 1070, 10810, 850, 850, 850, 850, 850, 2510, 320, 320, 320, 320, 320, 0, 120, 0, 120, 0, 120, 0, 0, 120, 120, 740, 1080, 1080, 1080, 1080, 1080, 380, 22550, 30, 22550, 350, 350, 350, 350, 350, 2090, 40, 230, 11040, 260, 260, 11040, 260, 260, 260, 30, 400, 400, 400, 400, 400, 3450, 160, 4380, 70, 70, 70, 70, 70, 1030, 80, 80, 80, 80, 80, 80, 70, 70, 70, 70, 70, 30, 30, 30, 940, 30, 30, 290, 290, 290, 290, 290, 30, 60, 60, 60, 30, 60, 60, 480, 480, 480, 480, 480, 2980, 2980, 2980, 570, 150, 2980, 2980, 34570, 40, 40, 40, 40, 40, 14980, 14980, 14980, 14980, 14980, 0, 0, 0, 0, 0, 40, 40, 1780, 4410, 420, 50, 50, 50, 420, 420, 50, 420, 50, 420, 290, 290, 290, 290, 290, 20, 20, 20, 20, 20, 3870, 3870, 740, 210, 3870, 3870, 210, 740, 210, 3870, 210, 210, 1860, 240, 240, 240, 240, 240, 120, 10, 2940, 2940, 2940, 2940, 2940, 19420, 19420, 19420, 19420, 19420, 210, 210, 210, 3380, 210, 210, 210, 0, 0, 0, 0, 0, 7830, 7830, 550, 160, 160, 120, 1420, 80, 80, 6570, 430, 430, 6570, 430, 430, 430, 1540, 1540, 1540, 1540, 1540, 14980, 130, 7050, 7050, 130, 7050, 130, 7050, 7050, 130, 130, 90, 90, 90, 90, 90, 240, 320, 320, 320, 320, 320, 280, 280, 280, 280, 280, 3440, 440, 4240, 3390, 380, 380, 380, 380, 380, 30, 30, 30, 30, 30, 11120, 250, 1780, 1780, 250, 1780, 250, 250, 1780, 250, 1780, 1600, 280, 280, 280, 280, 1600, 1600, 1600, 280, 1600, 120, 14980, 14980, 14980, 14980, 14980, 30, 120, 120, 600, 600, 60, 530, 530, 530, 530, 530, 6740, 6740, 6740, 6740, 6740, 830, 90, 60, 60, 60, 60, 60, 0, 80, 80, 80, 80, 80, 30, 1100, 1100, 1100, 1100, 1100, 3740, 7690, 3740, 7690, 3740, 7690, 3740, 7690, 7690, 3740, 910, 910, 910, 910, 910, 1640, 1640, 1640, 1640, 1640, 3740, 2160, 2160, 2160, 2160, 190, 2160, 6820, 40, 40, 40, 40, 40, 30, 11880, 2680, 2680, 2680, 2680, 11880, 11880, 11880, 2680, 11880, 340, 340]"
2020-11-03 19:20:00+00:00,1968310,1,822.0,"[3340, 460, 4290, 130, 130, 130, 130, 130, 30, 30, 30, 2270, 30, 30, 7290, 7290, 7290, 7290, 7290, 3060, 3060, 3060, 460, 3060, 3060, 2500, 0, 0, 0, 0, 0, 390, 390, 390, 390, 390, 4160, 4160, 4160, 4160, 4160, 390, 390, 5780, 5780, 5780, 5780, 5780, 3470, 90, 70, 90, 70, 90, 70, 70, 90, 70, 90, 590, 11860, 590, 590, 590, 590, 80, 4530, 4530, 80, 4530, 80, 80, 4530, 4530, 80, 160, 160, 160, 160, 160, 400, 1500, 400, 1500, 1500, 400, 1500, 400, 1500, 400, 1440, 1440, 1440, 1440, 1440, 440, 20, 20, 20, 20, 20, 1950, 1950, 1950, 1950, 1950, 390, 80, 80, 80, 80, 80, 390, 10, 0, 0, 0, 0, 0, 0, 0, 60, 9910, 1380, 9910, 1380, 9910, 1380, 9910, 1380, 9910, 1380, 300, 10560, 10560, 10560, 1070, 10560, 10560, 140, 10810, 10810, 60, 60, 60, 60, 60, 1860, 7290, 7290, 7290, 7290, 7290, 1060, 1060, 1060, 1060, 0, 1160, 1160, 1160, 1160, 1160, 2380, 1340, 1340, 1340, 1340, 1340, 15100, 15100, 15100, 15100, 15100, 100, 100, 100, 100, 100, 390, 5210, 80, 80, 80, 80, 80, 440, 440, 440, 440, 440, 3460, 1400, 1400, 1400, 1400, 1400, 0, 0, 0, 1750, 4380, 4380, 4380, 4380, 4380, 80, 10030, 480, 480, 480, 480, 480, 50, 50, 50, 50, 50, 0, 5590, 4380, 4380, 4380, 4380, 4380, 300, 300, 300, 300, 300, 20, 640, 1450, 1450, 1450, 1450, 1450, 280, 280, 280, 280, 280, 30, 70, 2000, 70, 30, 230, 900, 30, 70, 30, 70, 30, 70, 2000, 10, 10, 10, 10, 10, 1520, 2700, 1450, 1450, 1450, 4050, 1450, 1450, 2910, 210, 1600, 430, 80, 70, 80, 80, 80, 80, 20, 5820, 3760, 50, 50, 50, 50, 50, 70, 70, 70, 70, 70, 1210, 740, 12060, 12060, 12060, 12060, 12060, 110, 110, 110, 110, 110, 180, 2720, 2720, 2030, 270, 12060, 12060, 0, 680, 0, 680, 5940, 0, 680, 0, 680, 0, 680, 1330, 1330, 90, 160, 160, 160, 160, 90, 90, 90, 160, 90, 3960, 3960, 3960, 100, 3960, 3960, 60, 3600, 170, 220, 220, 220, 220, 220, 40, 40, 21130, 10, 5680, 110, 10, 5680, 5680, 110, 10, 110, 10, 21130, 10, 5680, 21130, 110, 21130, 21130, 110, 5680, 330, 330, 330, 330, 330, 56420, 650, 650, 56420, 650, 56420, 650, 650, 56420, 56420, 13440, 13440, 13440, 13440, 13440, 2650, 15870, 4050, 4050, 4050, 4050, 4050, 1290, 1290, 1290, 1290, 1290, 5940, 5940, 5940, 5940, 5940, 5940, 350, 350, 350, 350, 350, 1250, 1250, 1250, 1250, 1250, 500, 500, 500, 500, 500, 20, 470, 5560, 20, 5560, 5560, 20, 470, 5560, 20, 20, 5560, 2640, 2640, 2640, 2640, 2640, 420, 420, 420, 420, 420, 1920, 10, 40, 2240, 4890, 40, 40, 2240, 4890, 2240, 4890, 40, 2240, 4890, 2240, 4890, 40, 420, 420, 420, 420, 420, 50, 50, 50, 50, 50, 80, 2920, 2920, 2920, 2920, 2920, 60, 1570, 1570, 1570, 60, 60, 1570, 60, 1570, 60, 40, 40, 40, 40, 40, 900, 450, 480, 450, 480, 450, 480, 480, 450, 450, 480, 130, 810, 10, 130, 130, 130, 130, 30, 30, 30, 30, 30, 310, 310, 310, 310, 310, 260, 260, 260, 260, 260, 500, 500, 500, 500, 800, 800, 500, 800, 800, 800, 20, 2920, 20, 20, 20, 20, 80, 80, 80, 80, 80, 80, 80, 7170, 5180, 10420, 10420, 10420, 10420, 10420, 8130, 8130, 8130, 8130, 8130, 740, 490, 490, 490, 490, 490, 3920, 3920, 3920, 3920, 3920, 5530, 5530, 420, 420, 420, 5530, 5530, 420, 420, 5530, 0, 0, 0, 0, 0, 790, 790, 790, 400, 790, 790, 130, 130, 130, 130, 130, 470, 470, 820, 820, 820, 820, 820, 2060, 2060, 2060, 2060, 2060, 2650, 2650, 690, 2650, 2650, 2650, 4160, 30, 30, 4160, 4160, 30, 30, 4160, 4160, 30, 190, 190, 2880, 0, 80, 80, 80, 80, 80, 1580, 1580, 1580, 1580, 1580, 20, 110, 110, 110, 110, 110, 1650, 170, 8540, 8540, 8540, 8540, 8540, 130, 2490, 2490, 2490, 2490, 2490, 170, 170, 170, 170, 170, 1400, 11500, 180, 180, 180, 180, 180, 430, 330, 490, 2340, 490, 2340, 490, 2340, 490, 2340, 490, 2340, 2970, 2970, 2970, 2970, 2970, 5680, 5680, 5680, 5680, 5680, 3600, 120, 120, 120, 120, 120, 4010, 140, 140, 140, 140, 140, 480, 3780, 900, 900, 900, 3780, 480, 3780, 480, 3780, 480, 3780, 480, 900, 900, 90, 90, 90, 90, 90, 2660, 50, 50, 3770, 3770, 50, 50, 3770, 50, 3770, 3770, 1110, 2970, 2970, 2970, 2970, 2970, 380, 120, 5040, 100, 100, 5040, 100, 100, 5040, 5040, 100, 5040, 420, 330, 40, 330, 330, 60, 330, 60, 60, 60, 60, 330, 40, 2660, 2850, 820, 100, 5040, 5040, 5040, 5040, 5040, 440, 920, 920, 920, 920, 920, 330, 200, 200, 200, 200, 200, 1680, 50, 650, 50, 1680, 50, 50, 50, 110, 340, 110, 110, 110, 340, 110, 340, 340, 340, 730, 730, 730, 730, 730, 140, 650, 650, 140, 650, 140, 650, 140, 650, 140]"
2020-11-03 19:25:00+00:00,3657130,0,887.0,"[400, 400, 400, 400, 400, 2140, 1180, 0, 440, 440, 440, 440, 440, 30, 90, 90, 1380, 0, 50, 0, 0, 50, 50, 0, 50, 0, 50, 110, 160, 530, 530, 530, 530, 530, 78500, 78500, 220, 520, 78500, 220, 78500, 78500, 220, 220, 220, 580, 1880, 14950, 60, 110, 14950, 14950, 14950, 14950, 5940, 5940, 5940, 5940, 5940, 400, 400, 400, 400, 400, 180, 180, 3490, 180, 180, 180, 0, 0, 0, 0, 0, 80, 470, 900, 900, 900, 900, 900, 2340, 30, 30, 1140, 120, 120, 500, 500, 390, 500, 500, 500, 90, 90, 90, 90, 90, 360, 3020, 50, 50, 50, 50, 3020, 3020, 3020, 50, 3020, 2600, 2600, 2600, 2600, 2600, 180, 180, 180, 180, 180, 20, 60, 360, 6480, 0, 0, 0, 0, 0, 110, 190, 110, 110, 110, 110, 760, 1660, 1660, 1660, 1660, 1660, 40, 2840, 2950, 2950, 2950, 2950, 2950, 230, 230, 230, 230, 230, 0, 0, 0, 90, 0, 0, 1840, 1840, 1840, 1840, 1840, 380, 380, 380, 380, 380, 810, 810, 810, 810, 810, 70, 70, 70, 70, 70, 750, 750, 750, 750, 750, 2800, 2800, 1810, 1810, 1810, 1810, 1810, 70, 90, 90, 70, 90, 90, 70, 90, 70, 70, 0, 990, 20, 20, 20, 20, 20, 30, 4380, 4380, 210, 4380, 4380, 4380, 280, 280, 280, 280, 280, 20, 20, 20, 20, 20, 1070, 1070, 2520, 90, 90, 2520, 90, 2520, 90, 2520, 2520, 90, 1710, 50, 10, 1900, 3020, 3020, 3020, 3020, 3020, 1320, 1320, 1320, 440, 440, 440, 440, 1320, 1320, 440, 90, 90, 90, 90, 90, 6180, 6310, 6310, 6310, 6310, 6310, 10420, 0, 10, 0, 10, 0, 10, 0, 10, 0, 10, 10, 130, 620, 130, 130, 130, 620, 30, 130, 4180, 60, 60, 60, 60, 4180, 60, 1500, 370, 370, 370, 370, 1970, 370, 3780, 3780, 20, 12610, 0, 90, 90, 90, 90, 90, 1720, 400, 400, 400, 400, 400, 800, 2250, 240, 240, 240, 2250, 240, 2250, 240, 2250, 2250, 3280, 3280, 3280, 3280, 3280, 300, 260, 260, 260, 260, 260, 39510, 20, 3650, 20, 3650, 3650, 20, 20, 3650, 20, 3650, 940, 710, 710, 710, 710, 3360, 710, 1710, 720, 720, 720, 720, 720, 39370, 39370, 39370, 39370, 39370, 320, 320, 6350, 6350, 3010, 6350, 6350, 6350, 1000, 1000, 1000, 1000, 1000, 870, 5000, 110, 230, 140, 230, 230, 230, 230, 350, 200, 200, 200, 200, 200, 5120, 5120, 18800, 5120, 5120, 5120, 1960, 1960, 1960, 1960, 1960, 220, 220, 220, 47360, 220, 220, 7040, 7040, 7040, 7040, 7040, 60, 60, 60, 60, 60, 540, 540, 540, 540, 540, 5040, 5040, 5040, 5040, 5040, 17930, 17930, 17930, 17930, 17930, 170, 170, 170, 170, 170, 1930, 1930, 1930, 1930, 1930, 50, 50, 50, 50, 50, 3350, 3350, 3350, 460, 3350, 3350, 7630, 600, 7630, 10030, 10030, 10030, 10030, 10030, 30, 100, 30, 100, 100, 30, 100, 30, 30, 100, 320, 90, 90, 320, 320, 90, 320, 320, 90, 90, 2120, 2120, 2120, 2120, 2120, 190, 190, 30, 370, 150, 370, 370, 370, 150, 370, 2270, 120, 410, 410, 410, 410, 410, 11090, 190, 11090, 11090, 190, 11090, 190, 190, 190, 11090, 113660, 113660, 113660, 113660, 113660, 520, 520, 520, 520, 520, 670, 240, 430, 430, 430, 430, 430, 30, 320, 4070, 4070, 320, 4070, 320, 4070, 320, 320, 4070, 120, 330, 330, 330, 330, 330, 2270, 4070, 4070, 4070, 4070, 4070, 5000, 150, 150, 3480, 70, 1180, 13180, 40, 70, 1180, 13180, 40, 70, 40, 70, 40, 40, 70, 11360, 11360, 20480, 20480, 20480, 20480, 20480, 4460, 120, 3670, 3670, 3670, 120, 3670, 3670, 480, 480, 480, 480, 480, 40, 1040, 1040, 520, 520, 520, 520, 520, 240, 240, 240, 240, 240, 3180, 50, 1870, 1870, 1870, 1870, 1870, 50, 50, 4010, 4010, 4010, 4010, 4010, 1190, 1460, 8340, 8340, 8340, 8340, 8340, 20, 30, 19650, 30, 19650, 30, 19650, 30, 19650, 19650, 30, 420, 920, 920, 420, 420, 920, 420, 420, 920, 920, 1140, 4460, 4460, 1140, 1140, 4460, 4460, 1140, 4460, 1140, 1280, 1540, 540, 2300, 540, 540, 1540, 540, 1540, 2300, 2300, 1540, 540, 2300, 1540, 2300, 20, 2580, 2580, 2580, 2580, 2580, 170, 170, 170, 170, 170, 130, 80, 80, 710, 80, 130, 80, 130, 80, 130, 130, 16740, 16740, 16740, 16740, 16740, 2300, 60, 1100, 190, 1100, 24080, 24080, 60, 1100, 24080, 190, 24080, 24080, 190, 190, 1100, 190, 1100, 30, 140, 140, 30, 140, 30, 140, 30, 140, 30, 940, 500, 500, 940, 500, 940, 500, 940, 500, 940, 110, 110, 110, 110, 110, 4380, 4380, 4380, 4380, 4380, 3300, 3300, 3300, 3300, 3300, 80, 80, 80, 80, 80, 250, 300, 250, 250, 250, 250, 2520, 2520, 2520, 2520, 2520, 40, 88140, 40, 1180, 40, 88140, 40, 88140, 40, 88140, 88140, 1420, 1420, 1090, 1090, 790, 790, 790, 790, 10, 10, 10, 10, 10, 4040, 1810, 4380, 4040, 4040, 4380, 4040, 1810, 4380, 4040, 4380, 4380, 90, 1790, 4880, 4880, 1790, 1790, 1790, 1790, 19600, 60, 60, 19600, 60, 19600, 60, 19600, 19600, 960, 110, 3180, 960, 3180, 960, 3180, 960, 3180, 960, 3180, 1970, 1970, 1970, 1970, 1970, 25190, 25190, 2230, 240, 2230, 240, 2230, 240, 2230, 2230, 240, 240, 1270, 1270, 1270, 1270, 1270, 530, 0, 1180, 1180, 0, 1180, 1180, 530, 0, 530, 0, 530, 0, 530, 1180, 20, 20, 20, 20, 20, 8730, 1170, 4920, 4920, 4920, 4920, 4920]"
2020-11-03 19:30:00+00:00,1648070,0,790.0,"[2840, 2840, 2840, 2840, 2840, 0, 870, 870, 9040, 0, 220, 220, 870, 0, 220, 9040, 0, 220, 0, 870, 220, 870, 350, 620, 21520, 4180, 170, 1330, 690, 520, 690, 690, 690, 690, 1450, 1450, 1450, 1450, 1450, 160, 160, 160, 160, 160, 3180, 1830, 1830, 0, 0, 0, 0, 0, 8140, 8140, 8140, 8140, 8140, 8510, 8510, 290, 440, 440, 440, 0, 440, 440, 500, 120, 120, 120, 120, 120, 130, 130, 130, 460, 130, 130, 0, 0, 0, 0, 5440, 4530, 15140, 850, 15140, 15140, 15140, 15140, 8140, 80, 8140, 80, 8140, 8140, 8140, 4010, 4010, 4010, 4010, 4010, 1860, 30, 30, 30, 30, 1860, 30, 10, 10, 10, 10, 10, 1420, 1070, 220, 220, 220, 220, 220, 10, 10, 260, 10, 260, 260, 10, 260, 10, 260, 20030, 20030, 20030, 20030, 20030, 1140, 1140, 1140, 1140, 1140, 80, 180, 0, 0, 0, 0, 0, 80, 80, 80, 80, 80, 360, 360, 180, 480, 560, 560, 560, 560, 560, 270, 270, 270, 270, 270, 10100, 10100, 10100, 10100, 10100, 1330, 760, 9040, 4010, 4010, 9040, 4010, 9040, 4010, 9040, 4010, 9040, 30, 30, 30, 30, 30, 4780, 2070, 4780, 4780, 4780, 4780, 270, 270, 270, 270, 270, 10, 10, 10, 10, 10, 40, 1820, 1820, 360, 370, 890, 370, 890, 890, 890, 370, 370, 370, 890, 10, 6770, 10, 10, 10, 6770, 6770, 6770, 10, 6770, 4000, 4000, 4000, 4000, 4000, 37220, 2970, 37220, 37220, 37220, 37220, 40, 500, 500, 18500, 3630, 500, 3630, 3630, 18500, 3630, 500, 3630, 18500, 18500, 18500, 500, 10, 10, 10, 140, 10, 10, 30, 30, 30, 30, 30, 190, 190, 190, 190, 190, 2010, 2010, 2010, 2010, 2010, 340, 1780, 1780, 340, 1780, 1780, 340, 340, 340, 1780, 520, 3900, 520, 520, 520, 520, 770, 770, 770, 770, 50, 3770, 3770, 3770, 3770, 3770, 80, 580, 580, 580, 580, 580, 420, 10, 10, 10, 10, 10, 430, 430, 430, 430, 430, 1100, 1100, 1100, 1100, 1100, 850, 680, 680, 680, 680, 680, 110, 110, 110, 110, 110, 340, 340, 340, 340, 340, 50, 50, 50, 50, 50, 70, 70, 1420, 1420, 1420, 1420, 1420, 270, 250, 250, 250, 250, 250, 530, 210, 210, 210, 210, 210, 70, 420, 790, 790, 790, 790, 790, 2200, 4860, 4860, 4860, 4860, 4860, 800, 800, 800, 800, 800, 900, 360, 0, 0, 0, 0, 0, 3670, 240, 240, 240, 240, 240, 50, 50, 50, 50, 50, 40, 40, 40, 40, 40, 140, 500, 140, 140, 140, 140, 700, 700, 700, 700, 700, 400, 400, 400, 400, 400, 0, 0, 0, 0, 0, 30, 1490, 1490, 1490, 30, 30, 1490, 1490, 30, 30, 150, 150, 150, 150, 150, 100, 180, 180, 180, 180, 180, 4320, 4320, 4320, 4320, 4320, 2570, 1880, 2570, 2570, 2570, 2570, 110, 160, 480, 60, 510, 1440, 60, 90, 1440, 1440, 1440, 60, 1440, 60, 60, 40, 240, 40, 240, 40, 240, 240, 40, 240, 40, 60, 60, 60, 60, 60, 40, 10, 130, 18980, 1190, 1190, 18980, 18980, 18980, 1190, 1190, 1190, 18980, 90, 920, 1320, 1320, 1320, 1320, 1320, 140, 140, 140, 140, 140, 390, 1080, 390, 1080, 390, 390, 1080, 390, 1080, 1080, 100, 480, 480, 100, 100, 480, 100, 100, 480, 480, 730, 730, 730, 730, 730, 2760, 1080, 20, 490, 470, 20, 1080, 490, 2760, 1080, 1080, 490, 2760, 20, 490, 490, 20, 2760, 1080, 20, 2760, 480, 480, 480, 480, 480, 240, 10, 240, 10, 240, 10, 240, 10, 240, 10, 450, 450, 450, 450, 450, 5430, 5430, 5430, 980, 5430, 5430, 200, 20, 20, 20, 20, 20, 50, 50, 50, 50, 50, 260, 280, 260, 260, 260, 260, 360, 180, 100, 20, 20, 20, 20, 20, 60, 60, 20, 60, 60, 60, 32430, 1870, 700, 700, 700, 700, 700, 250, 10, 4270, 670, 3040, 7740, 1560, 1560, 1560, 1560, 1560, 1640, 2760, 1640, 1640, 1640, 1640, 20, 20, 20, 20, 20, 1440, 1440, 1440, 1440, 1440, 230, 620, 390, 100, 60, 60, 60, 60, 60, 2990, 20, 20, 20, 20, 20, 740, 740, 740, 740, 740, 2860, 2860, 2860, 2860, 2860, 4520, 4230, 4520, 4520, 4520, 4520, 100, 100, 100, 100, 100, 10, 30, 30, 30, 270, 30, 30, 9530, 20, 9530, 9530, 20, 9530, 20, 20, 9530, 20, 70, 70, 70, 70, 70, 3290, 250, 10, 30, 30, 30, 30, 30, 1640, 1640, 1640, 1640, 3100, 1640, 3040, 3040, 10, 10, 10, 10, 10, 1010, 1010, 1010, 1010, 1010, 260, 260, 260, 260, 260, 0, 9440, 9440, 230, 230, 230, 230, 230, 110, 270, 520, 520, 520, 520, 520, 3890, 3890, 3890, 380, 520, 520, 520, 520, 520, 2520, 2520, 2520, 2520, 2520, 17330, 17330, 17330, 17330, 17330, 20, 20, 20, 20, 20, 11090, 100, 100, 100, 100, 100, 90, 90, 90, 90, 90]"
2020-11-03 19:35:00+00:00,2329210,5,738.0,"[3900, 3900, 3900, 3900, 3900, 2720, 750, 1470, 750, 2040, 750, 750, 750, 90, 2380, 2380, 110, 110, 110, 110, 110, 100, 4450, 100, 100, 80, 80, 80, 80, 80, 310, 310, 310, 2220, 310, 310, 120, 120, 120, 120, 120, 3440, 3440, 3440, 3440, 3440, 50, 1610, 50, 50, 50, 50, 3820, 3820, 3820, 3820, 3820, 9530, 6940, 9530, 9530, 6940, 9530, 6940, 6940, 6940, 9530, 12650, 170, 170, 170, 12650, 170, 12650, 170, 12650, 12650, 16150, 16150, 16150, 16150, 16150, 32630, 2520, 2520, 2520, 2520, 32630, 32630, 2520, 32630, 32630, 1440, 1440, 1440, 1440, 1440, 60, 60, 60, 60, 60, 90, 60, 830, 2580, 1470, 1470, 1470, 1470, 1470, 920, 420, 420, 420, 420, 420, 420, 430, 430, 430, 430, 430, 90, 11410, 11410, 11410, 90, 11410, 11410, 25470, 1030, 1030, 25470, 1030, 25470, 1030, 25470, 25470, 1030, 800, 800, 800, 800, 800, 90, 90, 90, 90, 90, 450, 450, 450, 450, 450, 3740, 880, 3740, 880, 3740, 880, 3740, 880, 880, 3740, 2480, 0, 0, 2480, 2480, 0, 2480, 0, 2480, 0, 80, 80, 80, 80, 80, 10050, 17590, 17590, 17590, 17590, 17590, 10, 10, 10, 10, 10, 140, 140, 140, 2840, 140, 140, 90, 80, 350, 5160, 350, 5160, 350, 5160, 350, 5160, 350, 5160, 30, 80, 30, 30, 80, 30, 80, 30, 80, 80, 80, 80, 80, 80, 80, 80, 80, 80, 80, 80, 10100, 350, 350, 10100, 350, 1680, 10100, 350, 350, 10100, 10100, 680, 680, 680, 680, 680, 580, 580, 3170, 3170, 3170, 3170, 3170, 490, 80, 490, 490, 490, 490, 2510, 340, 0, 50, 50, 50, 50, 50, 840, 20, 20, 20, 20, 20, 0, 620, 620, 620, 620, 0, 620, 100, 2810, 830, 100, 830, 100, 100, 830, 100, 830, 830, 510, 510, 510, 10390, 510, 510, 70, 70, 70, 70, 70, 4230, 4230, 4230, 4230, 4230, 6590, 17100, 830, 830, 830, 17100, 830, 17100, 830, 17100, 17100, 10, 40, 40, 40, 10, 40, 40, 5520, 30, 30, 30, 5520, 30, 5520, 5520, 30, 5520, 130, 690, 690, 130, 130, 690, 130, 130, 690, 690, 4480, 4480, 620, 200, 200, 620, 620, 200, 620, 200, 620, 200, 1310, 1310, 1310, 1310, 1310, 770, 770, 770, 770, 770, 220, 220, 220, 220, 220, 3380, 3380, 230, 3380, 3380, 3380, 6580, 580, 4370, 4370, 4370, 4370, 4370, 2410, 5350, 110, 110, 110, 110, 110, 110, 110, 110, 110, 110, 90, 9110, 90, 9110, 90, 90, 90, 3650, 180, 180, 180, 180, 180, 5520, 5520, 5520, 5520, 5520, 2300, 100, 2300, 100, 2300, 2300, 2300, 12280, 300, 12280, 300, 12280, 640, 12280, 12280, 160, 4960, 40, 40, 40, 40, 40, 240, 240, 3690, 3690, 3690, 3690, 3690, 110, 110, 140, 110, 110, 140, 110, 140, 140, 140, 3250, 120, 90, 90, 90, 90, 90, 1650, 1650, 1650, 1650, 1650, 280, 280, 280, 280, 280, 104640, 104640, 104640, 104640, 104640, 30, 30, 30, 30, 30, 7980, 7980, 7980, 7980, 7980, 16420, 80, 0, 0, 80, 0, 80, 0, 80, 80, 0, 1910, 3180, 1640, 1640, 1640, 1640, 1640, 20, 20, 20, 1520, 50, 20, 20, 14150, 340, 100, 370, 370, 370, 370, 370, 60, 60, 60, 60, 60, 50, 100, 100, 100, 670, 100, 100, 3760, 510, 510, 510, 510, 510, 5480, 30, 5480, 5480, 5480, 5480, 870, 870, 870, 870, 870, 160, 160, 160, 1270, 1270, 160, 160, 1270, 1270, 1270, 50, 6770, 50, 50, 6770, 6770, 6770, 50, 6770, 50, 5440, 170, 170, 170, 90, 170, 170, 20590, 0, 1470, 3300, 3300, 0, 1470, 3300, 3300, 0, 1470, 0, 3300, 0, 1470, 1470, 1760, 1150, 1150, 1150, 1150, 1150, 310, 430, 310, 200, 200, 200, 200, 200, 40, 40, 40, 40, 40, 1290, 1290, 1290, 1290, 1290, 10, 250, 190, 640, 640, 640, 640, 640, 400, 4550, 4550, 4550, 4550, 4550, 120, 120, 120, 120, 120, 130, 130, 2160, 2160, 2160, 2160, 2160, 1440, 1440, 1440, 1440, 1440, 2680, 1320, 470, 4140, 470, 470, 4140, 4140, 4140, 470, 4140, 470, 530, 290, 80, 2200, 4180, 540, 540, 540, 2660, 540, 540, 20, 60, 290, 60, 60, 60, 60, 1170, 1170, 1170, 1170, 1170, 2660, 2660, 2660, 2660, 2660, 50, 50, 50, 4770, 50, 50, 260, 4510, 1150, 390, 390, 390, 390, 390, 1990, 1990, 1890, 70, 1770, 70, 70, 70, 70, 170, 50, 3260, 10, 10, 10, 10, 10, 20, 20, 20, 20, 20, 760, 760, 670, 670, 670, 670, 670, 110, 110, 110, 110, 110]"
2020-11-03 19:40:00+00:00,2040450,0,712.0,"[110, 10, 10, 110, 10, 10, 10, 80, 80, 80, 80, 80, 780, 10, 290, 290, 290, 290, 290, 10, 40, 110, 110, 110, 110, 110, 290, 290, 290, 290, 290, 1100, 280, 280, 280, 280, 280, 20940, 20940, 20940, 20940, 20940, 20, 20, 20, 20, 20, 1270, 0, 0, 160, 160, 0, 160, 0, 160, 0, 160, 50, 50, 50, 50, 50, 2350, 2350, 2350, 2350, 2350, 120, 120, 0, 90, 1190, 1190, 90, 1190, 1190, 90, 1190, 90, 90, 2390, 530, 850, 850, 850, 850, 850, 6390, 6390, 6390, 6390, 6390, 1160, 1160, 290, 290, 1160, 290, 1160, 290, 1160, 290, 2540, 2540, 2540, 2540, 2540, 110, 110, 110, 110, 110, 60, 120, 2000, 2000, 2000, 2000, 2000, 12690, 29140, 1210, 29140, 1210, 29140, 29140, 1210, 1210, 29140, 1210, 300, 300, 300, 300, 300, 130, 780, 130, 780, 780, 130, 130, 780, 130, 2500, 290, 970, 110, 970, 110, 970, 110, 110, 970, 110, 970, 1670, 1670, 1670, 1670, 1670, 70, 5520, 20, 2330, 2330, 20, 2330, 20, 2330, 20, 2330, 20, 90, 3990, 3830, 3270, 3070, 3270, 3070, 6850, 3270, 3270, 3270, 40, 3600, 3600, 3600, 3600, 3600, 3730, 3730, 3730, 3730, 3730, 70, 70, 70, 650, 70, 70, 220, 3110, 130, 10160, 10160, 10160, 10160, 10160, 210, 1960, 1960, 1960, 1960, 1960, 100, 100, 100, 100, 100, 70, 70, 70, 70, 70, 2170, 2170, 2170, 2170, 2170, 10, 5960, 1160, 1160, 1160, 1160, 1160, 24320, 130, 130, 130, 130, 130, 3660, 920, 290, 920, 290, 290, 290, 920, 920, 920, 290, 810, 810, 810, 810, 810, 110, 110, 110, 110, 110, 20, 20, 20, 20, 20, 240, 230, 230, 230, 230, 230, 100, 100, 100, 100, 100, 260, 230, 20, 390, 20, 20, 20, 20, 16570, 4370, 4370, 4370, 4370, 4370, 620, 620, 620, 620, 620, 220, 1700, 5000, 10, 40, 5000, 5000, 5000, 5000, 80, 1750, 1710, 540, 10, 540, 540, 10, 540, 10, 10, 10, 540, 0, 0, 0, 0, 0, 3790, 3790, 3790, 3790, 3790, 260, 2320, 260, 2320, 2320, 2320, 260, 2320, 260, 260, 10, 10, 10, 10, 10, 10, 1750, 130, 130, 130, 130, 130, 110, 110, 110, 110, 110, 200, 580, 50, 50, 50, 50, 50, 30, 61270, 61270, 61270, 61270, 61270, 0, 0, 0, 0, 0, 50, 50, 50, 50, 50, 1240, 1240, 1240, 1240, 1240, 410, 0, 140, 410, 0, 410, 140, 410, 0, 140, 410, 0, 140, 140, 0, 60, 60, 1870, 870, 870, 1870, 1870, 3320, 870, 1870, 870, 1870, 870, 20, 20, 20, 20, 20, 20, 10040, 3510, 20, 3510, 10040, 3510, 20, 20, 3510, 10040, 20, 3510, 10040, 10040, 2990, 1350, 2990, 2990, 1350, 1350, 1350, 2990, 1350, 2990, 90, 380, 380, 380, 380, 380, 80, 60, 60, 80, 60, 60, 60, 2170, 190, 2170, 190, 190, 190, 2170, 190, 2170, 2170, 120, 1990, 120, 120, 120, 120, 30, 30, 30, 30, 30, 360, 510, 510, 360, 510, 510, 360, 510, 360, 360, 40, 20, 40, 40, 40, 1040, 40, 20, 20, 20, 20, 20, 20, 3080, 100, 100, 100, 100, 100, 5400, 5400, 5400, 5400, 5400, 13350, 13350, 13350, 13350, 13350, 150, 150, 2030, 3840, 3840, 3840, 3840, 3840, 70, 700, 700, 700, 700, 700, 26180, 26180, 26180, 0, 9790, 26180, 26180, 200, 200, 200, 200, 200, 760, 760, 760, 760, 760, 800, 800, 75380, 75380, 75380, 800, 800, 75380, 800, 75380, 5360, 30, 30, 30, 30, 30, 40, 40, 20, 40, 40, 40, 220, 220, 220, 220, 220, 140, 1620, 1620, 1620, 1620, 1620, 1740, 1220, 1220, 1220, 1220, 1220, 450, 450, 450, 450, 450, 10040, 11040, 100, 100, 100, 100, 11040, 11040, 11040, 11040, 100, 6790, 20, 90, 90, 1220, 90, 90, 20, 1220, 20, 1220, 90, 1220, 20, 1220, 20, 200, 200, 200, 200, 200, 220, 220, 220, 220, 220, 390, 90, 7360, 7360, 7360, 7360, 7360, 2250, 2250, 2250, 2250, 2250, 6530, 110, 4320, 1940, 1940, 1940, 1940, 1940, 90, 90, 90, 90, 90, 10, 0, 350, 70, 70, 70, 90, 350, 350, 70, 350, 70, 350, 20, 20, 20, 20, 20, 700, 0, 0, 0, 0, 0, 19530, 390, 390, 390, 390, 390, 10, 10, 10, 10, 10, 420, 180, 420, 180, 180, 420, 420, 180, 180, 420, 430, 820, 820, 820, 3840, 820, 820, 2520, 2520, 2520, 2520, 2520]"
2020-11-03 19:45:00+00:00,2789150,0,865.0,"[50, 20, 50, 20, 50, 20, 50, 20, 20, 50, 4280, 4280, 2160, 4280, 4280, 4280, 520, 520, 520, 520, 520, 14210, 200, 200, 14210, 14210, 200, 14210, 200, 14210, 200, 440, 440, 440, 440, 440, 340, 340, 340, 340, 340, 880, 880, 880, 880, 880, 200, 0, 0, 0, 0, 0, 2270, 99380, 350, 350, 350, 99380, 99380, 99380, 350, 99380, 350, 2490, 2490, 920, 7130, 9990, 20, 20, 90, 20, 4020, 20, 20, 1290, 1290, 1290, 1290, 1290, 0, 6140, 200, 70, 70, 200, 70, 200, 70, 200, 200, 70, 5880, 180, 180, 180, 180, 180, 100, 2020, 2020, 2020, 60, 2020, 2020, 670, 830, 830, 830, 670, 830, 670, 830, 670, 670, 210, 460, 460, 460, 460, 460, 10, 860, 860, 860, 860, 860, 360, 4120, 4120, 4120, 4120, 4120, 110, 110, 110, 110, 110, 2940, 1500, 2200, 2200, 2200, 2200, 2200, 11210, 11210, 2060, 2540, 2060, 2060, 2060, 2060, 460, 6880, 6880, 6880, 6880, 6880, 10, 10, 10, 10, 10, 1060, 2110, 2110, 2110, 2110, 2110, 10, 10, 10, 10, 10, 2530, 6780, 6780, 6780, 6780, 6780, 2200, 2200, 2200, 2200, 2200, 180, 90, 90, 180, 180, 180, 90, 180, 90, 90, 260, 19150, 19150, 19150, 19150, 19150, 70, 500, 650, 70, 650, 70, 650, 500, 70, 650, 70, 650, 38390, 35030, 110, 110, 110, 110, 110, 890, 520, 520, 520, 520, 890, 520, 230, 230, 230, 230, 230, 2300, 480, 20, 20, 20, 20, 20, 440, 440, 440, 440, 440, 1450, 1450, 1830, 4110, 4110, 920, 4110, 4110, 4110, 1250, 1250, 1250, 1250, 1250, 330, 330, 330, 330, 330, 80, 80, 80, 80, 80, 30, 30, 296900, 30, 30, 30, 670, 3520, 3520, 670, 670, 3520, 670, 3520, 3520, 670, 70, 0, 0, 70, 70, 0, 0, 70, 70, 0, 410, 70, 410, 410, 410, 410, 2580, 2580, 2580, 2580, 2580, 700, 1730, 1730, 1730, 1440, 700, 1730, 1730, 0, 0, 0, 0, 0, 3180, 3180, 3180, 3180, 3180, 4630, 60, 2000, 60, 60, 60, 60, 13430, 210, 210, 210, 210, 210, 650, 180, 570, 560, 560, 560, 560, 560, 33710, 33710, 33710, 33710, 33710, 4750, 18240, 1550, 7990, 7990, 7990, 7990, 7990, 2530, 2530, 2530, 2530, 2530, 740, 740, 740, 740, 740, 370, 3670, 3670, 370, 370, 370, 3670, 370, 3670, 3670, 370, 20, 20, 0, 2210, 0, 0, 0, 0, 23400, 23400, 23400, 23400, 23400, 70, 70, 70, 70, 70, 910, 910, 910, 910, 910, 120, 9150, 120, 800, 3170, 3170, 3170, 3170, 3170, 460, 460, 1840, 460, 460, 460, 3060, 60, 2210, 2210, 2210, 150, 2210, 2210, 40, 3940, 3940, 40, 3940, 40, 3940, 40, 40, 3940, 3730, 3730, 3730, 3730, 3730, 0, 0, 0, 0, 0, 1080, 0, 0, 60, 2020, 20, 3930, 60, 0, 2020, 0, 2020, 60, 2020, 0, 60, 2020, 60, 70, 70, 70, 70, 70, 1390, 2530, 340, 150, 4620, 90, 4620, 2530, 90, 4620, 150, 340, 2530, 90, 150, 340, 90, 4620, 4620, 90, 340, 2530, 150, 340, 2530, 150, 350, 7450, 3930, 3930, 3930, 3930, 3930, 4580, 4580, 4580, 4580, 4580, 750, 130, 4030, 4030, 4030, 4030, 4030, 17600, 17600, 17600, 17600, 17600, 910, 910, 910, 910, 910, 2370, 10, 10, 10, 10, 10, 980, 6430, 1950, 0, 1170, 1170, 1170, 1170, 1170, 5100, 6600, 5100, 5100, 5100, 6600, 6600, 5100, 6600, 6600, 90, 5520, 950, 90, 90, 90, 90, 0, 1330, 220, 200, 220, 200, 220, 1330, 220, 200, 1330, 220, 200, 1330, 200, 1330, 380, 380, 380, 380, 380, 120, 120, 120, 120, 120, 380, 380, 380, 380, 380, 740, 740, 740, 740, 740, 2280, 2280, 2280, 2280, 2280, 50, 2530, 2530, 2530, 2530, 2530, 570, 570, 2420, 570, 570, 6140, 570, 50, 50, 100, 50, 100, 100, 50, 50, 100, 100, 30, 30, 30, 1030, 1720, 1030, 30, 30, 1030, 30, 1030, 1030, 290, 290, 7170, 20, 20, 7170, 20, 7170, 20, 7170, 20, 7170, 360, 460, 460, 460, 460, 460, 60, 60, 30, 3850, 20630, 230, 20630, 230, 230, 20630, 230, 20630, 230, 20630, 3410, 3410, 3410, 3410, 3410, 1490, 1490, 7390, 1490, 1490, 1490, 610, 610, 610, 610, 610, 1520, 1180, 50, 50, 50, 50, 50, 2240, 2240, 2240, 2240, 2240, 430, 430, 430, 430, 430, 480, 100, 100, 100, 480, 100, 480, 100, 480, 480, 700, 700, 700, 700, 700, 400, 400, 400, 400, 400, 850, 220, 850, 850, 850, 850, 30, 30, 30, 30, 30, 7920, 2370, 7920, 2370, 7920, 2370, 1060, 7920, 2370, 7920, 2370, 860, 40, 40, 40, 40, 40, 150, 150, 150, 150, 150, 3110, 6440, 3110, 6440, 3110, 6440, 6440, 3110, 6440, 3110, 5820, 5820, 170, 2740, 260, 260, 2740, 260, 260, 2740, 2740, 260, 2740, 200, 200, 200, 200, 200, 690, 1410, 2060, 2060, 1410, 690, 2060, 22360, 690, 1410, 690, 690, 1410, 2060, 1410, 2060, 3030, 7640, 160, 3030, 7640, 7640, 160, 160, 7640, 3030, 160, 3030, 3030, 160, 700, 700, 700, 700, 700, 690, 240, 70, 70, 70, 70, 70, 30, 30, 30, 30, 30, 590, 80, 80, 80, 80, 80, 1200, 5270, 760, 3620, 590, 1980, 190, 190, 190, 190, 190, 780, 780, 780, 780, 780, 260, 260, 260, 260, 260, 10800, 1340, 10800, 2850, 2850, 2850, 2850, 2850, 20, 20, 20, 20, 20, 820]"
2020-11-03 19:50:00+00:00,4177610,5,1043.0,"[1500, 5420, 5420, 5420, 1500, 5420, 5420, 1720, 1390, 370, 1780, 130, 130, 130, 130, 130, 2930, 2930, 1500, 160, 0, 0, 0, 0, 0, 50, 50, 50, 50, 50, 4220, 4220, 4220, 4220, 4220, 3910, 3910, 3910, 3910, 3910, 4230, 4230, 780, 4230, 780, 780, 4230, 780, 4230, 780, 150, 150, 1670, 260, 110, 2530, 760, 0, 0, 0, 0, 0, 2010, 5890, 2010, 2010, 30, 2010, 30, 5890, 30, 30, 30, 2010, 640, 640, 640, 230, 640, 640, 2200, 270, 430, 430, 1700, 3670, 430, 270, 430, 430, 1430, 940, 2580, 940, 940, 940, 940, 270, 270, 310, 310, 310, 310, 310, 5360, 600, 2660, 2660, 600, 2660, 600, 2660, 600, 2660, 600, 180, 180, 180, 180, 180, 2850, 2850, 2850, 2850, 2850, 2530, 1840, 1840, 1840, 1840, 1840, 80, 80, 80, 80, 80, 4290, 4290, 4290, 4290, 4290, 160490, 2010, 5280, 50, 50, 140, 5890, 5890, 260, 10, 280, 5890, 5890, 5890, 30, 30, 30, 30, 30, 690, 690, 690, 690, 40, 690, 4280, 4280, 70, 4280, 4280, 4280, 400, 300, 15500, 20, 20, 20, 20, 20, 5890, 208950, 208950, 700, 208950, 208950, 208950, 2780, 2110, 2780, 970, 970, 20, 970, 20, 20, 970, 20, 20, 970, 14190, 14190, 14190, 14190, 14190, 720, 430, 2880, 430, 430, 430, 430, 30, 140, 140, 30, 140, 140, 30, 140, 30, 30, 1900, 1640, 710, 50, 1720, 0, 0, 0, 0, 0, 360, 8810, 500, 1070, 1070, 140, 1070, 1070, 1070, 1640, 430, 40, 40, 40, 40, 40, 1990, 170, 1990, 170, 1990, 1990, 170, 1990, 170, 170, 460, 460, 460, 460, 460, 40, 40, 40, 40, 40, 11080, 11080, 11080, 11080, 80, 80, 80, 80, 80, 20, 1800, 170, 960, 1010, 1010, 960, 1010, 960, 1010, 960, 1010, 960, 1050, 3510, 1580, 3510, 3510, 3510, 3510, 1530, 1600, 1530, 1530, 1530, 1530, 6180, 6180, 6180, 6180, 6180, 100, 100, 100, 100, 100, 10, 10, 12840, 10, 10, 10, 670, 3290, 2280, 2280, 2280, 2280, 2280, 790, 790, 790, 790, 790, 560, 30, 30, 30, 30, 30, 520, 520, 520, 520, 520, 80, 2360, 7600, 2360, 80, 80, 80, 80, 1450, 120, 50, 50, 50, 50, 50, 80, 80, 80, 80, 80, 860, 860, 860, 860, 860, 2250, 1430, 2250, 2250, 1430, 2250, 2250, 1430, 1430, 1430, 23120, 38240, 50, 80, 700, 120, 6840, 0, 0, 40, 40, 40, 40, 40, 2050, 2950, 2950, 2050, 2050, 2050, 2950, 2050, 2950, 2950, 80, 17330, 400, 8220, 8220, 8220, 8220, 8220, 10540, 0, 10, 10, 200, 10, 10, 10, 100, 100, 100, 100, 100, 1560, 1560, 1560, 1560, 1560, 740, 4100, 740, 740, 740, 740, 5190, 2980, 2980, 130, 2980, 2980, 2980, 280, 40, 40, 40, 40, 40, 40, 1580, 6240, 6240, 460, 6240, 6240, 6240, 2340, 2190, 2190, 2190, 2190, 2190, 140, 140, 40, 40, 40, 40, 40, 6190, 300, 570, 6190, 300, 300, 6190, 300, 6190, 300, 6190, 230, 230, 230, 230, 230, 200, 30, 830, 30, 30, 30, 30, 830, 110, 50, 110, 50, 110, 50, 110, 50, 50, 110, 1340, 1340, 1340, 1340, 1340, 1570, 1570, 1570, 1570, 1300, 730, 730, 730, 730, 1570, 730, 1900, 4000, 4000, 4000, 4000, 4000, 110, 110, 110, 400, 400, 110, 110, 4100, 400, 400, 400, 790, 790, 790, 790, 790, 257240, 3930, 1760, 2900, 1760, 257240, 2900, 1760, 257240, 2900, 3930, 257240, 2900, 2900, 1760, 257240, 1760, 10, 50, 400, 50, 10, 400, 1450, 10, 400, 50, 10, 50, 400, 10, 50, 400, 2490, 30, 2420, 30, 2420, 30, 2420, 30, 2420, 30, 2420, 50, 50, 80, 270, 800, 800, 80, 270, 800, 800, 270, 80, 800, 270, 80, 80, 270, 150, 20, 20, 20, 250, 250, 250, 250, 3060, 20, 20, 250, 490, 50, 40, 40, 40, 50, 490, 50, 40, 490, 40, 490, 50, 50, 490, 270, 270, 830, 270, 270, 270, 0, 30, 50, 50, 50, 30, 180, 50, 180, 50, 260, 0, 260, 0, 0, 0, 260, 0, 260, 260, 40, 17910, 17910, 17910, 300, 17910, 17910, 300, 300, 300, 300, 150, 1800, 1800, 1800, 1800, 2820, 1800, 5370, 5500, 5500, 5500, 5500, 5500, 1670, 1670, 1670, 1670, 1670, 110, 110, 110, 110, 110, 4060, 40, 1770, 40, 1770, 40, 40, 1770, 1770, 1770, 4060, 4310, 40, 7260, 10, 10, 10, 10, 10, 1900, 1900, 3480, 1900, 730, 1900, 1900, 3880, 1880, 0, 0, 1800, 0, 0, 1800, 0, 1800, 1800, 1800, 200, 130, 130, 130, 130, 130, 550, 550, 550, 550, 550, 420, 170, 10, 170, 170, 170, 170, 2330, 2330, 2330, 2330, 2330, 4310, 4310, 4310, 4310, 4310, 80, 2690, 1960, 350, 2690, 2690, 2690, 2690, 13080, 13080, 240, 13080, 13080, 13080, 100, 1380, 1380, 1380, 1380, 100, 1380, 840, 400, 400, 840, 400, 840, 840, 400, 840, 400, 1320, 110, 110, 2750, 110, 110, 110, 5140, 300, 5140, 300, 300, 300, 5140, 5140, 300, 5140, 60, 2020, 910, 420, 260, 2020, 420, 2020, 420, 2020, 420, 2020, 420, 2510, 2510, 2510, 2510, 2510, 100, 100, 100, 100, 100, 1040, 1040, 1040, 1040, 1040, 390, 220, 220, 390, 390, 220, 390, 220, 220, 390, 220, 220, 220, 220, 220, 1500, 720, 50, 50, 20, 17620, 50, 1500, 50, 50, 1490, 1490, 570, 9090, 1490, 1490, 1490, 3560, 3560, 3560, 3560, 3560, 320, 320, 10, 10, 10, 320, 320, 10, 320, 10, 2750, 2750, 490, 2750, 50, 490, 50, 50, 2750, 50, 490, 2750, 50, 490, 490, 10, 10, 30, 80, 30, 10, 80, 30, 80, 80, 10, 30, 80, 10, 30, 530, 530, 530, 530, 530, 20, 20, 20, 20, 20, 1710, 1710, 1710, 1710, 1710, 370, 370, 370, 370, 370, 10460, 40, 830, 340, 610, 470, 340, 340, 470, 340, 610, 470, 340, 610, 470, 610, 610, 470, 0, 0, 0, 0, 0, 270, 270, 270, 270, 270, 340, 2670, 4020, 2670, 2670, 2670, 4020, 340, 2670, 390, 100, 390, 390, 390, 390, 670, 910, 40, 10, 10120, 10, 270, 10, 10120, 10120, 10, 10120, 10, 10120, 640, 640, 640, 640, 640, 17040, 840, 840, 840, 840, 840, 180, 2320, 150, 160, 160, 150, 160, 150, 150, 160, 150, 160, 3310, 3310, 3310, 3310, 3310, 30, 30, 30, 310, 30, 30, 1010, 1120, 1120, 1120, 1120, 1120, 30, 30, 30, 30, 30, 1300, 10, 200, 200, 1300, 10, 1300, 10, 200, 10, 1300, 200, 10, 1300, 200]"
2020-11-03 19:55:00+00:00,2406360,0,1026.0,"[80, 80, 80, 80, 80, 70, 70, 70, 220, 70, 220, 220, 70, 220, 220, 690, 690, 70, 2090, 70, 70, 70, 70, 0, 0, 0, 0, 0, 120, 120, 120, 120, 120, 800, 800, 170, 800, 800, 800, 4160, 4160, 0, 4160, 0, 0, 4160, 0, 0, 4160, 30, 4090, 4090, 6480, 6480, 4090, 30, 2170, 4090, 30, 6480, 6480, 4090, 30, 6480, 30, 610, 40, 40, 40, 40, 40, 40, 50, 50, 50, 50, 50, 50, 40, 380, 380, 380, 380, 380, 30, 30, 220, 50, 50, 50, 50, 50, 250, 250, 250, 250, 250, 2800, 740, 40, 260, 260, 1000, 260, 260, 260, 50, 110, 50, 7870, 50, 110, 110, 7870, 50, 7870, 50, 7870, 110, 7870, 110, 50, 4340, 4340, 4340, 4340, 4340, 120, 2740, 580, 540, 3220, 540, 580, 540, 580, 540, 580, 540, 580, 3220, 10, 100, 100, 100, 10, 100, 10, 100, 10, 10, 250, 250, 250, 250, 250, 20, 5130, 5130, 5130, 20, 20, 5130, 20, 5130, 20, 3630, 3630, 3630, 3630, 3630, 100, 100, 100, 100, 100, 28290, 8330, 28290, 28290, 28290, 28290, 210, 210, 210, 210, 210, 120, 360, 360, 360, 360, 360, 180, 180, 180, 180, 180, 3800, 730, 3800, 3800, 3800, 3800, 0, 5360, 5360, 5360, 5360, 5360, 320, 10, 10, 320, 320, 10, 320, 10, 320, 10, 2270, 2270, 4340, 2270, 2270, 2270, 3960, 4000, 70, 100, 70, 70, 70, 70, 390, 390, 390, 390, 390, 50, 40, 40, 40, 50, 50, 40, 40, 50, 50, 140, 4560, 80, 140, 140, 4560, 140, 30, 140, 500, 500, 500, 500, 500, 740, 270, 740, 740, 630, 740, 740, 1820, 1820, 1820, 1820, 1820, 490, 490, 490, 490, 490, 870, 870, 520, 490, 490, 490, 490, 490, 40, 300, 15740, 15740, 300, 15740, 300, 300, 15740, 300, 15740, 50, 450, 450, 50, 450, 50, 50, 450, 450, 50, 190, 0, 190, 50, 190, 190, 190, 40, 40, 40, 40, 40, 170, 2970, 170, 220, 220, 2970, 220, 2970, 170, 170, 2970, 2970, 220, 170, 220, 3120, 3120, 3120, 280, 3120, 3120, 40, 1210, 1210, 40, 1210, 40, 40, 40, 1210, 1210, 1140, 1140, 1140, 1140, 1140, 3660, 3660, 3660, 3660, 3660, 290, 3720, 3720, 3720, 3720, 3720, 90, 90, 90, 90, 90, 4010, 1200, 630, 1200, 1200, 1200, 1200, 320, 30, 30, 30, 30, 30, 14150, 80, 10410, 1490, 170, 1490, 170, 1490, 1490, 1490, 490, 130, 490, 130, 200, 60, 830, 830, 830, 830, 830, 990, 6600, 310, 310, 990, 310, 310, 990, 990, 310, 990, 70, 70, 70, 70, 70, 20, 500, 2260, 3780, 4020, 460, 4020, 460, 460, 3780, 4020, 3780, 460, 4020, 3780, 4020, 460, 3780, 4370, 170, 4370, 4370, 80, 80, 170, 170, 80, 80, 170, 80, 4370, 170, 4370, 2760, 180, 180, 180, 180, 180, 80, 4860, 360, 80, 260, 260, 80, 80, 80, 80, 80, 40, 340, 340, 340, 340, 340, 3090, 3090, 3090, 3090, 3090, 550, 180, 11360, 180, 180, 11360, 180, 180, 11360, 11360, 11360, 0, 0, 160, 0, 0, 0, 620, 870, 11360, 11360, 620, 11360, 620, 870, 11360, 620, 11360, 620, 620, 1780, 3000, 220, 5230, 10, 1180, 1080, 1030, 30, 30, 1030, 30, 1030, 30, 1030, 30, 1030, 400, 400, 400, 400, 400, 860, 860, 860, 860, 860, 2530, 190, 190, 190, 190, 190, 26730, 130, 26730, 26730, 130, 130, 26730, 130, 130, 26730, 12130, 12130, 490, 12130, 12130, 12130, 390, 520, 520, 520, 520, 520, 190, 60, 4880, 4880, 40, 40, 40, 40, 40, 11260, 1640, 35340, 1640, 1640, 1640, 1640, 90, 90, 90, 90, 90, 430, 290, 290, 290, 430, 290, 290, 700, 700, 700, 700, 700, 70, 70, 70, 70, 70, 3460, 30, 290, 40, 40, 40, 40, 40, 130, 490, 1270, 7800, 13220, 13220, 13220, 13220, 13220, 220, 220, 220, 220, 220, 50, 50, 50, 50, 50, 20, 13220, 1150, 460, 7450, 7450, 7450, 7450, 7450, 3270, 660, 190, 2060, 2060, 2060, 2060, 2060, 60, 100, 320, 20, 320, 320, 320, 320, 2250, 2250, 2250, 2250, 2250, 70, 170, 30, 6710, 5700, 3120, 720, 3120, 280, 3120, 720, 720, 3120, 720, 3120, 720, 40, 430, 430, 40, 310, 40, 40, 310, 370, 310, 430, 310, 40, 430, 310, 430, 250, 1000, 250, 1000, 1000, 250, 1000, 250, 250, 1000, 830, 0, 450, 450, 450, 450, 450, 150, 150, 150, 510, 150, 110, 150, 5700, 5700, 5700, 5700, 5700, 3560, 13220, 3560, 190, 190, 190, 190, 190, 30, 30, 30, 30, 30, 11260, 11260, 370, 11260, 370, 370, 11260, 370, 8500, 370, 11260, 800, 1460, 300, 300, 300, 300, 300, 500, 550, 660, 10280, 22290, 520, 80, 22290, 520, 22290, 520, 520, 520, 22290, 22290, 1170, 1170, 5530, 1170, 5530, 1170, 5530, 2390, 5530, 1170, 5530, 10850, 10850, 10850, 10850, 10850, 8200, 280, 280, 280, 280, 280, 530, 1100, 1100, 1100, 1100, 1100, 40040, 80, 80, 80, 40040, 80, 40040, 40040, 40040, 80, 890, 890, 5110, 5110, 1080, 5110, 5110, 5110, 90, 90, 4840, 90, 90, 90, 1490, 10, 10, 10, 10, 10, 5560, 5560, 5560, 5560, 5560, 60, 5790, 5580, 5580, 5790, 5580, 5580, 5580, 120, 120, 120, 2400, 120, 120, 420, 880, 880, 880, 880, 880, 3510, 3510, 3510, 3510, 3510, 10, 0, 100, 20, 70, 70, 70, 70, 70, 3810, 620, 14020, 620, 14020, 3810, 3810, 620, 3810, 14020, 620, 14020, 14020, 620, 3810, 460, 1070, 1070, 130, 30, 30, 130, 30, 130, 30, 130, 30, 130, 0, 1600, 630, 630, 420, 1550, 120, 2190, 2190, 2190, 2190, 120, 120, 2190, 120, 120, 30, 30, 30, 3000, 30, 30, 5550, 5550, 5550, 5550, 5550, 4680, 80, 4680, 4680, 170, 240, 4680, 80, 4680, 80, 80, 80, 60, 280, 280, 2060, 4750, 370, 4750, 4750, 370, 4750, 370, 4750, 370, 370, 2690, 2690, 2690, 2690, 2690, 580, 580, 580, 580, 580, 520, 400, 430, 430, 430, 430, 400, 430, 400, 400, 400, 440, 2060, 440, 630, 30, 30, 30, 30, 30, 30, 30, 30, 30, 30, 5310, 5310, 27160, 460, 5890, 3890, 3890, 3890, 3890, 3890, 620, 620, 620, 620, 620, 0, 200, 200, 200, 200, 200, 580, 580, 580, 580, 580, 10, 10, 740, 10, 10, 10, 20, 20, 20, 20, 20, 450, 450, 450, 450, 450]"
2020-11-03 20:00:00+00:00,2141100,2,884.0,"[20, 30, 110, 110, 110, 110, 110, 4680, 440, 4680, 440, 440, 4680, 4680, 440, 4680, 440, 80, 550, 9270, 550, 550, 80, 550, 80, 550, 80, 80, 4990, 4990, 4990, 4990, 4990, 230, 180, 270, 270, 270, 270, 270, 2060, 2060, 2060, 2060, 2060, 7940, 1290, 110, 110, 110, 110, 110, 200, 200, 200, 200, 200, 80, 80, 80, 80, 80, 1550, 1550, 1550, 1550, 1550, 730, 960, 730, 730, 960, 730, 730, 5330, 5330, 100, 10, 170, 170, 170, 170, 170, 390, 390, 10, 390, 10, 10, 390, 10, 390, 10, 440, 440, 440, 440, 440, 6910, 20, 6910, 20, 20, 6910, 20, 6910, 6910, 20, 290, 22200, 22200, 730, 730, 730, 730, 27850, 1490, 730, 170, 170, 170, 170, 170, 200, 22200, 300, 620, 1930, 22200, 1930, 620, 22200, 1930, 620, 620, 300, 1930, 22200, 22200, 620, 1930, 960, 960, 3810, 1020, 1300, 2710, 1580, 1580, 1580, 1580, 1580, 4420, 4420, 4420, 4420, 4420, 180, 180, 180, 180, 180, 600, 600, 600, 600, 600, 460, 990, 460, 460, 460, 990, 990, 990, 990, 60, 460, 10, 10, 10, 10, 10, 1080, 1080, 1080, 1080, 1080, 130, 80, 80, 130, 130, 80, 130, 80, 130, 80, 1300, 1300, 1300, 1300, 1300, 930, 1250, 1250, 1250, 1250, 1250, 50, 30, 160, 50, 0, 40, 14110, 9420, 9420, 9420, 9420, 9420, 2350, 2400, 2400, 2400, 670, 670, 2400, 670, 670, 670, 2400, 20, 20, 20, 20, 20, 10, 10, 10, 10, 10, 630, 130, 130, 630, 630, 130, 130, 630, 630, 130, 20, 80, 80, 80, 630, 80, 80, 1820, 1820, 1820, 110, 1820, 1820, 113660, 30, 30, 30, 30, 30, 20, 20, 5040, 20, 20, 20, 6020, 2400, 2420, 40, 0, 1490, 0, 40, 0, 1490, 40, 0, 40, 1490, 40, 0, 1490, 1490, 290, 290, 290, 290, 4060, 290, 150, 150, 150, 150, 150, 3700, 7560, 3490, 3700, 7560, 3700, 3700, 3700, 700, 700, 700, 700, 700, 710, 1980, 710, 710, 710, 710, 23790, 90, 630, 2810, 2810, 2810, 2810, 2810, 10, 1560, 1870, 10, 20, 10, 10, 20, 1870, 1870, 20, 20, 1870, 10, 20, 1870, 0, 0, 0, 0, 0, 1940, 230, 1940, 230, 230, 1940, 230, 1940, 230, 1940, 700, 0, 730, 20, 20, 20, 20, 20, 20, 790, 5100, 5100, 5100, 5100, 5100, 4610, 350, 350, 350, 350, 350, 1940, 1370, 1400, 1400, 30, 30, 30, 30, 30, 17120, 17120, 1750, 1750, 1750, 17120, 1750, 17120, 17120, 1750, 50, 40, 50, 50, 390, 50, 50, 40, 6210, 40, 40, 6210, 17140, 6210, 40, 6210, 6210, 40, 3960, 170, 170, 170, 170, 170, 830, 2540, 1720, 700, 50440, 50440, 700, 50440, 50440, 700, 50440, 700, 700, 30, 40, 8350, 8350, 4010, 700, 8350, 8350, 8350, 10, 40, 40, 40, 40, 40, 120, 860, 860, 860, 340, 2590, 340, 340, 860, 340, 340, 860, 580, 580, 580, 580, 580, 8350, 360, 120, 790, 5670, 790, 5670, 790, 790, 790, 100, 100, 100, 100, 100, 3660, 130, 6530, 130, 6530, 6530, 130, 6530, 6530, 130, 130, 7450, 7450, 3870, 3870, 3870, 3870, 3870, 320, 320, 320, 320, 320, 870, 870, 870, 870, 870, 30, 30, 30, 30, 30, 520, 340, 1580, 1580, 340, 1580, 340, 1580, 340, 1580, 340, 140, 200, 200, 200, 200, 200, 70, 1220, 10, 330, 1290, 10, 1290, 1290, 10, 13810, 10, 1290, 10, 10, 1290, 6960, 120, 120, 120, 120, 120, 460, 2840, 4820, 4820, 100, 100, 100, 100, 100, 670, 50, 50, 50, 50, 50, 1130, 1130, 1130, 1130, 1130, 2870, 3250, 3930, 3930, 3930, 3930, 4410, 200, 200, 200, 200, 200, 3030, 70, 18630, 18630, 18630, 18630, 18630, 170, 170, 170, 170, 170, 1350, 30, 2490, 870, 480, 610, 610, 2450, 2450, 2450, 2450, 2450, 3620, 3620, 3620, 3620, 3620, 430, 430, 430, 430, 430, 210, 210, 210, 210, 210, 120, 60, 60, 60, 60, 60, 520, 410, 1240, 120, 120, 120, 120, 120, 1110, 1110, 23800, 5730, 1110, 0, 1110, 5730, 0, 0, 40, 0, 1110, 5730, 5730, 0, 5730, 1500, 420, 860, 90, 90, 90, 90, 90, 400, 400, 400, 400, 400, 120, 120, 120, 120, 120, 30, 730, 30, 730, 730, 30, 730, 30, 730, 30, 0, 0, 0, 0, 0, 940, 940, 940, 940, 940, 360, 60, 60, 60, 60, 60, 420, 420, 420, 420, 420, 5120, 5120, 5120, 5120, 5120, 150, 150, 150, 150, 150, 200, 200, 200, 200, 200, 20, 3530, 10, 3530, 10, 3530, 3530, 10, 3530, 10, 10, 5060, 8620, 8620, 250, 8970, 760, 760, 1190, 1190, 1190, 1190, 1190, 410, 410, 410, 410, 410, 480, 480, 480, 480, 480, 3500, 1160, 10630, 1160, 1160, 1160, 1160, 0, 0, 0, 0, 0, 1590, 1590, 1590, 1590, 1590, 1000, 3790, 260, 3530, 3530, 3530, 3530, 3530, 200, 1500, 1500, 30, 30, 30, 30, 30, 1270, 400, 400, 400, 400, 400, 200, 1670, 120, 1670, 120, 1670, 1670, 120, 1670, 120, 120, 160, 3930, 450, 450, 450, 450, 450, 20, 20, 20, 20, 20, 10, 10, 10, 10, 10, 430, 430, 430, 430, 430, 10850, 30, 10850, 360, 10850, 10850, 30, 10850, 30, 30, 30, 2380, 2380, 2380, 0, 2380, 2380, 400, 220, 400, 400, 400, 400, 18920, 18920, 830, 18920, 18920, 18920, 0, 0, 30, 0, 30, 30, 0, 30, 30, 0, 10380, 520, 2060, 100, 2060, 100, 2060, 520, 2060, 100, 100, 2060, 100]"
2020-11-03 20:05:00+00:00,1990370,0,859.0,"[1070, 60, 80, 80, 60, 80, 80, 80, 940, 1070, 1070, 1070, 1070, 1070, 440, 1590, 1090, 3930, 25920, 360, 360, 360, 25920, 25920, 360, 360, 25920, 25920, 1180, 320, 70, 70, 70, 70, 70, 320, 6960, 6960, 6960, 6960, 6960, 510, 16120, 30, 250, 250, 30, 250, 30, 250, 30, 250, 30, 630, 630, 220, 3210, 220, 220, 630, 220, 630, 220, 630, 540, 150, 2240, 2240, 12650, 10, 570, 570, 570, 10, 3410, 12650, 12650, 3410, 3410, 3410, 10, 3410, 570, 12650, 12650, 10, 570, 10, 330, 330, 330, 330, 330, 20, 20, 20, 20, 20, 190, 0, 0, 190, 190, 190, 0, 190, 0, 0, 0, 0, 0, 0, 0, 20, 20, 20, 20, 20, 70, 70, 70, 70, 70, 11520, 50, 2120, 2120, 2120, 2120, 50, 2120, 11400, 820, 820, 820, 11400, 0, 820, 11400, 11400, 820, 11400, 2620, 2620, 2620, 2620, 2620, 130, 130, 4300, 4300, 2590, 120, 120, 20, 130, 10, 12240, 12240, 12240, 12240, 12240, 120, 120, 120, 120, 120, 60, 480, 90, 60, 1390, 1390, 1390, 1390, 1390, 670, 730, 700, 670, 670, 730, 730, 670, 730, 670, 730, 300, 300, 300, 300, 300, 0, 680, 0, 130, 0, 0, 680, 0, 160, 160, 160, 160, 160, 230, 230, 230, 230, 230, 300, 300, 300, 300, 300, 17460, 640, 17460, 17460, 640, 17460, 640, 640, 17460, 640, 50, 6460, 100, 100, 100, 100, 100, 6340, 2930, 2930, 6340, 2930, 2930, 6340, 2930, 6340, 6340, 40, 320, 320, 60, 40, 40, 60, 60, 60, 60, 40, 40, 40, 220, 220, 220, 220, 220, 540, 5120, 13240, 13240, 13240, 13240, 13240, 4320, 470, 4320, 470, 4320, 470, 4320, 470, 470, 4320, 20, 20, 20, 20, 20, 1680, 1680, 1680, 1680, 1680, 270, 270, 270, 270, 270, 90, 760, 90, 90, 760, 760, 760, 90, 760, 90, 870, 870, 870, 870, 870, 470, 380, 2500, 50, 380, 2500, 2500, 50, 50, 380, 2500, 50, 380, 2500, 50, 380, 200, 200, 200, 200, 200, 380, 1920, 1920, 90, 220, 3050, 90, 90, 90, 90, 90, 380, 380, 380, 380, 380, 700, 700, 700, 700, 700, 2290, 2290, 14710, 2290, 2290, 2290, 760, 760, 760, 760, 760, 50, 50, 50, 50, 50, 6960, 6960, 6960, 6960, 6960, 820, 320, 820, 320, 820, 320, 820, 320, 820, 320, 250, 8260, 3660, 3660, 3660, 3660, 3660, 60, 60, 60, 60, 60, 1260, 35990, 4120, 360, 22870, 8250, 8250, 30, 20, 20, 2470, 20, 20, 20, 20, 20, 20, 20, 20, 3780, 3780, 3780, 3780, 3780, 30, 30, 30, 30, 30, 500, 500, 500, 500, 500, 230, 200, 200, 20, 20, 20, 20, 20, 700, 700, 50, 1000, 1000, 1000, 1000, 1000, 1340, 1340, 1340, 1340, 1340, 870, 490, 490, 870, 490, 490, 870, 490, 870, 870, 20, 20, 20, 20, 20, 40, 1030, 162550, 40, 40, 40, 40, 490, 8120, 8120, 8120, 8120, 8120, 40, 60, 60, 60, 60, 60, 5790, 40, 5790, 40, 5790, 40, 5790, 40, 40, 5790, 300, 2510, 140, 140, 140, 140, 140, 10, 3820, 9770, 9770, 3820, 3820, 9770, 9770, 3820, 9770, 3820, 740, 740, 740, 740, 740, 240, 240, 1670, 240, 240, 240, 40, 1120, 220, 220, 220, 220, 220, 1410, 160, 5290, 550, 130, 15170, 15170, 15170, 15170, 15170, 10, 10, 10, 10, 10, 150, 2050, 320, 320, 320, 320, 320, 20, 180, 3920, 3560, 180, 180, 180, 180, 1680, 700, 1680, 700, 1680, 700, 700, 700, 1680, 1680, 150, 150, 150, 80, 150, 150, 440, 440, 440, 440, 440, 270, 140, 140, 140, 270, 270, 270, 270, 140, 140, 160, 160, 160, 160, 160, 370, 370, 390, 370, 390, 390, 370, 390, 370, 390, 2560, 2560, 2560, 2560, 2560, 20, 20, 20, 20, 20, 2220, 2220, 2220, 2220, 2220, 50, 50, 50, 50, 50, 170, 690, 170, 170, 170, 240, 240, 240, 240, 170, 240, 4810, 30, 0, 0, 10960, 0, 0, 10960, 0, 10960, 10960, 10960, 3650, 3650, 3650, 3650, 3650, 560, 13920, 13920, 13920, 13920, 13920, 770, 770, 770, 770, 770, 550, 200, 200, 200, 200, 200, 3200, 220, 220, 450, 3200, 220, 3200, 220, 220, 3200, 3200, 190, 3200, 3200, 3200, 3200, 3200, 340, 3160, 640, 2420, 640, 2420, 2420, 640, 2420, 640, 2420, 640, 90, 90, 90, 90, 90, 220, 1070, 1070, 400, 5070, 5070, 910, 5070, 5070, 5070, 20, 530, 530, 530, 10, 10, 530, 10, 10, 10, 530, 2420, 1070, 90, 90, 90, 90, 1070, 90, 20, 460, 7810, 130, 140, 3420, 3420, 3420, 3420, 3420, 30, 30, 30, 30, 3640, 3640, 3640, 3640, 3640, 20400, 340, 0, 20, 20, 20, 0, 20, 0, 0, 0, 20, 750, 750, 750, 410, 750, 750, 9780, 6230, 3420, 9780, 9780, 9780, 9780, 3520, 3210, 10, 10, 5060, 10, 10, 3210, 3210, 3210, 3210, 10, 2430, 2430, 2430, 2430, 2430, 20, 20, 20, 20, 20, 60, 60, 60, 3170, 60, 60, 17370, 810, 10, 10, 10, 10, 10, 740, 740, 740, 740, 740, 10, 10, 10, 10, 10, 50, 50, 50, 50, 50, 30, 1000, 1000, 1000, 1000, 1000, 110, 1270, 1270, 1270, 1270, 1270, 13920, 13920, 13920, 13920, 13920, 560, 560, 560, 560, 560, 280, 20, 280, 20, 280, 20, 280, 20, 20, 280, 0, 6700]"
2020-11-03 20:10:00+00:00,1523050,0,755.0,"[280, 280, 280, 280, 280, 1140, 1140, 360, 360, 360, 360, 360, 640, 640, 120, 6870, 6870, 6870, 6870, 6870, 80, 80, 80, 80, 80, 0, 0, 0, 0, 0, 120, 1180, 120, 120, 120, 120, 100, 100, 2170, 100, 100, 100, 250, 140, 3930, 2660, 1160, 8340, 8340, 70, 70, 0, 0, 70, 0, 0, 70, 0, 70, 290, 160, 160, 160, 160, 290, 160, 0, 0, 190, 190, 190, 0, 190, 190, 0, 0, 1810, 1810, 870, 220, 300, 10, 80, 400, 400, 400, 80, 400, 80, 80, 400, 80, 630, 630, 630, 630, 630, 17460, 17460, 17460, 17460, 17460, 100, 100, 100, 100, 100, 3900, 2000, 3900, 2000, 2000, 3900, 3900, 3900, 2000, 2000, 810, 630, 10, 10, 10, 10, 10, 150, 150, 150, 150, 150, 9010, 460, 660, 13190, 160, 160, 13190, 660, 13190, 660, 160, 13190, 660, 13190, 660, 160, 160, 170, 170, 170, 170, 170, 1240, 170, 170, 170, 170, 170, 70, 1360, 1360, 70, 1360, 1360, 1360, 10740, 4290, 4290, 20, 1170, 180, 10, 180, 10, 180, 180, 10, 180, 10, 10, 2240, 2240, 2240, 2240, 2240, 90, 6560, 6560, 90, 6560, 90, 90, 90, 6560, 6560, 2670, 560, 720, 720, 720, 720, 720, 80, 80, 0, 0, 80, 0, 80, 0, 0, 80, 1930, 1180, 60, 60, 60, 60, 1180, 1180, 1180, 1180, 60, 700, 20, 90, 90, 90, 90, 90, 1380, 20, 0, 6670, 60, 60, 60, 6670, 60, 6670, 6670, 6670, 60, 690, 690, 970, 690, 690, 690, 1820, 21310, 1820, 1820, 1820, 1820, 1130, 10, 10, 10, 10, 10, 230, 5510, 1780, 1780, 5510, 1780, 5510, 1780, 5510, 1780, 5510, 570, 3670, 140, 140, 140, 3670, 3670, 140, 3670, 140, 3670, 1650, 120, 120, 120, 120, 120, 0, 0, 0, 0, 0, 870, 870, 870, 870, 870, 1000, 1000, 1000, 1000, 1000, 220, 1400, 1400, 1400, 1400, 1400, 620, 620, 620, 620, 620, 4300, 20, 650, 650, 20, 650, 20, 650, 20, 650, 20, 1760, 0, 200, 200, 580, 200, 200, 200, 40, 40, 40, 40, 40, 1560, 1560, 1560, 1560, 1560, 1800, 1800, 1800, 1800, 1800, 200, 1390, 1390, 13080, 1390, 1390, 1390, 2300, 220, 900, 900, 900, 900, 900, 1380, 810, 2350, 0, 810, 810, 2350, 0, 2350, 0, 810, 2350, 0, 810, 2350, 0, 110, 2440, 2440, 2440, 2440, 2440, 140, 140, 140, 140, 140, 2740, 4110, 3480, 3480, 3480, 3480, 3480, 40, 40, 40, 40, 40, 1080, 510, 30, 30, 1080, 510, 30, 1080, 510, 30, 1080, 510, 30, 1080, 510, 0, 0, 0, 80, 0, 0, 290, 60, 290, 60, 290, 60, 290, 60, 290, 60, 410, 410, 410, 410, 410, 4290, 4290, 4290, 4290, 4290, 40, 1930, 990, 990, 990, 990, 990, 15150, 15150, 15150, 15150, 15150, 33820, 90, 80, 80, 80, 90, 90, 90, 80, 80, 90, 10, 10, 10, 10, 10, 770, 770, 770, 770, 770, 500, 630, 630, 630, 500, 500, 500, 630, 500, 630, 10, 0, 10, 0, 0, 0, 0, 20, 20, 20, 20, 20, 530, 4190, 530, 4190, 4190, 4190, 530, 4190, 530, 530, 1240, 1240, 3010, 1240, 1240, 1240, 2050, 2740, 60, 60, 60, 60, 60, 100, 6120, 6120, 90, 6120, 90, 6120, 90, 90, 6120, 90, 16120, 30, 30, 30, 30, 30, 2940, 2940, 2940, 2940, 2940, 1630, 140, 1630, 140, 1630, 140, 1630, 140, 1630, 140, 750, 20, 20, 120, 1290, 20, 20, 20, 0, 40, 0, 0, 0, 0, 0, 3540, 460, 460, 460, 3540, 460, 3540, 460, 3540, 3540, 30, 30, 30, 30, 30, 1290, 1240, 7800, 620, 2470, 8010, 30, 30, 30, 30, 30, 8010, 8010, 8010, 8010, 630, 1780, 3610, 3060, 3610, 3610, 3610, 3060, 3610, 570, 470, 350, 350, 350, 350, 350, 1490, 1490, 1490, 140, 1490, 1490, 3620, 20, 27550, 20, 20, 20, 3620, 20, 3620, 27550, 27550, 3620, 27550, 27550, 3620, 110, 1720, 510, 510, 510, 510, 510, 680, 680, 680, 680, 680, 18500, 4430, 18500, 4430, 18500, 4430, 18500, 4430, 18500, 4430, 260, 260, 0, 110, 260, 260, 260, 3290, 3290, 3290, 3290, 3290, 3700, 0, 0, 3700, 0, 0, 0, 60, 60, 60, 60, 60, 30, 30, 30, 30, 30, 60, 12490, 12490, 60, 60, 12490, 12490, 60, 12490, 60, 390, 1160, 1100, 350, 350, 350, 430, 350, 350, 3710, 6020, 1680, 20, 2440, 10990, 13080, 10260, 10260, 10260, 10260, 10260, 90, 90, 90, 90, 90, 1670, 120, 1670, 1670, 1670, 1670, 20, 20, 20, 20, 20, 170, 1080, 0, 300, 300, 300, 300, 300, 60, 1760, 480, 190, 190, 190, 190, 190, 5980, 5980, 5980, 5980, 5980, 40, 150]"
2020-11-03 20:15:00+00:00,1928530,0,716.0,"[60, 310, 5710, 60, 60, 60, 310, 5710, 60, 310, 5710, 310, 5710, 310, 5710, 7800, 1110, 40, 1110, 25420, 1110, 1110, 1110, 0, 0, 0, 0, 0, 1580, 4550, 4550, 4550, 4550, 4550, 610, 610, 2270, 610, 610, 610, 160, 160, 160, 160, 160, 200, 3600, 310, 310, 310, 310, 310, 10, 10, 10, 430, 10, 10, 2360, 980, 8150, 130, 460, 460, 460, 460, 460, 3200, 3200, 3200, 3200, 3200, 40, 40, 40, 40, 40, 5820, 5820, 3200, 900, 900, 900, 900, 900, 50, 4570, 50, 4570, 4570, 50, 50, 4570, 50, 4570, 350, 350, 350, 350, 350, 120, 120, 120, 120, 120, 420, 420, 420, 420, 420, 9280, 800, 800, 800, 800, 800, 30, 30, 30, 30, 30, 7800, 9510, 9510, 120, 120, 9510, 460, 120, 120, 9510, 120, 9510, 10, 10, 10, 10, 10, 30, 360, 900, 900, 900, 900, 900, 50550, 10, 50550, 10, 10, 10, 50550, 10, 50550, 50550, 18500, 70, 70, 18500, 70, 70, 18500, 18500, 70, 18500, 60, 5070, 3320, 220, 3320, 3320, 3320, 3320, 180, 180, 180, 180, 180, 150, 5600, 150, 150, 150, 150, 560, 1810, 1190, 650, 650, 650, 650, 650, 1190, 1190, 1190, 1190, 5200, 5200, 5200, 5200, 5200, 180, 180, 80, 80, 80, 80, 80, 4200, 4200, 420, 4200, 4200, 4200, 19330, 19330, 19330, 19330, 19330, 90, 90, 90, 90, 90, 440, 390, 390, 390, 390, 390, 180, 3750, 540, 160, 160, 160, 160, 160, 250, 250, 250, 250, 250, 300, 14380, 10, 10, 10, 300, 14380, 14380, 300, 300, 14380, 10, 300, 14380, 10, 1420, 3360, 1420, 1420, 1420, 1420, 710, 0, 280, 1190, 280, 280, 280, 280, 50, 860, 860, 50, 50, 860, 50, 860, 860, 50, 40, 40, 40, 40, 40, 10, 10, 10, 10, 10, 110, 1590, 40, 40, 40, 40, 40, 150, 950, 950, 950, 950, 950, 1860, 1860, 1860, 1860, 1860, 1980, 120, 120, 120, 120, 120, 13080, 13080, 13080, 13080, 13080, 100, 250, 940, 100, 100, 100, 100, 940, 100, 4630, 4630, 710, 1380, 1380, 1380, 1380, 1380, 600, 10, 560, 1420, 1420, 0, 1420, 0, 1420, 0, 0, 0, 1420, 1250, 990, 200, 200, 200, 200, 200, 170, 4120, 4120, 170, 170, 4120, 4120, 170, 4120, 170, 1280, 1280, 1280, 1280, 1280, 150, 20, 1250, 20, 1250, 20, 1250, 20, 1250, 1250, 20, 110, 250, 250, 250, 250, 110, 250, 110, 110, 110, 320, 320, 320, 320, 320, 40, 2070, 40, 2070, 40, 2070, 2070, 40, 2070, 40, 1250, 20, 20, 20, 590, 590, 590, 590, 2190, 590, 4210, 6620, 1090, 1090, 1090, 1090, 1090, 520, 520, 520, 520, 520, 420, 40, 16050, 130, 1370, 290, 1370, 1370, 1370, 1370, 1890, 1890, 1890, 1890, 1890, 10160, 10160, 70, 10160, 10160, 10160, 160, 0, 0, 0, 0, 0, 610, 50, 610, 610, 610, 610, 0, 80, 80, 80, 80, 80, 1300, 1300, 1300, 1300, 1300, 0, 740, 6110, 740, 740, 740, 740, 1140, 1140, 50, 1140, 1140, 1140, 16050, 16050, 16050, 16050, 16050, 2740, 350, 2740, 2740, 2740, 2740, 500, 500, 500, 500, 500, 10, 10, 2740, 2740, 2740, 2740, 2740, 80, 20, 310, 310, 310, 310, 310, 130, 130, 130, 130, 130, 250, 1230, 1230, 1230, 1230, 1230, 2070, 11700, 2070, 2070, 2070, 2070, 0, 0, 0, 0, 0, 3060, 770, 770, 25460, 360, 800, 25460, 25460, 800, 25460, 800, 25460, 800, 800, 20, 300, 300, 300, 300, 300, 70, 16280, 70, 70, 16280, 70, 70, 340, 40110, 180, 180, 180, 180, 180, 4850, 20, 270, 270, 270, 20, 270, 20, 20, 11070, 270, 20, 1590, 30, 2180, 2180, 2180, 2180, 2180, 260, 260, 260, 260, 260, 30, 30, 30, 30, 30, 1030, 1030, 1030, 1030, 1030, 120, 120, 120, 120, 120, 60, 2260, 2260, 2260, 2260, 60, 2260, 40, 2410, 460, 5610, 20, 420, 20, 23900, 23900, 20, 20, 23900, 23900, 20, 23900, 30, 290, 290, 290, 290, 290, 3000, 170, 170, 140, 170, 170, 170, 20, 650, 650, 650, 650, 650, 920, 300, 8100, 2060, 8100, 2060, 2060, 300, 8100, 2060, 300, 300, 8100, 2060, 300, 8100, 3040, 3040, 3040, 3040, 3040, 2870, 2870, 2870, 2870, 510, 2870, 2300, 2300, 2300, 2300, 2300, 520, 520, 840, 840, 840, 840, 840, 80, 5410, 5410, 5410, 5410, 5410, 2290, 2290, 2290, 2290, 2290, 130, 12260, 130, 12260, 12260, 130, 130, 12260, 130, 12260, 170, 170]"
2020-11-03 20:20:00+00:00,1330780,0,734.0,"[10, 180, 10050, 520, 30, 12260, 520, 520, 520, 520, 10, 2300, 2300, 2300, 2300, 2300, 310, 310, 310, 310, 310, 740, 740, 740, 740, 740, 1320, 50, 50, 50, 1320, 1320, 1320, 50, 50, 1320, 2410, 2410, 2410, 2410, 2410, 20, 20, 20, 20, 20, 280, 280, 10, 280, 280, 280, 80, 440, 12260, 12260, 440, 440, 12260, 440, 12260, 440, 12260, 220, 80, 30, 80, 220, 220, 80, 220, 80, 220, 80, 40, 40, 40, 40, 40, 900, 2710, 460, 2710, 2710, 2710, 2710, 330, 330, 330, 10, 330, 330, 40, 40, 260, 40, 260, 260, 40, 260, 40, 260, 90, 90, 1900, 90, 90, 90, 30, 20, 20, 20, 20, 20, 30, 520, 190, 520, 520, 520, 190, 520, 6240, 6240, 170, 170, 170, 170, 170, 750, 170, 2220, 2220, 2220, 2220, 2220, 2410, 80, 740, 32470, 740, 740, 740, 32470, 740, 190, 780, 190, 780, 190, 780, 190, 780, 190, 780, 110, 110, 110, 110, 110, 790, 790, 790, 790, 790, 280, 4000, 190, 190, 190, 190, 190, 110, 760, 760, 110, 760, 760, 110, 110, 110, 760, 41640, 860, 4450, 810, 4450, 4450, 4450, 4450, 200, 670, 670, 670, 670, 670, 4500, 4500, 4500, 4500, 4500, 680, 10620, 430, 4490, 4490, 4490, 4490, 4490, 300, 210, 300, 300, 300, 300, 320, 320, 320, 320, 320, 350, 350, 350, 350, 350, 310, 310, 250, 310, 250, 310, 250, 250, 250, 310, 680, 680, 680, 680, 680, 70, 70, 70, 70, 70, 8110, 20, 20, 20, 20, 20, 170, 200, 200, 200, 1420, 1420, 200, 1420, 200, 1420, 1420, 200, 130, 200, 200, 200, 200, 10, 10, 10, 10, 10, 230, 230, 230, 230, 230, 200, 200, 200, 2180, 200, 200, 160, 160, 160, 160, 160, 2350, 2350, 5250, 640, 640, 5830, 640, 5830, 50, 5830, 640, 5830, 50, 50, 5830, 50, 50, 640, 3040, 3040, 3040, 3040, 3040, 10, 10, 10, 10, 10, 3180, 8860, 8860, 8860, 8860, 8860, 4140, 480, 4140, 4140, 4140, 4140, 3000, 140, 1770, 1770, 1770, 6170, 1770, 1770, 4400, 4400, 4400, 4400, 4400, 40, 40, 40, 40, 40, 25420, 1490, 1490, 3830, 1490, 1490, 1490, 240, 2850, 100, 0, 0, 0, 5000, 0, 0, 1910, 490, 490, 490, 490, 490, 40, 1440, 1440, 1440, 1440, 1440, 3390, 3390, 3390, 3390, 3390, 100, 110, 110, 110, 100, 110, 100, 100, 110, 100, 2540, 2540, 2540, 2540, 2540, 480, 340, 390, 620, 1420, 1420, 1540, 1420, 1420, 1420, 3830, 14100, 590, 21260, 590, 590, 590, 590, 750, 2900, 750, 750, 2900, 2900, 750, 2900, 750, 2900, 360, 180, 180, 180, 180, 180, 3900, 7510, 3900, 7510, 7510, 7510, 3900, 3900, 7510, 3900, 720, 240, 240, 240, 240, 240, 380, 2380, 2380, 2380, 10, 2380, 2380, 90, 1630, 3390, 420, 0, 5700, 0, 5700, 5700, 5700, 5700, 180, 930, 280, 930, 20, 280, 930, 20, 930, 180, 180, 280, 20, 180, 280, 280, 930, 180, 20, 20, 20, 5000, 5000, 5000, 5000, 5000, 2070, 2070, 2070, 2070, 2070, 30, 30, 170, 30, 30, 30, 1950, 1410, 1740, 460, 460, 130, 37040, 130, 130, 130, 130, 750, 750, 170, 20, 20, 20, 20, 20, 1130, 24480, 24480, 20, 20, 20, 20, 20, 360, 360, 360, 360, 360, 4220, 10, 10, 10, 10, 10, 100, 70, 2480, 100, 2480, 2480, 70, 100, 2480, 70, 100, 2480, 70, 100, 70, 390, 10, 10, 8490, 8490, 8490, 8490, 8490, 210, 16990, 190, 1480, 210, 210, 210, 210, 10, 410, 10, 410, 10, 410, 10, 410, 10, 410, 15100, 170, 170, 170, 170, 170, 720, 720, 720, 720, 720, 4220, 4220, 4220, 4220, 4220, 6070, 6070, 120, 70, 6070, 6070, 6070, 4450, 4450, 4450, 4450, 4450, 20, 780, 60, 20, 2560, 50, 50, 5180, 5180, 2560, 5180, 50, 2560, 2560, 5180, 5180, 50, 50, 2560, 4630, 1440, 1440, 1440, 1440, 1440, 1580, 1580, 1580, 1580, 1580, 70, 70, 70, 70, 70, 10, 10, 10, 10, 10, 130, 130, 130, 130, 130, 280, 100, 100, 840, 840, 100, 840, 100, 840, 100, 840, 580, 580, 580, 580, 580, 10, 10, 25330, 2610, 50, 50, 50, 50, 50, 2480, 2480, 2480, 2480, 2480, 1980, 1400, 1400, 1400, 1400, 1400, 8880, 570, 930, 1570, 1000, 1000, 1570, 1000, 1000, 1570, 1000, 1570, 1570, 820, 820, 820, 820, 820, 0, 0, 40, 0, 40, 40, 0, 40, 40, 0, 1810, 30, 80, 30, 70, 30, 30, 80, 80, 80, 80, 30, 1240, 1240, 2510, 1240, 1240, 1240]"
2020-11-03 20:25:00+00:00,2232450,5,745.0,"[1500, 1500, 1500, 1500, 1500, 220, 220, 220, 220, 220, 120, 440, 120, 440, 440, 440, 120, 120, 440, 120, 1010, 490, 490, 9550, 1010, 1010, 490, 1010, 490, 1010, 490, 30, 18380, 2560, 2560, 2560, 2560, 30, 20, 30, 18380, 20, 18380, 30, 2560, 20, 18380, 30, 20, 18380, 20, 2740, 160, 2210, 4060, 280, 4060, 4060, 280, 4060, 4060, 280, 2210, 280, 280, 2210, 2210, 2210, 160, 160, 160, 0, 160, 0, 0, 160, 0, 0, 1220, 1450, 1450, 260, 1450, 1450, 1450, 160, 160, 160, 160, 160, 320, 320, 320, 320, 320, 160, 20, 20, 20, 20, 20, 12390, 200, 200, 200, 200, 200, 1060, 1060, 1060, 1060, 1060, 230, 87100, 230, 87100, 230, 230, 87100, 87100, 230, 87100, 40, 290, 40, 2940, 40, 40, 40, 40, 1740, 1740, 1740, 1740, 1740, 10380, 10380, 10380, 10380, 10380, 50, 50, 50, 50, 50, 20, 50, 50, 50, 3720, 50, 50, 70, 710, 15690, 950, 70, 950, 15690, 70, 70, 950, 15690, 710, 950, 15690, 950, 15690, 70, 0, 0, 0, 0, 0, 70, 10, 2350, 340, 90, 70, 2350, 340, 70, 90, 340, 2350, 90, 10, 70, 340, 70, 340, 10, 2350, 90, 10, 2350, 90, 10, 20, 1900, 800, 800, 800, 100, 100, 800, 100, 800, 100, 100, 10, 10, 10, 10, 10, 110, 110, 110, 110, 110, 940, 4000, 2570, 4000, 40, 2570, 40, 40, 40, 4000, 2570, 2570, 4000, 2570, 4000, 40, 940, 0, 230, 480, 480, 480, 480, 480, 10, 10, 10, 10, 10, 2480, 2480, 2480, 2480, 2480, 180, 180, 180, 180, 180, 4000, 100, 80, 100, 100, 100, 100, 2100, 280, 2380, 460, 280, 280, 280, 280, 5240, 3890, 3890, 3890, 3890, 3890, 370, 480, 480, 480, 480, 480, 700, 2620, 90, 2070, 90, 90, 90, 2070, 90, 1200, 210, 210, 210, 210, 210, 0, 0, 0, 0, 0, 110, 110, 100, 100, 100, 100, 100, 2720, 170, 21650, 21650, 21650, 21650, 21650, 5570, 9840, 510, 510, 510, 510, 510, 100, 110, 110, 100, 110, 110, 110, 5360, 180, 180, 180, 5360, 180, 180, 0, 2440, 0, 0, 2440, 0, 2440, 2440, 2440, 0, 290, 1080, 1080, 1080, 1080, 1080, 80, 80, 530, 80, 530, 80, 530, 80, 530, 530, 20, 20, 20, 20, 20, 280, 280, 280, 280, 280, 2050, 2050, 2050, 2050, 2050, 50, 1230, 50, 1230, 1230, 50, 50, 50, 1230, 1230, 2820, 16260, 16260, 16260, 16260, 5120, 90, 5120, 90, 90, 5120, 90, 90, 5120, 5120, 400, 1820, 400, 400, 1820, 400, 1820, 400, 1820, 1820, 0, 0, 0, 0, 0, 60, 2410, 370, 15750, 15750, 15750, 370, 15750, 370, 15750, 370, 370, 450, 2150, 2150, 2150, 120, 2150, 2150, 380, 380, 380, 380, 380, 10110, 1060, 150, 1060, 1060, 1060, 150, 1060, 90, 470, 470, 470, 470, 470, 4020, 4020, 4020, 4020, 4020, 440, 440, 440, 440, 440, 2110, 10, 10, 10, 10, 10, 20, 330, 330, 330, 330, 330, 80, 11270, 150, 150, 150, 150, 150, 320, 10550, 10550, 10550, 10550, 10550, 2970, 2970, 2970, 2970, 2970, 8120, 8120, 8120, 8120, 8120, 4910, 4910, 4910, 3960, 4910, 4910, 9460, 40, 620, 2070, 2070, 50, 550, 820, 820, 480, 820, 820, 820, 0, 740, 740, 740, 740, 740, 440, 440, 440, 440, 440, 140, 140, 140, 140, 140, 60, 30, 30, 30, 30, 30, 6400, 290, 20, 20, 20, 20, 290, 20, 160, 120, 120, 120, 70, 120, 120, 610, 170, 610, 170, 610, 170, 610, 170, 610, 170, 1390, 1390, 1390, 1390, 1390, 7920, 5040, 5040, 5040, 5040, 5040, 350, 350, 350, 350, 350, 10, 10, 10, 10, 10, 1320, 1320, 390, 50, 2360, 390, 390, 50, 390, 50, 390, 50, 50, 350, 350, 350, 350, 190, 190, 350, 190, 190, 190, 2070, 400, 510, 1150, 0, 60, 1150, 510, 420, 0, 60, 1150, 60, 1150, 0, 510, 1150, 60, 0, 510, 60, 0, 510, 250, 390, 2550, 2550, 2550, 2550, 2550, 10, 130, 10, 130, 10, 130, 10, 130, 10, 130, 320, 320, 320, 320, 320, 10, 3060, 10, 10, 10, 10, 910, 4060, 4060, 4060, 4060, 4060, 60, 1150, 1150, 1150, 1150, 1150, 510, 160, 160, 160, 160, 160, 1570, 1570, 1570, 1570, 1570, 1350, 1350, 1350, 4060, 1350, 4060, 4060, 4060, 1350, 4060, 110, 110, 110, 110, 110, 310, 970, 970, 970, 970, 970, 10, 10, 10, 10, 10, 300, 350, 350, 350, 350, 350, 14470, 14470, 14470, 14470, 14470, 0, 0, 190, 0, 0, 0, 12990, 20, 20, 20, 12990, 20, 20]"
2020-11-03 20:30:00+00:00,1784490,0,688.0,"[20, 20, 20, 20, 170, 970, 970, 970, 970, 970, 70, 70, 70, 70, 70, 1140, 560, 270, 270, 270, 270, 270, 1860, 1860, 1860, 1860, 1860, 3020, 290, 290, 290, 290, 290, 3010, 680, 18250, 680, 680, 680, 18250, 680, 1040, 110, 110, 1040, 110, 10, 1040, 110, 1040, 1040, 110, 140, 21530, 21530, 21530, 21530, 21530, 1220, 1220, 1220, 1220, 1220, 360, 3480, 3480, 3480, 3480, 3480, 100, 100, 100, 100, 100, 760, 30, 30, 210, 30, 210, 30, 30, 720, 5270, 720, 720, 720, 720, 760, 140, 720, 140, 720, 140, 720, 140, 720, 140, 720, 1420, 1420, 1420, 480, 1420, 1420, 90, 90, 40, 40, 40, 40, 40, 20, 20, 20, 20, 20, 40, 5960, 580, 40, 580, 40, 40, 40, 880, 880, 880, 880, 880, 30, 10, 10, 40, 3500, 560, 5230, 560, 5230, 560, 560, 5230, 5230, 5230, 560, 2880, 5200, 23380, 23380, 2890, 4220, 4220, 4220, 4220, 4220, 270, 4800, 4800, 4800, 4800, 4800, 0, 2920, 2920, 2920, 2920, 2920, 40, 40, 40, 40, 40, 2520, 3310, 390, 40, 19130, 80, 80, 19130, 80, 19130, 19130, 80, 19130, 80, 700, 700, 700, 700, 700, 2920, 19130, 19130, 19130, 19130, 19130, 4400, 4400, 4400, 4400, 4400, 60, 60, 60, 60, 60, 0, 1040, 190, 190, 190, 190, 190, 500, 490, 2170, 1080, 1080, 7490, 5460, 1080, 2170, 1080, 1080, 10, 10, 10, 10, 10, 0, 0, 0, 0, 0, 10230, 10230, 10230, 10230, 10230, 340, 60, 340, 340, 340, 340, 0, 0, 40, 870, 40, 870, 40, 40, 870, 0, 0, 870, 40, 0, 870, 110, 110, 1680, 110, 110, 110, 5460, 1230, 770, 5460, 5460, 5460, 5460, 31170, 280, 280, 0, 0, 0, 280, 0, 280, 0, 280, 20, 20, 1080, 1080, 20, 1080, 1080, 20, 20, 1080, 150, 420, 17610, 0, 19130, 1920, 19130, 19130, 19130, 19130, 270, 4090, 270, 10, 10, 100, 10, 100, 100, 10, 100, 100, 10, 19130, 19130, 19130, 19130, 19130, 1800, 1800, 1800, 1800, 1800, 11780, 11780, 11780, 11780, 11780, 200, 150, 150, 150, 150, 150, 19130, 19130, 19130, 19130, 19130, 300, 680, 970, 970, 250, 970, 970, 970, 360, 360, 360, 360, 360, 2710, 280, 280, 160, 160, 160, 160, 160, 320, 300, 320, 300, 320, 320, 320, 310, 10, 10, 10, 10, 10, 490, 290, 290, 290, 290, 290, 370, 150, 1500, 150, 150, 150, 150, 70, 70, 70, 70, 70, 360, 360, 360, 360, 360, 210, 210, 210, 210, 210, 290, 290, 290, 290, 290, 0, 10, 100, 10, 100, 10, 100, 10, 10, 100, 100, 2740, 240, 240, 240, 240, 240, 260, 1080, 1080, 1080, 1080, 1080, 240, 240, 240, 240, 240, 160, 250, 4320, 4320, 4320, 4320, 4320, 580, 580, 580, 580, 580, 1720, 4540, 1720, 4540, 4540, 1720, 1720, 4540, 1720, 4540, 40, 2170, 50, 20, 40, 50, 20, 40, 50, 20, 2170, 40, 50, 40, 50, 20, 20, 2870, 1240, 2040, 0, 1100, 1180, 1100, 1180, 1100, 1180, 1100, 1180, 1100, 1180, 460, 460, 460, 460, 460, 10, 10, 10, 10, 10, 80, 2900, 2900, 2900, 2900, 2900, 43050, 420, 20370, 420, 420, 420, 420, 80, 80, 80, 80, 80, 230, 230, 14040, 14040, 14040, 14040, 30, 14040, 40, 2900, 40, 4010, 40, 2900, 40, 2900, 40, 2900, 2900, 12380, 12380, 12380, 12380, 12380, 1240, 1240, 1240, 1240, 1240, 10, 10, 10, 10, 10, 4970, 90, 2330, 2330, 90, 4970, 2330, 4970, 2330, 2330, 4970, 90, 4970, 90, 90, 130, 130, 130, 130, 130, 10, 10, 10, 10, 10, 3950, 4100, 4100, 4100, 4100, 4100, 40, 15100, 200, 780, 160, 540, 3140, 3140, 140, 3140, 3140, 3140, 10, 10, 200, 200, 200, 200, 200, 130, 580, 90, 580, 580, 580, 5010, 580, 10, 10, 360, 360, 360, 360, 360, 1240, 1240, 1240, 1240, 1240, 550, 190, 340, 340, 340, 340, 340, 430, 430, 430, 430, 430, 100, 130, 50, 50, 130, 130, 130, 130, 130, 8170, 8170, 8170, 8170, 8170, 50, 2360, 980, 980, 980, 2360, 2360, 980, 2360, 980, 2360, 2380, 520, 3860, 3860, 3860, 3860, 3860, 20, 50, 770, 50, 50, 50, 50, 50, 20, 20, 20, 20, 20, 16060, 16060, 300, 16060, 16060, 16060, 2170]"
2020-11-03 20:35:00+00:00,1624420,0,604.0,"[660, 3410, 780, 7370, 40, 40, 40, 40, 40, 270, 80, 270, 270, 80, 270, 80, 270, 80, 80, 3630, 3630, 3630, 3630, 3630, 30, 30, 30, 30, 30, 1700, 2650, 2650, 2650, 2650, 2650, 590, 590, 590, 590, 590, 20, 20, 20, 20, 20, 30, 30, 30, 30, 30, 30, 250, 240, 240, 240, 240, 240, 1690, 1690, 1690, 1690, 1690, 760, 290, 10, 10, 10, 10, 10, 290, 330, 3070, 3070, 3070, 3070, 3070, 330, 320, 10, 10, 10, 10, 10, 20, 20, 6580, 6580, 2000, 110, 2000, 110, 110, 2000, 110, 2000, 110, 2000, 280, 1360, 1360, 1360, 1360, 1360, 10, 10, 10, 10, 10, 1760, 1760, 1760, 1760, 1760, 200, 200, 200, 200, 200, 230, 80, 80, 30, 30, 80, 30, 80, 30, 30, 80, 3200, 20, 3200, 3200, 20, 3200, 20, 3200, 20, 20, 40, 800, 40, 40, 40, 800, 40, 6240, 440, 12220, 7240, 7240, 7240, 7240, 12220, 7240, 150, 150, 150, 150, 150, 100, 100, 100, 100, 100, 440, 440, 2650, 2650, 2650, 2650, 2650, 140, 140, 140, 140, 140, 190, 190, 190, 190, 190, 4270, 4270, 4270, 4270, 4270, 3950, 310, 310, 310, 310, 310, 300, 300, 8330, 8330, 8330, 8330, 8330, 2480, 770, 2480, 2480, 2480, 770, 770, 2480, 770, 770, 530, 530, 530, 530, 530, 160, 160, 160, 160, 160, 490, 2200, 2200, 2200, 2200, 2200, 220, 200, 220, 220, 220, 220, 10, 470, 470, 470, 470, 470, 3290, 3290, 3290, 3290, 3290, 80, 3860, 140, 140, 140, 140, 140, 390, 390, 390, 390, 390, 770, 32580, 32580, 32580, 32580, 32580, 6660, 10, 10, 10, 10, 10, 1620, 1620, 740, 740, 1620, 1620, 740, 1620, 740, 740, 490, 490, 490, 490, 490, 2340, 2340, 2340, 2340, 2340, 10710, 10710, 10710, 10710, 10710, 2690, 6650, 1430, 150, 150, 1620, 1620, 1620, 1620, 1620, 2910, 16120, 2910, 16120, 2910, 0, 2910, 16120, 2910, 16120, 16120, 7160, 2620, 6580, 240, 330, 6580, 240, 2620, 330, 2620, 240, 6580, 330, 240, 2620, 6580, 330, 240, 2620, 6580, 330, 1990, 20, 20, 20, 20, 20, 5080, 0, 10, 0, 10, 10, 0, 0, 10, 0, 10, 540, 3080, 310, 1350, 3080, 540, 310, 540, 310, 3080, 540, 310, 3080, 540, 310, 3080, 4230, 4230, 4230, 4230, 4230, 190, 190, 190, 370, 190, 190, 4070, 4070, 4070, 4070, 4070, 3880, 1400, 1400, 1400, 1400, 1400, 6110, 6110, 6110, 6110, 6110, 0, 14330, 14330, 110, 2200, 10630, 9930, 9930, 9930, 9930, 9930, 6980, 2720, 2720, 2720, 50, 2720, 2720, 9930, 1010, 310, 310, 310, 310, 310, 1980, 10, 1900, 70, 70, 70, 70, 70, 3950, 20, 20, 20, 20, 20, 1460, 1460, 2010, 1460, 2010, 1460, 2010, 1460, 2010, 2010, 830, 830, 830, 830, 830, 70, 70, 60, 70, 60, 60, 60, 70, 60, 70, 40, 30, 30, 30, 30, 30, 80, 160, 830, 160, 160, 160, 830, 160, 830, 830, 830, 110, 90, 2020, 80, 4730, 4730, 4730, 4730, 4730, 10, 370, 370, 10, 370, 370, 370, 1500, 360, 360, 360, 1500, 1500, 360, 1500, 360, 1500, 32530, 32530, 32530, 32530, 32530, 8330, 10760, 8330, 8330, 10760, 8330, 8330, 6330, 6330, 6330, 6330, 6330, 170, 650, 7370, 7370, 7370, 7370, 7370, 1210, 3510, 550, 140, 470, 2190, 2190, 2190, 2190, 2190, 140, 300, 0, 0, 14290, 14290, 14290, 14290, 2530, 2530, 6860, 6860, 2530, 2530, 6860, 2530, 6860, 6860, 8120, 8120, 8120, 8120, 8120, 8330, 2790, 2790, 2790, 2790, 2790, 1100, 1500, 3570, 800, 800, 3570, 800, 800, 800, 3570, 3570, 3570, 20, 170, 170, 170, 170, 170, 570, 420, 530, 7130, 290, 290, 290, 290, 290, 4880, 4880, 4880, 4880, 4880, 2530, 3030, 190, 120, 120, 120, 120, 120]"
2020-11-03 20:40:00+00:00,2392720,0,627.0,"[140, 330, 330, 330, 330, 330, 780, 780, 780, 780, 780, 2720, 20, 20, 20, 20, 20, 40, 40, 40, 40, 40, 1680, 1680, 1680, 1680, 1680, 610, 610, 610, 610, 610, 140, 140, 140, 140, 140, 230, 94440, 610, 94440, 610, 610, 94440, 94440, 610, 94440, 610, 450, 6000, 6000, 980, 4880, 980, 4880, 980, 980, 980, 4880, 4880, 4880, 130, 80, 41210, 41210, 41210, 41210, 41210, 5450, 5450, 5450, 5450, 5450, 1900, 140, 140, 140, 140, 140, 130, 130, 130, 130, 130, 4270, 190, 4390, 4390, 2380, 2380, 2380, 2380, 2380, 3290, 130, 130, 130, 130, 130, 70, 70, 70, 70, 70, 870, 870, 870, 870, 870, 3030, 3030, 3030, 3030, 3030, 30, 300, 30, 30, 30, 30, 320, 830, 830, 830, 830, 830, 3160, 2020, 2020, 2020, 2020, 2020, 1010, 1010, 1010, 1010, 1010, 620, 620, 620, 620, 620, 130, 130, 130, 130, 130, 880, 2430, 2430, 2430, 2430, 2430, 80, 110, 110, 80, 110, 80, 80, 110, 80, 110, 1150, 1150, 1150, 1150, 1150, 20, 1380, 1380, 1380, 1380, 1380, 4880, 4880, 4880, 4880, 4880, 3950, 3950, 3950, 3950, 3950, 1230, 1230, 1230, 1230, 1230, 1200, 1200, 1200, 1200, 1200, 480, 480, 480, 480, 480, 40, 3920, 3920, 3920, 3920, 3920, 6580, 3090, 3090, 1610, 1610, 130, 1610, 130, 1610, 130, 130, 1610, 130, 4880, 4880, 4880, 4880, 4880, 10, 10, 10, 10, 10, 30, 1280, 30, 1280, 30, 1280, 30, 1280, 30, 1280, 4910, 3830, 4910, 4910, 4910, 4910, 3470, 20, 610, 320, 320, 610, 320, 610, 610, 320, 320, 610, 130, 130, 130, 130, 130, 80, 80, 80, 80, 80, 310, 10, 10, 10, 10, 10, 20, 160, 20, 0, 160, 0, 20, 0, 20, 160, 0, 160, 20, 0, 160, 1660, 0, 50, 50, 50, 50, 50, 360, 360, 360, 360, 360, 40, 40, 1010, 1010, 40, 1010, 1010, 1010, 1710, 20, 20, 20, 20, 20, 13820, 330, 330, 330, 330, 330, 1740, 1740, 1740, 1740, 1740, 1590, 1590, 1590, 1590, 1590, 1670, 1670, 220, 1670, 1670, 1670, 1130, 1130, 0, 0, 0, 0, 0, 1360, 1360, 70, 1360, 1360, 1360, 0, 0, 0, 0, 0, 710, 710, 710, 710, 710, 390, 390, 390, 390, 390, 130, 130, 130, 130, 130, 570, 570, 570, 570, 570, 400, 400, 10, 400, 400, 400, 560, 380, 380, 380, 380, 380, 220, 400, 400, 2660, 400, 2660, 400, 2660, 2660, 2660, 400, 1210, 1210, 1210, 1210, 1210, 1470, 690, 690, 690, 690, 690, 6240, 0, 0, 1010, 6240, 0, 0, 0, 10, 0, 0, 0, 0, 0, 5890, 80, 250, 250, 250, 250, 250, 1270, 1270, 1270, 1270, 1270, 20, 40, 40, 40, 40, 40, 250, 330, 250, 250, 250, 330, 250, 330, 330, 330, 50370, 50370, 50370, 50370, 50370, 390, 390, 390, 390, 390, 10, 10, 10, 10, 10, 21800, 21800, 21800, 21800, 21800, 66620, 66620, 66620, 66620, 66620, 90, 13780, 13780, 13780, 13780, 13780, 900, 900, 900, 900, 900, 6780, 140, 90, 90, 90, 90, 90, 53190, 80, 20, 20, 20, 20, 20, 250, 250, 250, 250, 250, 160, 40, 790, 41860, 41860, 41860, 41860, 41860, 1590, 4540, 720, 720, 720, 720, 720, 360, 360, 360, 360, 360, 4910, 4910, 4910, 4910, 4910, 420, 380, 1960, 1960, 1960, 1960, 1960, 2210, 500, 0, 0, 0, 0, 0, 380, 380, 380, 380, 380, 630, 630, 630, 630, 630, 50, 50, 50, 1790, 50, 50, 4190, 3690, 3690, 3690, 3690, 3690, 2210, 2210, 2210, 2210, 2210, 140, 0, 0, 140, 0, 140, 140, 0, 140, 0, 1270, 1270, 1270, 1270, 1270, 800, 60, 330, 2490, 800, 2490, 2490, 800, 2490, 800, 800, 2490, 460, 460, 460, 460, 460, 220, 220, 220, 220, 220, 5680, 2420, 820, 2420, 3650, 3650, 3650, 3650, 3650, 5100, 5100, 5100, 5100, 5100, 150, 150, 150, 150, 150, 0]"
2020-11-03 20:45:00+00:00,1423270,0,625.0,"[20, 10500, 20, 10500, 20, 10500, 20, 10500, 20, 10500, 0, 0, 0, 0, 0, 3650, 360, 10, 10, 10, 10, 10, 60, 60, 60, 60, 60, 240, 3080, 140, 140, 170, 170, 170, 170, 170, 90, 90, 90, 90, 90, 0, 3810, 3810, 3810, 3810, 3810, 130, 2970, 2970, 1200, 1200, 1200, 1200, 1200, 160, 160, 160, 160, 160, 4610, 4610, 4610, 4610, 4610, 170, 170, 170, 170, 170, 800, 800, 800, 800, 800, 2190, 90, 90, 90, 90, 90, 150, 300, 300, 300, 300, 300, 3060, 3060, 3060, 3060, 3060, 0, 4180, 4180, 1380, 1380, 0, 4180, 0, 4180, 1380, 1380, 0, 4180, 0, 1380, 60, 60, 60, 60, 60, 150, 150, 150, 150, 4280, 150, 280, 280, 280, 280, 280, 590, 400, 16680, 460, 460, 460, 16680, 460, 16680, 460, 16680, 16680, 1020, 1020, 20, 20, 20, 20, 20, 1020, 1020, 1020, 21200, 40, 21200, 21200, 40, 21200, 21200, 3180, 1500, 1500, 1500, 1500, 1500, 370, 370, 370, 370, 370, 60, 60, 0, 60, 60, 60, 3980, 3980, 3980, 3980, 3980, 630, 630, 630, 630, 630, 1530, 1530, 1530, 1530, 1530, 60, 60, 60, 60, 60, 1380, 10, 10, 10, 10, 10, 2000, 2000, 2000, 220, 2000, 2000, 2660, 1920, 2660, 2660, 2660, 2660, 430, 690, 690, 690, 690, 690, 680, 660, 400, 50, 400, 400, 660, 400, 400, 1150, 1150, 1150, 1150, 1150, 160, 160, 160, 160, 160, 10, 10, 10, 10, 10, 860, 860, 860, 860, 860, 6270, 6270, 6270, 6270, 6270, 5030, 5030, 5030, 510, 5030, 5030, 70, 3030, 40, 1180, 1180, 1180, 1180, 1180, 40, 10, 10, 10, 10, 10, 360, 47360, 47360, 47360, 47360, 47360, 860, 860, 860, 860, 860, 1270, 1270, 1270, 1270, 1270, 20, 20, 20, 20, 20, 150, 740, 150, 740, 740, 740, 150, 740, 150, 150, 4530, 4530, 4530, 4530, 4530, 760, 160, 160, 160, 760, 160, 760, 760, 160, 760, 650, 1340, 1340, 100, 100, 100, 100, 100, 100, 10, 10, 10, 10, 10, 740, 740, 740, 740, 740, 1800, 340, 340, 340, 1800, 340, 1800, 1800, 340, 1800, 1470, 9840, 9840, 9840, 9840, 9840, 28980, 10, 10, 10, 10, 10, 90, 1500, 4430, 60, 60, 60, 60, 60, 340, 340, 340, 340, 340, 7600, 0, 0, 1550, 1550, 1550, 1550, 1550, 50, 50, 50, 50, 50, 230, 230, 230, 230, 230, 160, 14580, 510, 50, 50, 50, 50, 50, 20, 420, 420, 420, 420, 420, 3630, 6860, 6860, 3630, 6860, 3630, 3630, 6860, 3630, 6860, 2570, 10, 820, 820, 2420, 820, 820, 350, 350, 350, 350, 2420, 820, 2420, 2420, 2420, 350, 1480, 1480, 20, 1480, 1480, 1480, 0, 0, 0, 30, 30, 0, 30, 0, 30, 30, 7020, 7020, 7020, 7020, 7020, 80, 80, 80, 80, 80, 3810, 3810, 3810, 3810, 3810, 26440, 260, 26440, 26440, 26440, 260, 26440, 30, 30, 30, 30, 5180, 5180, 4270, 4270, 4270, 4270, 4270, 510, 510, 510, 510, 510, 1460, 7020, 7020, 7020, 7020, 7020, 160, 20, 740, 740, 740, 740, 740, 24840, 80, 80, 20, 20, 80, 20, 80, 20, 80, 40, 40, 40, 40, 40, 350, 350, 350, 350, 350, 30, 30, 30, 30, 30, 80, 330, 410, 0, 0, 410, 0, 410, 410, 410, 0, 0, 100, 100, 100, 100, 100, 110, 110, 110, 110, 110, 290, 290, 80, 290, 290, 290, 20, 20, 20, 20, 20, 750, 750, 750, 750, 750, 120, 120, 120, 120, 120, 420, 440, 440, 440, 440, 440, 580, 580, 580, 580, 580, 4010, 380, 40, 380, 40, 380, 40, 40, 380, 40, 380, 140, 0, 0, 0, 0, 0, 370, 370, 370, 50, 370, 370, 1320, 2510, 2510, 2510, 1320, 2510, 1320, 2510, 1320, 1320, 330, 7610, 100, 460, 460, 460, 460, 460, 9070, 9070, 9070, 9070, 9070, 110, 700, 700, 700, 700, 700, 2080]"
2020-11-03 20:50:00+00:00,2127390,0,650.0,"[5410, 5110, 280, 280, 7610, 5110, 7610, 280, 5110, 7610, 7610, 280, 5110, 7610, 280, 5110, 1450, 1450, 1450, 1450, 1450, 7900, 510, 510, 7900, 510, 510, 510, 860, 250, 50, 50, 50, 50, 10510, 50, 1980, 3490, 7340, 7340, 7340, 7340, 7340, 940, 940, 360, 220, 220, 110, 110, 110, 110, 110, 40, 350, 40, 350, 40, 350, 350, 350, 40, 40, 10060, 370, 10060, 890, 10060, 10060, 10060, 1130, 1130, 1130, 1130, 1130, 40, 50, 2790, 2790, 10, 2790, 2790, 2790, 10, 10, 10, 10, 10, 290, 290, 290, 290, 290, 280, 280, 280, 280, 280, 2310, 2310, 2310, 2310, 2310, 880, 40, 3500, 3500, 3500, 3500, 3500, 2020, 2020, 2020, 2020, 2020, 3080, 10460, 10460, 10460, 10460, 10460, 350, 350, 350, 350, 350, 2590, 2590, 2590, 2590, 2590, 1150, 330, 2640, 410, 410, 410, 30, 410, 410, 200, 10, 920, 920, 920, 920, 920, 7580, 7580, 7580, 7580, 7580, 120, 10160, 120, 10160, 120, 10160, 10160, 120, 120, 10160, 50, 2500, 2500, 2500, 2500, 2500, 100, 100, 2640, 2640, 100, 100, 2640, 100, 100, 100, 2640, 100, 100, 100, 2640, 0, 0, 0, 0, 0, 380, 380, 380, 380, 380, 860, 320, 80, 1000, 1000, 1000, 1000, 1000, 680, 680, 2110, 2110, 2110, 2110, 2110, 2500, 520, 520, 520, 520, 520, 3260, 3260, 3260, 3260, 3260, 17490, 70, 70, 70, 70, 70, 4150, 430, 20, 20, 20, 20, 20, 68880, 68880, 68880, 68880, 68880, 3720, 540, 2830, 2830, 2830, 2830, 2830, 3790, 3790, 3790, 3790, 3790, 32190, 32190, 32190, 32190, 32190, 920, 920, 580, 580, 580, 920, 920, 580, 920, 580, 68880, 340, 340, 340, 340, 340, 9930, 720, 9930, 720, 170, 170, 170, 170, 170, 1100, 4230, 4230, 290, 4230, 290, 290, 4230, 290, 4230, 290, 1410, 1410, 1410, 1410, 1410, 360, 580, 580, 580, 580, 580, 1600, 580, 1600, 580, 580, 1600, 1600, 580, 580, 1600, 1240, 30, 30, 1240, 1240, 30, 30, 1240, 1240, 30, 10, 10, 50, 50, 50, 50, 50, 700, 700, 700, 700, 700, 5860, 5860, 130, 5860, 5860, 5860, 2590, 2590, 2590, 2590, 2590, 110, 110, 110, 110, 110, 1640, 1640, 1640, 1640, 1640, 60, 60, 60, 60, 60, 550, 550, 550, 550, 550, 580, 580, 580, 580, 3730, 580, 460, 300, 300, 300, 300, 300, 2460, 2460, 2460, 2460, 2460, 150, 0, 150, 0, 0, 150, 0, 150, 0, 150, 10, 10, 10, 11650, 10, 10, 15640, 2470, 2470, 2470, 2470, 2470, 7680, 60, 410, 60, 60, 60, 410, 60, 410, 410, 410, 10, 290, 10, 10, 10, 10, 290, 400, 100, 530, 39840, 39840, 39840, 39840, 530, 39840, 20, 20, 20, 20, 20, 4120, 4120, 4120, 4120, 4120, 2480, 2480, 2480, 2480, 2480, 930, 270, 930, 930, 930, 930, 740, 740, 740, 740, 740, 22880, 22880, 22880, 22880, 22880, 3530, 2370, 4310, 4310, 4310, 2370, 2370, 4310, 2370, 2370, 4310, 350, 640, 640, 640, 640, 350, 640, 3450, 3450, 1650, 1650, 650, 1650, 3450, 3450, 3450, 1650, 1650, 6480, 6480, 6480, 6480, 10, 3280, 3280, 3280, 3280, 3280, 6480, 6480, 6480, 6480, 3450, 300, 300, 2490, 10, 6480, 6480, 6480, 6480, 90, 90, 90, 90, 90, 70, 70, 70, 70, 70, 4060, 30, 4060, 4060, 30, 4060, 4060, 80, 80, 80, 80, 80, 240, 2220, 220, 220, 880, 140, 880, 140, 880, 2220, 880, 220, 2220, 880, 220, 140, 220, 140, 2220, 140, 2220, 1240, 1240, 1240, 1240, 1240, 20, 8420, 20, 20, 20, 20, 40, 40, 40, 40, 40, 50, 5010, 1770, 1770, 1770, 1770, 1770, 300, 300, 300, 300, 300, 460, 460, 460, 460, 460, 20, 820, 20, 820, 820, 820, 820, 60, 60, 60, 60, 60, 6110, 6110, 6110, 6110, 6110, 20, 3260, 1300, 1550, 1550, 1550, 1550, 1550, 690, 690, 690, 690, 690, 3720, 10, 10, 3720, 10, 3720, 10, 3720, 10, 3720, 19350, 19350, 19350, 19350, 19350, 1420, 30, 570, 570, 1420, 570, 1420, 570, 570, 1420, 1420, 40, 40, 40, 40, 40]"
2020-11-03 20:55:00+00:00,1481150,0,649.0,"[2320, 2320, 2320, 2320, 2320, 4590, 4590, 4590, 4590, 4590, 540, 1460, 540, 540, 540, 540, 5010, 6440, 6440, 6440, 6440, 6440, 1250, 460, 1810, 1810, 3060, 40, 3560, 3560, 3560, 3560, 3560, 960, 10, 960, 960, 10, 10, 960, 960, 10, 10, 290, 10090, 10090, 10090, 10090, 10090, 600, 20, 100, 100, 100, 100, 100, 1940, 11910, 820, 1940, 820, 1940, 820, 11910, 1940, 1650, 820, 11910, 1940, 820, 11910, 11910, 320, 210, 80, 80, 80, 210, 80, 210, 80, 210, 210, 3030, 670, 670, 670, 670, 670, 3550, 14280, 14280, 14280, 14280, 14280, 15170, 15170, 15170, 15170, 15170, 4380, 4380, 4380, 4380, 4380, 50, 300, 0, 0, 0, 0, 0, 240, 240, 240, 240, 240, 1280, 1280, 1280, 1280, 1280, 8280, 8280, 5110, 10, 10, 10, 10, 10, 240, 240, 240, 240, 240, 20, 20, 20, 20, 20, 1090, 3190, 3190, 3190, 3190, 3190, 1800, 220, 6480, 470, 90, 90, 90, 90, 90, 570, 570, 570, 570, 570, 7060, 460, 460, 460, 460, 460, 1030, 610, 90, 90, 1030, 1030, 610, 610, 90, 1030, 610, 90, 610, 90, 1030, 1590, 1590, 1590, 1590, 1590, 1910, 2840, 210, 210, 210, 210, 210, 2210, 3800, 2210, 1440, 10, 1440, 10, 10, 1440, 10, 10, 1440, 1440, 360, 360, 50, 350, 350, 350, 350, 350, 220, 31610, 1960, 31610, 1960, 1960, 31610, 31610, 1960, 31610, 1960, 0, 40, 680, 40, 40, 40, 680, 680, 40, 680, 680, 1840, 70, 1040, 70, 70, 70, 70, 3720, 3720, 3720, 3720, 3720, 0, 0, 0, 0, 0, 490, 490, 490, 490, 490, 60, 20, 60, 60, 60, 60, 120, 4320, 4320, 120, 4320, 120, 120, 4320, 120, 4320, 2440, 3490, 3490, 3490, 3490, 3490, 1670, 1670, 1670, 1670, 1670, 2870, 1130, 770, 10, 80, 1130, 770, 80, 2870, 10, 10, 1130, 80, 770, 2870, 1130, 10, 80, 770, 2870, 770, 2870, 80, 1130, 10, 160, 160, 160, 160, 160, 30, 4320, 2780, 2780, 4320, 4320, 2780, 4320, 2780, 4320, 2780, 420, 3480, 420, 420, 3480, 420, 420, 3480, 3480, 3480, 3830, 3830, 360, 360, 360, 360, 360, 180, 0, 1580, 450, 450, 1580, 450, 1580, 450, 1580, 1580, 450, 1000, 1000, 1000, 1000, 1000, 620, 0, 620, 620, 0, 0, 0, 620, 0, 620, 90, 90, 90, 90, 90, 410, 1130, 1060, 150, 150, 1060, 1060, 150, 150, 1060, 1060, 150, 870, 870, 870, 870, 870, 500, 10, 10, 10, 10, 10, 34560, 710, 710, 710, 710, 710, 7000, 180, 2150, 2150, 2150, 2150, 2150, 20770, 10, 10, 10, 10, 10, 800, 520, 520, 520, 520, 520, 920, 920, 920, 920, 920, 100, 100, 100, 100, 100, 390, 80, 80, 390, 80, 390, 390, 80, 390, 80, 180, 180, 180, 180, 180, 1800, 1800, 1800, 1800, 1800, 2790, 3530, 800, 800, 800, 800, 800, 0, 0, 0, 0, 0, 1480, 1480, 1480, 1480, 1480, 140, 1220, 20, 70, 1180, 1490, 1490, 1490, 1490, 1490, 370, 370, 370, 370, 370, 10, 10, 10, 10, 10, 2610, 10600, 80, 1120, 1120, 1120, 1120, 80, 1120, 510, 2320, 2320, 2320, 2320, 2320, 340, 990, 990, 990, 990, 990, 230, 230, 230, 230, 230, 80, 80, 80, 80, 80, 10070, 10070, 10070, 10070, 10070, 1040, 1040, 130, 6530, 300, 6530, 300, 6530, 300, 300, 300, 6530, 6530, 3120, 1020, 1020, 1020, 1020, 1020, 1920, 4130, 4130, 4130, 4130, 4130, 720, 720, 720, 720, 720, 110, 110, 110, 110, 110, 100, 270, 100, 100, 100, 100, 50, 3870, 39840, 50, 50, 50, 50, 240, 240, 20, 50, 3870, 6870, 50, 3870, 50, 3870, 3870, 50, 50, 3870, 2220, 120, 120, 120, 120, 120, 34950, 34950, 34950, 34950, 34950, 240, 240, 240, 240, 240, 1840, 240, 1840, 1840, 1840, 1840, 0, 0, 0, 0, 0, 590, 590, 590, 590, 590, 0, 0, 0, 0, 0, 450, 450, 450, 450, 450, 2220, 2220, 2220, 2220, 2220, 520, 1580, 12320, 1260, 1260, 1260, 1260, 1260, 400, 0, 30, 140, 490, 3870]"
2020-11-03 21:00:00+00:00,1595460,0,630.0,"[2100, 2660, 2660, 5030, 1410, 5030, 5030, 1410, 5030, 5030, 1410, 1410, 1410, 590, 70, 70, 70, 3960, 70, 70, 710, 710, 710, 710, 710, 70, 70, 860, 0, 350, 300, 40, 40, 40, 40, 40, 1120, 10, 10, 1440, 1120, 1440, 1120, 10, 1440, 1120, 10, 1440, 1120, 1440, 10, 40, 30, 40, 30, 1900, 40, 40, 30, 40, 30, 30, 1920, 1920, 1920, 1920, 1920, 8090, 8090, 8090, 8090, 8090, 0, 1700, 0, 1700, 0, 1700, 0, 1700, 0, 1700, 18670, 5360, 5360, 18670, 5360, 18670, 5360, 18670, 18670, 5360, 1130, 1130, 1130, 1130, 1130, 10190, 10190, 10190, 380, 10190, 10190, 12020, 12020, 12020, 12020, 12020, 3080, 130, 0, 130, 130, 130, 130, 4040, 4040, 4040, 4040, 4040, 640, 1080, 2320, 370, 2320, 11910, 370, 370, 370, 2320, 11910, 370, 2320, 11910, 11910, 11910, 2320, 20, 20, 20, 20, 20, 400, 190, 1000, 190, 1000, 190, 1000, 190, 1000, 190, 1000, 90, 90, 1460, 5820, 1460, 1460, 90, 1460, 1460, 4190, 4190, 4190, 4190, 4190, 11910, 60, 60, 60, 60, 60, 690, 690, 690, 690, 690, 7840, 7840, 7840, 7840, 7840, 5820, 3010, 5820, 5820, 710, 10, 10, 10, 10, 10, 3190, 3190, 3190, 3190, 3190, 90, 90, 90, 90, 90, 40, 40, 40, 40, 40, 20, 4340, 14320, 860, 4340, 1900, 4340, 14320, 4340, 4340, 2870, 2870, 2870, 2870, 2870, 20, 50, 20, 50, 50, 50, 20, 50, 20, 20, 30, 10, 10, 10, 10, 10, 60, 20, 20, 540, 20, 540, 20, 540, 20, 540, 540, 20, 5510, 1300, 70, 1300, 1300, 5510, 20, 1300, 70, 20, 1300, 70, 5510, 5510, 20, 70, 5510, 20, 70, 50, 32060, 32060, 50, 32060, 32060, 32060, 9250, 170, 9250, 9250, 9250, 9250, 200, 1300, 1300, 200, 1300, 1300, 200, 1300, 200, 200, 1810, 1810, 1810, 1810, 1810, 280, 1100, 380, 380, 380, 380, 380, 0, 370, 370, 370, 370, 370, 380, 35410, 35410, 9250, 9250, 9250, 9250, 9250, 250, 250, 250, 250, 250, 3080, 3080, 3080, 3080, 3080, 14490, 14490, 14490, 14490, 14490, 5300, 150, 1750, 150, 150, 1750, 1750, 150, 1750, 150, 1750, 3080, 3080, 3080, 3080, 3080, 1810, 130, 130, 130, 130, 130, 1670, 1670, 1670, 1670, 1670, 80, 80, 71130, 80, 80, 80, 860, 4950, 20230, 300, 300, 300, 300, 300, 1250, 1250, 1250, 1250, 1250, 12170, 12170, 4080, 4080, 4080, 4080, 4080, 100, 1920, 270, 270, 270, 1920, 270, 1920, 1920, 1920, 270, 540, 540, 540, 540, 540, 4080, 11650, 1020, 1020, 1020, 1020, 1020, 200, 200, 200, 200, 200, 1810, 220, 130, 60, 60, 60, 60, 60, 900, 170, 170, 170, 170, 170, 270, 720, 720, 720, 720, 720, 100, 100, 100, 100, 100, 590, 590, 590, 590, 590, 20, 20, 280, 20, 20, 20, 1800, 170, 310, 310, 20, 310, 310, 310, 940, 940, 940, 940, 940, 460, 460, 460, 460, 460, 240, 240, 240, 240, 240, 310, 310, 310, 310, 310, 1230, 1470, 170, 630, 630, 630, 630, 630, 420, 420, 5890, 5890, 5890, 5890, 5890, 830, 830, 830, 830, 830, 510, 510, 510, 510, 510, 1880, 1880, 1880, 1880, 1880, 0, 1670, 0, 0, 1670, 0, 1670, 1670, 0, 1670, 5880, 100, 100, 100, 100, 100, 9020, 9020, 9020, 9020, 9020, 9780, 2690, 460, 460, 460, 460, 460, 0, 0, 0, 0, 0, 260, 260, 260, 260, 260, 90, 60, 1520, 60, 1520, 60, 1520, 90, 90, 1520, 60, 1520, 90, 90, 60, 30, 1250, 30, 1250, 1250, 1250, 1250, 30, 30, 30, 6450, 6450, 6450, 6450, 6450, 1080, 430, 2010, 2010, 1080, 430, 430, 2010, 430, 2010, 1080, 2010, 1080, 1080, 430, 2460, 20, 100, 20, 20, 100, 20, 100, 20, 100, 100, 190, 1740, 190, 1740, 190, 1740, 190, 1740, 190, 1740, 580, 580, 580, 580, 580, 1620, 30, 30, 30, 30, 30, 30, 10, 10, 10, 10, 10]"
2020-11-03 21:05:00+00:00,1299080,1,514.0,"[18470, 1810, 12310, 12310, 12310, 12310, 12310, 2260, 3970, 2260, 3970, 2260, 2260, 2260, 200, 10, 10, 10, 10, 10, 330, 330, 330, 330, 330, 400, 400, 400, 400, 400, 50, 50, 50, 50, 50, 370, 370, 370, 370, 370, 18470, 18470, 18470, 18470, 18470, 190, 190, 190, 190, 190, 160, 130, 130, 130, 130, 130, 2320, 660, 660, 660, 660, 660, 2140, 2140, 2140, 2140, 2140, 2920, 2920, 30, 30, 30, 30, 2920, 2920, 30, 2920, 130, 30, 130, 30, 130, 130, 130, 660, 10, 650, 4840, 4840, 4840, 4840, 4840, 4180, 4180, 4180, 4180, 4180, 390, 390, 390, 390, 390, 1280, 11910, 2670, 11910, 2670, 2670, 11910, 2670, 2670, 11910, 11910, 25660, 25660, 2670, 2670, 2670, 250, 250, 2670, 250, 250, 250, 2670, 6940, 6940, 6940, 6940, 6940, 290, 290, 290, 290, 290, 90, 570, 80, 80, 570, 80, 80, 80, 40, 4620, 130, 40, 4620, 40, 4620, 40, 4620, 40, 4620, 300, 300, 300, 300, 300, 1930, 90, 90, 90, 90, 90, 1380, 250, 110, 310, 0, 0, 0, 0, 0, 1230, 120, 120, 120, 120, 120, 390, 140, 140, 390, 140, 390, 390, 140, 140, 390, 20300, 160, 3310, 3930, 3310, 3930, 3310, 3930, 3310, 3930, 3310, 3930, 13880, 36750, 36750, 160, 3930, 2310, 2310, 2310, 2310, 2310, 110, 10, 10, 10, 10, 10, 2940, 4450, 140, 140, 140, 140, 140, 2670, 2670, 2670, 2670, 2670, 380, 380, 380, 380, 380, 190, 190, 190, 190, 190, 380, 10, 60, 60, 60, 60, 60, 190, 3210, 3210, 3210, 3210, 3210, 770, 180, 1070, 770, 180, 770, 180, 180, 770, 180, 770, 16280, 20300, 80, 2270, 80, 2270, 80, 2270, 2270, 80, 2270, 80, 60, 1130, 10, 800, 800, 800, 800, 800, 3210, 2630, 2630, 2630, 2630, 2630, 990, 990, 990, 990, 990, 70, 70, 70, 2270, 70, 70, 490, 490, 490, 490, 490, 90, 480, 730, 730, 730, 730, 480, 730, 1830, 0, 400, 0, 400, 0, 0, 400, 290, 400, 0, 400, 12070, 2070, 100, 2070, 100, 100, 1240, 1240, 100, 1240, 2070, 1240, 2070, 2070, 1240, 100, 560, 560, 560, 560, 560, 3550, 3550, 1040, 1040, 1040, 1040, 1040, 2190, 170, 240, 170, 240, 19590, 20, 20, 20, 20, 20, 520, 3420, 1030, 1030, 3420, 3420, 1030, 3420, 1030, 3420, 1030, 90, 0, 7350, 8500, 740, 740, 740, 740, 740, 610, 280, 90, 90, 90, 90, 90, 170, 220, 220, 220, 220, 220, 1450, 1450, 1450, 1450, 140, 1300, 1300, 1300, 1300, 1300, 180, 0, 390, 390, 390, 390, 390, 140, 140, 140, 140, 140, 620, 460, 460, 460, 460, 460, 470, 470, 470, 470, 470, 70, 2410, 70, 2410, 70, 70, 2410, 2410, 2410, 70, 770, 770, 770, 770, 6640, 770, 560, 2500, 560, 560, 2500, 560, 560, 2990, 80, 80, 80, 80, 80, 170, 170, 170, 170, 170, 10, 20, 20, 20, 10, 20, 20, 180660, 1620, 1620, 1620, 1620, 1620, 150, 18120, 150, 18120, 18120, 150, 18120, 150, 18120, 430, 150, 50, 50, 50, 50, 50, 3480, 3480, 3480, 560, 3480, 3480, 6390, 50, 50, 50, 50, 50, 620, 1210, 620, 620, 620, 620, 10]"
2020-11-03 21:10:00+00:00,2469070,0,558.0,"[1320, 2530, 2530, 2530, 2530, 2530, 1560, 1560, 2760, 1560, 1560, 0, 1560, 330, 170, 330, 170, 330, 170, 330, 330, 170, 170, 4330, 4330, 4330, 4330, 4330, 130, 90, 130, 90, 130, 860, 90, 130, 90, 130, 90, 650, 650, 650, 650, 650, 110, 7100, 7100, 1760, 1760, 1760, 1760, 1760, 1080, 1620, 1620, 1620, 1620, 1620, 5550, 2160, 50, 50, 50, 50, 50, 1150, 450, 450, 450, 450, 450, 1400, 1400, 1400, 1400, 1400, 210, 210, 210, 210, 210, 60, 60, 2970, 2970, 2970, 2970, 2970, 80, 80, 80, 80, 80, 380, 380, 380, 380, 380, 520, 1120, 1120, 1120, 1120, 1120, 3050, 3050, 80, 3050, 3050, 3050, 950, 950, 950, 950, 950, 2660, 180, 2660, 2660, 2660, 2660, 30, 1800, 30, 1800, 30, 1800, 30, 1800, 30, 1800, 3330, 40, 40, 320, 320, 320, 320, 320, 180, 630, 3960, 3960, 3960, 3960, 3960, 70, 70, 70, 70, 70, 10970, 10970, 1980, 10970, 10970, 10970, 20, 390, 20, 480, 11380, 30, 30, 30, 30, 30, 3350, 720, 720, 720, 720, 720, 1970, 3700, 1590, 1590, 1590, 1590, 1590, 4870, 4870, 3080, 3080, 3080, 4870, 3080, 3080, 4870, 4870, 730, 190, 190, 190, 190, 190, 180660, 180660, 180660, 180660, 180660, 8230, 3460, 3460, 8230, 3460, 8230, 3460, 8230, 3460, 8230, 50, 50, 50, 50, 50, 5830, 5830, 610, 5830, 5830, 5830, 3590, 22350, 22350, 22350, 22350, 22350, 40, 800, 5020, 5020, 800, 800, 5020, 5020, 800, 800, 5020, 730, 1260, 1260, 1260, 1260, 1260, 200, 10, 10, 10, 10, 10, 100, 50, 50, 50, 3460, 50, 50, 6930, 4240, 4240, 4240, 4240, 4240, 300, 4740, 300, 300, 450, 300, 300, 30, 120, 120, 20, 610, 610, 610, 610, 610, 5020, 380, 380, 120, 1120, 730, 1120, 1120, 1120, 1120, 3420, 3420, 3420, 3420, 3420, 930, 270, 270, 270, 270, 270, 70, 70, 70, 70, 70, 10, 1690, 90, 40, 40, 40, 40, 40, 30, 1250, 1250, 1250, 1250, 1250, 30, 30, 30, 30, 30, 300, 300, 240, 680, 1820, 1820, 890, 10, 1820, 1820, 10, 1820, 10, 10, 10, 10, 10, 680, 680, 680, 680, 680, 30, 4260, 30, 30, 4260, 4260, 30, 4260, 30, 4260, 10, 1050, 1050, 1050, 1050, 1050, 3030, 3030, 3030, 3030, 3030, 30, 200, 580, 580, 200, 580, 200, 580, 580, 200, 200, 560, 560, 840, 560, 560, 560, 80, 540, 580, 580, 580, 580, 580, 5300, 5300, 5300, 5300, 5300, 0, 4980, 4980, 4980, 4980, 4980, 2970, 3700, 4170, 90, 120, 120, 90, 120, 90, 120, 90, 120, 90, 4210, 0, 66450, 66450, 66450, 66450, 66450, 860, 9840, 130, 130, 130, 130, 130, 4710, 70, 70, 580, 580, 580, 580, 580, 1200, 120, 120, 120, 120, 120, 8090, 250, 250, 8090, 250, 8090, 8090, 250, 8090, 250, 1240, 18530, 18530, 1340, 560, 560, 560, 560, 560, 680, 380, 1200, 3730, 6930, 70, 10, 70, 70, 10, 70, 70, 30, 30, 27420, 27420, 27420, 27420, 27420, 2810, 100, 160, 10, 10, 10, 10, 10, 2400, 5670, 200, 200, 200, 200, 200, 90, 90, 90, 90, 90, 650, 220, 930, 930, 930, 930, 930, 430, 430, 430, 430, 430, 1620, 1620, 1620, 1620, 1620, 10, 5820, 13170, 13170, 13170, 5820, 13170, 13170, 5820, 5820, 5820, 1260, 1260, 1260, 1260, 1260, 130, 720, 100, 720, 720, 720, 720, 2950, 6730, 6730, 6730, 6730, 6730, 4100, 4100, 4100, 4100, 4100, 100, 100, 100, 100, 100]"
2020-11-03 21:15:00+00:00,956550,0,572.0,"[3220, 3220, 3220, 3220, 3220, 330, 0, 0, 0, 0, 0, 5180, 520, 520, 520, 520, 520, 890, 890, 890, 890, 890, 410, 410, 410, 410, 410, 120, 0, 540, 320, 80, 320, 80, 80, 320, 540, 320, 320, 80, 80, 330, 2740, 660, 660, 660, 660, 660, 4310, 130, 19570, 530, 530, 530, 530, 530, 60, 4000, 370, 7900, 520, 520, 520, 520, 520, 900, 60, 60, 60, 60, 60, 180, 8810, 4700, 180, 1040, 400, 30, 400, 30, 460, 400, 460, 30, 1780, 400, 460, 460, 30, 460, 30, 400, 1150, 320, 360, 360, 360, 360, 360, 7710, 7710, 7710, 7710, 7710, 240, 240, 240, 240, 240, 12150, 440, 440, 440, 440, 440, 180, 210, 90, 210, 90, 90, 180, 180, 210, 90, 180, 210, 90, 180, 210, 260, 260, 260, 260, 260, 40, 40, 40, 40, 40, 7450, 7450, 7450, 7450, 7450, 1290, 1580, 1580, 1580, 1580, 1580, 0, 20, 20, 20, 0, 0, 20, 0, 20, 0, 710, 5870, 830, 600, 600, 600, 600, 600, 1060, 910, 0, 70, 70, 70, 320, 70, 70, 14800, 14800, 14800, 14800, 14800, 70, 5830, 430, 430, 430, 430, 430, 60, 60, 60, 60, 60, 8900, 200, 380, 380, 520, 520, 520, 520, 520, 3750, 320, 320, 320, 320, 320, 80, 2190, 350, 80, 80, 80, 80, 140, 230, 20, 230, 230, 230, 140, 230, 870, 1020, 3340, 1020, 40, 1020, 40, 1020, 40, 40, 1020, 40, 3620, 160, 160, 160, 160, 160, 26490, 20, 20, 20, 20, 20, 210, 770, 70, 770, 770, 70, 770, 770, 70, 70, 70, 80, 190, 9330, 7580, 9330, 7580, 7580, 7580, 9330, 7580, 9330, 9330, 70, 160, 2400, 2400, 2400, 2400, 2400, 10, 6750, 1020, 70, 530, 70, 6750, 530, 6750, 6750, 70, 530, 70, 6750, 530, 530, 70, 180, 180, 180, 180, 180, 870, 320, 320, 320, 320, 320, 4040, 700, 700, 700, 700, 700, 70, 70, 70, 70, 70, 20, 20, 20, 20, 20, 1200, 870, 0, 0, 270, 270, 270, 270, 270, 1990, 1990, 1990, 1990, 1990, 30, 30, 4040, 360, 360, 360, 360, 360, 9950, 3620, 3620, 3620, 3620, 3620, 540, 3700, 160, 160, 160, 160, 160, 14790, 4720, 4720, 4720, 4720, 4720, 240, 240, 40, 40, 240, 240, 40, 240, 40, 40, 40, 1740, 1740, 14240, 14240, 14240, 14240, 14240, 540, 540, 540, 540, 540, 250, 2160, 2160, 250, 250, 2160, 2160, 250, 2160, 250, 130, 790, 790, 790, 130, 790, 130, 790, 130, 130, 1200, 1200, 1200, 1200, 1200, 360, 270, 270, 270, 360, 270, 360, 270, 360, 360, 5130, 4280, 320, 700, 20, 420, 420, 420, 420, 420, 500, 500, 500, 500, 500, 300, 3740, 300, 300, 300, 300, 20, 1720, 1720, 1720, 1720, 1720, 250, 250, 250, 250, 250, 10, 10, 10, 10, 10, 10, 10, 10, 10, 1900, 10, 640, 1880, 1880, 1880, 1880, 1880, 0, 580, 170, 170, 16100, 170, 16100, 170, 16100, 16100, 170, 16100, 170, 780, 130, 130, 130, 130, 130, 20, 720, 720, 720, 720, 720, 860, 860, 860, 860, 860, 2370, 720, 50, 420, 420, 420, 420, 420, 4220, 10, 660, 660, 660, 660, 660, 1070, 1070, 1070, 1070, 1070, 3030, 30, 30, 30, 30, 30, 15630, 1240, 1710, 1900, 400, 5580, 910, 330, 2570, 2570, 2570, 2570, 2570, 1230, 300, 1460, 1460, 1460, 1460, 1460, 2830, 320, 320, 320, 320, 320, 10, 10, 10, 10, 10, 0, 8500, 0, 500, 500, 500, 500, 500, 890, 890, 890, 890, 890, 16180]"
2020-11-03 21:20:00+00:00,1441750,0,591.0,"[290, 290, 290, 290, 290, 2040, 50, 20, 20, 50, 50, 20, 50, 50, 20, 20, 1730, 700, 1730, 700, 700, 1730, 1730, 700, 700, 1730, 90, 10, 12090, 12090, 10, 10, 12090, 12090, 10, 12090, 10, 2460, 12270, 12270, 12270, 12270, 12270, 380, 380, 380, 380, 380, 190, 190, 150, 150, 150, 150, 150, 25360, 25360, 25360, 25360, 25360, 25360, 25360, 25360, 25360, 25360, 300, 0, 300, 0, 300, 0, 300, 0, 300, 0, 400, 730, 1040, 9860, 3120, 3120, 3120, 3120, 3120, 10, 10, 10, 10, 10, 1680, 150, 900, 140, 5630, 140, 140, 140, 140, 60, 1900, 170, 30, 30, 170, 30, 170, 30, 30, 170, 170, 3840, 3840, 3840, 3840, 3840, 3700, 150, 670, 860, 860, 860, 860, 860, 150, 150, 150, 150, 150, 2030, 70, 2030, 2030, 2030, 2030, 600, 600, 600, 600, 600, 550, 550, 270, 550, 550, 550, 12570, 12570, 12570, 12570, 12570, 2090, 70, 70, 70, 70, 70, 0, 10, 10, 10, 10, 120, 10, 20, 610, 800, 800, 800, 800, 800, 30, 30, 10, 10, 10, 30, 30, 30, 10, 10, 2760, 2950, 3520, 930, 10, 10, 3520, 10, 10, 3520, 3520, 10, 3520, 80, 1090, 1090, 1090, 1090, 1090, 200, 180, 180, 200, 180, 200, 180, 200, 180, 200, 670, 3950, 0, 170, 170, 170, 170, 170, 600, 20, 240, 240, 240, 240, 240, 500, 500, 500, 500, 500, 220, 320, 320, 320, 320, 320, 320, 320, 320, 320, 320, 320, 1330, 1330, 1330, 1330, 1330, 410, 120, 0, 60, 60, 60, 60, 60, 3590, 3590, 3590, 3590, 1360, 13730, 13730, 13730, 13730, 2240, 630, 0, 630, 3810, 590, 3810, 590, 3810, 590, 3810, 590, 590, 3810, 140, 80, 670, 0, 2060, 2060, 2060, 2060, 2060, 150, 150, 150, 150, 150, 3450, 420, 260, 420, 260, 420, 420, 420, 260, 260, 260, 2720, 80, 80, 80, 80, 80, 30, 160, 160, 160, 160, 160, 80, 80, 80, 80, 80, 60, 60, 60, 60, 60, 50, 50, 70, 2640, 2640, 2640, 2640, 2640, 1440, 1440, 1440, 1440, 1440, 200, 390, 390, 390, 390, 390, 40, 2390, 10, 10, 10, 10, 2390, 10, 420, 720, 3780, 3520, 620, 620, 620, 620, 620, 4800, 4800, 4800, 4800, 4800, 150, 720, 30, 54010, 90, 90, 54010, 90, 54010, 90, 90, 54010, 54010, 620, 620, 620, 620, 620, 10, 140, 430, 19660, 430, 430, 430, 430, 14390, 710, 710, 710, 710, 710, 2510, 2510, 2510, 2510, 2510, 30, 2540, 1410, 1410, 1120, 1120, 1120, 20, 20, 20, 1120, 20, 20, 1120, 40, 2940, 2940, 580, 2160, 580, 2160, 580, 580, 580, 1900, 90, 2620, 3930, 3930, 3930, 3930, 3930, 1270, 1270, 1270, 1270, 1270, 90, 2620, 2620, 2620, 2620, 2620, 130, 130, 130, 130, 130, 370, 1900, 270, 270, 370, 1900, 1900, 370, 270, 270, 370, 1900, 270, 1900, 370, 100, 120, 40, 10, 10, 10, 10, 10, 1980, 31890, 31890, 1270, 3450, 1650, 1650, 120, 1650, 120, 120, 1650, 120, 120, 1650, 270, 270, 270, 270, 270, 10, 10, 10, 10, 10, 13220, 650, 20, 20, 20, 20, 20, 2760, 2760, 80, 80, 80, 80, 80, 4770, 810, 3620, 3620, 1840, 3620, 3620, 3620, 480, 1220, 330, 330, 330, 330, 330, 5710, 3620, 3220, 3220, 3220, 3220, 3220, 1200, 50, 5500, 940, 840, 1430, 20, 10, 20, 20, 20, 10, 10, 10, 10, 20, 230, 230, 230, 230, 230, 350, 6400, 6400, 6400, 6400, 6400, 140, 2210, 410, 410, 410, 2210, 2210, 410, 2210, 410, 2210, 2400, 2400, 2400, 2400, 2400, 3500, 3500, 3500, 3500, 3500, 20, 850, 160, 160, 850, 160, 160, 160, 360]"
2020-11-03 21:25:00+00:00,2499440,0,688.0,"[290, 290, 290, 290, 290, 1020, 1020, 1020, 1020, 1020, 480, 140, 480, 480, 480, 480, 6190, 1640, 1640, 1640, 1640, 1640, 10400, 480, 290, 480, 480, 480, 480, 440, 2310, 4910, 4910, 4910, 4910, 4910, 160, 160, 160, 160, 160, 270, 270, 270, 270, 270, 2420, 860, 860, 860, 860, 860, 50, 50, 50, 50, 50, 80, 80, 80, 80, 80, 1900, 1900, 1900, 1900, 1900, 520, 23380, 520, 520, 23380, 23380, 520, 23380, 520, 23380, 500, 6680, 6680, 6680, 6680, 21990, 2880, 2880, 2880, 2880, 2880, 170, 170, 170, 170, 170, 20, 20, 30, 30, 20, 30, 20, 20, 30, 20, 30, 80, 1820, 1820, 1820, 1820, 1820, 940, 60, 140, 100, 100, 100, 100, 100, 3750, 3750, 3750, 3750, 3750, 400, 400, 400, 400, 400, 260, 37940, 37940, 37940, 37940, 37940, 0, 0, 0, 0, 0, 350, 350, 350, 350, 350, 130, 60, 740, 740, 740, 740, 740, 430, 430, 430, 430, 430, 1910, 1800, 1800, 1800, 1800, 1800, 1220, 19330, 19330, 1220, 1220, 19330, 19330, 1220, 19330, 1220, 50, 5290, 5290, 5290, 5290, 30, 1110, 1110, 1110, 1110, 1110, 780, 780, 780, 780, 780, 2120, 1420, 2100, 5440, 10040, 2980, 2980, 2980, 10040, 2980, 2980, 80, 80, 80, 80, 80, 290, 290, 290, 290, 290, 340, 1110, 1740, 1630, 1630, 1740, 1740, 1630, 340, 1740, 1110, 1630, 1110, 1110, 1630, 1110, 1740, 1630, 450, 2540, 10, 10, 10, 10, 10, 49490, 2610, 2610, 2610, 49490, 49490, 2610, 49490, 2610, 49490, 80, 80, 20, 1060, 1060, 1060, 1060, 1060, 1080, 1530, 1530, 1530, 1530, 1530, 10040, 740, 740, 740, 740, 740, 160, 160, 160, 160, 160, 40, 4980, 2640, 2640, 2640, 4980, 2640, 4980, 2640, 4980, 4980, 110, 80, 70, 70, 70, 70, 80, 70, 4060, 4060, 40, 4030, 900, 900, 900, 900, 900, 1050, 1050, 1050, 1050, 1050, 5900, 1300, 6250, 6250, 6250, 6250, 6250, 310, 310, 310, 310, 310, 240, 330, 5250, 5250, 5250, 5250, 5250, 6380, 6380, 6380, 6380, 6380, 1300, 100, 5810, 100, 100, 5810, 5810, 100, 5810, 100, 5810, 4710, 4710, 20, 20, 20, 20, 20, 4490, 600, 600, 600, 600, 600, 20, 20, 20, 20, 20, 1660, 40, 40, 1660, 40, 1660, 40, 1660, 1660, 40, 5810, 140, 140, 140, 140, 140, 30, 30, 30, 30, 30, 170, 1070, 170, 170, 170, 170, 770, 610, 610, 610, 610, 610, 940, 940, 940, 940, 940, 160, 160, 160, 160, 160, 1380, 1380, 0, 1380, 0, 1380, 0, 1380, 0, 0, 1830, 1180, 1180, 1180, 1180, 1180, 180, 940, 940, 40, 40, 40, 40, 40, 1250, 1140, 1250, 1140, 1250, 1140, 1140, 1250, 1250, 1140, 70, 70, 70, 70, 70, 21640, 2910, 3520, 21640, 2910, 21640, 21640, 2910, 2910, 21640, 2910, 33800, 33800, 33800, 33800, 33800, 160, 160, 160, 160, 160, 2940, 2940, 2940, 2940, 2940, 180, 180, 5170, 180, 180, 180, 3930, 3930, 3930, 3930, 3930, 3680, 3680, 3680, 3680, 3680, 460, 960, 80, 400, 80, 400, 400, 80, 400, 80, 400, 80, 2900, 180, 180, 50080, 180, 180, 180, 220, 220, 2280, 220, 220, 220, 280, 0, 180, 180, 180, 180, 180, 220, 220, 220, 220, 220, 70, 120, 70, 120, 120, 70, 70, 70, 120, 120, 70, 70, 70, 70, 70, 10, 10, 10, 10, 10, 2080, 50, 50, 240, 50, 50, 50, 820, 820, 820, 820, 820, 650, 40, 650, 650, 650, 40, 40, 40, 650, 40, 2720, 2720, 2720, 2720, 2720, 20, 10, 10, 10, 10, 10, 500, 370, 370, 370, 370, 370, 120, 120, 120, 120, 120, 1020, 1360, 1360, 1360, 1360, 1360, 20, 3010, 10, 2720, 10, 10, 10, 2720, 10, 2720, 2720, 2720, 1180, 1180, 1180, 1180, 1180, 25980, 25980, 25980, 25980, 25980, 370, 370, 370, 370, 370, 40, 420, 420, 420, 420, 420, 240, 240, 240, 240, 240, 130, 1760, 1760, 130, 1760, 1760, 130, 1760, 130, 130, 1140, 1140, 1140, 1140, 1140, 410, 410, 410, 410, 410, 56300, 56300, 56300, 56300, 56300, 110, 110, 110, 110, 110, 4210, 40, 220, 220, 220, 220, 220, 130, 130, 130, 130, 130, 1380, 810, 60110, 60110, 60110, 60110, 60110, 600, 600, 600, 600, 600, 1580, 1580, 1580, 1580, 1580, 10, 10, 10, 10, 10]"
2020-11-03 21:30:00+00:00,3216300,6,785.0,"[32630, 40, 32630, 32630, 32630, 32630, 2420, 2420, 2420, 2420, 2420, 4070, 4070, 110, 4070, 4070, 4070, 150, 890, 150, 150, 150, 150, 150, 10, 10, 10, 10, 10, 10, 10, 10, 10, 10, 770, 140, 140, 140, 140, 140, 370, 120, 120, 20, 120, 120, 120, 20, 3240, 690, 3340, 690, 3340, 690, 3340, 3340, 690, 3340, 690, 3160, 330, 3160, 3160, 3160, 3160, 40, 40, 40, 40, 40, 40, 40, 650, 3310, 650, 650, 650, 650, 20, 20, 20, 20, 20, 110, 700, 110, 110, 700, 110, 110, 690, 690, 120, 120, 10, 120, 120, 120, 4030, 4010, 25200, 25200, 25200, 25200, 25200, 760, 320, 760, 320, 760, 760, 320, 320, 320, 760, 0, 0, 0, 0, 0, 340, 340, 340, 340, 340, 150, 420, 270, 270, 270, 270, 270, 1430, 1430, 1430, 1430, 1430, 120, 120, 30, 30, 30, 30, 30, 2750, 30, 0, 0, 0, 0, 30, 30, 30, 0, 30, 60, 60, 3360, 3360, 60, 3360, 60, 3360, 60, 3360, 10, 10, 10, 10, 10, 60, 5240, 550, 740, 740, 550, 80, 3150, 270, 3150, 3150, 270, 270, 3150, 270, 80, 270, 3150, 70, 20, 20, 20, 20, 20, 200, 2760, 200, 2760, 2760, 200, 200, 200, 2760, 2760, 10, 1120, 1120, 1120, 1120, 1120, 50, 2140, 2140, 50, 2140, 50, 2200, 50, 2140, 50, 2140, 50, 90, 90, 90, 90, 90, 30, 340, 30, 30, 340, 30, 340, 340, 30, 340, 1230, 1460, 3040, 920, 3040, 14330, 920, 920, 920, 14330, 3040, 14330, 14330, 3040, 3040, 14330, 920, 6190, 6190, 6190, 6190, 6190, 1380, 1380, 50, 50, 50, 1380, 50, 1380, 50, 1380, 460, 2080, 2080, 2080, 2080, 2080, 1180, 150, 60, 60, 1380, 1380, 1380, 60, 1380, 60, 1380, 60, 3160, 140, 410, 140, 410, 140, 140, 410, 410, 410, 140, 860, 860, 860, 860, 860, 810, 4840, 4010, 4840, 4840, 4840, 4840, 2310, 2310, 2310, 2310, 2310, 60, 60, 60, 60, 60, 120, 1730, 440, 440, 440, 440, 440, 10, 3250, 530, 10, 10, 530, 530, 3250, 530, 10, 10, 530, 0, 0, 0, 0, 0, 20, 2950, 2950, 2950, 2950, 20, 20, 2950, 20, 20, 60, 30, 30, 30, 30, 30, 12230, 12230, 12230, 12230, 12230, 680, 210, 680, 210, 680, 680, 210, 680, 210, 210, 90, 90, 90, 90, 90, 6250, 10, 10, 6250, 10, 10, 10, 2340, 2340, 20, 30, 20, 20, 20, 20, 30, 170, 40, 40, 40, 40, 40, 2740, 2740, 2740, 2740, 2740, 2360, 2360, 2360, 2360, 2360, 2980, 160, 2980, 2980, 2980, 2980, 660, 660, 660, 660, 660, 210, 210, 380, 210, 210, 210, 1430, 170, 30440, 170, 30440, 170, 30440, 170, 30440, 170, 30440, 800, 800, 800, 800, 800, 570, 0, 3550, 0, 0, 0, 0, 6420, 6420, 6420, 6420, 6420, 90, 90, 60, 60, 60, 60, 60, 750, 750, 1290, 750, 750, 750, 4550, 4550, 4550, 4550, 4550, 40, 7420, 7420, 7420, 7420, 7420, 0, 0, 7420, 0, 0, 7420, 7420, 0, 7420, 7420, 300, 300, 300, 300, 300, 10, 10, 10, 10, 10, 950, 16060, 950, 16060, 16060, 950, 16060, 16060, 950, 950, 20, 20, 20, 20, 20, 10, 10, 10, 10, 10, 12000, 2450, 2450, 2450, 2450, 2450, 3340, 4410, 120, 120, 120, 120, 120, 80, 80, 80, 80, 80, 10, 10, 10, 10, 10, 220, 220, 220, 220, 220, 710, 3810, 3810, 220, 3810, 3810, 3810, 260, 170, 2000, 2000, 2000, 2000, 2000, 30, 30, 30, 30, 30, 30, 30, 30, 30, 30, 1090, 250, 250, 250, 250, 250, 50, 30, 30, 30, 30, 30, 10, 10, 11590, 70, 11590, 70, 11590, 11590, 70, 11590, 70, 70, 250, 80, 80, 80, 80, 810, 80, 50, 390, 50, 50, 50, 390, 50, 22100, 210, 210, 210, 210, 210, 160, 160, 160, 160, 160, 90, 550, 550, 550, 550, 550, 6340, 2090, 2090, 2090, 2090, 2090, 0, 0, 0, 0, 0, 3240, 330, 330, 330, 330, 330, 2230, 2230, 2230, 100, 100, 2230, 2230, 100, 100, 100, 3760, 3760, 3760, 3760, 3760, 950, 40, 40, 40, 40, 40, 180, 60, 180, 60, 180, 60, 60, 180, 60, 180, 320, 320, 320, 320, 320, 3110, 3110, 3110, 3110, 3110, 950, 1580, 1580, 1580, 1580, 1580, 40, 3410, 41990, 41990, 3410, 41990, 40, 41990, 3410, 41990, 3410, 3410, 3540, 3540, 3540, 3540, 3540, 30, 30, 30, 30, 30, 30, 30, 30, 30, 30, 30, 30, 3540, 170, 13720, 13720, 13720, 13720, 13720, 280, 280, 280, 280, 280, 2880, 3460, 420, 100, 420, 100, 420, 100, 100, 420, 100, 420, 7450, 310, 310, 310, 7450, 310, 310, 100, 100, 100, 80, 100, 80, 100, 80, 80, 80, 2230, 0, 70, 70, 70, 70, 70, 2290, 430, 2290, 2290, 2290, 2290, 100, 100, 100, 100, 100]"
2020-11-03 21:35:00+00:00,1099640,5,601.0,"[2880, 2880, 2880, 2880, 2880, 10, 570, 780, 780, 780, 780, 780, 1030, 1030, 1030, 1030, 1030, 1520, 1520, 1520, 1520, 1520, 940, 940, 940, 940, 940, 430, 1060, 10, 10, 10, 10, 10, 1820, 3180, 1820, 3180, 1820, 1820, 1820, 90, 30, 830, 270, 940, 520, 8310, 790, 790, 790, 790, 790, 90, 90, 90, 90, 90, 10, 10, 10, 10, 10, 520, 1490, 520, 520, 520, 520, 1610, 70, 70, 70, 70, 1610, 70, 490, 10, 15480, 10, 10, 10, 10, 8310, 8310, 8310, 8310, 8310, 20, 220, 220, 220, 220, 220, 10, 1150, 1150, 1150, 1150, 1150, 30, 990, 30, 990, 990, 990, 990, 2420, 2420, 2420, 2420, 2420, 22130, 22130, 1230, 1230, 1230, 1230, 1230, 150, 150, 150, 150, 150, 980, 980, 980, 980, 980, 30, 30, 30, 30, 30, 0, 3000, 3000, 0, 0, 3000, 0, 3000, 0, 3000, 22130, 22130, 170, 80, 80, 80, 80, 80, 1030, 110, 110, 110, 110, 110, 6070, 10, 10, 6070, 10, 10, 10, 20, 30, 30, 30, 30, 30, 3870, 100, 100, 100, 100, 100, 10, 10, 10, 10, 10, 120, 10, 120, 10, 120, 10, 120, 10, 120, 10, 1300, 1300, 1300, 1300, 1300, 720, 20, 20, 720, 20, 20, 20, 20, 20, 20, 20, 20, 30, 30, 30, 30, 30, 17490, 430, 50, 50, 430, 50, 430, 430, 430, 50, 50, 50, 30, 4570, 50, 50, 30, 50, 50, 6340, 7240, 810, 80, 80, 80, 80, 80, 410, 410, 410, 410, 410, 260, 260, 260, 260, 260, 1150, 110, 2710, 2710, 2710, 2710, 2710, 30, 30, 520, 90, 0, 8460, 90, 0, 8460, 90, 90, 0, 0, 90, 0, 5970, 5970, 5970, 5970, 5970, 4180, 0, 0, 1020, 120, 120, 1670, 120, 1020, 1020, 120, 1670, 1020, 1670, 1020, 1670, 1670, 120, 770, 100, 100, 100, 100, 100, 6090, 6090, 6090, 6090, 6090, 210, 150, 100, 150, 150, 150, 150, 30, 30, 540, 540, 540, 540, 540, 190, 630, 630, 630, 630, 630, 620, 70, 70, 70, 70, 70, 1290, 1290, 1290, 1290, 1290, 2930, 2930, 2930, 2930, 2930, 180, 4680, 180, 180, 180, 180, 300, 870, 40, 870, 1630, 1630, 1630, 1630, 1630, 630, 630, 630, 630, 630, 3500, 3500, 10, 10, 360, 10, 10, 10, 30, 2040, 2040, 2040, 2040, 2040, 80, 100, 80, 80, 80, 80, 10, 8290, 2070, 70, 2070, 70, 70, 3400, 2070, 70, 70, 2070, 2070, 3680, 910, 920, 920, 920, 910, 920, 910, 920, 910, 910, 10, 10, 0, 0, 10, 0, 10, 0, 10, 0, 14990, 320, 320, 320, 320, 320, 740, 740, 740, 740, 740, 30, 1370, 11490, 1370, 11490, 1370, 1370, 1370, 40, 40, 40, 40, 40, 270, 10, 270, 270, 270, 270, 2300, 2300, 2300, 2300, 2300, 410, 190, 17200, 17200, 17200, 190, 190, 17200, 190, 17200, 190, 140, 140, 140, 140, 140, 560, 3090, 3090, 560, 560, 3090, 560, 3090, 560, 3090, 26880, 500, 500, 500, 500, 500, 5500, 5500, 680, 5500, 5500, 5500, 860, 860, 860, 860, 860, 40, 40, 40, 40, 40, 600, 600, 600, 600, 600, 70, 190, 200, 390, 390, 390, 390, 390, 50, 50, 50, 50, 50, 50, 2020, 2020, 2020, 2020, 2020, 40, 950, 950, 950, 950, 950, 410, 410, 410, 410, 410, 10, 10, 10, 10, 10, 50, 43030, 43030, 2020, 50, 43030, 2020, 50, 43030, 2020, 50, 2020, 50, 43030, 2020, 160, 160, 160, 160, 160, 2330, 50, 50, 2330, 2330, 50, 2330, 50, 2330, 50, 140, 140, 140, 530, 140, 140, 260, 800, 4570, 4570, 4570, 4570, 4570, 40, 10, 50, 50, 50, 50, 50, 4570, 4570, 4570, 4570, 4570, 10, 10, 10, 10, 10, 410]"
2020-11-03 21:40:00+00:00,3100410,10,733.0,"[1600, 470, 470, 1600, 1600, 1600, 1600, 2070, 20, 20, 20, 20, 20, 40, 110, 10, 40, 10, 110, 40, 40, 110, 110, 40, 110, 10, 10, 10, 10, 10, 3460, 3460, 3460, 3460, 3460, 6050, 10, 10, 6050, 220, 6050, 6050, 10, 6050, 10, 10, 2740, 60, 410, 410, 410, 410, 410, 460, 460, 460, 460, 460, 11780, 1970, 1970, 11780, 1970, 1970, 11780, 11780, 11780, 1970, 300, 300, 2790, 560, 560, 2790, 560, 2790, 560, 2790, 560, 2790, 80, 80, 80, 80, 80, 3060, 50, 1640, 1160, 1160, 1160, 1160, 1160, 990, 990, 990, 990, 990, 280, 280, 280, 280, 280, 40, 80, 6500, 480, 6500, 6500, 480, 6500, 480, 480, 6500, 480, 0, 670, 670, 16690, 670, 670, 670, 510, 510, 510, 510, 510, 20, 20, 20, 20, 20, 220, 220, 220, 220, 220, 9160, 9160, 9160, 9160, 9160, 440, 2790, 0, 0, 0, 2790, 2790, 2790, 0, 0, 2790, 80, 5090, 5090, 5090, 5090, 5090, 560, 760, 760, 760, 760, 760, 560, 560, 560, 560, 130, 220, 130, 130, 130, 130, 220, 4380, 190, 4380, 4380, 190, 190, 4380, 190, 190, 4380, 810, 810, 810, 810, 810, 390, 19350, 390, 390, 19350, 390, 19350, 390, 19350, 19350, 20, 20, 20, 20, 20, 70, 3430, 3430, 3430, 3430, 3430, 240, 340, 340, 340, 5380, 340, 5380, 340, 5380, 5380, 3460, 2690, 160, 60, 270, 60, 60, 60, 60, 120, 120, 0, 120, 0, 120, 5900, 0, 0, 120, 0, 9150, 20, 20, 20, 20, 20, 390, 260, 820, 2240, 2240, 2240, 820, 820, 820, 2240, 820, 2240, 3090, 3780, 3090, 3090, 3090, 3090, 0, 50, 0, 0, 50, 50, 50, 50, 50, 0, 50, 50, 50, 50, 0, 40, 40, 40, 40, 40, 500, 500, 500, 500, 500, 1280, 1280, 640, 640, 640, 640, 640, 160, 160, 160, 160, 160, 230, 140, 230, 80, 150, 80, 140, 150, 230, 140, 80, 230, 150, 140, 80, 230, 150, 140, 80, 150, 500, 160, 160, 160, 160, 160, 20, 180, 20, 180, 20, 180, 180, 20, 20, 20, 180, 240, 2050, 80, 2050, 350, 30, 350, 20, 350, 30, 350, 30, 20, 30, 30, 20, 350, 20, 20, 820, 640, 1390, 1390, 1390, 1390, 1390, 1160, 1470, 1470, 1160, 1160, 1470, 1160, 1470, 1470, 1160, 450, 50, 70, 70, 50, 50, 70, 50, 70, 50, 70, 3020, 3020, 3020, 3020, 3020, 11010, 11010, 11010, 11010, 11010, 940, 100, 100, 940, 100, 940, 100, 940, 100, 940, 22990, 50, 50, 50, 50, 50, 40, 40, 40, 40, 40, 10, 290, 10, 290, 10, 290, 290, 10, 10, 290, 80, 80, 80, 80, 80, 31000, 31000, 31000, 31000, 31000, 20, 430, 390, 430, 430, 430, 430, 5420, 6820, 20, 20, 20, 20, 20, 8250, 8250, 8250, 8250, 8250, 2800, 2800, 2800, 2800, 2800, 760, 760, 340, 760, 760, 760, 1860, 540, 1220, 1220, 1220, 540, 1860, 1220, 540, 540, 1220, 540, 1610, 900, 900, 900, 900, 900, 20, 20, 20, 20, 20, 30, 1530, 440, 440, 0, 440, 440, 440, 200, 200, 200, 200, 200, 170, 170, 170, 170, 170, 810, 140, 30, 810, 140, 140, 810, 140, 810, 810, 140, 3440, 3440, 3440, 3440, 3440, 20, 14960, 180, 180, 180, 180, 180, 50, 610, 20, 1460, 20, 20, 20, 20, 1460, 20, 30, 30, 20, 20, 30, 20, 30, 20, 30, 5390, 5390, 5390, 5390, 5390, 80, 80, 80, 80, 80, 30, 40, 40, 30, 40, 30, 40, 30, 40, 30, 200, 200, 200, 200, 200, 390, 390, 390, 390, 390, 330, 330, 330, 330, 330, 1460, 830, 830, 830, 830, 830, 2140, 2140, 490, 2140, 490, 2140, 490, 490, 2140, 490, 30, 30, 30, 30, 30, 8170, 8170, 8170, 8170, 8170, 30, 860, 440, 80, 80, 50, 50, 50, 50, 50, 240, 240, 240, 240, 240, 270, 270, 270, 270, 270, 1550, 170, 170, 170, 170, 170, 1550, 30, 1550, 1550, 1550, 1550, 1190, 1190, 1190, 1190, 1190, 2360, 3080, 7010, 3080, 7010, 620, 7010, 3080, 620, 3080, 7010, 620, 7010, 3080, 620, 620, 2650, 930, 930, 930, 930, 930, 110, 110, 110, 110, 110, 330, 330, 330, 330, 330, 80, 80, 80, 80, 80, 240, 530, 1390, 1390, 1390, 1390, 1390, 410, 410, 410, 410, 410, 110, 110, 380, 380, 380, 380, 380, 3210, 40, 40, 5740, 1200, 1200, 1200, 1200, 1200, 610, 4720, 610, 610, 610, 610, 1750, 1750, 7900]"
2020-11-03 21:45:00+00:00,1830660,0,735.0,"[200, 200, 200, 200, 200, 830, 5920, 10560, 10560, 10560, 5920, 5920, 10560, 5920, 10560, 5920, 4570, 20, 20, 20, 20, 20, 930, 1810, 2530, 10970, 10970, 10970, 10970, 2530, 10970, 30, 30, 30, 30, 30, 2750, 2750, 2750, 2750, 2750, 870, 130, 130, 130, 130, 130, 5920, 50, 50, 50, 50, 50, 300, 300, 300, 300, 300, 3080, 980, 30, 50, 50, 50, 50, 50, 10, 190, 4040, 190, 4040, 10, 4040, 10, 190, 4040, 10, 190, 190, 4040, 10, 50, 710, 710, 710, 710, 710, 34210, 140, 630, 40, 630, 40, 40, 40, 630, 40, 630, 630, 180, 190, 190, 230, 230, 3660, 960, 960, 960, 960, 960, 19410, 19410, 19410, 19410, 19410, 30, 30, 30, 30, 30, 880, 300, 880, 300, 880, 300, 300, 880, 300, 880, 10, 360, 360, 360, 360, 360, 900, 900, 900, 900, 900, 3590, 3590, 3590, 3590, 3590, 110, 0, 0, 110, 0, 110, 0, 110, 0, 110, 4860, 400, 4860, 4860, 4860, 4860, 1700, 3160, 3160, 3160, 1700, 3160, 1700, 3160, 1700, 1700, 260, 1080, 80, 60, 60, 60, 60, 60, 530, 530, 530, 530, 530, 6080, 6080, 6080, 6080, 6080, 490, 4290, 4290, 4290, 490, 490, 4290, 490, 4290, 490, 40, 60, 60, 60, 60, 60, 140, 140, 290, 290, 140, 290, 140, 290, 140, 290, 40100, 490, 40100, 490, 490, 40100, 490, 40100, 490, 40100, 590, 590, 590, 590, 590, 20, 540, 540, 530, 2660, 2660, 2660, 2660, 2660, 1970, 1970, 1970, 1970, 1970, 9210, 2410, 2410, 2410, 2410, 2410, 1480, 1480, 1480, 1480, 1480, 930, 20380, 20380, 20380, 20380, 20380, 1480, 1480, 1480, 1480, 1480, 800, 3870, 80, 1660, 80, 3870, 80, 3870, 80, 3870, 80, 3870, 110, 110, 110, 110, 110, 250, 250, 250, 250, 250, 0, 0, 0, 0, 0, 3320, 3320, 3320, 3320, 3320, 1480, 530, 530, 350, 350, 350, 350, 350, 770, 770, 770, 770, 770, 50, 10, 10, 10, 10, 10, 1620, 4360, 4720, 4360, 1620, 4360, 4720, 4360, 1620, 4360, 1620, 1620, 320, 7730, 7730, 7730, 7730, 320, 320, 320, 7730, 320, 830, 260, 260, 260, 260, 260, 5610, 1470, 140, 1470, 1470, 140, 1470, 140, 1470, 140, 140, 1300, 1300, 950, 950, 950, 950, 950, 0, 0, 0, 0, 0, 160, 390, 33710, 33710, 390, 33710, 390, 33710, 390, 390, 33710, 150, 150, 150, 150, 150, 1620, 190, 190, 190, 190, 190, 420, 420, 420, 420, 420, 5090, 100, 5090, 5090, 100, 5090, 100, 5090, 100, 100, 2460, 2460, 2460, 2460, 2460, 4410, 5540, 430, 60, 430, 7460, 70, 110, 110, 110, 7460, 110, 7460, 70, 7460, 110, 70, 70, 70, 7460, 2760, 5570, 2760, 2760, 5570, 5570, 2760, 5570, 2760, 5570, 90, 90, 90, 90, 90, 14040, 4420, 4420, 4420, 4420, 4420, 2040, 4120, 4120, 100, 1230, 0, 640, 100, 640, 100, 0, 1230, 1230, 640, 100, 640, 1230, 640, 100, 0, 0, 1230, 0, 5310, 130, 130, 130, 130, 130, 490, 490, 490, 490, 490, 90, 90, 90, 90, 90, 1120, 1120, 1120, 4840, 1120, 1120, 130, 4260, 40, 1530, 1530, 1530, 1530, 1530, 0, 0, 0, 0, 0, 360, 180, 360, 14820, 30, 14820, 260, 14820, 14820, 14820, 20, 12620, 20, 60, 640, 60, 60, 60, 640, 640, 60, 640, 640, 7460, 70, 5550, 70, 70, 5550, 70, 5550, 5550, 70, 5550, 11550, 11550, 11550, 11550, 11550, 140, 140, 140, 140, 140, 100, 1020, 1020, 1020, 1020, 1020, 100, 100, 100, 100, 100, 40, 140, 40, 140, 140, 40, 40, 140, 140, 40, 20, 7370, 520, 520, 520, 520, 520, 580, 580, 580, 580, 580, 9280, 9280, 9280, 9280, 9280, 6280, 2730, 600, 630, 110, 110, 110, 110, 110, 100, 1280, 1280, 100, 100, 1280, 100, 1280, 100, 1280, 10, 540, 10, 10, 10, 580, 540, 10, 580, 580, 580, 580, 300, 300, 300, 300, 300, 400, 20, 20, 20, 20, 20, 1460, 1460, 1460, 1460, 1460, 430, 430, 430, 430, 430, 3300, 1220, 50, 50, 50, 50, 50, 590, 170, 170, 170, 170, 170, 460, 460, 460, 460, 460, 320, 2520, 4870, 4870, 4870, 4870, 4870, 17400, 17400, 660, 660, 660, 660, 660, 130, 130, 130, 130, 130, 270, 30, 20, 20, 20, 20, 20, 1460, 1240, 1240, 1460, 1460, 1460, 1240, 1240, 1460, 1240, 1530, 3690, 3690, 3690, 3690, 3690, 50, 1600, 50, 1600, 1600, 50, 1600, 50, 1600, 50, 50, 50, 50, 50, 50, 170, 170, 170, 170, 170, 1180, 1490, 1490, 1490, 1490, 1490, 3300, 3300, 3300, 3300, 3300]"
2020-11-03 21:50:00+00:00,1178410,0,593.0,"[34450, 34450, 34450, 34450, 34450, 290, 290, 290, 290, 290, 40, 40, 40, 40, 40, 130, 1010, 150, 130, 150, 130, 150, 130, 150, 1010, 130, 150, 8940, 8940, 8940, 8940, 200, 8940, 4720, 60, 60, 60, 60, 60, 180, 70, 70, 70, 70, 70, 100, 60, 60, 60, 60, 60, 1530, 1530, 1530, 1530, 1530, 460, 600, 380, 600, 600, 380, 380, 600, 380, 380, 600, 20, 20, 20, 20, 20, 2680, 2680, 2680, 2680, 2680, 80, 80, 80, 80, 80, 120, 120, 40, 120, 40, 120, 40, 120, 40, 40, 4660, 4660, 90, 90, 90, 340, 90, 90, 260, 3820, 200, 200, 200, 200, 200, 3610, 3610, 3610, 3610, 3610, 4040, 4040, 4040, 4040, 4040, 10, 10, 10, 10, 10, 60, 60, 60, 60, 60, 90, 90, 90, 90, 90, 160, 160, 1450, 160, 1450, 160, 1450, 1450, 1450, 160, 130, 130, 130, 130, 130, 610, 610, 610, 610, 610, 100, 30, 360, 360, 30, 360, 30, 360, 30, 360, 30, 370, 370, 370, 370, 370, 400, 400, 400, 400, 400, 360, 360, 360, 360, 360, 1300, 15980, 15980, 15980, 15980, 15980, 4430, 4040, 1060, 1060, 4040, 1060, 4040, 1060, 4040, 4040, 1060, 680, 640, 640, 640, 640, 640, 610, 610, 610, 610, 610, 1670, 1670, 1670, 1670, 1670, 500, 500, 500, 500, 500, 11040, 11040, 11040, 11040, 11040, 50, 50, 50, 50, 50, 90, 5210, 1240, 20, 20, 20, 20, 1240, 20, 1240, 1240, 1240, 440, 830, 2560, 2560, 2560, 2560, 2560, 3600, 3600, 3610, 3600, 3600, 3600, 150, 150, 150, 150, 150, 180, 180, 180, 180, 180, 50, 60, 60, 60, 60, 60, 200, 200, 200, 200, 200, 50, 50, 50, 50, 50, 30, 140, 140, 140, 140, 140, 810, 810, 810, 810, 810, 90, 90, 90, 90, 90, 3050, 3050, 3050, 3050, 3050, 270, 80, 170, 80, 80, 170, 80, 80, 1020, 1020, 1020, 1020, 1020, 0, 80, 100, 80, 80, 80, 80, 850, 90, 10, 10, 10, 10, 10, 20, 10, 10, 10, 10, 10, 1200, 1200, 1200, 1200, 1200, 2080, 2080, 2080, 2080, 2080, 2320, 2320, 2320, 2320, 2320, 310, 220, 220, 1540, 1540, 1540, 1540, 1540, 510, 510, 510, 510, 510, 1000, 1000, 1000, 1000, 1000, 9080, 9080, 9080, 9080, 9080, 100, 100, 100, 100, 100, 680, 430, 430, 430, 430, 430, 120, 120, 120, 120, 120, 30, 1410, 350, 350, 350, 350, 350, 10, 10, 10, 10, 10, 130, 130, 90, 90, 90, 90, 90, 1450, 1450, 1450, 1450, 1450, 2880, 2480, 2480, 2480, 2480, 2480, 660, 660, 660, 660, 660, 1430, 1430, 40, 40, 40, 1430, 1430, 40, 1430, 40, 1900, 1900, 1900, 1900, 1900, 17320, 1450, 1450, 1450, 1450, 1450, 150, 150, 150, 150, 150, 70, 70, 70, 70, 70, 10, 9150, 9150, 9150, 9150, 9150, 70, 70, 70, 70, 70, 0, 90, 370, 370, 370, 370, 370, 100, 1080, 1080, 50, 1460, 1460, 50, 1460, 50, 1460, 1460, 50, 50, 70, 70, 70, 70, 70, 2630, 21690, 21690, 21690, 21690, 21690, 50, 50, 50, 50, 50, 10, 320, 320, 320, 320, 10, 10, 320, 10, 10, 20, 20, 20, 20, 20, 120, 1240, 390, 1240, 1240, 1240, 1240, 30, 30, 0, 0, 50, 15190, 15190, 2980, 60, 60, 60, 60, 60, 860, 860, 860, 860, 860, 4880, 30, 30, 30, 30, 30, 810, 20, 20, 20, 20, 20, 1220, 1780, 1780, 1780, 1780, 1780, 1570, 1570, 1570, 1570, 1570, 20, 20, 20, 20, 20, 680, 80, 1970, 6950, 13930, 13930, 13930, 13930, 13930, 18820, 18820, 18820, 18820, 18820, 1210, 290, 820, 820, 820, 820, 820, 560, 100, 100, 100, 100, 100]"
2020-11-03 21:55:00+00:00,1182230,0,549.0,"[680, 680, 680, 680, 680, 370, 370, 370, 370, 370, 10, 10, 10, 10, 10, 340, 340, 340, 340, 340, 10, 10, 10, 10, 10, 120, 120, 120, 120, 120, 20, 20, 20, 20, 20, 550, 550, 550, 550, 550, 340, 340, 340, 340, 340, 720, 720, 720, 720, 720, 20, 20, 20, 20, 20, 290, 680, 680, 680, 680, 680, 4490, 10, 10, 10, 10, 10, 60100, 60100, 60100, 60100, 60100, 2620, 8260, 3910, 380, 30, 30, 30, 30, 30, 3570, 3570, 3570, 3570, 3570, 11220, 11220, 11220, 11220, 11220, 100, 100, 100, 100, 100, 140, 20, 140, 140, 140, 140, 280, 60, 2550, 60, 60, 2550, 2550, 10, 2550, 60, 2550, 60, 1350, 1350, 1350, 1350, 1350, 660, 660, 660, 660, 660, 1600, 1600, 1600, 280, 1600, 1600, 280, 280, 280, 280, 1630, 1630, 1630, 1630, 1630, 2140, 2140, 2140, 2140, 2140, 1280, 30, 310, 40, 40, 310, 310, 40, 310, 40, 310, 40, 2530, 2530, 2530, 2530, 2530, 780, 20, 60, 60, 20, 4050, 500, 500, 500, 500, 500, 30, 4410, 4410, 4410, 4410, 30, 4410, 150, 150, 90, 14020, 14020, 14020, 14020, 14020, 500, 500, 500, 500, 500, 80, 80, 80, 80, 80, 1620, 1620, 1620, 1620, 1620, 5680, 5680, 5680, 5680, 5680, 0, 0, 0, 0, 0, 900, 900, 900, 900, 900, 680, 680, 680, 680, 680, 1390, 1390, 1390, 1390, 1390, 40, 40, 40, 40, 40, 270, 270, 40, 1530, 40, 40, 1530, 40, 1530, 40, 1530, 1530, 1680, 1680, 1680, 1680, 1680, 14330, 10, 10, 10, 10, 10, 4610, 4610, 4610, 4610, 4610, 280, 1320, 1320, 1320, 280, 1320, 280, 1320, 280, 280, 2120, 2120, 2120, 2120, 2120, 380, 380, 380, 380, 0, 90, 90, 20, 20, 20, 20, 20, 50, 50, 50, 50, 50, 840, 670, 840, 340, 840, 840, 840, 0, 0, 0, 0, 0, 10, 10, 10, 10, 10, 40, 200, 200, 200, 200, 200, 690, 1900, 1080, 1150, 2400, 160, 1060, 10220, 2900, 10220, 2900, 10220, 2900, 10220, 2900, 2900, 10220, 940, 940, 940, 940, 940, 3360, 3160, 2450, 2320, 100, 80, 80, 80, 80, 80, 230, 230, 230, 230, 230, 2920, 2920, 2920, 2920, 2920, 320, 320, 320, 320, 320, 100, 100, 100, 100, 100, 930, 50, 4230, 20, 20, 20, 20, 20, 2600, 2600, 2600, 2600, 2600, 3240, 3240, 3240, 3240, 3240, 0, 0, 0, 0, 0, 100, 100, 100, 100, 100, 2000, 20, 10810, 20, 20, 10810, 10810, 20, 20, 10810, 20, 20, 10810, 20, 20, 20, 1810, 1810, 1810, 1810, 1810, 910, 910, 910, 910, 910, 130, 130, 60, 50, 50, 50, 50, 50, 80, 360, 360, 360, 360, 360, 100, 100, 100, 100, 100, 21170, 2200, 320, 2200, 2200, 2200, 2200, 730, 8040, 200, 210, 210, 210, 210, 210, 1390, 190, 10810, 1660, 190, 190, 190, 190, 500, 500, 500, 500, 500, 940, 940, 940, 940, 20, 20, 20, 20, 20, 1200, 420, 420, 420, 420, 420, 360, 360, 360, 360, 360, 14080, 250, 250, 250, 250, 250, 20, 20, 20, 20, 20, 22990, 500, 170, 170, 500, 500, 170, 500, 170, 500, 170, 2760, 2760, 2760, 2760, 2760, 1660, 1660, 1660, 1660, 1660, 2120, 2120, 2120, 2120, 2120, 3880, 4370, 3200, 10, 10, 10, 10, 10, 130, 130, 110, 130, 130, 130, 2420, 2420, 2420, 2420, 2420, 16050, 16050, 16050, 16050, 16050]"
2020-11-03 22:00:00+00:00,524110,0,348.0,"[10, 10, 10, 10, 10, 20, 40, 6940, 3810, 600, 600, 600, 600, 600, 190, 70, 70, 3900, 270, 460, 810, 10, 810, 10, 810, 10, 810, 10, 810, 10, 0, 4940, 190, 4940, 190, 7400, 4940, 4940, 190, 4940, 190, 190, 4610, 0, 130, 160, 660, 660, 160, 660, 160, 160, 660, 160, 660, 12050, 12050, 12050, 12050, 12050, 4770, 6990, 20, 50, 50, 3020, 2440, 4610, 4610, 4610, 4610, 4610, 0, 70, 70, 70, 70, 70, 1550, 440, 480, 0, 480, 2740, 2740, 0, 440, 480, 2740, 2740, 2740, 480, 0, 440, 0, 480, 0, 440, 440, 0, 0, 0, 0, 0, 1710, 200, 480, 480, 480, 480, 480, 4290, 4290, 2270, 110, 5870, 1940, 1940, 1940, 1940, 1940, 260, 3430, 3430, 7280, 7280, 630, 20, 20, 20, 20, 20, 50, 50, 50, 50, 50, 2210, 2210, 2210, 2210, 2210, 180, 160, 1520, 310, 310, 310, 310, 310, 13640, 13640, 13640, 13640, 13640, 160, 90, 40, 90, 160, 40, 90, 160, 40, 90, 40, 160, 40, 90, 160, 2180, 990, 1520, 690, 690, 690, 690, 690, 1850, 1850, 1850, 1850, 1850, 320, 40, 520, 10, 520, 10, 520, 520, 10, 520, 10, 10, 6050, 430, 250, 430, 430, 430, 430, 2750, 2750, 2750, 2750, 2750, 0, 0, 0, 0, 0, 0, 3360, 18900, 18900, 18900, 18900, 18900, 440, 440, 440, 440, 440, 10, 10, 10, 10, 10, 770, 770, 770, 770, 770, 700, 40, 40, 40, 40, 40, 4430, 200, 200, 580, 580, 580, 580, 580, 390, 1560, 320, 1560, 1760, 20, 20, 20, 20, 20, 130, 600, 600, 600, 600, 600, 1440, 0, 0, 0, 0, 0, 0, 0, 0, 0, 0, 40, 0, 130, 0, 0, 0, 0, 220, 250, 250, 250, 250, 250, 450, 450, 450, 450, 450, 320, 40, 50, 50, 50, 50, 50, 660, 660, 660, 660, 660, 30, 30, 30, 30, 30, 830, 830, 830, 830, 830, 620, 620, 620, 620, 620, 40, 480, 40, 3210, 40, 40, 3210, 3210, 40, 40, 3210, 3210, 580, 10, 10, 10, 10, 10, 290, 290, 290, 290, 290, 270, 270, 270, 270, 270]"
2020-11-03 22:05:00+00:00,1376550,0,416.0,"[15960, 15960, 70, 70, 70, 70, 70, 40, 40, 240, 240, 30, 130, 130, 130, 130, 130, 10, 10810, 10810, 10810, 10810, 10810, 180, 180, 180, 40, 180, 180, 40, 40, 40, 40, 40, 570, 170, 170, 170, 170, 170, 370, 370, 0, 0, 370, 0, 370, 370, 0, 370, 0, 370, 390, 1720, 1720, 1720, 1720, 1720, 80, 1020, 80, 80, 80, 80, 100, 100, 100, 100, 100, 40, 80, 110, 80, 80, 110, 110, 80, 110, 80, 110, 80, 260, 260, 260, 260, 260, 0, 0, 0, 0, 0, 2960, 1020, 1020, 1020, 1020, 1020, 440, 370, 370, 370, 370, 370, 510, 510, 510, 510, 510, 50, 50, 50, 50, 50, 60, 60, 60, 60, 60, 70, 70, 70, 70, 70, 5820, 90, 4250, 4250, 4250, 4250, 4250, 260, 260, 260, 260, 260, 3500, 490, 30, 10, 10, 10, 30, 5320, 10, 10, 150, 280, 280, 280, 280, 280, 0, 20510, 0, 0, 0, 0, 40, 40, 40, 40, 40, 50, 10790, 1300, 490, 490, 490, 490, 490, 90, 90, 90, 90, 90, 80, 20510, 10, 20510, 20510, 20510, 10, 10, 10, 20510, 10, 2490, 2490, 2490, 2490, 2490, 70, 10, 10, 10, 10, 10, 1220, 60, 60, 60, 60, 60, 130, 16770, 16770, 16770, 16770, 16770, 1020, 220, 500, 500, 500, 500, 500, 10, 10, 10, 10, 10, 14570, 14570, 14570, 14570, 14570, 16770, 500, 7270, 80, 240, 60, 60, 60, 60, 60, 40, 40, 40, 40, 40, 90, 3150, 30, 43350, 43350, 43350, 43350, 43350, 750, 170, 20970, 38730, 38730, 38730, 38730, 38730, 43350, 2130, 10, 10, 10, 10, 10, 830, 20, 830, 830, 20, 830, 830, 20, 20, 40, 40, 40, 40, 40, 40, 40, 40, 40, 40, 400, 740, 740, 740, 740, 740, 180, 180, 180, 180, 180, 210, 50, 1030, 50, 50, 1030, 1030, 50, 1030, 1030, 50, 360, 360, 360, 360, 360, 1880, 50320, 50320, 50320, 50320, 50320, 1660, 1660, 1660, 1660, 1660, 1450, 210, 210, 210, 210, 210, 740, 1420, 780, 1300, 0, 0, 190, 780, 1300, 0, 780, 1300, 0, 780, 1300, 780, 1300, 0, 16770, 120, 120, 300, 870, 300, 870, 300, 870, 300, 870, 870, 300, 10, 4730, 10, 10, 10, 10, 10, 1120, 0, 0, 0, 1120, 0, 1120, 0, 1120, 1120, 250, 250, 250, 250, 250, 600, 600, 600, 600, 600, 250, 900, 130, 290, 290, 290, 290, 290, 100, 40, 40, 40, 40, 40, 740, 740, 740, 740, 740, 40, 40, 9220, 9220, 9220, 9220, 9220, 2650, 2650, 2650, 2650, 2650]"
2020-11-03 22:10:00+00:00,1309590,5,400.0,"[4300, 4300, 4300, 4300, 4300, 20, 260, 40, 670, 2400, 2400, 2400, 2400, 2400, 4250, 780, 4870, 40, 210, 680, 680, 190, 190, 190, 190, 190, 10, 10, 10, 10, 10, 2400, 2400, 980, 980, 2400, 980, 2400, 980, 2400, 980, 360, 360, 360, 3690, 360, 360, 980, 980, 980, 980, 980, 900, 180, 150, 150, 150, 150, 150, 100, 1900, 1900, 1900, 2400, 1900, 1900, 590, 1530, 1530, 590, 590, 590, 590, 2070, 2070, 2070, 2070, 2070, 1090, 1350, 1350, 1350, 1350, 1350, 2510, 2510, 2510, 2510, 2510, 190, 90, 8630, 3600, 0, 0, 0, 0, 0, 520, 520, 520, 520, 520, 40, 4250, 520, 4250, 4250, 520, 4250, 520, 520, 520, 4250, 380, 380, 380, 380, 380, 360, 360, 360, 360, 360, 90, 3330, 60, 60, 60, 60, 60, 4570, 4570, 4570, 80, 4570, 4570, 2610, 2610, 980, 2610, 2610, 2610, 290, 290, 290, 290, 290, 100, 660, 100, 100, 100, 100, 120, 120, 120, 120, 120, 460, 20, 460, 460, 460, 460, 4230, 4230, 4230, 4230, 4230, 2020, 2020, 2020, 2020, 2020, 290, 290, 290, 290, 290, 1890, 1890, 1890, 1890, 1890, 6940, 2070, 3070, 360, 20, 360, 360, 360, 360, 70, 70, 70, 70, 70, 30630, 40, 40, 30630, 40, 40, 30630, 40, 30630, 30630, 1020, 1020, 1020, 1020, 1020, 130, 130, 130, 130, 130, 10, 1820, 0, 0, 0, 0, 0, 490, 490, 490, 490, 490, 1800, 1800, 360, 360, 360, 360, 360, 240, 240, 240, 240, 240, 1410, 4370, 130, 130, 4370, 130, 4370, 130, 4370, 4370, 130, 1130, 8320, 1130, 8320, 8320, 1130, 1130, 8320, 8320, 1130, 170, 320, 320, 320, 320, 320, 40, 40, 40, 40, 40, 60, 2800, 60, 60, 60, 2800, 60, 2800, 2800, 2800, 30, 1710, 1520, 1710, 1710, 1710, 1710, 290, 130, 130, 240, 130, 130, 130, 10, 10, 10, 10, 10, 170, 170, 170, 170, 170, 1470, 50, 4930, 4930, 4930, 4930, 4930, 20, 10, 330, 430, 20, 20, 16760, 1930, 1930, 1930, 1930, 1930, 130, 130, 130, 130, 130, 250, 250, 250, 250, 250, 2760, 2760, 2760, 2760, 2760, 7420, 7420, 7420, 7420, 7420, 40, 44850, 260, 20, 20, 20, 20, 20, 250, 2720, 10, 10, 10, 10, 10, 950, 950, 950, 950, 950, 2690, 2690, 2690, 2690, 2690, 50, 50, 50, 50, 50, 340, 2350, 330, 330, 330, 330, 3330, 880, 880, 880, 880, 880, 1770, 1770, 1770, 1770, 1770]"
2020-11-03 22:15:00+00:00,3901550,1,715.0,"[4380, 20, 20, 20, 20, 20, 880, 880, 880, 880, 880, 2900, 4680, 4680, 4680, 4680, 4680, 80, 80, 80, 80, 80, 4660, 300, 3360, 3360, 3360, 3360, 3360, 20, 20, 1930, 1930, 1930, 1930, 1930, 20, 20, 20, 20, 20, 250, 2070, 44850, 44850, 2070, 44850, 2070, 2070, 2070, 44850, 44850, 780, 780, 780, 780, 780, 710, 280, 10, 280, 10, 280, 280, 10, 10, 280, 10, 140, 140, 140, 140, 140, 44850, 44850, 490, 840, 13940, 10090, 10090, 10090, 10090, 10090, 180, 1520, 1520, 180, 1520, 180, 180, 1520, 180, 1520, 20, 20, 0, 0, 0, 0, 0, 1590, 1590, 1590, 1590, 1590, 2640, 80, 80, 80, 80, 80, 230, 2550, 2550, 2550, 2550, 2550, 60, 50, 70, 70, 70, 70, 50, 70, 50, 50, 50, 2550, 2550, 2550, 2550, 2550, 80, 13320, 13320, 13320, 13320, 13320, 11040, 11040, 11040, 11040, 11040, 10, 10, 10, 460, 2450, 2450, 460, 460, 2450, 460, 2450, 460, 2450, 740, 740, 740, 740, 740, 500, 500, 500, 500, 500, 40, 40, 40, 40, 40, 5810, 2430, 0, 0, 0, 0, 0, 40, 90, 90, 10, 10, 10, 10, 10, 6660, 2440, 100, 10, 10, 10, 10, 10, 590, 1560, 100, 100, 590, 1560, 590, 100, 100, 1560, 590, 100, 1560, 590, 1560, 10, 10, 10, 10, 10, 10, 6940, 20, 120, 120, 20, 20, 120, 20, 120, 120, 20, 5020, 140, 140, 140, 5020, 140, 140, 710, 710, 710, 710, 710, 620, 620, 620, 620, 620, 260, 260, 260, 260, 260, 0, 150, 150, 150, 150, 150, 20, 2260, 20, 2260, 20, 2260, 2260, 20, 2260, 20, 8290, 8290, 8290, 8290, 8290, 1020, 1870, 1870, 1870, 1020, 1020, 1870, 1020, 1870, 1020, 3240, 20, 20, 200, 20, 3240, 20, 200, 200, 3240, 3240, 200, 200, 20, 3240, 2100, 2100, 2100, 2100, 2100, 440, 70, 70, 70, 70, 70, 5720, 5720, 5720, 5720, 5720, 4000, 60, 60, 60, 60, 60, 400, 20, 200, 20, 200, 20, 200, 200, 20, 20, 200, 32080, 110, 110, 110, 32080, 32080, 110, 32080, 110, 32080, 110, 150, 150, 150, 150, 150, 2080, 2080, 60, 60, 60, 60, 60, 1140, 810, 250, 810, 810, 810, 810, 100, 180, 180, 180, 180, 180, 180, 2130, 2130, 4570, 2130, 4570, 2130, 4570, 2130, 4570, 4570, 520, 170, 47280, 47280, 47280, 47280, 47280, 620, 310, 310, 50, 50, 50, 50, 50, 310, 310, 310, 60, 60, 60, 60, 60, 30, 30, 30, 30, 30, 20, 650, 650, 20, 650, 650, 20, 20, 650, 20, 370, 370, 370, 370, 370, 690, 370, 1480, 120, 120, 1480, 120, 1480, 120, 120, 1480, 1480, 4360, 4360, 4360, 4360, 4360, 30, 10, 10, 30, 10, 30, 10, 30, 10, 30, 2050, 2050, 2050, 2050, 2050, 160, 1360, 1360, 1360, 1360, 160, 160, 1360, 160, 160, 50, 50, 50, 50, 50, 50, 40, 50, 40, 40, 40, 40, 110, 250, 450, 450, 450, 450, 450, 240, 240, 240, 240, 240, 60, 60, 60, 60, 60, 50, 50, 50, 50, 50, 20, 10, 10, 10, 10, 10, 20, 360, 360, 20, 360, 20, 360, 20, 360, 20, 50, 50, 50, 770, 50, 50, 40, 40, 40, 40, 40, 160, 160, 160, 160, 160, 450, 450, 450, 450, 450, 40, 40, 40, 40, 40, 40, 1520, 8490, 8490, 60, 60, 60, 2300, 2300, 2300, 2300, 2300, 140, 5900, 60, 60, 5900, 5900, 60, 5900, 60, 5900, 60, 160, 160, 140, 0, 140, 140, 140, 140, 5090, 400, 90, 90, 90, 90, 90, 190, 190, 190, 190, 190, 60, 4050, 60, 4050, 60, 60, 4050, 60, 4050, 4050, 380, 0, 0, 0, 0, 0, 290, 290, 290, 290, 290, 50, 50, 50, 50, 50, 30, 30, 30, 30, 30, 0, 0, 0, 0, 0, 580, 580, 10460, 670, 670, 670, 670, 670, 2170, 2170, 2170, 2170, 2170, 40, 30, 30, 30, 40, 30, 40, 40, 40, 30, 30, 280, 800, 800, 800, 800, 800, 340, 340, 600, 0, 340, 340, 0, 600, 600, 0, 0, 600, 0, 600, 340, 30, 100, 110, 14210, 100, 1430, 150, 150, 150, 150, 150, 340, 2170, 2170, 2170, 2170, 2170, 100, 100, 19590, 100, 100, 100, 0, 0, 0, 0, 260, 0, 1150, 1150, 1150, 1150, 1150, 210, 210, 210, 210, 210, 730, 730, 730, 730, 730, 20, 20, 20, 20, 20, 10070, 10070, 10070, 10070, 10070]"
2020-11-03 22:20:00+00:00,1718710,0,547.0,"[110, 110, 110, 110, 110, 40, 370, 30, 370, 370, 30, 19920, 390, 390, 390, 390, 390, 610, 1000, 610, 1000, 610, 1000, 1000, 610, 1000, 610, 120, 120, 120, 120, 120, 17410, 17410, 17410, 17410, 17410, 11680, 320, 320, 320, 320, 320, 10220, 0, 110, 0, 30, 0, 30, 110, 0, 110, 30, 0, 110, 30, 30, 110, 16760, 540, 540, 540, 540, 540, 4620, 320, 320, 4620, 320, 4620, 320, 4620, 320, 4620, 12310, 12310, 12310, 12310, 12310, 1340, 1340, 1340, 1340, 1340, 3390, 20380, 20380, 860, 20380, 860, 20380, 20380, 10, 10, 10, 10, 10, 620, 620, 620, 620, 620, 760, 50, 50, 50, 50, 50, 10, 10, 10, 10, 10, 590, 590, 590, 590, 590, 60, 1280, 70, 7850, 7850, 70, 7850, 70, 70, 70, 7850, 7850, 50, 50, 50, 50, 50, 50, 50, 50, 50, 50, 2790, 210, 260, 20, 260, 20, 620, 20, 260, 20, 260, 260, 20, 21980, 1430, 1430, 3670, 1430, 1430, 1430, 70, 70, 70, 70, 70, 300, 300, 300, 300, 300, 0, 10, 10, 10, 10, 10, 920, 200, 920, 920, 920, 920, 200, 200, 200, 200, 200, 140, 420, 420, 420, 420, 420, 30, 30, 30, 30, 30, 620, 620, 620, 620, 620, 30, 40, 0, 40, 30, 0, 40, 30, 0, 40, 30, 0, 30, 0, 40, 250, 50, 50, 50, 50, 50, 1580, 410, 410, 410, 410, 410, 480, 480, 480, 480, 480, 400, 400, 400, 400, 400, 3660, 3660, 3660, 3660, 3660, 0, 10, 4810, 4810, 4810, 4810, 4810, 1690, 8200, 8200, 8200, 8200, 8200, 130, 30, 300, 10, 11600, 11600, 11600, 11600, 11600, 40, 4670, 4670, 4670, 4670, 4670, 5980, 5980, 5980, 5980, 5980, 5060, 1140, 550, 550, 1140, 1140, 550, 1140, 550, 550, 1140, 20, 20, 20, 20, 20, 250, 250, 250, 250, 250, 200, 200, 200, 200, 200, 240, 250, 6370, 50, 50, 50, 50, 50, 0, 0, 220, 220, 220, 220, 220, 340, 3370, 340, 340, 340, 3370, 340, 340, 170, 6460, 6460, 6460, 6460, 6460, 220, 160, 220, 220, 220, 160, 220, 220, 220, 220, 220, 220, 400, 400, 400, 10400, 400, 400, 5980, 60, 60, 60, 60, 60, 70, 70, 70, 70, 70, 620, 620, 620, 20, 620, 620, 20, 20, 620, 20, 20, 620, 50, 40, 90, 50, 40, 130, 130, 30, 30, 30, 120, 120, 120, 30, 120, 120, 30, 30, 250, 3590, 250, 250, 250, 250, 70, 20, 20, 20, 70, 20, 70, 70, 70, 20, 10, 10, 10, 10, 10, 220, 40, 40, 220, 40, 220, 220, 40, 40, 220, 230, 230, 230, 230, 230, 1440, 6680, 6680, 2490, 2490, 2490, 2490, 2490, 80, 80, 80, 80, 80, 160, 8200, 160, 160, 160, 160, 130, 130, 130, 130, 130, 80, 80, 80, 80, 80, 10400, 10400, 10400, 10400, 10400, 20, 20, 20, 20, 20, 110, 110, 110, 110, 110, 16050, 16050, 16050, 16050, 16050, 3080, 330, 330, 330, 330, 330, 20, 10, 10, 20, 10, 10, 10, 20, 20, 20, 1150, 4410, 10, 10, 10, 10, 10, 3610, 110, 110, 110, 110, 3610, 3610, 3610, 110, 3610, 860, 860, 860, 860, 860, 30, 30, 30, 30, 30, 110, 110, 110, 110, 110, 330, 10, 3040, 3040, 3040, 3040, 3040, 100, 100, 100, 100, 100, 80, 80, 330, 2530, 145260, 145260, 145260, 145260, 145260]"
2020-11-03 22:25:00+00:00,745030,0,458.0,"[0, 130, 0, 0, 0, 0, 3690, 550, 6950, 220, 2380, 160, 160, 160, 160, 160, 260, 160, 3690, 70, 70, 70, 70, 70, 70, 70, 3400, 3400, 3400, 3400, 3400, 890, 670, 3470, 10, 250, 5060, 250, 10, 5060, 250, 10, 250, 10, 5060, 10, 5060, 5060, 250, 330, 330, 330, 330, 330, 50, 50, 50, 50, 50, 90, 630, 630, 630, 630, 630, 50, 50, 50, 3630, 50, 50, 30, 50, 10, 50, 30, 10, 10, 10, 30, 50, 30, 50, 10, 30, 50, 2210, 2210, 410, 20, 20, 20, 20, 20, 590, 590, 590, 590, 590, 1570, 1570, 1570, 1570, 1570, 40, 40, 40, 40, 40, 110, 110, 110, 110, 110, 250, 3270, 3270, 3270, 3270, 3270, 1140, 400, 400, 400, 400, 400, 30, 30, 30, 30, 30, 20, 8250, 5040, 5040, 5040, 5040, 5040, 4440, 35580, 35580, 35580, 35580, 35580, 0, 0, 0, 0, 0, 20, 20, 20, 20, 20, 840, 840, 840, 840, 840, 220, 220, 220, 220, 220, 330, 60, 60, 330, 60, 330, 60, 330, 330, 60, 200, 200, 200, 200, 200, 80, 80, 80, 80, 80, 60, 60, 60, 60, 60, 20, 20, 20, 20, 20, 1070, 1070, 700, 700, 700, 700, 700, 4900, 4900, 4900, 4900, 4900, 90, 840, 5800, 5800, 5800, 5800, 5800, 1420, 140, 140, 140, 140, 140, 920, 920, 920, 910, 920, 920, 90, 90, 90, 90, 90, 430, 2320, 2320, 2320, 2320, 2320, 10, 10, 10, 10, 10, 4810, 50, 420, 180, 4100, 4100, 4100, 4100, 4100, 20, 20, 20, 20, 20, 70, 70, 0, 70, 1390, 0, 70, 0, 0, 70, 0, 220, 170, 170, 170, 170, 170, 3240, 3240, 3240, 3240, 3240, 2200, 2200, 2200, 2200, 2200, 210, 210, 210, 210, 210, 10, 10, 10, 10, 10, 130, 150, 150, 150, 150, 150, 3580, 4220, 4220, 4220, 4220, 4220, 70, 70, 70, 70, 70, 2600, 2600, 2600, 2600, 2600, 210, 1100, 1100, 1100, 1100, 1100, 90, 90, 160, 2040, 750, 80, 80, 80, 80, 80, 190, 4340, 30, 10, 4340, 30, 10, 4340, 30, 190, 30, 190, 190, 4340, 30, 190, 4340, 70, 1110, 70, 70, 1110, 70, 1110, 70, 1110, 1110, 170, 170, 170, 170, 170, 80, 80, 80, 80, 80, 140, 140, 140, 140, 200, 140, 30, 90, 90, 90, 90, 90, 730, 730, 730, 730, 730, 2550, 1900, 110, 1900, 1900, 1900, 110, 1900, 110, 110, 6950, 110, 2380, 0, 0, 0, 0, 0, 10400, 160, 70, 40, 40, 40, 40, 70, 70, 70, 70, 40, 2490, 60, 60, 1500, 1500, 1500, 1500, 1500, 300, 610, 610, 19150, 19150, 19150, 19150, 19150, 90, 90, 90, 90, 90, 320, 10, 10, 10, 10, 10, 720, 720, 720, 720, 720, 160, 20680, 610, 610, 610, 610, 610, 3400, 3400, 3400, 3400, 3400]"
2020-11-03 22:30:00+00:00,777460,0,432.0,"[1070, 1150, 3230, 3230, 3230, 3230, 3230, 50, 30, 30, 50, 30, 50, 30, 50, 30, 50, 40, 40, 40, 40, 40, 6000, 6000, 6000, 6000, 6000, 10, 3700, 2720, 2720, 2720, 2720, 2720, 790, 790, 790, 790, 790, 300, 140, 140, 140, 140, 140, 6870, 6870, 50, 280, 280, 280, 280, 280, 1250, 1250, 270, 70, 270, 70, 270, 270, 70, 70, 70, 270, 30, 30, 30, 30, 30, 1510, 300, 4560, 1510, 1510, 1510, 300, 4560, 1510, 3090, 140, 3090, 3090, 3090, 140, 140, 140, 3090, 140, 2040, 0, 0, 0, 0, 0, 30, 30, 30, 30, 30, 10, 10, 10, 10, 10, 30, 0, 0, 400, 400, 400, 400, 400, 50, 1160, 1160, 1160, 1160, 1160, 3920, 0, 0, 3920, 0, 0, 0, 150, 150, 150, 150, 150, 20, 20, 20, 20, 20, 30, 30, 30, 30, 30, 9730, 9730, 9730, 9730, 9730, 3740, 3740, 3740, 3740, 3740, 430, 430, 430, 430, 430, 300, 300, 300, 300, 300, 710, 760, 760, 760, 760, 760, 440, 440, 440, 440, 440, 40, 120, 120, 120, 120, 120, 400, 400, 400, 400, 400, 37620, 37620, 37620, 37620, 37620, 440, 560, 560, 440, 560, 10, 440, 560, 440, 560, 440, 590, 2020, 270, 270, 270, 270, 270, 80, 80, 80, 80, 80, 300, 3970, 3970, 3970, 3970, 3970, 30, 3900, 30, 10, 30, 190, 3170, 3170, 3170, 3170, 3170, 180, 180, 180, 180, 180, 70, 70, 70, 70, 70, 410, 410, 410, 410, 410, 0, 0, 0, 0, 0, 90, 90, 90, 90, 90, 370, 370, 370, 370, 370, 1800, 1800, 1800, 1800, 1800, 560, 3010, 230, 3010, 230, 3010, 230, 3010, 230, 230, 3010, 3010, 3010, 730, 3010, 3010, 3010, 140, 140, 10, 140, 140, 140, 40, 40, 40, 930, 40, 930, 40, 930, 930, 930, 12990, 12990, 12990, 12990, 12990, 3780, 3780, 3780, 340, 3780, 340, 340, 3780, 340, 340, 120, 850, 120, 850, 120, 850, 850, 850, 120, 120, 30, 10, 10, 10, 10, 10, 2080, 3240, 3240, 3240, 3240, 3240, 100, 250, 250, 250, 250, 250, 270, 980, 270, 980, 270, 980, 270, 980, 270, 980, 0, 250, 250, 250, 250, 250, 20, 20, 20, 20, 20, 30, 30, 30, 30, 30, 0, 2520, 120, 120, 1050, 820, 120, 120, 120, 11390, 11390, 11390, 11390, 11390, 0, 0, 0, 0, 0, 440, 440, 440, 440, 440, 10, 2180, 2180, 2180, 2180, 2180, 270, 360, 360, 360, 360, 360, 130, 230, 230, 230, 230, 230, 6290, 6290, 6290, 6290, 6290, 850, 200, 30, 6460, 6460, 6460, 30, 30, 6460, 30, 30, 6460, 410, 220, 410, 410, 410, 410, 50, 70]"
2020-11-03 22:35:00+00:00,1447470,0,519.0,"[8740, 8390, 10, 8390, 10, 10, 8390, 8390, 10, 8390, 10, 220, 220, 10, 220, 10, 220, 10, 10, 10, 220, 640, 350, 1710, 1710, 1710, 1710, 350, 350, 1710, 350, 350, 690, 690, 690, 690, 690, 260, 15350, 220, 500, 500, 500, 500, 500, 990, 3430, 3430, 990, 3430, 990, 3430, 3430, 990, 990, 5850, 5850, 5850, 2910, 5850, 2910, 2910, 2910, 5850, 2910, 430, 800, 800, 430, 4360, 800, 430, 800, 430, 800, 430, 150, 150, 150, 150, 150, 80, 80, 80, 80, 80, 120, 350, 350, 350, 350, 350, 5300, 5300, 5300, 5300, 5300, 0, 0, 340, 340, 340, 340, 340, 20, 20, 20, 20, 20, 2050, 2050, 2050, 2050, 2050, 12480, 12480, 12480, 12480, 12480, 80, 80, 80, 80, 80, 270, 270, 270, 24050, 270, 270, 2850, 2850, 2850, 2850, 2850, 260, 260, 260, 260, 260, 120, 20, 20, 20, 20, 20, 530, 530, 530, 530, 530, 2700, 2700, 2700, 2700, 2700, 80, 130, 130, 130, 130, 130, 5080, 5080, 5080, 5080, 5080, 12320, 12320, 12320, 12320, 12320, 110, 3740, 130, 130, 130, 130, 130, 690, 690, 690, 690, 690, 3820, 3820, 3820, 3820, 3820, 10, 10, 10, 10, 10, 80, 80, 80, 690, 80, 80, 80, 80, 80, 80, 80, 90, 90, 90, 90, 90, 4960, 4960, 4960, 4960, 4960, 2010, 210, 210, 210, 2010, 2010, 2010, 210, 2010, 210, 4700, 4700, 4700, 4700, 4700, 50, 50, 50, 50, 50, 9150, 5440, 3480, 3480, 40, 40, 40, 40, 40, 280, 280, 280, 280, 280, 300, 50, 50, 50, 50, 50, 720, 20, 20, 20, 20, 20, 0, 0, 0, 0, 0, 5550, 5550, 5550, 5550, 5550, 200, 200, 200, 200, 200, 10, 10, 10, 10, 10, 700, 700, 700, 700, 700, 210, 2660, 2660, 640, 630, 0, 0, 0, 630, 630, 0, 630, 0, 630, 10, 10, 10, 10, 10, 120, 120, 10, 10, 10, 10, 10, 1040, 16440, 30, 0, 20, 30, 20, 20, 30, 30, 30, 30, 20, 20, 30, 3720, 3720, 660, 660, 660, 660, 660, 90, 80, 90, 90, 90, 90, 10, 250, 250, 250, 250, 250, 3700, 3700, 3700, 3700, 3700, 20, 20, 20, 20, 20, 40, 40, 180, 11420, 340, 5730, 5730, 5730, 5730, 5730, 630, 660, 660, 660, 660, 660, 10, 620, 620, 620, 620, 620, 10, 10, 10, 10, 10, 2090, 2090, 2090, 2090, 2090, 1180, 1550, 80, 60, 60, 60, 60, 60, 290, 290, 290, 290, 290, 104940, 104940, 104940, 104940, 104940, 40, 40, 40, 40, 40, 330, 2340, 2340, 2340, 2340, 2340, 690, 690, 690, 690, 320, 320, 320, 320, 320, 2050, 2050, 2050, 2050, 2050, 80, 20, 20, 80, 80, 20, 80, 20, 80, 20, 25290, 25290, 25290, 25290, 25290, 3550, 3550, 3550, 3550, 3550, 3420, 120, 120, 120, 120, 120, 2670, 30, 30, 30, 30, 30, 30, 30, 30, 30, 30, 210, 150, 150, 340, 150, 150, 150, 1390, 1390, 1390, 1390, 1390, 11820, 260, 260, 260, 260, 260, 3060, 3060, 3060, 3060, 3060, 2240, 160, 160, 2240, 160, 2240, 160, 2240, 160, 2240, 90, 90, 90, 90, 90, 140, 30, 2200, 1490, 1600, 1600, 1490, 1600, 1490, 1600, 1490, 1490, 1600]"
2020-11-03 22:40:00+00:00,626010,0,431.0,"[430, 450, 450, 450, 450, 450, 2520, 0, 0, 0, 0, 0, 3300, 3300, 3300, 3300, 3300, 1050, 10, 10, 600, 600, 600, 600, 600, 210, 210, 210, 210, 210, 3210, 20, 3210, 20, 3210, 20, 3210, 20, 3210, 20, 3420, 700, 700, 700, 700, 3420, 700, 400, 400, 400, 400, 400, 8490, 2420, 1430, 1430, 1430, 1430, 1430, 570, 120, 120, 120, 120, 120, 100, 100, 100, 100, 100, 410, 410, 410, 410, 410, 0, 0, 0, 0, 0, 3100, 3100, 3100, 3100, 3100, 110, 140, 140, 140, 140, 140, 420, 420, 420, 420, 420, 20, 20, 20, 20, 20, 1520, 1520, 1520, 1520, 1520, 4080, 2240, 4080, 4080, 4080, 4080, 60, 60, 60, 60, 60, 3780, 3780, 3780, 3780, 3780, 230, 230, 230, 230, 230, 30, 30, 1900, 1900, 1900, 1900, 1900, 20, 20, 20, 20, 20, 30, 160, 980, 90, 90, 90, 90, 90, 310, 310, 310, 310, 310, 3470, 1510, 1510, 1510, 1510, 1510, 15820, 3590, 1570, 1570, 1570, 1570, 1570, 3160, 3160, 3160, 3160, 3160, 6390, 6390, 6390, 6390, 6390, 160, 160, 30, 70, 70, 30, 70, 30, 70, 30, 70, 30, 20, 20, 20, 20, 20, 6030, 6030, 6030, 6030, 6030, 20, 20, 20, 20, 20, 870, 870, 870, 870, 870, 460, 460, 460, 460, 460, 180, 180, 180, 180, 180, 180, 6370, 6370, 6370, 180, 6310, 6310, 6310, 6370, 6370, 6310, 6310, 7010, 7010, 7010, 7010, 7010, 2260, 240, 2390, 2390, 2390, 2390, 2390, 3560, 10, 10, 3560, 10, 10, 10, 3560, 10, 3560, 3560, 30, 30, 30, 30, 30, 20, 20, 20, 20, 20, 440, 440, 440, 440, 440, 750, 750, 750, 750, 750, 1570, 1570, 1570, 1570, 1570, 10, 440, 440, 440, 440, 440, 2140, 2140, 2140, 2140, 2140, 390, 390, 390, 390, 390, 1020, 2040, 20, 20, 2040, 20, 20, 2040, 20, 2040, 2040, 5970, 5970, 5970, 5970, 5970, 2690, 480, 480, 480, 480, 480, 2880, 2880, 2880, 2880, 2880, 200, 9150, 2520, 2520, 2520, 2520, 2520, 210, 210, 210, 210, 210, 210, 210, 210, 210, 210, 70, 9210, 70, 70, 70, 70, 70, 590, 130, 70, 40, 40, 70, 70, 40, 70, 40, 70, 40, 80, 80, 80, 80, 80, 4830, 4830, 4830, 4830, 4830, 0, 0, 0, 0, 0, 3330, 80, 80, 3330, 80, 3330, 80, 80, 3330, 3330, 90, 90, 90, 90, 90, 0, 0, 0, 0, 0, 30, 30, 30, 30, 30, 4960, 300, 180, 180, 180, 180, 180, 1680, 1680, 210, 210, 210, 210, 210, 0, 0, 0, 0, 0, 4360, 4360, 4360, 4360, 4360, 2730, 1650, 210, 210, 1650, 210, 1650, 210, 1650, 210, 1650]"
2020-11-03 22:45:00+00:00,1203980,0,360.0,"[150, 2050, 2050, 2050, 2050, 2050, 240, 240, 240, 240, 240, 1510, 1510, 1510, 1510, 1510, 640, 4360, 4360, 300, 4360, 4360, 4360, 70, 79220, 1040, 1040, 79220, 1040, 360, 79220, 1040, 79220, 1040, 79220, 12060, 12060, 12060, 12060, 12060, 1310, 1310, 1310, 1310, 1310, 17530, 5780, 5780, 17530, 17530, 5780, 17530, 5780, 5780, 17530, 240, 15570, 15570, 15570, 15570, 15570, 3150, 3150, 3150, 3150, 3150, 210, 210, 210, 210, 210, 43350, 180, 180, 180, 180, 180, 180, 180, 180, 180, 180, 140, 140, 140, 140, 140, 40, 230, 230, 230, 230, 230, 3300, 40, 40, 40, 40, 40, 5280, 5280, 530, 1750, 1750, 1750, 1750, 1750, 1510, 10, 10, 230, 230, 230, 230, 230, 230, 230, 230, 230, 230, 720, 720, 720, 720, 720, 1560, 1560, 1560, 1560, 1560, 1280, 1280, 1280, 1280, 1280, 3520, 3520, 3520, 3520, 3520, 10, 10, 10, 10, 10, 1170, 870, 870, 870, 870, 870, 110, 70, 70, 70, 70, 70, 1220, 1220, 1220, 1220, 1220, 1130, 1690, 20, 1690, 1690, 20, 1690, 20, 20, 1690, 20, 1510, 780, 1510, 780, 1510, 1510, 780, 1510, 780, 780, 30, 30, 20, 20, 20, 20, 20, 830, 830, 830, 830, 830, 150, 150, 150, 150, 150, 3330, 510, 1680, 3430, 1680, 3000, 3000, 3000, 3000, 3000, 30, 1060, 200, 90, 90, 90, 90, 90, 50, 50, 50, 50, 50, 6950, 6950, 6950, 6950, 6950, 10, 10, 10, 10, 10, 10, 10, 10, 10, 10, 760, 960, 760, 760, 960, 760, 760, 960, 960, 960, 5560, 5560, 530, 1180, 1180, 1180, 1180, 1180, 120, 110, 110, 110, 110, 110, 300, 300, 300, 300, 300, 40, 2970, 2970, 2970, 2970, 2970, 8800, 50, 8800, 50, 8800, 50, 8800, 50, 8800, 50, 1700, 1510, 1510, 1510, 1510, 1510, 250, 250, 250, 250, 250, 20, 20, 40, 20, 20, 20, 2970, 30, 170, 6200, 6200, 290, 290, 290, 290, 290, 100, 9330, 2670, 100, 100, 9330, 9330, 9330, 100, 9330, 100, 2360, 1300, 1300, 1300, 1300, 1300, 9130, 9130, 9130, 9130, 9130, 4080, 4080, 4080, 4080, 4080, 30, 30, 30, 30, 30, 290, 180, 180, 180, 180, 180, 4140, 3440, 140, 140, 140, 140, 140, 4440, 4440, 4440, 4440, 4440]"
2020-11-03 22:50:00+00:00,627940,0,302.0,"[1710, 350, 4060, 310, 310, 310, 310, 310, 40, 30, 30, 30, 30, 30, 0, 100, 100, 100, 100, 100, 220, 280, 180, 180, 180, 280, 180, 280, 180, 280, 280, 220, 220, 220, 220, 220, 380, 380, 380, 380, 380, 460, 460, 460, 460, 460, 3390, 220, 2220, 2220, 2220, 2220, 2220, 250, 420, 420, 420, 420, 420, 80410, 80410, 40, 40, 40, 40, 40, 930, 25300, 390, 390, 880, 3100, 3100, 3100, 3100, 3100, 450, 40, 40, 40, 450, 40, 40, 190, 190, 190, 190, 190, 10, 10, 10, 10, 10, 4500, 10, 610, 610, 530, 610, 610, 610, 4990, 4990, 4990, 4990, 4990, 400, 7000, 7000, 7000, 7000, 7000, 2040, 560, 560, 560, 560, 560, 30, 30, 2760, 1630, 1630, 1630, 1630, 1630, 340, 340, 340, 340, 340, 560, 560, 560, 560, 560, 31600, 1490, 1490, 0, 0, 0, 0, 0, 10, 10, 10, 10, 10, 400, 400, 400, 400, 400, 20, 20, 20, 20, 20, 3480, 3480, 3480, 3480, 3480, 690, 200, 70, 200, 200, 200, 200, 130, 130, 130, 130, 130, 570, 570, 31600, 560, 560, 560, 560, 560, 2510, 340, 340, 340, 340, 340, 2580, 40, 40, 40, 40, 40, 23990, 8040, 3240, 3240, 3240, 3240, 3240, 2510, 350, 40, 40, 40, 40, 40, 760, 760, 760, 760, 760, 10, 10, 10, 10, 10, 10, 50, 50, 770, 50, 50, 50, 120, 2640, 24050, 120, 120, 120, 2640, 120, 210, 210, 440, 4580, 4580, 4580, 4580, 4580, 1720, 680, 440, 440, 440, 440, 440, 730, 120, 940, 940, 120, 940, 120, 940, 120, 120, 940, 140, 23630, 80, 80, 80, 80, 80, 550, 550, 550, 550, 550, 270, 270, 270, 4210, 270, 270, 100, 100, 100, 100, 100, 130, 130, 130, 130, 130, 39680, 1610, 2810, 120, 310, 120, 310, 120, 310, 120, 310, 120, 310]"
2020-11-03 22:55:00+00:00,688800,0,399.0,"[310, 310, 310, 310, 310, 310, 820, 2250, 40, 10, 10, 10, 10, 10, 7350, 7350, 140, 7350, 7350, 140, 140, 7350, 140, 140, 28290, 28290, 760, 280, 3100, 280, 3100, 3100, 280, 3100, 280, 3100, 280, 320, 320, 320, 320, 320, 2620, 90, 90, 90, 90, 90, 260, 260, 260, 260, 260, 7800, 490, 20, 20, 20, 20, 20, 420, 420, 20, 10, 10, 10, 10, 10, 3500, 3500, 3500, 3500, 3500, 70, 70, 70, 70, 70, 10, 10, 10, 10, 10, 3500, 20, 12640, 20, 20, 20, 20, 630, 320, 11610, 1450, 1450, 100, 500, 100, 100, 500, 100, 500, 500, 100, 500, 60, 60, 60, 60, 60, 20, 20, 20, 20, 20, 4410, 14220, 160, 180, 180, 180, 180, 180, 100, 100, 100, 100, 100, 760, 20, 20, 760, 760, 760, 20, 20, 20, 760, 80, 80, 80, 80, 80, 130, 130, 130, 130, 130, 180, 2190, 2190, 2190, 2190, 2190, 1750, 10, 10, 10, 10, 10, 3520, 3520, 3520, 3520, 3520, 290, 30, 30, 30, 30, 30, 460, 460, 460, 460, 460, 130, 130, 130, 130, 130, 10, 1430, 5060, 5060, 20, 20, 20, 5060, 5060, 20, 20, 5060, 330, 330, 330, 330, 330, 710, 9570, 1080, 1080, 1080, 60, 5500, 1080, 1080, 20, 30, 30, 30, 30, 30, 80, 80, 80, 80, 80, 2580, 2650, 2650, 2650, 2650, 2650, 4330, 20, 20, 20, 20, 20, 160, 160, 160, 160, 160, 8380, 10060, 10060, 10060, 10060, 10060, 20, 20, 20, 20, 20, 5110, 2210, 1520, 1520, 1520, 1520, 1520, 20, 20, 20, 20, 20, 0, 1560, 90, 90, 90, 90, 90, 20, 340, 20, 20, 340, 340, 20, 340, 20, 340, 220, 220, 220, 220, 220, 10100, 10100, 1210, 10100, 1210, 10100, 1210, 10100, 1210, 1210, 280, 280, 280, 280, 280, 6090, 890, 30, 6090, 6090, 6090, 30, 50, 30, 6090, 30, 30, 30, 30, 30, 30, 30, 490, 12990, 490, 490, 490, 490, 350, 350, 350, 350, 350, 150, 6340, 90, 490, 650, 650, 650, 650, 650, 6090, 460, 460, 460, 460, 460, 10, 10, 10, 10, 10, 10, 920, 920, 920, 10, 920, 920, 20, 20, 4560, 0, 1580, 90, 920, 2960, 2960, 2960, 2960, 2960, 150, 150, 150, 150, 150, 5860, 2320, 2320, 2320, 2320, 2320, 1120, 1120, 1120, 1120, 1120, 530, 0, 0, 450, 450, 450, 450, 450, 0, 0, 0, 2830, 0, 3630, 0, 8490, 20190, 20190, 20190, 20190, 20190]"
2020-11-03 23:00:00+00:00,544380,0,373.0,"[910, 0, 910, 80, 360, 4110, 560, 4110, 4110, 4110, 4110, 8330, 310, 230, 230, 230, 230, 230, 50, 50, 50, 50, 50, 270, 680, 680, 680, 680, 680, 2100, 2100, 2100, 2100, 2100, 330, 330, 330, 330, 330, 2040, 2040, 2040, 2040, 2040, 0, 1820, 0, 0, 0, 0, 130, 130, 130, 130, 130, 80, 80, 80, 80, 80, 610, 610, 610, 610, 610, 60, 40, 40, 40, 40, 40, 0, 0, 0, 0, 0, 210, 2280, 80, 170, 170, 170, 170, 170, 60, 60, 60, 60, 60, 330, 30, 130, 2370, 2370, 2370, 2370, 2370, 10, 10, 10, 10, 10, 1980, 1980, 1980, 1980, 1980, 80, 10, 170, 4190, 200, 330, 330, 330, 330, 330, 340, 50, 50, 50, 50, 50, 180, 180, 180, 180, 180, 60, 60, 60, 60, 60, 0, 0, 0, 0, 0, 330, 370, 10, 370, 10, 10, 10, 370, 10, 370, 370, 20, 12600, 12600, 20, 12600, 12600, 12600, 0, 0, 0, 0, 0, 590, 440, 1150, 1150, 440, 1150, 440, 1150, 440, 440, 1150, 590, 590, 590, 590, 590, 1500, 1500, 1500, 1500, 1500, 1160, 1610, 1610, 1610, 1610, 1610, 3580, 560, 90, 3510, 3510, 3510, 3510, 3510, 50, 5950, 5950, 5710, 200, 40, 40, 40, 40, 40, 2230, 0, 19010, 19010, 19010, 19010, 19010, 20, 3190, 20, 3190, 20, 3190, 20, 3190, 3190, 20, 40, 40, 40, 40, 40, 1430, 10, 10, 10, 10, 10, 490, 490, 490, 490, 490, 500, 500, 500, 500, 500, 260, 2430, 3060, 3060, 3060, 3060, 3060, 6160, 1540, 6160, 1540, 6160, 6160, 1540, 6160, 1540, 1540, 50, 50, 50, 50, 50, 2570, 40, 340, 40, 40, 40, 40, 2480, 2570, 1080, 1080, 1080, 1080, 1080, 100, 100, 100, 100, 100, 20, 250, 250, 250, 250, 250, 140, 140, 140, 140, 140, 7800, 7800, 7800, 7800, 7800, 1970, 1060, 10, 640, 70, 70, 70, 70, 70, 2630, 60, 50, 250, 250, 250, 250, 250, 10, 10, 10, 10, 10, 510, 60, 60, 60, 60, 60, 1800, 1330, 1330, 1330, 1330, 1330, 80, 350, 100, 100, 100, 100, 100, 0, 0, 0, 0, 0, 1540, 1540, 1540, 1540, 1540, 840, 270, 200, 200, 200, 270, 200, 270, 270, 270, 200, 520, 210, 9130, 1220, 9130, 9130, 350, 9130, 9130, 2530]"
2020-11-03 23:05:00+00:00,574920,0,346.0,"[10, 460, 0, 10, 1350, 10, 3660, 680, 680, 680, 680, 680, 5300, 90, 5300, 5300, 90, 5300, 5300, 90, 90, 90, 50, 10, 380, 940, 7380, 3620, 3620, 3620, 3620, 3620, 22490, 30, 30, 30, 30, 30, 180, 3160, 5290, 5290, 5290, 3160, 5290, 5290, 340, 340, 340, 340, 340, 120, 120, 120, 120, 120, 380, 380, 380, 380, 380, 1280, 1280, 1280, 1280, 1280, 3380, 2310, 20, 20, 20, 20, 20, 3380, 3380, 3380, 3380, 3380, 4520, 4520, 4520, 4520, 4520, 1560, 90, 20, 90, 20, 90, 20, 90, 20, 90, 20, 4520, 20520, 120, 120, 120, 120, 120, 120, 120, 120, 120, 120, 2040, 50, 50, 50, 50, 50, 300, 300, 300, 300, 300, 300, 200, 200, 300, 200, 300, 300, 200, 200, 300, 250, 250, 250, 250, 250, 960, 960, 960, 960, 960, 170, 1090, 1090, 1090, 1090, 1090, 820, 580, 580, 580, 580, 580, 0, 0, 10, 0, 10, 60, 10, 0, 0, 10, 10, 1660, 1660, 1660, 1660, 1660, 1810, 1810, 1810, 1810, 1810, 1560, 1560, 1560, 1560, 1560, 180, 180, 180, 180, 180, 1860, 1860, 1860, 1860, 1860, 2470, 2470, 40, 2470, 40, 40, 2470, 2470, 40, 40, 3020, 3020, 3020, 3020, 3020, 50, 50, 50, 50, 50, 30, 30, 30, 30, 30, 120, 120, 120, 120, 120, 130, 2590, 2590, 2590, 2590, 2590, 150, 7680, 7680, 150, 7680, 7680, 7680, 1700, 2590, 130, 130, 130, 130, 130, 11310, 11310, 11310, 11310, 11310, 10, 10, 10, 10, 10, 140, 180, 180, 20, 180, 180, 180, 110, 170, 170, 170, 170, 170, 30, 30, 30, 30, 30, 360, 360, 360, 360, 360, 60, 20, 20, 20, 20, 20, 910, 20, 16050, 610, 600, 510, 510, 510, 510, 510, 1480, 1480, 1480, 1480, 1480, 940, 940, 940, 940, 940, 2550, 2550, 2550, 2550, 2550, 180, 180, 180, 180, 180, 2890, 0, 14200, 14200, 0, 0, 14200, 14200, 14200, 0, 0, 4640, 4110, 4110, 4110, 4110, 4110, 10, 5640, 10, 10, 10, 10, 480, 2200, 2200, 2200, 2200, 2200, 660, 130, 110, 1090, 10, 10, 1090, 1090, 10, 10, 10, 1090, 1090]"
2020-11-03 23:10:00+00:00,565750,0,286.0,"[3290, 20, 3290, 2520, 2520, 2890, 4190, 0, 50, 50, 50, 50, 50, 1490, 1490, 1490, 1490, 1490, 40, 50, 3930, 3930, 3930, 3930, 3930, 190, 1180, 320, 810, 810, 810, 810, 810, 2130, 80, 2520, 80, 80, 80, 80, 580, 310, 4010, 4010, 4010, 4010, 4010, 160, 480, 10, 480, 10, 480, 10, 480, 10, 480, 10, 680, 680, 680, 680, 680, 3100, 430, 430, 430, 430, 430, 3890, 3890, 3890, 3890, 3890, 3770, 9520, 60, 9520, 9520, 9520, 9520, 2170, 60, 60, 60, 60, 60, 20, 20, 20, 20, 20, 10800, 40, 40, 10800, 10800, 40, 10800, 10800, 40, 40, 320, 640, 320, 320, 320, 320, 640, 640, 640, 640, 640, 10930, 10930, 10930, 10930, 10930, 4510, 930, 510, 2890, 2890, 2890, 2890, 2890, 5070, 120, 5070, 120, 120, 5070, 120, 5070, 120, 5070, 1350, 1350, 1350, 1350, 1350, 700, 700, 700, 700, 700, 780, 0, 370, 0, 370, 370, 0, 1160, 370, 370, 0, 180, 0, 1480, 1480, 1480, 1480, 1480, 620, 650, 940, 80, 80, 50, 20, 10, 10, 10, 10, 10, 130, 130, 130, 130, 130, 80, 210, 7890, 7890, 7890, 7890, 7890, 20, 60, 10, 520, 150, 150, 150, 150, 150, 250, 250, 250, 250, 250, 100, 600, 600, 600, 600, 600, 2560, 1490, 1490, 1490, 1490, 2560, 1490, 90, 90, 90, 90, 90, 10, 3020, 13070, 13070, 13070, 13070, 13070, 30, 30, 30, 30, 30, 60, 210, 210, 210, 210, 210, 1220, 260, 2170, 2170, 2170, 2170, 60, 0, 60, 60, 60, 60, 1210, 430, 430, 430, 430, 430, 2830, 2830, 2830, 2830, 2830, 410, 2080, 1470, 1470, 1470, 1470, 1470, 760, 3540, 3310, 3310, 3310, 3310, 3190, 3310, 730, 580, 10150, 4290, 1550, 1550, 1550, 4290, 1550, 1550]"
2020-11-03 23:15:00+00:00,284570,0,267.0,"[190, 1630, 3110, 10, 80, 10, 10, 10, 10, 270, 270, 270, 270, 270, 320, 6700, 6700, 6700, 6700, 6700, 1470, 210, 10, 210, 210, 210, 210, 210, 220, 480, 30, 30, 30, 30, 30, 6690, 70, 70, 70, 70, 70, 200, 60, 60, 60, 60, 60, 1530, 2290, 2370, 2370, 2370, 2370, 2370, 520, 300, 300, 300, 300, 300, 30, 0, 20, 40, 40, 40, 40, 40, 300, 300, 300, 300, 300, 1430, 3810, 3810, 3810, 3810, 3810, 2180, 10, 30, 180, 30, 30, 180, 30, 180, 30, 180, 180, 50, 310, 310, 310, 310, 310, 6180, 160, 160, 160, 160, 160, 5080, 5080, 5080, 5080, 5080, 70, 200, 200, 200, 200, 200, 3700, 3700, 3700, 3700, 3700, 3800, 3800, 3800, 3800, 3800, 130, 20, 130, 20, 130, 20, 130, 20, 130, 20, 450, 30, 260, 260, 260, 260, 260, 180, 180, 180, 180, 180, 200, 200, 200, 0, 200, 0, 0, 0, 0, 200, 450, 90, 90, 90, 90, 90, 100, 100, 100, 100, 100, 480, 480, 480, 480, 480, 1230, 120, 40, 40, 40, 40, 40, 10, 190, 10, 10, 10, 10, 220, 220, 220, 220, 220, 10, 50, 50, 50, 50, 50, 560, 560, 560, 560, 560, 80, 40, 40, 40, 40, 40, 4670, 4670, 4670, 4670, 4670, 120, 3550, 3550, 3550, 3550, 3550, 50, 50, 50, 50, 50, 20, 380, 380, 380, 380, 380, 1880, 2370, 2370, 2370, 2370, 2370, 40, 210, 210, 210, 210, 210, 5460, 5460, 5460, 5460, 5460, 4470, 20, 610, 10, 8310, 1410, 100, 100, 100, 100, 100, 360, 360, 360, 360, 360, 80, 80, 80, 80, 80]"
2020-11-03 23:20:00+00:00,594420,0,228.0,"[120, 10, 10, 10, 10, 120, 10, 20, 230, 200, 70, 70, 200, 70, 200, 70, 70, 200, 200, 190, 940, 940, 940, 940, 940, 250, 1290, 1290, 1290, 1290, 1290, 1550, 1550, 120, 190, 190, 190, 190, 190, 70, 70, 70, 70, 70, 1950, 1950, 1950, 1950, 1950, 480, 480, 480, 480, 480, 140, 140, 140, 140, 140, 190, 480, 190, 190, 190, 190, 2660, 570, 2660, 2660, 2660, 2660, 10, 10, 10, 10, 10, 2670, 4450, 4450, 4450, 4450, 4450, 180, 180, 180, 180, 180, 4130, 6280, 6280, 6280, 6280, 6280, 260, 60, 2570, 2570, 2570, 2570, 2570, 260, 5560, 5560, 5560, 5560, 5560, 190, 1760, 15250, 15250, 15250, 15250, 15250, 660, 200, 140, 140, 140, 140, 140, 4640, 200, 200, 4640, 4640, 200, 4640, 200, 4640, 200, 1470, 1470, 1470, 1470, 1470, 50, 10, 550, 810, 120, 120, 3850, 120, 120, 120, 50, 350, 350, 350, 350, 350, 60, 7700, 2410, 0, 0, 0, 0, 0, 120, 120, 120, 120, 120, 60, 10, 10, 10, 10, 10, 10, 380, 380, 380, 380, 380, 13250, 10, 10, 10, 10, 10, 2700, 1860, 3530, 3530, 3530, 3530, 3530, 90, 40300, 40300, 40300, 40300, 40300, 520, 3280, 3280, 3280, 3280, 3280, 10, 10, 10, 10, 10, 60, 6690, 6690, 6690, 6690, 6690, 2540, 200, 3270, 3270, 3270, 3270, 3270, 410, 1280, 1280, 1280, 1280, 1280, 10, 80, 300]"
2020-11-03 23:25:00+00:00,621060,0,272.0,"[2820, 940, 2180, 2180, 2180, 2180, 2180, 620, 620, 620, 620, 620, 3000, 560, 100, 100, 100, 100, 100, 50, 50, 50, 50, 50, 10, 10, 10, 10, 10, 1080, 10, 10, 10, 10, 10, 330, 330, 330, 330, 330, 40, 60, 60, 60, 60, 60, 3020, 890, 19870, 40, 9420, 9420, 9420, 9420, 9420, 60, 60, 60, 60, 60, 50, 50, 50, 50, 50, 30, 30, 30, 30, 30, 10, 10, 10, 10, 10, 690, 690, 690, 690, 690, 270, 180, 180, 180, 180, 180, 20, 20, 20, 20, 20, 870, 5130, 5130, 5130, 5130, 5130, 40, 40, 40, 40, 40, 5980, 5980, 5980, 5980, 5980, 2290, 2290, 2290, 2290, 2290, 180, 180, 20, 2430, 1000, 1000, 1000, 1000, 1000, 30, 30, 30, 30, 30, 1410, 70, 70, 70, 70, 70, 20, 180, 180, 180, 180, 180, 560, 40, 40, 40, 560, 560, 40, 560, 40, 560, 1240, 1610, 90, 90, 90, 90, 90, 420, 420, 420, 420, 420, 1860, 530, 530, 530, 530, 530, 100, 100, 100, 100, 100, 82620, 760, 1460, 10090, 10090, 10090, 10090, 10090, 440, 440, 440, 440, 440, 440, 440, 440, 440, 440, 10, 10, 10, 10, 10, 50, 50, 50, 50, 50, 60, 60, 60, 60, 60, 350, 1190, 30, 17310, 17310, 120, 17310, 120, 17310, 120, 17310, 120, 120, 750, 1040, 400, 400, 400, 400, 400, 200, 70, 70, 5490, 350, 350, 350, 350, 350, 22980, 22980, 22980, 22980, 22980, 110, 120, 110, 110, 110, 110, 20, 20, 20, 20, 20, 460, 5200, 5200, 5200, 5200, 5200, 1270, 1180, 330, 330, 330, 330, 330, 1340, 1340, 1340, 1340, 1340, 6800, 6800, 6800, 6800, 6800]"
2020-11-03 23:30:00+00:00,688110,0,293.0,"[0, 0, 0, 0, 0, 130, 130, 16180, 130, 130, 130, 110, 110, 110, 110, 110, 810, 2520, 90, 90, 90, 90, 90, 5180, 5180, 5180, 5180, 5180, 130, 130, 130, 130, 130, 420, 270, 420, 270, 270, 420, 270, 420, 420, 270, 2280, 3860, 3860, 3860, 3860, 3860, 4660, 4660, 4660, 4660, 4660, 3540, 0, 930, 930, 930, 930, 930, 3220, 20, 640, 20, 640, 20, 20, 20, 640, 640, 640, 0, 60, 0, 3970, 250, 250, 250, 250, 250, 40, 40, 40, 40, 40, 35240, 35240, 35240, 35240, 35240, 4260, 260, 260, 260, 260, 260, 2170, 2170, 2170, 2170, 2170, 870, 670, 670, 670, 670, 670, 2290, 2290, 2290, 2290, 2290, 10, 370, 10, 10, 370, 10, 10, 160, 30, 30, 30, 30, 30, 3460, 3460, 3460, 3460, 3460, 360, 360, 360, 360, 360, 10, 50, 50, 50, 50, 50, 200, 200, 200, 200, 200, 40, 40, 40, 40, 40, 410, 410, 410, 410, 410, 2990, 2990, 2990, 2990, 2990, 160, 160, 160, 160, 160, 3160, 3160, 3160, 3160, 3160, 350, 350, 410, 410, 410, 410, 410, 1150, 80, 80, 60, 3420, 60, 80, 80, 80, 260, 22880, 22880, 22880, 22880, 22880, 560, 560, 560, 560, 560, 410, 410, 410, 410, 410, 350, 3240, 40, 40, 3240, 40, 40, 40, 360, 360, 360, 360, 360, 11580, 5810, 5810, 30, 10, 10, 30, 10, 50, 2180, 30, 30, 30, 30, 30, 110, 60, 3670, 60, 3670, 3670, 60, 3670, 60, 3670, 60, 3180, 3180, 3180, 3180, 3180, 13580, 3380, 3380, 3380, 3380, 3380, 10, 10, 10, 10, 10, 6020, 6020, 6020, 6020, 6020, 190, 190, 190, 190, 190, 1810, 2350, 2350, 2350, 2350, 2350, 1220, 150, 1000, 1000, 1000, 1000, 1000, 6020, 6020, 6020, 6020, 6020, 170, 10, 10, 10, 10, 10]"
2020-11-03 23:35:00+00:00,535350,0,188.0,"[70, 440, 3050, 70, 70, 70, 70, 70, 490, 490, 490, 490, 490, 740, 740, 740, 740, 740, 1880, 1450, 660, 60, 390, 340, 10, 10, 10, 10, 10, 1120, 1120, 1120, 1120, 1120, 10, 390, 10, 10, 390, 390, 390, 10, 10, 390, 3010, 10, 80, 1930, 1930, 1930, 1930, 1930, 0, 0, 0, 0, 0, 360, 360, 360, 360, 360, 40, 17500, 17500, 17500, 17500, 30, 1460, 1460, 1460, 1460, 1460, 180, 65120, 65120, 140, 65120, 65120, 65120, 30, 30, 30, 30, 30, 360, 340, 340, 340, 340, 340, 120, 120, 120, 120, 120, 320, 1460, 400, 400, 400, 400, 400, 250, 90, 90, 90, 90, 90, 1430, 500, 500, 500, 500, 500, 470, 6470, 30, 30, 30, 30, 30, 140, 190, 280, 550, 550, 550, 550, 550, 270, 270, 270, 270, 270, 580, 2100, 2100, 2100, 2100, 2100, 240, 4090, 90, 3670, 3670, 3670, 3670, 1000, 590, 50, 50, 50, 50, 50, 50, 50, 50, 50, 50, 130, 130, 130, 130, 130, 130, 200, 200, 1630, 200, 1630, 200, 1630, 1630, 200, 1630, 610, 610, 610, 610, 610, 860, 860, 860, 860, 860, 22240, 210]"
2020-11-03 23:40:00+00:00,192090,0,170.0,"[2880, 130, 130, 740, 3010, 3010, 3010, 3010, 3010, 2470, 10, 1060, 5330, 1600, 20, 0, 680, 0, 680, 680, 0, 0, 680, 0, 680, 340, 340, 340, 160, 340, 340, 6170, 260, 260, 260, 260, 260, 150, 150, 150, 150, 150, 150, 2790, 970, 50, 260, 1840, 0, 2070, 2070, 2070, 2070, 2070, 160, 1300, 1300, 1300, 1300, 1300, 70, 220, 70, 70, 70, 70, 70, 2820, 1510, 1510, 1510, 1510, 1510, 30, 720, 240, 720, 720, 720, 720, 1300, 4080, 60, 440, 440, 440, 440, 440, 630, 630, 630, 630, 630, 20, 110, 110, 110, 110, 110, 820, 170, 1180, 610, 850, 0, 0, 0, 0, 0, 3210, 190, 190, 190, 190, 190, 70, 60, 60, 60, 60, 60, 2980, 330, 330, 2980, 330, 2980, 330, 330, 2980, 2980, 280, 240, 300, 4220, 4220, 4220, 4220, 4220, 60, 60, 0, 640, 640, 70, 70, 70, 70, 70, 1340, 10, 10, 10, 10, 10, 1290, 1290, 1290, 1290, 1290, 6530, 200, 210, 680, 680, 680, 680, 680, 30230, 3090]"
2020-11-03 23:45:00+00:00,267070,0,240.0,"[5150, 450, 450, 450, 450, 450, 40, 40, 40, 40, 40, 50, 50, 50, 50, 50, 950, 130, 130, 130, 130, 130, 3050, 1110, 20, 20, 20, 20, 20, 2520, 980, 24140, 4350, 80, 170, 340, 170, 340, 340, 170, 340, 170, 340, 170, 3050, 2000, 6620, 50750, 310, 310, 310, 310, 310, 4110, 90, 2950, 10, 10, 10, 10, 10, 1260, 1260, 1260, 1260, 1260, 10, 140, 140, 140, 140, 140, 1660, 1660, 1660, 1660, 1660, 750, 2940, 2940, 2940, 2940, 2940, 580, 20, 4130, 4130, 4130, 4130, 4130, 310, 160, 160, 160, 160, 160, 2120, 310, 310, 310, 310, 310, 870, 440, 440, 440, 440, 440, 100, 10, 10, 10, 10, 10, 2360, 20, 20, 20, 20, 20, 20, 20, 20, 20, 20, 350, 350, 350, 350, 350, 1260, 200, 200, 200, 200, 200, 430, 430, 430, 430, 430, 2530, 0, 2220, 2220, 2220, 2220, 2220, 20, 360, 650, 80, 80, 80, 80, 80, 260, 260, 1130, 260, 1130, 1130, 260, 1130, 260, 1130, 1470, 1470, 1470, 1470, 1470, 760, 1640, 1640, 1640, 1640, 1640, 90, 90, 90, 90, 90, 160, 1300, 1300, 1300, 1300, 1300, 540, 600, 600, 600, 600, 600, 10, 10, 10, 10, 10, 1800, 120, 80, 80, 80, 80, 80, 380, 70, 70, 70, 70, 70, 9220, 1100, 1100, 1100, 1100, 1100, 10, 10, 10, 10, 10, 20, 20, 20, 20, 20, 1060, 1060, 1060, 1060, 1060, 4030, 510, 510, 510, 510, 510, 20]"
2020-11-03 23:50:00+00:00,624580,0,274.0,"[20, 20, 20, 20, 20, 40, 1840, 1840, 1840, 1840, 1840, 320, 50, 50, 67790, 67790, 67790, 67790, 67790, 280, 280, 280, 280, 280, 10, 10, 10, 10, 10, 130, 160, 160, 160, 160, 160, 360, 360, 360, 360, 360, 2360, 20, 20, 120, 120, 120, 120, 120, 20, 130, 130, 130, 130, 130, 80, 530, 530, 530, 530, 530, 330, 330, 330, 330, 330, 370, 370, 370, 370, 370, 10, 10, 10, 10, 920, 10, 830, 750, 340, 340, 340, 340, 340, 760, 760, 760, 760, 760, 9520, 140, 140, 140, 140, 140, 9490, 140, 380, 70, 70, 2310, 2310, 2310, 2310, 2310, 270, 270, 270, 270, 270, 20, 20, 20, 20, 20, 400, 400, 400, 400, 400, 30, 30, 30, 30, 30, 260, 20, 20, 20, 20, 20, 930, 460, 460, 460, 460, 460, 150, 150, 150, 150, 150, 5070, 60, 60, 60, 60, 60, 370, 1780, 3370, 1780, 3370, 3370, 3370, 1780, 1780, 3370, 1780, 310, 310, 310, 310, 310, 120, 120, 120, 120, 120, 800, 800, 800, 800, 800, 30, 30, 4520, 160, 4520, 160, 4520, 160, 4520, 4520, 160, 160, 2830, 9080, 3460, 10, 540, 540, 10, 10, 540, 10, 540, 10, 540, 260, 900, 2160, 3850, 360, 3850, 360, 3850, 360, 360, 3850, 360, 3850, 30, 30, 30, 30, 30, 10030, 0, 10030, 0, 0, 10030, 10030, 0, 10030, 0, 240, 42290, 610, 620, 620, 620, 620, 620, 230, 230, 230, 230, 230, 140, 450, 290, 290, 290, 290, 290, 320, 320, 320, 320, 320, 610, 160, 160, 160, 160, 160, 670, 670, 670, 670, 670, 30, 290, 290, 290, 290, 290, 390, 390, 390, 390, 390, 770]"
2020-11-03 23:55:00+00:00,637230,0,178.0,"[0, 0, 0, 0, 0, 480, 480, 480, 1380, 480, 480, 320, 320, 320, 320, 320, 60, 60, 60, 60, 60, 60, 60, 60, 60, 60, 1090, 720, 10, 30, 9770, 9770, 9770, 9770, 9770, 40, 40, 40, 40, 40, 20, 220, 220, 220, 220, 220, 180, 180, 180, 180, 180, 380, 19280, 40, 40, 40, 40, 40, 0, 100, 100, 100, 100, 100, 1510, 1510, 1510, 1510, 1510, 0, 0, 0, 0, 0, 3370, 3370, 3370, 3370, 3370, 3370, 10, 1250, 10, 10, 4890, 10, 10, 5240, 5240, 5240, 5240, 5240, 430, 430, 430, 430, 430, 240, 120, 120, 120, 120, 120, 120, 120, 120, 130, 120, 120, 3590, 230, 230, 3590, 230, 3590, 230, 3590, 3590, 230, 10, 13130, 13130, 13130, 13130, 13130, 2620, 2620, 2620, 2620, 2620, 110, 110, 5840, 120, 5840, 120, 5840, 120, 120, 5840, 5840, 120, 70, 70, 70, 70, 70, 70, 0, 0, 0, 0, 0, 40, 40, 40, 40, 40, 0, 60, 11300, 2770, 11300, 2770, 11300, 2770, 11300, 2770, 11300, 2770, 330, 3160, 57760, 57760, 57760, 57760, 57760, 2890]"
2020-11-04 00:00:00+00:00,259000,0,195.0,"[70, 70, 70, 70, 70, 330, 330, 330, 330, 330, 9710, 9710, 9710, 9710, 9710, 1750, 1750, 1750, 1750, 1750, 110, 280, 280, 280, 280, 280, 40, 220, 4110, 130, 130, 130, 130, 130, 1130, 1130, 1130, 1130, 1130, 3870, 3870, 3870, 3870, 3870, 620, 1250, 1250, 1250, 1250, 1250, 10, 10, 40, 40, 40, 40, 40, 40, 20, 190, 190, 190, 190, 190, 2510, 2510, 2510, 2510, 2510, 3170, 3170, 3170, 3170, 3170, 420, 420, 420, 420, 420, 1300, 1300, 1300, 1300, 1300, 2390, 2390, 2390, 3420, 2390, 2390, 1170, 2690, 420, 2690, 420, 2690, 2690, 420, 2690, 420, 420, 9030, 530, 90, 220, 4340, 1140, 1140, 1140, 1140, 1140, 160, 160, 160, 160, 160, 340, 60, 60, 60, 60, 60, 6830, 40, 40, 40, 40, 40, 3730, 40, 40, 40, 40, 40, 40, 80, 100, 200, 200, 200, 200, 200, 210, 210, 210, 210, 210, 110, 110, 110, 110, 110, 280, 280, 280, 280, 280, 1850, 4550, 4550, 4550, 4550, 4550, 230, 580, 50, 50, 580, 580, 50, 50, 50, 580, 580, 1860, 1860, 1860, 1860, 1860, 20, 20, 20, 20, 20, 3220, 3220, 3220, 3220, 3220, 720, 50, 50, 50, 50, 50]"
2020-11-04 00:05:00+00:00,600970,0,205.0,"[390, 1950, 140, 140, 140, 140, 140, 180, 920, 920, 920, 920, 920, 20, 6620, 6620, 20, 20, 6620, 20, 6620, 20, 6620, 540, 20, 870, 800, 4840, 4580, 4580, 110, 110, 110, 110, 110, 240, 240, 240, 240, 240, 9180, 9180, 390, 9180, 390, 9180, 390, 9180, 390, 390, 300, 0, 0, 0, 0, 0, 0, 0, 0, 0, 0, 590, 1520, 24010, 24010, 24010, 24010, 24010, 70, 920, 920, 920, 920, 920, 130, 130, 130, 130, 130, 190, 190, 190, 190, 190, 4200, 4200, 4200, 4200, 4200, 3210, 190, 210, 210, 210, 210, 210, 60, 42020, 23660, 23660, 23660, 23660, 23660, 630, 630, 630, 630, 630, 140, 270, 270, 270, 270, 270, 7220, 4180, 4180, 4180, 4180, 4180, 20, 30, 9900, 9900, 9900, 9900, 350, 350, 350, 350, 350, 20, 20, 20, 20, 20, 180, 620, 620, 620, 620, 620, 20, 50, 50, 50, 50, 50, 90, 90, 90, 90, 90, 1280, 4660, 4660, 4660, 4660, 4660, 170, 170, 170, 170, 170, 3450, 110, 110, 110, 110, 110, 1430, 50, 410, 410, 5600, 30, 30, 30, 30, 30, 360, 360, 360, 360, 360, 80, 30, 30, 30, 30, 30, 110, 10, 10, 10, 10, 10, 3750, 90, 90, 90, 90, 10, 90, 57420]"
2020-11-04 00:10:00+00:00,346960,0,221.0,"[3610, 3610, 3610, 3610, 3610, 30, 30, 30, 30, 30, 5940, 40, 40, 40, 40, 40, 50, 50, 50, 50, 50, 390, 1660, 390, 1660, 390, 1660, 1660, 390, 1660, 390, 30, 30, 30, 30, 30, 160, 280, 1750, 1750, 260, 260, 190, 190, 210, 210, 210, 210, 210, 780, 780, 780, 780, 780, 280, 280, 280, 280, 280, 40, 40, 40, 40, 40, 1930, 5780, 5780, 5780, 5780, 5780, 1120, 1350, 1350, 1350, 1350, 1350, 5600, 5600, 5600, 5600, 5600, 50, 50, 50, 50, 50, 60, 60, 60, 60, 60, 690, 690, 690, 690, 690, 470, 470, 470, 470, 470, 240, 60, 60, 60, 60, 60, 160, 160, 160, 160, 160, 150, 150, 150, 150, 150, 5940, 5940, 5940, 5940, 5940, 100, 100, 100, 100, 100, 440, 440, 440, 440, 440, 300, 140, 140, 140, 140, 140, 20, 1810, 45720, 2210, 2210, 2210, 10, 2210, 2210, 4320, 3690, 3690, 3690, 3690, 3690, 1040, 40, 40, 40, 40, 40, 50, 160, 160, 160, 160, 160, 150, 5280, 150, 150, 150, 150, 150, 1610, 80, 110, 110, 110, 110, 110, 40, 40, 40, 40, 40, 40, 20, 190, 10, 10, 10, 10, 10, 70, 70, 70, 70, 70, 15680, 15680, 15680, 15680, 15680, 2790, 3080, 3080, 3080, 3080, 3080, 160, 160, 330, 160, 160, 160, 320, 460, 160, 160, 160, 160, 160]"
2020-11-04 00:15:00+00:00,2103810,0,200.0,"[10, 10, 10, 10, 10, 230, 30, 140, 140, 220, 140, 220, 140, 220, 140, 220, 220, 50, 50, 50, 50, 50, 630, 230, 230, 230, 230, 230, 390, 301610, 301610, 301610, 301610, 301610, 240, 240, 240, 240, 240, 2920, 1080, 1080, 1080, 1080, 1080, 3410, 2390, 2390, 2390, 2390, 2390, 2760, 2760, 2760, 2760, 2760, 10920, 23660, 23660, 23660, 23660, 23660, 80, 80, 80, 80, 80, 1680, 1680, 1680, 1680, 1680, 0, 0, 0, 0, 0, 20, 40, 40, 40, 40, 40, 10260, 10260, 10260, 10260, 1850, 10260, 1850, 1850, 1850, 1850, 25290, 25290, 25290, 25290, 25290, 140, 140, 140, 140, 140, 12380, 1740, 40, 330, 140, 140, 140, 140, 140, 170, 140, 170, 170, 170, 170, 790, 790, 790, 790, 790, 110, 110, 110, 110, 110, 2160, 2160, 2160, 2160, 2160, 7800, 7800, 7800, 7800, 7800, 0, 0, 0, 0, 0, 70, 70, 70, 70, 70, 300, 120, 120, 120, 120, 120, 2390, 560, 30, 1170, 10, 20, 20, 20, 20, 20, 10260, 23150, 23150, 23150, 23150, 23150, 150, 150, 150, 150, 150, 10, 10, 10, 10, 10, 180, 6100, 260, 260, 260, 260, 260, 1270, 4230, 600, 600, 600, 4230, 600, 600, 700, 700, 700, 700, 700]"
2020-11-04 00:20:00+00:00,243130,0,195.0,"[920, 550, 110, 110, 110, 110, 110, 2260, 910, 910, 910, 910, 910, 200, 120, 650, 650, 130, 130, 130, 130, 130, 100, 110, 870, 750, 750, 750, 750, 750, 40, 40, 40, 40, 40, 760, 760, 760, 760, 760, 80, 1050, 1050, 1050, 1050, 1050, 240, 30, 30, 30, 30, 30, 310, 110, 1590, 1590, 3200, 3200, 3200, 3200, 3200, 10, 10, 10, 10, 10, 5490, 5490, 5490, 5490, 5490, 360, 360, 360, 360, 360, 290, 10160, 1230, 320, 320, 320, 320, 320, 50, 50, 50, 50, 50, 3750, 3750, 3750, 3750, 3750, 1370, 690, 1370, 1370, 1370, 690, 690, 690, 690, 1370, 490, 8450, 4080, 4080, 4080, 4080, 4080, 1230, 1960, 70, 10, 770, 770, 770, 770, 770, 10, 3840, 20, 20, 20, 20, 20, 1230, 1230, 1230, 1230, 1230, 640, 640, 640, 640, 640, 160, 160, 160, 160, 160, 3080, 3080, 3080, 3080, 3080, 30, 30, 30, 30, 30, 530, 530, 530, 530, 530, 3170, 3170, 3170, 3170, 3170, 10, 640, 640, 640, 640, 640, 1200, 1500, 1200, 1200, 1200, 1500, 1500, 1200, 1500, 1500, 1040, 2080, 2080, 2080, 2080, 2080, 1190, 2100, 2100, 2100, 2100, 2100, 310, 310, 310, 310, 310]"
2020-11-04 00:25:00+00:00,436590,0,192.0,"[10, 10, 10, 10, 10, 70, 3980, 3980, 3980, 3980, 3980, 220, 28440, 28440, 28440, 28440, 28440, 1050, 1050, 1050, 1050, 1050, 3020, 3020, 3020, 3020, 3020, 1260, 400, 400, 400, 400, 400, 240, 1790, 1650, 1650, 1650, 1650, 1650, 520, 520, 520, 520, 520, 1500, 370, 370, 370, 370, 370, 10, 3540, 13960, 460, 460, 460, 460, 460, 220, 140, 140, 140, 140, 140, 690, 390, 10, 10, 390, 690, 10, 390, 690, 10, 390, 390, 690, 10, 690, 160, 50, 50, 160, 50, 160, 50, 160, 50, 160, 1650, 1060, 1060, 1060, 1060, 1060, 140, 140, 140, 140, 140, 260, 260, 260, 260, 260, 620, 620, 620, 620, 620, 940, 940, 940, 940, 940, 20, 20, 1420, 1420, 1420, 1420, 1420, 140, 17770, 17770, 17770, 17770, 17770, 50, 50, 50, 50, 50, 70, 70, 70, 70, 70, 13300, 80, 60, 440, 440, 2500, 380, 6610, 6610, 6610, 6610, 320, 320, 320, 320, 320, 40, 40, 40, 40, 40, 980, 980, 980, 980, 980, 410, 700, 700, 700, 700, 700, 30, 30, 30, 30, 30, 560, 560, 560, 560, 560, 2930, 2930, 2930, 2930, 2930, 7700, 2810, 2810, 2810, 2810, 2810]"
2020-11-04 00:30:00+00:00,432520,0,169.0,"[710, 25660, 620, 620, 620, 620, 620, 160, 1540, 2060, 550, 550, 550, 550, 550, 150, 150, 150, 150, 150, 40, 40, 40, 40, 40, 130, 130, 130, 130, 130, 100, 100, 100, 100, 100, 1500, 1500, 1500, 1500, 1500, 110, 110, 110, 110, 110, 2430, 840, 2430, 2430, 2430, 2430, 1750, 390, 390, 3600, 3600, 3600, 3600, 3600, 200, 200, 260, 260, 260, 260, 260, 1150, 1150, 1150, 1150, 1150, 5130, 2750, 2750, 2750, 2750, 2750, 0, 3700, 990, 990, 300, 300, 300, 300, 300, 90, 90, 90, 90, 90, 670, 40, 2970, 240, 240, 240, 240, 240, 3580, 3580, 3580, 3580, 3580, 6300, 6300, 6300, 6300, 6300, 470, 470, 470, 470, 470, 820, 4490, 4490, 4490, 4490, 4490, 80, 80, 80, 80, 80, 40, 7810, 12090, 440, 40, 40, 40, 440, 440, 40, 440, 40, 440, 3180, 1700, 40, 40, 40, 40, 40, 7520, 80, 240, 1750, 20, 20, 20, 20, 20, 1420, 6470, 540, 540, 540, 540, 540, 4320, 35990, 35990, 35990, 35990, 35990, 2060, 4580]"
2020-11-04 00:35:00+00:00,527430,0,142.0,"[590, 30, 30, 30, 30, 30, 25770, 25770, 25770, 25770, 25770, 100, 100, 100, 100, 100, 360, 30, 4260, 30, 30, 4260, 30, 4260, 30, 4260, 4260, 640, 140, 140, 140, 140, 140, 20, 2630, 2630, 2630, 2630, 2630, 20390, 20390, 20390, 20390, 20390, 480, 160, 350, 13960, 25770, 25770, 25770, 25770, 25770, 100, 100, 100, 100, 100, 10, 10, 10, 10, 10, 660, 660, 660, 660, 660, 580, 580, 580, 580, 580, 1710, 1140, 1140, 1140, 1140, 7310, 7310, 7310, 7310, 7310, 2060, 640, 3410, 3410, 3410, 3410, 3410, 640, 2480, 440, 440, 440, 440, 440, 1880, 20, 20, 0, 20, 20, 20, 70, 540, 540, 540, 540, 540, 580, 580, 580, 580, 580, 180, 1890, 1890, 1890, 1890, 1890, 550, 580, 580, 580, 580, 580, 3370, 3370, 3370, 3370, 3370, 170, 170, 170, 170, 170, 440, 440, 440, 440, 440]"
2020-11-04 00:40:00+00:00,151130,0,142.0,"[3760, 3820, 130, 130, 130, 130, 130, 780, 6610, 30, 3050, 3050, 3050, 3050, 3050, 5020, 5020, 5020, 5020, 5020, 20, 20, 20, 20, 20, 20, 20, 110, 1770, 1770, 1770, 110, 1770, 110, 110, 1770, 110, 160, 160, 160, 160, 160, 130, 2500, 110, 110, 110, 110, 110, 100, 100, 100, 100, 100, 1430, 1430, 1430, 1430, 1430, 1770, 60, 60, 60, 60, 60, 760, 3140, 1480, 3140, 3140, 1480, 760, 1480, 1480, 760, 3140, 3140, 1480, 760, 760, 60, 30, 580, 5780, 580, 580, 580, 580, 1850, 2060, 2060, 2060, 2060, 2060, 1510, 1770, 120, 120, 120, 120, 120, 10, 10, 10, 10, 10, 40, 40, 40, 40, 40, 410, 120, 120, 120, 120, 120, 10, 10, 10, 10, 10, 9750, 90, 210, 100, 1460, 1460, 1460, 1460, 1460, 80, 110, 110, 110, 110, 110, 160, 160, 160, 160, 160]"
2020-11-04 00:45:00+00:00,638390,0,200.0,"[30, 30, 30, 30, 30, 1420, 24010, 24010, 24010, 24010, 24010, 330, 330, 330, 330, 330, 370, 370, 370, 370, 370, 630, 630, 630, 630, 630, 2510, 2510, 2510, 2510, 2510, 0, 0, 0, 0, 0, 2840, 3620, 360, 7780, 150, 150, 540, 540, 540, 540, 540, 750, 3720, 3720, 3720, 3720, 3720, 2820, 2820, 2820, 2820, 2820, 100, 100, 100, 100, 100, 48840, 48840, 48840, 48840, 48840, 430, 430, 430, 430, 430, 400, 200, 270, 270, 290, 290, 290, 290, 290, 1690, 1690, 1690, 1690, 1690, 120, 40, 120, 40, 40, 40, 120, 40, 120, 120, 30, 30, 30, 30, 30, 5990, 5990, 5990, 5990, 5990, 10, 10, 10, 10, 10, 60, 60, 60, 60, 60, 60, 60, 60, 60, 60, 70, 370, 370, 370, 370, 370, 20, 20, 20, 20, 20, 480, 480, 3020, 7390, 7390, 7390, 7390, 7390, 320, 320, 320, 320, 320, 10, 10, 10, 10, 10, 2060, 2060, 2060, 2060, 2060, 4520, 4520, 4520, 4520, 4520, 2630, 2630, 2630, 2630, 2630, 2630, 2630, 520, 1980, 1980, 1980, 1980, 4240, 1980, 110, 3040, 3040, 3040, 3040, 3040, 380, 4520, 4520, 4520, 4520, 4520, 30, 750, 750, 750, 750, 750, 160, 3880, 80, 80, 80, 80, 80]"
2020-11-04 00:50:00+00:00,644100,0,149.0,"[890, 770, 770, 770, 770, 770, 810, 810, 810, 810, 810, 730, 730, 730, 730, 730, 50900, 30, 30, 30, 30, 30, 200, 200, 200, 200, 200, 1040, 1040, 1040, 1040, 1040, 360, 360, 360, 360, 360, 3220, 60, 40, 40, 40, 40, 40, 60, 60, 60, 60, 60, 5140, 160, 10650, 10650, 360, 50, 360, 360, 360, 360, 2150, 2150, 360, 68610, 68610, 68610, 68610, 68610, 1520, 1520, 1520, 1520, 1520, 0, 0, 1900, 1900, 1900, 1900, 1900, 4120, 4120, 4120, 4120, 4120, 20, 20, 20, 20, 20, 12230, 980, 980, 12230, 12230, 980, 12230, 12230, 980, 980, 1840, 4230, 610, 610, 610, 4230, 610, 610, 200, 160, 160, 160, 160, 160, 70, 70, 70, 70, 70, 4640, 4640, 4640, 4640, 4640, 1060, 1060, 1060, 1060, 1060, 6430, 6430, 6430, 0, 0, 0, 0, 0, 0, 10230, 0, 120, 380, 50, 1750, 1750, 2410, 2410, 2410, 2410, 2410]"
2020-11-04 00:55:00+00:00,361540,0,217.0,"[120, 240, 240, 240, 240, 240, 160, 160, 160, 160, 160, 480, 480, 480, 480, 480, 25930, 110, 10, 10, 10, 10, 10, 8520, 0, 0, 240, 0, 0, 0, 380, 380, 380, 380, 380, 730, 20, 20, 20, 20, 20, 5360, 100, 100, 100, 100, 100, 1840, 1840, 1840, 1840, 1840, 160, 160, 160, 160, 160, 20, 10, 0, 0, 0, 0, 0, 150, 2170, 2170, 2170, 2170, 2170, 210, 1840, 1410, 1410, 1410, 1410, 1410, 2170, 690, 120, 120, 120, 120, 120, 190, 250, 4790, 4790, 4790, 4790, 4790, 1690, 1690, 1690, 1690, 1690, 20, 3540, 3540, 3540, 3540, 3540, 2120, 2120, 2120, 2120, 2120, 2780, 0, 130, 130, 130, 130, 130, 1850, 2780, 110, 110, 110, 110, 110, 360, 360, 360, 360, 360, 0, 0, 0, 0, 0, 820, 7110, 7110, 1820, 550, 550, 550, 550, 550, 160, 160, 160, 160, 160, 220, 220, 220, 220, 220, 5040, 290, 290, 290, 290, 290, 100, 100, 100, 100, 100, 13110, 13110, 13110, 13110, 13110, 510, 40, 40, 40, 40, 40, 50, 50, 50, 50, 50, 13110, 2340, 8890, 570, 8890, 8890, 8890, 8890, 50, 50, 50, 50, 50, 1310, 1310, 1310, 1310, 1310, 3220, 8370, 220, 70, 70, 70, 220, 70, 220, 70, 220, 220, 6610, 6610, 6610, 6610, 6610, 10, 10, 10, 10, 10]"
2020-11-04 01:00:00+00:00,865840,0,214.0,"[8160, 8160, 8160, 8160, 8160, 3220, 1740, 4720, 4720, 4720, 4720, 4720, 420, 420, 420, 420, 420, 0, 13880, 0, 70, 110, 50, 50, 50, 50, 50, 0, 4580, 4580, 4580, 4580, 4580, 1000, 1000, 1000, 1000, 1000, 50, 35180, 35180, 35180, 35180, 35180, 35180, 35180, 35180, 35180, 35180, 390, 40, 40, 40, 40, 40, 8250, 8250, 8250, 8250, 8250, 70, 70, 70, 70, 70, 5070, 200, 5070, 5070, 5070, 5070, 0, 1070, 1070, 1070, 1070, 1070, 0, 0, 0, 0, 0, 560, 370, 370, 370, 370, 370, 60, 60, 60, 60, 60, 180, 560, 510, 510, 560, 560, 510, 560, 510, 510, 560, 260, 7520, 7520, 7520, 7520, 7520, 490, 490, 490, 490, 490, 6700, 6700, 1420, 1420, 1420, 1420, 1420, 1140, 140, 140, 140, 140, 140, 220, 220, 220, 220, 220, 390, 390, 390, 390, 390, 3200, 3200, 3200, 3200, 3200, 440, 14800, 14800, 14800, 14800, 14800, 520, 520, 520, 520, 520, 7900, 4230, 4230, 4230, 4230, 4230, 1300, 0, 0, 0, 0, 0, 3560, 690, 690, 3560, 690, 3560, 690, 3560, 690, 3560, 10, 10, 10, 10, 10, 280, 280, 280, 280, 280, 450, 450, 450, 450, 450, 13110, 13110, 13110, 13110, 13110, 2510, 2510, 2510, 2510, 2510, 60, 400, 400, 400, 400, 400, 30, 360, 4880, 4880, 4880, 4880, 4880]"
2020-11-04 01:05:00+00:00,257830,0,147.0,"[80, 80, 80, 80, 80, 5520, 0, 0, 5520, 0, 5520, 0, 5520, 0, 5520, 550, 550, 550, 550, 550, 3970, 920, 920, 920, 920, 920, 730, 730, 440, 440, 440, 440, 440, 40, 40, 40, 40, 40, 1200, 1200, 1200, 1200, 1200, 870, 870, 870, 870, 870, 360, 360, 360, 360, 360, 19850, 19850, 19850, 19850, 19850, 0, 0, 0, 0, 0, 7220, 240, 240, 240, 240, 240, 1750, 50, 50, 50, 50, 50, 500, 50, 70, 2200, 2200, 2200, 2200, 2200, 780, 30, 1450, 1450, 1450, 1450, 1450, 610, 410, 410, 410, 410, 410, 70, 70, 70, 70, 70, 270, 270, 270, 270, 270, 310, 310, 310, 310, 310, 0, 100, 100, 100, 100, 100, 1850, 1850, 1850, 1850, 1850, 3120, 1500, 1500, 1500, 1500, 1500, 4580, 4580, 11750, 410, 30, 30, 30, 30, 30, 830, 830, 830, 830, 830, 4250, 4250, 4250, 4250, 4250]"
2020-11-04 01:10:00+00:00,244620,0,152.0,"[2440, 380, 380, 380, 380, 380, 1180, 1180, 1180, 1180, 1180, 740, 4300, 4300, 4300, 4300, 4300, 4770, 110, 110, 110, 110, 110, 4300, 4300, 4300, 4300, 4300, 440, 440, 440, 440, 440, 6370, 28890, 50, 50, 50, 50, 50, 520, 520, 520, 520, 520, 390, 390, 390, 390, 390, 50, 50, 50, 50, 50, 7430, 7430, 7430, 7430, 7430, 10, 10, 10, 10, 10, 10, 10, 160, 160, 340, 3110, 3110, 3110, 3110, 3110, 70, 70, 70, 70, 70, 1840, 3890, 2360, 2360, 3890, 2360, 3890, 2360, 2360, 3890, 3890, 140, 140, 140, 140, 140, 2170, 2170, 2170, 2170, 2170, 90, 90, 90, 90, 90, 10920, 10, 10, 10, 10, 40, 40, 40, 40, 40, 60, 160, 590, 590, 590, 590, 590, 30, 1160, 220, 250, 250, 250, 250, 250, 360, 2050, 1370, 11410, 260, 260, 260, 260, 260, 1230, 1230, 1230, 1230, 1230, 710, 710, 710, 710, 710, 640, 120]"
2020-11-04 01:15:00+00:00,217520,0,219.0,"[130, 130, 130, 130, 130, 710, 40, 40, 40, 40, 40, 3680, 3680, 3680, 3680, 3680, 2610, 2610, 2610, 2610, 2610, 320, 320, 320, 320, 320, 3670, 3670, 3670, 3670, 3670, 840, 120, 120, 350, 350, 350, 350, 350, 60, 600, 60, 600, 60, 60, 600, 60, 600, 600, 410, 410, 410, 410, 410, 140, 140, 140, 140, 140, 160, 160, 160, 160, 160, 2510, 2680, 40, 40, 40, 40, 40, 2270, 520, 520, 520, 520, 520, 140, 140, 140, 140, 140, 60, 450, 60, 60, 450, 450, 60, 450, 60, 450, 10, 10, 10, 10, 10, 30, 30, 30, 30, 30, 3910, 520, 520, 520, 520, 520, 2430, 480, 480, 480, 480, 480, 280, 2700, 2700, 2700, 2700, 2700, 240, 240, 240, 240, 240, 470, 470, 470, 470, 470, 810, 810, 810, 810, 810, 1590, 400, 400, 400, 400, 400, 470, 470, 470, 470, 470, 8400, 8400, 8400, 8400, 8400, 2000, 2000, 2000, 2000, 2000, 40, 40, 110, 110, 110, 110, 110, 620, 620, 620, 620, 620, 2700, 2700, 2700, 2700, 2700, 220, 190, 190, 190, 190, 190, 2330, 2330, 2330, 2330, 2330, 300, 300, 300, 300, 300, 730, 120, 120, 120, 120, 120, 60, 290, 240, 240, 240, 240, 240, 3010, 3010, 3010, 3010, 3010, 40, 40, 40, 40, 40, 340, 340, 30, 30, 30, 30, 30]"
2020-11-04 01:20:00+00:00,453320,5,172.0,"[120, 120, 120, 120, 120, 1520, 1520, 57220, 57220, 1520, 57220, 1520, 57220, 1520, 57220, 50, 50, 50, 50, 50, 730, 560, 560, 560, 560, 560, 50, 1740, 1740, 1740, 1740, 50, 1740, 0, 120, 120, 120, 120, 120, 1040, 1040, 1040, 1040, 1040, 10160, 10160, 10160, 10160, 10160, 70, 70, 70, 70, 70, 2680, 30, 30, 30, 30, 30, 1670, 70, 70, 70, 70, 70, 60, 60, 60, 60, 60, 60, 60, 60, 60, 60, 110, 110, 110, 110, 110, 80, 80, 90, 90, 90, 90, 90, 250, 250, 250, 250, 250, 370, 370, 370, 370, 370, 60, 60, 60, 60, 60, 390, 130, 390, 390, 130, 390, 130, 130, 130, 390, 16880, 16880, 60, 520, 520, 520, 520, 520, 140, 140, 140, 140, 140, 2980, 2980, 2980, 2980, 2980, 10, 60, 680, 20, 20, 20, 20, 20, 690, 690, 690, 690, 690, 40, 40, 40, 40, 40, 1400, 1400, 1400, 1400, 1400, 790, 790, 790, 790, 790, 340, 1310, 1310, 1310, 1310, 1310, 500, 500, 500, 500, 500, 10, 10]"
2020-11-04 01:25:00+00:00,138520,0,178.0,"[40, 40, 40, 40, 40, 410, 410, 410, 410, 410, 90, 350, 350, 350, 350, 350, 1040, 1040, 1040, 1040, 1040, 240, 240, 240, 240, 240, 310, 20, 20, 20, 20, 20, 200, 20, 20, 20, 20, 20, 70, 70, 70, 70, 70, 760, 760, 760, 760, 760, 3160, 3160, 3160, 3160, 3160, 20, 20, 20, 20, 20, 160, 160, 160, 160, 160, 290, 290, 290, 290, 290, 20, 100, 0, 0, 0, 0, 0, 40, 3100, 3100, 40, 40, 3100, 3100, 3100, 40, 40, 480, 160, 160, 160, 160, 160, 60, 60, 60, 60, 60, 3620, 3620, 3620, 3620, 3620, 0, 0, 0, 0, 0, 10, 10, 10, 10, 10, 60, 60, 60, 60, 60, 310, 310, 310, 310, 310, 4030, 4030, 4030, 4030, 4030, 0, 170, 170, 170, 170, 170, 20, 5930, 5930, 5930, 5930, 5930, 100, 100, 100, 100, 100, 40, 40, 40, 40, 40, 120, 120, 120, 120, 120, 450, 450, 450, 450, 450, 50, 50, 90, 90, 90, 50, 90, 50, 50, 90, 2360, 2360, 2360, 2360, 2360, 180, 180, 180, 180, 180]"
2020-11-04 01:30:00+00:00,1179610,1,171.0,"[0, 20, 0, 20, 0, 20, 0, 20, 20, 0, 2190, 1500, 1500, 1500, 1500, 1500, 2460, 2460, 2460, 2460, 2460, 1080, 1080, 1080, 1080, 1080, 550, 1440, 1440, 1440, 1440, 1440, 32020, 32020, 32020, 32020, 32020, 1800, 140, 140, 140, 140, 140, 150, 150, 150, 150, 150, 3220, 3220, 3220, 3220, 3220, 10, 22970, 14570, 470, 470, 470, 470, 470, 2120, 2120, 2120, 2120, 2120, 10, 10, 10, 10, 10, 240, 240, 240, 240, 240, 3290, 3290, 1040, 240, 3230, 3230, 3230, 3230, 3230, 1610, 1610, 1610, 1610, 1610, 450, 2340, 300, 300, 300, 300, 300, 2270, 2270, 2270, 2270, 2270, 63360, 330, 330, 330, 330, 330, 11810, 220, 220, 220, 220, 220, 30, 30, 30, 30, 30, 3550, 3550, 3550, 3550, 3550, 610, 90, 90, 90, 90, 90, 100, 100, 100, 100, 100, 200, 320, 8870, 1510, 1510, 4510, 6020, 6020, 6020, 6020, 6020, 120, 10, 1780, 1780, 1780, 1780, 1780, 50, 50, 50, 50, 50, 180, 10, 10, 10, 10, 10, 3390, 330, 330, 330, 330, 330]"
2020-11-04 01:35:00+00:00,217860,0,162.0,"[11990, 70, 40, 40, 40, 40, 40, 590, 2860, 2860, 2860, 2860, 2860, 500, 500, 500, 500, 500, 110, 110, 110, 110, 110, 60, 60, 60, 60, 60, 90, 70, 460, 70, 70, 70, 70, 290, 290, 290, 290, 290, 1100, 210, 1100, 1100, 1100, 1100, 2110, 2910, 2910, 2910, 2910, 2910, 270, 380, 2610, 60, 60, 60, 60, 60, 50, 12010, 12010, 12010, 12010, 12010, 100, 400, 2080, 2080, 2080, 2080, 2080, 60, 4090, 2230, 2230, 2230, 2230, 2230, 70, 320, 70, 570, 1140, 100, 650, 650, 2940, 20, 1570, 2400, 2400, 2400, 1570, 1570, 2400, 1570, 2400, 1570, 1100, 150, 150, 150, 150, 150, 1940, 1940, 1940, 1940, 1940, 110, 110, 110, 110, 110, 1000, 1000, 1000, 1000, 1000, 60, 60, 60, 60, 60, 60, 60, 60, 60, 60, 540, 40, 13890, 0, 0, 0, 0, 0, 80, 2940, 2940, 0, 650, 650, 0, 0, 0, 0, 1660, 1440, 60, 60, 60, 60, 60, 70, 70, 70, 70, 70, 3220]"
2020-11-04 01:40:00+00:00,974750,0,271.0,"[70, 1280, 5260, 730, 190, 13220, 13220, 30, 33230, 33230, 33230, 33230, 33230, 180, 120, 180, 180, 180, 180, 2020, 2020, 2020, 2020, 2020, 1130, 1130, 1130, 1130, 1130, 70, 180, 180, 180, 180, 180, 180, 1080, 750, 1080, 1080, 1080, 1080, 30, 30, 30, 30, 30, 20, 20, 20, 20, 20, 40, 80, 460, 16950, 150, 160, 30, 160, 160, 160, 30, 160, 100, 3260, 3260, 9610, 9610, 9610, 9610, 9610, 1560, 140, 1220, 770, 770, 770, 770, 770, 210, 210, 210, 210, 210, 130, 9610, 17370, 17370, 17370, 17370, 17370, 300, 2120, 20, 0, 0, 0, 0, 0, 20, 1690, 1690, 1690, 1690, 1690, 690, 690, 690, 690, 690, 10060, 10060, 10060, 10060, 10060, 21560, 21560, 4100, 4100, 4100, 4100, 4100, 330, 290, 290, 290, 290, 290, 10, 90, 90, 90, 90, 90, 130, 120, 130, 120, 120, 130, 120, 130, 120, 130, 370, 370, 370, 370, 370, 70, 3160, 760, 760, 760, 760, 760, 42490, 20, 20, 20, 42490, 20, 42490, 20, 42490, 42490, 2300, 2300, 2300, 2300, 2300, 680, 680, 680, 680, 680, 70, 1280, 1280, 70, 1280, 70, 1280, 70, 70, 1280, 380, 1170, 380, 350, 380, 350, 1170, 380, 350, 1170, 350, 1170, 380, 350, 1170, 210, 500, 500, 500, 500, 500, 1100, 1100, 1100, 1100, 1100, 260, 260, 260, 260, 260, 300, 2820, 2820, 2820, 2820, 2820, 740, 740, 740, 740, 740, 210, 210, 210, 210, 210, 4990, 4990, 4990, 4990, 4990, 2200, 2200, 2200, 2200, 2200, 1070, 12910, 12910, 12910, 12910, 12910, 30, 3910, 3910, 3910, 3910, 3910, 100, 100, 100, 100, 100, 690, 690, 690, 690, 690, 6910, 6910, 6910, 6910, 6910]"
2020-11-04 01:45:00+00:00,823890,0,283.0,"[8130, 8130, 8130, 8130, 8130, 130, 0, 0, 0, 0, 0, 790, 190, 2240, 2240, 2240, 2240, 2240, 520, 520, 0, 0, 0, 0, 0, 1750, 1750, 1750, 1750, 1750, 5340, 1080, 2700, 2700, 2700, 2700, 2700, 1180, 520, 3710, 3710, 3710, 3710, 3710, 150, 150, 150, 150, 150, 290, 40, 40, 40, 40, 40, 30, 30, 30, 30, 30, 3330, 3330, 3330, 3330, 3330, 12810, 12810, 12810, 12810, 12810, 14050, 14050, 14050, 14050, 14050, 3660, 170, 10, 1850, 2600, 2600, 2600, 2600, 2600, 690, 410, 410, 410, 410, 410, 140, 140, 140, 140, 140, 2350, 3380, 3380, 3380, 3380, 3380, 3210, 3210, 3210, 3210, 3210, 1140, 4680, 4680, 4680, 4680, 4680, 9510, 160, 9510, 9510, 9510, 9510, 160, 6520, 1540, 1540, 1540, 1540, 1540, 980, 340, 340, 340, 340, 340, 2360, 2360, 2360, 2360, 2360, 4330, 4330, 4330, 4330, 4330, 1330, 1330, 1330, 1330, 1330, 17860, 17860, 17860, 17860, 17860, 6520, 6520, 6520, 6520, 6520, 840, 840, 840, 840, 840, 22990, 22990, 22990, 22990, 22990, 50, 50, 50, 50, 50, 680, 370, 370, 680, 370, 680, 370, 680, 680, 370, 550, 550, 550, 550, 550, 1570, 70, 2280, 2280, 2280, 2280, 2280, 340, 190, 1980, 50, 70, 70, 70, 70, 70, 320, 4580, 4580, 4580, 4580, 4580, 2290, 2290, 2290, 2290, 2290, 290, 290, 320, 290, 320, 290, 320, 290, 320, 320, 870, 870, 870, 870, 870, 10, 10, 10, 10, 10, 80, 700, 700, 700, 700, 700, 30, 10, 10, 10, 10, 10, 3170, 1830, 1830, 1830, 1830, 1830, 1460, 6130, 6130, 6130, 6130, 6130, 280, 80, 80, 80, 80, 80, 570, 570, 570, 4120, 4120, 570, 4120, 4120, 570, 4120, 240, 240, 240, 240, 240, 200, 200, 200, 200, 200]"
2020-11-04 01:50:00+00:00,597470,0,265.0,"[1760, 1760, 310, 310, 1760, 310, 1760, 310, 1760, 310, 310, 310, 310, 310, 310, 18150, 18150, 18150, 18150, 18150, 2510, 1010, 1010, 1010, 1010, 1010, 60, 60, 760, 760, 760, 760, 60, 60, 60, 760, 650, 100, 100, 100, 100, 100, 3180, 3180, 3180, 3180, 3180, 80, 440, 440, 440, 440, 440, 1880, 1880, 70, 70, 70, 70, 70, 920, 920, 920, 920, 920, 3150, 100, 100, 100, 100, 100, 510, 510, 510, 510, 510, 200, 2040, 200, 200, 200, 2040, 2040, 200, 2040, 2040, 13200, 13200, 13200, 13200, 13200, 3630, 3630, 3630, 3630, 3630, 30, 250, 250, 250, 250, 250, 30, 30, 30, 30, 30, 30, 4220, 4220, 100, 700, 1800, 730, 730, 700, 700, 730, 700, 730, 700, 730, 0, 0, 0, 0, 0, 20, 20, 20, 20, 20, 0, 0, 0, 0, 0, 100, 100, 100, 100, 100, 2390, 2390, 2390, 2390, 2390, 10, 10, 10, 10, 10, 40, 13250, 20, 20, 20, 13250, 20, 13250, 20, 13250, 13250, 3260, 25290, 25290, 25290, 20, 25290, 25290, 760, 30, 12550, 20, 80, 80, 80, 80, 80, 2340, 2340, 240, 240, 240, 240, 240, 4050, 4050, 4050, 4050, 4050, 4840, 990, 4840, 990, 4840, 4840, 4840, 10, 10, 10, 10, 10, 230, 230, 230, 230, 230, 110, 110, 110, 110, 110, 660, 10, 10, 10, 10, 10, 50, 820, 50, 50, 50, 50, 10, 120, 30, 100, 100, 100, 100, 100, 140, 0, 4200, 4200, 4200, 4200, 4200, 2870, 690, 2870, 690, 690, 2870, 2870, 2870, 690, 690, 1550, 0, 4200, 4200, 220, 220, 220, 220, 220, 1130, 1130, 1130, 1130, 1130, 0]"
2020-11-04 01:55:00+00:00,154930,0,169.0,"[2080, 0, 130, 1140, 10, 10, 10, 10, 10, 6120, 280, 280, 280, 280, 280, 620, 620, 640, 640, 640, 640, 640, 340, 330, 330, 330, 330, 330, 360, 320, 320, 320, 320, 320, 0, 3910, 3910, 3910, 3910, 3910, 60, 60, 60, 60, 60, 10, 10, 10, 10, 10, 30, 2870, 2870, 2870, 2870, 2870, 660, 660, 200, 1260, 200, 200, 200, 200, 540, 340, 0, 750, 750, 750, 750, 750, 1090, 1090, 1090, 1090, 1090, 1780, 1780, 1780, 1780, 1780, 540, 540, 540, 540, 540, 80, 100, 100, 100, 100, 100, 180, 0, 180, 180, 180, 180, 320, 320, 320, 320, 320, 0, 20, 20, 20, 20, 20, 60, 60, 60, 60, 60, 7320, 7320, 1310, 1310, 1310, 1310, 1310, 10, 10, 10, 10, 10, 1220, 1220, 1220, 1220, 1220, 610, 610, 610, 610, 610, 310, 3880, 3880, 3880, 3880, 3880, 940, 940, 40, 40, 40, 40, 40, 4150, 160, 160, 160, 160, 160, 1240, 1240, 1240, 1240, 1240, 1360, 10, 10, 10, 10, 10, 3930, 3930]"
2020-11-04 02:00:00+00:00,864950,0,275.0,"[60, 780, 180, 180, 180, 180, 180, 220, 220, 220, 220, 220, 90, 200, 200, 90, 200, 200, 90, 200, 90, 90, 30, 30, 30, 30, 30, 2680, 240, 720, 720, 720, 720, 720, 10, 10, 10, 10, 10, 220, 220, 220, 220, 220, 20, 20, 20, 20, 20, 18440, 100, 2660, 2660, 2660, 2660, 2660, 220, 220, 220, 220, 220, 30, 30, 30, 30, 30, 1090, 0, 1180, 1180, 1180, 1180, 1180, 280, 280, 280, 280, 280, 430, 600, 3900, 600, 3900, 3900, 3900, 3900, 2760, 2760, 2760, 2760, 2760, 600, 600, 23410, 23410, 1330, 1330, 80, 80, 80, 80, 80, 10, 15490, 15490, 3020, 410, 410, 410, 410, 410, 3540, 3540, 3540, 3540, 3540, 210, 210, 210, 210, 210, 10, 10, 10, 120, 120, 120, 120, 120, 120, 120, 120, 120, 120, 140, 640, 640, 640, 640, 640, 640, 600, 100, 100, 100, 100, 100, 2060, 2060, 2060, 2060, 2060, 70, 70, 2180, 70, 2180, 2180, 2180, 70, 70, 2180, 6350, 6350, 6350, 6350, 6350, 1730, 600, 600, 10, 10, 400, 400, 400, 400, 400, 11160, 3120, 2320, 2320, 2320, 2320, 2320, 600, 2610, 2610, 2610, 10, 2610, 2610, 4220, 4220, 4220, 4220, 4220, 20, 20, 1660, 1660, 1660, 1660, 1660, 530, 530, 530, 530, 530, 71770, 71770, 30, 71770, 71770, 71770, 50, 50, 50, 50, 50, 6870, 6870, 6870, 6870, 6870, 310, 310, 310, 310, 310, 320, 320, 320, 320, 320, 5080, 5080, 5080, 5080, 5080, 10, 10, 17380, 17380, 17380, 17380, 17380, 340, 340, 340, 340, 340, 10, 1270, 110, 10, 10, 70, 70, 310, 540, 540, 540, 540, 540, 8140, 530, 530, 530, 530, 530, 1650, 1650, 1650, 1650, 1650]"
2020-11-04 02:05:00+00:00,1109450,0,240.0,"[10, 20, 20, 20, 20, 20, 440, 920, 920, 920, 920, 920, 2040, 2040, 2040, 2040, 2040, 3290, 10, 10, 1040, 1040, 1040, 1040, 1040, 10, 10, 810, 810, 810, 810, 810, 340, 340, 340, 340, 340, 3980, 3980, 150, 150, 150, 150, 150, 1340, 1340, 1340, 1340, 1340, 100, 100, 100, 100, 100, 260, 260, 180, 260, 260, 260, 200, 200, 200, 200, 200, 2380, 2380, 2380, 2380, 2380, 100, 100, 100, 100, 100, 1360, 1360, 1360, 1360, 1360, 13870, 13870, 13870, 13870, 13870, 3300, 6910, 6910, 6910, 6910, 6910, 10, 440, 440, 28600, 28600, 28600, 28600, 28600, 5410, 1090, 5410, 5410, 1090, 5410, 1090, 1090, 5410, 1090, 2020, 2020, 2020, 2020, 2020, 4220, 4220, 4220, 4220, 4220, 10, 230, 8900, 5490, 5490, 5490, 5490, 5490, 10, 0, 22910, 0, 0, 22910, 22910, 22910, 0, 0, 22910, 6350, 6350, 6350, 6350, 6350, 10, 280, 280, 280, 280, 280, 990, 51770, 51770, 51770, 51770, 51770, 3750, 20, 20, 20, 20, 20, 50, 50, 50, 50, 50, 10, 10, 10, 10, 10, 3920, 3920, 3920, 3920, 3920, 280, 280, 280, 280, 280, 3160, 3160, 3160, 3160, 3160, 450, 3160, 340, 340, 340, 340, 340, 3200, 3200, 3200, 3200, 3200, 1210, 1210, 1210, 1210, 1210, 3200, 3200, 3200, 3200, 3200, 2070, 2070, 3950, 10, 10, 10, 10, 10, 1070, 1070, 1070, 1070, 1070, 340, 5100, 2650, 0, 0, 0, 0, 0, 35330, 35330, 550, 35330, 35330, 35330, 40, 40, 40, 40, 40]"
2020-11-04 02:10:00+00:00,900770,0,352.0,"[6060, 6060, 6060, 6060, 6060, 160, 160, 160, 160, 160, 120, 120, 120, 120, 120, 11620, 400, 400, 400, 400, 400, 660, 660, 660, 660, 660, 1660, 1660, 1660, 1660, 1660, 30, 30, 30, 30, 30, 660, 660, 660, 660, 660, 60, 340, 240, 240, 240, 240, 240, 240, 240, 240, 240, 240, 490, 710, 710, 710, 710, 710, 12530, 12530, 360, 360, 360, 360, 360, 380, 30, 380, 30, 30, 30, 30, 140, 10, 10, 10, 10, 10, 3620, 3620, 3620, 3620, 3620, 10, 10, 10, 150, 10, 10, 6520, 6520, 50, 50, 50, 50, 50, 10, 3720, 3720, 20, 20, 20, 20, 20, 2000, 40, 10, 10, 30, 30, 30, 30, 30, 420, 50, 470, 470, 140, 140, 140, 140, 140, 980, 980, 980, 980, 980, 20, 20, 20, 20, 20, 30, 30, 30, 30, 30, 10, 10, 10, 10, 10, 4190, 4190, 4190, 4190, 4190, 460, 460, 460, 460, 460, 4300, 10, 10, 10, 10, 10, 140, 1110, 1110, 1110, 1110, 1110, 10, 4140, 4140, 4140, 4140, 4140, 1120, 1120, 1120, 1120, 1120, 9360, 20, 20, 20, 20, 20, 2410, 1000, 1000, 1000, 1000, 1000, 490, 490, 490, 490, 490, 20, 20, 20, 20, 20, 4390, 4390, 4390, 4390, 4390, 2680, 2680, 2680, 2680, 2680, 10, 990, 990, 990, 990, 990, 4200, 0, 0, 0, 0, 0, 1860, 1860, 1860, 1860, 1860, 3800, 3800, 3800, 3800, 3800, 2590, 2590, 20, 2590, 20, 20, 2590, 20, 2590, 20, 240, 240, 240, 240, 240, 2760, 2760, 2760, 2760, 2760, 1870, 1870, 1870, 1870, 1870, 130, 130, 130, 130, 130, 270, 1590, 1590, 270, 1590, 270, 1590, 270, 1590, 270, 1040, 1040, 1040, 1040, 1040, 6840, 6840, 6840, 6840, 6840, 570, 570, 570, 570, 570, 40, 520, 520, 520, 520, 520, 3130, 3130, 3130, 3130, 3130, 3130, 3130, 3130, 3130, 3130, 12280, 510, 510, 510, 510, 510, 3150, 25400, 25400, 25400, 25400, 25400, 200, 15400, 15400, 15400, 15400, 15400, 3130, 30630, 30630, 30630, 30630, 30630, 110, 110, 110, 110, 110, 2220, 2220, 2220, 2220, 2220, 10080, 3610, 3610, 10080, 10080, 3610, 3610, 10080, 10080, 3610, 1480, 1480, 4010, 4010, 4010, 4010, 4010]"
2020-11-04 02:15:00+00:00,820080,0,377.0,"[580, 580, 580, 580, 580, 110, 3280, 0, 0, 0, 0, 0, 340, 60, 360, 60, 3480, 3480, 3480, 60, 3480, 60, 60, 3480, 7350, 80, 80, 7350, 80, 80, 7350, 80, 7350, 7350, 7450, 7450, 7450, 7450, 7450, 0, 0, 0, 0, 0, 340, 340, 340, 340, 340, 280, 280, 280, 280, 280, 90, 90, 90, 90, 90, 60, 60, 60, 60, 60, 140, 140, 20, 20, 20, 20, 20, 880, 960, 960, 960, 960, 960, 640, 170, 170, 170, 170, 170, 14400, 70, 70, 70, 70, 70, 1430, 30, 30, 30, 30, 30, 2500, 2500, 2500, 2500, 2500, 130, 110, 110, 110, 110, 110, 3250, 2500, 2500, 2500, 2500, 3250, 3250, 3250, 2500, 3250, 3540, 0, 0, 0, 0, 0, 0, 0, 160, 160, 160, 160, 160, 5370, 5370, 5370, 5370, 5370, 8770, 1700, 1700, 8770, 8770, 1700, 8770, 1700, 8770, 1700, 770, 770, 770, 770, 770, 460, 460, 460, 460, 460, 8770, 7810, 7810, 7810, 7810, 7810, 400, 400, 400, 400, 400, 10, 10, 10, 10, 10, 820, 10, 10, 820, 10, 820, 820, 820, 10, 10, 20, 20, 20, 20, 20, 28890, 28890, 28890, 28890, 28890, 30, 30, 30, 30, 30, 570, 570, 570, 570, 570, 1850, 120, 120, 120, 120, 120, 220, 10, 10, 10, 10, 10, 170, 170, 170, 170, 170, 20, 19230, 3070, 20, 20, 19230, 19230, 19230, 20, 19230, 20, 60, 170, 60, 60, 60, 60, 3090, 3090, 3090, 3090, 3090, 40, 40, 40, 40, 40, 30, 30, 30, 30, 30, 3140, 3140, 2180, 2180, 2180, 2180, 2180, 810, 250, 810, 810, 250, 810, 250, 250, 810, 250, 3760, 270, 270, 270, 270, 270, 1950, 1950, 1950, 1950, 1950, 1970, 290, 290, 290, 290, 290, 250, 250, 250, 250, 250, 390, 40, 40, 40, 40, 40, 7580, 7580, 50, 7580, 7580, 50, 7580, 50, 50, 50, 330, 330, 330, 330, 330, 1350, 1350, 1350, 1350, 1350, 250, 250, 250, 250, 250, 3860, 3860, 3860, 3860, 3860, 1540, 1540, 40, 300, 890, 890, 890, 300, 890, 300, 890, 300, 300, 500, 7220, 500, 500, 500, 500, 10, 810, 810, 40, 40, 40, 40, 40, 360, 360, 360, 360, 360, 9610, 9610, 9610, 9610, 9610, 890, 2520, 2520, 2520, 2520, 2520, 9410, 9410, 9410, 9410, 9410, 40, 40, 40, 40, 40]"
2020-11-04 02:20:00+00:00,3171740,5,394.0,"[1140, 1140, 1140, 1140, 1140, 120, 460, 460, 460, 460, 460, 9410, 9410, 9410, 9410, 9410, 3550, 13850, 3550, 13850, 3550, 13850, 3550, 13850, 13850, 3550, 230, 230, 230, 230, 230, 70, 70, 4560, 4560, 4560, 4560, 4560, 1650, 1650, 1650, 1650, 1650, 200, 1450, 310, 310, 310, 310, 310, 8500, 8500, 8500, 8500, 8500, 850, 850, 850, 850, 850, 3550, 3550, 3550, 3550, 3550, 240, 3350, 3350, 3350, 3350, 3350, 7740, 5010, 5010, 5010, 7740, 5010, 7740, 7740, 5010, 7740, 400, 400, 400, 400, 400, 940, 40, 240, 40, 240, 40, 240, 240, 40, 240, 40, 1810, 1810, 1810, 1810, 1810, 100, 100, 100, 100, 100, 540, 1790, 540, 540, 540, 540, 40, 40, 40, 40, 40, 210, 30, 210, 30, 30, 30, 30, 210, 210, 210, 30, 30, 30, 30, 30, 3190, 28960, 28960, 28960, 28960, 28960, 220, 446630, 2340, 446630, 2340, 446630, 2340, 446630, 2340, 446630, 2340, 1510, 610, 610, 610, 610, 610, 1100, 1100, 1100, 1100, 1100, 30, 30, 30, 30, 30, 60, 3460, 580, 890, 580, 4470, 4470, 4470, 4470, 4470, 60, 10, 10, 60, 10, 10, 60, 10, 60, 60, 470, 20, 240, 240, 240, 240, 240, 60, 60, 70, 70, 70, 70, 70, 310, 310, 310, 310, 310, 20, 20, 20, 20, 20, 1040, 1040, 1040, 1040, 1040, 510, 50, 50, 50, 50, 50, 1110, 1110, 1110, 1110, 1110, 660, 660, 660, 660, 660, 180, 180, 180, 180, 180, 100, 100, 100, 100, 100, 420, 420, 420, 420, 420, 12040, 12040, 12040, 12040, 12040, 400, 400, 2090, 10, 10, 10, 10, 10, 60, 60, 60, 60, 60, 70, 0, 30, 0, 0, 0, 30, 30, 30, 30, 0, 10, 10, 10, 10, 10, 120, 120, 120, 120, 120, 5790, 80, 90, 90, 90, 90, 90, 310, 310, 310, 310, 310, 60, 60, 60, 60, 60, 30, 30, 30, 30, 30, 1790, 1790, 1790, 1790, 1790, 40, 40, 40, 40, 40, 20, 20, 20, 20, 20, 720, 220, 450, 2460, 5010, 2460, 20, 350, 350, 350, 350, 350, 160, 160, 160, 160, 160, 0, 30, 30, 30, 30, 510, 30, 510, 510, 510, 510, 510, 510, 510, 510, 510, 44320, 44320, 44320, 44320, 44320, 160, 160, 160, 200, 160, 160, 8340, 8340, 8340, 8340, 8340, 150, 150, 150, 150, 150, 0, 0, 0, 0, 0, 10, 1780, 1780, 1780, 1780, 1780, 60, 60, 20, 20, 20, 20, 20]"
2020-11-04 02:25:00+00:00,948730,0,301.0,"[40, 40, 40, 40, 40, 130, 130, 1180, 1180, 650, 650, 650, 650, 650, 20, 20, 20, 20, 20, 670, 670, 670, 670, 670, 400, 400, 400, 400, 400, 870, 2160, 2160, 2160, 2160, 2160, 880, 880, 880, 880, 880, 20, 20, 20, 20, 20, 19050, 19050, 19050, 19050, 19050, 19050, 19050, 19050, 19050, 19050, 270, 270, 270, 270, 270, 160, 480, 480, 480, 480, 480, 180, 180, 180, 180, 180, 320, 320, 320, 320, 320, 9670, 9670, 9670, 9670, 9670, 280, 280, 280, 280, 280, 430, 430, 500, 320, 320, 320, 320, 320, 180, 180, 180, 180, 180, 360, 190, 1150, 540, 540, 540, 540, 540, 7360, 7360, 7360, 7360, 7360, 1180, 1180, 1180, 1180, 1180, 520, 550, 10, 10, 10, 10, 10, 2550, 2550, 2550, 2550, 2550, 190, 2640, 2640, 2640, 2640, 2640, 1170, 21060, 21060, 21060, 21060, 21060, 21060, 21060, 21060, 21060, 21060, 0, 0, 0, 0, 0, 1690, 1690, 1690, 1690, 1690, 340, 340, 340, 340, 340, 5300, 5300, 5300, 5300, 5300, 8610, 8610, 8610, 8610, 8610, 260, 260, 260, 260, 260, 410, 760, 110, 110, 110, 110, 110, 460, 1660, 1660, 1660, 1660, 1660, 63360, 3160, 40, 40, 40, 40, 40, 180, 180, 180, 180, 180, 18620, 18620, 18620, 18620, 18620, 200, 200, 200, 200, 200, 500, 4260, 4260, 4260, 4260, 4260, 60, 60, 60, 60, 60, 2880, 2880, 2880, 2880, 2880, 1200, 1200, 1200, 1200, 1200, 1030, 30, 30, 30, 30, 30, 10, 280, 100, 100, 100, 100, 100, 840, 4170, 4170, 4170, 4170, 4170, 1450, 130, 1450, 290, 290, 290, 290, 290, 10, 10, 10, 10, 10, 280, 280, 280, 280, 280, 7140, 7140, 7140, 7140, 7140, 960, 40, 40, 40, 40, 40, 240, 1240, 240, 1240, 240, 1240, 240, 240, 1240, 1240, 3540, 2210, 2210, 2210, 2210, 2210, 50, 50, 50, 50, 50]"
2020-11-04 02:30:00+00:00,506910,0,307.0,"[10, 60, 60, 60, 60, 60, 7000, 7000, 40, 40, 40, 40, 40, 260, 260, 260, 260, 260, 1640, 1640, 1640, 1640, 1640, 1910, 1910, 1910, 1910, 1910, 100, 100, 100, 100, 100, 1310, 1310, 1310, 1310, 1310, 380, 380, 380, 380, 380, 1170, 1170, 1170, 1170, 1170, 790, 790, 20, 20, 20, 20, 6210, 6210, 6210, 6210, 6210, 1830, 4900, 190, 190, 190, 190, 190, 50, 1700, 7100, 7100, 7100, 7100, 7100, 520, 520, 520, 520, 520, 2810, 2810, 2810, 2810, 2810, 120, 120, 120, 120, 120, 1540, 360, 1910, 620, 620, 1910, 620, 1910, 620, 1910, 1910, 620, 16400, 90, 90, 90, 90, 90, 90, 90, 90, 90, 90, 400, 1640, 1640, 1640, 1640, 1640, 80, 60, 60, 60, 60, 60, 90, 90, 90, 90, 90, 20, 20, 20, 20, 20, 50, 430, 3500, 430, 3500, 700, 700, 430, 3500, 430, 700, 430, 3500, 700, 3500, 700, 20, 20, 20, 20, 20, 350, 890, 890, 890, 890, 890, 1470, 1470, 1470, 1470, 1470, 1770, 530, 530, 530, 530, 530, 100, 160, 1260, 160, 160, 1260, 160, 1260, 160, 1260, 1260, 30, 1880, 1880, 1880, 1880, 1880, 1470, 1470, 1470, 1470, 1470, 170, 170, 170, 170, 170, 10, 550, 550, 550, 550, 550, 130, 120, 120, 120, 120, 120, 2360, 10170, 10170, 10170, 10170, 10170, 30, 60, 60, 60, 60, 60, 5620, 9990, 5620, 5620, 5620, 9990, 9990, 9990, 9990, 5620, 2400, 2400, 2400, 2400, 2400, 100, 100, 100, 100, 100, 1090, 1090, 1090, 1090, 1090, 1780, 1780, 1780, 1780, 1780, 980, 980, 980, 980, 980, 8170, 8170, 8170, 8170, 8170, 640, 60, 60, 60, 60, 60, 560, 560, 560, 560, 560, 2110, 2110, 2110, 2110, 2110, 7100, 4910, 4910, 4910, 4910, 4910, 10, 10, 10, 10, 10, 30, 30, 100, 100, 100, 100, 100, 100, 220, 220, 220, 220, 220, 430, 430, 430, 430, 430]"
2020-11-04 02:35:00+00:00,873370,0,228.0,"[180, 120, 120, 120, 120, 120, 5610, 5610, 5610, 5610, 5610, 180, 180, 180, 180, 180, 30, 30, 30, 30, 30, 500, 500, 500, 500, 500, 560, 560, 560, 560, 560, 430, 70, 70, 70, 70, 70, 2630, 2630, 2630, 2630, 2630, 380, 380, 380, 380, 380, 310, 310, 310, 310, 310, 1940, 1940, 50, 50, 50, 50, 50, 2150, 2150, 2150, 2150, 2150, 200, 200, 200, 200, 200, 3710, 410, 410, 410, 410, 410, 8270, 8270, 8270, 8270, 8270, 420, 10, 580, 580, 580, 580, 580, 670, 140, 60, 80, 80, 110, 110, 110, 110, 110, 50, 3720, 3720, 3720, 3720, 3720, 80, 80, 3440, 3440, 3440, 3440, 3440, 0, 190, 190, 10, 10, 10, 10, 10, 20, 550, 1360, 1360, 1360, 1360, 1360, 99350, 99350, 99350, 99350, 99350, 2740, 2740, 2740, 2740, 2740, 2920, 2920, 2920, 2920, 2920, 7580, 7580, 7580, 7580, 7580, 16390, 16390, 16390, 16390, 16390, 180, 180, 180, 180, 180, 10, 2270, 2270, 2270, 2270, 2270, 240, 240, 240, 240, 240, 170, 170, 170, 170, 170, 210, 1960, 70, 70, 70, 70, 70, 2100, 100, 10, 10, 4230, 10, 10, 4230, 10, 470, 470, 470, 470, 470, 800, 800, 800, 800, 800, 6610, 780, 780, 780, 780, 780, 220, 220, 220, 220, 220, 2060, 60, 60, 60, 60, 60, 20, 1520, 1520, 1520, 1520, 1520, 8310, 50, 50, 50, 50, 50, 110, 50]"
2020-11-04 02:40:00+00:00,1048220,0,244.0,"[1890, 2240, 1890, 2240, 1890, 1890, 2240, 370, 2240, 2240, 1890, 5550, 5550, 5550, 5550, 5550, 450, 150, 150, 150, 150, 150, 270, 19330, 19330, 70, 70, 70, 70, 70, 640, 200, 200, 640, 640, 200, 640, 200, 640, 200, 20, 20, 20, 20, 20, 1780, 1780, 1780, 1780, 1780, 2340, 2340, 130, 130, 130, 130, 130, 890, 200, 200, 200, 200, 200, 390, 390, 390, 390, 390, 7560, 7560, 7560, 7560, 7560, 23780, 23780, 35820, 35820, 35820, 35820, 240, 950, 950, 950, 950, 950, 120, 120, 120, 120, 120, 20, 1660, 1660, 1660, 1660, 60, 60, 60, 60, 60, 310, 12180, 12180, 12180, 12180, 12180, 70, 70, 70, 70, 70, 1150, 40, 200, 200, 200, 200, 200, 40, 20, 20, 20, 20, 20, 4110, 4110, 5220, 4110, 5220, 4110, 5220, 5220, 4110, 5220, 20, 20, 20, 20, 20, 1280, 1280, 1280, 1280, 1280, 140, 140, 140, 140, 140, 0, 8800, 8800, 0, 8800, 0, 0, 8800, 0, 8800, 5900, 5900, 5900, 5900, 5900, 50, 50, 50, 50, 50, 510, 20, 320, 320, 20, 320, 320, 20, 320, 20, 20, 30, 70, 70, 70, 70, 70, 1090, 1090, 1090, 1090, 1090, 1350, 70, 430, 430, 430, 430, 430, 50760, 9480, 9480, 9480, 9480, 9480, 1170, 1170, 1170, 1170, 1170, 5360, 70, 70, 70, 70, 70, 53660, 53660, 53660, 53660, 53660, 20, 20, 1940, 14100, 14100, 14100, 14100, 14100, 60, 370, 7950, 370, 7950, 370, 7950, 370, 7950, 370, 7950, 30, 30, 30, 30, 30]"
2020-11-04 02:45:00+00:00,837540,0,250.0,"[70, 60, 60, 60, 60, 60, 40, 40, 40, 40, 40, 17970, 17970, 17970, 17970, 17970, 70, 70, 70, 70, 70, 3570, 3570, 3570, 3570, 3570, 110, 110, 110, 110, 110, 110, 500, 500, 500, 500, 500, 100, 100, 100, 100, 100, 310, 310, 310, 310, 310, 19400, 19400, 19400, 19400, 19400, 640, 640, 640, 640, 640, 0, 0, 0, 0, 0, 52710, 52710, 52710, 52710, 52710, 0, 550, 0, 0, 550, 550, 0, 550, 0, 550, 820, 40, 40, 40, 40, 40, 340, 50, 50, 340, 190, 190, 190, 190, 190, 900, 270, 230, 270, 900, 270, 270, 270, 20, 20, 20, 20, 20, 20, 20, 20, 20, 20, 740, 740, 200, 2760, 750, 750, 750, 750, 750, 150, 150, 150, 150, 150, 10250, 40, 10250, 20970, 20970, 20970, 20970, 20970, 340, 340, 340, 340, 340, 640, 520, 6420, 110, 110, 110, 110, 110, 17770, 17770, 17770, 17770, 17770, 80, 690, 80, 690, 80, 690, 80, 690, 80, 690, 60, 60, 60, 60, 60, 130, 1050, 1050, 1050, 1050, 1050, 2510, 130, 130, 130, 130, 130, 1430, 1430, 6130, 1430, 1430, 1430, 3780, 900, 180, 900, 3780, 180, 3780, 900, 3780, 180, 900, 900, 3780, 180, 180, 980, 980, 980, 980, 980, 3780, 3780, 3780, 3780, 3780, 100, 750, 320, 320, 320, 320, 320, 50, 150, 1260, 430, 430, 430, 430, 430, 290, 290, 290, 290, 290, 450, 450, 450, 450, 450, 210, 5070, 5070, 5070, 5070, 5070, 40, 40, 40, 40, 40, 1200, 1200, 1200, 1200, 1200, 2280]"
2020-11-04 02:50:00+00:00,199660,0,197.0,"[520, 520, 4330, 520, 520, 520, 8400, 720, 270, 110, 110, 270, 110, 110, 270, 270, 270, 110, 1650, 1650, 1650, 1650, 1650, 1230, 530, 530, 530, 530, 530, 860, 860, 860, 860, 860, 50, 50, 50, 50, 50, 3140, 3140, 3140, 3140, 3140, 120, 120, 120, 120, 120, 1230, 3140, 3140, 280, 70, 70, 70, 70, 70, 280, 40, 40, 40, 40, 40, 240, 240, 240, 240, 240, 1140, 1140, 1140, 1140, 1140, 600, 600, 600, 600, 600, 2980, 100, 160, 100, 160, 160, 100, 160, 160, 100, 100, 2360, 2360, 2360, 2360, 2360, 10, 2360, 2160, 3440, 290, 20, 20, 20, 20, 20, 10000, 310, 310, 310, 310, 310, 60, 60, 60, 60, 60, 3030, 30, 30, 30, 30, 30, 2550, 2550, 2550, 2550, 2550, 90, 90, 90, 90, 90, 220, 110, 110, 110, 110, 110, 20, 20, 20, 20, 20, 180, 180, 180, 180, 180, 640, 640, 640, 640, 640, 13540, 1440, 70, 70, 70, 70, 70, 4160, 4160, 4160, 4160, 4160, 120, 120, 120, 120, 120, 3580, 910, 3830, 3830, 3830, 3830, 3830, 100, 100, 100, 100, 100, 2150, 2150, 2150, 2150, 2150, 10, 10, 10, 10, 10, 180, 180, 180, 180, 180]"
2020-11-04 02:55:00+00:00,335010,0,277.0,"[290, 290, 290, 290, 290, 70, 740, 70, 740, 70, 740, 740, 70, 740, 70, 0, 0, 0, 0, 0, 180, 180, 180, 180, 180, 240, 240, 240, 240, 240, 20, 20, 20, 20, 20, 50, 50, 50, 50, 50, 250, 250, 250, 250, 250, 1150, 630, 1150, 1150, 1150, 1150, 1100, 1100, 1100, 1100, 1100, 260, 340, 260, 260, 260, 260, 2990, 80, 80, 80, 80, 80, 5720, 500, 500, 500, 500, 500, 30, 30, 30, 30, 30, 90, 90, 90, 90, 90, 0, 0, 200, 200, 0, 0, 0, 200, 200, 200, 30, 0, 40, 40, 40, 40, 40, 510, 510, 510, 510, 510, 40, 40, 40, 40, 40, 210, 210, 210, 210, 210, 7070, 7070, 7070, 7070, 7070, 1260, 2810, 2810, 2810, 2810, 2810, 670, 100, 100, 100, 100, 100, 10, 10, 10, 10, 10, 370, 370, 370, 370, 370, 250, 250, 250, 250, 250, 2200, 2200, 20, 20, 2200, 20, 2200, 20, 2200, 20, 2180, 2180, 2180, 2180, 2180, 80, 80, 80, 80, 80, 5600, 5600, 5600, 5600, 5600, 350, 350, 350, 350, 350, 2520, 2520, 2520, 2520, 2520, 120, 120, 120, 120, 120, 1560, 19010, 19010, 19010, 19010, 19010, 1670, 1670, 1670, 1670, 1670, 100, 160, 100, 100, 100, 100, 16620, 100, 100, 100, 100, 100, 110, 20, 110, 110, 20, 110, 20, 20, 20, 110, 40, 40, 40, 40, 40, 920, 920, 920, 920, 920, 760, 760, 760, 760, 20, 760, 210, 110, 110, 110, 110, 110, 380, 300, 300, 300, 300, 300, 880, 880, 880, 880, 880, 4010, 250, 250, 250, 250, 250, 10, 10, 10, 10, 10, 5140, 5140, 5140, 5140, 5140, 740, 280, 280, 280, 280, 280, 2520]"
2020-11-04 03:00:00+00:00,216490,0,171.0,"[10, 130, 10, 10, 130, 130, 130, 10, 10, 130, 370, 370, 2430, 80, 670, 670, 670, 670, 670, 80, 80, 80, 80, 80, 2610, 2610, 2610, 2610, 2610, 70, 70, 70, 70, 70, 360, 40, 40, 40, 40, 40, 1170, 1170, 1170, 1170, 1170, 230, 50, 50, 50, 230, 50, 230, 50, 230, 230, 20, 20, 20, 20, 20, 80, 80, 1300, 11560, 10, 10, 10, 10, 10, 620, 620, 620, 620, 620, 2780, 2780, 2780, 2780, 2780, 50, 50, 50, 50, 50, 520, 520, 520, 520, 520, 130, 130, 130, 130, 130, 370, 9080, 9080, 9080, 9080, 9080, 30, 40, 40, 40, 40, 40, 490, 490, 490, 490, 490, 3280, 3280, 3280, 3280, 3280, 570, 10, 10, 100, 100, 100, 100, 100, 1630, 1630, 1630, 1630, 1630, 410, 410, 410, 410, 410, 3810, 1120, 1120, 1120, 1120, 1120, 780, 780, 780, 780, 780, 70, 70, 70, 70, 70, 3700, 3700, 3700, 3700, 3700, 8120, 8120, 8120, 8120, 8120, 980, 980, 980, 980, 980, 10, 20, 20, 20, 20, 20]"
2020-11-04 03:05:00+00:00,239120,0,179.0,"[1300, 660, 660, 660, 660, 660, 380, 380, 380, 380, 380, 1990, 1990, 1990, 1990, 1990, 110, 130, 640, 640, 640, 640, 640, 4540, 4540, 4540, 4540, 4540, 10, 380, 380, 10, 380, 10, 10, 380, 10, 380, 930, 20, 20, 20, 20, 20, 3700, 1010, 1010, 610, 610, 610, 610, 610, 120, 70, 70, 70, 70, 70, 20, 20, 20, 20, 20, 240, 60, 60, 60, 60, 60, 250, 250, 250, 250, 250, 890, 890, 890, 890, 890, 700, 700, 700, 700, 700, 360, 360, 360, 360, 360, 60, 160, 60, 60, 60, 60, 60, 2220, 2220, 2220, 2220, 2220, 130, 130, 130, 130, 130, 30, 30, 30, 30, 30, 750, 750, 750, 750, 750, 1030, 1030, 20, 30, 1090, 1090, 1090, 1090, 1090, 2360, 200, 160, 160, 160, 160, 160, 4050, 4050, 4050, 4050, 4050, 800, 800, 800, 800, 800, 60, 60, 60, 60, 60, 140, 140, 140, 140, 140, 4050, 110, 110, 110, 110, 110, 700, 700, 700, 700, 700, 640, 640, 640, 640, 640, 20720, 20720, 20720, 20720, 20720, 4130, 260, 260, 260, 260, 260]"
2020-11-04 03:10:00+00:00,290570,0,125.0,"[0, 0, 0, 0, 0, 70, 70, 70, 70, 70, 11980, 11980, 11980, 11980, 11980, 60, 60, 60, 60, 60, 2460, 3550, 3550, 3550, 3550, 3550, 2580, 10, 10, 10, 10, 10, 10, 10, 10, 10, 10, 1950, 1950, 1950, 1950, 1950, 19590, 30, 30, 30, 30, 30, 250, 250, 250, 250, 250, 80, 80, 80, 80, 80, 40, 40, 40, 40, 40, 8420, 2430, 13640, 13640, 13640, 13640, 13640, 1110, 1110, 1110, 1110, 1110, 380, 500, 500, 500, 500, 500, 1650, 160, 160, 160, 160, 160, 110, 110, 110, 110, 110, 190, 190, 190, 190, 190, 0, 0, 2500, 160, 20, 460, 460, 460, 460, 460, 20, 460, 460, 460, 280, 460, 460, 2780, 620, 620, 620, 620, 620, 14180, 14180, 14180, 14180, 14180]"
2020-11-04 03:15:00+00:00,248620,0,174.0,"[1620, 1620, 1620, 1620, 1620, 150, 150, 150, 150, 150, 1530, 1530, 1530, 180, 180, 1530, 180, 180, 180, 1530, 30, 30, 30, 30, 30, 5920, 5920, 20, 380, 380, 380, 380, 380, 50, 180, 50, 180, 50, 180, 50, 180, 180, 50, 270, 1400, 1400, 1400, 1400, 1400, 25450, 25450, 25450, 25450, 25450, 90, 90, 90, 90, 90, 100, 20, 20, 20, 20, 20, 20, 20, 20, 20, 20, 660, 660, 660, 660, 660, 390, 1160, 1160, 50, 1620, 1620, 1620, 1620, 1620, 20, 20, 30, 20, 30, 30, 20, 30, 30, 20, 280, 280, 280, 280, 280, 570, 570, 570, 570, 570, 100, 100, 100, 100, 100, 40, 10, 3630, 3630, 170, 170, 170, 170, 170, 200, 250, 200, 250, 250, 250, 200, 250, 200, 200, 80, 80, 80, 80, 80, 60, 60, 60, 60, 60, 80, 30, 7220, 20140, 20, 20, 20, 20, 20, 0, 0, 0, 0, 0, 430, 430, 430, 430, 430, 50, 50, 3790, 3790, 3790, 3790, 3790, 40, 40, 40, 40, 40, 330, 330, 330, 330, 330]"
2020-11-04 03:20:00+00:00,306640,0,129.0,"[40, 1450, 1450, 1450, 1450, 1450, 490, 490, 490, 490, 490, 430, 430, 430, 430, 430, 580, 580, 580, 580, 580, 180, 180, 180, 180, 180, 60, 60, 60, 60, 60, 40, 40, 40, 40, 40, 4200, 4280, 22070, 22070, 22070, 22070, 22070, 150, 150, 150, 150, 150, 1720, 1720, 1720, 1720, 1720, 20, 20, 0, 0, 0, 0, 0, 4320, 4330, 4330, 4330, 4330, 4330, 60, 740, 240, 30, 15430, 15430, 15430, 15430, 15430, 5630, 5630, 5630, 5630, 5630, 440, 440, 440, 440, 440, 50, 50, 50, 50, 50, 4060, 440, 440, 440, 440, 440, 1080, 2010, 2010, 2010, 2010, 2010, 590, 590, 590, 590, 590, 30, 60, 60, 60, 60, 60, 100, 100, 100, 100, 100, 1080, 1080, 1080, 1080, 1080, 140, 170, 140, 140, 140, 140]"
2020-11-04 03:25:00+00:00,540790,0,188.0,"[40, 40, 2860, 2860, 40, 40, 2860, 2860, 2860, 40, 2960, 2960, 2960, 2960, 2960, 3330, 3330, 3330, 3330, 3330, 140, 2650, 100, 720, 140, 520, 520, 520, 520, 520, 3530, 3530, 3530, 3530, 3530, 330, 100, 100, 100, 100, 100, 100, 100, 100, 100, 100, 30, 30, 30, 30, 30, 90, 90, 90, 90, 90, 3960, 3960, 3960, 3960, 3960, 30, 30, 30, 30, 30, 50, 140, 140, 140, 140, 140, 150, 150, 150, 150, 150, 0, 630, 670, 670, 670, 670, 670, 220, 220, 220, 220, 220, 110, 3370, 3370, 3370, 3370, 3370, 2920, 320, 320, 320, 320, 320, 4480, 4480, 4480, 4480, 4480, 8260, 8260, 8260, 8260, 8260, 3150, 3150, 3150, 3150, 3150, 190, 490, 9440, 490, 9440, 490, 490, 9440, 490, 9440, 9440, 3760, 7300, 7300, 3760, 7300, 3760, 7300, 3760, 7300, 3760, 18640, 18640, 18640, 18640, 18640, 280, 280, 280, 280, 280, 270, 270, 270, 270, 270, 100, 20, 100, 20, 100, 20, 20, 100, 20, 100, 1390, 1390, 1390, 1390, 1390, 100, 100, 100, 100, 100, 1510, 1510, 1510, 1510, 1510, 250, 250, 250, 250, 250, 24700, 24700, 24700, 24700, 24700, 10]"
2020-11-04 03:30:00+00:00,151400,0,170.0,"[580, 580, 580, 580, 580, 240, 240, 240, 240, 240, 10, 10, 10, 10, 10, 120, 10, 3140, 10, 3140, 10, 3140, 3140, 10, 3140, 10, 1190, 1190, 1190, 1190, 1190, 110, 110, 110, 110, 110, 110, 110, 110, 110, 110, 20, 20, 20, 20, 20, 560, 560, 560, 560, 560, 140, 140, 140, 140, 140, 620, 2360, 2360, 2360, 2360, 2360, 150, 150, 150, 150, 150, 280, 280, 280, 280, 280, 1350, 20, 10, 10, 10, 10, 10, 210, 50, 50, 50, 50, 50, 480, 690, 190, 290, 160, 160, 160, 290, 290, 160, 290, 160, 290, 12480, 12480, 12480, 12480, 90, 12480, 8070, 1190, 1190, 1190, 1190, 1190, 20, 20, 20, 20, 20, 330, 330, 330, 330, 330, 50, 340, 230, 0, 0, 0, 0, 0, 0, 930, 930, 930, 930, 70, 70, 70, 70, 70, 230, 230, 230, 230, 230, 30, 30, 30, 30, 30, 240, 240, 240, 240, 240, 30, 30, 30, 30, 30, 40, 30, 2190, 2190, 2190, 2190, 2190, 810, 810, 810, 810, 810]"
2020-11-04 03:35:00+00:00,344740,0,171.0,"[10, 1840, 1840, 1840, 1840, 1840, 60, 60, 60, 60, 60, 430, 430, 430, 430, 430, 1840, 1840, 1840, 1840, 1840, 80, 80, 80, 80, 80, 0, 0, 0, 0, 0, 19870, 19870, 19870, 19870, 19870, 14910, 14910, 14910, 14910, 14910, 920, 920, 920, 920, 920, 50, 50, 50, 50, 50, 90, 140, 700, 700, 700, 700, 700, 0, 0, 0, 0, 0, 0, 0, 0, 0, 0, 20, 20, 20, 20, 20, 120, 80, 610, 610, 610, 610, 610, 160, 160, 160, 160, 160, 9440, 9440, 9440, 9440, 9440, 800, 800, 800, 800, 800, 4120, 4120, 4120, 4120, 4120, 410, 410, 410, 410, 410, 260, 260, 260, 260, 260, 150, 150, 150, 150, 150, 220, 480, 220, 480, 220, 480, 220, 220, 480, 480, 130, 130, 130, 130, 130, 5740, 1120, 1580, 10, 10, 10, 10, 10, 120, 120, 120, 120, 120, 10, 30, 260, 30, 260, 260, 30, 30, 260, 260, 30, 260, 260, 260, 260, 260, 100, 1950, 1950, 1950, 1950, 1950, 16050, 3810, 3810, 3810, 3810, 3810]"
2020-11-04 03:40:00+00:00,142580,0,111.0,"[10, 130, 8030, 7730, 290, 290, 290, 290, 290, 3840, 160, 160, 160, 160, 160, 80, 10920, 10920, 80, 10920, 80, 10920, 80, 10920, 80, 1180, 530, 530, 530, 530, 530, 190, 10, 10, 10, 10, 10, 330, 330, 330, 330, 330, 0, 0, 0, 0, 0, 230, 230, 230, 230, 230, 30, 30, 30, 30, 30, 6160, 320, 320, 320, 320, 320, 1540, 1540, 1540, 1540, 1540, 800, 320, 320, 320, 320, 320, 2680, 2680, 2680, 2680, 2680, 10, 10, 10, 10, 10, 90, 370, 170, 170, 170, 170, 170, 100, 100, 100, 100, 100, 50, 60, 60, 60, 60, 60, 190, 20, 20, 620, 4850, 4850, 4850, 4850, 4850]"
2020-11-04 03:45:00+00:00,163490,0,85.0,"[25320, 25320, 40, 1750, 260, 380, 380, 380, 380, 380, 150, 3660, 1820, 1820, 1820, 1820, 1820, 1300, 1300, 1300, 1300, 1300, 5920, 5920, 10, 10, 10, 10, 10, 0, 40, 20, 340, 140, 3640, 3640, 3640, 3640, 3640, 3580, 3580, 3580, 3580, 3580, 1080, 1080, 1080, 1080, 1080, 350, 350, 350, 350, 350, 110, 6480, 6480, 6480, 6480, 6480, 50, 50, 50, 50, 50, 70, 70, 70, 70, 70, 30, 30, 30, 30, 30, 70, 70, 70, 70, 70, 40, 40, 40, 40, 40]"
2020-11-04 03:50:00+00:00,201230,0,127.0,"[70, 70, 0, 0, 0, 0, 0, 210, 210, 210, 210, 210, 660, 660, 660, 660, 660, 10, 0, 1220, 10100, 10100, 590, 110, 6650, 6650, 6650, 6650, 6650, 670, 670, 670, 670, 670, 260, 260, 260, 260, 260, 1250, 4020, 4020, 4020, 4020, 4020, 470, 470, 470, 470, 470, 780, 780, 780, 780, 780, 4020, 4020, 4020, 4020, 4020, 4720, 4720, 4720, 4720, 4720, 70, 70, 70, 70, 70, 10, 10, 10, 10, 10, 70, 1130, 50, 740, 50, 740, 50, 740, 740, 50, 50, 740, 100, 30, 30, 30, 30, 30, 580, 580, 580, 580, 580, 9880, 9880, 9880, 9880, 9880, 150, 130, 130, 130, 130, 130, 120, 120, 120, 120, 120, 180, 180, 180, 180, 180, 80, 80, 80, 80, 80, 2350, 20, 2240]"
2020-11-04 03:55:00+00:00,340620,0,213.0,"[2180, 2180, 2180, 2180, 2180, 690, 690, 690, 690, 690, 1070, 1070, 1070, 1070, 1070, 90, 470, 470, 470, 470, 470, 300, 300, 300, 300, 300, 760, 760, 760, 760, 760, 0, 4140, 4140, 4140, 4140, 330, 4140, 71260, 71260, 290, 290, 290, 290, 290, 0, 0, 0, 0, 0, 20, 2410, 2840, 40, 40, 40, 40, 40, 1180, 1180, 1180, 1180, 1180, 230, 550, 550, 550, 550, 550, 480, 480, 410, 410, 480, 410, 480, 410, 480, 410, 480, 790, 790, 790, 790, 790, 410, 410, 410, 410, 410, 620, 620, 620, 620, 620, 5210, 5210, 5210, 5210, 40, 40, 40, 40, 40, 3830, 3830, 3830, 3830, 3830, 1900, 10, 10, 10, 10, 10, 280, 280, 280, 280, 280, 1080, 1080, 150, 150, 150, 150, 150, 350, 770, 350, 770, 350, 770, 350, 770, 350, 770, 2800, 2800, 2800, 2800, 2800, 80, 3110, 3110, 3110, 3110, 3110, 110, 0, 800, 130, 2160, 800, 2160, 800, 130, 800, 2160, 2160, 2160, 800, 1000, 1000, 1000, 1000, 1000, 190, 190, 190, 190, 190, 20, 20, 20, 20, 20, 2130, 2130, 2130, 2130, 2130, 140, 140, 140, 140, 140, 550, 180, 180, 180, 180, 180, 240, 240, 240, 240, 240, 80, 80, 80, 80, 80, 300, 300, 200, 300, 200, 300, 200, 200, 300, 200]"
2020-11-04 04:00:00+00:00,77780,0,115.0,"[340, 340, 1040, 1040, 40, 30, 30, 30, 30, 30, 160, 160, 160, 160, 160, 1760, 1760, 1760, 1760, 1760, 10, 10, 10, 10, 10, 340, 560, 560, 560, 560, 560, 1210, 1210, 1210, 1210, 1210, 1230, 60, 60, 60, 60, 440, 60, 60, 280, 1230, 1230, 1230, 1230, 1230, 130, 130, 130, 130, 130, 1310, 1310, 1310, 1310, 1310, 10, 10, 10, 10, 10, 370, 370, 370, 370, 370, 3640, 120, 120, 120, 120, 120, 250, 250, 10, 10, 10, 10, 10, 30, 30, 30, 30, 30, 40, 40, 40, 40, 40, 5040, 5040, 5040, 5040, 5040, 1050, 520, 520, 520, 520, 520, 290, 420, 420, 420, 420, 420, 410, 410, 410, 410, 410]"
2020-11-04 04:05:00+00:00,166460,0,139.0,"[1030, 1030, 1030, 1030, 1030, 820, 820, 820, 820, 820, 30, 30, 30, 30, 30, 250, 40, 210, 210, 210, 210, 210, 4120, 4120, 530, 6860, 6860, 6860, 6860, 6860, 740, 740, 740, 740, 740, 210, 210, 210, 210, 210, 1180, 1180, 50, 50, 50, 50, 50, 190, 190, 190, 190, 190, 340, 340, 340, 340, 340, 740, 40, 40, 40, 40, 40, 10, 10, 10, 10, 10, 530, 530, 530, 530, 1780, 530, 230, 230, 230, 230, 230, 4280, 4280, 4280, 4280, 4280, 420, 50, 50, 50, 50, 50, 4910, 4910, 4910, 4910, 4910, 6420, 70, 70, 70, 70, 70, 1230, 980, 980, 980, 980, 980, 180, 80, 80, 80, 80, 80, 30, 30, 30, 30, 30, 430, 430, 430, 430, 430, 80, 80, 80, 80, 80, 30, 30, 30, 30, 30, 270, 6570, 6570, 6570, 6570, 6570]"
2020-11-04 04:10:00+00:00,150910,0,109.0,"[1210, 1210, 1210, 1210, 1210, 70, 70, 70, 70, 70, 90, 80, 80, 80, 80, 80, 1050, 280, 60, 60, 60, 60, 60, 80, 80, 80, 80, 80, 880, 880, 880, 880, 880, 670, 14960, 4910, 3040, 210, 210, 210, 210, 210, 40, 3530, 30, 30, 30, 30, 30, 1500, 80, 80, 80, 80, 80, 0, 0, 0, 0, 0, 6760, 5470, 5470, 5470, 5470, 5470, 2890, 920, 380, 380, 380, 380, 380, 650, 650, 650, 650, 650, 560, 560, 220, 220, 220, 220, 220, 210, 210, 210, 210, 210, 1020, 20, 20, 20, 20, 20, 3260, 330, 330, 330, 330, 330, 100, 4870, 10000, 10000, 10000, 10000, 10000]"
2020-11-04 04:15:00+00:00,137590,0,97.0,"[1610, 1610, 1610, 1610, 1610, 230, 230, 230, 230, 230, 70, 70, 70, 70, 70, 20, 600, 600, 600, 600, 600, 270, 10, 10, 10, 10, 10, 3600, 280, 530, 530, 530, 530, 530, 30, 30, 30, 30, 30, 1770, 90, 90, 70, 60, 50, 4910, 60, 60, 60, 60, 60, 2810, 2810, 2810, 2810, 2810, 2810, 2810, 2810, 2810, 2810, 1110, 70, 70, 70, 70, 70, 400, 400, 400, 400, 400, 30, 20230, 10, 390, 37460, 190, 190, 190, 190, 190, 380, 50, 1480, 1480, 1480, 1480, 1480, 20, 200, 200, 200, 200, 200, 3140, 8060]"
2020-11-04 04:20:00+00:00,163910,0,90.0,"[100, 490, 260, 260, 260, 260, 260, 350, 1050, 1050, 1050, 1050, 1050, 12380, 12380, 16620, 870, 870, 870, 870, 870, 20780, 20, 20, 20, 20, 20, 870, 870, 870, 870, 870, 1810, 1810, 1810, 1810, 1810, 100, 100, 100, 100, 100, 500, 500, 500, 500, 500, 10, 140, 140, 140, 140, 140, 0, 0, 0, 0, 0, 10, 10, 10, 10, 10, 120, 120, 120, 120, 120, 120, 120, 120, 120, 120, 260, 260, 260, 260, 260, 230, 230, 230, 230, 230, 120, 120, 120, 120, 120, 34200, 34200]"
2020-11-04 04:25:00+00:00,25930,0,61.0,"[230, 230, 230, 230, 230, 590, 30, 200, 200, 200, 200, 200, 240, 240, 240, 240, 240, 30, 820, 820, 820, 820, 820, 960, 20, 20, 20, 20, 20, 100, 100, 100, 100, 100, 200, 200, 200, 200, 200, 0, 120, 720, 720, 720, 720, 720, 1950, 1950, 1950, 1950, 1950, 10, 10, 10, 10, 10, 350, 350, 350, 350, 350]"
2020-11-04 04:30:00+00:00,127420,0,73.0,"[470, 470, 240, 240, 240, 240, 240, 3470, 1100, 1100, 1100, 1100, 1100, 2460, 2460, 330, 7240, 7240, 110, 110, 110, 110, 110, 820, 820, 820, 820, 820, 7240, 1080, 70, 70, 70, 70, 70, 130, 130, 130, 130, 130, 5130, 360, 740, 2690, 2690, 2690, 2690, 2690, 350, 350, 350, 350, 350, 210, 210, 210, 210, 210, 1460, 1460, 1460, 1460, 1460, 80, 80, 80, 80, 80, 48430, 90, 90, 220, 3600]"
2020-11-04 04:35:00+00:00,168370,0,79.0,"[60, 60, 60, 60, 60, 60, 30, 30, 30, 30, 30, 90, 90, 90, 90, 90, 420, 420, 420, 420, 420, 11520, 3270, 3270, 3270, 3270, 3270, 340, 340, 340, 340, 340, 10, 10, 10, 10, 10, 360, 80, 550, 550, 550, 550, 550, 1280, 1280, 1280, 1280, 1280, 70, 4440, 3330, 3330, 3330, 3330, 3330, 4130, 4130, 4130, 4130, 4130, 10, 10, 10, 10, 10, 4130, 20, 90, 40, 40, 40, 40, 40, 15960, 15960, 15960, 15960, 15960]"
2020-11-04 04:40:00+00:00,217490,0,117.0,"[3410, 3410, 3410, 3410, 3410, 60, 60, 60, 60, 60, 820, 40, 1570, 20, 20, 20, 20, 20, 20, 20, 20, 20, 20, 830, 840, 840, 840, 840, 840, 2420, 1990, 250, 160, 250, 250, 250, 250, 220, 110, 110, 110, 110, 110, 150, 150, 150, 150, 150, 8820, 8820, 8820, 8820, 8820, 4470, 4470, 4470, 4470, 4470, 690, 80, 100, 140, 13930, 13930, 13930, 13930, 13930, 30, 60, 60, 60, 60, 60, 390, 390, 390, 390, 390, 140, 300, 4470, 200, 200, 200, 200, 200, 300, 50, 170, 90, 3570, 3570, 90, 3570, 90, 3570, 90, 90, 3570, 40, 40, 40, 40, 40, 210, 910, 910, 910, 910, 910, 720, 40, 3060, 3060, 3060, 3060, 3060]"
2020-11-04 04:45:00+00:00,32110,0,87.0,"[0, 0, 0, 0, 0, 160, 160, 160, 160, 160, 740, 140, 140, 140, 140, 140, 1200, 420, 420, 420, 420, 420, 640, 170, 170, 170, 170, 170, 1210, 160, 160, 160, 160, 160, 130, 130, 130, 130, 130, 10, 9480, 180, 180, 180, 180, 180, 30, 410, 410, 410, 410, 410, 3760, 220, 220, 220, 220, 220, 50, 50, 50, 50, 50, 60, 1800, 40, 40, 40, 40, 40, 470, 610, 170, 170, 170, 170, 170, 130, 130, 130, 130, 130, 40, 40, 40, 40, 40]"
2020-11-04 04:50:00+00:00,136000,0,88.0,"[110, 110, 110, 110, 110, 100, 100, 100, 100, 100, 2210, 2210, 2210, 2210, 2210, 1220, 16700, 16700, 16700, 16700, 16700, 220, 220, 220, 220, 220, 1240, 1240, 1240, 1240, 1240, 50, 50, 50, 50, 50, 120, 280, 280, 280, 280, 280, 40, 280, 280, 280, 280, 280, 830, 830, 830, 830, 830, 20, 20, 20, 20, 20, 20, 20, 12290, 130, 130, 130, 130, 130, 20, 920, 920, 920, 920, 920, 70, 70, 70, 70, 70, 420, 420, 420, 420, 420, 4070, 60, 60, 60, 60, 60]"
2020-11-04 04:55:00+00:00,85660,0,72.0,"[120, 120, 120, 120, 120, 100, 100, 100, 100, 100, 0, 170, 170, 0, 0, 0, 170, 170, 0, 170, 12530, 60, 60, 60, 60, 60, 2250, 2250, 2250, 2250, 2250, 270, 430, 380, 380, 380, 380, 380, 1140, 1140, 1140, 1140, 1140, 20, 440, 440, 440, 440, 440, 100, 100, 100, 100, 3870, 3870, 100, 3870, 3870, 3870, 12380, 12380, 400, 400, 400, 400, 400, 1900, 120, 120, 120, 120, 120]"
2020-11-04 05:00:00+00:00,155570,0,87.0,"[10, 180, 180, 180, 180, 180, 74010, 3760, 3760, 2210, 2210, 2210, 2210, 2210, 850, 4080, 40, 980, 980, 980, 980, 980, 0, 0, 0, 0, 0, 150, 50, 0, 0, 870, 0, 0, 870, 870, 870, 0, 870, 3950, 30, 30, 30, 30, 30, 2280, 2280, 2280, 2280, 2280, 30, 30, 30, 30, 30, 5780, 850, 850, 850, 850, 850, 1430, 50, 50, 50, 50, 50, 1500, 1500, 1500, 1500, 1500, 1460, 1460, 1460, 1460, 1460, 990, 990, 990, 990, 990, 110, 110, 110, 110, 110]"
2020-11-04 05:05:00+00:00,62240,0,75.0,"[2370, 6080, 6080, 370, 60, 960, 1270, 1270, 1270, 960, 960, 1270, 960, 960, 1270, 10, 10, 10, 10, 10, 1000, 1000, 1000, 1000, 1000, 340, 1000, 10, 50, 50, 50, 50, 50, 0, 0, 0, 0, 0, 40, 90, 90, 90, 90, 90, 1670, 1670, 1670, 1670, 1670, 4480, 210, 30, 80, 2550, 1870, 5590, 90, 90, 90, 90, 90, 270, 10, 10, 10, 10, 10, 90, 200, 4070, 140, 140, 140, 140, 140]"
2020-11-04 05:10:00+00:00,121920,0,80.0,"[570, 5740, 5740, 5740, 5740, 5740, 7900, 390, 390, 390, 390, 390, 920, 920, 390, 390, 390, 390, 390, 3380, 3380, 1130, 90, 90, 90, 90, 90, 2010, 2010, 2010, 2010, 2010, 60, 60, 360, 360, 360, 360, 360, 50, 50, 50, 50, 50, 3700, 3700, 3700, 3700, 3700, 3700, 3700, 3700, 3700, 3700, 950, 950, 950, 950, 950, 2020, 2020, 2020, 2020, 2020, 590, 590, 590, 590, 590, 1100, 230, 230, 230, 230, 230, 280, 280, 280, 280, 280]"
2020-11-04 05:15:00+00:00,215560,0,104.0,"[20, 20, 20, 20, 20, 10330, 10330, 10330, 10330, 10330, 9170, 20, 20, 20, 20, 20, 140, 140, 140, 140, 140, 10330, 10330, 10330, 10330, 10330, 1410, 1410, 1610, 1610, 1610, 1610, 1610, 490, 530, 530, 530, 530, 530, 3440, 3440, 2270, 2270, 10, 10, 10, 10, 10, 280, 280, 280, 280, 280, 1820, 1820, 1820, 1820, 1820, 10, 10, 10, 10, 10, 980, 0, 980, 0, 980, 0, 980, 980, 0, 0, 280, 280, 280, 280, 280, 160, 300, 300, 300, 300, 300, 3020, 3020, 3020, 3020, 3020, 5460, 5460, 5460, 5460, 5460, 3060, 3060, 3060, 3060, 3060, 100, 100, 100, 100, 100]"
2020-11-04 05:20:00+00:00,85190,0,82.0,"[10, 10, 10, 10, 10, 2540, 2540, 220, 220, 220, 220, 220, 3370, 3370, 3370, 3370, 3370, 170, 170, 170, 170, 170, 1610, 1610, 1610, 1610, 1610, 380, 380, 380, 380, 380, 3430, 9140, 1170, 310, 120, 40, 230, 230, 230, 230, 230, 0, 700, 700, 700, 700, 700, 10, 10, 10, 10, 10, 40, 40, 40, 40, 40, 280, 600, 600, 600, 600, 600, 50, 50, 50, 50, 50, 14370, 0, 2840, 2840, 2840, 2840, 2840, 20, 20, 20, 20, 20]"
2020-11-04 05:25:00+00:00,47720,0,96.0,"[1400, 3940, 410, 410, 410, 410, 410, 260, 260, 600, 600, 600, 600, 600, 1040, 220, 150, 150, 150, 150, 150, 670, 670, 670, 670, 670, 870, 870, 870, 870, 870, 30, 30, 30, 30, 30, 4900, 4900, 880, 880, 880, 880, 880, 240, 240, 240, 240, 240, 270, 270, 270, 270, 270, 2210, 1240, 600, 200, 60, 200, 200, 200, 200, 50, 50, 50, 50, 50, 10, 10, 10, 10, 10, 220, 220, 220, 220, 220, 160, 190, 40, 40, 40, 40, 40, 90, 90, 90, 90, 90, 830, 1010, 170, 170, 170, 170, 170]"
2020-11-04 05:30:00+00:00,128540,0,109.0,"[5780, 5780, 5780, 5780, 5780, 50, 50, 50, 50, 50, 1630, 40, 40, 40, 40, 40, 10, 10, 10, 10, 10, 1320, 1320, 1320, 1320, 1320, 0, 0, 0, 0, 0, 250, 250, 250, 250, 250, 1050, 1050, 1050, 1050, 1050, 60, 60, 60, 60, 60, 60, 60, 60, 60, 60, 3600, 770, 770, 770, 770, 770, 3640, 3640, 3640, 3640, 3640, 370, 370, 370, 370, 370, 40, 40, 40, 40, 40, 660, 660, 660, 660, 660, 2880, 5410, 5410, 5410, 5410, 5410, 830, 890, 890, 890, 890, 890, 640, 640, 640, 640, 640, 760, 760, 760, 760, 760, 300, 300, 300, 300, 300, 1820, 1820, 1820, 1820, 1820]"
2020-11-04 05:35:00+00:00,79110,0,79.0,"[360, 360, 360, 360, 360, 220, 220, 220, 220, 220, 50, 50, 50, 50, 50, 40, 40, 40, 40, 40, 7840, 7840, 7840, 7840, 7840, 60, 60, 60, 60, 60, 30, 30, 30, 30, 30, 10, 4210, 4210, 4210, 4210, 4210, 160, 20, 280, 280, 280, 280, 280, 60, 60, 60, 60, 60, 180, 180, 180, 180, 180, 2110, 2110, 2110, 2110, 2110, 20, 60, 60, 60, 60, 60, 20, 20, 20, 20, 20, 260, 260, 260, 260, 260]"
2020-11-04 05:40:00+00:00,241220,0,90.0,"[2840, 2840, 2840, 2840, 2840, 30, 260, 30, 260, 30, 260, 260, 30, 260, 30, 110, 110, 110, 110, 110, 3690, 240, 240, 240, 240, 240, 0, 0, 0, 0, 0, 22570, 22570, 22570, 22570, 22570, 3220, 3220, 3220, 3220, 3220, 180, 180, 180, 180, 180, 970, 970, 970, 970, 970, 280, 280, 280, 280, 280, 6780, 6780, 6780, 6780, 6780, 880, 880, 880, 880, 880, 180, 0, 0, 0, 0, 0, 2580, 2580, 2580, 2580, 2580, 4340, 4340, 4340, 4340, 4340, 310, 580, 310, 1950, 1950, 1950, 1950, 1950]"
2020-11-04 05:45:00+00:00,115540,0,70.0,"[70, 70, 70, 70, 70, 10, 100, 9750, 9750, 9750, 9750, 9750, 4210, 4210, 4210, 4210, 4210, 310, 310, 310, 310, 310, 840, 840, 840, 840, 840, 20, 20, 20, 20, 20, 40, 40, 40, 40, 40, 590, 150, 150, 150, 150, 150, 3300, 3300, 3300, 3300, 3300, 40, 0, 80, 80, 80, 80, 80, 640, 640, 640, 640, 640, 1040, 1040, 1040, 1040, 1040, 2510, 2510, 2510, 2510, 2510]"
2020-11-04 05:50:00+00:00,4760,0,17.0,"[30, 160, 200, 200, 200, 200, 200, 710, 2220, 100, 40, 70, 70, 70, 70, 70, 150]"
2020-11-04 05:55:00+00:00,54580,0,53.0,"[1740, 1740, 1740, 1740, 1740, 1080, 2090, 2090, 2090, 2090, 2090, 130, 130, 130, 130, 130, 10, 5270, 1240, 410, 670, 670, 670, 670, 670, 13410, 30, 30, 30, 30, 30, 690, 170, 120, 0, 0, 0, 120, 120, 0, 120, 120, 0, 2570, 10, 220, 510, 510, 510, 510, 510, 210, 2840]"
2020-11-04 06:00:00+00:00,35090,0,45.0,"[320, 510, 30, 220, 220, 220, 220, 220, 0, 110, 110, 110, 110, 110, 20, 20, 20, 20, 20, 100, 100, 100, 100, 100, 340, 0, 680, 260, 260, 260, 260, 260, 1950, 60, 5440, 5440, 5440, 5440, 5440, 350, 20, 20, 20, 20, 20]"
2020-11-04 06:05:00+00:00,48040,0,80.0,"[130, 1810, 750, 750, 750, 750, 750, 990, 990, 990, 990, 990, 2500, 100, 100, 100, 100, 100, 130, 130, 130, 130, 130, 2480, 2480, 2480, 2480, 2480, 760, 760, 760, 760, 760, 10, 10, 10, 10, 10, 20, 20, 20, 20, 20, 40, 990, 990, 990, 990, 990, 140, 140, 140, 140, 140, 730, 730, 730, 730, 730, 10, 10, 10, 10, 10, 960, 860, 860, 860, 860, 860, 520, 520, 520, 520, 520, 30, 30, 30, 30, 30]"
2020-11-04 06:10:00+00:00,87890,0,54.0,"[2350, 2350, 2350, 2350, 2350, 60, 90, 340, 30, 13380, 13380, 13380, 13380, 13380, 40, 40, 40, 40, 40, 820, 0, 0, 0, 0, 0, 170, 240, 220, 220, 220, 220, 220, 140, 140, 140, 140, 140, 280, 280, 280, 280, 280, 120, 560, 560, 560, 560, 560, 320, 170, 170, 170, 170, 170]"
2020-11-04 06:15:00+00:00,355090,0,56.0,"[3610, 3610, 3610, 3610, 3610, 42240, 42240, 42240, 42240, 42240, 2020, 4580, 4580, 4580, 4580, 4580, 230, 80, 4780, 4780, 4780, 4780, 4780, 80, 80, 80, 80, 80, 240, 240, 240, 240, 240, 500, 500, 500, 500, 500, 4700, 4700, 4700, 4700, 4700, 1730, 90, 90, 90, 90, 90, 1800, 8660, 8660, 8660, 8660, 8660, 1830]"
2020-11-04 06:20:00+00:00,45800,0,77.0,"[100, 100, 100, 100, 100, 20, 4740, 4740, 4740, 4740, 4740, 90, 90, 70, 70, 70, 70, 70, 20, 20, 20, 20, 20, 20, 20, 20, 20, 20, 430, 430, 430, 430, 430, 10, 10, 10, 10, 10, 1980, 190, 700, 700, 700, 700, 700, 10, 10, 10, 10, 10, 190, 190, 190, 190, 190, 50, 50, 50, 50, 50, 20, 20, 20, 20, 20, 2610, 210, 210, 210, 210, 210, 420, 1510, 1510, 1510, 1510, 1510]"
2020-11-04 06:25:00+00:00,75730,0,108.0,"[130, 130, 130, 130, 130, 4500, 4500, 4500, 4500, 4500, 100, 100, 100, 100, 100, 40, 60, 60, 60, 60, 60, 10, 10, 10, 10, 10, 860, 860, 860, 860, 860, 1510, 1510, 1510, 1510, 1510, 8630, 290, 290, 290, 290, 290, 480, 480, 480, 480, 480, 660, 660, 660, 660, 660, 160, 2110, 2110, 2110, 2110, 2110, 860, 860, 860, 860, 860, 230, 230, 230, 230, 230, 50, 50, 50, 50, 50, 540, 540, 540, 540, 540, 40, 40, 40, 40, 40, 40, 40, 40, 40, 40, 700, 700, 700, 700, 700, 0, 0, 0, 0, 0, 190, 190, 190, 190, 190, 20, 20, 20, 20, 20]"
2020-11-04 06:30:00+00:00,257160,0,61.0,"[500, 500, 500, 500, 500, 30420, 30420, 30420, 30420, 30420, 7640, 40, 40, 40, 40, 40, 60, 60, 60, 60, 60, 560, 560, 30, 30, 30, 30, 30, 2270, 5060, 5060, 5060, 5060, 5060, 3610, 3610, 3610, 3610, 3610, 10, 0, 0, 0, 0, 0, 790, 140, 1200, 1200, 1200, 1200, 1200, 290, 6880, 6880, 6880, 6880, 6880, 2460, 2460, 980]"
2020-11-04 06:35:00+00:00,421560,0,97.0,"[1740, 1740, 1740, 1740, 1740, 0, 0, 0, 0, 0, 2830, 2830, 2830, 2830, 2830, 7910, 7910, 7910, 7910, 7910, 6120, 0, 6260, 6260, 6260, 6260, 6260, 0, 6260, 6260, 6260, 6260, 6260, 940, 940, 940, 940, 940, 9300, 4980, 4980, 4980, 4980, 4980, 2040, 2040, 2040, 2040, 2040, 140, 140, 140, 140, 140, 3210, 3150, 1930, 1930, 1930, 1930, 1930, 680, 680, 680, 680, 680, 200, 200, 200, 200, 200, 36390, 36390, 36390, 36390, 36390, 30, 30, 30, 30, 30, 80, 2010, 2010, 2010, 2010, 2010, 470, 5130, 470, 470, 5130, 470, 5130, 470, 5130, 5130]"
2020-11-04 06:40:00+00:00,315840,0,95.0,"[6420, 170, 500, 500, 500, 500, 500, 170, 170, 170, 170, 170, 5560, 870, 870, 870, 870, 870, 600, 600, 600, 600, 600, 26690, 26690, 26690, 26690, 26690, 4290, 100, 100, 100, 100, 100, 1330, 13840, 13840, 13840, 13840, 13840, 1010, 20, 140, 140, 140, 140, 140, 710, 710, 320, 320, 320, 320, 710, 320, 710, 710, 270, 270, 270, 270, 270, 1020, 1020, 1020, 1020, 1020, 70, 70, 70, 70, 70, 240, 240, 240, 240, 240, 14350, 8560, 8560, 8560, 8560, 8560, 1670, 1670, 1670, 1670, 1670, 1670, 1670, 100, 100, 100, 100, 100]"
2020-11-04 06:45:00+00:00,85610,0,63.0,"[2570, 50, 50, 50, 50, 50, 3760, 3760, 3760, 3760, 3760, 1460, 1460, 1460, 1460, 1460, 2330, 700, 700, 700, 700, 700, 2570, 2570, 2570, 2570, 2570, 1170, 1170, 1170, 1170, 1170, 280, 280, 280, 280, 280, 850, 850, 850, 850, 850, 30, 7890, 450, 340, 340, 340, 340, 340, 720, 720, 720, 720, 720, 40, 170, 340, 340, 340, 340, 340, 10930]"
2020-11-04 06:50:00+00:00,55870,0,46.0,"[10, 10, 10, 10, 10, 170, 700, 700, 700, 700, 700, 850, 850, 850, 850, 850, 0, 0, 0, 0, 0, 380, 380, 380, 380, 380, 320, 320, 320, 320, 320, 3000, 3000, 3000, 3000, 3000, 80, 80, 80, 80, 80, 5800, 5800, 5800, 5800, 5800]"
2020-11-04 06:55:00+00:00,37380,0,71.0,"[780, 780, 780, 780, 780, 180, 180, 180, 180, 180, 960, 960, 960, 960, 960, 60, 280, 280, 60, 60, 280, 280, 60, 280, 60, 600, 600, 600, 600, 600, 470, 470, 470, 470, 470, 360, 360, 360, 360, 360, 670, 670, 670, 670, 670, 1290, 1290, 1290, 1290, 1290, 1550, 1550, 1550, 1550, 1550, 180, 180, 180, 180, 180, 70, 70, 70, 70, 70, 30, 20, 20, 20, 20, 20]"
2020-11-04 07:00:00+00:00,56650,0,45.0,"[190, 190, 190, 190, 190, 500, 500, 500, 500, 500, 100, 100, 100, 100, 100, 300, 300, 300, 300, 300, 80, 80, 80, 80, 80, 9580, 9580, 9580, 9580, 9580, 60, 60, 60, 60, 60, 460, 460, 460, 460, 460, 60, 60, 60, 60, 60]"
2020-11-04 07:05:00+00:00,98020,0,40.0,"[40, 1130, 1130, 1130, 1130, 1130, 9810, 9810, 9810, 9810, 9810, 190, 190, 190, 190, 190, 3730, 3730, 3730, 3730, 3730, 2320, 2320, 2320, 2320, 2320, 360, 360, 360, 360, 360, 1520, 3200, 3200, 470, 470, 470, 470, 470, 10]"
2020-11-04 07:10:00+00:00,213660,0,76.0,"[3020, 3020, 3020, 3020, 3020, 260, 260, 260, 260, 260, 220, 220, 220, 220, 220, 0, 0, 0, 0, 0, 10, 10, 10, 10, 10, 310, 90, 90, 90, 90, 90, 90, 90, 90, 90, 90, 60, 60, 60, 60, 60, 5040, 5040, 5040, 5040, 5040, 5040, 5040, 5040, 5040, 5040, 390, 390, 390, 390, 390, 3330, 3330, 3330, 3330, 3330, 110, 110, 110, 110, 110, 24590, 24590, 24590, 24590, 24590, 420, 420, 420, 420, 420]"
2020-11-04 07:15:00+00:00,203800,0,61.0,"[10, 10, 10, 10, 10, 30, 30, 30, 30, 30, 750, 330, 790, 790, 790, 790, 790, 20290, 20290, 20290, 20290, 20290, 2080, 2080, 2080, 2080, 2080, 100, 840, 840, 840, 840, 840, 990, 3150, 1220, 1220, 6070, 6070, 6070, 6070, 6070, 11610, 11610, 10, 1460, 40, 40, 40, 40, 40, 1800, 1800, 1800, 1800, 1800, 2320, 2320, 2320, 2320, 2320]"
2020-11-04 07:20:00+00:00,109780,0,39.0,"[21250, 3640, 3640, 3640, 3640, 3640, 130, 130, 130, 130, 130, 10, 10, 10, 10, 10, 700, 9200, 9200, 9200, 9200, 9200, 10, 10, 10, 10, 10, 0, 0, 0, 0, 0, 90, 90, 4540, 4540, 4540, 4540, 4540]"
2020-11-04 07:25:00+00:00,104190,0,52.0,"[0, 0, 0, 0, 0, 9440, 9440, 9440, 9440, 9440, 6340, 6340, 6340, 6340, 6340, 980, 120, 120, 120, 120, 120, 410, 410, 410, 410, 410, 360, 360, 360, 360, 360, 6560, 460, 460, 460, 460, 460, 330, 330, 330, 330, 330, 620, 620, 620, 620, 620, 1250, 1250, 1250, 1250, 1250]"
2020-11-04 07:30:00+00:00,108580,0,38.0,"[6060, 6060, 6060, 6060, 6060, 310, 310, 4990, 4990, 4990, 4990, 4990, 19360, 6340, 6340, 6340, 6340, 6340, 100, 100, 100, 100, 100, 70, 70, 70, 70, 70, 30, 30, 30, 30, 30, 130, 130, 130, 130, 130]"
2020-11-04 07:35:00+00:00,160450,0,44.0,"[980, 2370, 2370, 2370, 2370, 2370, 40, 40, 40, 40, 40, 100670, 770, 2880, 630, 630, 630, 630, 630, 140, 140, 60, 60, 140, 140, 140, 140, 140, 170, 170, 170, 170, 170, 0, 2990, 4610, 4610, 4610, 2990, 4610, 2990, 2990, 4610, 2990]"
2020-11-04 07:40:00+00:00,195030,0,44.0,"[0, 2990, 2990, 2990, 2990, 2990, 130, 130, 130, 130, 130, 180, 180, 180, 180, 180, 260, 260, 260, 260, 260, 4500, 4500, 4500, 4500, 4500, 10740, 6870, 6870, 6870, 6870, 6870, 20, 20, 20, 20, 20, 1720, 1720, 1720, 1720, 1720, 100670, 270]"
2020-11-04 07:45:00+00:00,7760,0,10.0,"[870, 2460, 140, 380, 360, 360, 360, 360, 360, 2110]"
2020-11-04 07:50:00+00:00,14390,0,24.0,"[470, 470, 470, 470, 470, 140, 140, 60, 11550, 0, 0, 0, 0, 0, 30, 30, 30, 30, 30, 0, 0, 0, 0, 0]"
2020-11-04 07:55:00+00:00,125470,0,39.0,"[13730, 13730, 13730, 13730, 13730, 3380, 3380, 3380, 3380, 3380, 50, 50, 50, 50, 50, 180, 180, 180, 180, 180, 3190, 3190, 3190, 3190, 3190, 350, 350, 3930, 3930, 3930, 3930, 3930, 0, 0, 0, 0, 0, 140, 2330]"
2020-11-04 08:00:00+00:00,119880,0,26.0,"[3000, 3000, 3000, 3000, 3000, 650, 200, 200, 200, 200, 200, 20, 20, 20, 20, 20, 1480, 30, 220, 16830, 16830, 16830, 16830, 16830, 420, 16830]"
2020-11-04 08:05:00+00:00,84040,0,45.0,"[30, 30, 30, 30, 30, 0, 850, 1450, 1450, 4800, 4800, 4800, 4800, 4800, 20, 20, 20, 20, 20, 3680, 3680, 3680, 3680, 3680, 4410, 4410, 4410, 4410, 4410, 580, 580, 580, 580, 580, 450, 450, 450, 450, 450, 3540, 1380, 1380, 1380, 1380, 1380]"
2020-11-04 08:10:00+00:00,70880,0,52.0,"[3330, 3330, 3330, 3330, 3330, 860, 860, 40, 40, 40, 40, 40, 50, 50, 140, 140, 140, 140, 140, 4470, 4470, 4470, 4470, 4470, 4470, 10, 10, 10, 10, 10, 1810, 1810, 1810, 1810, 1810, 40, 40, 40, 40, 40, 0, 3060, 3060, 3060, 3060, 3060, 0, 0, 0, 0, 0, 90]"
2020-11-04 08:15:00+00:00,97220,0,29.0,"[2540, 2540, 2540, 2540, 2540, 40, 370, 11620, 11620, 11620, 11620, 11620, 70, 70, 70, 70, 70, 1430, 1430, 1430, 1430, 1430, 3270, 3270, 3270, 3270, 3270, 350, 1810]"
2020-11-04 08:20:00+00:00,102600,0,53.0,"[680, 680, 680, 680, 680, 7770, 7770, 7770, 7770, 7770, 40, 40, 40, 40, 40, 20, 60, 60, 60, 60, 60, 30, 30, 30, 30, 30, 1810, 1440, 1440, 1440, 1440, 1440, 20, 20, 20, 20, 20, 280, 280, 280, 280, 280, 30, 30, 30, 30, 30, 8170, 8170, 8170, 8170, 8170, 8170]"
2020-11-04 08:25:00+00:00,30420,0,37.0,"[2850, 2850, 2850, 2850, 2850, 2410, 1810, 470, 470, 470, 470, 470, 890, 890, 890, 890, 890, 80, 80, 80, 80, 80, 140, 140, 140, 140, 140, 470, 470, 470, 470, 470, 340, 340, 340, 340, 340]"
2020-11-04 08:30:00+00:00,41000,0,28.0,"[30, 30, 30, 30, 30, 320, 320, 320, 320, 320, 6420, 6420, 6420, 6420, 6420, 30, 420, 0, 40, 40, 40, 40, 40, 1300, 1300, 1300, 1300, 1300]"
2020-11-04 08:35:00+00:00,103590,0,57.0,"[340, 340, 340, 340, 340, 200, 200, 200, 200, 200, 110, 110, 110, 110, 110, 20, 20, 20, 20, 20, 13480, 13480, 13480, 13480, 13480, 0, 0, 0, 0, 0, 650, 190, 20, 20, 20, 20, 20, 140, 140, 140, 140, 140, 5120, 5120, 5120, 5120, 5120, 820, 820, 820, 820, 820, 300, 300, 300, 300, 300]"
2020-11-04 08:40:00+00:00,20040,0,33.0,"[300, 300, 300, 300, 300, 20, 20, 20, 20, 20, 1960, 1960, 670, 670, 670, 670, 670, 240, 240, 240, 240, 240, 1390, 1390, 1390, 1390, 1390, 80, 80, 80, 80, 80, 2620]"
2020-11-04 08:45:00+00:00,53790,0,58.0,"[6120, 190, 1480, 1480, 1480, 1480, 1480, 1880, 1880, 1880, 1880, 1880, 1880, 160, 160, 160, 160, 160, 30, 30, 30, 30, 30, 20, 20, 20, 20, 20, 40, 40, 1060, 1060, 40, 40, 1060, 40, 1060, 1060, 610, 610, 610, 610, 610, 440, 440, 440, 440, 440, 3270, 3270, 3270, 3270, 3270, 130, 130, 130, 130, 130]"
2020-11-04 08:50:00+00:00,188040,0,68.0,"[840, 800, 40, 40, 40, 40, 40, 0, 0, 0, 0, 0, 92050, 240, 240, 240, 240, 240, 1220, 1220, 1220, 1220, 1220, 50, 20, 20, 20, 20, 20, 7760, 4430, 4430, 4430, 4430, 4430, 2290, 2290, 2290, 2290, 2290, 3330, 3330, 3330, 3330, 3330, 10, 10, 10, 10, 10, 830, 3270, 160, 160, 160, 160, 160, 3940, 3940, 3940, 3940, 3940, 20, 20, 20, 20, 20, 3940]"
2020-11-04 08:55:00+00:00,188700,0,82.0,"[27020, 12290, 12290, 12290, 12290, 12290, 410, 410, 410, 410, 410, 6400, 6400, 6400, 6400, 6400, 130, 130, 3420, 3420, 3420, 3420, 3420, 310, 310, 310, 310, 310, 140, 140, 140, 140, 140, 740, 740, 740, 740, 740, 3250, 3250, 3250, 3250, 3250, 340, 340, 340, 340, 340, 520, 520, 520, 520, 520, 670, 670, 190, 190, 190, 190, 190, 350, 820, 820, 820, 820, 820, 50, 40, 40, 80, 80, 700, 700, 700, 700, 700, 10, 10, 10, 10, 10, 11740]"
2020-11-04 09:00:00+00:00,112220,0,35.0,"[4030, 4030, 4760, 11320, 11320, 11320, 11320, 11320, 140, 4430, 4430, 4430, 4430, 4430, 3130, 3130, 3130, 3130, 3130, 50, 50, 50, 50, 50, 530, 40, 40, 2350, 550, 550, 110, 110, 110, 110, 110]"
2020-11-04 09:05:00+00:00,47370,0,53.0,"[40, 40, 40, 40, 40, 60, 60, 60, 60, 60, 1550, 1550, 1550, 1550, 1550, 1610, 1610, 1610, 1610, 1610, 60, 60, 60, 60, 60, 180, 180, 180, 180, 180, 60, 570, 570, 60, 60, 570, 60, 60, 570, 570, 3390, 3390, 3390, 3090, 3090, 3090, 3090, 3090, 220, 220, 220, 220, 220]"
2020-11-04 09:10:00+00:00,113990,0,73.0,"[900, 900, 900, 900, 900, 2830, 2830, 7950, 300, 300, 7950, 7950, 7950, 7950, 7950, 190, 540, 540, 540, 540, 540, 1260, 1260, 1260, 1260, 1260, 640, 640, 640, 640, 640, 230, 230, 230, 230, 230, 170, 170, 170, 170, 170, 180, 180, 180, 180, 180, 5320, 5320, 5320, 5320, 5320, 1100, 1100, 1100, 1100, 1100, 0, 0, 0, 0, 0, 210, 210, 210, 210, 210, 50, 50, 50, 50, 50, 3420, 3420]"
2020-11-04 09:15:00+00:00,75890,0,43.0,"[60, 60, 60, 60, 60, 8540, 8540, 8540, 8540, 8540, 2470, 1360, 1360, 640, 640, 640, 640, 640, 3570, 3570, 3570, 3570, 3570, 330, 330, 330, 330, 330, 330, 330, 330, 330, 330, 180, 180, 180, 180, 180, 490, 490, 490, 490, 490]"
2020-11-04 09:20:00+00:00,202900,0,61.0,"[500, 2790, 2790, 2790, 2790, 2790, 8940, 8940, 8940, 8940, 8940, 60, 60, 60, 60, 60, 640, 640, 640, 640, 640, 120, 120, 120, 120, 120, 780, 780, 780, 780, 780, 1870, 1870, 1870, 1870, 1870, 23320, 23320, 23320, 23320, 23320, 10, 10, 10, 10, 10, 70, 70, 70, 70, 70, 60, 60, 60, 60, 60, 1820, 1820, 1820, 1820, 1820]"
2020-11-04 09:25:00+00:00,25320,0,61.0,"[1670, 1670, 1670, 1670, 1670, 750, 750, 240, 240, 520, 520, 520, 520, 520, 0, 0, 30, 30, 30, 30, 30, 0, 0, 30, 30, 30, 30, 30, 0, 0, 0, 0, 0, 320, 320, 320, 320, 320, 120, 120, 120, 120, 120, 0, 0, 210, 1440, 1440, 1440, 1440, 1440, 20, 10, 10, 400, 400, 400, 400, 400, 250, 190]"
2020-11-04 09:30:00+00:00,131920,0,51.0,"[420, 420, 420, 420, 420, 9100, 9100, 9100, 9100, 9100, 310, 310, 310, 310, 310, 220, 4220, 4220, 4220, 4220, 4220, 300, 120, 120, 300, 120, 300, 120, 120, 300, 300, 4860, 4860, 4860, 4860, 4860, 3140, 3140, 3140, 3140, 3140, 3370, 3370, 3370, 3370, 3370, 500, 500, 500, 500, 500]"
2020-11-04 09:35:00+00:00,59880,0,23.0,"[400, 400, 400, 400, 400, 80, 80, 80, 80, 80, 770, 2450, 2450, 2450, 2450, 2450, 30, 30, 8880, 8880, 8880, 8880, 8880]"
2020-11-04 09:40:00+00:00,84620,0,41.0,"[3390, 3390, 3390, 3390, 3390, 340, 340, 340, 340, 340, 9770, 1710, 1710, 1710, 1710, 1710, 9770, 3530, 470, 470, 470, 470, 470, 100, 100, 50, 50, 50, 50, 50, 100, 1490, 1490, 1490, 1490, 1490, 4800, 4800, 4800, 4800, 4800]"
2020-11-04 09:45:00+00:00,292540,0,43.0,"[30, 30, 2890, 2890, 2890, 2890, 2890, 2150, 2150, 2150, 2150, 2150, 41620, 41620, 41620, 41620, 41620, 50, 50, 50, 50, 50, 2840, 780, 2840, 2840, 2840, 2840, 30, 30, 30, 30, 30, 2440, 2440, 2440, 2440, 2440, 6320, 6320, 6320, 6320, 6320]"
2020-11-04 09:50:00+00:00,462550,0,100.0,"[120, 250, 250, 250, 250, 250, 1160, 74160, 74160, 410, 410, 410, 410, 410, 240, 240, 240, 240, 240, 400, 400, 400, 400, 400, 3970, 2350, 2350, 2350, 2350, 2350, 100, 100, 100, 100, 100, 1840, 32220, 1840, 1840, 32220, 1840, 32220, 32220, 32220, 1840, 1840, 1840, 1840, 1840, 1840, 410, 410, 410, 410, 410, 3040, 3040, 3040, 3040, 3040, 110, 110, 110, 110, 110, 110, 12430, 12430, 12430, 12430, 12430, 220, 220, 220, 220, 220, 2450, 2450, 2450, 2450, 2450, 3360, 0, 0, 0, 0, 0, 3500, 3500, 60, 60, 60, 60, 60, 60, 1320, 1320, 1320, 1320, 1320]"
2020-11-04 09:55:00+00:00,189790,0,65.0,"[8860, 8860, 8860, 8860, 8860, 530, 530, 530, 530, 530, 4080, 4440, 4440, 4440, 4440, 4440, 1840, 1840, 1840, 1840, 1840, 2360, 2360, 2360, 2360, 2360, 970, 970, 970, 970, 970, 970, 970, 970, 970, 970, 1710, 1710, 480, 480, 480, 480, 480, 4310, 4310, 4310, 4310, 4310, 1790, 1790, 1790, 1790, 1790, 160, 29630, 3930, 3930, 3930, 3930, 3930, 20, 20, 20, 20, 20]"
2020-11-04 10:00:00+00:00,58060,0,45.0,"[910, 780, 780, 780, 780, 780, 680, 6100, 520, 520, 520, 520, 520, 3780, 3780, 3780, 3780, 3780, 2600, 2600, 2600, 2600, 2600, 360, 360, 360, 360, 360, 390, 390, 390, 390, 390, 4700, 140, 140, 140, 140, 140, 470, 470, 470, 470, 470, 470]"
2020-11-04 10:05:00+00:00,24430,0,25.0,"[2450, 260, 260, 260, 260, 260, 100, 100, 70, 70, 70, 70, 70, 20, 2630, 2630, 2630, 2630, 2630, 310, 1330, 1330, 1330, 1330, 1330]"
2020-11-04 10:10:00+00:00,205860,0,25.0,"[240, 240, 240, 240, 240, 80, 80, 350, 350, 350, 350, 350, 600, 600, 2000, 32460, 32460, 32460, 32460, 32460, 7450, 7450, 7450, 7450, 7450]"
2020-11-04 10:15:00+00:00,174650,0,25.0,"[17800, 1180, 3600, 3600, 3600, 3600, 3600, 70, 70, 22640, 22640, 22640, 22640, 22640, 1420, 1420, 1420, 1420, 1420, 1730, 3100, 3100, 3100, 3100, 3100]"
2020-11-04 10:20:00+00:00,171120,0,67.0,"[22640, 22640, 22640, 22640, 22640, 900, 900, 900, 900, 900, 1500, 1500, 1500, 1500, 1500, 630, 630, 630, 630, 630, 20, 20, 20, 20, 20, 1100, 1100, 1100, 1100, 1100, 3990, 1100, 30, 30, 30, 30, 1100, 1100, 1100, 1100, 30, 1100, 20, 20, 20, 20, 20, 2350, 2350, 2350, 2350, 2350, 100, 100, 100, 100, 100, 20, 20, 1350, 1350, 8890, 490, 490, 490, 490, 490]"
2020-11-04 10:25:00+00:00,190310,0,46.0,"[4020, 3060, 3060, 3060, 3060, 3060, 4090, 4090, 4090, 4090, 4090, 130, 130, 130, 130, 130, 10, 4490, 4490, 4490, 4490, 4490, 240, 240, 240, 240, 240, 10, 10, 1470, 1470, 1470, 1470, 1470, 11850, 11850, 11850, 11850, 11850, 11850, 11850, 11850, 11850, 11850, 180, 180]"
2020-11-04 10:30:00+00:00,14550,0,35.0,"[1280, 1280, 1280, 1280, 1280, 20, 20, 20, 20, 20, 470, 470, 470, 470, 470, 470, 470, 470, 470, 470, 150, 150, 150, 150, 150, 190, 190, 190, 190, 190, 330, 330, 330, 330, 330]"
2020-11-04 10:35:00+00:00,81950,0,64.0,"[100, 100, 100, 100, 100, 550, 550, 1310, 1310, 1310, 1310, 1310, 20, 20, 20, 20, 20, 4070, 4070, 4070, 4070, 4070, 1400, 1400, 1400, 1400, 1400, 20, 20, 20, 20, 20, 10, 10, 10, 10, 10, 4340, 350, 350, 350, 350, 350, 1630, 1630, 1630, 1630, 1630, 2730, 2730, 2730, 2730, 2730, 0, 0, 0, 0, 0, 1110, 3440, 3440, 3440, 3440, 3440]"
2020-11-04 10:40:00+00:00,45520,0,67.0,"[90, 90, 90, 90, 90, 40, 0, 40, 40, 40, 40, 2940, 2940, 2940, 2940, 2940, 30, 30, 30, 30, 30, 1580, 1580, 1580, 1580, 1580, 10, 10, 10, 10, 10, 0, 0, 0, 0, 0, 2440, 2440, 2440, 2440, 2440, 0, 0, 0, 0, 0, 30, 30, 30, 30, 30, 1170, 270, 270, 270, 270, 270, 270, 270, 270, 270, 270, 1170, 1170, 1170, 1170, 1170]"
2020-11-04 10:45:00+00:00,52890,0,36.0,"[1550, 1550, 970, 970, 970, 970, 970, 970, 880, 880, 880, 880, 880, 0, 0, 1090, 1090, 1090, 1090, 1090, 1020, 4410, 4410, 4410, 4410, 4410, 1020, 1020, 1020, 1020, 1020, 1190, 1190, 1190, 1190, 1190]"
2020-11-04 10:50:00+00:00,75500,0,52.0,"[330, 330, 330, 330, 330, 420, 420, 420, 420, 420, 0, 0, 40, 40, 40, 40, 40, 30, 30, 30, 30, 30, 3000, 3000, 3000, 3000, 3000, 1070, 1070, 1070, 1070, 1070, 3200, 3200, 3200, 3200, 3200, 210, 210, 210, 210, 210, 6740, 6740, 6740, 6740, 6740, 60, 60, 60, 60, 60]"
2020-11-04 10:55:00+00:00,31780,0,38.0,"[10, 10, 10, 10, 10, 520, 520, 450, 450, 450, 450, 450, 4590, 4590, 1620, 1620, 1620, 1620, 1620, 150, 150, 150, 150, 150, 40, 40, 40, 40, 40, 1560, 1560, 1560, 1560, 1560, 1560, 730, 60, 60]"
2020-11-04 11:00:00+00:00,14970,0,41.0,"[2520, 2520, 2520, 2520, 2520, 90, 90, 90, 90, 90, 20, 20, 20, 20, 20, 150, 150, 150, 150, 150, 60, 60, 60, 60, 60, 70, 70, 70, 70, 70, 70, 0, 0, 0, 0, 0, 70, 70, 70, 70, 70]"
2020-11-04 11:05:00+00:00,25020,0,26.0,"[560, 560, 560, 560, 560, 2210, 2210, 2210, 2210, 2210, 50, 50, 50, 50, 50, 3460, 3460, 1800, 1800, 50, 50, 60, 60, 60, 60, 60]"
2020-11-04 11:10:00+00:00,52450,0,22.0,"[50, 50, 50, 50, 50, 550, 550, 550, 550, 550, 900, 900, 10, 10, 10, 10, 10, 9520, 9520, 9520, 9520, 9520]"
2020-11-04 11:15:00+00:00,4850,0,10.0,"[150, 150, 150, 150, 150, 820, 820, 820, 820, 820]"
2020-11-04 11:20:00+00:00,121830,0,49.0,"[2850, 2850, 2850, 2850, 2850, 3640, 3640, 3640, 3640, 3640, 5660, 5660, 5660, 5660, 5660, 1480, 1480, 1480, 1480, 1480, 550, 550, 550, 550, 550, 17190, 5310, 120, 120, 120, 120, 120, 110, 110, 110, 110, 110, 0, 0, 0, 0, 0, 19250, 3830, 840, 840, 840, 840, 840]"
2020-11-04 11:25:00+00:00,113490,0,60.0,"[4360, 4360, 4360, 4360, 4360, 0, 0, 0, 0, 0, 40, 40, 40, 40, 40, 100, 100, 100, 100, 100, 8140, 8140, 8140, 8140, 8140, 12290, 100, 100, 100, 100, 100, 2870, 100, 0, 0, 0, 0, 0, 8140, 8140, 90, 90, 90, 90, 90, 3060, 3060, 3060, 3060, 3060, 170, 170, 170, 170, 170, 330, 330, 330, 330, 330]"
2020-11-04 11:30:00+00:00,32020,0,39.0,"[4900, 10, 10, 10, 10, 10, 300, 130, 130, 130, 130, 130, 1890, 1890, 1890, 1890, 1890, 100, 100, 100, 100, 100, 500, 500, 500, 500, 500, 150, 150, 150, 150, 150, 190, 2840, 4260, 4260, 170, 1200, 0]"
2020-11-04 11:35:00+00:00,179180,0,63.0,"[10, 10, 10, 10, 10, 10, 10, 10, 10, 10, 420, 10, 1130, 1130, 1130, 1130, 1130, 50, 50, 50, 50, 50, 1130, 4040, 4040, 4040, 4040, 4040, 10, 10, 10, 10, 10, 1130, 1130, 1130, 1130, 1130, 24940, 24940, 24940, 24940, 24940, 120, 120, 120, 120, 120, 210, 2510, 2510, 2510, 2510, 2510, 3810, 3810, 0, 0, 0, 0, 0, 20, 20]"
2020-11-04 11:40:00+00:00,311320,0,41.0,"[2760, 2760, 2760, 2760, 2760, 17590, 17590, 17590, 17590, 17590, 2440, 2440, 2440, 2440, 2440, 4090, 4090, 4090, 4090, 4090, 30, 30, 30, 30, 30, 10, 10, 10, 10, 10, 100, 100, 100, 100, 100, 29370, 29370, 29370, 29370, 29370, 29370]"
2020-11-04 11:45:00+00:00,275350,0,93.0,"[4700, 4700, 4700, 4700, 4700, 14990, 14990, 14990, 14990, 14990, 180, 180, 180, 180, 180, 0, 4260, 4260, 4260, 4260, 4260, 7450, 7450, 7450, 7450, 7450, 10, 10, 10, 10, 10, 380, 380, 380, 380, 380, 3290, 730, 730, 3290, 1700, 730, 1700, 730, 3290, 1700, 1700, 730, 3290, 1700, 3290, 2510, 2510, 2510, 2510, 2510, 400, 400, 1530, 1530, 1530, 1530, 1530, 1750, 1750, 1750, 1750, 1750, 1360, 1360, 1360, 1360, 1360, 1800, 1800, 1800, 1800, 1800, 60, 60, 60, 60, 60, 8200, 8200, 8200, 8200, 8200, 10, 10, 10, 10, 10]"
2020-11-04 11:50:00+00:00,343990,0,99.0,"[890, 890, 890, 890, 890, 80, 80, 80, 80, 80, 240, 240, 70, 70, 50, 70, 50, 50, 70, 50, 50, 70, 4440, 4440, 290, 290, 290, 290, 290, 7700, 7700, 7700, 7700, 7700, 5510, 5510, 5510, 5510, 5510, 210, 210, 210, 210, 210, 8170, 8170, 760, 210, 210, 210, 210, 210, 1360, 290, 290, 290, 290, 290, 3860, 3860, 15000, 15000, 15000, 15000, 15000, 2060, 2060, 2060, 2060, 2060, 1780, 1780, 80, 80, 80, 80, 80, 60, 60, 60, 60, 60, 2520, 8170, 1200, 1200, 1200, 1200, 8170, 1200, 8170, 8170, 8170, 15960, 15960, 15960, 15960, 15960, 13220]"
2020-11-04 11:55:00+00:00,384190,0,54.0,"[890, 890, 890, 890, 890, 1270, 1270, 1270, 1270, 1270, 7320, 7320, 7320, 7320, 7320, 30, 30, 30, 30, 30, 800, 800, 800, 800, 800, 56140, 56140, 56140, 56140, 56140, 2130, 2130, 2130, 2130, 2130, 630, 630, 630, 630, 630, 3820, 3820, 5010, 5010, 5010, 5010, 5010, 130, 130, 130, 130, 130, 2400, 2400]"
2020-11-04 12:00:00+00:00,239710,0,86.0,"[3400, 3400, 3400, 0, 3400, 3400, 3380, 3380, 3380, 3380, 3380, 1430, 1430, 1430, 1430, 1430, 1940, 1940, 1940, 1940, 1940, 2040, 2040, 2040, 2040, 2040, 2590, 2590, 2590, 2590, 2590, 510, 510, 760, 760, 760, 760, 760, 40, 40, 40, 40, 40, 2590, 12740, 12740, 12740, 12740, 12740, 2100, 2100, 2100, 2100, 2100, 4570, 4570, 4570, 4570, 4570, 1790, 1790, 1790, 1790, 1790, 50, 50, 50, 50, 50, 10300, 10300, 3240, 3240, 3240, 3240, 3240, 3000, 3000, 3000, 3000, 3000, 30, 30, 30, 30, 30]"
2020-11-04 12:05:00+00:00,51420,0,43.0,"[40, 40, 40, 40, 40, 90, 90, 90, 90, 90, 3040, 3040, 130, 130, 130, 130, 130, 20, 20, 20, 20, 20, 30, 30, 30, 30, 30, 860, 860, 860, 860, 860, 2760, 2760, 2760, 2760, 2760, 5020, 5020, 5020, 5020, 5020, 590]"
2020-11-04 12:10:00+00:00,26910,0,41.0,"[390, 390, 390, 390, 390, 0, 0, 0, 0, 0, 0, 0, 0, 0, 0, 150, 4520, 4520, 2360, 2360, 2360, 2360, 2360, 40, 40, 40, 40, 40, 270, 270, 270, 270, 270, 10, 180, 180, 410, 410, 410, 410, 410]"
2020-11-04 12:15:00+00:00,80020,0,46.0,"[7380, 10, 10, 7380, 20, 20, 20, 20, 20, 90, 90, 90, 90, 90, 7380, 140, 140, 140, 140, 140, 5310, 160, 160, 160, 160, 160, 5310, 5310, 5310, 5310, 5310, 2700, 2700, 2700, 2700, 2700, 40, 40, 40, 40, 40, 2050, 2050, 2050, 2050, 2050]"
2020-11-04 12:20:00+00:00,47250,0,71.0,"[100, 100, 100, 100, 100, 90, 90, 90, 90, 90, 170, 170, 170, 170, 170, 0, 0, 0, 0, 0, 110, 110, 110, 110, 110, 830, 830, 20, 830, 20, 830, 20, 830, 20, 20, 100, 90, 90, 90, 90, 90, 310, 310, 310, 310, 310, 40, 40, 40, 40, 40, 3410, 3410, 3410, 3410, 3410, 1260, 1260, 1260, 1260, 1260, 190, 190, 190, 190, 190, 2810, 2810, 2810, 2810, 2810]"
2020-11-04 12:25:00+00:00,141160,0,35.0,"[3580, 3580, 3580, 3580, 3580, 5310, 12360, 12360, 12360, 12360, 12360, 6960, 6960, 6960, 6960, 6960, 6960, 640, 640, 640, 640, 640, 60, 120, 120, 120, 120, 120, 700, 700, 700, 700, 700, 3030, 4000]"
2020-11-04 12:30:00+00:00,220220,0,41.0,"[3880, 330, 330, 330, 330, 330, 200, 200, 200, 200, 200, 590, 590, 590, 590, 590, 20, 11320, 11320, 20050, 20050, 20050, 20050, 20050, 31140, 31140, 2920, 2920, 2920, 2920, 2920, 30, 30, 30, 30, 30, 2160, 2160, 2160, 2160, 2160]"
2020-11-04 12:35:00+00:00,227580,0,63.0,"[630, 10, 10, 10, 10, 10, 0, 0, 7400, 7400, 7400, 7400, 7400, 2100, 2100, 2100, 2100, 2100, 350, 3950, 3950, 4880, 4880, 4880, 4880, 4880, 35690, 60, 60, 60, 60, 60, 3420, 3420, 3420, 3420, 3420, 4460, 4460, 4460, 4460, 4460, 7540, 7540, 7540, 7540, 7540, 90, 90, 90, 90, 90, 4460, 5730, 5730, 5730, 5730, 5730, 20, 20, 20, 20, 20]"
2020-11-04 12:40:00+00:00,145180,0,52.0,"[0, 30, 30, 30, 30, 30, 7460, 7460, 7460, 7460, 7460, 10, 10, 10, 10, 10, 2520, 2520, 2520, 2520, 2520, 590, 590, 590, 590, 590, 3420, 3420, 3420, 3420, 3420, 40, 40, 40, 40, 40, 6710, 6710, 6710, 6710, 6710, 30, 1110, 1110, 1110, 1110, 1110, 7140, 7140, 7140, 7140, 7140]"
2020-11-04 12:45:00+00:00,313410,0,72.0,"[760, 760, 760, 760, 760, 80, 80, 80, 80, 80, 1210, 1210, 1210, 1210, 1210, 29260, 29260, 29260, 29260, 29260, 150, 150, 150, 150, 150, 1100, 1100, 1100, 1100, 1100, 1100, 1100, 1100, 1100, 1100, 4230, 4230, 420, 420, 420, 420, 420, 4180, 0, 0, 0, 0, 0, 200, 200, 200, 200, 200, 1220, 1220, 1220, 1220, 1220, 810, 25630, 6770, 6770, 6770, 6770, 6770, 9000, 9000, 9000, 9000, 9000, 8990, 8990]"
2020-11-04 12:50:00+00:00,52070,0,31.0,"[3420, 3420, 3420, 3420, 3420, 120, 120, 120, 120, 120, 70, 70, 70, 70, 70, 7870, 7870, 10, 10, 10, 10, 10, 230, 220, 220, 220, 220, 220, 1460, 1460, 13980]"
2020-11-04 12:55:00+00:00,104470,0,46.0,"[290, 290, 290, 290, 290, 3460, 1000, 1000, 1000, 1000, 1000, 40, 40, 40, 40, 40, 400, 400, 400, 400, 400, 800, 140, 570, 570, 570, 570, 570, 270, 270, 270, 270, 270, 660, 13910, 13910, 13910, 13910, 13910, 2290, 2290, 2290, 2290, 2290, 1170, 4390]"
2020-11-04 13:00:00+00:00,319300,0,66.0,"[41240, 41240, 41240, 41240, 41240, 9080, 9080, 9080, 9080, 9080, 40, 40, 40, 40, 40, 30, 30, 30, 30, 30, 9080, 9080, 9080, 9080, 9080, 200, 200, 200, 200, 200, 570, 290, 290, 290, 290, 290, 0, 0, 0, 0, 0, 160, 160, 290, 290, 290, 290, 290, 10, 10, 10, 10, 10, 220, 220, 220, 220, 220, 4430, 5490, 5490, 120, 120, 120, 120, 120]"
2020-11-04 13:05:00+00:00,105040,0,66.0,"[10, 0, 1460, 360, 360, 1460, 360, 1460, 1460, 360, 1460, 360, 30, 30, 30, 30, 30, 9420, 9420, 9420, 9420, 9420, 3750, 10, 10, 10, 10, 10, 2290, 2290, 2290, 2290, 2290, 380, 380, 380, 380, 380, 360, 360, 360, 360, 360, 570, 570, 570, 570, 570, 22990, 1870, 1870, 20, 20, 20, 20, 20, 0, 0, 0, 0, 0, 10, 10, 10, 10, 10]"
2020-11-04 13:10:00+00:00,37270,0,92.0,"[10, 10, 10, 10, 10, 750, 750, 750, 750, 750, 10, 80, 80, 80, 10, 80, 80, 10, 10, 10, 60, 60, 10, 10, 10, 10, 10, 70, 70, 70, 70, 70, 690, 690, 690, 690, 690, 820, 820, 820, 820, 820, 1240, 1240, 1240, 1240, 1240, 40, 40, 40, 40, 40, 250, 250, 250, 250, 250, 250, 250, 250, 250, 250, 1240, 1240, 1240, 1240, 1240, 170, 170, 170, 170, 170, 20, 20, 20, 20, 20, 280, 280, 280, 280, 280, 1370, 1370, 1370, 1370, 1370, 130, 130, 130, 130, 130]"
2020-11-04 13:15:00+00:00,314330,0,38.0,"[350, 350, 350, 350, 350, 2150, 2150, 2150, 2150, 2150, 90, 90, 90, 90, 90, 8500, 8500, 580, 580, 580, 580, 580, 380, 140, 140, 140, 140, 140, 53000, 53000, 53000, 53000, 53000, 3900, 3900, 170, 170, 7260]"
2020-11-04 13:20:00+00:00,51400,0,39.0,"[520, 520, 3700, 3700, 3700, 3700, 3700, 710, 710, 710, 710, 710, 40, 40, 40, 40, 40, 40, 6900, 6900, 310, 310, 310, 310, 310, 100, 100, 100, 100, 100, 100, 710, 710, 710, 710, 710, 50, 4260, 4260]"
2020-11-04 13:25:00+00:00,54100,0,37.0,"[710, 4600, 4600, 4600, 4600, 4600, 220, 4030, 980, 980, 980, 980, 980, 90, 160, 2440, 200, 120, 120, 120, 120, 120, 230, 230, 230, 230, 230, 3040, 3040, 3040, 3040, 3040, 280, 280, 280, 280, 280]"
2020-11-04 13:30:00+00:00,18350,0,34.0,"[240, 240, 240, 240, 240, 340, 1500, 1500, 1500, 1500, 1500, 1110, 1110, 1110, 1110, 1110, 80, 80, 80, 80, 80, 40, 40, 40, 40, 40, 660, 660, 1790, 10, 10, 10, 10, 10]"
2020-11-04 13:35:00+00:00,114710,0,60.0,"[150, 150, 150, 150, 150, 10, 10, 70, 70, 70, 70, 70, 53000, 280, 180, 180, 180, 180, 180, 10, 10, 3420, 10, 3420, 10, 3420, 3420, 10, 3420, 590, 590, 590, 590, 590, 660, 10, 10, 10, 10, 10, 270, 270, 0, 70, 70, 70, 70, 70, 30, 30, 30, 30, 30, 6250, 6250, 6250, 6250, 6250, 4290, 2020]"
2020-11-04 13:40:00+00:00,254690,0,53.0,"[5750, 5750, 5750, 5750, 5750, 800, 800, 800, 800, 800, 3590, 3290, 20, 20, 20, 20, 20, 0, 0, 60, 60, 60, 60, 60, 14590, 14590, 14590, 14590, 14590, 530, 530, 530, 530, 530, 5540, 5540, 5540, 5540, 5540, 560, 560, 560, 560, 560, 710, 330, 330, 330, 330, 330, 200, 53000, 53000]"
2020-11-04 13:45:00+00:00,29410,0,45.0,"[500, 500, 500, 500, 500, 620, 620, 620, 620, 620, 50, 50, 50, 50, 50, 20, 20, 10, 10, 10, 10, 10, 350, 350, 350, 350, 350, 300, 300, 300, 300, 300, 3400, 3400, 3400, 3400, 3400, 600, 600, 600, 600, 600, 180, 30, 10]"
2020-11-04 13:50:00+00:00,362260,0,55.0,"[670, 670, 670, 670, 670, 20, 20, 52990, 52990, 52990, 52990, 52990, 20, 9350, 9350, 9350, 9350, 9350, 530, 530, 530, 530, 530, 10, 10, 10, 10, 10, 13530, 620, 620, 620, 620, 620, 1150, 1150, 1150, 1150, 1150, 250, 250, 250, 250, 250, 2470, 2470, 2470, 2470, 2470, 1690, 1690, 1690, 1690, 1690, 20]"
2020-11-04 13:55:00+00:00,42520,0,46.0,"[0, 0, 0, 0, 0, 20, 20, 1850, 1850, 1120, 1120, 1120, 1120, 1120, 200, 200, 490, 490, 490, 490, 490, 390, 390, 390, 390, 390, 100, 20, 240, 260, 260, 260, 260, 260, 450, 20, 4710, 4710, 4710, 4710, 4710, 540, 540, 540, 540, 540]"
2020-11-04 14:00:00+00:00,9500,0,12.0,"[380, 380, 380, 380, 380, 2650, 4850, 20, 20, 20, 20, 20]"
2020-11-04 14:05:00+00:00,13680,0,30.0,"[30, 30, 30, 30, 30, 0, 8000, 500, 500, 500, 500, 500, 40, 40, 40, 40, 40, 320, 50, 50, 50, 50, 50, 980, 980, 60, 60, 60, 60, 60]"
2020-11-04 14:10:00+00:00,131910,0,69.0,"[150, 150, 150, 150, 150, 70, 70, 70, 70, 70, 150, 1440, 1440, 1440, 1440, 1440, 10, 10, 10, 10, 10, 10, 3980, 3980, 3980, 3980, 3980, 1180, 1180, 1180, 1180, 1180, 1440, 350, 350, 350, 350, 350, 60, 60, 60, 60, 60, 90, 90, 90, 90, 90, 10, 10, 10, 10, 10, 18330, 18330, 18330, 18330, 18330, 10, 380, 380, 380, 380, 380, 10, 10, 10, 10, 10]"
2020-11-04 14:15:00+00:00,71770,0,54.0,"[1940, 4980, 4980, 1940, 1940, 4980, 4980, 1940, 4980, 1940, 3980, 3980, 3980, 3980, 3980, 50, 50, 50, 50, 50, 650, 1150, 1150, 1150, 1150, 1150, 230, 230, 230, 230, 230, 30, 30, 30, 30, 30, 20, 10, 780, 780, 780, 780, 780, 80, 80, 80, 80, 80, 980, 980, 980, 980, 980, 90]"
2020-11-04 14:20:00+00:00,70300,0,51.0,"[40, 40, 40, 40, 40, 7020, 7020, 7020, 7020, 7020, 10, 170, 170, 210, 170, 170, 210, 210, 170, 210, 210, 240, 120, 620, 30, 30, 30, 30, 30, 70, 70, 70, 70, 70, 13980, 10, 10, 10, 10, 10, 13980, 50, 50, 50, 50, 50, 670, 670, 670, 670, 670]"
2020-11-04 14:25:00+00:00,105220,0,42.0,"[1210, 0, 1210, 0, 0, 0, 1210, 0, 1210, 1210, 130, 520, 520, 520, 520, 520, 1180, 1180, 1180, 1180, 1180, 820, 820, 820, 820, 820, 70, 70, 70, 70, 70, 20, 20, 20, 20, 20, 40, 17190, 17190, 17190, 17190, 17190]"
2020-11-04 14:30:00+00:00,135370,0,55.0,"[21990, 21990, 21990, 21990, 21990, 20, 20, 20, 20, 20, 130, 130, 130, 130, 130, 130, 130, 130, 130, 130, 180, 180, 180, 180, 180, 6520, 120, 680, 680, 680, 680, 680, 20, 10, 10, 10, 10, 10, 180, 180, 2510, 2510, 2510, 2510, 2510, 0, 0, 0, 0, 0, 20, 20, 20, 20, 20]"
2020-11-04 14:35:00+00:00,63590,0,21.0,"[2510, 2510, 2510, 2510, 2510, 1240, 310, 40, 0, 3410, 3410, 3410, 3410, 3410, 2740, 5890, 5890, 5890, 210, 5890, 5890]"
2020-11-04 14:40:00+00:00,26110,0,35.0,"[2430, 2430, 2430, 2430, 2430, 10, 10, 10, 10, 10, 590, 0, 0, 0, 0, 120, 0, 1270, 1270, 1270, 1270, 1270, 1270, 1270, 1270, 1270, 1270, 250, 0, 50, 50, 50, 50, 50, 0]"
2020-11-04 14:45:00+00:00,93240,0,56.0,"[0, 0, 0, 0, 0, 0, 1540, 1540, 1540, 1540, 1540, 1540, 0, 220, 220, 220, 220, 220, 150, 150, 150, 150, 150, 20, 20, 20, 20, 20, 0, 0, 0, 0, 0, 40, 30, 30, 2140, 2140, 2140, 2140, 2140, 540, 540, 540, 540, 540, 10450, 10450, 10450, 10450, 10450, 3260, 3260, 3260, 3260, 3260]"
2020-11-04 14:50:00+00:00,2000,0,18.0,"[40, 40, 40, 40, 40, 10, 10, 10, 10, 10, 320, 320, 320, 320, 320, 110, 10, 30]"
2020-11-04 14:55:00+00:00,25710,0,29.0,"[0, 60, 60, 60, 60, 60, 400, 400, 400, 400, 400, 0, 1520, 1520, 1520, 1520, 1520, 3120, 3120, 3120, 3120, 3120, 30, 20, 0, 0, 0, 0, 160]"
2020-11-04 15:00:00+00:00,21840,0,34.0,"[160, 160, 160, 160, 160, 800, 80, 80, 80, 80, 80, 70, 820, 820, 820, 820, 820, 2350, 2350, 2350, 2350, 2350, 60, 60, 60, 60, 60, 170, 100, 670, 670, 670, 670, 670]"
2020-11-04 15:05:00+00:00,3060,0,11.0,"[570, 570, 570, 570, 570, 20, 20, 20, 20, 20, 110]"
2020-11-04 15:10:00+00:00,330,0,21.0,"[10, 10, 10, 10, 10, 10, 10, 10, 10, 10, 80, 20, 20, 20, 20, 20, 10, 10, 10, 10, 10]"
2020-11-04 15:15:00+00:00,9750,0,14.0,"[10, 9130, 20, 20, 20, 20, 20, 0, 60, 60, 60, 60, 60, 210]"
2020-11-04 15:20:00+00:00,61220,0,29.0,"[20, 7280, 7280, 7280, 7280, 7280, 20, 20, 20, 20, 20, 10, 2080, 1110, 1110, 1110, 1110, 1110, 10660, 750, 750, 750, 750, 750, 530, 530, 530, 530, 530]"
2020-11-04 15:25:00+00:00,240,0,12.0,"[30, 30, 30, 30, 30, 0, 0, 0, 0, 0, 10, 80]"
2020-11-04 15:30:00+00:00,3600,0,12.0,"[50, 50, 50, 50, 50, 0, 640, 640, 640, 640, 640, 150]"
2020-11-04 15:35:00+00:00,420,0,7.0,"[10, 60, 70, 70, 70, 70, 70]"
2020-11-04 15:40:00+00:00,20640,0,26.0,"[80, 80, 80, 80, 80, 10, 10, 10, 10, 10, 1340, 1340, 1340, 1340, 1340, 2440, 2170, 2170, 2170, 2170, 2170, 40, 40, 40, 40, 40]"
2020-11-04 15:45:00+00:00,2200,0,13.0,"[40, 270, 310, 310, 310, 310, 310, 10, 10, 10, 10, 10, 290]"
2020-11-04 15:50:00+00:00,37110,0,4.0,"[130, 25490, 10030, 1460]"
2020-11-04 15:55:00+00:00,1610,0,3.0,"[1500, 40, 70]"
2020-11-04 16:00:00+00:00,2100,0,12.0,"[580, 30, 30, 30, 30, 30, 1370, 0, 0, 0, 0, 0]"
2020-11-04 16:05:00+00:00,23230,0,17.0,"[1270, 1270, 1270, 1270, 1270, 1270, 740, 1270, 1270, 740, 1270, 1270, 1810, 1810, 1810, 1810, 1810]"
2020-11-04 16:10:00+00:00,2310,0,8.0,"[190, 190, 190, 190, 190, 20, 20, 1320]"
2020-11-04 16:15:00+00:00,20,0,1.0,[20]
2020-11-04 16:20:00+00:00,10450,0,21.0,"[40, 40, 40, 40, 40, 60, 60, 60, 60, 60, 1870, 1870, 1870, 1870, 1870, 0, 120, 120, 120, 120, 120]"
2020-11-04 16:25:00+00:00,2300,0,10.0,"[180, 180, 180, 180, 180, 280, 280, 280, 280, 280]"
2020-11-04 16:30:00+00:00,102700,0,23.0,"[11340, 11340, 11340, 11340, 11340, 10, 120, 120, 120, 120, 120, 8560, 8560, 8560, 8560, 8560, 370, 370, 370, 370, 370, 370, 370]"
2020-11-04 16:35:00+00:00,5410,0,21.0,"[370, 370, 370, 370, 370, 60, 60, 100, 100, 100, 100, 100, 580, 770, 770, 770, 10, 10, 10, 10, 10]"
2020-11-04 16:40:00+00:00,3620,0,6.0,"[710, 710, 710, 710, 710, 70]"
2020-11-04 16:45:00+00:00,372180,0,11.0,"[2280, 73950, 73950, 73950, 73950, 73950, 30, 30, 30, 30, 30]"
2020-11-04 16:50:00+00:00,13840,0,11.0,"[1880, 1880, 1880, 1880, 1880, 590, 590, 590, 590, 590, 1490]"
2020-11-04 16:55:00+00:00,4900,0,15.0,"[980, 980, 980, 980, 980, 0, 0, 0, 0, 0, 0, 0, 0, 0, 0]"
2020-11-04 17:00:00+00:00,400,0,10.0,"[50, 50, 50, 50, 50, 30, 30, 30, 30, 30]"
2020-11-04 17:05:00+00:00,66610,0,23.0,"[300, 300, 300, 300, 300, 1140, 1140, 1140, 1140, 1140, 23790, 3510, 160, 5790, 5790, 5790, 5790, 5790, 600, 600, 600, 600, 600]"
2020-11-04 17:10:00+00:00,1930,0,13.0,"[310, 310, 310, 310, 310, 340, 0, 0, 0, 0, 0, 30, 10]"
2020-11-04 17:15:00+00:00,100,0,11.0,"[0, 20, 20, 20, 20, 20, 0, 0, 0, 0, 0]"
2020-11-04 17:20:00+00:00,39410,0,12.0,"[1980, 1980, 1980, 1980, 1980, 1070, 1070, 1070, 1070, 1070, 12080, 12080]"
2020-11-04 17:25:00+00:00,24030,0,13.0,"[700, 700, 700, 700, 700, 10670, 1360, 1360, 1360, 1360, 1360, 1530, 1530]"
2020-11-04 17:30:00+00:00,12200,0,12.0,"[960, 960, 960, 960, 960, 450, 450, 1300, 1300, 1300, 1300, 1300]"
2020-11-04 17:35:00+00:00,860,0,7.0,"[130, 130, 120, 120, 120, 120, 120]"
2020-11-04 17:40:00+00:00,30,0,1.0,[30]
2020-11-04 17:45:00+00:00,169750,5,20.0,"[0, 0, 0, 0, 0, 490, 490, 490, 490, 490, 33420, 33420, 33420, 33420, 33420, 40, 40, 40, 40, 40]"
2020-11-04 17:50:00+00:00,6310,0,11.0,"[770, 770, 770, 770, 770, 10, 490, 490, 490, 490, 490]"
2020-11-04 17:55:00+00:00,1460,0,2.0,"[1120, 340]"
2020-11-04 18:00:00+00:00,710,0,6.0,"[10, 140, 140, 140, 140, 140]"
2020-11-04 18:05:00+00:00,45560,0,12.0,"[60, 8900, 8900, 8900, 8900, 8900, 130, 130, 130, 130, 130, 350]"
2020-11-04 18:10:00+00:00,950,0,2.0,"[760, 190]"
2020-11-04 18:15:00+00:00,23550,0,6.0,"[3870, 3870, 3870, 3870, 3870, 4200]"
2020-11-04 18:20:00+00:00,436310,0,27.0,"[42510, 42510, 42510, 42510, 42510, 42510, 42510, 42510, 42510, 42510, 4320, 0, 0, 0, 0, 0, 280, 280, 280, 280, 280, 90, 1080, 1080, 1080, 1080, 1080]"
2020-11-04 18:25:00+00:00,108300,0,6.0,"[21630, 21630, 21630, 21630, 21630, 150]"
2020-11-04 18:30:00+00:00,33880,0,23.0,"[660, 660, 660, 660, 660, 2330, 2330, 2330, 2330, 2330, 300, 610, 610, 610, 610, 610, 2190, 2190, 2190, 2190, 2190, 4620, 10]"
2020-11-04 18:35:00+00:00,0,0,0.0,[]
2020-11-04 18:40:00+00:00,72350,0,11.0,"[8360, 90, 20, 2850, 2850, 11610, 11610, 11610, 11610, 11610, 130]"
2020-11-04 18:45:00+00:00,5100,0,10.0,"[60, 60, 60, 60, 60, 960, 960, 960, 960, 960]"
2020-11-04 18:50:00+00:00,44300,0,11.0,"[7310, 7310, 7310, 7310, 7310, 160, 160, 160, 160, 160, 6950]"
2020-11-04 18:55:00+00:00,11300,0,20.0,"[20, 20, 20, 20, 20, 880, 880, 880, 880, 880, 1350, 1350, 1350, 1350, 1350, 10, 10, 10, 10, 10]"
2020-11-04 19:00:00+00:00,14600,0,15.0,"[10, 10, 10, 10, 10, 20, 20, 20, 20, 20, 2890, 2890, 2890, 2890, 2890]"
2020-11-04 19:05:00+00:00,4040,0,2.0,"[40, 4000]"
2020-11-04 19:10:00+00:00,0,0,0.0,[]
2020-11-04 19:15:00+00:00,1250,0,11.0,"[10, 10, 10, 10, 10, 200, 200, 200, 200, 200, 200]"
2020-11-04 19:20:00+00:00,10390,0,20.0,"[200, 200, 200, 200, 170, 170, 170, 170, 170, 640, 20, 20, 20, 20, 20, 1600, 1600, 1600, 1600, 1600]"
2020-11-04 19:25:00+00:00,23220020,5,620.0,"[40, 40, 40, 40, 40, 24110, 24110, 290, 290, 290, 290, 290, 520, 1950, 370, 4990, 450, 450, 450, 450, 450, 2500, 30, 14110, 990, 990, 990, 990, 990, 1020, 140, 11720, 11720, 11720, 150, 140, 140, 1020, 11720, 140, 140, 11720, 20, 20, 20, 11360, 20, 20, 610, 370, 610, 610, 190, 0, 120, 110, 370, 370, 610, 370, 370, 610, 0, 0, 70, 70, 70, 240, 0, 70, 70, 0, 0, 160, 0, 180, 0, 0, 0, 650, 650, 130, 650, 0, 650, 0, 650, 2560, 270, 2560, 160, 2560, 2560, 2560, 0, 3280, 10440, 0, 1320, 1000, 660, 4700, 4700, 4700, 4700, 4700, 1210, 1210, 120, 30, 30, 120, 1210, 4730, 370, 4730, 30, 120, 4730, 30, 1210, 120, 4730, 120, 30, 1210, 4730, 110, 10, 230, 240, 230, 10, 30, 80, 40, 40, 1670, 40, 80, 80, 40, 40, 80, 80, 6660, 910, 380, 70, 3080, 910, 380, 380, 380, 110, 380, 170, 3570, 250, 20, 110, 1320, 110, 1320, 10, 70, 70, 1200, 110, 1320, 110, 3120, 1160, 1320, 1320, 110, 20, 1470, 1470, 1470, 1470, 1470, 2280, 290, 150, 60, 220, 60, 60, 630, 630, 60, 60, 10140, 60, 2100, 0, 60, 290, 10, 20, 20, 20, 10, 0, 10, 10, 20, 20, 10, 620, 30, 620, 30, 620, 20, 0, 30, 620, 620, 30, 30, 16920, 250, 70, 1000, 800, 190, 800, 800, 190, 800, 800, 1530, 20, 360, 15010, 1170, 30, 1490, 0, 20, 1490, 1490, 0, 20, 1490, 0, 10, 1210, 0, 20, 360, 30, 1490, 0, 20, 360, 30, 360, 30, 360, 30, 380, 640, 640, 640, 1510, 640, 640, 3430, 2950, 80, 170, 170, 20, 5270, 540, 5850, 2950, 170, 80, 2950, 170, 170, 2950, 2950, 1990, 1570, 70, 40, 860, 4490, 860, 210, 4490, 860, 1400, 860, 860, 160, 80, 920, 100, 2230, 80, 100, 20100, 100, 100, 100, 450, 1390, 80, 250, 1390, 80, 80, 260, 1390, 250, 320, 1390, 1390, 80, 80, 140, 4200, 60, 4200, 100, 0, 2600, 680, 920, 1280, 680, 1280, 1280, 800, 220, 220, 2600, 410, 680, 1280, 920, 920, 1280, 2600, 680, 920, 680, 2600, 920, 2600, 1330, 380, 130, 100, 20, 310, 60, 70, 60, 90, 90, 60, 1040, 90, 1040, 1040, 170, 90, 70, 1040, 70, 1040, 70, 60, 70, 60, 90, 20, 50, 20, 0, 1830, 50, 20, 420, 1830, 20, 50, 50, 20, 50, 60, 70, 1080, 2970, 0, 1080, 70, 190, 180, 1980, 1980, 180, 180, 1980, 1980, 180, 170, 150, 20, 70, 10, 180, 1980, 40, 110, 1200, 170, 20, 120, 50, 280, 11800, 120, 11800, 11800, 11800, 11800, 280, 130, 60, 50, 0, 130, 60, 130, 50, 60, 50, 130, 50, 60, 130, 50, 60, 3960, 80, 1300, 760, 750, 2950, 150, 750, 160, 300, 20, 750, 2950, 2950, 20, 20, 2950, 2950, 20, 750, 20, 750, 690, 220, 240, 220, 690, 220, 220, 220, 9270, 3020, 40, 14830, 10, 10, 40, 10, 10, 10, 1050, 7220, 570, 130, 20, 80, 130, 130, 130, 20, 130, 70, 41890, 70, 30, 70, 30, 41890, 70, 41890, 30, 41890, 70, 30, 30, 41890, 2430, 1410, 240, 2310, 110, 660, 130, 240, 130, 2310, 110, 2310, 40, 130, 240, 130, 110, 660, 240, 110, 110, 2310, 2310, 240, 130, 6170, 170, 1510, 160, 33030, 540, 410, 410, 410, 410, 33030, 540, 33030, 540, 220, 410, 540, 33030, 540, 33030, 130, 2400, 50, 3150, 50, 50, 2400, 3150, 50, 2400, 3150, 50, 2400, 3150, 2400, 3150, 2320, 2610, 3090, 60, 60, 2610, 60, 50, 2610, 60, 3090, 60, 2610, 2610, 1500, 910, 30, 30, 30, 3970, 90, 340, 80, 0, 30, 30, 30, 10, 180, 10, 30, 490, 30, 30, 820, 30, 30]"
2020-11-04 19:30:00+00:00,7104360,10,3469.0,"[1060, 10, 1080, 90, 40, 40, 600, 1820, 180, 0, 1410, 40, 1080, 40, 1080, 1080, 40, 1080, 120, 60, 6600, 450, 440, 450, 450, 120, 450, 440, 450, 2410, 140, 20, 0, 660, 10, 0, 10, 660, 10, 660, 660, 10, 10, 660, 860, 190, 520, 130, 50, 140, 2620, 1330, 1330, 2620, 50, 140, 50, 140, 160, 540, 4280, 10440, 50, 140, 1330, 2620, 50, 140, 1330, 2620, 1330, 2620, 3970, 10, 8800, 140, 0, 140, 40, 0, 0, 140, 140, 140, 0, 0, 240, 40, 40, 240, 240, 40, 240, 40, 240, 40, 100, 50, 50, 390, 40, 50, 50, 50, 940, 4860, 20, 4260, 840, 60, 260, 110, 540, 540, 40, 210, 540, 540, 540, 6380, 6380, 80, 580, 10, 580, 6380, 580, 6380, 20, 80, 580, 80, 6380, 10, 80, 580, 80, 40, 50, 30, 990, 30, 990, 50, 990, 990, 240, 1080, 50, 30, 30, 50, 30, 990, 490, 50, 320, 10, 70, 0, 0, 0, 0, 320, 4600, 20, 70, 0, 330, 30, 20, 140, 210, 210, 140, 60, 1780, 230, 210, 140, 210, 140, 140, 210, 150, 20, 1200, 1200, 420, 420, 20, 20, 1200, 420, 1200, 20, 420, 20, 1200, 420, 60, 160, 10, 10, 1510, 10, 10, 10, 20, 5330, 70, 70, 70, 0, 70, 70, 2270, 620, 620, 2270, 220, 3320, 620, 620, 2270, 620, 2270, 2270, 70, 20, 510, 5940, 5940, 20, 410, 510, 140, 410, 20, 5940, 20, 20, 410, 20, 410, 510, 5940, 410, 510, 5940, 510, 20, 160, 14380, 20, 240, 20, 1240, 1130, 0, 1250, 1120, 180, 1130, 90, 260, 40, 40, 40, 3480, 40, 260, 40, 190, 10, 8300, 10, 3410, 4120, 8300, 50, 10, 8300, 10, 8300, 10, 8300, 170, 20, 70, 30, 1460, 20, 30, 1460, 50, 180, 1460, 70, 1460, 30, 70, 1460, 70, 30, 70, 30, 70, 350, 2350, 20, 2350, 2350, 2350, 390, 2350, 350, 390, 390, 390, 390, 640, 280, 60, 1190, 0, 0, 0, 60, 1190, 1190, 1190, 60, 0, 0, 1190, 20, 100, 70, 800, 70, 100, 0, 100, 70, 800, 0, 1680, 990, 20, 100, 70, 800, 0, 100, 70, 800, 0, 800, 0, 3900, 460, 3900, 3900, 3900, 3900, 30, 30, 120, 190, 260, 3780, 120, 120, 120, 120, 110, 610, 30, 30, 320, 320, 10, 110, 320, 110, 110, 320, 610, 10, 30, 110, 10, 10, 320, 10, 0, 380, 240, 70, 50, 510, 90, 270, 1120, 90, 90, 90, 90, 130, 0, 120, 0, 0, 0, 0, 810, 2140, 220, 230, 340, 340, 620, 620, 620, 620, 620, 220, 20, 13500, 240, 1100, 240, 240, 240, 240, 20, 0, 0, 0, 0, 10, 280, 0, 10, 760, 40, 1340, 90, 30, 40, 1340, 30, 90, 30, 1340, 400, 170, 730, 90, 1340, 30, 90, 20, 40, 40, 1340, 30, 90, 40, 2780, 270, 0, 0, 2760, 2780, 20, 0, 0, 2780, 0, 2780, 2780, 60, 50, 790, 790, 60, 30, 120, 30, 60, 790, 60, 50, 790, 60, 790, 8540, 3340, 1470, 1470, 1470, 180, 1470, 1470, 410, 240, 30, 3550, 90, 20, 170, 20, 1170, 870, 4620, 870, 0, 4620, 110, 4620, 110, 0, 40, 110, 40, 1350, 1310, 4620, 0, 40, 110, 40, 110, 4620, 40, 0, 0, 250, 250, 3150, 250, 420, 250, 420, 250, 420, 420, 420, 750, 20, 20, 20, 600, 20, 20, 600, 20, 600, 20, 20, 600, 600, 20, 20, 2500, 30, 180, 480, 180, 180, 480, 180, 480, 480, 480, 180, 20, 110, 920, 110, 110, 110, 110, 40, 270, 5470, 5470, 270, 270, 50, 270, 5470, 5470, 270, 5470, 50, 170, 250, 250, 50, 170, 250, 81990, 50, 170, 250, 50, 170, 2070, 250, 50, 170, 3530, 20, 0, 0, 0, 20, 0, 3530, 0, 0, 3530, 2010, 3530, 0, 290, 3530, 0, 0, 0, 1740, 1180, 240, 240, 0, 240, 3990, 1180, 460, 0, 3990, 1180, 510, 460, 0, 3990, 460, 240, 3990, 1180, 460, 1180, 240, 0, 3990, 0, 460, 30, 1000, 110, 1300, 1000, 520, 1000, 520, 110, 110, 1300, 260, 520, 690, 1300, 520, 110, 1000, 520, 1000, 1300, 110, 1300, 710, 370, 370, 930, 370, 930, 190, 60, 930, 930, 710, 370, 930, 370, 4170, 1960, 1550, 310, 310, 1200, 3380, 40, 1200, 1200, 1200, 1200, 1550, 1960, 310, 310, 310, 4130, 10, 20, 50, 300, 300, 300, 300, 300, 70, 790, 80, 380, 950, 950, 1830, 950, 380, 20, 1830, 100, 450, 380, 20, 1830, 950, 380, 950, 380, 20, 1830, 20, 1830, 20, 1430, 10, 620, 0, 4350, 100, 350, 460, 460, 460, 12010, 10, 5990, 4350, 460, 460, 80, 190, 420, 420, 480, 70, 1100, 70, 70, 1100, 1100, 70, 70, 1100, 1100, 110, 0, 550, 40, 550, 0, 0, 0, 110, 550, 0, 550, 550, 1630, 1820, 260, 810, 60, 20, 260, 60, 2670, 20, 810, 260, 20, 220, 810, 80, 810, 60, 20, 810, 2670, 1820, 20, 260, 60, 60, 260, 200, 30, 30, 30, 4310, 50, 30, 30, 340, 370, 30, 100, 370, 30, 100, 370, 11860, 4520, 120, 370, 100, 120, 30, 370, 100, 120, 120, 120, 30, 30, 100, 0, 2370, 1610, 2370, 600, 3590, 600, 160, 1610, 600, 2370, 1610, 600, 2370, 600, 2370, 1610, 1610, 1650, 20310, 2340, 250, 30, 0, 250, 190, 20, 370, 930, 370, 930, 930, 930, 10, 930, 370, 370, 370, 8300, 10, 1980, 8300, 0, 220, 10, 8300, 350, 8300, 1980, 8300, 130, 1120, 4600, 6510, 6510, 6510, 130, 1120, 6510, 1120, 130, 1120, 4600, 6510, 130, 2650, 1120, 130, 3520, 360, 2650, 1910, 100, 360, 3520, 3520, 2650, 100, 360, 3520, 360, 3520, 360, 300, 40, 40, 200, 20, 10, 10, 2820, 10, 40, 10, 20, 40, 560, 40, 2820, 200, 20, 40, 1620, 560, 20, 560, 40, 2820, 10, 560, 20, 2820, 2820, 560, 10, 20, 800, 80, 80, 40, 290, 360, 360, 360, 120, 50, 220, 800, 80, 80, 360, 800, 80, 10, 100, 3240, 800, 360, 800, 450, 1550, 40, 50, 40, 1550, 340, 10, 440, 40, 17580, 80, 80, 80, 60, 1080, 440, 40, 80, 40, 440, 17580, 40, 440, 80, 440, 40, 17580, 17580, 17580, 270, 270, 270, 270, 270, 440, 48420, 20, 1290, 340, 340, 210, 340, 340, 140, 340, 7690, 2690, 0, 1960, 0, 1960, 0, 0, 1960, 100, 330, 1960, 0, 1960, 1830, 130, 1830, 130, 460, 6700, 680, 130, 1830, 130, 1830, 130, 1830, 810, 220, 110, 110, 110, 110, 110, 20, 10, 80, 2470, 80, 80, 340, 560, 10, 410, 10, 150, 80, 80, 10, 10, 10, 33070, 890, 1220, 1220, 80, 30, 0, 1220, 0, 1220, 0, 0, 1220, 0, 0, 0, 20, 0, 0, 1360, 2160, 900, 1360, 2160, 1360, 2160, 1360, 0, 2160, 2160, 1360, 350, 5170, 3060, 400, 3060, 10, 40, 1850, 2220, 0, 850, 850, 850, 850, 2220, 0, 2220, 2220, 0, 0, 2220, 0, 850, 5800, 1330, 1330, 1330, 480, 1330, 30, 1330, 70, 160, 3400, 3400, 30, 3460, 3400, 3400, 70, 3400, 0, 0, 0, 10, 2170, 0, 100, 130, 0, 60, 20, 60, 20, 60, 20, 60, 20, 60, 20, 90, 20, 100, 110, 20, 170, 2340, 170, 170, 100, 110, 100, 170, 110, 20, 9270, 2340, 170, 100, 20, 2340, 110, 100, 20, 2340, 110, 20, 2340, 50, 740, 610, 60, 1680, 10, 60, 60, 610, 60, 60, 6620, 0, 4100, 250, 0, 0, 10, 0, 190, 10, 6620, 0, 10, 250, 250, 6620, 3900, 6620, 190, 250, 10, 250, 6620, 190, 4100, 10, 190, 190, 120, 10, 1830, 2430, 2280, 2430, 1830, 2430, 1830, 2430, 1830, 2430, 1830, 0, 370, 60, 50, 1360, 80, 1000, 1000, 1000, 1000, 630, 1000, 34920, 460, 0, 510, 120, 120, 460, 120, 190, 700, 3020, 0, 460, 460, 510, 0, 460, 120, 0, 120, 0, 3350, 0, 200, 200, 0, 10, 30, 930, 630, 930, 30, 630, 30, 930, 930, 630, 930, 100, 0, 30, 10, 130, 10, 630, 30, 10, 630, 30, 10, 1500, 90, 410, 30, 30, 30, 410, 30, 410, 30, 410, 90, 410, 6980, 100, 90, 90, 90, 380, 30870, 4730, 6980, 90, 6980, 100, 1670, 90, 6980, 6980, 15370, 20, 90, 15370, 15370, 90, 90, 15370, 90, 20, 90, 20, 15370, 20, 20, 20, 1490, 90, 20, 110, 20, 400, 2180, 1270, 100, 100, 60, 1270, 1270, 1270, 100, 100, 1270, 1760, 0, 10, 100, 3730, 10, 60, 110, 1560, 130, 130, 150, 930, 40, 420, 1560, 130, 60, 130, 130, 7850, 600, 600, 600, 600, 350, 600, 1260, 2540, 20, 160, 20, 150, 80, 290, 20, 20, 20, 20, 2540, 630, 20, 0, 290, 0, 0, 0, 0, 10, 310, 1170, 2130, 310, 40, 70, 10, 310, 10, 2130, 310, 1170, 1170, 310, 1170, 10, 1390, 1170, 10, 80, 0, 170, 170, 0, 1770, 170, 30, 170, 0, 0, 170, 0, 170, 730, 10, 730, 10, 170, 730, 170, 10, 200, 350, 10, 170, 10, 170, 730, 730, 2990, 150, 360, 150, 60, 150, 60, 360, 60, 360, 40, 630, 120, 360, 150, 60, 150, 60, 360, 200, 180, 830, 180, 180, 270, 200, 200, 200, 180, 200, 180, 40, 40, 40, 100, 1770, 40, 40, 40, 2060, 90, 90, 90, 270, 90, 90, 8600, 1250, 1250, 1250, 2190, 80, 1250, 1250, 40, 40, 40, 220, 40, 40, 30, 10, 470, 680, 920, 920, 920, 920, 920, 270, 270, 270, 5010, 270, 90, 270, 10, 10, 10, 10, 10, 10, 210, 0, 0, 0, 0, 0, 6500, 0, 1190, 0, 0, 0, 0, 30, 360, 4220, 50, 270, 70, 370, 0, 800, 800, 800, 800, 800, 10, 10, 10, 10, 50, 10, 12250, 12250, 60, 12250, 12250, 12250, 680, 2230, 1280, 1930, 1280, 1280, 1280, 1930, 120, 90, 1930, 470, 1930, 1280, 1930, 4070, 60, 34670, 4350, 10, 740, 1900, 330, 3890, 3890, 3890, 330, 240, 1310, 1310, 240, 2810, 1900, 1310, 3890, 330, 1310, 3890, 1900, 240, 1310, 1900, 1900, 240, 330, 240, 330, 60, 5370, 810, 0, 0, 0, 1070, 0, 0, 360, 2750, 20, 200, 10, 10, 1510, 4220, 460, 3600, 280, 0, 340, 340, 50, 4380, 340, 4380, 70, 50, 4380, 50, 340, 4380, 340, 50, 4380, 50, 940, 1620, 940, 940, 6560, 6560, 20, 50, 2140, 940, 1620, 6560, 6560, 940, 1620, 1620, 6560, 1620, 1160, 1350, 200, 210, 12460, 12460, 12460, 80, 12460, 260, 12460, 30, 300, 300, 300, 90, 300, 160, 300, 920, 30, 1520, 7400, 7400, 7400, 1520, 30, 10, 30, 30, 7400, 30, 7400, 30, 20, 90, 90, 90, 230, 90, 90, 280, 2030, 30, 450, 20, 20, 20, 2030, 450, 450, 20, 30, 2030, 450, 2030, 450, 2030, 20, 600, 340, 340, 20, 340, 20, 340, 20, 20, 340, 20, 730, 260, 12780, 0, 250, 1990, 250, 250, 110, 880, 250, 130, 250, 240, 30, 70, 10, 360, 10, 60, 300, 300, 300, 16140, 300, 6650, 300, 480, 20, 50, 2170, 90, 190, 190, 190, 190, 190, 10, 940, 73030, 520, 240, 280, 940, 10, 940, 10, 940, 10, 73030, 940, 10, 90, 11550, 1390, 1390, 620, 340, 710, 10, 1390, 1180, 1390, 1390, 1460, 0, 60, 270, 60, 60, 0, 0, 60, 0, 60, 0, 0, 20, 1330, 20, 1330, 120, 9150, 3320, 100, 1330, 1330, 1330, 4080, 120, 220, 1340, 2130, 3430, 2130, 1340, 1340, 1340, 1340, 50, 3300, 60, 190, 6000, 190, 0, 6000, 190, 190, 6000, 190, 60, 30, 6000, 6000, 130, 2550, 3830, 13550, 13550, 30, 30, 0, 30, 0, 13550, 13550, 30, 30, 13550, 30, 10, 1630, 780, 150, 4890, 1360, 4100, 1080, 0, 40, 1050, 4100, 170, 100, 0, 4160, 50, 20, 360, 50, 20, 20, 120, 170, 120, 120, 360, 20, 120, 20, 120, 350, 1620, 1080, 440, 100, 100, 100, 440, 100, 80, 440, 100, 440, 30, 440, 1770, 4900, 70, 80, 10, 160, 80, 80, 380, 1120, 160, 160, 80, 4900, 160, 80, 4900, 160, 70, 70, 70, 4900, 70, 4900, 1970, 30, 510, 40, 140, 510, 510, 40, 140, 510, 40, 140, 510, 40, 140, 40, 140, 600, 0, 600, 600, 200, 1510, 2480, 600, 600, 0, 170, 10, 10600, 10, 80, 10600, 10600, 10, 10, 10600, 10, 10600, 17910, 280, 7120, 10, 40, 40, 370, 40, 40, 40, 200, 110, 70, 690, 5060, 1340, 5060, 110, 1340, 5060, 110, 100, 690, 70, 690, 70, 1340, 5060, 110, 690, 70, 1340, 690, 70, 1340, 5060, 110, 280, 120, 120, 120, 120, 120, 7150, 490, 120, 120, 120, 10, 120, 120, 280, 40, 10, 340, 1640, 10, 340, 340, 340, 340, 150, 290, 20, 320, 10, 20130, 2990, 20130, 10, 50, 20130, 2990, 940, 12220, 10500, 10, 10, 20130, 2990, 1350, 2990, 10, 20130, 2990, 20, 3230, 240, 110, 110, 3230, 110, 3230, 110, 3230, 3230, 110, 1280, 4520, 1420, 360, 2900, 360, 2900, 80, 360, 2900, 2900, 1420, 360, 360, 2900, 970, 970, 290, 970, 970, 970, 10, 40, 50, 820, 10, 230, 0, 10, 10, 50, 820, 50, 50, 10, 50, 10, 2100, 330, 890, 890, 890, 120, 10, 890, 890, 40, 200, 40, 30, 5740, 620, 30, 460, 7080, 620, 620, 0, 360, 620, 7080, 360, 7080, 360, 360, 460, 7080, 620, 360, 7080, 1060, 4280, 50, 1360, 50, 420, 1300, 1300, 1360, 1300, 90, 50, 420, 50, 420, 1300, 1300, 50, 420, 4280, 420, 4280, 4280, 4280, 3820, 4450, 20, 20, 10, 4450, 4450, 10, 20, 10, 10, 20, 4450, 20, 10, 40, 4450, 70, 40, 7530, 4400, 40, 4400, 20, 4400, 7530, 40, 4400, 7530, 7530, 40, 4400, 7530, 40, 110, 50, 530, 9590, 10320, 2840, 970, 70, 360, 190, 360, 10320, 340, 360, 10320, 70, 70, 190, 360, 360, 10320, 70, 10320, 70, 100, 510, 0, 80, 0, 80, 0, 7470, 110, 2250, 0, 0, 80, 80, 1550, 80, 3590, 20, 370, 3590, 2710, 1730, 11550, 10460, 11550, 1730, 10460, 11550, 11550, 1730, 10460, 11550, 1730, 10460, 10460, 1730, 2980, 2980, 2980, 910, 2980, 2980, 60, 60, 50, 60, 60, 60, 10, 830, 10, 70, 10, 740, 830, 10, 830, 10, 830, 10, 830, 910, 910, 910, 910, 910, 1080, 1510, 1080, 900, 1080, 1080, 1080, 1510, 28440, 520, 60, 910, 60, 60, 60, 40, 10, 40, 910, 0, 10, 10, 910, 910, 60, 10, 910, 10, 130, 20, 700, 20, 20, 9560, 850, 420, 1860, 960, 1860, 1860, 1860, 1860, 250, 250, 2790, 250, 250, 250, 300, 140, 0, 10, 30, 4300, 10, 300, 10, 0, 30, 10, 10, 0, 300, 0, 300, 0, 4300, 10, 300, 30, 30, 30, 40, 980, 2130, 450, 710, 710, 710, 2130, 2130, 11550, 710, 2130, 450, 110, 10810, 2130, 710, 560, 1160, 80, 1160, 0, 560, 1160, 1160, 560, 560, 1160, 560, 160, 14060, 160, 160, 160, 200, 160, 150, 80, 8940, 250, 80, 80, 250, 250, 80, 250, 80, 250, 20, 100, 20, 100, 20, 20, 80, 60, 20, 780, 20, 730, 20, 20, 730, 730, 20, 20, 730, 730, 110, 1710, 1710, 1710, 1710, 1710, 2670, 2670, 210, 480, 210, 210, 2670, 210, 1120, 210, 2670, 2670, 10, 480, 100, 10770, 70, 100, 10770, 100, 10770, 480, 10770, 480, 100, 10770, 480, 480, 100, 1370, 580, 150, 1850, 450, 120, 120, 120, 450, 450, 0, 1760, 120, 1760, 1760, 1850, 450, 120, 1760, 450, 1760, 780, 1930, 1840, 0, 30, 2900, 5540, 2900, 5540, 2900, 2900, 2900, 110, 110, 110, 110, 110, 460, 620, 10, 6750, 20, 20, 10, 10, 10, 20, 10, 20, 6750, 10, 2660, 4820, 6750, 10, 6750, 20, 6750, 10, 10, 10, 550, 260, 260, 260, 20, 260, 260, 1090, 150, 150, 150, 150, 150, 180, 60, 0, 60, 60, 220, 0, 60, 60, 140, 70, 460, 1260, 460, 2040, 70, 460, 460, 460, 40, 90, 90, 120, 90, 90, 40, 40, 40, 90, 40, 0, 1060, 1060, 0, 100, 1060, 1060, 0, 0, 1060, 0, 50, 40, 40, 270, 60, 40, 270, 40, 40, 40, 40, 40, 270, 40, 270, 40, 270, 2360, 90, 50, 2360, 30, 170, 60, 4120, 4120, 2130, 20, 20, 20, 20, 20, 370, 10, 200, 200, 1120, 6710, 6710, 6710, 360, 6710, 6710, 130, 330, 60, 20, 20, 60, 20, 60, 20, 20, 60, 60, 850, 930, 930, 850, 930, 930, 930, 710, 60, 0, 260, 260, 20, 80, 490, 440, 1010, 410, 1010, 290, 1010, 30, 410, 10, 1010, 1010, 4060, 3400, 70, 1930, 1930, 350, 1930, 20, 4690, 1930, 20, 1930, 90, 2150, 330, 60, 7260, 1160, 30, 30, 1160, 30, 30, 30, 1160, 1160, 1160, 10, 20, 20, 20, 20, 20, 30, 120, 2760, 120, 120, 120, 20, 120, 6250, 2630, 6250, 2630, 6250, 2630, 2630, 6250, 2630, 6250, 150, 80, 60, 380, 60, 60, 60, 380, 380, 80, 40, 80, 60, 380, 80, 380, 80, 10, 10, 20, 20, 20, 20, 10, 10, 20, 10, 300, 1130, 40, 160, 2900, 160, 160, 2900, 160, 2900, 160, 2900, 2900, 790, 140, 710, 140, 320, 390, 390, 40, 2960, 5020, 40, 40, 390, 390, 390, 40, 40, 1000, 2670, 0, 1000, 0, 990, 0, 1000, 2670, 2670, 0, 1000, 0, 2670, 1000, 2670, 0, 550, 40, 10, 320, 50, 320, 50, 320, 50, 320, 50, 320, 50, 60, 90, 40, 90, 60, 60, 90, 40, 40, 90, 60, 40, 60, 40, 90, 1550, 3170, 420, 420, 0, 420, 0, 420, 0, 420, 0, 0, 160, 20, 20, 20, 20, 50, 50, 20, 50, 1790, 200, 20, 50, 20, 20, 50, 20, 20, 280, 3400, 3090, 70, 200, 200, 100, 60, 60, 60, 200, 200, 100, 14660, 470, 200, 100, 60, 70, 3090, 60, 100, 100, 8900, 910, 0, 10, 5640, 0, 5640, 10, 10, 0, 5640, 10, 10, 2860, 0, 5640, 0, 5640, 10, 1970, 50, 630, 3880, 450, 200, 10940, 90, 450, 630, 90, 90, 450, 10940, 10940, 90, 450, 10940, 450, 10940, 90, 2690, 10, 720, 11400, 50, 11400, 11400, 50, 1560, 11400, 50, 720, 11400, 50, 720, 50, 720, 800, 720, 520, 70, 2780, 2780, 2780, 2780, 2780, 50, 30, 130, 130, 260, 130, 130, 130, 170, 3960, 3960, 170, 3960, 170, 170, 3960, 3960, 170, 1000, 1100, 1100, 0, 140, 1100, 1100, 1100, 220, 20, 20, 1060, 20, 20, 20, 2850, 7280, 60, 6950, 100, 20, 160, 780, 300, 930, 100, 6950, 60, 100, 100, 100, 120, 120, 120, 80, 120, 120, 120, 20, 10, 20, 340, 20, 20, 20, 300, 0, 70, 440, 4580, 380, 2260, 380, 380, 4580, 4580, 2260, 4580, 2260, 4580, 2260, 380, 380, 2260, 20, 1610, 1960, 160, 1960, 1960, 1960, 1610, 1960, 3140, 340, 180, 260, 340, 340, 260, 180, 340, 340, 280, 960, 90, 1200, 1200, 1200, 120, 190, 190, 10, 190, 190, 90, 1200, 190, 1200, 0, 0, 190, 6170, 0, 190, 190, 0, 190, 0, 190, 13060, 2270, 4060, 120, 1510, 1510, 2390, 1510, 2690, 1510, 1510, 120, 2390, 2000, 60, 0, 0, 40, 40, 0, 1680, 0, 40, 1400, 0, 40, 40, 30, 560, 30, 30, 30, 30, 40, 140, 190, 10, 7620, 420, 140, 160, 160, 10, 140, 7620, 10, 160, 140, 10, 160, 7620, 160, 7620, 7620, 140, 10, 10, 30, 100, 5520, 0, 200, 0, 0, 0, 20, 0, 0, 0, 0, 0, 50, 60, 60, 60, 60, 60, 0, 150, 10, 3100, 10, 150, 0, 10, 260, 10840, 3100, 150, 3100, 10, 150, 0, 3100, 10, 150, 0, 0, 3100, 1020, 380, 50, 50, 1470, 1010, 10, 1010, 430, 10, 10, 1010, 10, 1010, 1470, 1010, 10, 1330, 0, 30, 10, 200, 1840, 0, 240, 930, 240, 930, 930, 410, 200, 240, 930, 930, 200, 410, 200, 240, 410, 1840, 200, 240, 0, 410, 410, 80, 130, 3460, 3460, 3460, 130, 130, 3460, 130, 2850, 3460, 130, 470, 3660, 16490, 320, 130, 10, 16490, 940, 170, 20, 1870, 170, 170, 2520, 3410, 170, 170, 120, 250, 310, 2060, 310, 2060, 190, 20, 600, 640, 10, 2430, 20, 620, 10, 20, 620, 620, 10, 20, 620, 10, 20, 2430, 620, 20, 10, 2430, 2430, 2430, 60, 20, 250, 250, 0, 490, 250, 0, 250, 0, 0, 20, 0, 390, 250, 510, 10, 510, 10, 510, 510, 510, 100, 10, 10, 10, 4350, 10, 100, 100, 10, 100, 10, 100, 3490, 20, 4750, 1710, 12520, 1530, 4750, 10, 690, 40, 20, 20, 410, 280, 410, 40, 410, 410, 40, 40, 410, 40, 40, 250, 11650, 30, 30, 70, 30, 30, 30, 90, 20, 30, 170, 30, 30, 10, 30, 30, 170, 1020, 110, 30, 30, 1020, 30, 0, 10, 30, 1020, 110, 1020, 1020, 110, 110, 110, 30, 50, 140, 110, 110, 110, 3550, 110, 110, 10990, 6430, 6430, 6430, 30, 10, 6430, 6430, 500, 1290, 9980, 20, 360, 6000, 240, 6000, 240, 20, 360, 240, 9980, 6000, 20, 20, 70, 20, 240, 6000, 20, 6000, 240, 1430, 40, 40, 40, 40, 2830, 40, 4440, 4440, 2350, 4440, 130, 4440, 4440, 1940, 1940, 1940, 70, 340, 50, 1940, 1940, 1350, 70, 60, 10, 370]"
2020-11-04 19:35:00+00:00,4531720,5,2627.0,"[17060, 20, 20, 20, 400, 20, 20, 430, 650, 410, 80, 650, 80, 410, 80, 80, 410, 650, 410, 80, 410, 80, 650, 650, 190, 190, 100, 30, 190, 190, 190, 100, 1170, 100, 30, 370, 370, 1170, 30, 370, 0, 100, 30, 370, 1170, 100, 30, 370, 1170, 100, 1170, 30, 230, 200, 200, 0, 200, 0, 200, 200, 0, 0, 0, 170, 2790, 170, 2790, 2790, 2790, 2790, 760, 1730, 30, 760, 22020, 760, 760, 1730, 10, 1730, 22020, 760, 22020, 1730, 1730, 22020, 22020, 19910, 0, 450, 20, 2580, 280, 0, 450, 0, 280, 2580, 1450, 200, 280, 2580, 0, 280, 2580, 450, 0, 280, 2580, 450, 450, 10, 1830, 440, 440, 310, 310, 240, 1830, 440, 310, 1830, 440, 310, 1830, 440, 310, 1830, 140, 140, 140, 140, 140, 860, 20, 1700, 20, 20, 10, 20, 20, 100, 100, 500, 280, 10, 100, 100, 100, 230, 80, 640, 2220, 30, 230, 80, 640, 640, 640, 640, 340, 3040, 1240, 290, 290, 1240, 300, 290, 1240, 290, 290, 1240, 1240, 140, 10, 130, 100, 360, 200, 2020, 700, 360, 360, 200, 100, 360, 200, 700, 700, 360, 200, 700, 200, 100, 100, 160, 700, 100, 30, 5150, 70, 30, 30, 30, 0, 30, 500, 0, 340, 3530, 40, 80, 150, 150, 150, 380, 150, 80, 3530, 150, 3530, 3530, 3530, 160, 450, 20, 450, 140, 2410, 100, 2410, 1930, 1930, 1930, 1930, 1930, 0, 990, 990, 990, 480, 480, 480, 100, 990, 480, 480, 990, 280, 710, 710, 120, 830, 830, 180, 120, 830, 180, 830, 180, 120, 180, 830, 120, 180, 120, 30, 1380, 7120, 30, 7120, 2240, 1380, 30, 30, 7120, 1380, 7120, 30, 1380, 7120, 1380, 2000, 10, 120, 120, 130, 10, 1220, 120, 2000, 10, 120, 10, 120, 10, 70, 4040, 860, 210, 160, 70, 160, 160, 160, 2480, 210, 860, 210, 860, 160, 70, 860, 860, 210, 210, 70, 70, 420, 20, 40, 20, 20, 20, 20, 20, 40, 40, 40, 40, 2360, 90, 90, 2360, 100, 870, 2360, 2360, 90, 90, 2360, 90, 710, 20, 70, 120, 13150, 20, 13150, 13150, 20, 20, 13150, 70, 260, 20, 13150, 260, 260, 260, 260, 430, 1770, 430, 1770, 1770, 1770, 1770, 830, 90, 360, 360, 360, 830, 90, 360, 90, 5380, 5380, 5380, 5380, 360, 5380, 90, 90, 140, 1640, 2610, 1380, 30, 30, 30, 30, 30, 30, 30, 30, 460, 10610, 30, 30, 140, 360, 360, 260, 360, 360, 360, 470, 5080, 120, 120, 120, 5080, 120, 600, 290, 5080, 5080, 5080, 120, 1700, 40, 50, 60, 40, 2930, 1930, 40, 50, 1700, 40, 50, 40, 50, 1700, 50, 1700, 1700, 1000, 20, 1710, 1710, 1710, 1710, 10, 1710, 1980, 3180, 3180, 210, 210, 8020, 210, 210, 210, 4890, 0, 0, 90, 8230, 0, 100, 20, 30, 100, 100, 20, 100, 100, 0, 1500, 70, 10, 10, 420, 10, 420, 0, 10, 420, 160, 1500, 0, 70, 0, 420, 420, 0, 10, 1220, 130, 0, 10, 570, 760, 0, 130, 0, 130, 130, 0, 130, 0, 3460, 160, 380, 20, 130, 380, 130, 160, 130, 160, 380, 130, 160, 1070, 160, 380, 130, 3460, 20, 380, 80, 140, 3560, 20, 40, 3560, 6570, 3270, 30, 2450, 230, 10, 10, 230, 230, 230, 230, 140, 140, 120, 120, 530, 20, 140, 140, 120, 120, 140, 120, 20, 20, 150, 150, 20, 20, 150, 460, 50, 20, 20, 20, 20, 20, 20, 150, 150, 910, 60, 570, 10, 230, 0, 30, 30, 30, 3920, 30, 30, 19150, 0, 10, 910, 0, 910, 110, 10, 110, 10, 0, 910, 10, 0, 910, 110, 110, 110, 10, 910, 0, 430, 1230, 460, 460, 460, 460, 460, 1250, 850, 1100, 1250, 1250, 130, 1250, 1250, 330, 330, 10, 330, 10, 4970, 10, 10, 10, 330, 330, 720, 20, 860, 10, 10500, 10, 860, 10500, 860, 10, 860, 10, 860, 10, 520, 750, 1000, 1000, 1000, 1000, 1000, 350, 430, 350, 350, 350, 350, 2410, 2410, 10, 2410, 2410, 2410, 30, 8470, 40, 40, 40, 40, 40, 210, 210, 240, 30, 210, 210, 210, 50, 0, 250, 100, 0, 250, 1100, 1100, 1100, 1100, 1100, 240, 240, 240, 240, 240, 7460, 10710, 70, 10710, 140, 70, 7460, 140, 10710, 140, 1440, 70, 7460, 70, 10710, 140, 70, 7460, 10710, 7460, 140, 730, 13990, 13990, 1280, 80, 2660, 380, 140, 100, 100, 100, 100, 100, 5400, 2340, 2340, 10, 10, 2340, 10, 5400, 5400, 2340, 420, 5400, 2340, 10, 10, 5400, 960, 620, 130, 10, 10, 10, 620, 210, 10, 10, 0, 120, 0, 71490, 4980, 0, 0, 0, 120, 760, 340, 10, 10, 20, 10, 10, 10, 410, 0, 30, 0, 100, 24470, 50, 110, 8020, 840, 25470, 80, 40, 840, 8020, 840, 110, 25470, 8020, 840, 25470, 840, 25470, 8020, 25470, 8020, 0, 120, 2710, 40, 1350, 260, 2710, 300, 4630, 10, 300, 4630, 60, 430, 300, 4630, 300, 10, 4630, 10, 300, 4630, 10, 40, 10, 0, 10790, 30, 300, 1540, 0, 970, 970, 970, 300, 300, 300, 30, 970, 970, 0, 300, 90, 1640, 50, 230, 230, 2750, 30, 30, 230, 230, 30, 230, 0, 0, 50, 470, 810, 470, 760, 9110, 100, 640, 420, 100, 420, 640, 480, 400, 100, 9110, 20, 640, 420, 420, 760, 9110, 640, 420, 60, 100, 1860, 760, 760, 9110, 640, 760, 9110, 100, 640, 1160, 640, 1160, 670, 640, 1160, 1160, 640, 640, 1160, 370, 350, 30, 970, 410, 410, 2690, 2690, 2580, 50, 970, 410, 2690, 2690, 410, 970, 2690, 970, 410, 970, 340, 1990, 340, 340, 340, 340, 30, 3350, 3460, 3350, 30, 150, 20, 20, 20, 20, 20, 440, 480, 480, 1060, 480, 440, 440, 480, 440, 440, 480, 1880, 190, 25390, 0, 60, 0, 25390, 0, 25390, 0, 25390, 25390, 0, 2690, 50, 120, 1030, 440, 50, 180, 180, 180, 180, 180, 3130, 3270, 3270, 3270, 3270, 3270, 0, 4170, 340, 4170, 4170, 4170, 4170, 90, 90, 740, 0, 90, 10, 90, 90, 4280, 370, 480, 350, 4200, 140, 140, 140, 140, 4200, 350, 4200, 350, 4200, 350, 4200, 350, 140, 1200, 570, 120, 1290, 1290, 120, 570, 1290, 120, 570, 1290, 570, 120, 570, 120, 700, 1290, 160, 160, 330, 10, 160, 160, 160, 10, 1600, 10, 3410, 3410, 1600, 3410, 10, 1600, 10, 10, 1600, 10, 3410, 3410, 300, 150, 1600, 1410, 1160, 1410, 1410, 10, 70, 120, 1160, 1160, 1410, 1160, 1410, 1160, 1820, 4240, 90, 4240, 740, 90, 4240, 90, 4240, 90, 90, 10, 4240, 40, 40, 1360, 9860, 40, 40, 40, 480, 480, 1660, 140, 760, 140, 760, 140, 140, 760, 760, 760, 140, 2920, 0, 0, 0, 20, 12320, 20, 760, 20, 20, 20, 1160, 90, 210, 990, 210, 990, 990, 210, 210, 990, 210, 990, 940, 10400, 50, 50, 50, 50, 50, 360, 1920, 40, 20, 360, 20, 360, 360, 20, 360, 20, 20, 30, 30, 30, 30, 20, 30, 780, 6730, 10, 140, 220, 20, 6730, 140, 6000, 20, 140, 20, 6730, 140, 20, 240, 20, 6730, 140, 6730, 0, 10, 90, 10, 1150, 570, 420, 10, 1150, 10, 10, 10, 140, 140, 140, 150, 140, 140, 50, 170, 800, 800, 170, 800, 22780, 660, 170, 50, 170, 800, 170, 800, 2410, 2410, 2410, 120, 30, 2410, 2410, 10, 4290, 10, 130, 5610, 3590, 980, 130, 130, 80, 130, 130, 30, 30, 30, 30, 10, 1440, 10, 30, 10, 10, 10, 10, 22260, 170, 170, 22260, 30, 170, 30, 22260, 30, 170, 30, 22260, 170, 30, 22260, 160, 90, 100, 290, 180, 30, 100, 90, 290, 30, 30, 400, 90, 100, 30, 90, 90, 290, 180, 30, 100, 290, 180, 100, 290, 180, 180, 880, 280, 280, 280, 880, 280, 880, 280, 880, 880, 2650, 130, 6720, 230, 2240, 230, 6720, 6720, 6720, 290, 290, 290, 290, 6720, 290, 600, 3820, 4980, 2950, 2480, 2480, 0, 2480, 2480, 2480, 10, 20, 3670, 3670, 3670, 3670, 3670, 0, 0, 0, 0, 0, 50, 240, 730, 1400, 1400, 730, 730, 730, 730, 3910, 220, 40, 30, 30, 3910, 3910, 30, 30, 40, 3910, 410, 3910, 30, 290, 3780, 60, 290, 10, 290, 290, 290, 290, 360, 140, 100, 2770, 2920, 100, 100, 100, 100, 1000, 700, 700, 10, 0, 700, 700, 700, 120, 2150, 4540, 1510, 570, 270, 270, 270, 270, 270, 250, 250, 0, 350, 1680, 1520, 1520, 1680, 0, 350, 1520, 350, 740, 1680, 0, 1680, 0, 350, 1520, 0, 350, 1520, 1680, 0, 20, 49200, 49200, 20, 49200, 20, 520, 20, 20, 49200, 49200, 10, 20, 20, 9350, 4180, 20, 20, 20, 450, 20, 310, 310, 340, 310, 20, 310, 310, 40, 0, 460, 0, 0, 0, 0, 1080, 1080, 550, 770, 8300, 1790, 300, 770, 300, 1790, 770, 300, 1790, 8300, 770, 300, 8300, 770, 300, 1790, 8300, 1790, 8300, 30, 60, 460, 30, 2510, 410, 350, 350, 4310, 60, 4310, 60, 2510, 80, 4310, 60, 410, 350, 2510, 4310, 60, 2510, 4310, 60, 350, 350, 2510, 3290, 3290, 3290, 3290, 3290, 1150, 2510, 20, 80, 100, 100, 30, 150, 100, 30, 30, 100, 30, 150, 30, 150, 150, 100, 150, 350, 120, 350, 110, 4970, 4970, 220, 110, 4970, 110, 4970, 60, 60, 220, 220, 110, 4970, 60, 220, 110, 60, 60, 220, 10, 10, 10, 250, 30, 800, 10, 10, 0, 210, 0, 19280, 210, 210, 0, 0, 210, 380, 0, 210, 200, 9430, 10, 10, 10, 200, 9430, 9430, 10, 200, 10, 200, 9430, 10, 200, 9430, 390, 20, 620, 620, 20, 620, 620, 620, 70, 70, 70, 70, 70, 50, 1530, 390, 2160, 390, 390, 2160, 390, 2160, 2160, 390, 2160, 3140, 1450, 1450, 2050, 1450, 1450, 1450, 1140, 7610, 620, 620, 620, 620, 1140, 6660, 7610, 1140, 140, 2970, 620, 1140, 1140, 2200, 900, 70, 20030, 50, 100, 900, 20030, 20030, 900, 900, 20030, 20030, 900, 1160, 1160, 1160, 1160, 1160, 420, 1580, 430, 100, 410, 410, 250, 140, 410, 1590, 410, 410, 0, 330, 0, 0, 0, 0, 130, 330, 10, 130, 330, 3230, 3230, 10, 130, 3230, 30, 210, 210, 330, 130, 30, 3230, 130, 3230, 30, 10, 330, 210, 10, 330, 210, 30, 10, 210, 30, 210, 30, 2600, 30, 30, 2600, 30, 30, 0, 600, 600, 600, 600, 600, 50, 11760, 110, 780, 1560, 440, 70, 440, 440, 40, 1560, 440, 440, 30, 30, 30, 2340, 30, 30, 140, 2170, 70, 20, 1080, 70, 70, 1080, 20, 1080, 70, 70, 1080, 1080, 10, 5020, 830, 170, 730, 830, 170, 0, 830, 730, 830, 0, 20, 0, 0, 170, 170, 0, 170, 830, 3270, 90, 90, 31330, 90, 90, 3270, 90, 190, 80, 150, 360, 190, 50, 150, 190, 80, 60, 190, 190, 580, 1250, 110, 240, 240, 240, 40, 1250, 240, 240, 110, 1250, 240, 240, 110, 240, 1250, 110, 1250, 240, 240, 110, 30, 600, 700, 3320, 700, 5620, 3320, 160, 600, 3320, 30, 600, 5620, 3320, 700, 5620, 600, 5620, 3320, 700, 700, 5620, 600, 1100, 1100, 1100, 1100, 1100, 990, 2680, 10, 740, 20, 1390, 60, 60, 60, 1390, 60, 10, 60, 1390, 1390, 1390, 6070, 190, 680, 3870, 2080, 3870, 250, 3870, 2080, 3870, 2080, 3870, 2080, 2080, 2120, 2120, 1800, 590, 2120, 2120, 2120, 3580, 3580, 50, 210, 170, 170, 170, 170, 210, 350, 170, 620, 5620, 100, 90, 90, 5620, 90, 620, 100, 5620, 620, 100, 5620, 90, 5620, 90, 620, 100, 620, 100, 850, 850, 850, 160, 850, 850, 140, 140, 140, 140, 140, 4880, 3480, 200, 4880, 200, 3480, 200, 3480, 4880, 200, 4880, 3480, 4880, 200, 3480, 7480, 550, 1790, 290, 1790, 1790, 1790, 1790, 660, 1900, 660, 1900, 160, 1900, 1900, 660, 660, 1900, 660, 600, 130, 3390, 3390, 600, 3390, 3390, 3390, 180, 14080, 180, 14080, 200, 640, 420, 200, 640, 200, 14080, 180, 14080, 180, 200, 180, 200, 14080, 10, 2200, 110, 0, 800, 380, 350, 2610, 760, 10, 760, 2610, 2080, 130, 760, 3310, 310, 310, 310, 3310, 1800, 310, 3310, 760, 310, 3310, 3310, 100, 30, 30, 100, 30, 30, 100, 30, 100, 100, 60, 300, 40, 310, 120, 130, 220, 220, 50, 50, 130, 340, 40, 50, 120, 220, 220, 4960, 130, 220, 340, 130, 340, 50, 40, 40, 340, 130, 50, 40, 340, 1010, 130, 40, 1010, 1010, 130, 40, 7730, 1010, 40, 2470, 130, 1010, 130, 40, 130, 40, 310, 310, 20, 430, 310, 310, 310, 360, 70, 70, 800, 800, 360, 360, 70, 800, 70, 800, 800, 360, 70, 70, 360, 70, 70, 70, 70, 2390, 21760, 4780, 3250, 3250, 1830, 4780, 10, 3250, 4780, 3250, 4780, 3250, 4780, 240, 1270, 1560, 240, 240, 240, 240, 430, 690, 13490, 690, 690, 10, 2440, 690, 690, 2320, 29240, 2320, 30, 29240, 2320, 29240, 2320, 29240, 2320, 29240, 330, 0, 100, 100, 330, 100, 100, 330, 740, 100, 330, 330, 6720, 1120, 4180, 6720, 1120, 220, 910, 1120, 4180, 6720, 1120, 6720, 1120, 6720, 20, 150, 500, 500, 150, 1280, 500, 150, 500, 150, 500, 150, 40, 110, 110, 110, 360, 110, 110, 190, 770, 190, 190, 190, 190, 740, 10, 10, 10, 10, 10, 10, 70, 110, 60, 70, 460, 460, 120, 60, 70, 70, 70, 30, 40, 3110, 3110, 40, 3110, 40, 40, 40, 3110, 3110, 4810, 780, 910, 600, 3550, 600, 910, 780, 600, 910, 780, 600, 910, 780, 600, 910, 780, 5010, 5010, 5010, 5010, 5010, 50, 50, 710, 160, 260, 60, 60, 60, 60, 60, 2110, 10, 20, 40, 40, 20, 290, 260, 20, 40, 40, 20, 40, 20, 3430, 3430, 3430, 3430, 3430, 8730, 47300, 5620, 80, 80, 80, 80, 80, 90, 740, 740, 20, 740, 120, 740, 740, 0, 60, 14390, 3240, 14390, 14390, 14390, 14390, 390, 390, 390, 390, 390, 190, 20, 0, 390, 0, 390, 0, 260, 1050, 260, 260, 260, 260, 2360, 160, 160, 160, 2360, 160, 160, 270, 310, 270, 270, 270, 270, 3210, 3170, 3170, 660, 3170, 3170, 3170, 11870, 1080, 910, 11870, 11870, 11870, 11870, 1080, 1080, 1080, 1080, 640, 2040, 20, 100, 5250, 10, 2410, 110, 1570, 40, 1520, 1520, 0, 0, 0, 30, 110, 300, 180, 0, 1520, 360, 1520, 360, 360, 1520, 360, 360, 430, 120, 310, 220, 820, 1180, 1180, 1180, 250, 1180, 1180, 820, 820, 820, 820, 100, 50, 50, 10, 1630, 50, 50, 50, 7320, 2620, 140, 320, 140, 320, 140, 320, 2620, 140, 320, 2620, 140, 320, 2620, 2620, 560, 270, 270, 100, 100, 270, 100, 270, 100, 270, 100, 640, 640, 130, 640, 640, 640, 200, 200, 200, 600, 200, 600, 200, 600, 600, 600, 0, 2300, 0, 0, 2300, 0, 0, 20, 20, 1680, 20, 540, 2700, 20, 1700, 1700, 1700, 1700, 1700, 0, 6500, 640, 300, 10, 300, 300, 300, 300, 140, 200, 58450, 390, 200, 890, 10, 620, 620, 620, 620, 620, 10490, 100, 180, 100, 100, 50, 180, 180, 180, 100, 180, 100, 30, 110, 8480, 16890, 40, 40, 10150, 40, 40, 40, 370, 260, 370, 1310, 10, 10, 360, 860, 2660, 50, 540, 190, 50, 540, 50, 50, 50, 10, 1900, 320, 1900, 1900, 1900, 1900, 2940, 2000, 2920, 80, 2000, 2920, 80, 13240, 130, 0, 2940, 2920, 80, 2940, 2000, 2920, 80, 2940, 2000, 2940, 2920, 80, 2000, 280, 1830, 160, 470, 470, 12420, 10, 200, 0, 200, 0, 10, 0, 200, 10, 200, 10, 0, 200, 0, 10, 170, 170, 170, 257160, 170, 170, 0, 320, 170, 170, 170, 170, 170, 30, 4900, 930, 930, 930, 930, 930, 50, 30, 130, 130, 130, 130, 130, 850, 2760, 4620, 1900, 4620, 4620, 4620, 4620, 90, 190, 780, 660, 660, 660, 660, 660, 10, 10, 0, 10, 10, 10, 0, 510, 1080, 1080, 1080, 1080, 440, 1080, 440, 350, 440, 350, 480, 440, 440, 350, 440, 350, 350, 500, 500, 500, 500, 500, 210, 1220, 17640, 260, 260, 260, 230, 260, 220, 260, 0, 0, 0, 0, 0, 0, 1960]"
2020-11-04 19:40:00+00:00,4585080,1,1673.0,"[330, 140, 10, 1250, 690, 1250, 690, 140, 140, 10, 1250, 690, 690, 10, 1250, 50, 140, 10, 140, 10, 1250, 690, 240, 3520, 3520, 80, 3520, 6520, 3520, 6520, 3520, 6520, 6520, 6520, 9360, 40, 620, 620, 620, 620, 620, 40, 90, 1710, 10, 10, 10, 10, 10, 350, 1270, 1270, 380, 40, 570, 2000, 6220, 6220, 2000, 2000, 9350, 9350, 6220, 2000, 9350, 6220, 9350, 6220, 2000, 9350, 1190, 1190, 1190, 30, 910, 1190, 1190, 40, 3890, 8160, 0, 8160, 8160, 8160, 8160, 20, 110, 30, 110, 30, 30, 30, 30, 110, 110, 110, 1780, 1780, 1780, 1780, 1780, 4120, 40, 30, 10, 14420, 30, 14420, 14420, 10, 20, 10, 20, 20, 20, 14420, 10, 30, 10, 30, 30, 20, 14420, 9660, 3910, 0, 0, 0, 3910, 9660, 0, 9660, 3910, 9660, 0, 0, 0, 0, 9660, 0, 0, 3910, 3910, 50, 1430, 1430, 50, 50, 30, 810, 1430, 50, 1430, 1430, 50, 9700, 9700, 9700, 9700, 9700, 3520, 150, 70, 150, 150, 4080, 3520, 3520, 3520, 150, 3520, 150, 1880, 40, 60, 70, 280, 560, 90, 90, 560, 560, 560, 280, 90, 560, 90, 90, 300, 300, 300, 300, 300, 20, 380, 130, 30, 380, 380, 380, 380, 1130, 30, 30, 100, 30, 30, 30, 420, 70, 330, 420, 420, 420, 420, 230, 320, 230, 320, 230, 320, 230, 230, 320, 320, 560, 2240, 1930, 30, 1930, 30, 1930, 30, 1930, 30, 1930, 30, 1050, 40, 40, 10, 40, 40, 40, 570, 80, 260, 30, 80, 260, 570, 80, 260, 570, 30, 260, 570, 30, 260, 570, 30, 80, 30, 210, 80, 50, 3640, 830, 830, 830, 140, 830, 830, 3640, 560, 560, 4930, 140, 560, 4930, 560, 4930, 560, 4930, 4930, 2720, 1500, 970, 750, 90, 20, 300, 90, 300, 300, 0, 90, 750, 750, 300, 750, 90, 750, 300, 90, 0, 20, 2070, 10, 270, 20, 20, 100, 20, 710, 270, 100, 20, 100, 100, 100, 20, 10, 5860, 10, 10, 10, 380, 5860, 10, 3090, 380, 5860, 10, 380, 5860, 380, 5860, 10, 10, 10, 380, 10, 10, 690, 330, 0, 330, 0, 330, 330, 0, 0, 330, 0, 20, 20, 20, 20, 20, 0, 30, 0, 30, 0, 30, 0, 30, 0, 1220, 30, 70, 1040, 70, 70, 1040, 70, 70, 1040, 1040, 1040, 3230, 4790, 960, 960, 4790, 4790, 960, 960, 3230, 3230, 10, 960, 4790, 3230, 3230, 460, 4790, 1320, 300, 40, 300, 20, 1500, 120, 120, 0, 1500, 1500, 120, 0, 1500, 0, 0, 120, 160, 120, 1500, 0, 1920, 4140, 4140, 1920, 6250, 390, 1920, 1920, 1920, 10, 170, 870, 860, 50, 50, 50, 50, 860, 130, 860, 50, 860, 860, 200, 240, 440, 240, 440, 240, 90, 240, 440, 240, 440, 440, 280, 2240, 120, 2240, 120, 2240, 90, 2240, 120, 120, 2240, 120, 10, 50, 50, 10, 50, 10, 10, 50, 10, 50, 5990, 10, 5850, 660, 10, 10, 10, 10, 1500, 1500, 1500, 1500, 1500, 10, 0, 60, 1370, 430, 0, 0, 2070, 400, 40, 40, 40, 40, 40, 0, 30, 130, 170, 6430, 6430, 6430, 170, 170, 6430, 170, 6430, 170, 680, 580, 30, 30, 30, 30, 20, 30, 50, 520, 60, 520, 60, 520, 520, 60, 60, 50, 60, 520, 60, 880, 60, 870, 2120, 870, 60, 60, 870, 880, 870, 60, 870, 20, 20, 30, 440, 2810, 20, 520, 30, 20, 20, 20, 20, 580, 3010, 70, 70, 3010, 6750, 70, 3010, 70, 3010, 3010, 70, 1290, 90, 380, 1290, 1290, 90, 1290, 1290, 380, 90, 90, 90, 70, 70, 70, 70, 70, 0, 0, 3380, 60, 0, 0, 23530, 23530, 0, 0, 23530, 0, 23530, 23530, 160, 0, 250, 250, 250, 250, 250, 9260, 20, 3320, 3320, 3320, 3320, 3320, 220, 800, 220, 360, 120, 800, 220, 800, 220, 800, 220, 800, 1170, 260, 2980, 260, 260, 260, 260, 2980, 2980, 2980, 2980, 120, 290, 290, 1030, 290, 290, 290, 450, 3720, 50, 50, 0, 280, 50, 3720, 3720, 50, 3720, 50, 3720, 14600, 960, 960, 960, 960, 20, 960, 1790, 5960, 1830, 3820, 320, 320, 3820, 320, 160, 50, 3820, 3820, 320, 3820, 320, 90, 30, 460, 730, 220, 40, 51220, 220, 51220, 2270, 51220, 220, 51220, 220, 51220, 220, 70, 70, 70, 70, 70, 200, 70, 270, 1400, 70, 70, 270, 70, 270, 70, 270, 270, 2360, 7280, 7280, 7280, 7280, 7280, 2300, 2560, 90, 530, 2560, 530, 2560, 530, 530, 2560, 2560, 530, 10, 200, 360, 100, 360, 760, 70, 760, 760, 70, 760, 60, 760, 50, 870, 50, 580, 870, 50, 870, 50, 50, 870, 870, 800, 10, 800, 800, 800, 800, 7680, 7680, 7680, 7680, 7680, 60, 110, 2070, 730, 60, 110, 730, 2070, 60, 110, 730, 2070, 60, 60, 2070, 730, 730, 110, 110, 2070, 1250, 1250, 68380, 68380, 1250, 68380, 1250, 68380, 68380, 1250, 43830, 0, 50, 43830, 40, 300, 300, 370, 1660, 300, 120, 300, 300, 50, 890, 640, 0, 640, 60, 640, 640, 640, 240, 170, 170, 240, 170, 240, 170, 170, 240, 240, 3310, 9480, 1230, 9480, 1230, 890, 9480, 1230, 9480, 1230, 9480, 1230, 2020, 270, 2020, 270, 270, 2020, 270, 2020, 270, 2020, 420, 30, 240, 5350, 40, 40, 5350, 620, 3960, 5350, 120, 620, 5350, 620, 5350, 5350, 620, 620, 140, 180, 180, 0, 0, 0, 180, 0, 180, 0, 180, 410, 50, 320, 50, 90, 3260, 90, 90, 90, 90, 230, 1410, 1410, 1860, 260, 2190, 70, 730, 110, 730, 110, 110, 730, 730, 110, 730, 110, 2790, 3760, 0, 730, 730, 730, 0, 2620, 730, 730, 1070, 180, 30, 0, 1120, 30, 0, 1120, 30, 0, 1120, 0, 30, 1120, 30, 0, 1120, 610, 10, 10, 10, 10, 10, 10, 800, 1180, 10, 760, 550, 550, 550, 550, 550, 310, 290, 290, 290, 290, 290, 280, 1720, 40, 280, 10, 140, 140, 140, 140, 140, 10, 28610, 110, 210, 28610, 10, 28610, 110, 10, 10, 28610, 10, 28610, 10, 160, 10, 160, 160, 160, 160, 2170, 810, 0, 2170, 2170, 2170, 2170, 470, 90, 90, 90, 90, 90, 0, 0, 1080, 120, 120, 4730, 20, 10, 10, 90, 1090, 130, 130, 130, 130, 130, 2690, 980, 100, 50, 60, 60, 200, 50, 50, 50, 50, 3170, 3170, 3170, 3170, 3170, 2350, 4040, 140, 10, 10100, 10100, 10100, 2350, 2350, 2350, 10100, 2350, 10100, 860, 3630, 3630, 3630, 3630, 3630, 120, 180, 7780, 130, 130, 20, 20, 130, 20, 130, 30, 130, 20, 130, 20, 20, 280, 810, 3100, 3100, 3100, 3100, 3100, 3330, 3330, 3330, 3330, 3330, 90, 10, 50, 40, 50, 50, 50, 19210, 50, 50, 280, 70, 70, 70, 70, 70, 5510, 290, 290, 15350, 290, 500, 15350, 15350, 290, 15350, 290, 15350, 150, 150, 150, 150, 150, 240, 240, 240, 240, 970, 240, 30, 40, 1980, 1020, 12460, 12460, 12460, 12460, 1560, 12460, 60, 110, 20, 20, 1470, 12810, 10, 330, 330, 10, 330, 510, 1640, 330, 10, 330, 10, 10, 1000, 880, 3380, 3380, 3380, 3380, 3380, 640, 3490, 640, 100, 100, 100, 100, 100, 140, 240, 240, 240, 240, 240, 1080, 2210, 2210, 2210, 1080, 1080, 1080, 2210, 1080, 2210, 200, 60, 6370, 60, 60, 6370, 6370, 60, 6370, 6370, 60, 170, 790, 2750, 2750, 0, 2750, 2750, 2750, 3330, 1130, 430, 70, 360, 360, 360, 360, 360, 3410, 100, 100, 100, 100, 100, 7220, 7220, 20, 7220, 7220, 7220, 860, 10, 1010, 210, 120, 10, 120, 10, 10, 210, 1290, 210, 10, 120, 120, 120, 210, 210, 100, 100, 7410, 12370, 100, 100, 100, 1490, 420, 1490, 1490, 420, 420, 420, 1490, 1490, 420, 70, 70, 70, 10, 70, 70, 20, 1280, 60, 130, 5660, 420, 0, 50, 50, 50, 0, 1430, 50, 50, 230, 240, 240, 230, 240, 230, 240, 230, 240, 230, 1450, 200, 200, 200, 1450, 1450, 200, 200, 1450, 1450, 10, 360, 450, 450, 60, 200, 900, 900, 900, 1500, 200, 900, 900, 200, 200, 200, 0, 870, 0, 520, 290, 30, 3320, 20, 3320, 3320, 3320, 3320, 110, 40, 50, 10, 50, 10, 240, 15120, 15120, 330, 40, 15120, 15120, 15120, 1840, 1840, 1840, 1840, 1840, 20, 7910, 7910, 7910, 7910, 7910, 20, 20, 20, 20, 0, 0, 1060, 0, 1060, 1060, 0, 0, 1060, 0, 1060, 1390, 0, 480, 420, 420, 420, 420, 420, 510, 470, 470, 470, 470, 470, 70, 80, 180, 80, 180, 80, 180, 70, 180, 80, 80, 180, 70, 70, 70, 650, 4780, 680, 680, 0, 374690, 210, 210, 210, 210, 374690, 210, 250, 250, 250, 250, 250, 380, 380, 380, 380, 380, 3230, 2470, 2760, 60, 1890, 570, 570, 570, 570, 570, 4160, 4160, 4160, 4160, 4160, 1650, 320, 10, 1650, 1650, 1650, 1650, 2230, 0, 0, 2230, 0, 170, 2230, 0, 2230, 0, 2230, 50, 1770, 70, 120, 87830, 120, 87830, 87830, 120, 87830, 87830, 120, 120, 420, 10, 3370, 3370, 10, 20, 3370, 10, 3370, 10, 3370, 10, 70, 170, 10, 1240, 170, 70, 170, 170, 170, 180, 390, 1170, 1880, 1880, 1880, 10, 390, 390, 1880, 240, 390, 1880, 390, 20, 8740, 8740, 8740, 8740, 8740, 3310, 4860, 580, 40, 1320, 290, 40, 290, 290, 40, 20, 290, 40, 40, 290, 2930, 30, 2030, 40, 240, 240, 40, 40, 240, 240, 40, 240, 40, 9460, 9460, 9460, 9460, 9460, 300, 90, 90, 350, 90, 90, 90, 4160, 380, 8990, 8990, 8990, 8990, 8990, 4060, 210, 4060, 4060, 4060, 4060, 0, 260, 3660, 1190, 3660, 3660, 40, 3660, 3660, 7830, 9830, 9830, 9830, 9830, 9830, 740, 290, 620, 290, 290, 290, 290, 620, 230, 70, 230, 230, 70, 30, 70, 230, 70, 230, 70, 120, 1600, 380, 1560, 1600, 1600, 1600, 1600, 660, 1080, 0, 1080, 0, 1080, 0, 900, 270, 0, 320, 1080, 0, 1080, 2000, 4200, 40, 4200, 100, 100, 100, 100, 100, 980, 980, 980, 980, 980, 18610, 30, 1720, 120, 240, 10, 10, 10, 10, 10, 52680, 7130, 90, 90, 90, 90, 90, 470, 90, 2390, 50, 4220, 2390, 50, 2390, 2390, 2390, 260, 50, 50, 50, 980, 980, 980, 20, 980, 20, 20, 20, 20, 980, 2300, 420, 630, 40, 40, 40, 40, 100, 40]"
2020-11-04 19:45:00+00:00,3039660,0,1279.0,"[0, 0, 0, 0, 0, 990, 2380, 2380, 2380, 990, 2380, 2380, 0, 10, 10, 10, 880, 10, 10, 10, 220, 150, 150, 150, 10, 150, 150, 850, 340, 190, 530, 360, 530, 530, 530, 530, 18860, 18860, 18860, 18860, 18860, 5040, 980, 500, 0, 2110, 40, 2110, 1190, 1190, 0, 1190, 1190, 1190, 20, 230, 3870, 440, 440, 9890, 320, 330, 330, 330, 330, 330, 0, 0, 0, 0, 0, 0, 108660, 108660, 108660, 108660, 490, 108660, 2040, 20, 30, 20, 40, 660, 30, 350, 30, 30, 30, 30, 130, 40, 50, 60, 520, 1800, 0, 3940, 10, 10, 10, 10, 10, 190, 10, 10, 310, 150, 320, 1550, 160, 10, 20, 90, 30, 130, 30, 38770, 30, 38770, 130, 38770, 130, 38770, 30, 130, 30, 130, 30, 38770, 3380, 170, 3380, 3380, 3380, 3380, 120, 70, 800, 40, 220, 40, 40, 40, 800, 70, 40, 50, 410, 60, 60, 60, 60, 60, 840, 2270, 4430, 790, 4430, 40, 180, 700, 70, 70, 70, 70, 70, 10, 60, 60, 10, 3130, 60, 10, 60, 60, 10, 10, 5060, 440, 910, 0, 0, 0, 0, 0, 80, 0, 210, 1420, 1420, 1420, 6460, 210, 1440, 1420, 210, 1440, 1420, 210, 1440, 210, 1440, 80, 1440, 370, 370, 370, 370, 370, 230, 1320, 1720, 190, 190, 190, 190, 190, 8930, 1290, 1290, 1290, 1290, 1290, 420, 650, 220, 260, 220, 220, 220, 220, 7510, 130, 130, 170, 130, 2710, 170, 170, 100, 130, 170, 170, 130, 1180, 1180, 1180, 1180, 1180, 10, 300, 300, 300, 300, 300, 1740, 120, 3230, 6490, 70, 6490, 6490, 70, 6490, 70, 6490, 70, 70, 90, 20, 910, 100, 100, 910, 100, 100, 100, 220, 220, 220, 220, 220, 120, 20, 330, 120, 20, 20, 20, 20, 330, 330, 20, 330, 20, 330, 0, 5120, 2210, 560, 560, 560, 2210, 560, 2210, 2210, 2210, 560, 4300, 4300, 4300, 4300, 4300, 128080, 1360, 1360, 140, 70, 2950, 320, 80, 360, 360, 80, 2440, 1500, 1500, 230, 20, 1500, 2440, 1500, 2440, 2440, 1500, 2440, 10580, 10580, 10580, 10580, 10580, 50, 1350, 500, 500, 50, 50, 500, 50, 500, 1350, 50, 500, 2480, 2480, 6350, 150, 150, 150, 150, 150, 0, 0, 540, 3090, 160, 3090, 160, 680, 3090, 160, 160, 3090, 3090, 160, 2770, 180, 10, 80, 80, 80, 80, 80, 20, 20, 20, 20, 20, 560, 560, 560, 560, 560, 3870, 780, 3870, 480, 3870, 3870, 3870, 340, 10, 10, 10, 10, 10, 710, 30, 9700, 30, 110, 30, 30, 30, 100, 100, 100, 100, 100, 120, 120, 10100, 120, 120, 410, 120, 120, 120, 10100, 10100, 10100, 10100, 70, 20, 20, 70, 20, 20, 20, 0, 690, 560, 3140, 3380, 1010, 10, 140, 140, 140, 140, 30, 140, 540, 0, 0, 0, 0, 0, 2420, 630, 5910, 5910, 5910, 8480, 2410, 5910, 5910, 3280, 4200, 470, 470, 470, 470, 470, 550, 620, 620, 550, 620, 550, 550, 620, 550, 620, 880, 880, 1430, 1430, 700, 1430, 1430, 1430, 8290, 40, 40, 8290, 40, 40, 40, 10, 10, 10, 120, 10, 10, 1450, 1450, 1450, 1450, 20, 22160, 1450, 5210, 6450, 5210, 6450, 5210, 6450, 5210, 6450, 5210, 6450, 60, 60, 60, 60, 60, 7190, 460, 310, 310, 460, 310, 460, 310, 460, 310, 460, 30, 5410, 30, 20, 20, 20, 110, 20, 20, 200, 200, 10, 10, 10, 10, 40, 10, 840, 360, 2280, 5100, 5100, 2280, 840, 2280, 5100, 2280, 840, 5100, 2280, 840, 840, 5100, 290, 290, 450, 290, 290, 290, 226190, 0, 30, 3660, 3660, 3660, 3660, 3660, 70, 70, 70, 70, 70, 130, 40, 130, 780, 3190, 40, 130, 130, 130, 10, 10, 60, 60, 10, 60, 10, 60, 60, 10, 20, 13930, 20, 2200, 10590, 20, 20, 20, 50, 50, 50, 50, 50, 710, 40, 40, 1670, 11920, 140, 20, 0, 40, 60, 60, 30, 40, 60, 40, 60, 40, 60, 40, 540, 540, 540, 110, 540, 540, 80, 260, 150, 150, 100, 20, 400, 30, 370, 960, 1330, 960, 960, 960, 960, 40, 1130, 40, 1130, 301620, 1130, 40, 1130, 40, 1130, 40, 190, 1980, 10, 10, 10, 10, 10, 60, 930, 930, 930, 930, 930, 490, 1230, 1810, 350, 300, 600, 10, 19730, 10, 19730, 10, 10, 10, 5920, 3390, 4110, 0, 20, 2430, 20, 20, 20, 20, 3620, 3620, 3620, 10, 40, 3620, 3620, 40, 410, 40, 40, 40, 40, 40, 140, 140, 40, 140, 40, 40, 140, 140, 40, 40, 100, 1650, 360, 110, 110, 110, 110, 110, 10, 0, 10, 0, 10, 0, 0, 0, 10, 10, 5640, 5640, 5640, 5640, 5640, 3780, 3780, 3780, 3780, 3780, 20, 2430, 2430, 2430, 2430, 2430, 2570, 400, 2570, 2570, 2570, 400, 2570, 1650, 20, 1650, 1650, 1650, 1650, 3280, 13240, 30, 270, 270, 40, 270, 270, 270, 2240, 1810, 1070, 2240, 2240, 2240, 2240, 340, 170, 3240, 3830, 3240, 3240, 3240, 3240, 6780, 380, 170, 60, 30, 6000, 10, 4020, 10, 100, 100, 100, 100, 100, 10, 10, 13370, 3770, 200, 200, 140, 860, 2870, 3820, 300, 140, 10790, 10, 140, 500, 10, 2010, 20, 2010, 2010, 2010, 2010, 10, 4530, 9890, 4530, 9890, 160, 160, 70, 20, 70, 160, 1040, 20, 160, 70, 20, 20, 160, 70, 20, 70, 90, 3000, 1080, 110, 50, 630, 50, 50, 630, 50, 50, 630, 20, 630, 630, 20, 630, 20, 20, 20, 630, 470, 190, 60, 630, 630, 610, 630, 630, 630, 10, 10, 10, 10, 10, 3640, 0, 140, 0, 140, 140, 0, 140, 0, 140, 0, 380, 10, 0, 0, 110, 0, 0, 0, 80, 130, 130, 130, 130, 130, 3750, 2360, 2360, 2360, 2360, 2360, 10, 20, 10, 20, 10, 10, 20, 20, 20, 10, 90, 90, 340, 10, 10, 30, 340, 340, 30, 340, 10, 340, 10, 10, 1980, 10, 1980, 200, 1980, 200, 1980, 10, 1980, 120, 2630, 2630, 120, 60, 13290, 13290, 13290, 13290, 1720, 13290, 30, 780, 100, 450, 1000, 1000, 1000, 1000, 1000, 50, 1390, 80, 220, 80, 80, 220, 80, 220, 80, 220, 220, 0, 0, 80, 0, 0, 0, 1650, 1650, 1650, 960, 1650, 1650, 10, 180, 90, 2190, 2190, 2190, 90, 2190, 90, 90, 200, 2190, 90, 790, 790, 790, 790, 790, 1700, 120, 190, 120, 190, 20, 120, 120, 120, 120, 120, 130, 140, 490, 370, 370, 370, 370, 370, 30, 30, 740, 30, 30, 30, 780, 780, 10, 780, 780, 780, 10, 220, 10, 220, 220, 10, 220, 10, 220, 10, 1860, 10, 3970, 610, 100, 40, 370, 1180, 20, 30, 150, 30, 150, 30, 150, 150, 150, 30, 30, 1890, 1890, 1890, 1890, 1890, 120, 5570, 1650, 1650, 1650, 1650, 1650, 3080, 70, 70, 3080, 70, 70, 3080, 70, 3080, 3080, 10, 20, 50, 200, 450, 200, 1740, 0, 380, 1740, 1740, 1740, 1740, 10, 10, 10, 10, 10, 0, 0, 0, 0, 0, 20, 90, 17580, 17580, 17580, 17580, 17580, 20, 0, 190, 230, 0, 80, 5350, 5350, 170, 170, 280, 170, 170, 170, 340, 80, 40, 380, 10, 80, 10, 10, 10, 1700, 10, 370, 1140, 1270, 220, 200, 140, 200, 140, 140, 140, 140, 20, 1370, 6140, 20, 1170, 3030, 3030, 1170, 1170, 1170, 1170, 1840, 1840, 1840, 1840, 1840, 30, 30, 410, 30, 30, 30, 150, 150, 3240, 30, 30, 30, 30, 30, 1610, 120, 19480, 0, 120, 120, 120, 120, 200, 200, 400, 2800, 1440, 1440, 1160, 1440, 1440, 2800, 2800, 2800, 2800, 1440, 90, 260, 90, 90, 1170, 260, 90, 260, 90, 260, 90, 260, 400, 30, 150, 10, 70, 30, 70, 70, 70, 150, 30, 10, 150, 10, 150, 70, 30, 30, 10, 150, 10, 850, 850, 50, 850, 850, 850, 840, 10, 720, 850, 1450, 1940, 1940, 1940, 1940, 1940, 1470, 100, 1470, 1470, 1470, 1470]"
2020-11-04 19:50:00+00:00,4117300,0,1067.0,"[210, 11220, 4360, 1530, 220, 40, 40, 40, 220, 40, 220, 40, 220, 220, 10, 180, 10, 10, 10, 10, 100, 300, 300, 300, 230, 300, 300, 3460, 3460, 3460, 3460, 3460, 0, 3480, 3480, 3480, 3480, 3480, 2380, 80, 160, 160, 160, 160, 160, 160, 5740, 5740, 2920, 2920, 2920, 2920, 2920, 2340, 2720, 40, 880, 2720, 15760, 880, 2720, 40, 880, 40, 2720, 880, 40, 2720, 40, 880, 170, 190, 190, 190, 110, 190, 170, 110, 110, 110, 190, 110, 100, 60, 40, 40, 60, 40, 40, 40, 20, 10, 10, 10, 10, 10, 1080, 220, 220, 220, 220, 220, 100, 80, 80, 80, 80, 80, 10, 1430, 20, 1120, 1120, 1120, 1120, 1120, 6780, 6780, 6780, 10, 6780, 6780, 340, 430, 430, 340, 3490, 430, 340, 430, 340, 430, 340, 20, 20, 20, 20, 790, 20, 2700, 2700, 2700, 390, 2700, 2700, 3760, 1530, 1530, 1530, 1530, 1530, 0, 0, 1530, 670, 230, 230, 230, 230, 230, 3350, 3350, 3350, 3350, 3350, 5150, 5150, 70, 340, 5150, 5150, 5150, 70, 100, 10, 270, 1630, 1630, 1630, 1630, 1630, 20, 510, 130, 510, 510, 510, 510, 2210, 40, 40, 40, 40, 40, 240, 240, 240, 240, 240, 20, 20, 20, 20, 100, 20, 440, 750, 0, 380, 2170, 120, 20, 120, 20, 20, 120, 120, 20, 120, 20, 7660, 320, 60, 320, 320, 7660, 320, 320, 4060, 210, 210, 210, 130, 210, 60, 210, 4010, 4010, 4010, 4010, 4010, 220, 40, 40, 220, 40, 40, 1280, 220, 40, 220, 220, 9140, 3580, 14790, 450, 330, 250, 70, 40, 50, 50, 2110, 50, 50, 50, 2190, 10, 2840, 8230, 10, 480, 510, 2400, 480, 480, 480, 480, 5340, 1160, 4970, 240, 50, 30, 50, 4970, 4970, 50, 50, 50, 4970, 4970, 310, 110, 110, 20, 110, 110, 110, 2960, 2960, 2960, 2960, 2960, 50, 20, 80, 80, 80, 80, 80, 80, 80, 80, 80, 80, 0, 280, 80, 350, 100, 3040, 950, 10, 950, 10, 950, 10, 10, 950, 10, 950, 150, 500, 150, 360, 150, 500, 150, 150, 60, 8500, 7240, 350, 7480, 7240, 7240, 7240, 7240, 3720, 3720, 3720, 840, 3720, 3720, 43230, 1090, 270, 270, 270, 270, 270, 6520, 160, 3740, 18710, 40, 200, 240, 20, 2360, 3620, 0, 0, 3740, 3740, 3740, 3740, 3740, 900, 130, 130, 130, 130, 900, 130, 419970, 419970, 419970, 419970, 419970, 6830, 1810, 2460, 40, 100, 1900, 20, 110, 110, 20, 110, 20, 20, 110, 20, 20, 20, 110, 220, 10, 20, 220, 1060, 8060, 40, 50, 50, 0, 560, 50, 50, 50, 290, 290, 590, 290, 210, 290, 50, 290, 2390, 300, 160, 560, 1200, 560, 1200, 1200, 1200, 1200, 270, 5240, 4140, 1290, 40, 4140, 1290, 1290, 4140, 1290, 4140, 4140, 1290, 190, 50, 190, 4850, 4850, 4850, 10, 10, 10, 90, 4850, 4850, 10, 10, 70, 460, 460, 70, 70, 70, 460, 460, 70, 460, 1690, 1690, 30, 1690, 1690, 1770, 1690, 230, 3080, 740, 30, 40, 20, 20, 40, 40, 20, 40, 20, 20, 40, 40, 940, 3730, 3730, 3730, 3730, 3730, 3260, 5740, 1260, 12870, 1260, 50, 3740, 1260, 5740, 1260, 1260, 20, 630, 1570, 1570, 1570, 1570, 1570, 230, 200, 200, 0, 40, 10, 10, 10, 10, 10, 26570, 5430, 14240, 14240, 1230, 14240, 5430, 14240, 5430, 14240, 5430, 5430, 0, 1020, 160, 50, 290, 2300, 320, 0, 2530, 2130, 2130, 480, 480, 480, 480, 480, 2040, 160, 2040, 160, 2040, 2040, 2040, 2390, 2390, 30, 2390, 2390, 2390, 3510, 20, 20, 20, 20, 20, 3120, 70, 70, 70, 70, 70, 20, 20, 20, 20, 20, 1750, 400, 0, 200, 200, 200, 200, 200, 0, 0, 0, 0, 0, 20, 2070, 310, 440, 1570, 210, 290, 530, 530, 530, 530, 530, 290, 290, 290, 290, 40, 40, 40, 40, 40, 160, 160, 160, 160, 160, 300, 490, 30, 430, 50, 110, 60, 3230, 60, 60, 60, 60, 0, 40, 530, 1260, 190, 0, 20, 590, 80, 190, 4870, 740, 3650, 110, 110, 840, 110, 110, 410, 110, 1200, 1200, 1200, 1200, 1200, 380, 380, 380, 380, 380, 190, 190, 1520, 110, 1520, 110, 1520, 110, 1520, 110, 1520, 110, 840, 600, 150, 200, 40, 40, 40, 40, 40, 10, 100, 4230, 20, 310, 100, 20, 100, 20, 100, 20, 100, 20, 30, 660, 30, 30, 30, 30, 0, 200, 70, 30, 810, 30, 30, 30, 30, 104620, 1570, 0, 0, 0, 0, 0, 40, 460, 460, 460, 460, 460, 330, 240, 170, 170, 170, 170, 170, 620, 70, 70, 70, 70, 70, 1560, 1560, 1560, 2930, 1560, 1560, 170, 170, 170, 170, 170, 150, 0, 0, 0, 0, 0, 0, 240, 70, 240, 240, 6700, 240, 240, 3280, 3280, 3280, 3280, 3280, 60, 60, 30, 60, 30, 60, 30, 30, 60, 30, 10, 3600, 370, 3600, 3600, 3600, 3600, 160, 440, 440, 440, 440, 440, 280, 4420, 4420, 4420, 4420, 4420, 30, 0, 0, 0, 0, 0, 0, 2110, 2110, 2110, 2110, 2110, 1090, 230, 540, 540, 540, 540, 230, 540, 170, 510, 40, 190, 870, 210, 100, 100, 100, 100, 100, 3550, 0, 20, 0, 0, 0, 0, 0, 590, 1600, 590, 1600, 590, 590, 590, 60, 290, 1830, 2250, 31470, 31470, 31470, 31470, 31470, 60, 80, 610, 30, 30, 30, 30, 30, 830, 110, 440, 2420, 1760, 280, 6500, 6500, 3760, 6500, 6500, 3760, 3760, 3760, 3760, 6500, 240, 150, 40, 240, 150, 240, 150, 240, 150, 240, 150, 30, 2420, 2420, 2420, 0, 2420, 2420, 5420, 4290, 130, 50, 450, 450, 450, 450, 450, 310, 310, 8630, 310, 80, 130, 310, 310, 140, 4250, 10, 10, 4250, 4250, 4250, 10, 4250, 10, 10, 200, 360, 360, 360, 360, 360, 3300, 100, 60, 60, 60, 60, 60, 3960, 6470, 43670, 60, 43670, 43670, 43670, 43670, 10, 10, 10, 10, 10, 430, 22980, 0, 8000, 8000, 0, 8000, 0, 8000, 0, 8000, 0, 5460, 5700, 240, 10090, 10090, 10090, 10090, 10090, 430, 3110, 80, 870, 16320, 16320, 16320, 16320, 16320, 0, 1000, 200, 2060, 300, 200, 300, 300, 300, 300, 10, 120, 120, 120, 10, 120, 120, 2800, 0, 0, 2800, 0, 2800, 0, 2800, 0, 2800, 120, 300, 70, 70, 300, 70, 70, 70, 2100, 3040, 30, 3160, 2750, 150, 2410, 570, 10, 570, 570, 570, 10, 10, 10, 570, 10, 10, 4110, 0, 50, 50, 3420, 0, 3420, 0, 50, 50, 3420, 0, 50, 0, 3420, 3420, 270, 350, 350, 350, 350, 9890, 230, 350, 0, 6090, 0]"
2020-11-04 19:55:00+00:00,1305730,0,905.0,"[2860, 70, 2860, 2860, 2860, 2860, 570, 1340, 4450, 50, 50, 50, 50, 50, 450, 420, 370, 370, 370, 370, 370, 1770, 1770, 1400, 1400, 1400, 1400, 1400, 60, 200, 350, 350, 350, 350, 350, 2060, 40, 90, 10, 10, 30, 130, 130, 130, 130, 130, 530, 530, 530, 530, 530, 770, 50, 10, 10, 50, 10, 50, 50, 50, 10, 10, 8300, 570, 10, 410, 1590, 3060, 4700, 120, 0, 240, 240, 80, 240, 240, 80, 0, 80, 80, 0, 240, 80, 0, 0, 510, 0, 0, 0, 0, 0, 180, 180, 460, 180, 180, 180, 8000, 2480, 220, 610, 610, 1500, 610, 220, 610, 220, 610, 220, 220, 10, 10, 10, 3110, 3110, 10, 1390, 3110, 10, 3110, 3110, 140, 40, 12270, 50, 730, 5190, 730, 730, 730, 730, 0, 0, 0, 0, 0, 3140, 3140, 3140, 40, 3140, 3140, 1690, 1690, 1690, 1690, 1690, 200, 30, 200, 50, 40, 40, 40, 40, 40, 2080, 10, 30, 2040, 2040, 2040, 2040, 2040, 1410, 90, 470, 3700, 470, 3700, 90, 3700, 470, 470, 470, 90, 3700, 3700, 90, 90, 1610, 1610, 2770, 1610, 1610, 1610, 130, 10, 460, 0, 10, 17290, 130, 570, 570, 440, 1150, 2760, 1760, 1760, 3930, 1760, 1760, 180, 1760, 60, 280, 1510, 850, 3280, 3670, 2330, 2330, 2330, 2330, 2330, 210, 210, 210, 210, 210, 70, 70, 70, 70, 70, 70, 650, 650, 650, 280, 650, 650, 250, 40, 10, 150, 60, 140, 220, 140, 140, 220, 140, 220, 220, 220, 140, 60, 640, 60, 60, 660, 60, 60, 60, 2330, 3480, 2330, 3480, 3480, 2330, 3480, 2330, 3480, 2330, 200, 160, 2310, 3980, 20, 6620, 510, 100, 1550, 0, 110, 1550, 1550, 1550, 1550, 6210, 300, 300, 6210, 300, 300, 300, 480, 0, 480, 480, 480, 480, 230, 10, 10, 10, 10, 10, 340, 340, 340, 340, 300, 20, 340, 420, 60, 1780, 420, 420, 420, 420, 1230, 1230, 1230, 450, 1230, 1230, 250, 320, 0, 290, 0, 0, 0, 0, 830, 50, 140, 140, 50, 50, 50, 140, 140, 50, 140, 2900, 20, 20, 570, 20, 20, 20, 91530, 91530, 0, 950, 5590, 240, 240, 240, 240, 240, 170, 170, 90, 20, 170, 170, 170, 730, 730, 60, 730, 730, 730, 180, 360, 360, 360, 360, 360, 50, 30, 130, 130, 130, 130, 130, 70, 70, 70, 70, 70, 10, 10, 10, 10, 10, 70, 70, 550, 70, 70, 70, 490, 490, 490, 50, 490, 490, 20, 2750, 2750, 2750, 350, 2750, 2750, 260, 2320, 2320, 2320, 2320, 2320, 60, 20, 2250, 80, 920, 320, 320, 3750, 920, 920, 320, 320, 920, 920, 320, 15190, 30, 30, 30, 30, 30, 1250, 10, 1250, 1250, 1250, 1250, 3360, 1310, 1310, 40, 1310, 1310, 1310, 280, 0, 30, 1640, 1640, 1640, 1640, 70, 1640, 110, 550, 110, 110, 110, 110, 180, 580, 30, 180, 4220, 4220, 180, 180, 180, 330, 3340, 370, 370, 170, 370, 10, 170, 370, 560, 370, 170, 150, 170, 170, 300, 220, 30, 30, 60, 30, 220, 30, 220, 220, 220, 30, 1380, 1380, 1380, 1380, 1380, 3730, 60, 3520, 410, 34240, 30, 90, 2150, 5480, 5480, 5480, 5480, 5480, 990, 30, 30, 80, 30, 30, 30, 310, 310, 310, 310, 310, 2020, 30180, 50, 720, 4090, 110, 10, 10, 10, 110, 4090, 10, 4090, 110, 110, 4090, 10, 110, 4090, 410, 410, 410, 410, 20, 410, 60, 550, 550, 550, 550, 550, 0, 20, 0, 0, 0, 20, 0, 20, 0, 0, 20, 0, 40, 20, 0, 0, 2200, 2200, 20, 2200, 2200, 2200, 1620, 30, 520, 520, 1620, 30, 22270, 520, 1620, 30, 520, 1620, 30, 520, 1620, 30, 720, 720, 720, 720, 720, 240, 300, 20, 20, 20, 1760, 20, 20, 300, 120, 3100, 2010, 3100, 120, 3100, 3100, 120, 3100, 120, 120, 3530, 170, 0, 90, 1850, 1770, 23400, 170, 23400, 330, 330, 330, 330, 330, 80, 180, 80, 180, 430, 50, 150, 80, 80, 180, 80, 180, 180, 2820, 1620, 550, 280, 2280, 0, 0, 0, 2780, 0, 0, 11490, 2300, 2300, 11490, 110, 11490, 11490, 2300, 11490, 2300, 2300, 120, 20, 10, 60, 260, 10, 60, 60, 60, 60, 10, 10, 10, 10, 10, 80, 80, 80, 80, 80, 90, 940, 20, 11100, 11100, 11100, 11100, 11100, 1570, 110, 820, 170, 820, 820, 820, 820, 20, 20, 20, 20, 20, 280, 50, 560, 60, 5150, 5150, 1900, 90, 330, 0, 1220, 230, 230, 230, 230, 230, 250, 17130, 3680, 3680, 3680, 3680, 3680, 60, 3460, 4660, 4660, 4660, 4660, 4660, 20, 180, 320, 3680, 2000, 3680, 3680, 3680, 3680, 140, 1470, 3760, 3760, 4380, 3760, 3760, 3760, 850, 600, 850, 850, 600, 600, 850, 850, 600, 600, 320, 420, 460, 460, 460, 460, 460, 570, 60, 570, 570, 570, 570, 180, 180, 20, 2480, 130, 130, 2990, 300, 130, 130, 130, 1360, 1360, 1360, 1360, 1360, 60, 60, 60, 60, 60, 40, 120, 120, 120, 30, 120, 30, 30, 120, 30, 30, 10, 130, 10, 960, 10, 130, 10, 130, 130, 10, 130, 560, 40, 10, 240, 28140, 980, 980, 980, 980, 980, 160, 160, 160, 160, 160, 11440, 20, 20, 20, 20, 20, 3620, 550, 440, 30, 720, 30, 30, 30, 30, 250, 50, 300, 300, 50, 300, 300, 300, 30, 30, 150, 0, 0, 0, 0, 0, 190, 190, 190, 190, 190, 740, 730, 300, 730, 11690, 730, 300, 300, 300, 300, 730, 730, 160, 160, 160, 160, 160, 3660, 10, 1100, 4140, 4140, 4140, 4140, 4140]"
2020-11-04 20:00:00+00:00,1091760,0,887.0,"[1610, 1610, 1610, 1610, 1610, 0, 420, 3220, 3220, 3220, 3220, 3220, 300, 300, 80, 300, 300, 4410, 300, 360, 30, 30, 30, 30, 30, 530, 10, 530, 10, 530, 320, 530, 10, 10, 530, 10, 20, 110, 20, 20, 110, 20, 20, 15150, 4090, 15150, 0, 15150, 4090, 15150, 15150, 2080, 4470, 2080, 20, 10, 400, 80, 80, 1530, 80, 80, 80, 570, 3100, 3100, 3100, 3100, 3100, 20, 260, 280, 20, 20, 260, 20, 260, 20, 260, 260, 590, 310, 360, 1510, 360, 360, 360, 360, 150, 150, 1320, 150, 150, 150, 2430, 610, 20, 300, 3580, 300, 300, 300, 430, 300, 0, 0, 130, 770, 1760, 770, 1830, 30, 40, 10, 20, 10, 10, 20, 650, 20, 650, 650, 10, 20, 20, 650, 650, 10, 80, 13310, 520, 130, 2230, 130, 2230, 2230, 130, 2230, 130, 130, 2230, 630, 630, 10, 630, 630, 630, 140, 120, 70, 70, 70, 70, 70, 1400, 130, 130, 130, 130, 130, 350, 350, 380, 520, 520, 520, 130, 520, 520, 4220, 60, 90, 60, 90, 90, 90, 60, 90, 60, 60, 0, 210, 170, 170, 170, 170, 170, 10, 20, 20, 20, 20, 20, 250, 110, 470, 2940, 180, 20, 20, 20, 20, 20, 20, 1140, 720, 190, 30, 720, 720, 720, 130, 720, 100, 2810, 2340, 2810, 2810, 2810, 2810, 3840, 0, 11950, 30, 30, 30, 30, 30, 800, 800, 10, 800, 800, 800, 230, 120, 230, 230, 230, 230, 10210, 10210, 13590, 890, 10210, 10210, 10210, 410, 10, 410, 1990, 410, 410, 410, 60, 60, 60, 60, 60, 270, 10, 270, 270, 270, 270, 30, 10, 10, 10, 10, 10, 260, 1010, 2790, 3160, 0, 80, 270, 2460, 380, 2460, 2460, 380, 380, 2460, 380, 2460, 380, 10, 10, 10, 10, 10, 0, 1460, 2000, 2000, 220, 3500, 2000, 2000, 2000, 0, 0, 1580, 1200, 1200, 1200, 1200, 1200, 20, 20, 220, 10, 90, 490, 490, 40, 490, 490, 490, 2770, 80, 80, 2770, 2770, 80, 80, 2770, 80, 2770, 230, 530, 270, 530, 330, 600, 330, 600, 330, 330, 600, 600, 600, 330, 33570, 0, 140, 420, 140, 140, 140, 140, 1010, 70, 120, 120, 120, 120, 120, 80, 80, 80, 80, 80, 490, 490, 490, 490, 490, 140, 10, 140, 140, 10, 140, 10, 140, 10, 10, 10, 50, 10, 10, 50, 10, 50, 50, 10, 50, 90, 100, 100, 100, 70, 100, 100, 100, 100, 110, 420, 110, 110, 3170, 110, 110, 90, 450, 270, 0, 1860, 0, 0, 0, 0, 1880, 1880, 0, 1880, 1880, 0, 1880, 50, 20, 5890, 50, 20, 20, 20, 20, 10, 1190, 420, 40, 860, 40, 420, 860, 860, 40, 420, 860, 420, 40, 40, 420, 860, 3090, 5890, 880, 880, 880, 5890, 880, 5890, 880, 5890, 5890, 740, 740, 740, 740, 740, 150, 150, 150, 150, 150, 10, 0, 110, 30, 60, 4820, 4820, 40, 30, 2830, 10, 990, 990, 10, 990, 10, 990, 10, 10, 990, 8570, 470, 23820, 1130, 1320, 120, 150, 150, 150, 150, 150, 1700, 700, 170, 700, 40, 170, 700, 170, 700, 170, 700, 170, 3660, 0, 70, 40, 70, 70, 29370, 70, 70, 70, 280, 3160, 50, 50, 50, 2430, 50, 50, 30, 30, 30, 30, 30, 70, 2380, 2260, 250, 2380, 280, 250, 2380, 2260, 2380, 2260, 280, 250, 250, 280, 2260, 280, 250, 2380, 2260, 280, 270, 270, 1740, 270, 270, 270, 640, 10, 620, 640, 10, 620, 640, 10, 10, 620, 640, 10, 620, 640, 620, 0, 440, 590, 50, 50, 50, 50, 50, 1090, 1090, 1090, 850, 1090, 1090, 370, 500, 320, 3220, 320, 3220, 320, 320, 3220, 3220, 320, 3220, 60, 3660, 3660, 60, 60, 3660, 60, 3660, 3660, 60, 3100, 60, 3840, 3840, 8190, 40, 30, 360, 30, 30, 1100, 21040, 40, 4040, 4040, 4040, 4040, 4040, 480, 480, 480, 480, 480, 230, 260, 230, 2850, 230, 230, 230, 7280, 7280, 5850, 7280, 7280, 7280, 1840, 470, 280, 10, 2680, 2680, 2680, 2680, 2680, 100, 270, 100, 100, 100, 100, 110, 1640, 740, 380, 380, 380, 380, 380, 1060, 1060, 1060, 1060, 1060, 20, 20, 40, 40, 20, 40, 40, 20, 40, 20, 300, 210, 210, 210, 300, 300, 210, 300, 300, 210, 60, 60, 60, 60, 60, 6210, 0, 240, 700, 10, 6730, 2100, 210, 19570, 2210, 2210, 2210, 2210, 2210, 3110, 3110, 3110, 3110, 3110, 2980, 3390, 2390, 2390, 1200, 20, 540, 30, 6070, 6070, 6070, 6070, 6070, 520, 170, 520, 520, 0, 2600, 170, 520, 2600, 170, 520, 2600, 170, 2600, 170, 2600, 540, 540, 540, 540, 540, 90, 310, 90, 90, 310, 90, 90, 310, 310, 310, 10, 10, 10, 10, 10, 10, 10, 70, 10, 10, 10, 6070, 20, 6070, 6070, 6070, 6070, 600, 140, 40, 1180, 6400, 2180, 460, 460, 460, 460, 460, 360, 360, 360, 360, 360, 380, 380, 380, 380, 380, 40, 210, 630, 2120, 2550, 690, 6020, 160, 660, 370, 0, 630, 3230, 40, 3230, 3230, 3230, 3230, 550, 660, 660, 660, 660, 660, 200, 10, 10, 340, 70, 70, 70, 70, 70, 2980, 30, 20, 20, 20, 540, 2980, 30, 20, 20, 710, 2080, 530, 530, 1490, 530, 530, 530, 0, 10, 50, 10, 28230, 70, 2040, 30, 30, 30, 30, 30, 230, 230, 230, 230, 230, 2750, 170, 20, 40, 230, 80, 80, 80, 80, 80, 1680, 0, 220, 220, 220, 220, 220]"
2020-11-04 20:05:00+00:00,1109610,0,578.0,"[4680, 1450, 1450, 1450, 1450, 1450, 10, 10, 10, 10, 930, 10, 10, 650, 0, 650, 650, 0, 650, 650, 600, 420, 30, 30, 30, 30, 30, 3880, 3880, 1250, 10, 10, 2090, 30, 20, 20, 400, 520, 130, 3660, 20, 50, 60, 50, 50, 50, 60, 60, 60, 50, 60, 70, 90, 90, 90, 90, 90, 200, 20, 20, 20, 20, 20, 5880, 1250, 140, 130, 130, 140, 1250, 130, 1250, 1250, 140, 140, 130, 130, 1250, 140, 20, 20, 20, 20, 20, 10, 10, 10, 10, 10, 700, 30, 10, 70, 1140, 1280, 290, 290, 290, 290, 290, 30, 410, 40, 1070, 20, 220, 3980, 3980, 3980, 3980, 3980, 3140, 80, 80, 80, 80, 80, 5670, 90, 90, 5670, 5670, 5670, 90, 90, 5670, 90, 0, 10, 1330, 20, 170, 740, 740, 740, 740, 740, 0, 7290, 10, 10, 10, 10, 10, 10, 10, 260, 20, 620, 620, 620, 620, 620, 10, 290, 980, 120, 980, 40, 120, 980, 980, 120, 120, 980, 120, 450, 260, 450, 450, 450, 450, 980, 150, 150, 150, 150, 150, 650, 1000, 130, 1000, 130, 1000, 1000, 1000, 280, 2680, 240, 8550, 10, 3170, 4280, 3170, 3170, 3170, 3170, 550, 550, 550, 3490, 550, 550, 10, 10, 10, 10, 10, 10, 310, 360, 310, 310, 310, 310, 310, 820, 1470, 0, 1470, 0, 1470, 0, 1470, 0, 1470, 0, 2650, 3060, 300, 30, 30, 30, 30, 30, 8990, 8990, 50, 160, 160, 160, 160, 160, 4490, 4490, 100, 4490, 4490, 4490, 1840, 0, 410, 410, 20, 410, 410, 410, 4200, 4200, 4200, 4200, 4200, 9420, 1150, 1150, 30, 20, 1150, 1150, 1150, 1560, 620, 4240, 350, 1980, 100, 530, 530, 530, 530, 530, 90, 90, 250, 90, 23790, 23790, 90, 23790, 23790, 90, 10, 870, 200, 3180, 3180, 3180, 3180, 3180, 1760, 3000, 2600, 80, 20, 110, 2000, 2000, 0, 170, 0, 320, 60, 1210, 320, 320, 44480, 190, 320, 190, 190, 44480, 320, 190, 320, 190, 610, 280, 4370, 610, 390, 390, 20, 20, 390, 390, 20, 390, 390, 20, 390, 20, 1860, 2510, 30, 1560, 2510, 2510, 2510, 2510, 70, 880, 880, 880, 880, 880, 470, 470, 470, 470, 470, 530, 10, 530, 530, 530, 530, 10, 15680, 15680, 15680, 15680, 670, 670, 670, 670, 670, 8760, 8760, 8760, 8760, 8760, 4690, 4410, 840, 160, 970, 9960, 110, 10, 1640, 40, 2490, 270, 270, 230, 270, 270, 10, 230, 230, 270, 230, 230, 450, 1300, 30, 4480, 80, 150, 150, 150, 150, 150, 440, 20, 30, 30, 30, 30, 30, 40, 11650, 1300, 20, 20, 20, 20, 20, 20, 160, 6680, 120, 120, 120, 120, 120, 50, 50, 50, 50, 50, 320, 50, 320, 320, 320, 320, 240, 1840, 1840, 240, 1840, 1840, 1840, 80, 1350, 80, 160, 80, 80, 0, 80, 80, 80, 120, 120, 80, 120, 120, 120, 4460, 70, 4460, 4980, 500, 500, 3610, 500, 500, 500, 50, 20080, 80, 340, 7700, 10, 2650, 2890, 30, 4710, 4710, 4710, 4710, 4710, 3160, 10810, 100, 410, 6850, 6850, 6850, 6850, 6850, 10, 10, 10, 10, 10, 230, 2480, 2480, 430, 2480, 2480, 2480, 1110, 250, 5280, 2360, 1030, 30, 460, 460, 460, 460, 460, 110, 90, 13870, 320, 10, 21980, 21980, 450, 21610, 10, 270, 10, 10, 10, 10, 670, 1020, 1020, 1020, 1020, 1020, 530, 140, 140, 140, 140, 140, 60, 60, 60, 60, 60, 2570, 2570, 20, 2570, 2570, 2570, 7940, 7940, 7940, 7940, 60, 7940, 18370, 18370, 18370, 18370, 18370, 3940, 1330, 1330]"
2020-11-04 20:10:00+00:00,1088340,0,556.0,"[250, 40, 40, 40, 40, 40, 40, 110, 250, 40, 40, 40, 40, 40, 120, 360, 360, 360, 360, 360, 230, 230, 230, 230, 230, 150, 150, 500, 500, 500, 500, 500, 3260, 3260, 40, 3260, 3260, 3260, 10, 10, 40, 10, 10, 10, 10, 10, 40, 40, 0, 40, 40, 40, 20, 2890, 100, 26120, 100, 100, 26120, 100, 26120, 100, 26120, 26120, 20440, 0, 800, 6850, 140, 40, 4950, 260, 260, 260, 260, 260, 50, 50, 50, 50, 50, 30, 690, 690, 690, 690, 690, 120, 120, 120, 120, 120, 340, 0, 3040, 2860, 7450, 7450, 7450, 7450, 7450, 1480, 1480, 6670, 1480, 1480, 1480, 3230, 430, 1180, 20, 360, 150, 150, 150, 150, 150, 20, 160, 250, 250, 250, 250, 250, 2430, 20, 200, 2390, 20, 20, 20, 20, 20, 3910, 2550, 35760, 50, 240, 230, 170, 510, 30, 30, 30, 30, 30, 4800, 4800, 4800, 4800, 4800, 0, 10, 39670, 2380, 280, 660, 660, 660, 90, 280, 660, 280, 660, 280, 280, 2370, 10, 10, 720, 40, 450, 450, 120, 90, 750, 40, 40, 40, 40, 40, 60, 120, 60, 30, 10, 10, 1010, 10, 10, 10, 460, 580, 1810, 580, 580, 580, 1810, 580, 1810, 1810, 1810, 1880, 1880, 20, 1880, 1880, 1880, 30, 30, 30, 30, 30, 360, 360, 360, 360, 380, 360, 6520, 0, 420, 0, 0, 0, 0, 900, 280, 80, 810, 580, 0, 0, 0, 0, 0, 3120, 60, 1440, 630, 60, 60, 60, 60, 1160, 980, 40, 160, 950, 14610, 21470, 20, 30, 4480, 1200, 4480, 4480, 4480, 4480, 30, 1260, 570, 820, 120, 120, 1560, 140, 140, 140, 140, 140, 1660, 710, 2540, 1200, 1200, 1200, 1200, 1200, 60, 60, 60, 60, 60, 560, 8180, 180, 0, 0, 160, 160, 160, 160, 160, 3080, 3080, 3080, 3080, 3080, 40, 40, 1140, 40, 40, 40, 90, 1810, 1810, 1810, 1810, 1810, 2330, 3540, 2330, 30, 2330, 2330, 2330, 940, 30, 30, 30, 30, 30, 90, 90, 0, 3280, 90, 90, 90, 900, 40, 20, 0, 20, 20, 20, 20, 140, 140, 140, 140, 140, 350, 12360, 13380, 10, 10, 10, 10, 10, 3320, 2870, 900, 3390, 620, 10, 140, 720, 190, 60, 770, 750, 1830, 340, 80, 340, 80, 340, 80, 340, 80, 340, 80, 1430, 550, 1360, 550, 9390, 14510, 140, 1940, 1940, 1940, 1940, 1940, 130, 130, 130, 130, 130, 40, 20, 160, 160, 160, 160, 160, 10970, 650, 870, 260, 650, 80, 4320, 4320, 4320, 4320, 4320, 290, 60, 10, 40, 50, 60, 2630, 50, 50, 50, 50, 160, 660, 330, 330, 330, 330, 330, 140, 40, 3890, 2260, 7080, 390, 0, 1040, 0, 60, 3700, 3700, 3700, 3700, 3700, 130, 130, 1100, 1100, 1100, 1100, 850, 3930, 960, 960, 960, 960, 960, 550, 70, 70, 70, 70, 70, 1840, 1840, 690, 1840, 1840, 1840, 310, 170, 170, 170, 170, 170, 640, 640, 640, 640, 640, 220, 2280, 3720, 2280, 150, 360, 60, 470, 1680, 30, 30, 30, 30, 30, 2390, 2390, 2390, 2390, 2390, 1270, 380, 380, 380, 380, 380, 160, 160, 160, 90, 160, 160, 4200, 10, 410, 10, 1520, 10, 410, 10, 410, 410, 10, 410, 50, 50, 50, 50, 50, 890, 20, 250, 160, 70, 710, 90, 13090, 1440, 970, 970, 970, 970, 970, 70, 1960, 70, 70, 70, 70, 410, 269600, 750, 50, 1610, 1610, 1610, 1610, 1610]"
2020-11-04 20:15:00+00:00,1428950,1,613.0,"[4550, 210, 70, 1330, 1330, 4550, 1200, 4550, 4550, 4550, 4550, 2070, 2600, 30, 30, 30, 30, 30, 130, 130, 140, 230, 6020, 6020, 6020, 230, 230, 6020, 230, 6020, 230, 20940, 50, 58620, 780, 780, 780, 780, 780, 10, 920, 740, 920, 920, 740, 920, 740, 920, 740, 740, 2260, 2260, 320, 2260, 2260, 2260, 0, 70, 5650, 0, 5650, 0, 0, 5650, 0, 5650, 5650, 0, 20, 240, 3060, 240, 240, 240, 240, 0, 40, 80, 450, 670, 40, 40, 40, 40, 40, 80, 10, 2100, 80, 10, 80, 80, 10, 10, 80, 10, 990, 2640, 2640, 990, 990, 360, 2640, 2640, 990, 2640, 990, 90, 90, 90, 90, 90, 130, 1410, 1410, 290, 1410, 1410, 1410, 600, 3810, 1670, 510, 6360, 60, 2700, 520, 520, 520, 520, 520, 170, 170, 170, 170, 170, 0, 6840, 1330, 1330, 1330, 1330, 1330, 610, 610, 610, 610, 610, 3630, 730, 100, 690, 4410, 26130, 1280, 3300, 3820, 490, 950, 380, 80, 200, 20, 10, 11070, 4840, 4840, 280, 480, 480, 480, 750, 0, 40, 3130, 3130, 3130, 40, 3130, 3130, 2690, 220, 220, 220, 220, 220, 3190, 3190, 3190, 3190, 3190, 170, 170, 0, 170, 170, 170, 70, 1590, 1590, 30, 1590, 1590, 1590, 140, 30, 30, 30, 30, 30, 30, 60, 500, 560, 160, 160, 560, 160, 560, 10, 160, 160, 560, 560, 5180, 3620, 3620, 3620, 3620, 3620, 0, 0, 0, 0, 0, 120, 100, 0, 110, 120, 40, 250, 40, 40, 40, 250, 250, 250, 250, 40, 1570, 250, 250, 110, 5190, 260, 3200, 50, 10, 6420, 6420, 30, 370, 50, 730, 1990, 1990, 890, 890, 890, 890, 890, 3740, 800, 2420, 2420, 110, 0, 2420, 2420, 2420, 100, 2250, 100, 2250, 100, 2250, 100, 2250, 2250, 100, 10, 10, 10, 10, 10, 5820, 5820, 5820, 5820, 5820, 50, 90, 90, 90, 130, 90, 90, 30, 3780, 580, 580, 580, 580, 580, 20, 20, 20, 20, 20, 260, 70, 30, 70, 70, 30, 70, 30, 30, 30, 70, 70, 8500, 70, 20, 620, 6550, 6550, 6550, 6550, 6550, 50, 20, 20, 13110, 3300, 620, 240, 240, 240, 240, 240, 5170, 5170, 5170, 5170, 5170, 10, 9230, 180, 180, 180, 180, 180, 0, 9900, 0, 0, 0, 0, 230, 70, 70, 2280, 70, 70, 70, 20, 160, 160, 160, 160, 160, 0, 1020, 60, 30, 980, 30, 30, 30, 30, 180, 1450, 110, 1450, 110, 150, 2480, 1450, 110, 110, 1450, 1450, 110, 1700, 430, 350, 400, 210, 130, 280, 3030, 430, 430, 10, 430, 430, 430, 590, 620, 3830, 3830, 3830, 3830, 620, 3830, 170, 70, 80, 210, 210, 210, 210, 210, 26470, 430, 430, 430, 430, 430, 29380, 4400, 40, 40, 40, 40, 40, 1170, 20, 20, 20, 20, 20, 0, 9000, 680, 9000, 680, 9000, 680, 680, 9000, 680, 9000, 650, 650, 650, 650, 650, 240, 310, 330, 330, 80, 330, 330, 330, 13910, 1070, 180, 640, 10, 20, 30, 30, 30, 30, 30, 540, 7600, 9000, 9000, 9000, 9000, 9000, 20, 2630, 2630, 2630, 2630, 2630, 5680, 0, 200, 190, 19790, 19790, 19790, 19790, 19790, 5770, 1030, 3830, 5770, 5770, 5770, 5770, 680, 200, 10, 10, 10, 10, 10, 10, 750, 1790, 20, 1790, 3420, 20, 1790, 20, 1790, 20, 1790, 20, 60, 340, 1230, 160, 10310, 10, 10, 10, 270, 150, 10, 10, 1040, 1040, 1040, 1040, 1040, 0, 0, 0, 0, 0, 540, 710, 1520, 70, 310, 560, 90, 90, 90, 90, 90, 30, 5410, 80, 20, 80, 80, 80, 20, 80, 20, 20, 20, 1940, 0, 720, 500, 4090, 4090, 4090, 4090, 4090, 3370, 4100, 4100, 4100, 4100, 4100, 190, 60470, 60470, 60470, 190, 60470, 60470, 0, 5890, 180, 1740, 5890, 5890, 5890, 5890]"
2020-11-04 20:20:00+00:00,1243700,0,570.0,"[3290, 3760, 390, 1220, 1220, 1220, 1220, 1220, 23750, 210, 200, 10, 10, 680, 10, 10, 10, 3880, 10, 3950, 1300, 200, 100, 120, 120, 270, 120, 120, 120, 500, 3900, 10, 1150, 60, 850, 640, 620, 1830, 3900, 180, 400, 140, 4110, 370, 170, 170, 40, 170, 170, 170, 1720, 50, 100, 380, 380, 380, 380, 380, 8620, 2750, 4300, 2750, 2750, 2750, 2750, 60, 930, 130, 30, 30, 30, 30, 30, 30, 30, 30, 30, 30, 2630, 2630, 2630, 2630, 2630, 80, 3460, 3460, 3460, 3460, 3460, 740, 70, 120, 780, 70, 70, 70, 70, 3030, 4520, 2830, 2830, 2830, 2830, 2830, 4980, 120, 120, 120, 120, 120, 20, 270, 180, 20, 20, 270, 270, 20, 270, 20, 270, 100, 1560, 100, 250, 100, 100, 1560, 100, 4220, 20, 8410, 40, 40, 40, 40, 40, 51110, 51110, 500, 51110, 51110, 51110, 0, 2600, 0, 340, 290, 340, 290, 30, 340, 290, 340, 290, 340, 290, 120, 60, 0, 0, 0, 0, 0, 320, 80, 320, 320, 320, 320, 1090, 790, 0, 0, 0, 0, 0, 4040, 1380, 1380, 1380, 1380, 1380, 30, 260, 260, 290, 260, 260, 260, 670, 670, 670, 670, 670, 1330, 1070, 40, 2310, 6390, 6390, 6390, 660, 200, 6390, 6390, 120, 80, 120, 120, 80, 80, 80, 120, 120, 80, 70, 10, 660, 660, 660, 660, 170, 660, 460, 660, 20, 3880, 190, 190, 1350, 30, 1810, 310, 1810, 20, 1310, 90, 1310, 1310, 1310, 1310, 10, 10, 10, 10, 10, 400, 400, 400, 400, 160, 400, 280, 280, 280, 280, 280, 510, 200, 10, 2460, 550, 550, 550, 550, 550, 40, 40, 40, 40, 40, 180, 180, 180, 180, 40, 180, 110, 60, 800, 490, 40, 360, 190, 190, 190, 190, 190, 590, 590, 590, 590, 590, 10, 530, 1060, 3620, 100, 0, 0, 0, 2000, 0, 860, 0, 0, 220, 220, 60, 220, 220, 220, 11600, 270, 720, 10, 40, 10, 40, 10, 10, 40, 10, 10, 40, 40, 20, 1010, 20, 20, 10, 20, 20, 10, 2690, 10, 10, 10, 10, 80, 2550, 6770, 50, 820, 820, 820, 820, 820, 3030, 3030, 3030, 3030, 3030, 600, 680, 680, 680, 680, 680, 120, 50, 50, 50, 20, 10, 1090, 1090, 1090, 1090, 1090, 40, 2700, 2700, 2700, 2700, 2700, 40, 40, 1090, 40, 40, 40, 260, 4410, 640, 640, 640, 640, 640, 68830, 68830, 68830, 30, 68830, 68830, 4190, 4190, 1440, 4190, 4190, 4190, 90, 60, 60, 60, 60, 60, 1000, 660, 660, 660, 660, 660, 2270, 2270, 2270, 2270, 2270, 1100, 60, 1370, 1370, 130, 1370, 1370, 1370, 1660, 70, 850, 720, 720, 720, 720, 720, 100, 11290, 390, 20, 40, 290, 1880, 10, 10, 1880, 1880, 1880, 40, 10, 10, 1880, 10, 250, 20, 20, 20, 20, 20, 20, 930, 930, 930, 930, 930, 150, 110, 470, 10380, 10380, 10380, 10380, 10380, 12160, 160, 2780, 240, 240, 240, 240, 240, 4480, 3630, 4480, 1470, 1470, 1470, 750, 1470, 1470, 10, 10, 10, 10, 10, 8220, 1590, 310, 1590, 8220, 1590, 8220, 1590, 1590, 8220, 8220, 150, 8760, 940, 940, 940, 940, 940, 10, 120, 120, 0, 50, 300, 300, 870, 3240, 300, 300, 300, 120, 2880, 2880, 120, 120, 2880, 120, 120, 2880, 2880, 6890, 30, 30, 30, 30, 30, 1450, 1450, 1450, 1450, 1450, 2870, 680, 820, 20, 20, 380, 30, 420, 170, 460, 80, 460, 460, 460, 460, 80, 80, 80, 80, 80, 240, 240, 240, 240, 240]"
2020-11-04 20:25:00+00:00,887010,0,498.0,"[3820, 270, 170, 270, 780, 10, 2600, 850, 50, 190, 0, 1770, 1770, 70, 1770, 1770, 1770, 690, 690, 690, 20, 690, 690, 0, 100, 100, 2250, 100, 100, 100, 240, 40, 40, 120, 40, 40, 40, 450, 1280, 1280, 3480, 1280, 1280, 1280, 20, 3860, 3860, 3860, 3860, 3860, 5800, 4050, 1990, 50, 50, 180, 20, 30, 60, 60, 60, 60, 60, 2480, 2480, 2480, 2480, 2480, 200, 20, 200, 20, 200, 200, 200, 2540, 2540, 840, 610, 610, 610, 610, 610, 370, 2050, 4330, 570, 770, 760, 8220, 70, 26270, 2200, 2200, 2200, 2200, 2200, 3830, 390, 10, 10, 10, 10, 10, 10, 150, 80, 3420, 150, 150, 150, 150, 10, 22950, 250, 860, 4870, 50, 4820, 30, 4820, 4820, 4820, 4820, 2250, 760, 760, 760, 760, 760, 50, 70, 190, 180, 40, 40, 40, 40, 40, 10, 400, 470, 470, 470, 400, 400, 470, 400, 400, 470, 250, 840, 840, 840, 840, 0, 840, 2660, 2820, 3520, 3520, 160, 160, 20, 20, 20, 20, 20, 10, 650, 3830, 3830, 3830, 3830, 3830, 510, 2280, 4330, 2280, 510, 2280, 2280, 2280, 9530, 20, 2650, 2650, 8730, 2650, 2190, 2650, 2650, 0, 0, 0, 4550, 0, 0, 1930, 9980, 9980, 9980, 9980, 9980, 120, 120, 120, 120, 120, 110, 110, 110, 110, 110, 100, 1150, 4700, 90, 90, 90, 90, 90, 1550, 440, 80, 60, 80, 80, 720, 80, 80, 1610, 1610, 1610, 1610, 1610, 2960, 260, 490, 490, 260, 490, 260, 490, 260, 490, 260, 2270, 570, 570, 570, 570, 570, 1500, 1500, 1500, 1500, 1500, 90, 7030, 30, 3160, 5590, 50, 10, 420, 420, 420, 420, 420, 30, 0, 0, 1070, 8130, 1070, 1070, 3980, 1070, 1070, 1060, 2140, 1090, 50, 10, 30, 720, 540, 720, 720, 720, 720, 280, 55490, 60, 15910, 60, 10, 60, 60, 60, 440, 440, 440, 440, 440, 20, 20, 20, 20, 290, 110, 20, 1900, 0, 0, 0, 0, 0, 1170, 1170, 20, 1170, 1170, 1170, 850, 610, 140, 1830, 30, 30, 30, 30, 30, 6370, 6370, 6370, 310, 6370, 6370, 2150, 560, 560, 560, 560, 30760, 560, 1050, 1750, 780, 780, 180, 180, 180, 180, 180, 2060, 90, 1250, 1560, 1560, 1560, 1560, 1560, 2100, 40, 80, 80, 80, 80, 80, 10, 10, 30, 10, 6270, 3840, 6270, 3840, 6270, 3840, 3840, 6270, 3840, 6270, 560, 560, 560, 560, 560, 3590, 3590, 2100, 850, 440, 140, 8660, 3440, 3440, 8660, 3440, 8660, 3440, 8660, 3440, 8660, 1210, 28730, 7740, 90, 4220, 4220, 90, 4220, 90, 4220, 90, 90, 4220, 30, 4540, 4540, 4540, 4540, 4540, 2490, 130, 520, 1140, 510, 440, 2670, 2670, 2670, 2670, 2670, 320, 110, 100, 50, 50, 20, 0, 420, 20, 20, 20, 20, 20, 100, 10, 3010, 550, 550, 980, 550, 550, 550, 1200, 140, 40, 40, 40, 40, 40, 40, 440, 490, 490, 490, 490, 490, 1080, 10, 60, 60, 60, 60, 60, 2480, 0, 0, 2480, 0, 2480, 0, 2480, 0, 2480, 320, 550, 40, 10, 990, 920, 10, 5020, 12180]"
2020-11-04 20:30:00+00:00,1214150,0,534.0,"[410, 10, 3540, 110, 1610, 60, 430, 110, 110, 110, 430, 430, 110, 1780, 430, 430, 110, 6760, 970, 5140, 1180, 1180, 3800, 1180, 3800, 3800, 3800, 1180, 1180, 3800, 150, 220, 300, 300, 300, 300, 300, 150, 2180, 60, 200, 200, 200, 200, 200, 740, 2490, 1180, 30, 30, 30, 30, 30, 20, 30, 0, 290, 900, 24930, 780, 1340, 40, 90, 70, 490, 20, 80, 140, 140, 140, 140, 140, 70, 7440, 20, 20, 20, 20, 20, 2210, 3120, 2680, 3120, 3120, 3120, 3120, 700, 1370, 2860, 2860, 2860, 2860, 2860, 10, 14030, 14030, 14030, 14030, 14030, 22490, 22490, 22490, 22490, 22490, 2020, 30, 500, 130, 130, 130, 130, 130, 1680, 1680, 20, 140, 140, 1680, 140, 140, 1680, 140, 1680, 4720, 150, 150, 150, 150, 150, 3620, 8120, 8120, 8120, 3620, 8120, 3620, 3620, 8120, 3620, 850, 850, 140, 3480, 850, 850, 850, 90, 90, 100, 90, 90, 100, 100, 90, 100, 100, 0, 2290, 240, 2290, 2290, 2290, 2290, 1030, 430, 430, 1030, 430, 1030, 430, 1030, 430, 1030, 160, 0, 2140, 2140, 2140, 2140, 2140, 40, 50, 15870, 0, 0, 0, 15870, 0, 0, 1350, 1350, 7820, 1030, 1350, 1350, 1350, 110, 5110, 3290, 8300, 8300, 250, 1590, 4500, 1370, 1370, 1370, 1370, 1370, 100, 1010, 1010, 1010, 1010, 1010, 160, 160, 160, 160, 160, 320, 320, 320, 320, 320, 10, 510, 10, 90, 90, 90, 90, 90, 10, 10, 10, 10, 10, 70, 2040, 60, 2040, 2040, 2040, 2040, 530, 530, 530, 530, 530, 320, 10, 400, 1630, 1630, 1630, 1630, 1630, 20, 4380, 420, 5500, 3220, 3220, 790, 790, 790, 790, 790, 620, 60, 60, 80, 2230, 10, 30, 0, 0, 0, 0, 0, 60, 10, 10, 10, 520, 10, 10, 290, 290, 90, 300, 7300, 790, 790, 7300, 7300, 790, 7300, 790, 7300, 790, 5800, 10, 1160, 40, 40, 40, 30, 40, 40, 3390, 570, 3390, 3390, 3390, 3390, 1120, 1120, 530, 1120, 1120, 1120, 370, 50, 370, 370, 370, 370, 410, 240, 30, 450, 50, 45050, 350, 10, 2200, 2200, 2200, 2200, 2200, 330, 510, 510, 1010, 510, 510, 510, 0, 570, 20, 3710, 3710, 3710, 3710, 3710, 40, 7440, 1320, 1320, 1320, 1320, 1320, 70, 300, 1420, 300, 300, 1420, 300, 1420, 1420, 1420, 300, 410, 4620, 4620, 2580, 4620, 4620, 4620, 4940, 890, 1990, 1990, 1990, 1990, 1990, 11700, 25260, 95800, 95800, 450, 20, 20, 20, 20, 20, 10, 12040, 2800, 0, 0, 2800, 0, 2800, 2800, 2800, 0, 0, 2990, 10, 10, 10, 10, 10, 9770, 240, 340, 750, 750, 750, 750, 750, 1800, 1800, 1800, 1800, 1800, 20, 20, 20, 20, 20, 27570, 10, 27570, 100, 100, 100, 100, 100, 740, 1710, 80, 80, 80, 80, 80, 60, 2890, 50, 40, 40, 40, 40, 40, 260, 260, 260, 260, 260, 260, 160, 260, 30, 30, 30, 30, 30, 450, 450, 450, 450, 450, 1470, 3090, 200, 200, 200, 200, 200, 14540, 1140, 790, 450, 350, 8030, 1200, 1200, 1200, 1200, 1200, 2700, 2700, 2700, 2700, 2700, 70, 70, 80, 80, 80, 80, 80, 5060, 640, 1160, 1160, 1160, 1160, 1160, 40, 40, 40, 100, 40, 40, 7540, 0, 0, 0, 0, 0, 260, 3440, 400, 400, 400, 400, 400, 440, 450]"
2020-11-04 20:35:00+00:00,817370,0,493.0,"[10, 1200, 90, 1870, 680, 7040, 2030, 2030, 2030, 2030, 2030, 500, 14100, 470, 470, 470, 470, 470, 310, 310, 310, 310, 310, 970, 720, 2050, 1660, 1660, 1660, 1660, 1660, 470, 1370, 2720, 2720, 2720, 2720, 2720, 3990, 3990, 3990, 3990, 3990, 790, 790, 790, 790, 790, 3680, 80, 1200, 130, 1200, 1200, 130, 130, 1200, 130, 1200, 130, 920, 180, 180, 920, 180, 920, 920, 180, 920, 180, 40, 40, 40, 40, 40, 260, 120, 40, 4020, 680, 40, 40, 40, 40, 40, 370, 450, 370, 370, 450, 370, 450, 450, 370, 450, 4180, 4180, 4180, 4180, 4180, 40, 4770, 210, 210, 210, 210, 210, 2110, 2110, 2110, 2110, 60, 2110, 390, 1280, 70, 1280, 1280, 1280, 1280, 710, 10, 150, 60, 7780, 60, 60, 60, 60, 170, 3640, 8910, 60, 3280, 60, 60, 60, 60, 2340, 150, 150, 150, 150, 150, 10, 290, 290, 290, 290, 290, 870, 870, 870, 870, 870, 180, 2460, 7680, 2460, 2460, 2460, 2460, 90, 90, 90, 90, 90, 870, 10, 850, 1320, 870, 870, 180, 180, 870, 870, 870, 2470, 10560, 11620, 11620, 11620, 11620, 11620, 60, 540, 540, 540, 540, 540, 1640, 10, 23120, 23120, 23120, 23120, 60, 23120, 110, 960, 8880, 3980, 7870, 220, 7870, 220, 220, 7870, 7870, 220, 7870, 220, 40, 40, 40, 40, 40, 40, 1570, 550, 550, 550, 550, 550, 140, 2840, 2840, 2840, 140, 2840, 2840, 140, 140, 140, 3840, 30, 420, 120, 120, 2080, 470, 1560, 1560, 1560, 1560, 1560, 0, 1230, 1230, 1230, 1230, 1230, 1210, 1210, 1210, 1210, 1210, 110, 2850, 2000, 2850, 2000, 2850, 2850, 2000, 2850, 2000, 2000, 7970, 7970, 7970, 7970, 7970, 1210, 4280, 4280, 10, 4280, 4280, 4280, 20, 3250, 260, 150, 260, 260, 310, 150, 150, 260, 150, 150, 260, 180, 540, 1490, 2800, 10, 10, 10, 10, 10, 360, 20, 10, 10, 10, 10, 10, 10, 180, 4210, 5450, 10, 600, 22360, 5170, 410, 280, 280, 280, 280, 280, 70, 110, 110, 30, 30, 30, 30, 30, 550, 210, 210, 210, 210, 210, 370, 370, 370, 370, 370, 3610, 460, 240, 30, 1630, 3050, 420, 1630, 4830, 40, 500, 500, 500, 500, 500, 80, 4270, 120, 120, 120, 120, 120, 80, 80, 80, 80, 80, 0, 1020, 1040, 1040, 1500, 1500, 1500, 1500, 1500, 30, 280, 280, 280, 280, 580, 280, 110, 2940, 1900, 300, 300, 300, 300, 300, 5070, 1900, 1900, 1900, 1900, 1900, 2760, 770, 660, 10, 10, 10, 10, 10, 40, 40, 240, 240, 240, 240, 240, 1900, 1900, 1900, 1900, 1900, 2490, 2490, 2490, 2490, 2490, 6770, 10, 10, 10, 10, 10, 250, 160, 190, 580, 20290, 1190, 1190, 1190, 1190, 1190, 900, 1770, 20, 5860, 150, 650, 1880, 2460, 2150, 10, 10, 3950, 310, 460, 460, 310, 460, 460, 460, 1910, 410, 1910, 410, 1910, 410, 410, 1910, 410, 1910, 70, 60, 60, 60, 70, 60, 70, 70, 60, 70, 0, 0, 0, 0, 0, 20, 3870, 400, 400, 400, 400, 400, 410]"
2020-11-04 20:40:00+00:00,781120,0,367.0,"[4590, 4590, 4590, 4590, 4590, 230, 40, 40, 70, 7730, 10, 40, 7050, 7050, 7050, 7050, 7050, 180, 3380, 90, 90, 90, 90, 90, 20, 20, 20, 20, 20, 3990, 3990, 1730, 1730, 1730, 1730, 1730, 800, 800, 800, 800, 800, 400, 270, 2700, 2700, 2700, 2700, 2700, 200, 420, 210, 2620, 2620, 2620, 2620, 2620, 0, 1680, 8170, 10, 700, 700, 700, 700, 700, 100, 100, 100, 100, 100, 2490, 2490, 50, 2390, 2710, 10, 10, 10, 10, 10, 7570, 7570, 7570, 7570, 7570, 4230, 8320, 10, 10260, 50, 10260, 10260, 50, 10260, 50, 50, 50, 10260, 9040, 9040, 9040, 9040, 9040, 150, 150, 150, 150, 150, 260, 100, 130, 230, 70, 130, 10670, 210, 460, 460, 460, 460, 460, 680, 680, 680, 680, 680, 500, 20, 3010, 2700, 3010, 9920, 3010, 3010, 2700, 2700, 3010, 2700, 2700, 2640, 1270, 3910, 40, 50, 140, 140, 140, 140, 140, 920, 1280, 1280, 1280, 1280, 1280, 860, 130, 17350, 620, 1270, 2430, 1730, 1940, 310, 10, 10, 10, 10, 10, 2930, 20, 9700, 1200, 30, 30, 30, 30, 30, 100, 4220, 2950, 180, 180, 180, 180, 180, 970, 40, 970, 40, 40, 970, 970, 970, 110, 0, 0, 0, 0, 0, 550, 2300, 570, 2280, 810, 810, 810, 810, 810, 2360, 2360, 2360, 2360, 2360, 480, 680, 680, 680, 200, 680, 680, 80, 2690, 2690, 2690, 2690, 2690, 190, 1080, 70, 5550, 5550, 70, 70, 5550, 70, 5550, 5550, 70, 3600, 3600, 3600, 3600, 3600, 2810, 2810, 2810, 2810, 2810, 560, 0, 340, 1260, 1260, 1260, 1260, 1260, 1690, 1690, 1690, 1690, 1690, 10, 0, 0, 3400, 3400, 3400, 3400, 3400, 2160, 2160, 2160, 2160, 2160, 960, 270, 1290, 270, 1290, 270, 1290, 270, 1290, 270, 1290, 1600, 1600, 1600, 1600, 1600, 10, 26090, 1850, 3040, 60, 40, 40, 60, 40, 750, 60, 750, 60, 40, 750, 750, 40, 60, 750, 8010, 90, 68940, 130, 820, 370, 3410, 200, 200, 730, 200, 200, 200, 1010, 1010, 1010, 1010, 1010, 60, 160, 150, 1670, 60, 60, 1670, 3270, 60, 1670, 60, 1670, 60, 1670, 390, 0, 0, 0, 0, 0, 730, 440, 60, 60, 60, 60, 60, 650, 20, 9220, 9220, 9220, 9220, 9220, 3620, 3620, 3620, 3620, 3620]"
2020-11-04 20:45:00+00:00,1024420,5,420.0,"[40, 0, 2300, 8480, 8480, 8480, 8480, 8480, 210, 2360, 10, 10, 10, 10, 10, 30, 30, 5660, 3530, 3530, 3530, 3530, 3530, 920, 130, 130, 130, 130, 130, 430, 1160, 1120, 1120, 1120, 1120, 1120, 3680, 3730, 2600, 1040, 160, 160, 160, 160, 160, 530, 20, 20, 540, 20, 20, 20, 430, 430, 430, 430, 430, 10, 10, 10, 10, 10, 770, 2890, 30, 0, 20, 130, 170, 9410, 9410, 9410, 9410, 9410, 1550, 610, 120, 860, 860, 860, 860, 860, 1780, 720, 2230, 20, 11190, 70, 850, 10, 10040, 20, 1410, 2620, 2620, 2620, 1410, 2620, 1410, 2620, 1410, 1410, 2360, 2360, 7880, 2360, 2360, 2360, 1210, 12610, 50, 50, 50, 50, 50, 40, 40, 40, 40, 40, 10, 640, 180, 660, 30, 2200, 25260, 25260, 25260, 25260, 25260, 10, 60, 60, 60, 60, 60, 40, 40, 40, 40, 40, 40, 100, 10, 0, 1040, 6500, 80, 80, 20, 330, 10, 10, 10, 10, 10, 20, 20, 20, 20, 20, 510, 2320, 20, 1190, 310, 4060, 4060, 4060, 4060, 4060, 4180, 760, 760, 760, 760, 760, 1920, 3880, 150, 10, 1780, 820, 820, 820, 820, 820, 3580, 0, 80, 20, 1810, 4060, 4060, 4060, 4060, 4060, 0, 0, 0, 0, 0, 2600, 740, 20, 20, 1760, 20, 190, 860, 860, 860, 860, 860, 1370, 120, 2480, 120, 440, 820, 3760, 40, 10, 340, 340, 340, 340, 340, 0, 140, 190, 190, 190, 190, 190, 770, 10, 10, 10, 10, 10, 10, 30, 350, 0, 540, 60, 50, 4700, 70, 3980, 70, 10, 90, 10, 10, 10, 10, 110, 30, 30, 30, 30, 30, 9760, 2200, 9760, 2200, 130, 130, 130, 130, 130, 6320, 1040, 1040, 1040, 6320, 6320, 1040, 6320, 1040, 6320, 20410, 1130, 1690, 1690, 1130, 1690, 1130, 1690, 1690, 1130, 1130, 1860, 3090, 60, 3620, 0, 3620, 3620, 3620, 3620, 5490, 1470, 1470, 1470, 1470, 1470, 14570, 1390, 2470, 210, 200, 200, 200, 200, 200, 830, 40, 30, 150, 3410, 1550, 0, 0, 0, 0, 0, 0, 530, 530, 530, 530, 530, 1070, 520, 520, 520, 520, 520, 0, 380, 380, 380, 380, 380, 440, 70, 70, 70, 70, 70, 240, 240, 240, 240, 240, 3440, 3440, 3440, 3440, 3440, 2290, 0, 4230, 4230, 4230, 0, 4230, 4230, 2940, 2940, 2940, 2940, 2940, 2800, 350, 350, 350, 2800, 350, 350, 240, 240, 20, 240, 240, 240, 250, 250, 0, 710, 250, 250, 250, 40, 20, 40, 40, 40, 40, 4230, 4230, 4230, 4230, 4230, 1750, 4540, 4540, 4540, 390, 4540, 4540]"
2020-11-04 20:50:00+00:00,1013730,0,450.0,"[930, 1240, 750, 50, 150, 150, 150, 150, 150, 70, 70, 70, 70, 80, 70, 70, 32310, 40, 40, 40, 40, 40, 190, 190, 190, 190, 190, 90, 90, 90, 90, 90, 240, 4520, 550, 550, 130, 180, 930, 930, 930, 930, 930, 130, 130, 130, 130, 130, 1320, 80, 80, 80, 80, 80, 30, 60, 10, 5090, 5090, 5090, 5090, 5090, 1300, 1300, 1300, 1300, 1300, 90, 50, 50, 20, 20, 120, 20, 20, 20, 202330, 50, 40, 40, 40, 40, 40, 14920, 50, 50, 50, 1550, 50, 50, 10, 1950, 4260, 4260, 4260, 4260, 4260, 43760, 120, 120, 120, 120, 120, 90, 90, 90, 90, 90, 160, 1330, 4230, 20, 1950, 1950, 1950, 1950, 1950, 3310, 1540, 1950, 1950, 1540, 1950, 1540, 1950, 1950, 1540, 1540, 0, 0, 0, 0, 0, 120, 120, 120, 120, 120, 20, 1950, 1950, 60, 12880, 60, 60, 60, 60, 0, 90, 590, 590, 590, 590, 590, 1040, 1040, 1040, 1040, 1040, 60, 60, 160, 60, 160, 60, 160, 160, 60, 160, 1630, 1630, 1630, 1630, 1630, 1260, 1260, 1260, 1260, 1260, 600, 500, 690, 3790, 60, 60, 60, 60, 60, 50, 50, 50, 50, 50, 200, 1820, 1820, 1820, 1820, 1820, 0, 4090, 87750, 22950, 22950, 22950, 22950, 22950, 1740, 1740, 1740, 1740, 1740, 4720, 10, 10, 4720, 4720, 10, 4720, 4720, 10, 10, 12530, 100, 100, 12530, 12530, 100, 100, 12530, 100, 12530, 1160, 50, 50, 50, 50, 50, 3230, 1260, 1260, 1260, 1260, 1260, 110, 50, 1060, 1060, 1060, 1060, 1060, 710, 180, 180, 180, 180, 180, 1330, 80, 4470, 2100, 30340, 280, 2290, 10670, 0, 150, 0, 0, 0, 150, 0, 20, 90, 2970, 1230, 1230, 1230, 1230, 1230, 1360, 1360, 1360, 1360, 1360, 7440, 320, 20, 20, 20, 20, 20, 1510, 100, 3760, 2040, 2040, 2040, 2040, 2040, 2660, 2660, 2660, 2660, 2660, 0, 20, 20, 0, 20, 0, 20, 20, 0, 0, 100, 280, 11820, 80, 80, 30, 30, 30, 30, 30, 2680, 2680, 2680, 2680, 2680, 10340, 60, 180, 180, 180, 180, 180, 12950, 20, 30, 30, 30, 30, 30, 1390, 1390, 1390, 1390, 1390, 1060, 1010, 10, 840, 2770, 2770, 2770, 670, 2770, 2770, 580, 580, 580, 580, 580, 2640, 10, 0, 200, 540, 540, 540, 540, 540, 1230, 2760, 2760, 2760, 2760, 2760, 280, 280, 280, 280, 280, 0, 180, 180, 180, 180, 180, 150, 290, 50, 10, 190, 70, 420, 420, 420, 420, 420, 530, 10, 3890, 190, 100, 1340, 20, 20, 20, 20, 20, 570, 570, 570, 570, 570, 500, 200, 0, 0, 0, 0, 0, 60, 60, 60, 60, 60, 140, 130, 490, 60, 2870, 150, 80, 80, 150, 80, 150, 150, 80, 80, 150, 3930, 490, 490, 490, 490, 490]"
2020-11-04 20:55:00+00:00,2655220,0,383.0,"[40, 20, 5000, 5000, 5000, 5000, 5000, 30, 1200, 450, 1760, 510, 510, 510, 510, 510, 130, 290, 20, 80, 2690, 1190, 1190, 1190, 1190, 1190, 1580, 1580, 0, 720, 1790, 200, 1970, 1970, 1970, 1970, 1970, 5700, 730, 650, 650, 650, 650, 650, 3250, 3250, 3250, 3250, 3250, 180, 10, 3670, 170, 140, 60, 20, 2810, 22980, 40, 150, 150, 150, 150, 150, 40, 100, 100, 32990, 1560, 13460, 0, 30, 7980, 100, 100, 100, 100, 100, 60, 60, 60, 60, 60, 50, 780, 3130, 20, 20, 20, 20, 20, 240, 90, 140, 600, 130, 130, 130, 130, 130, 20, 3930, 20, 20, 20, 20, 990, 8840, 2180, 20, 1100, 1100, 1100, 1100, 1100, 3770, 50, 500, 379520, 379520, 379520, 379520, 379520, 2480, 2480, 2480, 2480, 2480, 1190, 200, 1190, 200, 1560, 5650, 5650, 5650, 5650, 5650, 1740, 62010, 760, 1340, 580, 0, 10, 460, 340, 11060, 0, 2750, 2750, 2750, 2750, 2750, 160, 7930, 7930, 7930, 7930, 7930, 200, 200, 200, 200, 200, 1050, 1540, 1540, 1540, 1540, 1540, 90, 1260, 60, 280, 40, 60, 3670, 10, 3670, 10, 3670, 10, 3670, 10, 3670, 10, 15130, 10, 10, 10, 10, 10, 570, 200, 1700, 100, 100, 100, 100, 100, 10, 130, 130, 130, 130, 130, 700, 700, 700, 700, 700, 2930, 11920, 40, 2960, 240, 7240, 360, 2100, 360, 4450, 320, 30, 110, 340, 370, 570, 160, 160, 570, 160, 570, 160, 160, 570, 570, 3260, 60, 60, 10, 2760, 2760, 2760, 2390, 2760, 2760, 0, 2800, 90, 1980, 30, 30, 30, 30, 30, 10, 350, 10, 640, 7310, 480, 480, 480, 480, 480, 20, 810, 80, 20, 0, 1870, 1870, 1870, 1870, 1870, 410, 3450, 10, 10, 3450, 3450, 3450, 3450, 10, 10, 10, 400, 530, 90, 1820, 1820, 300, 1820, 1820, 1820, 20, 50, 20, 280, 20, 20, 20, 20, 20, 260, 1670, 60, 60, 60, 60, 60, 1790, 270, 270, 270, 270, 270, 430, 10, 10, 6920, 6920, 4980, 2250, 570, 7950, 3890, 130, 170, 820, 170, 820, 170, 820, 820, 170, 170, 820, 3100, 8670, 8670, 8670, 8670, 8670, 0, 3100, 3100, 3100, 3100, 3100, 2190, 1320, 1320, 1320, 1320, 1320, 1050, 1050, 1050, 1050, 1050, 400, 90, 1120, 2120, 2120, 2120, 2120, 2120, 410, 610, 1200, 2050, 410, 410, 70520, 410, 410, 410, 1390, 720, 3960]"
2020-11-04 21:00:00+00:00,1383340,0,488.0,"[300, 240, 240, 30, 1100, 1100, 1100, 1100, 1100, 460, 2310, 1000, 150, 150, 150, 150, 150, 170, 170, 170, 170, 170, 460, 60, 20, 240, 240, 850, 40, 560, 10990, 10990, 10990, 10990, 10990, 48930, 48930, 48930, 50, 48930, 48930, 210, 290, 290, 290, 290, 290, 160, 160, 160, 160, 160, 520, 340, 2660, 90, 90, 2660, 340, 90, 340, 2660, 90, 2660, 90, 2660, 340, 340, 350, 12650, 30, 30, 1980, 1980, 1980, 1980, 1980, 500, 500, 500, 500, 500, 80, 80, 80, 80, 80, 430, 3060, 3240, 3240, 3240, 3240, 3240, 21800, 3670, 3670, 3670, 3670, 3670, 260, 40, 40, 11640, 350, 450, 410, 410, 410, 410, 410, 16710, 0, 0, 16710, 0, 0, 0, 1520, 180, 4540, 0, 0, 4540, 0, 4540, 0, 4540, 0, 4540, 110, 170, 430, 40, 1080, 410, 410, 410, 410, 410, 20, 670, 670, 670, 670, 670, 450, 450, 450, 450, 450, 80, 450, 510, 30, 2070, 30, 30, 30, 30, 1630, 210, 210, 210, 210, 210, 230, 230, 230, 230, 230, 1060, 1060, 1060, 1060, 1060, 19170, 19170, 19170, 19170, 19170, 0, 0, 0, 0, 0, 310, 7950, 3510, 7950, 7950, 7950, 7950, 2040, 100, 10, 3000, 3000, 3000, 3000, 3000, 5800, 12310, 12310, 12310, 12310, 12310, 1690, 2300, 1240, 1240, 1240, 10, 1240, 1240, 1090, 160, 10, 0, 70, 490, 6400, 380, 30, 290, 590, 1850, 180, 7420, 60, 60, 60, 60, 60, 350, 350, 210, 4290, 220, 220, 220, 220, 220, 340, 200, 340, 1240, 3350, 3350, 3350, 3350, 3350, 280, 3240, 3240, 3240, 3240, 3240, 200, 6020, 200, 20, 200, 20, 20, 20, 200, 20, 200, 10000, 10000, 10000, 10000, 10000, 40, 80, 8180, 60, 60, 60, 60, 60, 1330, 30, 310, 10, 10, 10, 10, 10, 100, 30, 30, 30, 30, 30, 4760, 30, 30, 30, 160, 30, 30, 850, 850, 850, 850, 850, 3420, 3190, 4080, 11130, 80, 60, 140, 130, 130, 3620, 130, 130, 3620, 130, 3620, 3620, 3620, 2420, 170, 1870, 7310, 7310, 7310, 7310, 7310, 100, 100, 100, 100, 100, 1330, 1330, 1330, 1330, 1330, 680, 980, 980, 980, 980, 980, 890, 100, 1200, 1160, 50, 1810, 1810, 1810, 1810, 1810, 270, 1490, 1360, 1070, 40, 40, 1070, 1070, 40, 1070, 40, 40, 1070, 1760, 2220, 1750, 1750, 1750, 16330, 1750, 1750, 2840, 2840, 380, 380, 380, 380, 380, 1750, 30, 230, 1060, 910, 1060, 1060, 240, 910, 1060, 910, 1060, 910, 910, 50, 50, 50, 50, 50, 320, 700, 700, 700, 700, 700, 20, 30, 270, 260, 18240, 11890, 7560, 7560, 7560, 7560, 7560, 120, 2690, 1570, 20, 280, 2740, 20, 190, 190, 190, 190, 190, 40, 50, 210, 1410, 360, 1000, 1000, 1000, 1000, 1000, 10010, 20, 10010, 20, 20, 20, 10010, 10010, 20, 10010, 530, 530, 530, 530, 530, 24850, 24850, 24850, 24850, 24850, 90, 460, 2560, 250, 250, 250, 250, 250, 510, 40, 460, 2050, 11430, 11430, 520, 11430, 11430, 11430, 840, 840, 840, 840, 840]"
2020-11-04 21:05:00+00:00,641460,0,344.0,"[6380, 6380, 260, 6380, 6380, 6380, 5890, 5890, 5890, 5890, 5890, 11430, 160, 4340, 0, 340, 330, 120, 120, 120, 120, 120, 80, 340, 2200, 70, 70, 70, 70, 70, 1680, 4880, 4880, 4880, 4880, 4880, 940, 1170, 1790, 860, 860, 860, 860, 860, 50, 460, 460, 460, 460, 460, 2660, 2430, 2430, 2430, 2430, 2430, 1910, 1910, 1000, 40, 34060, 1770, 1770, 1770, 1770, 1770, 50, 520, 4340, 4340, 4340, 4340, 4340, 70, 240, 240, 240, 240, 240, 1320, 1320, 1320, 1320, 1320, 510, 510, 510, 110, 510, 510, 510, 320, 340, 340, 340, 340, 340, 50, 640, 640, 640, 640, 640, 110, 110, 110, 110, 110, 2170, 780, 780, 780, 780, 780, 17850, 20, 20, 20, 20, 20, 770, 10, 10, 10, 10, 10, 0, 110, 110, 110, 110, 110, 1230, 1230, 1230, 1230, 1230, 0, 80, 80, 80, 80, 80, 800, 8800, 460, 0, 10, 0, 10, 0, 10, 10, 0, 10, 0, 100, 250, 40, 40, 90, 40, 30, 40, 40, 40, 40, 40, 40, 20, 140, 140, 140, 140, 140, 80, 290, 300, 1960, 1960, 1960, 1960, 1960, 1050, 3610, 460, 460, 460, 460, 460, 230, 50, 340, 340, 340, 340, 340, 400, 570, 1000, 4090, 50, 10, 10, 10, 10, 10, 80, 80, 80, 80, 80, 400, 400, 400, 400, 400, 820, 20, 20, 20, 20, 20, 2760, 41670, 1090, 2580, 120, 30, 10, 1130, 200, 200, 200, 200, 200, 10, 250, 250, 250, 70, 250, 250, 40, 20, 0, 170, 2700, 2060, 3700, 3700, 3700, 3700, 3700, 730, 100, 2300, 2300, 2300, 2300, 2300, 50, 50, 50, 50, 50, 220, 121870, 370, 370, 370, 370, 370, 670, 1560, 620, 3450, 3450, 3450, 3450, 3450, 10, 33030, 150, 150, 150, 150, 150, 60, 580, 580, 580, 580, 580, 110, 10, 0, 6500, 1800, 4130, 4130, 4130, 4130, 4130, 30, 30, 30, 30, 30, 940, 20, 350, 140, 50, 3460, 3460, 1220, 1220, 1220, 1220, 1220, 50, 50, 50, 50, 50, 1810, 110, 110, 110, 110, 110, 40, 3950, 110, 1900, 180, 180, 180, 180, 180, 26100, 620, 300]"
2020-11-04 21:10:00+00:00,1549480,0,385.0,"[50, 350, 350, 350, 350, 350, 20, 20, 20, 20, 20, 10, 10, 10, 10, 10, 420, 420, 420, 420, 420, 8080, 8080, 8080, 8080, 8080, 2180, 1610, 590, 2330, 30, 720, 40, 40, 40, 40, 40, 20, 10, 6350, 6350, 6350, 6350, 6350, 10, 10, 10, 10, 10, 20, 20, 20, 20, 20, 130, 130, 130, 130, 130, 160, 50, 21710, 21710, 21710, 21710, 21710, 810, 70, 1960, 30, 30, 240, 460, 320, 320, 320, 320, 320, 30, 640, 640, 640, 640, 640, 30, 1700, 240, 18940, 30080, 30080, 30080, 30080, 30080, 400, 400, 400, 400, 400, 80, 130, 130, 320, 30, 3990, 4920, 1250, 4870, 240, 240, 240, 240, 240, 200, 200, 200, 200, 200, 2460, 630, 790, 1270, 6420, 6420, 40, 6420, 6420, 6420, 140, 5260, 5080, 5080, 5080, 5080, 5080, 720, 23990, 760, 1070, 1070, 1070, 1070, 1070, 10, 10100, 2260, 260, 360, 420, 80, 420, 80, 420, 80, 420, 80, 80, 420, 520, 70, 150, 2580, 460, 20, 100, 20, 100, 20, 100, 20, 100, 20, 100, 3300, 40470, 40470, 40470, 40470, 40470, 580, 580, 580, 580, 580, 3610, 240, 240, 240, 240, 240, 930, 930, 930, 930, 930, 130, 130, 130, 130, 130, 230, 230, 230, 230, 230, 50, 40, 40, 40, 40, 40, 2700, 1260, 17930, 17930, 17930, 17930, 17930, 2500, 2110, 2110, 2110, 2110, 2110, 570, 0, 0, 0, 0, 0, 160, 1440, 1920, 4520, 1920, 300, 24090, 24090, 20, 20, 20, 24090, 24090, 20, 20, 24090, 220, 220, 220, 220, 220, 60, 30, 60, 60, 60, 60, 410, 20, 20, 20, 20, 20, 70, 70, 70, 380, 2560, 70, 70, 240, 20, 20, 50, 20, 20, 20, 20, 20, 20, 160, 1110, 3020, 660, 660, 660, 660, 660, 160, 3670, 190, 190, 17930, 17930, 17930, 17930, 17930, 50, 120, 400, 400, 400, 400, 400, 80, 340, 80, 340, 80, 340, 80, 340, 80, 340, 20, 140, 460, 140, 460, 140, 460, 140, 460, 140, 460, 1950, 40, 40, 40, 40, 40, 5520, 840, 62520, 62520, 62520, 62520, 62520, 11280, 11280, 11560, 11280, 11280, 11280, 13130, 160, 4240, 4240, 4240, 4240, 4240, 70, 140, 3950, 490, 490, 490, 490, 490, 110, 1730, 2000, 110, 1600, 40, 80, 90, 9610, 820, 820, 320, 820, 820, 820, 2750, 680, 1780, 1780, 680, 1780, 1780, 1780, 680, 60, 680, 680]"
2020-11-04 21:15:00+00:00,1958900,0,403.0,"[20, 9760, 710, 590, 860, 1980, 0, 0, 0, 0, 0, 390, 10, 110, 250, 2690, 250, 250, 250, 250, 20, 50, 50, 50, 50, 50, 170, 170, 170, 170, 170, 550, 3300, 3300, 3300, 3300, 3300, 10120, 670, 670, 670, 670, 670, 40, 40, 40, 40, 40, 720, 1180, 1180, 1180, 1180, 1180, 110, 110, 110, 110, 110, 260, 4410, 100, 2380, 2380, 2380, 2380, 2380, 102200, 102200, 102200, 102200, 102200, 102200, 102200, 102200, 102200, 102200, 1040, 280, 280, 170, 110, 170, 170, 170, 170, 460, 460, 460, 460, 460, 70, 47440, 4690, 4690, 4690, 4690, 4690, 2820, 340, 340, 340, 340, 340, 910, 910, 38100, 260, 9500, 530, 1100, 180, 420, 0, 180, 70, 400, 1010, 180, 0, 0, 0, 0, 0, 1330, 850, 1590, 380, 380, 380, 380, 380, 310, 310, 310, 310, 310, 280, 280, 2510, 280, 280, 280, 130, 2600, 2600, 2600, 2600, 2600, 730, 470, 0, 0, 0, 0, 0, 260, 0, 9630, 400, 590, 110, 5310, 10490, 4260, 760, 19120, 19120, 19120, 760, 19120, 19120, 110, 110, 110, 110, 110, 110, 360, 3570, 5230, 160, 160, 160, 160, 160, 2300, 2580, 11740, 11740, 11740, 11740, 11740, 0, 3260, 1530, 80, 80, 80, 80, 80, 1500, 670, 10, 740, 3880, 20, 60, 60, 60, 60, 60, 2270, 5460, 370, 290, 370, 290, 370, 370, 370, 20, 5040, 2140, 50, 600, 600, 600, 600, 600, 3660, 3660, 3660, 3660, 3660, 10670, 10670, 10670, 10670, 10670, 140, 680, 180, 180, 680, 680, 680, 180, 180, 680, 180, 6640, 6640, 6640, 6640, 6640, 170, 170, 300, 170, 170, 170, 2340, 2340, 2340, 2340, 2340, 10010, 10010, 10010, 10010, 10010, 720, 740, 3540, 3540, 250, 250, 250, 250, 250, 50, 5380, 6640, 5390, 3190, 90, 90, 90, 90, 90, 2200, 340, 2200, 2200, 2200, 2200, 40, 40, 3470, 40, 40, 40, 1050, 7270, 7270, 1050, 7270, 7270, 1050, 7270, 1050, 1050, 540, 270, 40, 40, 40, 40, 40, 2030, 5050, 0, 0, 0, 0, 0, 150, 150, 150, 150, 150, 1680, 1680, 330, 100, 240, 100, 240, 240, 100, 100, 240, 240, 100, 140, 19580, 180, 180, 180, 180, 180, 110, 6370, 110, 110, 110, 110, 15220, 4300, 3990, 2820, 160, 320, 890, 890, 890, 890, 890, 20, 20, 20, 20, 20, 3200, 3200, 3200, 3200, 3200, 4400, 680, 680, 680, 680, 680, 390, 390, 390, 160, 390, 390, 18850, 18850, 18850, 18850, 18850, 430, 2870, 2870, 2870, 2870, 2870, 450]"
2020-11-04 21:20:00+00:00,559630,0,358.0,"[670, 300, 300, 300, 300, 300, 190, 410, 390, 390, 390, 390, 390, 470, 470, 470, 470, 470, 2450, 120, 120, 1500, 3190, 690, 240, 240, 240, 240, 240, 310, 140, 140, 20, 140, 140, 140, 16930, 140, 50, 3730, 290, 3620, 8310, 40, 1290, 680, 40, 40, 40, 40, 2950, 2950, 2950, 2950, 2950, 60, 60, 60, 60, 60, 380, 530, 0, 0, 0, 0, 0, 280, 5500, 5500, 230, 5500, 5500, 5500, 270, 330, 280, 270, 540, 0, 0, 0, 0, 0, 470, 660, 2550, 2550, 140, 2140, 3580, 540, 560, 340, 340, 340, 340, 340, 1000, 1000, 1000, 1000, 1000, 800, 28150, 640, 180, 50, 50, 50, 50, 50, 620, 360, 200, 200, 200, 200, 200, 50, 50, 50, 50, 50, 4160, 260, 10, 390, 100, 100, 100, 100, 100, 540, 1070, 540, 10, 1070, 1070, 540, 1070, 540, 540, 1070, 0, 510, 150, 0, 18540, 1500, 2090, 10980, 10980, 2090, 10980, 2090, 10980, 2090, 10980, 2090, 30, 1800, 1800, 1800, 1800, 1800, 480, 480, 1380, 480, 1380, 480, 1380, 480, 1380, 1380, 90, 90, 90, 90, 90, 0, 10090, 590, 570, 10, 3830, 170, 5780, 1040, 1040, 1700, 6600, 1040, 1040, 1040, 0, 80, 80, 0, 80, 80, 0, 0, 0, 80, 150, 150, 150, 150, 150, 80, 430, 5100, 5100, 5100, 5100, 5100, 2080, 2080, 2080, 260, 2080, 2080, 50, 60, 60, 80, 10, 10, 80, 180, 80, 10, 80, 10, 80, 10, 9100, 9100, 9100, 9100, 9100, 8780, 140, 1850, 1850, 340, 20, 9000, 9000, 9000, 9000, 9000, 140, 930, 1640, 6320, 150, 650, 650, 650, 650, 650, 160, 160, 160, 160, 4130, 160, 4200, 2080, 2080, 180, 2960, 180, 4030, 180, 2960, 180, 180, 4120, 5280, 140, 140, 140, 5280, 140, 140, 60, 60, 100, 60, 60, 60, 760, 760, 70, 5140, 10020, 10, 10020, 440, 440, 40, 80, 480, 2680, 2680, 2680, 2680, 2680, 260, 260, 260, 260, 260, 170, 170, 170, 170, 170, 60, 70, 70, 70, 70, 70, 4150, 480, 240, 480, 480, 480, 480, 260, 320, 400, 400, 1230, 400, 400, 400, 130, 130, 130, 130, 130, 790, 100, 70, 70, 70, 70, 70, 40, 4830, 440]"
2020-11-04 21:25:00+00:00,1254180,0,409.0,"[20, 15920, 320, 20, 15920, 20, 20, 15920, 20, 15920, 15920, 20750, 1620, 20750, 20750, 20750, 20750, 1620, 60, 60, 60, 60, 60, 100, 100, 100, 100, 100, 2820, 2800, 2800, 2800, 2800, 2800, 290, 50, 130, 2200, 0, 2450, 140, 140, 140, 140, 140, 5360, 5360, 5360, 5360, 5360, 4320, 2820, 2130, 2130, 2130, 2130, 2130, 1030, 1520, 400, 1570, 0, 0, 6420, 0, 0, 0, 50, 130, 1650, 120, 30, 1980, 320, 3170, 35960, 10, 30, 1610, 1610, 1610, 1610, 1610, 50, 4570, 450, 1280, 90, 520, 520, 520, 520, 520, 210, 3140, 210, 120, 120, 120, 120, 120, 810, 810, 810, 1480, 810, 810, 140, 140, 140, 140, 140, 4170, 40, 310, 1440, 1440, 1440, 1440, 1440, 26030, 26030, 26030, 26030, 26030, 410, 410, 10, 10, 10, 10, 10, 170, 1680, 660, 3550, 3550, 660, 660, 3550, 3550, 660, 660, 3550, 1460, 500, 500, 500, 500, 500, 1000, 1000, 1000, 1000, 1000, 2010, 1000, 20, 960, 960, 6860, 200, 200, 200, 200, 200, 170, 2590, 2590, 530, 14370, 14370, 14370, 14370, 14370, 30, 30, 30, 30, 30, 120, 120, 120, 120, 120, 5340, 40, 21140, 21140, 21140, 21140, 21140, 100, 100, 100, 100, 100, 8450, 1870, 1870, 1870, 1870, 1870, 10, 10, 10, 10, 10, 30, 400, 3370, 1920, 8450, 30, 30, 30, 8450, 8450, 8450, 30, 8450, 30, 890, 13660, 2620, 890, 13660, 13660, 890, 890, 13660, 890, 13660, 950, 1520, 1520, 1520, 1520, 1520, 50, 1950, 1950, 1950, 1950, 1950, 25060, 180, 240, 240, 70, 240, 170, 240, 240, 190, 190, 190, 190, 190, 1580, 1580, 1580, 1580, 1580, 60, 1090, 1090, 1090, 240, 240, 1090, 1090, 4160, 3570, 4160, 4160, 4160, 4160, 70, 30, 130, 3170, 30, 3170, 3170, 30, 3170, 30, 30, 3170, 860, 660, 10, 10, 10, 660, 10, 660, 660, 10, 660, 490, 140, 20, 140, 500, 6990, 3140, 0, 0, 0, 0, 0, 6870, 390, 590, 20, 4320, 150, 10, 210, 210, 210, 210, 4700, 210, 50, 50, 50, 50, 50, 27220, 27220, 27220, 27220, 27220, 210, 0, 1290, 7440, 10040, 250, 70, 70, 250, 250, 140, 250, 250, 70, 70, 70, 70, 2370, 490, 140, 700, 12730, 700, 700, 12730, 700, 700, 4480, 4480, 4480, 4480, 4480, 2260, 2260, 2260, 2260, 2260, 8330, 180, 180, 180, 180, 180, 5940, 1270, 2330, 2330, 2330, 2330, 2330, 400, 10, 20, 950, 100, 950, 1910, 950, 950, 950, 950, 0, 310, 0, 0, 0, 0, 960, 960, 960, 960, 960, 150]"
2020-11-04 21:30:00+00:00,569270,0,294.0,"[3790, 330, 4870, 1180, 1180, 1180, 1180, 1180, 520, 30, 30, 5260, 30, 30, 30, 10, 1280, 100, 100, 100, 100, 100, 80, 80, 80, 80, 80, 60, 60, 60, 60, 60, 3890, 0, 0, 0, 0, 0, 0, 50, 120, 50, 50, 50, 50, 2030, 2140, 2140, 2140, 2140, 2140, 430, 430, 430, 430, 430, 200, 1220, 1220, 1220, 1220, 1220, 10, 40, 4210, 2550, 6100, 60, 60, 60, 60, 60, 1400, 3390, 3390, 3390, 3390, 3390, 1260, 6420, 3060, 3060, 3060, 3060, 3060, 3060, 140, 390, 200, 200, 200, 200, 200, 9670, 2430, 1380, 1660, 730, 8560, 3350, 340, 340, 340, 340, 340, 2800, 2800, 2800, 2800, 2800, 310, 3790, 950, 530, 530, 530, 530, 860, 530, 20, 350, 20, 350, 350, 20, 20, 350, 20, 350, 13570, 13570, 13570, 13570, 13570, 10, 190, 190, 190, 190, 190, 2150, 170, 1930, 60, 10, 990, 990, 990, 990, 990, 3060, 0, 20, 1040, 30, 30, 30, 170, 4260, 30, 30, 40, 19320, 19320, 19320, 19320, 90, 19320, 20, 2640, 2640, 7260, 7260, 2640, 7260, 2640, 7260, 2640, 7260, 40, 40, 40, 40, 240, 40, 20, 5440, 80, 80, 2700, 50, 50, 50, 50, 50, 1730, 30, 40, 800, 240, 1520, 1520, 200, 200, 200, 200, 200, 130, 130, 130, 130, 130, 85280, 1640, 1640, 1640, 1640, 1640, 60, 60, 60, 60, 60, 400, 400, 400, 400, 400, 100, 70, 10, 1160, 1160, 1160, 1160, 1160, 520, 340, 50, 120, 460, 460, 10, 10, 460, 10, 460, 10, 10, 460, 260, 1770, 3220, 990, 990, 990, 990, 990, 20, 20, 20, 20, 20, 200, 610, 40, 60, 900, 80, 3470, 0, 0, 0, 0, 80, 0, 9400, 140, 11180, 11180, 1150, 710, 100, 100, 100, 100, 100, 320, 320, 320, 320, 320, 10, 1180]"
2020-11-04 21:35:00+00:00,1158080,0,335.0,"[3910, 1970, 80, 80, 80, 80, 80, 4800, 2290, 680, 20, 270, 80, 80, 80, 80, 80, 50, 50, 36740, 50, 50, 50, 430, 430, 430, 430, 430, 101550, 101550, 101550, 101550, 101550, 4170, 4170, 4170, 4170, 4170, 4530, 290, 4530, 330, 330, 330, 330, 330, 880, 12410, 550, 4600, 760, 120, 120, 120, 120, 120, 40, 40, 40, 40, 40, 50, 50, 50, 50, 50, 840, 840, 840, 840, 840, 40, 40, 40, 40, 40, 20, 1010, 10, 10, 10, 10, 10, 180, 1800, 60, 60, 60, 60, 60, 0, 0, 0, 0, 0, 3330, 10, 140, 10, 20, 890, 910, 4070, 4070, 4070, 4070, 4070, 190, 250, 40, 40, 10, 40, 10, 40, 10, 40, 10, 10, 10, 10, 10, 10, 10, 40, 2150, 2150, 2150, 2150, 2150, 10, 10, 10, 10, 10, 50, 50, 50, 50, 50, 180, 0, 0, 0, 0, 0, 0, 170, 3160, 23990, 1310, 1310, 1310, 1310, 1310, 20, 20, 20, 20, 20, 3100, 3100, 3100, 3100, 3100, 780, 3160, 240, 0, 300, 3800, 820, 820, 820, 820, 820, 5310, 20710, 20710, 20710, 20710, 20710, 870, 870, 870, 870, 870, 180, 180, 180, 180, 180, 60, 280, 280, 280, 280, 280, 1990, 2080, 2080, 230, 230, 230, 230, 230, 10, 10, 1410, 1410, 1410, 4120, 1410, 10, 10, 10, 1410, 2080, 2080, 2080, 2080, 2080, 2350, 2350, 2350, 2350, 2350, 1540, 1880, 1880, 1880, 1880, 1880, 60, 60, 60, 60, 60, 1080, 1080, 1080, 1080, 1080, 30, 380, 380, 30, 380, 30, 380, 30, 380, 30, 3900, 10, 100, 160, 160, 160, 160, 160, 140, 140, 140, 140, 140, 2500, 280, 280, 50, 280, 280, 280, 70, 9080, 9080, 9080, 9080, 9080, 0, 0, 320, 0, 0, 0, 1240, 1240, 1240, 3470, 1240, 1240, 80, 10, 350, 20710, 20710, 20710, 20710, 20710, 77840, 500, 880, 880, 880, 880, 880, 1700, 20, 20, 20, 20, 20, 20, 10, 10, 10, 10, 10, 80, 60, 3440, 20, 0, 360, 360, 360, 360, 360, 150, 600, 600, 600, 600, 600, 70]"
2020-11-04 21:40:00+00:00,1244700,0,297.0,"[180, 20, 360, 1160, 8930, 70, 70, 70, 70, 70, 1220, 48950, 48950, 620, 620, 620, 620, 620, 450, 1410, 1080, 5100, 4220, 720, 1530, 1530, 1530, 1530, 1530, 480, 480, 1020, 480, 480, 480, 240, 240, 240, 240, 240, 90, 90, 90, 90, 90, 1200, 1200, 1200, 1200, 1200, 1950, 1950, 1950, 1950, 1950, 710, 350, 350, 710, 350, 350, 710, 710, 350, 710, 940, 1490, 1490, 1490, 1490, 1490, 0, 1570, 340, 60, 760, 760, 760, 760, 760, 4550, 210, 160, 6090, 6090, 6090, 6090, 6090, 8470, 10, 160, 160, 160, 160, 160, 90, 90, 90, 90, 90, 200, 200, 130, 60, 60, 60, 60, 60, 0, 710, 170, 430, 1880, 90, 150, 180, 180, 180, 180, 180, 1830, 1830, 1830, 1830, 1830, 140, 11540, 11540, 11540, 11540, 11540, 560, 1450, 10, 230, 230, 230, 230, 230, 1530, 11540, 30, 30, 30, 30, 30, 1050, 1050, 1050, 1050, 1050, 130, 190, 190, 190, 190, 190, 1000, 540, 160810, 1000, 540, 160810, 1000, 540, 160810, 540, 160810, 1000, 540, 160810, 1000, 160, 90, 90, 90, 90, 90, 100, 100, 100, 100, 100, 10, 2430, 2430, 3000, 2430, 2430, 2430, 190, 20, 0, 0, 200, 0, 0, 0, 510, 8390, 4010, 4010, 4010, 4010, 4010, 310, 4250, 40, 120, 120, 120, 120, 120, 2770, 2770, 2770, 2770, 2770, 3170, 60, 850, 70, 30, 80, 460, 640, 640, 640, 640, 640, 950, 200, 1360, 200, 200, 200, 200, 180, 910, 910, 110, 910, 910, 910, 5330, 3390, 200, 310, 1920, 1920, 100, 90, 640, 640, 640, 640, 90, 640, 170, 430, 20, 430, 430, 20, 430, 20, 430, 20, 20, 240, 240, 60, 240, 240, 240, 2960, 2960, 2960, 2960, 2960, 1120, 240, 70, 240, 70, 240, 70, 240, 70, 70, 240, 50, 70, 70, 70, 70, 70]"
2020-11-04 21:45:00+00:00,1633330,1,339.0,"[470, 20, 13950, 150, 180, 140, 140, 140, 140, 140, 10, 10, 10, 10, 10, 1270, 380, 380, 1270, 1270, 380, 1270, 380, 220, 1270, 380, 230, 780, 780, 780, 780, 780, 950, 950, 950, 950, 950, 71030, 190, 1290, 1290, 1290, 1290, 1290, 3190, 3190, 3190, 3190, 3190, 220, 4320, 4320, 4320, 4320, 4320, 3110, 780, 780, 780, 780, 780, 70, 70, 70, 70, 70, 450, 450, 450, 450, 450, 2900, 4090, 4090, 4090, 4090, 4090, 170, 1600, 170, 600, 180, 70, 2360, 2360, 2360, 2360, 2360, 70, 2280, 4290, 4410, 4290, 4290, 4290, 4290, 70, 1390, 67710, 50, 170, 170, 170, 170, 170, 2160, 100, 50, 50, 50, 50, 50, 180, 180, 180, 180, 180, 80, 80, 80, 80, 80, 2680, 120, 10, 10, 10, 10, 10, 3430, 3430, 3430, 3430, 3430, 80, 80, 80, 80, 80, 60, 11410, 11410, 11410, 7140, 11410, 11410, 1160, 1120, 1120, 1120, 1120, 1120, 52050, 52050, 2080, 4180, 4180, 4180, 4180, 4180, 4180, 3230, 40, 40, 40, 40, 40, 2000, 10, 620, 620, 0, 1090, 710, 3000, 3000, 3000, 3000, 3000, 850, 970, 4180, 970, 970, 4180, 970, 970, 12190, 600, 600, 600, 600, 600, 2260, 790, 790, 790, 790, 790, 20, 2020, 2020, 2020, 113470, 2020, 2020, 200, 830, 830, 830, 830, 830, 490, 490, 490, 490, 490, 3840, 3840, 3840, 3840, 3840, 850, 1320, 1670, 30, 3440, 380, 1240, 100, 130, 130, 130, 130, 130, 2260, 1910, 2330, 2330, 2330, 2330, 2330, 3180, 490, 490, 490, 490, 490, 130, 50, 1160, 470, 470, 470, 1160, 1160, 470, 1160, 470, 1160, 3710, 3710, 1010, 1510, 200, 157150, 157150, 157150, 157150, 157150, 100, 1140, 100, 100, 100, 100, 100, 30, 200, 200, 200, 200, 30, 200, 220, 110, 220, 110, 110, 220, 110, 220, 110, 220, 60, 7360, 14170, 430, 400, 2350, 7400, 740, 40, 2820, 2820, 40, 2820, 40, 2820, 40, 40, 2820, 470, 490, 570, 570, 490, 490, 490, 490, 490, 580, 260, 260, 260, 260, 260, 350, 350, 350, 350, 350, 3460, 820, 820, 1430, 820, 820, 820]"
2020-11-04 21:50:00+00:00,885940,0,356.0,"[90, 90, 90, 90, 90, 4230, 1230, 1230, 1230, 1230, 1230, 40, 80, 10, 10, 10, 10, 10, 50, 50, 50, 50, 50, 0, 100, 100, 100, 100, 100, 700, 360, 360, 360, 360, 360, 20, 20, 20, 20, 20, 210, 210, 210, 210, 440, 210, 320, 1430, 6140, 1430, 6140, 6140, 1430, 6140, 1430, 6140, 1430, 30, 30, 30, 300, 690, 2410, 20, 90, 640, 220, 11960, 650, 310, 310, 310, 310, 310, 200, 4680, 2060, 2060, 2060, 2060, 2060, 150, 2350, 10, 800, 2900, 360, 360, 360, 360, 360, 50, 50, 50, 50, 50, 600, 600, 600, 600, 600, 10, 10, 120, 150, 110, 3640, 3640, 3640, 3640, 3640, 670, 1600, 1420, 1420, 1960, 1420, 1420, 1420, 280, 280, 280, 280, 280, 660, 80, 80, 80, 80, 80, 160, 120, 330, 1990, 1550, 1480, 1480, 1480, 1480, 1480, 35050, 0, 3360, 3360, 3360, 3360, 3360, 610, 610, 610, 610, 610, 450, 1010, 1010, 1010, 1010, 1010, 430, 610, 220, 10, 10, 10, 220, 220, 10, 220, 10, 220, 10180, 530, 10180, 530, 10180, 530, 10180, 530, 10180, 530, 0, 400, 400, 400, 400, 400, 160, 40, 40, 40, 40, 40, 700, 5480, 40, 40, 40, 40, 40, 40, 60, 60, 60, 60, 60, 3620, 60, 60, 60, 60, 60, 10, 10, 10, 10, 10, 4790, 2900, 11060, 11060, 11060, 11060, 11060, 3950, 3950, 3950, 3950, 3950, 15130, 360, 360, 360, 360, 360, 770, 770, 770, 770, 770, 680, 680, 680, 680, 680, 5870, 6200, 6200, 6200, 6200, 6200, 11440, 11440, 11440, 11440, 11440, 90, 840, 970, 970, 970, 970, 970, 15510, 15510, 10, 990, 990, 990, 990, 990, 3920, 120, 120, 120, 120, 120, 0, 11910, 70, 9800, 10, 10, 10, 420, 10, 10, 1090, 1090, 1090, 1090, 1090, 490, 360, 60, 100, 100, 100, 100, 100, 410, 9000, 9000, 9000, 9000, 9000, 400, 30, 20, 2180, 2180, 2180, 2180, 2180, 12390, 12390, 12390, 12390, 12390, 360, 360, 360, 360, 360, 40, 1340, 1720, 20, 1720, 1720, 1720, 1720, 31560, 20, 31560, 31560, 31560, 31560, 440, 6010, 6010, 6010, 6010, 6010, 3600, 3600, 3600, 3600, 3600, 10, 10, 10, 10, 10, 190, 30, 270]"
2020-11-04 21:55:00+00:00,557980,0,284.0,"[90, 90, 90, 90, 90, 70, 1580, 1580, 1580, 1580, 1580, 2020, 2490, 0, 80, 80, 80, 440, 80, 80, 2360, 0, 0, 0, 0, 0, 480, 2490, 90, 3330, 250, 250, 250, 250, 250, 10, 280, 280, 280, 280, 280, 100, 30, 30, 30, 30, 30, 160, 160, 160, 160, 160, 7560, 7560, 7560, 7560, 7560, 30, 3770, 3770, 3770, 3770, 30, 3770, 70, 70, 70, 70, 70, 4750, 4750, 4750, 4750, 4750, 190, 190, 23700, 80, 80, 10, 260, 3610, 840, 660, 3210, 20, 20, 20, 20, 20, 4050, 4050, 4050, 4050, 4050, 20, 1050, 320, 1030, 1030, 1030, 1030, 1030, 3840, 1400, 1400, 1400, 1400, 1400, 120, 550, 200, 230, 1880, 1880, 480, 1820, 40, 40, 1940, 410, 410, 410, 410, 410, 2020, 5100, 5100, 250, 830, 30, 3840, 120, 260, 2190, 250, 2190, 410, 30, 30, 30, 30, 30, 420, 420, 420, 420, 420, 109020, 0, 0, 0, 0, 0, 1270, 1530, 2100, 2100, 2100, 3300, 3300, 2100, 3300, 3300, 2100, 3300, 0, 40, 40, 500, 40, 500, 500, 500, 40, 40, 500, 8270, 80, 4780, 4780, 4780, 4780, 4780, 2260, 2260, 2260, 2260, 2260, 4910, 630, 10, 150, 8480, 3900, 1390, 20, 20, 20, 20, 20, 2240, 0, 120, 260, 260, 260, 260, 260, 10, 10, 10, 10, 10, 110, 110, 110, 110, 110, 540, 540, 540, 540, 540, 230, 30, 230, 320, 10, 320, 3920, 2250, 2250, 2250, 2250, 2250, 40, 120, 130, 1160, 1160, 1160, 1160, 1160, 16430, 16430, 0, 310, 690, 690, 690, 690, 690, 40, 90, 90, 90, 90, 90, 90, 90, 90, 90, 90, 210, 210, 210, 210, 210, 10, 10, 10, 10, 10, 10720, 10720, 10720, 10720, 10720, 3610, 3610, 3610, 3610, 3610]"
2020-11-04 22:00:00+00:00,518890,0,267.0,"[2870, 1430, 40, 40, 1250, 3160, 90, 0, 0, 0, 0, 0, 130, 0, 3480, 0, 0, 0, 0, 0, 760, 2610, 160, 60, 60, 60, 60, 60, 30, 30, 30, 30, 30, 720, 720, 720, 720, 720, 110, 10, 3270, 480, 500, 500, 480, 500, 480, 480, 480, 500, 500, 200, 200, 200, 200, 200, 160, 2880, 5280, 20, 20, 20, 20, 20, 90, 39630, 39630, 39630, 39630, 39630, 60, 70, 70, 70, 70, 70, 2520, 240, 240, 240, 240, 240, 1400, 1400, 1400, 1400, 1400, 490, 1280, 340, 340, 340, 340, 340, 510, 510, 510, 510, 510, 3050, 3050, 3050, 3050, 3050, 20, 300, 10, 470, 470, 180, 180, 180, 180, 180, 100, 100, 100, 100, 100, 560, 6900, 6900, 6900, 6900, 6900, 40, 6280, 3240, 100, 440, 0, 4620, 4620, 4620, 4620, 4620, 10, 10, 10, 10, 10, 5040, 1070, 130, 40, 40, 40, 40, 40, 270, 270, 270, 270, 270, 270, 270, 270, 270, 270, 40, 40, 40, 40, 40, 0, 0, 0, 0, 0, 340, 140, 140, 140, 140, 140, 10, 10, 10, 10, 10, 1160, 1160, 1160, 1160, 1160, 4370, 2750, 2750, 2750, 2750, 2750, 20, 60, 0, 160, 160, 10, 49910, 10, 140, 140, 140, 140, 140, 990, 3200, 1000, 1000, 1000, 1000, 1000, 50, 100, 100, 100, 100, 100, 470, 120, 120, 120, 120, 120, 20, 50, 50, 50, 50, 50, 460, 460, 460, 460, 460, 220, 11060, 2170, 0, 0, 0, 0, 0, 100, 420, 420, 420, 420, 420, 1940, 90, 90, 90, 90, 90, 250, 0, 0, 0, 0, 0, 0, 12340, 12340, 12340, 740, 12340, 12340]"
2020-11-04 22:05:00+00:00,1272230,0,231.0,"[150, 130, 550, 1290, 1140, 1290, 1290, 1140, 1290, 1140, 1290, 1140, 1140, 50, 1100, 1100, 1100, 1100, 1100, 20, 7360, 7360, 7360, 7360, 7360, 410, 1480, 1480, 1480, 1480, 1480, 3460, 30, 30, 30, 30, 30, 120, 120, 120, 120, 120, 700, 700, 700, 700, 700, 11920, 40, 210, 910, 3730, 0, 40, 40, 40, 40, 40, 3840, 2870, 1460, 1460, 1460, 1460, 1460, 120, 10, 10, 10, 10, 10, 9130, 9130, 840, 2660, 21590, 21590, 21590, 21590, 21590, 110, 110, 110, 110, 110, 220, 530, 530, 530, 530, 530, 0, 0, 3330, 5540, 5540, 5540, 5540, 5540, 200, 50, 0, 4580, 530, 9690, 9200, 30, 3520, 3520, 290, 1620, 1620, 1620, 1620, 1620, 470, 120, 1020, 230, 230, 230, 230, 230, 100, 100, 100, 100, 100, 60, 60, 60, 60, 60, 70, 80, 80, 80, 80, 80, 360, 10, 10, 10, 10, 10, 8690, 8690, 8690, 8690, 8690, 0, 650, 50, 50, 50, 50, 50, 2010, 2010, 2010, 2010, 2010, 205580, 1720, 205580, 320, 80, 500, 1750, 3870, 180, 180, 180, 180, 180, 880, 580, 5070, 490, 100, 490, 100, 490, 100, 490, 100, 490, 100, 210, 5550, 5550, 5550, 5550, 5550, 340, 340, 340, 340, 340, 660, 14050, 0, 0, 0, 0, 0, 330, 60, 780, 60, 60, 60, 60, 60, 40, 140, 10, 30, 30, 30, 30, 30, 20130, 1480, 80770, 80770, 80770, 80770, 80770, 3020, 3020]"
2020-11-04 22:10:00+00:00,833560,0,252.0,"[8370, 130, 0, 930, 670, 670, 670, 670, 670, 3010, 1010, 1010, 1010, 1010, 1010, 33070, 33070, 33070, 33070, 33070, 520, 10, 10, 10, 670, 10, 10, 930, 930, 930, 930, 930, 1100, 3640, 20, 20, 20, 20, 20, 560, 50, 10880, 10880, 40, 230, 35890, 60, 60, 60, 60, 60, 620, 40, 40, 40, 40, 40, 250, 4210, 3870, 5150, 5150, 20, 2220, 4950, 4950, 4950, 4950, 4950, 260, 260, 260, 260, 260, 4980, 2760, 1610, 1610, 1610, 1610, 1610, 6010, 6010, 7010, 6010, 6010, 7010, 7010, 6010, 7010, 7010, 7080, 30, 320, 350, 210, 210, 210, 210, 210, 360, 360, 360, 360, 360, 16190, 16190, 230, 90, 14600, 1180, 30, 3870, 1620, 4000, 73640, 130, 130, 130, 130, 130, 560, 1620, 740, 180, 110, 110, 110, 110, 110, 940, 940, 940, 940, 940, 950, 180, 180, 180, 180, 180, 8450, 80, 330, 400, 1210, 21830, 4010, 4010, 4010, 4010, 4010, 4010, 120, 840, 6540, 920, 3060, 110, 110, 110, 110, 110, 110, 3250, 180, 180, 180, 180, 180, 30, 30, 30, 30, 30, 3160, 1060, 60, 450, 450, 220, 5310, 1500, 1500, 1500, 1500, 1500, 300, 300, 6940, 6940, 300, 6940, 300, 300, 6940, 6940, 1310, 12360, 12360, 12360, 12360, 12360, 1080, 0, 0, 0, 0, 0, 13920, 10, 230, 18140, 170, 210, 590, 590, 590, 590, 590, 1180, 1180, 1180, 1180, 1180, 1490, 1780, 2970, 6000, 970, 2110, 3290, 3290, 3290, 3290, 3290, 210, 3020, 3020, 3020, 3020, 3020, 580, 30, 540, 370, 370, 370, 370, 370, 7760, 5290]"
2020-11-04 22:15:00+00:00,1304670,1,310.0,"[6940, 6510, 6510, 6510, 6510, 6510, 3030, 0, 0, 1490, 70, 1320, 1320, 1320, 1320, 1320, 3890, 3890, 3890, 3890, 3890, 1130, 4380, 70, 70, 1040, 70, 1040, 1040, 70, 1040, 70, 1040, 30, 30, 30, 30, 30, 220, 40, 280, 123700, 123700, 123700, 123700, 123700, 0, 0, 140, 50, 1820, 1820, 1820, 1820, 1820, 110, 8990, 8990, 1030, 1030, 8990, 8990, 1030, 1030, 8990, 1030, 590, 890, 150, 150, 150, 150, 150, 2810, 2810, 2810, 2810, 2810, 50, 50, 50, 50, 50, 60, 130, 20, 20, 640, 20, 20, 20, 2580, 3390, 10, 1650, 2320, 2320, 2320, 2320, 2320, 30, 30, 30, 30, 30, 1290, 0, 0, 180, 180, 180, 180, 180, 100, 50, 80, 90, 2790, 2790, 90, 90, 90, 2790, 2790, 90, 2790, 1690, 1690, 1690, 1690, 1690, 19760, 50, 3630, 0, 80, 1350, 40, 10, 1020, 760, 20, 40, 20, 20, 440, 20, 40, 20, 6010, 1010, 14220, 1300, 1300, 1300, 1300, 1300, 160, 160, 160, 160, 160, 120, 180, 430, 20, 6470, 960, 960, 6470, 6470, 960, 6470, 960, 6470, 960, 2660, 10, 150, 150, 150, 150, 150, 180, 180, 180, 180, 180, 1150, 1150, 1150, 1150, 1150, 190, 190, 190, 190, 190, 1210, 1210, 1210, 1210, 1210, 700, 30, 80, 80, 80, 80, 80, 800, 540, 540, 540, 540, 540, 1340, 1340, 1340, 1340, 1340, 1000, 1240, 1240, 310, 80, 740, 440, 270, 270, 270, 270, 270, 20, 1420, 1420, 1420, 1420, 1420, 60, 360, 1510, 1250, 1250, 1250, 1250, 1250, 50, 0, 0, 0, 0, 0, 280, 0, 0, 910, 5920, 4000, 2360, 4000, 4000, 2360, 2360, 2360, 4000, 2360, 4000, 4480, 70, 4480, 70, 4480, 4480, 4480, 2400, 2400, 2400, 2400, 2400, 190, 190, 190, 190, 190, 1330, 4430, 2920, 21180, 110, 110, 110, 110, 110, 920, 100, 3140, 3140, 3140, 3140, 3140, 530, 2430, 2430, 2430, 2430, 2430, 470, 470]"
2020-11-04 22:20:00+00:00,646510,0,286.0,"[150, 560, 10, 10, 10, 10, 10, 500, 500, 940, 940, 940, 940, 940, 440, 440, 440, 440, 440, 160, 160, 160, 160, 160, 3800, 140, 140, 140, 140, 140, 140, 140, 140, 140, 140, 230, 230, 230, 230, 230, 2140, 1390, 1390, 1390, 1390, 1390, 30, 3030, 3030, 3030, 3030, 3030, 2570, 1870, 1870, 1870, 1870, 1870, 30, 30, 30, 30, 30, 14900, 380, 380, 380, 380, 380, 8230, 130, 20, 20, 20, 24110, 20, 24110, 20, 20, 4280, 70, 1040, 1040, 1040, 1040, 1040, 120, 120, 120, 120, 120, 1530, 720, 720, 20, 120, 120, 120, 120, 120, 3010, 60, 60, 60, 60, 60, 1460, 40, 40, 40, 40, 40, 5210, 2960, 110, 110, 110, 110, 110, 0, 10, 740, 740, 740, 740, 740, 1120, 8040, 60, 60, 60, 60, 60, 1300, 1300, 1300, 1300, 1300, 50, 500, 10, 230, 230, 230, 230, 230, 850, 850, 4110, 4110, 4110, 4110, 4110, 410, 460, 20, 20, 20, 20, 20, 90, 1300, 1300, 1300, 1300, 1300, 20, 640, 640, 20, 640, 20, 640, 20, 640, 20, 10, 10, 10, 10, 10, 3350, 2170, 2170, 2170, 2170, 2170, 2970, 220, 5010, 200, 5010, 5010, 5010, 200, 5010, 150, 150, 150, 150, 150, 9640, 500, 29780, 29780, 29780, 29780, 29780, 1900, 380, 40, 40, 40, 40, 40, 270, 270, 270, 270, 270, 2160, 1840, 1840, 1840, 1840, 1840, 0, 10, 170, 980, 980, 980, 980, 980, 830, 580, 2210, 30, 30, 110, 110, 110, 110, 41380, 110, 5700, 5700, 5700, 5700, 5700, 2440, 2440, 2440, 2440, 2440, 3100, 270, 280, 280, 280, 280, 280, 2080, 780, 210, 2150, 2150, 2150, 2150, 2150, 670, 50, 2150, 2150, 2150, 2150, 2150, 8770, 42760, 42760, 2290, 2290, 270, 270, 50, 160]"
2020-11-04 22:25:00+00:00,1315400,0,244.0,"[2620, 110, 2690, 1100, 4700, 4700, 4700, 4700, 4700, 2000, 2000, 40, 2000, 2000, 2000, 230, 230, 230, 230, 230, 180, 0, 0, 0, 0, 0, 120, 150, 150, 150, 150, 150, 120, 50, 50, 50, 50, 50, 1660, 1660, 1660, 1660, 1660, 122610, 68680, 68680, 68680, 68680, 68680, 140, 8560, 40, 9210, 9210, 1560, 1560, 2440, 2440, 2440, 2440, 2440, 1660, 40, 40, 40, 40, 40, 160, 880, 620, 60, 250, 500, 120, 400, 1160, 1020, 750, 1860, 42650, 10, 520, 520, 10, 10, 10, 520, 520, 10, 520, 240, 30, 240, 240, 30, 30, 240, 240, 30, 30, 80, 0, 1320, 350, 6030, 6030, 2320, 2320, 2320, 2320, 2320, 7700, 7700, 7700, 7700, 7700, 1250, 290, 9550, 1270, 1270, 1270, 1270, 1270, 50, 50, 120, 50, 50, 50, 60, 250, 1290, 1290, 1290, 1290, 1290, 4160, 4160, 12660, 19060, 12660, 10, 10, 10, 10, 10, 0, 0, 0, 0, 0, 9550, 9550, 260, 2880, 1100, 1100, 1100, 1100, 1100, 570, 10, 10, 20, 20, 20, 20, 20, 20, 37540, 10, 10, 10, 10, 10, 30, 30, 30, 30, 30, 110, 310, 7550, 7550, 7550, 7550, 7550, 10830, 10830, 10830, 10830, 10830, 90, 4290, 4290, 4290, 4290, 4290, 120, 340, 61610, 61610, 61610, 340, 340, 61610, 340, 61610, 340, 940, 800, 800, 800, 800, 800, 690, 1310, 1310, 1310, 1310, 1310, 800, 800, 800, 800, 800, 340, 340, 340, 340, 340, 4300, 4300, 4300, 4300, 4300, 1860, 20250, 1410, 1410, 1410, 1410, 1410]"
2020-11-04 22:30:00+00:00,495370,0,215.0,"[800, 800, 800, 800, 800, 90, 90, 90, 90, 90, 2730, 2730, 3410, 50, 50, 50, 50, 50, 350, 140, 30, 30, 30, 30, 30, 880, 160, 160, 160, 160, 160, 101590, 1450, 3130, 7400, 790, 790, 790, 790, 790, 1120, 3560, 50, 50, 0, 20, 20, 20, 20, 20, 2100, 2100, 2100, 2100, 2100, 160, 390, 160, 390, 390, 160, 390, 390, 160, 160, 260, 260, 260, 260, 260, 580, 580, 580, 580, 580, 1590, 1590, 1690, 1590, 1590, 1590, 80, 80, 80, 80, 80, 7140, 950, 90, 90, 90, 90, 90, 10080, 4700, 190, 1250, 1320, 1320, 1320, 1320, 1320, 20, 870, 170, 170, 170, 170, 170, 3510, 3510, 3510, 3510, 3510, 380, 200, 200, 200, 200, 200, 4300, 4300, 4300, 4300, 4300, 470, 470, 470, 470, 470, 9800, 120, 1660, 2230, 2230, 2230, 2230, 2230, 3740, 40, 40, 40, 40, 40, 980, 260, 790, 3870, 790, 3870, 790, 790, 3870, 790, 3870, 3870, 90, 90, 90, 90, 90, 7480, 7480, 7480, 7480, 7480, 20, 20, 20, 20, 20, 81110, 960, 2580, 600, 470, 5540, 4560, 5800, 280, 4270, 90, 90, 10930, 90, 90, 90, 90, 90, 280, 90, 90, 90, 0, 0, 1430, 1430, 1430, 1430, 1430, 3250, 3250, 900, 5800, 5800, 5800, 5800, 5800, 440, 440, 440, 440, 440, 510, 10]"
2020-11-04 22:35:00+00:00,464910,0,182.0,"[1730, 1730, 1730, 1730, 1730, 220, 1810, 20250, 20, 20, 840, 2440, 1290, 10, 10, 10, 10, 10, 160, 160, 160, 160, 160, 2860, 930, 2630, 250, 1240, 300, 300, 5490, 1870, 1870, 1870, 1870, 1870, 10, 10, 10, 10, 10, 10, 1920, 3450, 620, 620, 620, 620, 620, 3150, 3150, 1080, 1080, 1080, 1080, 1080, 400, 400, 400, 400, 400, 10080, 320, 320, 240, 320, 320, 320, 600, 600, 600, 600, 600, 320, 60, 60, 200, 60, 60, 60, 50, 50, 50, 50, 50, 10, 230, 230, 230, 230, 230, 260, 260, 260, 260, 260, 3270, 110, 2900, 100, 340, 580, 580, 120, 4300, 4300, 160, 7440, 40, 220, 220, 220, 220, 220, 420, 1680, 690, 430, 3030, 1110, 910, 910, 910, 910, 910, 3260, 3260, 3260, 3260, 3260, 12260, 4000, 4000, 4000, 4000, 4000, 7320, 110, 110, 110, 110, 110, 8300, 140, 140, 140, 140, 140, 9560, 9560, 9560, 9560, 9560, 20, 3060, 290, 1240, 1240, 1240, 1240, 1240, 160, 200, 960, 200, 960, 200, 960, 200, 960, 200, 960, 40, 160, 1000, 37580, 37580, 37580, 37580, 37580, 4690, 4690]"
2020-11-04 22:40:00+00:00,253340,0,159.0,"[3870, 400, 400, 400, 400, 400, 1730, 1730, 1730, 1730, 1730, 730, 730, 730, 730, 730, 0, 2710, 1690, 100, 1690, 1690, 1690, 1690, 480, 40, 570, 60, 50, 570, 190, 190, 570, 190, 570, 190, 190, 570, 570, 10, 10, 31350, 15800, 15440, 20, 240, 2030, 190, 4940, 4940, 4940, 4940, 4940, 0, 0, 10, 10, 10, 10, 10, 380, 380, 380, 380, 380, 220, 1430, 90, 90, 90, 90, 90, 0, 240, 240, 240, 240, 240, 50, 50, 50, 50, 50, 40, 40, 40, 40, 40, 60, 2400, 2400, 2400, 2400, 2400, 60, 60, 60, 60, 60, 70, 7400, 2480, 2480, 2480, 2480, 2480, 50, 16110, 2750, 430, 1510, 200, 200, 1510, 200, 1510, 200, 1510, 200, 1510, 3960, 1410, 1410, 1410, 1410, 1410, 230, 21120, 650, 380, 70, 70, 70, 70, 70, 890, 260, 5090, 30, 30, 30, 30, 30, 1070, 1070, 6070, 70, 1300, 50, 50, 50, 50, 50, 4540, 1760, 1760, 1760, 1760, 1760]"
2020-11-04 22:45:00+00:00,428630,0,178.0,"[50, 860, 860, 860, 860, 860, 60, 230, 2530, 200, 140, 2150, 19320, 19320, 19320, 19320, 19320, 40, 10, 10, 10, 10, 10, 1660, 3320, 3160, 3160, 450, 140, 20, 6260, 6260, 6260, 6260, 6260, 560, 690, 690, 690, 690, 690, 2180, 750, 750, 750, 750, 750, 7470, 7470, 19720, 19720, 19720, 19720, 19720, 6260, 6260, 6260, 6260, 6260, 4060, 110, 110, 4060, 110, 4060, 110, 4060, 4060, 110, 150, 150, 150, 150, 150, 220, 360, 360, 620, 20, 10, 720, 720, 720, 720, 720, 130, 130, 130, 130, 130, 80, 80, 80, 80, 80, 140, 10, 10, 10, 10, 10, 50, 50, 20, 10, 110, 0, 240, 240, 240, 240, 240, 890, 890, 890, 890, 890, 140, 360, 360, 360, 360, 360, 0, 3620, 3620, 3620, 3620, 3620, 990, 990, 450, 450, 450, 450, 450, 4270, 90, 90, 90, 90, 90, 330, 1380, 1380, 1380, 1380, 1380, 160, 3050, 630, 7920, 7040, 5340, 630, 790, 790, 0, 3010, 440, 3010, 440, 3010, 440, 3010, 440, 3010, 440, 1320, 1320, 1320, 1320, 1320, 790, 790, 790, 790, 790]"
2020-11-04 22:50:00+00:00,333360,0,179.0,"[20, 1120, 100, 100, 100, 100, 100, 790, 60, 760, 0, 760, 760, 760, 760, 10, 10, 10, 10, 10, 1400, 1910, 1910, 1910, 1910, 1910, 1480, 1480, 1480, 1480, 1480, 1650, 1650, 1650, 1650, 1650, 90, 490, 1510, 1440, 20, 20, 510, 40, 40, 40, 40, 40, 980, 0, 0, 0, 0, 0, 84250, 600, 200, 370, 2230, 910, 2230, 2230, 2230, 2230, 40, 40, 40, 40, 40, 170, 170, 170, 170, 170, 3420, 20, 2460, 180, 180, 180, 180, 180, 230, 230, 230, 230, 230, 5360, 5360, 5360, 5360, 5360, 3320, 3320, 3320, 3320, 3320, 20, 530, 90, 530, 530, 90, 530, 530, 90, 90, 90, 10, 10, 10, 10, 10, 320, 21000, 180, 7400, 7400, 7400, 7400, 7400, 200, 200, 200, 200, 200, 1250, 960, 1340, 4940, 4940, 4980, 0, 0, 0, 0, 0, 0, 20, 20, 50, 510, 20, 20, 20, 140, 190, 330, 1810, 10, 10, 10, 10, 10, 360, 360, 360, 360, 360, 4180, 7230, 7230, 7230, 7230, 7230, 920, 630, 1950, 1950, 1950, 1950, 1950, 40, 5450, 420, 420, 420, 420, 420]"
2020-11-04 22:55:00+00:00,153160,0,121.0,"[110, 110, 110, 110, 110, 30, 260, 860, 0, 3280, 140, 140, 140, 140, 140, 10, 10, 10, 10, 10, 20, 3240, 220, 220, 220, 220, 220, 20, 350, 90, 210, 210, 210, 340, 210, 210, 7380, 10, 10, 6400, 6400, 6400, 6400, 6400, 4520, 4520, 4520, 4520, 4520, 200, 260, 260, 260, 260, 260, 190, 190, 190, 190, 190, 1310, 8800, 120, 500, 120, 120, 120, 120, 120, 1020, 120, 120, 120, 120, 120, 0, 960, 2370, 2370, 2370, 2370, 2370, 20, 490, 890, 890, 890, 890, 890, 220, 220, 220, 220, 220, 0, 1110, 11610, 30, 30, 30, 30, 30, 1230, 1230, 17910, 60, 2310, 2310, 2310, 2310, 2310, 0, 0, 0, 0, 0, 20, 20, 20, 20, 20]"
2020-11-04 23:00:00+00:00,102520,0,59.0,"[820, 20, 4020, 4020, 200, 760, 440, 220, 20, 20, 20, 20, 20, 590, 590, 50, 590, 590, 590, 36400, 5840, 20, 930, 450, 110, 110, 110, 110, 110, 360, 4180, 4180, 4180, 4180, 4180, 4180, 300, 300, 300, 300, 300, 730, 8550, 40, 700, 1320, 410, 1190, 400, 860, 860, 860, 860, 860, 30, 30, 30, 30, 30]"
2020-11-04 23:05:00+00:00,294960,0,134.0,"[3080, 14590, 20360, 20360, 20360, 20360, 20360, 80, 620, 130, 130, 130, 130, 130, 20, 50, 50, 50, 50, 50, 920, 920, 920, 920, 920, 3270, 3270, 3270, 3270, 3270, 0, 510, 510, 510, 510, 510, 1970, 1970, 1970, 1970, 1970, 140, 1620, 1620, 1620, 1620, 1620, 1970, 200, 0, 1620, 3360, 3360, 3360, 3360, 3360, 30, 30, 30, 30, 30, 40, 40, 40, 40, 40, 700, 0, 310, 360, 360, 310, 310, 360, 310, 310, 360, 360, 30, 30, 30, 30, 30, 120, 830, 110, 110, 110, 110, 110, 550, 550, 550, 550, 550, 3510, 3510, 3510, 3510, 3510, 7520, 7520, 7520, 7520, 7520, 4430, 4430, 4430, 4430, 4430, 2190, 10, 14600, 3380, 570, 570, 570, 570, 570, 800, 140, 140, 140, 140, 140, 160, 160, 20, 20, 20, 20, 20, 510, 130]"
2020-11-04 23:10:00+00:00,237800,0,156.0,"[420, 420, 420, 420, 420, 6510, 6510, 6510, 6510, 6510, 630, 630, 630, 630, 630, 3050, 3050, 3050, 3050, 3050, 2880, 890, 620, 620, 620, 620, 620, 90, 27300, 240, 240, 240, 240, 27300, 240, 500, 3080, 3080, 3080, 3080, 3080, 500, 500, 500, 500, 500, 4750, 4750, 4750, 4750, 4750, 730, 730, 730, 730, 730, 880, 20, 1500, 1500, 1500, 1500, 1500, 410, 320, 320, 320, 320, 320, 100, 50, 570, 160, 160, 120, 370, 370, 370, 370, 370, 140, 540, 90, 90, 90, 90, 90, 320, 1110, 1110, 1110, 1110, 1110, 490, 1240, 1240, 1240, 1240, 1240, 3970, 3970, 870, 870, 870, 870, 870, 360, 360, 360, 360, 360, 0, 0, 950, 950, 950, 950, 950, 10, 10, 10, 10, 10, 1180, 190, 140, 140, 320, 3350, 3350, 320, 3350, 3350, 320, 3350, 320, 320, 2920, 140, 140, 140, 140, 140, 790, 790, 60, 790, 790, 790, 1530, 780, 50, 50, 50, 50, 50]"
2020-11-04 23:15:00+00:00,130570,0,131.0,"[540, 690, 690, 690, 690, 690, 20, 240, 120, 120, 120, 120, 120, 2160, 2160, 2160, 2160, 2160, 5460, 370, 5130, 5130, 5130, 5130, 5130, 910, 40, 600, 80, 3440, 760, 760, 760, 760, 760, 10, 10, 10, 10, 10, 2460, 2460, 2460, 2460, 2460, 60, 1390, 280, 280, 280, 280, 280, 3260, 70, 0, 0, 0, 0, 0, 70, 1960, 1960, 1960, 1960, 1960, 1730, 80, 90, 90, 570, 2660, 2660, 2660, 570, 2660, 570, 570, 2660, 570, 20, 20, 40, 3410, 280, 1920, 60, 60, 60, 60, 60, 310, 310, 2160, 520, 520, 520, 520, 520, 2120, 2120, 2120, 2120, 2120, 50, 50, 50, 50, 50, 230, 230, 230, 230, 230, 140, 140, 140, 140, 140, 10, 10, 10, 10, 10, 740, 170, 1500, 300, 300, 300, 300, 300]"
2020-11-04 23:20:00+00:00,448570,0,93.0,"[1210, 210, 210, 210, 210, 210, 120, 570, 570, 570, 570, 570, 4550, 40, 3110, 20, 140, 140, 1060, 1060, 1060, 1060, 1060, 1840, 30, 8830, 100, 20, 20, 20, 20, 20, 20, 830, 10, 10, 3220, 3220, 3220, 3220, 3220, 1540, 1540, 8420, 1540, 8420, 1540, 1540, 8420, 8420, 8420, 20, 20, 20, 20, 20, 4020, 2720, 16240, 16240, 16240, 16240, 16240, 80, 80, 80, 80, 80, 2140, 39590, 39590, 39590, 39590, 39590, 40220, 120, 1990, 1990, 1530, 1530, 1530, 1530, 1530, 1160, 2800, 400, 400, 400, 400, 400, 400, 4460, 1050]"
2020-11-04 23:25:00+00:00,289540,0,135.0,"[500, 2690, 2690, 2690, 2690, 2690, 170, 470, 10, 2030, 80, 6980, 250, 1570, 450, 670, 670, 450, 670, 450, 450, 670, 670, 450, 3560, 3560, 3560, 3560, 3560, 60, 370, 980, 980, 980, 980, 980, 0, 10, 10, 1800, 3730, 3730, 3730, 3730, 3730, 6720, 20, 20, 20, 20, 20, 3540, 440, 440, 440, 440, 440, 10360, 160, 20, 1720, 700, 1720, 8430, 8430, 8430, 8430, 8430, 1380, 10, 250, 290, 100, 410, 2020, 2020, 2020, 2020, 2020, 160, 1250, 1250, 1250, 1250, 1250, 10, 100, 10480, 10480, 10480, 10480, 10480, 70, 70, 70, 70, 70, 120, 300, 30, 30, 30, 30, 30, 330, 10, 10, 40, 10, 10, 10, 1430, 5070, 120, 120, 120, 120, 120, 10, 90, 90, 90, 90, 90, 940, 100, 57910, 1330, 2400, 2400, 0, 0, 0, 0, 0]"
2020-11-04 23:30:00+00:00,473320,0,129.0,"[30, 60, 60, 60, 60, 60, 6250, 120, 50, 590, 2800, 1670, 1670, 1670, 1670, 1670, 0, 80, 80, 80, 80, 80, 1670, 980, 960, 110, 110, 110, 110, 110, 2620, 400, 0, 0, 20, 20, 20, 20, 20, 180, 20, 150, 150, 150, 150, 150, 210, 210, 210, 210, 210, 10, 10, 10, 10, 10, 270, 270, 270, 270, 270, 60, 7180, 8660, 240, 690, 690, 690, 690, 690, 730, 730, 730, 730, 730, 110, 170, 2500, 50, 5550, 20, 20, 20, 20, 20, 20, 20, 20, 20, 20, 5190, 0, 0, 3540, 3540, 3540, 3540, 3540, 1540, 1540, 1540, 1540, 1540, 80, 130, 130, 20, 130, 130, 130, 68780, 68780, 68780, 68780, 68780, 20, 30, 1760, 1760, 1760, 1760, 1760, 5130, 5130, 5130, 5130, 5130, 980, 1210]"
2020-11-04 23:35:00+00:00,144120,0,127.0,"[260, 2580, 10, 10, 10, 10, 10, 510, 510, 60, 4190, 4190, 4190, 4190, 4190, 2330, 250, 360, 180, 180, 180, 180, 180, 2760, 160, 260, 270, 270, 270, 270, 270, 270, 470, 470, 470, 470, 470, 300, 300, 300, 300, 300, 2080, 2080, 2080, 2080, 2080, 3320, 40, 40, 40, 40, 40, 340, 4060, 4060, 4060, 4060, 4060, 460, 1580, 1640, 1640, 1640, 1640, 1640, 2320, 440, 60, 690, 690, 690, 690, 690, 0, 3580, 4060, 4060, 4060, 4060, 4060, 150, 170, 530, 710, 330, 710, 330, 710, 330, 710, 330, 710, 330, 490, 700, 60, 50, 370, 370, 370, 370, 370, 0, 0, 0, 0, 0, 720, 350, 350, 350, 350, 350, 1210, 1210, 1700, 1210, 1210, 1210, 280, 2350, 2350, 2350, 2350, 2350, 310]"
2020-11-04 23:40:00+00:00,266480,0,121.0,"[1450, 1450, 1450, 1450, 1450, 70770, 650, 170, 170, 170, 170, 170, 10, 3220, 1120, 2330, 1670, 1670, 1670, 1670, 1670, 1310, 6380, 6380, 6380, 6380, 6380, 4510, 180, 330, 330, 330, 330, 330, 440, 200, 430, 430, 430, 430, 430, 3140, 400, 120, 160, 530, 160, 530, 530, 160, 160, 530, 160, 530, 1260, 3150, 3150, 3150, 3150, 3150, 30, 1080, 1080, 1080, 1080, 1080, 170, 17980, 17980, 3240, 410, 410, 410, 410, 410, 1270, 0, 1270, 1270, 1270, 1270, 16210, 440, 440, 440, 440, 440, 960, 960, 20, 20, 20, 20, 20, 150, 1730, 1730, 1730, 1730, 1730, 20, 2040, 10780, 3090, 740, 660, 660, 660, 660, 660, 40, 430, 430, 1900, 20, 200, 10, 10, 10, 10, 10]"
2020-11-04 23:45:00+00:00,203810,0,97.0,"[14930, 60, 50, 50, 50, 50, 50, 530, 20, 20, 20, 20, 20, 210, 4190, 820, 820, 820, 820, 820, 1810, 1970, 140, 140, 140, 140, 140, 1760, 520, 520, 1760, 1760, 1760, 520, 1760, 520, 520, 860, 130, 130, 130, 130, 130, 130, 49470, 3170, 2120, 2120, 2120, 2120, 2120, 5050, 5050, 5050, 5050, 5050, 30, 40, 3040, 3040, 3040, 3040, 3040, 180, 1150, 240, 60, 370, 370, 370, 370, 370, 160, 6210, 3170, 3170, 3170, 3170, 3170, 50, 50, 50, 50, 50, 500, 5090, 850, 850, 850, 850, 850, 2440, 1430, 2670, 1390, 860, 13580]"
2020-11-04 23:50:00+00:00,211120,0,95.0,"[4480, 0, 20, 70, 20, 20, 20, 20, 1460, 1460, 1460, 1460, 1460, 30, 30, 30, 30, 30, 8260, 4110, 400, 400, 400, 400, 400, 3550, 260, 14660, 14660, 14660, 14660, 14660, 9690, 9690, 9690, 9690, 9690, 50, 50, 50, 50, 50, 30, 60, 10, 80, 80, 80, 80, 80, 500, 3190, 3190, 4100, 10, 1130, 1090, 1090, 1090, 1130, 1090, 1130, 1130, 1130, 1090, 450, 1050, 1050, 1050, 1050, 1050, 0, 1350, 20, 850, 300, 2780, 420, 420, 420, 420, 140, 420, 420, 90, 12620, 670, 670, 670, 670, 670, 220, 4780, 890, 640]"
2020-11-04 23:55:00+00:00,377040,0,128.0,"[6060, 6060, 6060, 6060, 6060, 4030, 60, 2200, 990, 990, 130, 990, 990, 990, 1790, 180, 180, 940, 940, 180, 940, 75390, 180, 180, 940, 940, 130, 770, 250, 620, 940, 940, 940, 940, 940, 2630, 2630, 2630, 2630, 2630, 40, 11470, 11470, 11470, 11470, 11470, 360, 360, 360, 360, 360, 0, 720, 40, 1080, 1080, 1080, 1080, 1080, 18310, 20, 20, 20, 20, 20, 2330, 6860, 360, 2370, 780, 780, 780, 780, 780, 210, 18310, 1250, 960, 260, 700, 3240, 130, 980, 230, 10, 10, 10, 10, 10, 60, 30, 60, 60, 60, 60, 30, 70, 70, 70, 70, 70, 620, 620, 620, 620, 620, 1600, 40, 40, 40, 40, 40, 2250, 16230, 16230, 16230, 16230, 16230, 420, 1280, 200, 200, 0, 200, 200, 200, 20, 15340]"
2020-11-05 00:00:00+00:00,105540,0,101.0,"[0, 0, 0, 0, 0, 8320, 8320, 8320, 8320, 8320, 30, 10, 10, 10, 10, 10, 10, 10, 10, 10, 10, 20, 20, 20, 20, 20, 3170, 0, 0, 870, 10, 10, 10, 10, 10, 260, 260, 260, 260, 260, 720, 720, 720, 720, 720, 140, 520, 150, 150, 150, 150, 150, 560, 2340, 0, 20, 10, 1480, 1480, 10, 10, 1480, 1480, 10, 1480, 10, 10, 60, 1880, 0, 0, 0, 0, 0, 70, 100, 2460, 3110, 660, 450, 2020, 10350, 4480, 60, 510, 350, 350, 350, 350, 350, 60, 2230, 190, 420, 50, 2120, 2120, 2120, 2120, 2120, 1420]"
2020-11-05 00:05:00+00:00,62780,0,65.0,"[610, 280, 10, 13000, 310, 100, 20, 20, 20, 20, 20, 50, 3360, 1020, 1020, 1020, 1020, 1020, 120, 120, 90, 70, 70, 110, 110, 110, 110, 110, 60, 60, 460, 60, 60, 60, 60, 170, 770, 760, 1300, 10360, 730, 0, 0, 0, 0, 0, 1130, 180, 900, 20, 40, 7040, 3490, 90, 220, 220, 220, 220, 220, 1340, 1720, 1720, 1720, 1720, 1720]"
2020-11-05 00:10:00+00:00,149290,0,83.0,"[200, 200, 200, 200, 200, 0, 0, 50, 220, 150, 990, 990, 990, 990, 990, 31350, 31350, 0, 2310, 2310, 510, 2310, 2310, 2310, 2990, 510, 30, 20, 2660, 2660, 2660, 2660, 2660, 10, 20, 20, 20, 20, 20, 20, 230, 230, 230, 230, 230, 40, 40, 40, 40, 40, 2500, 110, 1370, 20, 20, 20, 20, 20, 440, 20, 20, 20, 20, 20, 11500, 440, 1200, 1640, 1640, 1640, 1640, 1640, 10, 3230, 160, 160, 2500, 2500, 2500, 2500, 2500, 120, 7690]"
2020-11-05 00:15:00+00:00,154610,0,112.0,"[100, 100, 100, 100, 100, 10, 330, 330, 50, 330, 330, 330, 810, 810, 810, 810, 810, 370, 490, 490, 1250, 2400, 10, 0, 0, 0, 0, 0, 20, 20, 20, 20, 20, 890, 890, 890, 890, 890, 3580, 20, 3680, 1120, 170, 240, 290, 200, 200, 200, 200, 200, 90, 620, 620, 620, 620, 620, 10, 10, 10, 10, 10, 3740, 10, 10, 10, 10, 10, 20, 20, 50, 50, 40, 40, 270, 270, 270, 270, 270, 22040, 22040, 22040, 22040, 22040, 330, 560, 640, 30, 30, 30, 30, 30, 0, 210, 190, 190, 190, 190, 190, 5780, 90, 1080, 10, 10, 10, 10, 10, 50, 0, 0, 0, 0, 0]"
2020-11-05 00:20:00+00:00,48830,0,69.0,"[60, 60, 60, 60, 60, 2740, 320, 1350, 390, 390, 390, 390, 390, 10660, 150, 150, 150, 150, 150, 0, 0, 140, 20, 20, 20, 20, 20, 10, 10, 10, 10, 10, 200, 2580, 60, 60, 60, 60, 60, 1880, 1880, 1880, 1880, 1880, 20, 20, 20, 20, 20, 30, 30, 30, 30, 30, 50, 50, 50, 50, 50, 50, 120, 1360, 1360, 1360, 1360, 1360, 7850, 2500, 170]"
2020-11-05 00:25:00+00:00,80310,0,94.0,"[0, 100, 100, 100, 100, 100, 480, 480, 480, 480, 480, 0, 0, 0, 0, 0, 1680, 1680, 1680, 1680, 1680, 2570, 10, 10, 10, 10, 10, 10, 10, 10, 10, 10, 40, 2140, 40, 40, 40, 40, 40, 130, 80, 80, 80, 80, 80, 1000, 1670, 1670, 1670, 1670, 1670, 390, 390, 60, 14420, 80, 20, 20, 80, 20, 20, 80, 80, 80, 20, 100, 30, 10090, 110, 580, 580, 580, 580, 580, 260, 260, 260, 260, 260, 2270, 140, 10560, 10, 70, 70, 70, 70, 70, 80, 80, 80, 80, 80, 10060]"
2020-11-05 00:30:00+00:00,150350,0,133.0,"[5070, 510, 510, 510, 510, 510, 1180, 260, 1210, 2660, 50, 50, 50, 50, 50, 170, 170, 170, 170, 170, 10, 10, 10, 10, 10, 40, 10, 10, 10, 10, 10, 0, 0, 0, 0, 0, 2100, 2100, 2100, 2100, 2100, 50, 420, 2340, 2340, 2340, 2340, 2340, 270, 60, 60, 60, 60, 60, 370, 370, 370, 370, 370, 960, 10, 10, 10, 10, 10, 10, 630, 630, 630, 630, 630, 2960, 110, 190, 190, 190, 190, 190, 1970, 1970, 1970, 1970, 1970, 3520, 3520, 3520, 3520, 3520, 4330, 2210, 2210, 2210, 2070, 2210, 2210, 20, 20, 20, 20, 20, 680, 680, 680, 680, 680, 10, 10, 10, 10, 10, 3640, 7980, 0, 320, 80, 80, 80, 80, 80, 5530, 5530, 5530, 5530, 5530, 1550, 0, 0, 0, 0, 0, 10330, 1250, 1330]"
2020-11-05 00:35:00+00:00,309660,0,93.0,"[100, 11770, 100, 100, 1490, 1170, 1170, 20, 1510, 1510, 1510, 1510, 1510, 1400, 0, 0, 0, 0, 0, 70, 3330, 5280, 3270, 10, 740, 2780, 25700, 25700, 25700, 25700, 25700, 10, 10, 10, 10, 10, 2230, 2230, 2230, 5680, 2230, 2230, 220, 220, 220, 220, 220, 0, 260, 510, 510, 510, 510, 510, 1580, 60, 60, 60, 60, 60, 90, 90, 90, 90, 90, 140, 240, 3180, 3180, 7080, 20, 20, 20, 20, 20, 19370, 19370, 19370, 19370, 19370, 20, 20, 20, 20, 20, 70, 70, 80, 1320, 1320, 1320, 1320, 1320]"
2020-11-05 00:40:00+00:00,154220,0,76.0,"[90, 19370, 19370, 19370, 19370, 19370, 20, 20, 20, 20, 20, 200, 4390, 10, 490, 320, 150, 150, 110, 110, 110, 110, 110, 30, 280, 280, 280, 280, 280, 30, 3810, 2600, 60, 1330, 160, 160, 160, 160, 160, 460, 460, 460, 460, 460, 30, 160, 160, 160, 160, 160, 5940, 5940, 5940, 5940, 5940, 60, 60, 60, 60, 60, 1510, 2980, 100, 400, 400, 400, 400, 400, 210, 0, 30, 30, 30, 30, 30, 780]"
2020-11-05 00:45:00+00:00,237830,0,143.0,"[1240, 1130, 1130, 1130, 1130, 1130, 230, 230, 230, 230, 230, 4460, 4460, 3520, 3520, 3520, 3520, 3520, 1300, 2850, 2850, 2850, 2850, 2850, 350, 350, 350, 350, 350, 170, 450, 450, 450, 450, 450, 670, 670, 670, 670, 670, 380, 380, 380, 380, 380, 670, 670, 670, 670, 670, 60, 1600, 1600, 1600, 1600, 1600, 70, 3660, 3660, 3660, 3660, 3660, 40, 40, 40, 40, 40, 0, 0, 0, 0, 0, 3740, 3740, 3740, 3740, 3740, 420, 420, 420, 420, 420, 120, 120, 120, 120, 120, 140, 17040, 17040, 17040, 17040, 17040, 2030, 20, 820, 450, 450, 450, 450, 450, 400, 400, 400, 400, 400, 1940, 1940, 1940, 1940, 1940, 220, 1870, 200, 200, 200, 200, 200, 430, 430, 2320, 830, 830, 830, 830, 830, 530, 530, 530, 530, 530, 4550, 150, 150, 150, 150, 150, 100, 1580, 280, 2540, 1770, 120]"
2020-11-05 00:50:00+00:00,200690,0,95.0,"[30, 30, 30, 30, 30, 16860, 16860, 16860, 16860, 16860, 0, 30, 30, 30, 30, 30, 2100, 2360, 60, 60, 2580, 2580, 200, 200, 200, 200, 200, 60, 380, 200, 9730, 2580, 2580, 2580, 2580, 2580, 350, 350, 350, 350, 350, 790, 10, 60, 10, 10, 10, 10, 10, 1270, 660, 1360, 1360, 1360, 1360, 1360, 10, 10, 10, 10, 10, 40, 1070, 50, 0, 0, 0, 0, 0, 180, 540, 540, 540, 540, 540, 540, 540, 540, 540, 540, 2590, 1680, 3070, 10, 10, 10, 10, 10, 56060, 30, 30, 30, 30, 30, 300]"
2020-11-05 00:55:00+00:00,181080,0,98.0,"[850, 10, 850, 850, 10, 10, 850, 10, 10, 850, 20, 950, 950, 950, 950, 950, 7400, 70, 70, 70, 70, 70, 1470, 1470, 1470, 1470, 1470, 160, 40, 40, 40, 40, 40, 8890, 17240, 2500, 10, 10, 10, 10, 10, 70, 70, 70, 70, 70, 30, 160, 160, 160, 160, 160, 20, 20, 20, 20, 20, 1940, 1940, 1940, 1940, 1940, 1510, 3150, 3150, 3150, 3150, 3150, 10, 3410, 15520, 200, 10, 120, 10, 10, 10, 10, 10, 1320, 1320, 180, 180, 180, 180, 180, 3250, 3250, 3250, 3250, 3250, 3250, 3250, 44130, 3250, 3250, 3250, 140]"
2020-11-05 01:00:00+00:00,70490,0,64.0,"[10, 20, 20, 20, 20, 20, 0, 0, 0, 0, 0, 9580, 10, 1080, 1080, 1080, 1080, 1080, 130, 280, 340, 100, 100, 100, 100, 100, 2210, 140, 30, 30, 30, 30, 30, 1340, 1020, 1020, 1020, 1020, 1020, 10, 850, 20, 20, 0, 4840, 4840, 4840, 4840, 4840, 3550, 3550, 3550, 3550, 3550, 390, 20, 350, 350, 350, 350, 350, 30, 80, 80]"
2020-11-05 01:05:00+00:00,310070,5,86.0,"[580, 580, 580, 580, 580, 300, 420, 300, 300, 300, 300, 300, 100, 100, 100, 100, 100, 10, 4040, 10, 10, 10, 1190, 10, 2320, 1160, 1160, 1160, 1160, 1160, 10230, 10230, 26930, 26930, 26930, 26930, 26930, 1170, 1170, 1170, 1170, 1170, 10940, 10940, 10940, 10940, 10940, 660, 660, 660, 660, 660, 1820, 1820, 1820, 1820, 1820, 350, 3410, 450, 5000, 5000, 5000, 5000, 5000, 0, 0, 0, 0, 0, 20120, 9550, 1700, 10, 10, 10, 10, 10, 10, 210, 210, 210, 210, 210, 190, 1110]"
2020-11-05 01:10:00+00:00,466000,0,99.0,"[3210, 30, 1640, 10, 410, 250, 0, 16560, 1340, 1340, 1340, 1340, 1340, 30, 30, 70, 730, 730, 730, 730, 730, 4170, 4170, 4170, 4170, 4170, 2240, 40, 40, 40, 40, 40, 50, 1570, 1570, 1570, 1570, 1570, 1230, 1230, 1230, 1230, 1230, 4170, 4170, 4170, 4170, 4170, 10, 30, 880, 3790, 60, 60, 60, 60, 60, 1080, 1080, 1080, 1080, 1080, 30, 30, 120, 2940, 120, 2940, 2940, 2940, 120, 2940, 120, 120, 120, 120, 120, 120, 120, 0, 0, 0, 0, 0, 140, 980, 68800, 68800, 160, 68800, 68800, 68800, 1090, 430, 430, 430, 430, 430, 330]"
2020-11-05 01:15:00+00:00,213900,0,94.0,"[1070, 1070, 1070, 1070, 1070, 70, 20, 14020, 8880, 400, 40, 40, 40, 40, 40, 1730, 1070, 40, 7190, 7190, 7190, 80, 7190, 7190, 10, 500, 500, 500, 500, 500, 1020, 110, 910, 30, 1310, 1060, 570, 570, 570, 570, 570, 1760, 1760, 1760, 1760, 1760, 1800, 2310, 2570, 20, 30, 1440, 2350, 17980, 17980, 17980, 17980, 17980, 50, 1580, 1580, 1580, 1580, 1580, 3350, 3760, 1580, 260, 260, 260, 260, 260, 550, 550, 550, 550, 550, 280, 280, 280, 280, 280, 270, 160, 160, 160, 160, 160, 3410, 100, 100, 100, 100, 100]"
2020-11-05 01:20:00+00:00,98260,0,83.0,"[1250, 1250, 1250, 1250, 1250, 550, 550, 550, 550, 550, 40, 40, 40, 40, 40, 2360, 180, 120, 10120, 8200, 8200, 8200, 8200, 8200, 220, 220, 220, 220, 220, 1380, 1380, 1380, 1380, 1380, 50, 480, 480, 480, 480, 480, 150, 140, 80, 80, 30, 410, 50, 1110, 400, 400, 400, 400, 400, 90, 90, 90, 90, 90, 60, 2520, 2520, 2520, 2520, 2520, 140, 140, 140, 140, 140, 2860, 410, 0, 0, 0, 60, 0, 0, 3440, 40, 40, 40, 40, 40]"
2020-11-05 01:25:00+00:00,288380,0,128.0,"[30, 30, 30, 30, 30, 450, 310, 310, 310, 310, 310, 2380, 2380, 2380, 2380, 2380, 1740, 2250, 2250, 2250, 2250, 2250, 0, 4480, 4480, 4480, 4480, 4480, 180, 1120, 50, 10, 180, 10, 10, 10, 10, 20, 20, 20, 20, 20, 13020, 13020, 13020, 13020, 13020, 160, 160, 160, 160, 160, 50, 50, 10, 210, 210, 210, 210, 210, 30, 30, 30, 30, 30, 7310, 10, 100, 30, 30, 30, 30, 30, 13020, 350, 1540, 330, 330, 330, 330, 330, 1360, 2330, 2330, 2330, 2330, 2330, 3900, 5240, 530, 530, 530, 530, 530, 130, 2330, 2330, 2330, 2330, 2330, 1220, 1220, 1220, 1220, 1220, 1820, 1820, 1820, 1820, 1820, 2500, 2500, 2500, 2500, 2500, 12450, 12450, 12450, 12450, 12450, 3840, 3840, 90, 3840, 3840, 3840, 30, 70]"
2020-11-05 01:30:00+00:00,126770,0,79.0,"[560, 1240, 4050, 200, 20, 20, 20, 20, 20, 460, 2920, 1680, 280, 280, 280, 280, 280, 1510, 1510, 1510, 1510, 1510, 320, 320, 320, 320, 320, 320, 1020, 1020, 1020, 1020, 1020, 9210, 9210, 9210, 9210, 9210, 130, 0, 0, 0, 0, 0, 30, 31030, 10, 10, 10, 10, 10, 560, 280, 280, 280, 280, 280, 10, 10, 10, 2820, 30, 30, 30, 30, 30, 30, 80, 80, 80, 80, 80, 280, 3130, 2700, 2700, 2700, 2700, 2700]"
2020-11-05 01:35:00+00:00,71860,0,92.0,"[630, 250, 250, 250, 250, 250, 50, 100, 540, 180, 180, 180, 180, 180, 60, 60, 60, 60, 60, 490, 490, 490, 490, 490, 20, 80, 80, 80, 80, 80, 4410, 4410, 4410, 4410, 4410, 1960, 10, 140, 140, 140, 140, 140, 12310, 12310, 340, 1340, 1340, 1340, 1340, 1340, 350, 20, 20, 20, 20, 20, 440, 30, 20, 110, 110, 110, 110, 110, 1220, 30, 30, 30, 30, 30, 60, 60, 60, 60, 60, 30, 20, 440, 20, 440, 20, 440, 20, 440, 20, 440, 640, 640, 640, 640, 640, 150]"
2020-11-05 01:40:00+00:00,27970,0,50.0,"[60, 10, 10, 10, 10, 10, 240, 130, 130, 130, 130, 130, 290, 620, 620, 620, 620, 620, 2130, 50, 0, 0, 0, 0, 0, 1380, 580, 10, 110, 0, 10, 10, 10, 10, 10, 6490, 410, 410, 410, 410, 410, 210, 20, 470, 470, 470, 470, 470, 30, 8120]"
2020-11-05 01:45:00+00:00,35360,0,80.0,"[160, 20, 10, 10, 10, 10, 10, 60, 60, 60, 60, 60, 10, 10, 10, 10, 10, 20, 30, 140, 140, 140, 140, 140, 0, 740, 10, 710, 20, 0, 50, 50, 50, 50, 50, 180, 180, 180, 180, 180, 4160, 4160, 4160, 4160, 4160, 520, 1050, 510, 510, 510, 510, 510, 30, 30, 30, 30, 30, 30, 180, 180, 180, 180, 180, 80, 350, 350, 350, 350, 350, 20, 560, 560, 560, 560, 560, 150, 150, 150, 150, 150]"
2020-11-05 01:50:00+00:00,46210,0,106.0,"[130, 130, 130, 130, 130, 170, 2970, 2970, 2970, 2970, 2970, 7160, 10, 160, 40, 60, 60, 60, 60, 60, 0, 0, 0, 0, 0, 0, 0, 30, 30, 30, 30, 30, 30, 10, 10, 10, 30, 30, 30, 10, 30, 10, 240, 20, 20, 20, 20, 20, 120, 120, 120, 120, 120, 20, 20, 2020, 20, 20, 20, 50, 10, 10, 10, 10, 10, 40, 210, 210, 210, 210, 210, 30, 30, 30, 30, 30, 0, 20, 20, 20, 20, 20, 250, 570, 0, 110, 140, 760, 1670, 550, 0, 0, 0, 0, 0, 2490, 2490, 2490, 2490, 2490, 250, 250, 250, 250, 250, 270]"
2020-11-05 01:55:00+00:00,446660,0,81.0,"[150, 150, 150, 150, 150, 25680, 25680, 25680, 25680, 25680, 0, 2260, 250, 3540, 3540, 3540, 3540, 3540, 80, 2080, 2080, 2080, 2080, 2080, 4550, 4550, 4550, 4550, 4550, 510, 1680, 60, 0, 0, 0, 0, 0, 4550, 32020, 32020, 32020, 32020, 32020, 0, 0, 0, 0, 0, 1220, 3140, 4130, 1330, 1330, 1330, 1330, 1330, 500, 500, 500, 500, 500, 1100, 3750, 10, 71380, 0, 480, 480, 480, 480, 480, 50, 50, 50, 50, 50, 150, 10, 380, 70, 30]"
2020-11-05 02:00:00+00:00,115950,0,92.0,"[10, 10, 10, 10, 10, 60, 90, 90, 90, 90, 90, 560, 2820, 330, 330, 330, 330, 330, 10, 10, 10, 10, 10, 20710, 470, 470, 470, 470, 470, 470, 160, 130, 130, 130, 130, 130, 90, 31080, 2110, 840, 840, 840, 840, 840, 60, 60, 60, 60, 60, 1100, 860, 130, 40, 470, 470, 470, 470, 470, 2650, 1250, 1250, 1250, 1250, 1250, 1240, 1240, 1240, 1240, 1240, 470, 800, 9150, 60, 980, 470, 470, 470, 470, 470, 1240, 190, 4520, 20, 1340, 1340, 1340, 1340, 1340, 30, 780, 1060, 260]"
2020-11-05 02:05:00+00:00,268730,0,145.0,"[4910, 4910, 4910, 4910, 4910, 1340, 1340, 1340, 1340, 1340, 1520, 4250, 70, 0, 840, 8380, 840, 840, 840, 840, 12120, 1530, 1530, 230, 230, 230, 230, 230, 220, 270, 270, 270, 270, 270, 10, 6670, 70, 20, 120, 120, 120, 120, 120, 640, 640, 640, 640, 640, 10580, 0, 0, 0, 0, 0, 900, 360, 3340, 3340, 3340, 3340, 3340, 1350, 100, 100, 100, 100, 100, 40, 40, 40, 40, 40, 60, 60, 60, 60, 60, 290, 340, 0, 3440, 60, 420, 420, 420, 420, 420, 200, 200, 200, 200, 200, 0, 150, 3620, 160, 160, 160, 160, 160, 300, 300, 300, 300, 300, 220, 220, 220, 0, 0, 0, 220, 0, 220, 0, 80, 520, 2170, 11180, 11180, 11180, 11180, 11180, 5060, 5060, 5060, 5060, 5060, 620, 620, 620, 620, 620, 11180, 11180, 11180, 11180, 11180, 200, 80, 80, 80, 80, 80, 1730]"
2020-11-05 02:10:00+00:00,178480,0,126.0,"[7290, 7290, 5320, 30, 30, 30, 30, 30, 30, 920, 920, 530, 90, 90, 90, 90, 90, 1190, 1190, 1420, 1190, 1190, 1190, 60, 60, 60, 60, 60, 1440, 600, 600, 600, 600, 600, 70, 70, 70, 70, 70, 24530, 24530, 90, 0, 20, 220, 220, 220, 220, 220, 220, 220, 220, 220, 220, 260, 260, 260, 260, 260, 4660, 1190, 1190, 1190, 1190, 1190, 16960, 760, 760, 760, 760, 760, 50, 20, 50, 330, 820, 10, 10, 10, 10, 10, 100, 130, 130, 130, 130, 130, 10, 10, 740, 9970, 9970, 9970, 9970, 9970, 340, 580, 1240, 160, 160, 160, 160, 160, 510, 510, 510, 510, 510, 100, 140, 10, 140, 10, 10, 10, 140, 140, 10, 140, 0, 0, 0, 0, 0, 30, 10]"
2020-11-05 02:15:00+00:00,831770,0,66.0,"[128860, 128860, 128860, 128860, 128860, 1020, 100, 450, 450, 450, 450, 450, 30, 55140, 55140, 60, 20, 20, 20, 20, 20, 480, 480, 3480, 450, 90, 10250, 10250, 10250, 10250, 10250, 1750, 10, 10, 10, 10, 10, 400, 40, 1950, 10, 10, 10, 10, 830, 830, 830, 830, 830, 160, 320, 120, 120, 120, 0, 120, 120, 560, 560, 560, 560, 560, 0, 2480, 2480, 180]"
2020-11-05 02:20:00+00:00,106840,0,128.0,"[180, 180, 180, 180, 180, 3320, 5750, 130, 1540, 12430, 410, 180, 180, 2960, 2960, 2960, 2960, 2960, 1540, 1540, 1540, 1540, 1540, 60, 60, 60, 60, 60, 60, 110, 110, 110, 110, 110, 100, 100, 100, 100, 100, 10, 20, 20, 20, 20, 20, 190, 190, 190, 190, 190, 50, 130, 3880, 100, 1020, 620, 170, 170, 170, 170, 170, 370, 370, 370, 370, 370, 80, 80, 80, 80, 80, 110, 110, 110, 240, 450, 110, 110, 40, 40, 40, 40, 40, 60, 60, 60, 60, 60, 1600, 1600, 1600, 1600, 1600, 1860, 760, 760, 760, 760, 760, 0, 0, 230, 230, 460, 460, 460, 460, 460, 840, 15190, 10, 10, 10, 10, 10, 1690, 2780, 130, 130, 130, 130, 130, 1660, 1660, 1660, 1660, 1660, 470]"
2020-11-05 02:25:00+00:00,242930,0,76.0,"[760, 35230, 20, 20, 20, 20, 20, 20, 1940, 10, 21120, 2410, 2410, 2410, 2410, 2410, 1050, 510, 570, 3790, 190, 190, 50, 190, 190, 190, 140, 0, 12110, 12110, 12110, 12110, 12110, 29250, 30, 10, 360, 40, 220, 30, 30, 30, 30, 30, 9980, 9980, 9980, 9980, 9980, 0, 1080, 1080, 1080, 1080, 1080, 240, 270, 270, 270, 270, 270, 3090, 3090, 3090, 3090, 3090, 300, 40, 20, 100, 100, 100, 100, 100, 700, 130]"
2020-11-05 02:30:00+00:00,131760,0,79.0,"[90, 50, 50, 50, 50, 50, 240, 240, 150, 150, 150, 150, 150, 910, 910, 910, 910, 910, 340, 40, 83270, 140, 140, 140, 140, 140, 10, 10, 10, 10, 10, 90, 10, 20, 20, 20, 20, 9320, 20, 410, 550, 140, 120, 20, 20, 20, 20, 20, 1140, 1140, 1140, 1140, 1140, 0, 30, 30, 30, 30, 30, 30, 1610, 10, 0, 4140, 4140, 4140, 4140, 4140, 390, 390, 390, 390, 390, 10, 10, 10, 10, 10, 200]"
2020-11-05 02:35:00+00:00,97610,0,82.0,"[0, 70, 0, 0, 0, 90, 4320, 0, 0, 600, 600, 600, 600, 600, 30, 20, 880, 880, 10230, 4240, 4240, 4240, 4240, 4240, 80, 80, 80, 80, 80, 110, 110, 110, 110, 110, 80, 2860, 2860, 2860, 2860, 2860, 430, 130, 130, 130, 130, 130, 720, 10, 10, 10, 10, 10, 80, 170, 170, 570, 30, 580, 31240, 40, 40, 40, 40, 40, 200, 200, 200, 200, 200, 200, 920, 1170, 40, 3010, 120, 10, 0, 40, 40, 40, 40, 40]"
2020-11-05 02:40:00+00:00,486890,0,65.0,"[20, 20, 20, 20, 20, 4330, 4140, 60, 320, 80, 5220, 20, 20, 50, 50, 50, 50, 50, 160, 160, 670, 160, 160, 160, 9080, 330, 330, 330, 330, 330, 1840, 1840, 1840, 1840, 1840, 310, 2660, 2660, 2660, 2660, 2660, 11600, 4340, 72730, 72730, 72730, 72730, 72730, 7870, 6220, 2660, 330, 6220, 6220, 6220, 6220, 4350, 120, 120, 120, 120, 120, 700, 1330, 8810]"
2020-11-05 02:45:00+00:00,164630,0,90.0,"[10, 590, 590, 590, 590, 590, 10, 8230, 7320, 1300, 1300, 1300, 1300, 1300, 6980, 6980, 6980, 6980, 6980, 500, 500, 500, 500, 500, 40, 2670, 3320, 630, 630, 630, 630, 630, 2510, 2510, 2510, 2510, 2510, 50, 50, 50, 50, 50, 50, 50, 18840, 4960, 2030, 2030, 2030, 2030, 2030, 2030, 5610, 0, 660, 40, 1030, 1030, 1030, 1030, 1030, 1490, 1570, 1570, 1570, 1570, 1570, 50, 50, 50, 50, 50, 2100, 2100, 6320, 10, 170, 170, 170, 170, 170, 460, 3370, 3820, 3820, 50, 50, 50, 50, 50]"
2020-11-05 02:50:00+00:00,137320,0,80.0,"[60, 60, 60, 60, 60, 250, 1570, 1570, 1570, 1570, 1570, 110, 30, 1530, 10520, 1530, 1530, 1530, 1530, 130, 250, 250, 250, 250, 250, 250, 80, 60, 3300, 3300, 3300, 3300, 3300, 310, 310, 310, 310, 310, 70, 70, 70, 70, 70, 30, 3150, 1380, 40, 11310, 1140, 30, 30, 30, 30, 30, 30, 210, 0, 4230, 4230, 4230, 4230, 4230, 4230, 4230, 4230, 4230, 4230, 20, 20, 1740, 1740, 1740, 1740, 1740, 4370, 4370, 4370, 4370, 4370, 110]"
2020-11-05 02:55:00+00:00,112820,0,98.0,"[30, 30, 30, 30, 30, 10, 50, 50, 50, 50, 50, 2590, 3750, 3750, 3750, 3750, 3750, 2270, 340, 340, 340, 340, 340, 130, 6270, 1960, 20, 20, 20, 20, 20, 1360, 50, 110, 10, 2910, 2910, 10, 2910, 2910, 10, 2910, 10, 10, 10, 130, 130, 130, 130, 130, 1100, 1790, 1790, 1790, 1790, 1790, 160, 1170, 1170, 1170, 1170, 1170, 660, 870, 250, 9840, 30, 30, 30, 30, 30, 3260, 3260, 3260, 3260, 3260, 1700, 1700, 1700, 1700, 130, 1700, 1730, 1730, 1730, 1730, 1730, 70, 70, 70, 70, 70, 100, 0, 0, 0, 0, 0]"
2020-11-05 03:00:00+00:00,59820,0,56.0,"[290, 290, 290, 290, 290, 1380, 2300, 40, 0, 0, 40, 40, 40, 40, 40, 0, 0, 0, 0, 0, 1110, 790, 3100, 3100, 3100, 3100, 3100, 160, 2360, 2360, 2360, 2360, 2360, 640, 280, 280, 280, 280, 280, 4050, 4050, 4050, 4050, 4050, 630, 20, 380, 380, 380, 380, 380, 50, 50, 50, 50, 50]"
2020-11-05 03:05:00+00:00,89430,0,75.0,"[0, 150, 150, 150, 150, 150, 10, 100, 100, 100, 100, 100, 50, 510, 1950, 15150, 1740, 3960, 4170, 4370, 820, 820, 820, 820, 820, 440, 440, 440, 440, 440, 1980, 4430, 30, 30, 30, 30, 30, 100, 100, 100, 100, 100, 3540, 3140, 3140, 3140, 3140, 3140, 480, 190, 220, 2270, 2270, 2270, 2270, 2270, 730, 20, 20, 20, 20, 20, 600, 600, 600, 600, 600, 440, 440, 440, 440, 440, 330, 650, 4420]"
2020-11-05 03:10:00+00:00,69020,0,85.0,"[180, 180, 180, 180, 180, 110, 110, 110, 110, 110, 20, 20, 20, 20, 20, 3240, 3240, 3240, 3240, 3240, 220, 220, 220, 220, 220, 90, 90, 90, 90, 90, 490, 490, 490, 490, 490, 30, 10, 140, 140, 140, 140, 140, 470, 4030, 4030, 4030, 4030, 4030, 30, 110, 60, 20, 20, 20, 20, 20, 220, 220, 220, 220, 30, 220, 0, 30, 30, 30, 30, 30, 30, 20, 680, 680, 20, 20, 680, 20, 680, 20, 680, 0, 4160, 4160, 4160, 4160, 4160]"
2020-11-05 03:15:00+00:00,160610,0,67.0,"[480, 480, 480, 480, 480, 70, 30, 0, 820, 60, 60, 60, 60, 60, 60, 60, 60, 60, 60, 80, 80, 80, 80, 80, 70, 0, 70, 70, 70, 70, 170, 280, 220, 20, 1680, 10, 20, 450, 450, 450, 450, 450, 360, 10, 80, 80, 80, 80, 80, 530, 60, 14930, 14930, 14930, 14930, 14930, 15050, 15050, 15050, 15050, 15050, 0, 0, 0, 0, 0, 30]"
2020-11-05 03:20:00+00:00,30280,0,41.0,"[4020, 2570, 1630, 1630, 1630, 1630, 1630, 620, 190, 4270, 40, 130, 130, 130, 130, 130, 880, 80, 80, 80, 80, 80, 0, 0, 0, 0, 0, 200, 60, 2250, 2250, 10, 500, 500, 500, 500, 500, 0, 10, 0, 1210]"
2020-11-05 03:25:00+00:00,32530,0,60.0,"[0, 0, 0, 0, 0, 100, 160, 160, 160, 160, 160, 60, 380, 50, 50, 50, 50, 50, 60, 130, 0, 20, 20, 20, 20, 20, 4760, 250, 250, 250, 250, 250, 160, 20, 20, 20, 20, 20, 870, 870, 870, 870, 870, 4430, 4900, 760, 760, 760, 760, 760, 3280, 120, 3310, 30, 30, 30, 30, 30, 40, 0]"
2020-11-05 03:30:00+00:00,268120,0,65.0,"[0, 0, 0, 0, 0, 172410, 60, 2090, 940, 940, 940, 940, 940, 680, 680, 680, 680, 680, 130, 130, 130, 130, 50, 130, 20, 1030, 7260, 7260, 7260, 7260, 7260, 210, 530, 6200, 30, 12860, 12860, 190, 190, 120, 4530, 6890, 300, 250, 250, 250, 250, 250, 110, 30, 30, 30, 30, 30, 80, 80, 80, 80, 80, 390, 40, 40, 40, 40, 40]"
2020-11-05 03:35:00+00:00,112410,0,72.0,"[130, 150, 150, 150, 150, 150, 21790, 5220, 5220, 5220, 5220, 5220, 2710, 450, 20, 250, 200, 1710, 0, 0, 110, 250, 5410, 5410, 5410, 5410, 5410, 130, 60, 60, 60, 60, 60, 90, 10, 330, 330, 330, 330, 330, 1960, 1960, 2290, 2290, 2290, 2290, 2290, 330, 330, 330, 20, 330, 330, 580, 580, 580, 580, 580, 50, 2270, 610, 610, 610, 610, 610, 0, 560, 560, 560, 560, 560, 600]"
2020-11-05 03:40:00+00:00,16570,0,36.0,"[20, 20, 20, 20, 20, 910, 10, 10, 10, 10, 10, 0, 330, 3880, 3880, 1450, 40, 460, 3920, 20, 20, 20, 20, 140, 20, 230, 230, 230, 230, 230, 60, 20, 20, 20, 20, 20]"
2020-11-05 03:45:00+00:00,134280,0,65.0,"[210, 210, 210, 210, 210, 190, 430, 430, 430, 430, 430, 14900, 14900, 14900, 14900, 14900, 60, 60, 60, 60, 60, 140, 14320, 2610, 4640, 310, 10, 10, 10, 10, 10, 810, 810, 810, 810, 810, 10, 530, 930, 930, 20, 20, 20, 20, 20, 20, 20, 1460, 1460, 1460, 1460, 1460, 2530, 2530, 2530, 2530, 2530, 260, 260, 260, 260, 260, 530, 220, 5430]"
2020-11-05 03:50:00+00:00,89300,0,70.0,"[760, 50, 70, 1650, 1650, 1650, 1650, 1650, 1350, 1350, 1350, 1350, 1350, 150, 750, 750, 750, 750, 750, 3120, 20, 20, 20, 20, 20, 310, 310, 310, 310, 310, 2200, 10, 30, 20, 20, 20, 20, 20, 140, 140, 140, 140, 140, 10, 10, 10, 10, 10, 50, 260, 260, 90, 260, 260, 260, 200, 60, 60, 60, 60, 60, 21060, 0, 20, 20, 20, 20, 20, 38500, 60]"
2020-11-05 03:55:00+00:00,47780,0,87.0,"[60, 960, 960, 960, 960, 960, 220, 270, 20, 20, 20, 20, 20, 130, 130, 130, 130, 130, 360, 360, 360, 360, 360, 10, 10, 10, 10, 10, 530, 530, 530, 530, 530, 620, 620, 620, 620, 620, 120, 2290, 2290, 2290, 2290, 2290, 0, 0, 0, 0, 0, 30, 30, 30, 30, 30, 60, 60, 60, 60, 60, 360, 360, 360, 360, 360, 40, 0, 0, 14260, 1450, 40, 40, 40, 40, 40, 190, 190, 190, 190, 190, 1550, 120, 190, 190, 190, 190, 190, 740]"
2020-11-05 04:00:00+00:00,43790,0,58.0,"[0, 3310, 3310, 3310, 3310, 3310, 30, 30, 30, 30, 30, 90, 90, 90, 90, 90, 4220, 310, 310, 310, 310, 310, 410, 200, 570, 570, 570, 570, 570, 270, 2570, 1830, 1830, 1830, 1830, 1830, 2670, 120, 120, 120, 120, 120, 10, 10, 10, 10, 10, 140, 140, 140, 140, 140, 40, 40, 40, 40, 40, 1200]"
2020-11-05 04:05:00+00:00,68550,0,64.0,"[30, 120, 120, 1570, 6400, 50, 50, 50, 50, 50, 50, 0, 1450, 50, 50, 50, 50, 50, 3200, 960, 830, 830, 830, 830, 830, 390, 240, 240, 240, 240, 240, 130, 520, 520, 520, 520, 520, 4420, 4420, 4420, 4420, 4420, 0, 0, 0, 0, 0, 5150, 2580, 3070, 70, 3070, 3070, 70, 70, 3070, 70, 3070, 70, 30, 30, 30, 30, 30]"
2020-11-05 04:10:00+00:00,34660,0,55.0,"[8320, 0, 350, 350, 350, 350, 350, 450, 100, 0, 0, 0, 0, 0, 40, 2990, 2990, 2990, 2990, 2990, 130, 160, 160, 160, 160, 160, 40, 40, 170, 170, 170, 170, 170, 170, 170, 170, 170, 170, 40, 200, 200, 200, 200, 200, 1350, 440, 440, 440, 440, 440, 350, 350, 350, 350, 350]"
2020-11-05 04:15:00+00:00,84720,0,80.0,"[280, 280, 280, 280, 280, 870, 820, 160, 160, 160, 160, 160, 500, 10, 10, 10, 10, 10, 2420, 2420, 4080, 2950, 2950, 2950, 2950, 2950, 1080, 1080, 1080, 1080, 1080, 1800, 1800, 1800, 1800, 1800, 240, 240, 240, 240, 240, 3150, 3150, 3150, 3150, 3150, 1400, 0, 0, 0, 0, 0, 90, 90, 90, 90, 90, 80, 80, 80, 80, 80, 0, 0, 0, 0, 0, 690, 690, 4280, 300, 300, 300, 300, 300, 3170, 3170, 3170, 3170, 3170]"
2020-11-05 04:20:00+00:00,51260,0,62.0,"[3030, 430, 230, 230, 230, 230, 230, 180, 100, 100, 100, 100, 100, 80, 50, 50, 50, 50, 50, 7690, 4180, 30, 30, 30, 30, 30, 210, 210, 210, 210, 210, 20, 20, 20, 20, 20, 3110, 760, 1870, 660, 660, 660, 660, 660, 120, 120, 120, 120, 120, 1050, 1050, 1050, 1050, 1050, 12980, 100, 750, 750, 750, 750, 750, 750]"
2020-11-05 04:25:00+00:00,135950,0,71.0,"[280, 280, 280, 280, 280, 80, 80, 80, 80, 80, 0, 0, 20080, 0, 0, 0, 80, 80, 80, 80, 80, 290, 290, 290, 290, 290, 6510, 0, 110, 110, 110, 110, 110, 14700, 350, 350, 350, 350, 350, 160, 30, 460, 460, 460, 460, 460, 460, 10, 10, 10, 10, 10, 580, 80, 10, 10, 10, 10, 10, 15040, 15040, 15040, 15040, 15040, 1940, 1940, 1940, 1940, 1940, 40, 60]"
2020-11-05 04:30:00+00:00,80630,0,71.0,"[120, 100, 100, 100, 100, 100, 20, 20, 20, 20, 20, 1940, 1940, 1940, 1940, 1940, 660, 660, 660, 660, 660, 2930, 2930, 2930, 2930, 2930, 3800, 3800, 3800, 3800, 3800, 70, 0, 0, 0, 0, 0, 1280, 1280, 1280, 1280, 1280, 15320, 130, 50, 50, 50, 50, 50, 60, 60, 60, 60, 60, 1300, 1300, 1300, 1300, 1300, 60, 60, 60, 60, 60, 0, 3140, 170, 170, 170, 170, 170]"
2020-11-05 04:35:00+00:00,206820,0,63.0,"[120, 120, 120, 120, 120, 160, 160, 160, 160, 160, 19550, 19550, 19550, 19550, 19550, 70, 50, 650, 650, 650, 650, 650, 380, 0, 260, 260, 260, 260, 260, 0, 0, 6060, 6060, 6060, 6060, 6060, 70, 60, 60, 60, 60, 60, 550, 550, 550, 550, 550, 550, 550, 550, 550, 550, 2700, 12740, 12740, 12740, 12740, 12740, 10, 10, 10, 10, 10]"
2020-11-05 04:40:00+00:00,29350,0,50.0,"[10, 10, 390, 390, 390, 390, 390, 30, 0, 550, 550, 550, 550, 550, 710, 710, 710, 710, 710, 5510, 590, 10, 10, 10, 10, 10, 120, 1000, 270, 270, 270, 270, 270, 3190, 3920, 10, 3920, 860, 10, 10, 10, 10, 10, 70, 70, 70, 10, 70, 70, 120]"
2020-11-05 04:45:00+00:00,97740,0,65.0,"[430, 430, 430, 430, 430, 2980, 2980, 2980, 2980, 2980, 540, 540, 540, 540, 540, 70, 70, 70, 70, 70, 20, 500, 200, 200, 200, 200, 200, 4590, 1470, 1470, 1470, 1470, 1470, 28930, 4550, 1410, 1410, 1410, 1410, 1410, 1190, 1190, 1190, 1190, 1190, 320, 320, 320, 320, 320, 3120, 3120, 3120, 3120, 3120, 80, 80, 80, 80, 80, 20, 20, 20, 20, 20]"
2020-11-05 04:50:00+00:00,75040,0,76.0,"[1660, 80, 20, 20, 20, 20, 20, 520, 520, 520, 520, 520, 40, 40, 1420, 1420, 1420, 1420, 1420, 1970, 1970, 1970, 1970, 1970, 1970, 1970, 1970, 1970, 1970, 90, 90, 90, 90, 90, 1620, 1620, 350, 100, 100, 100, 100, 100, 230, 0, 0, 0, 0, 0, 330, 910, 130, 130, 130, 130, 130, 1600, 1600, 1600, 1600, 1600, 2980, 2980, 2980, 2980, 2980, 160, 2680, 2680, 2680, 2680, 2680, 120, 120, 120, 120, 120]"
2020-11-05 04:55:00+00:00,185260,0,82.0,"[100, 100, 100, 100, 100, 8240, 8240, 8240, 8240, 8240, 70, 70, 70, 70, 70, 0, 330, 330, 330, 330, 330, 90, 90, 90, 90, 90, 10, 18380, 18380, 18380, 18380, 18380, 18380, 350, 350, 350, 350, 350, 110, 740, 740, 110, 110, 740, 110, 740, 110, 740, 180, 1420, 1420, 1420, 1420, 1420, 60, 1410, 1410, 1410, 1410, 1410, 20, 20, 20, 20, 20, 20, 20, 20, 20, 20, 20, 150, 150, 150, 150, 150, 6960, 500, 500, 500, 500, 500]"
2020-11-05 05:00:00+00:00,63360,0,42.0,"[180, 2670, 2670, 2670, 2670, 2670, 530, 190, 190, 190, 190, 190, 90, 90, 90, 90, 90, 2010, 2010, 2010, 2010, 2010, 16560, 16560, 20, 20, 20, 20, 20, 1460, 250, 1370, 250, 250, 250, 250, 250, 60, 60, 60, 60, 60]"
2020-11-05 05:05:00+00:00,70930,0,44.0,"[110, 110, 110, 110, 110, 160, 160, 160, 160, 160, 3570, 3570, 3570, 3570, 3570, 400, 400, 400, 400, 400, 540, 540, 540, 540, 540, 7840, 4020, 4020, 4020, 4020, 4020, 80, 0, 0, 0, 0, 0, 3150, 3150, 3150, 3150, 3150, 110, 3150]"
2020-11-05 05:10:00+00:00,142450,0,50.0,"[360, 360, 360, 360, 360, 360, 2430, 2430, 2430, 2430, 2430, 21270, 21270, 21270, 21270, 21270, 1110, 1110, 1110, 1110, 1110, 170, 170, 170, 170, 170, 800, 800, 800, 800, 800, 20, 0, 0, 0, 0, 0, 570, 570, 570, 570, 570, 330, 720, 20, 20, 20, 20, 20, 7370]"
2020-11-05 05:15:00+00:00,39050,0,30.0,"[2020, 590, 590, 590, 590, 590, 30, 30, 30, 30, 30, 2180, 2180, 2180, 2180, 2180, 7790, 12120, 170, 170, 170, 170, 170, 510, 120, 120, 120, 120, 120, 1160]"
2020-11-05 05:20:00+00:00,43860,0,40.0,"[1900, 1900, 1900, 1900, 1900, 590, 590, 2270, 2270, 2270, 2270, 2270, 680, 680, 680, 680, 680, 2760, 2760, 2760, 2760, 2760, 680, 680, 680, 680, 680, 30, 30, 30, 30, 30, 290, 10, 20, 20, 20, 20, 20, 680]"
2020-11-05 05:25:00+00:00,10190,0,39.0,"[260, 260, 260, 260, 260, 10, 10, 10, 10, 10, 120, 240, 240, 240, 240, 240, 50, 570, 570, 570, 570, 570, 20, 570, 570, 570, 570, 570, 0, 0, 0, 0, 0, 1400, 70, 70, 70, 70, 70]"
2020-11-05 05:30:00+00:00,36200,0,50.0,"[1570, 1570, 1570, 1570, 1570, 110, 110, 110, 110, 110, 12870, 580, 580, 580, 580, 580, 0, 0, 0, 0, 0, 30, 30, 610, 610, 610, 610, 610, 4310, 240, 240, 240, 240, 240, 120, 120, 120, 120, 120, 10, 60, 60, 60, 60, 60, 500, 500, 500, 500, 500]"
2020-11-05 05:35:00+00:00,28910,0,21.0,"[500, 17250, 590, 590, 590, 590, 590, 2890, 40, 0, 30, 60, 60, 60, 60, 60, 990, 990, 990, 990, 990]"
2020-11-05 05:40:00+00:00,37680,0,59.0,"[110, 610, 610, 610, 610, 610, 0, 0, 0, 0, 0, 840, 840, 840, 840, 840, 1310, 1310, 1310, 1310, 1310, 280, 280, 280, 280, 280, 20, 280, 3740, 3740, 3740, 3740, 3740, 40, 40, 40, 40, 40, 30, 30, 30, 30, 30, 270, 30, 30, 30, 30, 30, 370, 370, 370, 370, 370, 150, 150, 150, 150, 150]"
2020-11-05 05:45:00+00:00,12330,0,53.0,"[80, 80, 80, 80, 80, 40, 40, 40, 40, 40, 50, 50, 50, 50, 50, 370, 370, 370, 370, 370, 110, 110, 110, 110, 110, 40, 40, 40, 40, 40, 40, 40, 40, 40, 40, 180, 180, 180, 180, 180, 0, 0, 0, 0, 0, 6810, 110, 110, 110, 110, 110, 210, 210]"
2020-11-05 05:50:00+00:00,43210,0,61.0,"[630, 630, 630, 630, 630, 40, 40, 40, 40, 40, 110, 3060, 3060, 3060, 3060, 3060, 180, 180, 180, 180, 180, 170, 170, 170, 170, 170, 20, 20, 170, 170, 180, 180, 180, 180, 180, 20, 150, 150, 150, 150, 150, 40, 40, 40, 40, 40, 100, 100, 100, 100, 100, 3960, 3960, 3960, 3960, 3960, 30, 30, 30, 30, 30]"
2020-11-05 05:55:00+00:00,63440,0,53.0,"[1280, 1280, 1280, 1280, 1280, 10, 10, 10, 10, 10, 20, 20, 20, 20, 20, 900, 900, 900, 900, 900, 20, 20, 20, 20, 20, 1400, 30, 7790, 7790, 7790, 7790, 7790, 1260, 60, 60, 60, 60, 60, 20, 20, 20, 20, 20, 20, 20, 20, 20, 20, 2030, 2030, 2030, 2030, 2030]"
2020-11-05 06:00:00+00:00,61400,0,39.0,"[760, 760, 760, 760, 760, 6000, 6000, 6000, 6000, 6000, 270, 2340, 2340, 2340, 2340, 2340, 110, 110, 110, 110, 110, 20, 20, 20, 20, 20, 700, 90, 90, 90, 90, 90, 2730, 2730, 2730, 2730, 2730, 40, 140]"
2020-11-05 06:05:00+00:00,395580,0,62.0,"[10, 10, 10, 10, 10, 56070, 56070, 10, 40, 40, 40, 40, 40, 50, 50, 50, 50, 50, 40, 40, 40, 40, 40, 40, 40, 40, 40, 40, 11490, 11490, 11490, 11490, 11490, 2840, 2840, 2840, 2840, 2840, 4070, 20, 20, 20, 20, 20, 6560, 6560, 6560, 6560, 6560, 81170, 18340, 18340, 18340, 18340, 18340, 130, 10, 180, 180, 180, 180, 180]"
2020-11-05 06:10:00+00:00,65980,0,77.0,"[380, 350, 350, 350, 350, 350, 1690, 30, 30, 30, 30, 30, 7670, 7670, 7670, 7670, 7670, 30, 30, 30, 30, 30, 170, 60, 60, 60, 60, 60, 2190, 2190, 2190, 2190, 2190, 50, 50, 50, 50, 50, 0, 0, 0, 0, 0, 310, 310, 310, 310, 310, 20, 20, 20, 20, 20, 3210, 80, 80, 80, 80, 80, 60, 60, 60, 60, 60, 2490, 110, 110, 110, 110, 110, 2520, 0, 0, 0, 0, 0, 720]"
2020-11-05 06:15:00+00:00,59890,0,62.0,"[2190, 100, 100, 100, 100, 100, 370, 370, 2030, 2030, 2030, 2030, 2030, 2280, 2280, 2280, 2280, 2280, 9140, 730, 730, 730, 730, 730, 50, 50, 50, 50, 50, 2020, 2020, 2020, 2020, 2020, 0, 0, 0, 0, 0, 110, 110, 110, 110, 110, 920, 920, 920, 920, 920, 120, 120, 120, 120, 120, 1590, 40, 40, 40, 40, 40, 220, 4010]"
2020-11-05 06:20:00+00:00,87770,0,75.0,"[430, 430, 430, 430, 430, 180, 180, 180, 180, 180, 1530, 1530, 1530, 1530, 1530, 40, 40, 40, 40, 480, 6450, 6450, 6450, 6450, 6450, 710, 710, 1140, 1140, 1140, 1140, 1140, 4150, 4150, 4150, 4150, 4150, 340, 340, 340, 340, 340, 340, 340, 340, 340, 340, 390, 390, 390, 390, 390, 110, 110, 110, 110, 110, 40, 10, 10, 10, 10, 10, 260, 260, 260, 260, 260, 780, 780, 780, 780, 780, 4860, 260]"
2020-11-05 06:25:00+00:00,40720,0,44.0,"[2630, 170, 3160, 0, 0, 0, 3160, 0, 3160, 0, 3160, 3160, 1120, 140, 140, 140, 140, 140, 0, 5680, 1880, 650, 650, 650, 650, 650, 1600, 1600, 1600, 1600, 1600, 170, 170, 170, 170, 170, 100, 100, 100, 100, 100, 30, 30, 80]"
2020-11-05 06:30:00+00:00,58890,0,73.0,"[1530, 1530, 1530, 1530, 1530, 470, 680, 40, 8880, 5060, 120, 120, 120, 120, 120, 980, 980, 130, 130, 130, 130, 130, 1340, 1340, 1340, 1340, 1340, 0, 0, 0, 0, 0, 50, 50, 50, 50, 50, 20, 4130, 20, 20, 20, 20, 70, 70, 70, 70, 70, 3620, 3620, 3620, 3620, 3620, 60, 60, 60, 60, 60, 720, 720, 110, 110, 110, 110, 110, 110, 260, 260, 70, 70, 70, 70, 70]"
2020-11-05 06:35:00+00:00,24490,0,28.0,"[2510, 2510, 2510, 2510, 2510, 910, 1500, 1500, 1500, 1500, 1500, 1500, 150, 150, 150, 150, 150, 90, 90, 90, 90, 90, 80, 150, 150, 150, 150, 150]"
2020-11-05 06:40:00+00:00,42650,0,19.0,"[30, 50, 50, 50, 50, 50, 20, 3520, 3520, 3520, 3520, 3520, 4890, 4890, 4890, 4890, 4890, 300, 0]"
2020-11-05 06:45:00+00:00,85940,0,61.0,"[390, 390, 390, 390, 390, 200, 200, 200, 200, 200, 30, 30, 30, 30, 30, 390, 0, 0, 0, 0, 0, 30, 30, 30, 30, 30, 70, 70, 70, 70, 70, 11010, 11010, 11010, 11010, 11010, 230, 230, 230, 230, 230, 2970, 2970, 2970, 2970, 2970, 20, 20, 20, 20, 20, 460, 460, 460, 460, 460, 1700, 1700, 1700, 1700, 1700]"
2020-11-05 06:50:00+00:00,43930,0,58.0,"[70, 70, 70, 70, 70, 440, 440, 440, 440, 40, 40, 40, 40, 40, 10, 10, 10, 10, 10, 570, 570, 570, 570, 570, 0, 3040, 3040, 3040, 3040, 3040, 240, 240, 240, 240, 240, 0, 0, 0, 0, 0, 180, 180, 180, 180, 180, 100, 40, 240, 240, 240, 240, 240, 0, 0, 0, 0, 0, 20080]"
2020-11-05 06:55:00+00:00,46490,0,47.0,"[20, 20, 20, 20, 20, 20, 570, 1020, 570, 570, 570, 570, 2000, 2000, 2000, 2000, 2000, 1870, 1870, 1870, 1870, 1870, 360, 360, 360, 360, 360, 9740, 10, 10, 10, 10, 10, 1870, 1870, 1870, 1870, 1870, 20, 20, 810, 810, 110, 110, 110, 110, 110]"
2020-11-05 07:00:00+00:00,83050,0,46.0,"[180, 180, 180, 180, 180, 110, 110, 110, 110, 110, 90, 90, 90, 90, 90, 1720, 1720, 9060, 9060, 9060, 9060, 9060, 2130, 2130, 2130, 2130, 2130, 2130, 0, 70, 70, 70, 70, 70, 2130, 0, 130, 130, 130, 130, 130, 3300, 3300, 3300, 3300, 3300]"
2020-11-05 07:05:00+00:00,44670,0,40.0,"[20, 20, 20, 20, 20, 0, 0, 0, 0, 0, 160, 160, 160, 160, 160, 1900, 50, 50, 50, 50, 50, 3540, 3540, 100, 100, 100, 100, 100, 70, 6520, 6520, 6520, 6520, 6520, 70, 260, 260, 260, 260, 260]"
2020-11-05 07:10:00+00:00,68010,0,37.0,"[70, 70, 70, 70, 70, 190, 190, 190, 190, 190, 2160, 2160, 2160, 2160, 2160, 290, 290, 290, 290, 290, 5650, 9260, 9260, 9260, 9260, 9260, 80, 80, 80, 80, 80, 420, 420, 420, 420, 420, 10]"
2020-11-05 07:15:00+00:00,23660,0,41.0,"[270, 270, 270, 270, 270, 290, 290, 290, 290, 290, 60, 60, 60, 60, 60, 60, 60, 60, 60, 60, 1660, 100, 100, 100, 100, 100, 10, 10, 10, 10, 10, 10, 10, 10, 10, 10, 3600, 3600, 3600, 3600, 3600]"
2020-11-05 07:20:00+00:00,37860,0,48.0,"[2870, 2870, 2870, 2870, 2870, 1660, 1660, 1660, 1660, 1660, 0, 920, 920, 920, 920, 920, 30, 30, 30, 30, 30, 50, 50, 50, 50, 50, 10, 10, 10, 10, 10, 1600, 1600, 1600, 1600, 1600, 1600, 20, 20, 20, 20, 20, 40, 40, 40, 40, 40, 260]"
2020-11-05 07:25:00+00:00,191610,0,42.0,"[400, 400, 400, 400, 400, 70, 70, 70, 70, 70, 14730, 3280, 3280, 3280, 3280, 3280, 1820, 1820, 1820, 1820, 1820, 20, 20, 20, 20, 20, 1360, 1360, 1360, 1360, 1360, 12980, 12980, 12980, 12980, 12980, 3580, 14730, 14730, 14730, 14730, 14730]"
2020-11-05 07:30:00+00:00,29960,0,18.0,"[300, 300, 4110, 3960, 3960, 3960, 3960, 3960, 80, 80, 80, 80, 80, 1010, 1010, 1010, 1010, 1010]"
2020-11-05 07:35:00+00:00,8400,0,19.0,"[780, 780, 780, 780, 780, 1230, 1230, 0, 0, 0, 0, 0, 20, 20, 20, 20, 20, 970, 970]"
2020-11-05 07:40:00+00:00,21540,0,30.0,"[0, 0, 5970, 10, 10, 10, 10, 10, 0, 0, 0, 0, 0, 2960, 2960, 640, 640, 640, 640, 640, 1090, 1090, 1090, 1090, 1090, 190, 190, 190, 190, 190]"
2020-11-05 07:45:00+00:00,142810,0,31.0,"[10, 10, 10, 10, 10, 20680, 20680, 20680, 20680, 20680, 110, 7510, 7510, 7510, 7510, 7510, 300, 300, 300, 300, 300, 20, 20, 20, 20, 20, 20, 20, 20, 20, 20]"
2020-11-05 07:50:00+00:00,7850,0,20.0,"[10, 10, 10, 10, 10, 1300, 1300, 1300, 1300, 1300, 10, 10, 10, 10, 10, 250, 250, 250, 250, 250]"
2020-11-05 07:55:00+00:00,30260,0,25.0,"[4090, 4090, 4090, 4090, 4090, 2510, 120, 120, 120, 120, 120, 60, 60, 60, 60, 60, 20, 20, 130, 130, 1220, 1220, 1220, 1220, 1220]"
2020-11-05 08:00:00+00:00,58180,0,52.0,"[200, 200, 200, 200, 200, 940, 940, 20, 20, 20, 20, 20, 20, 20, 20, 20, 20, 110, 110, 110, 110, 110, 4280, 4280, 4280, 4280, 4280, 2880, 2880, 2880, 2880, 2880, 80, 80, 80, 80, 80, 1680, 1680, 1680, 1680, 1680, 1680, 1680, 1680, 1680, 1680, 310, 310, 310, 310, 310]"
2020-11-05 08:05:00+00:00,30630,0,31.0,"[2530, 0, 0, 0, 0, 0, 2860, 2860, 2860, 2860, 2860, 30, 30, 30, 30, 30, 0, 0, 0, 0, 0, 0, 0, 0, 0, 0, 2730, 2730, 2730, 2730, 2730]"
2020-11-05 08:10:00+00:00,42790,0,47.0,"[260, 260, 260, 260, 260, 60, 60, 400, 400, 20, 20, 130, 130, 130, 130, 130, 10, 10, 10, 10, 10, 460, 460, 460, 460, 460, 0, 0, 0, 0, 0, 2080, 2080, 2080, 2080, 2080, 16530, 2080, 2080, 2080, 2080, 2080, 40, 40, 40, 40, 40]"
2020-11-05 08:15:00+00:00,583130,0,32.0,"[520, 520, 520, 520, 520, 1260, 220, 220, 220, 220, 220, 3150, 3150, 3150, 3150, 3150, 520, 7440, 7440, 7440, 7440, 7440, 80, 80, 80, 80, 80, 104860, 104860, 104860, 104860, 104860]"
2020-11-05 08:20:00+00:00,199520,0,51.0,"[50, 50, 50, 50, 50, 37510, 10, 10, 10120, 10120, 10120, 10120, 10120, 80, 1980, 8840, 8840, 8840, 8840, 8840, 190, 1560, 1560, 1560, 1560, 1560, 30, 30, 30, 30, 30, 1980, 110, 7380, 7380, 7380, 7380, 7380, 6410, 6410, 580, 580, 580, 580, 580, 400, 400, 400, 400, 400, 30]"
2020-11-05 08:25:00+00:00,63490,0,59.0,"[70, 70, 70, 70, 70, 30, 740, 740, 180, 600, 600, 600, 600, 600, 1980, 2150, 2150, 0, 1790, 1790, 1790, 1790, 1790, 80, 80, 80, 80, 80, 1920, 1920, 1920, 1920, 1920, 290, 290, 290, 290, 290, 290, 290, 290, 600, 600, 1350, 2460, 2460, 2460, 2460, 2460, 2810, 2810, 2810, 2810, 2810, 400, 400, 400, 400, 400]"
2020-11-05 08:30:00+00:00,115230,0,49.0,"[3200, 3200, 3200, 3200, 3200, 600, 600, 21330, 30, 30, 30, 30, 30, 60, 60, 60, 60, 60, 490, 490, 760, 160, 12450, 12450, 12450, 12450, 12450, 2440, 3750, 110, 720, 720, 270, 270, 720, 270, 720, 270, 270, 720, 40, 40, 90, 90, 90, 90, 90, 160, 160]"
2020-11-05 08:35:00+00:00,64520,0,63.0,"[310, 310, 310, 310, 310, 730, 730, 730, 730, 730, 2420, 2420, 2420, 2420, 2420, 20, 20, 20, 20, 20, 10, 10, 10, 10, 10, 220, 220, 220, 220, 220, 720, 720, 720, 720, 720, 0, 0, 0, 0, 0, 60, 30, 30, 380, 380, 380, 380, 380, 1860, 1860, 1860, 1860, 1860, 2130, 2130, 2130, 2130, 2130, 4080, 4080, 4080, 4080, 4080]"
2020-11-05 08:40:00+00:00,36900,0,40.0,"[70, 70, 70, 70, 70, 180, 770, 770, 770, 770, 770, 170, 170, 170, 170, 170, 250, 250, 250, 250, 250, 4050, 570, 250, 570, 570, 570, 570, 4230, 4230, 4230, 4230, 4230, 400, 400, 400, 400, 400, 60, 60]"
2020-11-05 08:45:00+00:00,369950,0,56.0,"[7870, 7870, 7870, 7870, 7870, 230, 230, 230, 230, 230, 950, 530, 530, 530, 530, 530, 50, 50, 50, 50, 50, 10, 10, 10, 10, 10, 50, 50, 50, 50, 50, 10140, 10140, 10140, 10140, 10140, 14620, 14620, 14620, 14620, 14620, 1720, 1720, 1720, 1720, 1720, 37260, 37260, 37260, 37260, 37260, 1320, 1320, 1320, 1320, 1320]"
2020-11-05 08:50:00+00:00,57680,0,50.0,"[120, 10, 10, 10, 10, 10, 1370, 1370, 1370, 1370, 1370, 930, 930, 930, 930, 930, 2510, 2510, 2510, 2510, 2510, 180, 180, 180, 180, 180, 2430, 2430, 2430, 2430, 2430, 40, 40, 850, 850, 850, 850, 850, 990, 990, 990, 990, 990, 990, 990, 1830, 1830, 1830, 1830, 1830]"
2020-11-05 08:55:00+00:00,100230,0,65.0,"[3300, 3300, 3300, 120, 3300, 120, 120, 3300, 120, 120, 220, 220, 220, 220, 220, 470, 470, 470, 470, 470, 140, 140, 140, 140, 140, 5440, 5440, 5440, 5440, 5440, 1990, 1990, 190, 190, 190, 190, 190, 10, 10, 10, 10, 10, 4030, 4030, 4030, 4030, 4030, 10, 520, 520, 520, 520, 520, 320, 320, 650, 650, 650, 650, 650, 4030, 4030, 4030, 4030, 4030]"
2020-11-05 09:00:00+00:00,43510,0,52.0,"[60, 60, 60, 60, 60, 2970, 2970, 2970, 2970, 2970, 1220, 1220, 1220, 1220, 1220, 160, 160, 160, 160, 160, 160, 160, 160, 160, 160, 40, 40, 810, 810, 810, 810, 810, 60, 60, 0, 30, 30, 30, 30, 30, 1170, 1170, 1170, 1170, 1170, 2050, 2050, 2050, 2050, 2050, 80, 80]"
2020-11-05 09:05:00+00:00,23180,0,46.0,"[410, 410, 410, 410, 410, 830, 830, 30, 770, 770, 770, 770, 770, 110, 110, 110, 110, 110, 1460, 1460, 1460, 1460, 1460, 40, 40, 40, 40, 40, 1980, 1980, 130, 130, 130, 130, 130, 10, 10, 10, 10, 10, 1980, 180, 180, 180, 180, 180]"
2020-11-05 09:10:00+00:00,217450,0,47.0,"[3340, 3340, 20, 20, 20, 20, 20, 640, 1980, 17460, 17460, 17460, 17460, 17460, 2650, 2650, 2650, 2650, 2650, 17460, 17460, 17460, 17460, 17460, 320, 320, 320, 320, 320, 2230, 2230, 2230, 2230, 2230, 60, 60, 60, 60, 60, 1980, 1980, 2640, 110, 110, 110, 110, 110]"
2020-11-05 09:15:00+00:00,65080,0,56.0,"[2000, 2000, 2000, 2000, 2000, 3060, 3060, 3060, 3060, 3060, 880, 880, 880, 880, 880, 30, 30, 30, 30, 30, 1230, 1640, 1640, 1640, 1640, 1640, 620, 620, 620, 620, 620, 280, 280, 280, 280, 280, 650, 650, 650, 650, 650, 2700, 2700, 2700, 2700, 2700, 110, 110, 110, 110, 110, 800, 800, 800, 800, 800]"
2020-11-05 09:20:00+00:00,53480,0,46.0,"[120, 120, 120, 120, 120, 20, 20, 20, 20, 20, 50, 50, 50, 50, 50, 30, 30, 30, 30, 30, 750, 750, 750, 750, 750, 1400, 1400, 1400, 1400, 1400, 20, 20, 20, 20, 20, 8270, 8270, 8270, 8270, 8270, 30, 30, 30, 30, 30, 30]"
2020-11-05 09:25:00+00:00,139240,0,43.0,"[3420, 3420, 3420, 3420, 3420, 2200, 210, 2200, 2200, 2200, 2200, 200, 200, 200, 200, 200, 3420, 3420, 3420, 3420, 3420, 190, 190, 160, 160, 160, 160, 160, 12240, 12240, 12240, 12240, 12240, 1250, 1250, 1250, 1250, 1250, 4840, 4840, 4840, 4840, 4840]"
2020-11-05 09:30:00+00:00,183100,0,58.0,"[360, 360, 360, 360, 360, 220, 220, 220, 220, 220, 9200, 9200, 9200, 9200, 9200, 20820, 20820, 20820, 20820, 20820, 0, 0, 0, 0, 0, 5170, 400, 400, 400, 400, 400, 150, 150, 150, 150, 150, 430, 430, 430, 430, 430, 90, 2950, 2950, 2950, 2950, 2950, 190, 0, 0, 0, 0, 0, 1000, 1000, 1000, 1000, 1000]"
2020-11-05 09:35:00+00:00,17340,0,17.0,"[330, 330, 330, 330, 330, 1510, 1510, 1510, 1510, 1510, 1120, 1120, 1120, 1120, 1120, 1270, 1270]"
2020-11-05 09:40:00+00:00,32320,0,57.0,"[0, 0, 0, 1620, 1620, 0, 1620, 1620, 0, 1620, 640, 640, 640, 640, 640, 70, 700, 20, 20, 20, 20, 20, 40, 40, 40, 40, 40, 80, 80, 80, 80, 80, 140, 140, 140, 140, 140, 60, 60, 60, 60, 60, 310, 310, 310, 310, 310, 2770, 2770, 2770, 2770, 2770, 630, 630, 630, 630, 630]"
2020-11-05 09:45:00+00:00,81610,0,27.0,"[2840, 2840, 2840, 2840, 2840, 3030, 3030, 9350, 9350, 9350, 9350, 9350, 20, 20, 20, 20, 20, 10, 2890, 2890, 2890, 10, 10, 2890, 10, 10, 2890]"
2020-11-05 09:50:00+00:00,51190,0,51.0,"[200, 350, 350, 350, 350, 350, 630, 80, 850, 850, 80, 80, 850, 80, 850, 80, 850, 630, 630, 630, 630, 630, 570, 570, 570, 570, 570, 2260, 2260, 2260, 2260, 2260, 2880, 2880, 2880, 2880, 2880, 3020, 3020, 10, 10, 10, 10, 10, 10, 10, 1230, 1230, 1230, 1230, 1230]"
2020-11-05 09:55:00+00:00,58860,0,56.0,"[3090, 3090, 3090, 3090, 3090, 40, 40, 40, 40, 40, 840, 840, 10, 2350, 2350, 2350, 2350, 2350, 2350, 2350, 70, 70, 70, 70, 70, 1360, 1360, 1360, 1360, 1360, 2550, 2550, 140, 860, 860, 860, 860, 860, 860, 860, 860, 860, 860, 500, 500, 500, 500, 500, 30, 30, 30, 30, 30, 700, 700, 30]"
2020-11-05 10:00:00+00:00,7200,0,55.0,"[10, 10, 10, 10, 10, 10, 10, 10, 10, 10, 140, 140, 140, 140, 140, 90, 90, 90, 90, 90, 70, 70, 70, 70, 70, 110, 110, 110, 110, 110, 140, 140, 140, 140, 140, 390, 390, 390, 390, 390, 80, 80, 80, 80, 80, 390, 390, 390, 390, 390, 10, 10, 10, 10, 10]"
2020-11-05 10:05:00+00:00,6900,0,25.0,"[270, 270, 270, 270, 270, 30, 30, 30, 30, 30, 0, 0, 0, 0, 0, 80, 80, 80, 80, 80, 1000, 1000, 1000, 1000, 1000]"
2020-11-05 10:10:00+00:00,13960,0,24.0,"[3010, 120, 120, 120, 120, 120, 2600, 2600, 10, 10, 10, 10, 10, 360, 360, 360, 360, 360, 550, 550, 550, 550, 550, 550]"
2020-11-05 10:15:00+00:00,20350,0,70.0,"[260, 260, 260, 260, 260, 10, 10, 10, 10, 10, 1010, 1010, 1010, 1010, 1010, 960, 960, 960, 960, 960, 260, 260, 260, 260, 260, 210, 210, 210, 210, 210, 210, 210, 210, 210, 210, 470, 470, 470, 470, 470, 10, 10, 10, 10, 10, 120, 120, 120, 120, 120, 40, 40, 40, 40, 40, 470, 10, 470, 10, 470, 10, 10, 470, 10, 470, 30, 30, 30, 30, 30]"
2020-11-05 10:20:00+00:00,60230,0,42.0,"[50, 50, 50, 50, 50, 270, 270, 270, 270, 270, 900, 17850, 6070, 6070, 6070, 6070, 6070, 10, 320, 320, 320, 320, 320, 280, 280, 280, 280, 280, 910, 280, 280, 280, 280, 280, 3090, 140, 140, 140, 140, 140, 210, 210]"
2020-11-05 10:25:00+00:00,59810,0,35.0,"[20, 20, 20, 20, 20, 160, 160, 6360, 6130, 6130, 6130, 6130, 6130, 630, 2450, 2450, 2450, 2450, 2450, 220, 220, 220, 220, 220, 130, 130, 130, 130, 130, 600, 600, 600, 600, 600, 4750]"
2020-11-05 10:30:00+00:00,60020,0,47.0,"[560, 560, 560, 560, 560, 60, 60, 60, 60, 60, 1700, 1700, 1700, 1700, 1700, 2480, 2480, 2480, 2480, 2480, 1340, 1340, 1340, 1340, 1340, 1340, 1340, 1340, 1340, 1340, 1340, 110, 110, 110, 110, 110, 160, 160, 160, 160, 160, 230, 3940, 3940, 3940, 3940, 3940]"
2020-11-05 10:35:00+00:00,61910,0,23.0,"[410, 30, 30, 30, 30, 30, 240, 240, 240, 240, 240, 300, 300, 140, 140, 140, 140, 140, 11770, 11770, 11770, 11770, 11770]"
2020-11-05 10:40:00+00:00,180510,0,33.0,"[0, 24180, 24180, 24180, 24180, 24180, 660, 40, 40, 40, 40, 40, 50, 50, 50, 50, 50, 10, 10, 10, 10, 10, 6950, 10, 10, 10, 10, 10, 10290, 10290, 10290, 10290, 10290]"
2020-11-05 10:45:00+00:00,148560,0,72.0,"[1250, 120, 120, 120, 120, 120, 60, 60, 60, 60, 60, 30, 30, 30, 30, 30, 3920, 3920, 3920, 3920, 3920, 4390, 4390, 4390, 4390, 4390, 470, 470, 470, 470, 470, 1650, 1650, 1650, 1650, 1650, 20, 20, 20, 20, 20, 1200, 1200, 1200, 1200, 1200, 120, 120, 120, 120, 120, 110, 130, 130, 130, 130, 130, 8200, 8200, 8200, 8200, 8200, 2270, 2270, 2270, 2270, 2270, 6860, 6860, 6860, 6860, 6860]"
2020-11-05 10:50:00+00:00,106500,0,45.0,"[8450, 8450, 8450, 8450, 8450, 860, 860, 860, 860, 860, 0, 0, 0, 0, 0, 9020, 9020, 9020, 9020, 9020, 270, 270, 270, 270, 270, 20, 20, 20, 20, 20, 2260, 2260, 2260, 2260, 2260, 410, 410, 410, 410, 410, 10, 10, 10, 10, 10]"
2020-11-05 10:55:00+00:00,188190,0,77.0,"[20890, 20890, 20890, 20890, 20890, 30, 30, 30, 30, 30, 4130, 4130, 4130, 4130, 4130, 80, 80, 80, 80, 80, 20, 20, 110, 110, 110, 110, 110, 2460, 2460, 2460, 2460, 2460, 0, 0, 0, 0, 0, 2060, 2060, 2060, 2060, 2060, 0, 0, 0, 0, 0, 870, 870, 870, 870, 870, 90, 90, 90, 90, 90, 110, 110, 110, 110, 110, 2500, 2500, 2500, 2500, 2500, 4300, 4300, 4300, 4300, 4300, 0, 0, 0, 0, 0]"
2020-11-05 11:00:00+00:00,43330,0,46.0,"[100, 100, 100, 100, 100, 30, 30, 30, 30, 30, 980, 30, 30, 30, 30, 30, 1180, 1180, 1180, 1180, 1180, 3670, 3670, 3670, 3670, 3670, 20, 20, 20, 20, 20, 2600, 2600, 2600, 2600, 2600, 730, 730, 730, 730, 730, 110, 110, 110, 110, 110]"
2020-11-05 11:05:00+00:00,69290,0,43.0,"[10, 320, 320, 320, 320, 320, 4150, 4150, 4150, 4150, 4150, 2960, 1300, 1300, 1300, 1300, 1300, 1650, 1650, 1650, 1650, 1650, 1680, 1680, 1680, 1680, 1680, 2280, 2280, 2280, 2280, 2280, 1780, 1780, 1780, 1780, 1780, 320, 40, 40, 40, 40, 40]"
2020-11-05 11:10:00+00:00,22140,0,40.0,"[160, 160, 160, 160, 160, 1790, 1790, 1790, 1790, 1790, 590, 590, 590, 590, 590, 40, 40, 40, 40, 40, 110, 1730, 1730, 1730, 1730, 1730, 50, 50, 50, 50, 50, 30, 30, 30, 30, 30, 30, 30, 10, 10]"
2020-11-05 11:15:00+00:00,32200,0,51.0,"[4080, 4080, 4080, 4080, 4080, 100, 100, 540, 540, 100, 540, 100, 540, 100, 540, 230, 230, 230, 230, 230, 540, 100, 100, 100, 100, 100, 120, 120, 0, 0, 0, 0, 0, 80, 100, 100, 100, 100, 100, 70, 70, 260, 260, 260, 260, 260, 830, 830, 830, 830, 830]"
2020-11-05 11:20:00+00:00,200670,0,51.0,"[10, 10, 10, 10, 10, 1140, 1140, 1140, 1140, 1140, 900, 900, 900, 900, 900, 2920, 2920, 2920, 2920, 2920, 4510, 4510, 4510, 4510, 4510, 0, 0, 0, 0, 0, 420, 24180, 24180, 24180, 24180, 24180, 6000, 6000, 6000, 6000, 6000, 90, 90, 90, 90, 90, 300, 300, 300, 300, 300]"
2020-11-05 11:25:00+00:00,30730,0,61.0,"[1100, 1100, 1100, 1100, 1100, 1100, 740, 5210, 1820, 1820, 1820, 1820, 1820, 40, 40, 40, 40, 40, 0, 140, 140, 140, 140, 140, 90, 90, 90, 90, 90, 190, 190, 60, 60, 60, 60, 60, 30, 30, 30, 30, 30, 450, 450, 450, 450, 450, 890, 890, 890, 890, 890, 30, 30, 30, 30, 30, 10, 10, 10, 10, 10]"
2020-11-05 11:30:00+00:00,127840,0,38.0,"[70, 16360, 16360, 16360, 16360, 16360, 30, 3010, 3010, 3010, 3010, 3010, 3110, 3110, 3110, 3110, 3110, 90, 90, 90, 90, 90, 1790, 420, 420, 420, 420, 420, 0, 0, 0, 0, 0, 2200, 2200, 2200, 2200, 2200]"
2020-11-05 11:35:00+00:00,11840,0,35.0,"[1100, 1100, 200, 200, 200, 200, 200, 760, 760, 760, 760, 760, 1630, 200, 0, 0, 0, 0, 0, 10, 10, 10, 10, 10, 10, 10, 10, 10, 10, 2710, 40, 40, 40, 40, 40]"
2020-11-05 11:40:00+00:00,8270,0,32.0,"[930, 0, 0, 0, 0, 0, 660, 660, 660, 660, 660, 20, 20, 20, 20, 20, 100, 100, 100, 100, 100, 50, 50, 50, 50, 50, 1840, 270, 270, 270, 270, 270]"
2020-11-05 11:45:00+00:00,42950,0,52.0,"[0, 0, 0, 0, 0, 730, 730, 730, 730, 730, 10, 10, 10, 10, 10, 90, 2820, 2820, 2820, 2820, 2820, 1950, 1950, 1950, 1950, 1950, 180, 180, 180, 180, 180, 10, 10, 10, 10, 10, 2500, 2500, 2500, 2500, 2500, 60, 40, 40, 40, 40, 40, 320, 320, 320, 320, 320]"
2020-11-05 11:50:00+00:00,46050,0,31.0,"[110, 110, 110, 110, 110, 10, 10, 10, 10, 10, 200, 940, 940, 940, 940, 940, 140, 140, 140, 140, 140, 20, 20, 20, 20, 20, 7950, 7950, 7950, 7950, 7950]"
2020-11-05 11:55:00+00:00,178270,0,56.0,"[140, 140, 120, 120, 120, 120, 120, 20310, 20310, 20310, 20310, 20310, 410, 410, 410, 410, 410, 3200, 3200, 6320, 6320, 6320, 6320, 6320, 440, 440, 440, 440, 2360, 860, 860, 10, 10, 10, 10, 10, 5400, 5400, 5400, 5400, 5400, 160, 160, 160, 160, 160, 10, 10, 10, 10, 10, 410, 410, 410, 410, 410]"
2020-11-05 12:00:00+00:00,44830,0,44.0,"[2500, 2500, 2500, 2500, 2500, 40, 40, 40, 40, 40, 1710, 1710, 1710, 1710, 1710, 80, 80, 80, 80, 80, 3000, 3000, 3000, 3000, 3000, 200, 4050, 1010, 80, 80, 80, 80, 80, 480, 480, 480, 480, 480, 20, 20, 20, 20, 20, 20]"
2020-11-05 12:05:00+00:00,20680,0,64.0,"[170, 40, 40, 40, 40, 40, 100, 100, 100, 100, 100, 10, 10, 10, 10, 10, 10, 10, 10, 10, 10, 10, 30, 30, 30, 30, 30, 1060, 1060, 1060, 1060, 1060, 480, 760, 760, 760, 760, 760, 480, 480, 480, 480, 480, 2970, 650, 650, 650, 650, 650, 20, 20, 20, 20, 20, 80, 80, 80, 80, 80, 170, 170, 170, 170, 170]"
2020-11-05 12:10:00+00:00,44920,0,58.0,"[240, 100, 100, 100, 100, 100, 140, 140, 140, 140, 140, 660, 660, 660, 660, 660, 0, 0, 0, 0, 0, 20, 20, 20, 20, 20, 40, 790, 790, 790, 790, 790, 90, 90, 1770, 1770, 1770, 1770, 1770, 110, 10, 10, 10, 10, 10, 20, 20, 20, 20, 20, 6870, 1470, 1470, 1470, 1470, 1470, 3680, 8900]"
2020-11-05 12:15:00+00:00,145050,0,44.0,"[0, 1540, 0, 0, 0, 0, 0, 1540, 1540, 1540, 1540, 1540, 0, 300, 140, 140, 140, 140, 140, 1860, 1860, 1860, 1860, 1860, 20, 5780, 5780, 5780, 5780, 5780, 31800, 31800, 80, 9710, 4640, 0, 4640, 4640, 0, 0, 4640, 0, 4640, 0]"
2020-11-05 12:20:00+00:00,299140,0,76.0,"[790, 0, 0, 0, 0, 0, 10030, 10030, 10030, 10030, 10030, 730, 730, 730, 730, 730, 10, 10, 10, 10, 10, 16290, 16290, 16290, 16290, 16290, 40, 40, 40, 40, 40, 30, 30, 30, 30, 30, 18970, 5490, 2510, 2510, 2510, 2510, 2510, 10380, 10380, 10380, 10380, 10380, 200, 170, 170, 200, 170, 170, 170, 8960, 8960, 8960, 8960, 8960, 3240, 3240, 3240, 3240, 3240, 90, 10, 10, 10, 10, 10, 2280, 2280, 2280, 2280, 2280]"
2020-11-05 12:25:00+00:00,12060,0,25.0,"[2770, 0, 0, 0, 0, 0, 230, 230, 230, 230, 230, 3540, 70, 3540, 0, 0, 0, 0, 0, 190, 190, 190, 190, 190, 40]"
2020-11-05 12:30:00+00:00,643910,0,67.0,"[110350, 110350, 110350, 110350, 110350, 180, 180, 180, 180, 180, 4510, 480, 720, 720, 720, 720, 720, 690, 690, 30, 190, 190, 190, 190, 190, 140, 580, 580, 520, 520, 520, 520, 520, 2490, 70, 70, 70, 70, 70, 70, 70, 70, 70, 70, 2400, 470, 11720, 11720, 200, 11720, 11720, 11720, 2200, 2200, 2200, 2200, 2200, 0, 0, 0, 0, 0, 110, 110, 110, 110, 110]"
2020-11-05 12:35:00+00:00,236210,0,77.0,"[10, 3510, 3510, 3510, 3510, 3510, 10, 10, 10, 10, 10, 2040, 2020, 4480, 1230, 2850, 2850, 2850, 2850, 2850, 3170, 3920, 3920, 590, 590, 7410, 7410, 7410, 7410, 7410, 4940, 4940, 4940, 4940, 4940, 11580, 11580, 11580, 11580, 11580, 630, 630, 630, 630, 630, 920, 770, 770, 770, 770, 770, 1100, 1100, 3760, 3760, 3760, 3760, 3760, 70, 60, 60, 60, 60, 60, 20, 20, 20, 20, 20, 5730, 5730, 5730, 5730, 5730, 30, 3490, 1180]"
2020-11-05 12:40:00+00:00,118760,0,48.0,"[500, 500, 500, 500, 500, 7690, 3580, 3580, 3580, 3580, 3580, 7840, 8220, 4860, 22180, 2540, 3050, 3050, 80, 80, 80, 80, 80, 50, 50, 2480, 2480, 2480, 2480, 2480, 110, 90, 90, 90, 90, 90, 1970, 1970, 1970, 1970, 1970, 2940, 2940, 2940, 2940, 2940, 430, 490]"
2020-11-05 12:45:00+00:00,259480,0,73.0,"[30, 35730, 35730, 35730, 35730, 35730, 1200, 320, 320, 320, 320, 320, 1400, 1400, 1400, 1400, 1400, 20, 20, 20, 20, 20, 1190, 1190, 1190, 1190, 1190, 20, 20, 20, 20, 20, 20, 110, 110, 180, 180, 180, 180, 180, 2900, 2900, 2900, 2900, 2900, 0, 10, 100, 100, 100, 100, 100, 310, 310, 310, 310, 310, 1500, 780, 460, 3470, 3470, 3470, 3470, 3470, 210, 1030, 1030, 1030, 1030, 1030, 21650, 50]"
2020-11-05 12:50:00+00:00,17590,0,46.0,"[110, 110, 110, 110, 110, 1460, 10, 10, 10, 10, 10, 340, 340, 340, 340, 340, 1980, 480, 500, 500, 500, 500, 500, 30, 30, 30, 30, 30, 10, 770, 770, 770, 770, 770, 20, 20, 20, 20, 20, 150, 50, 50, 50, 50, 50, 4360]"
2020-11-05 12:55:00+00:00,169950,0,55.0,"[40, 40, 40, 40, 40, 27380, 27380, 27380, 27380, 27380, 180, 180, 180, 180, 180, 820, 820, 820, 820, 820, 240, 240, 240, 240, 240, 70, 70, 70, 70, 70, 5920, 20, 1770, 1770, 1770, 1770, 1770, 20, 20, 20, 20, 20, 120, 840, 2550, 70, 70, 70, 70, 70, 1510, 1510, 1510, 1510, 1510]"
2020-11-05 13:00:00+00:00,50200,0,47.0,"[3780, 3780, 3780, 3780, 3780, 2710, 10, 320, 320, 320, 320, 320, 320, 600, 600, 600, 600, 600, 50, 60, 60, 60, 60, 60, 60, 220, 30, 0, 0, 0, 0, 0, 1490, 1490, 1490, 1490, 1490, 3090, 20, 3090, 20, 3090, 20, 3090, 20, 3090, 20]"
2020-11-05 13:05:00+00:00,220250,0,41.0,"[3930, 3930, 3930, 3930, 3930, 40, 100, 100, 180, 100, 100, 100, 0, 0, 0, 0, 0, 4160, 4160, 4160, 4160, 4160, 4160, 10, 1650, 160, 160, 160, 160, 160, 30710, 30710, 30710, 30710, 30710, 160, 8830, 60, 4900, 4900, 60]"
2020-11-05 13:10:00+00:00,159680,0,59.0,"[10, 10, 10, 10, 10, 40, 50, 50, 50, 50, 50, 70, 70, 70, 70, 70, 20350, 20350, 20350, 20350, 20350, 25490, 400, 400, 400, 400, 400, 8770, 140, 140, 140, 140, 140, 1520, 1520, 1520, 1520, 1520, 40, 40, 40, 40, 40, 60, 60, 60, 60, 60, 280, 2140, 2140, 2140, 2140, 2140, 240, 240, 240, 240, 240]"
2020-11-05 13:15:00+00:00,210850,0,62.0,"[4600, 4600, 4600, 4600, 4600, 250, 560, 2200, 2200, 2200, 2200, 2200, 9730, 9730, 9730, 9730, 9730, 45080, 10, 10, 10, 10, 10, 50, 50, 50, 50, 50, 10530, 10530, 10530, 10530, 10530, 0, 0, 0, 0, 0, 330, 10, 10, 10, 10, 10, 1140, 590, 590, 590, 590, 590, 180, 180, 180, 180, 180, 1490, 4500, 4500, 4500, 4500, 4500, 0]"
2020-11-05 13:20:00+00:00,749260,0,55.0,"[122550, 122550, 122550, 122550, 122550, 20, 20, 20, 20, 20, 70, 220, 470, 1800, 1800, 1800, 1800, 1800, 310, 310, 310, 310, 310, 390, 0, 0, 0, 0, 0, 1230, 640, 20, 10, 10, 10, 10, 10, 80300, 1070, 1070, 1070, 1070, 1070, 130, 130, 130, 130, 130, 220, 140, 140, 140, 140, 140, 35550]"
2020-11-05 13:25:00+00:00,124450,0,68.0,"[2800, 170, 1660, 3600, 3600, 20, 20, 20, 20, 20, 260, 560, 400, 400, 400, 400, 400, 8010, 8010, 8010, 8010, 8010, 170, 170, 170, 170, 170, 0, 530, 1380, 300, 4210, 4210, 4210, 4210, 4210, 130, 130, 130, 130, 130, 520, 520, 520, 520, 520, 24220, 3060, 20, 3060, 3060, 3060, 3060, 380, 380, 380, 380, 380, 20, 20, 20, 20, 20, 150, 150, 150, 150, 150]"
2020-11-05 13:30:00+00:00,146710,0,48.0,"[20, 20, 20, 20, 20, 50, 10, 10, 10, 10, 10, 40, 1160, 0, 300, 300, 300, 300, 300, 40, 18250, 18250, 18250, 18250, 18250, 20, 20, 20, 20, 20, 4400, 13600, 230, 230, 230, 230, 230, 6500, 6500, 6500, 6500, 6500, 10, 10, 10, 10, 10, 720]"
2020-11-05 13:35:00+00:00,215060,0,64.0,"[30, 630, 630, 630, 630, 630, 20, 20, 20, 20, 20, 1020, 1020, 1020, 1020, 1020, 360, 5010, 5010, 5010, 5010, 5010, 40, 1420, 1420, 1420, 1420, 1420, 4510, 4510, 4510, 4510, 4510, 0, 500, 140, 19370, 19370, 19370, 19370, 19370, 2520, 2520, 2520, 2520, 2520, 0, 1020, 3120, 180, 180, 180, 180, 180, 550, 550, 550, 550, 550, 6740, 6740, 6740, 6740, 6740]"
2020-11-05 13:40:00+00:00,22710,0,26.0,"[510, 180, 180, 180, 180, 5040, 180, 990, 30, 20, 20, 20, 20, 20, 20, 70, 1220, 1220, 210, 500, 0, 2380, 2380, 2380, 2380, 2380]"
2020-11-05 13:45:00+00:00,69950,0,40.0,"[50, 50, 50, 50, 50, 130, 2340, 2340, 2340, 2340, 2340, 590, 8900, 8900, 8900, 8900, 8900, 30, 30, 30, 30, 30, 630, 2200, 20, 40, 1580, 0, 20, 20, 20, 20, 20, 10, 10, 10, 10, 10, 7990, 20]"
2020-11-05 13:50:00+00:00,30060,0,60.0,"[5850, 5850, 160, 50, 50, 160, 50, 160, 50, 160, 50, 160, 40, 40, 40, 40, 40, 10, 10, 10, 10, 10, 320, 320, 320, 320, 320, 120, 130, 130, 130, 130, 130, 440, 440, 440, 440, 440, 1340, 1340, 1340, 1340, 1340, 960, 960, 960, 960, 960, 70, 70, 70, 70, 70, 20, 20, 120, 120, 120, 120, 120]"
2020-11-05 13:55:00+00:00,16000,0,6.0,"[130, 13620, 1500, 200, 540, 10]"
2020-11-05 14:00:00+00:00,14500,0,30.0,"[0, 780, 780, 780, 780, 780, 110, 40, 600, 820, 20, 730, 730, 230, 230, 230, 230, 230, 1190, 1190, 1190, 1190, 1190, 70, 70, 70, 70, 70, 20, 80]"
2020-11-05 14:05:00+00:00,368340,0,24.0,"[59260, 59260, 59260, 59260, 59260, 59260, 360, 360, 360, 360, 360, 1060, 30, 30, 30, 30, 30, 60, 1360, 1670, 1670, 1670, 1670, 1670]"
2020-11-05 14:10:00+00:00,26800,0,24.0,"[17450, 0, 0, 0, 0, 0, 120, 120, 120, 120, 120, 4750, 410, 410, 410, 410, 410, 270, 270, 270, 270, 270, 600, 0]"
2020-11-05 14:15:00+00:00,31770,0,10.0,"[5020, 0, 30, 60, 60, 5320, 5320, 5320, 5320, 5320]"
2020-11-05 14:20:00+00:00,39130,0,23.0,"[460, 420, 420, 420, 420, 420, 0, 0, 0, 0, 0, 0, 20, 20, 20, 20, 20, 18090, 18090, 100, 100, 70, 20]"
2020-11-05 14:25:00+00:00,56590,0,19.0,"[10790, 10790, 10790, 10790, 10790, 60, 60, 60, 60, 60, 560, 20, 20, 20, 20, 20, 1620, 60, 0]"
2020-11-05 14:30:00+00:00,890,0,22.0,"[70, 70, 70, 70, 70, 20, 20, 20, 20, 20, 20, 20, 20, 20, 20, 20, 20, 20, 20, 20, 190, 50]"
2020-11-05 14:35:00+00:00,82330,0,43.0,"[2500, 150, 150, 150, 150, 150, 0, 3060, 3060, 3060, 3060, 3060, 60, 60, 60, 60, 60, 80, 3060, 3060, 3060, 3060, 3060, 50, 50, 50, 50, 50, 10, 10, 10, 10, 10, 9260, 9260, 9260, 9260, 9260, 300, 300, 300, 300, 300]"
2020-11-05 14:40:00+00:00,11760,0,31.0,"[120, 3070, 80, 80, 80, 80, 80, 10, 10, 10, 10, 10, 60, 60, 60, 60, 60, 10, 10, 10, 10, 10, 6200, 30, 30, 30, 30, 30, 940, 240, 240]"
2020-11-05 14:45:00+00:00,20870,0,26.0,"[30, 30, 30, 30, 30, 20, 1030, 1030, 1030, 1030, 1030, 3100, 3100, 3100, 3100, 3100, 10, 10, 10, 10, 10, 0, 0, 0, 0, 0]"
2020-11-05 14:50:00+00:00,5450,0,19.0,"[120, 120, 120, 120, 120, 0, 0, 0, 0, 0, 4180, 70, 70, 70, 70, 70, 150, 150, 20]"
2020-11-05 14:55:00+00:00,8100,0,18.0,"[0, 0, 0, 0, 0, 0, 40, 350, 350, 350, 350, 350, 2160, 830, 830, 830, 830, 830]"
2020-11-05 15:00:00+00:00,499460,0,11.0,"[10, 220, 220, 220, 220, 220, 99670, 99670, 99670, 99670, 99670]"
2020-11-05 15:05:00+00:00,12590,0,49.0,"[0, 0, 0, 0, 0, 0, 650, 30, 30, 30, 30, 30, 0, 0, 0, 0, 0, 0, 0, 0, 0, 0, 480, 480, 480, 480, 480, 0, 0, 0, 0, 0, 1380, 1380, 50, 50, 50, 50, 50, 650, 650, 650, 650, 650, 790, 930, 240, 930, 240]"
2020-11-05 15:10:00+00:00,1840,0,19.0,"[70, 70, 70, 70, 70, 900, 0, 0, 0, 0, 0, 0, 160, 30, 80, 80, 80, 80, 80]"
2020-11-05 15:15:00+00:00,185560,0,19.0,"[50, 10, 30, 3880, 3880, 3880, 3880, 3880, 29240, 29240, 29240, 29240, 29240, 3970, 3970, 3970, 3970, 3970, 20]"
2020-11-05 15:20:00+00:00,62720,0,37.0,"[0, 0, 0, 0, 0, 200, 200, 200, 200, 200, 3840, 3840, 3840, 3840, 3840, 8370, 8370, 8370, 8370, 8370, 0, 0, 0, 0, 0, 20, 0, 0, 0, 0, 0, 130, 130, 130, 130, 130, 0]"
2020-11-05 15:25:00+00:00,3910,0,17.0,"[10, 10, 10, 10, 10, 10, 50, 0, 0, 0, 0, 0, 760, 760, 760, 760, 760]"
2020-11-05 15:30:00+00:00,150,0,1.0,[150]
2020-11-05 15:35:00+00:00,13250,0,15.0,"[1600, 1600, 840, 840, 840, 840, 840, 190, 0, 10, 1130, 1130, 1130, 1130, 1130]"
2020-11-05 15:40:00+00:00,4360,0,6.0,"[4360, 0, 0, 0, 0, 0]"
2020-11-05 15:45:00+00:00,89840,0,21.0,"[370, 370, 370, 370, 370, 310, 81190, 2150, 810, 10, 420, 480, 480, 480, 480, 480, 140, 140, 140, 140, 140]"
2020-11-05 15:50:00+00:00,720,0,8.0,"[10, 0, 160, 110, 110, 110, 110, 110]"
2020-11-05 15:55:00+00:00,4340,0,2.0,"[10, 4330]"
2020-11-05 16:00:00+00:00,8370,0,15.0,"[1140, 6860, 0, 10, 10, 10, 10, 10, 0, 0, 0, 0, 0, 300, 20]"
2020-11-05 16:05:00+00:00,2760,0,15.0,"[280, 20, 10, 10, 10, 10, 10, 40, 40, 40, 40, 40, 40, 40, 2130]"
2020-11-05 16:10:00+00:00,6880,0,9.0,"[630, 2560, 3610, 10, 10, 10, 10, 10, 30]"
2020-11-05 16:15:00+00:00,40820,0,17.0,"[20, 1170, 2120, 2120, 2120, 2120, 2120, 60, 2710, 2710, 2710, 2710, 2710, 3990, 3990, 7430, 10]"
2020-11-05 16:20:00+00:00,6570,0,17.0,"[100, 380, 380, 0, 0, 0, 0, 0, 10, 80, 80, 80, 80, 80, 2610, 2610, 80]"
2020-11-05 16:25:00+00:00,13560,0,19.0,"[50, 130, 130, 130, 130, 130, 7150, 50, 50, 4060, 210, 210, 190, 190, 190, 190, 190, 90, 90]"
2020-11-05 16:30:00+00:00,11180,0,9.0,"[560, 1010, 6890, 2620, 20, 20, 20, 20, 20]"
2020-11-05 16:35:00+00:00,93610,0,15.0,"[170, 17170, 17170, 17170, 17170, 17170, 660, 180, 450, 1260, 1260, 1260, 1260, 1260, 0]"
2020-11-05 16:40:00+00:00,13690,0,22.0,"[20, 20, 20, 20, 20, 20, 20, 2590, 2590, 2590, 2590, 2590, 90, 90, 90, 90, 90, 30, 30, 30, 30, 30]"
2020-11-05 16:45:00+00:00,10810,0,16.0,"[40, 40, 40, 40, 40, 60, 60, 60, 60, 60, 60, 2050, 2050, 2050, 2050, 2050]"
2020-11-05 16:50:00+00:00,5940,0,24.0,"[0, 50, 50, 50, 50, 50, 1000, 1000, 1000, 1000, 1000, 50, 50, 50, 50, 50, 50, 60, 60, 60, 60, 60, 60, 30]"
2020-11-05 16:55:00+00:00,7510,0,12.0,"[20, 20, 20, 20, 20, 0, 620, 620, 620, 620, 620, 4310]"
2020-11-05 17:00:00+00:00,260200,0,24.0,"[30, 30, 30, 30, 30, 20, 26550, 26550, 26550, 26550, 26550, 2210, 2210, 2210, 2210, 2210, 30, 23240, 23240, 23240, 23240, 23240, 0, 0]"
2020-11-05 17:05:00+00:00,6500,0,22.0,"[5230, 70, 170, 170, 170, 170, 170, 10, 10, 10, 10, 10, 0, 0, 0, 0, 0, 60, 60, 60, 60, 60]"
2020-11-05 17:10:00+00:00,4080,0,13.0,"[20, 20, 20, 20, 20, 1980, 400, 400, 400, 400, 400, 0, 0]"
2020-11-05 17:15:00+00:00,7250,0,13.0,"[400, 400, 400, 400, 400, 20, 20, 1040, 1040, 1040, 1040, 1040, 10]"
2020-11-05 17:20:00+00:00,1700,0,8.0,"[0, 10, 320, 320, 320, 320, 320, 90]"
2020-11-05 17:25:00+00:00,0,0,5.0,"[0, 0, 0, 0, 0]"
2020-11-05 17:30:00+00:00,9240,0,3.0,"[4140, 0, 5100]"
2020-11-05 17:35:00+00:00,110,0,6.0,"[20, 20, 20, 20, 20, 10]"
2020-11-05 17:40:00+00:00,1910,0,15.0,"[0, 30, 0, 0, 0, 0, 0, 40, 40, 0, 360, 360, 360, 360, 360]"
2020-11-05 17:45:00+00:00,3290,0,1.0,[3290]
2020-11-05 17:50:00+00:00,6580,0,2.0,"[3290, 3290]"
2020-11-05 17:55:00+00:00,5320,0,15.0,"[1990, 40, 10, 10, 10, 10, 10, 520, 320, 400, 400, 400, 400, 400, 400]"
2020-11-05 18:00:00+00:00,88170,0,21.0,"[11640, 11640, 11640, 11640, 11640, 180, 180, 180, 180, 180, 2200, 2200, 2200, 2200, 2200, 3520, 3520, 3520, 3520, 3520, 470]"
2020-11-05 18:05:00+00:00,0,0,0.0,[]
2020-11-05 18:10:00+00:00,10800,0,17.0,"[190, 190, 190, 190, 190, 0, 1840, 1840, 1840, 1840, 1840, 100, 110, 110, 110, 110, 110]"
2020-11-05 18:15:00+00:00,30490,0,13.0,"[10, 180, 120, 120, 120, 120, 120, 18450, 2250, 2250, 2250, 2250, 2250]"
2020-11-05 18:20:00+00:00,13370,0,36.0,"[1290, 0, 0, 1290, 1290, 0, 1290, 1290, 0, 0, 90, 90, 90, 90, 90, 180, 180, 180, 180, 180, 30, 30, 30, 30, 30, 840, 190, 840, 840, 190, 190, 840, 190, 190, 840, 270]"
2020-11-05 18:25:00+00:00,23760,0,14.0,"[1010, 1010, 0, 0, 0, 0, 0, 60, 2780, 3780, 3780, 3780, 3780, 3780]"
2020-11-05 18:30:00+00:00,11290,0,11.0,"[6290, 890, 890, 890, 890, 890, 110, 110, 110, 110, 110]"
2020-11-05 18:35:00+00:00,80,0,1.0,[80]
2020-11-05 18:40:00+00:00,1430,0,1.0,[1430]
2020-11-05 18:45:00+00:00,12520,0,6.0,"[2210, 2210, 2210, 2210, 2210, 1470]"
2020-11-05 18:50:00+00:00,0,0,0.0,[]
2020-11-05 18:55:00+00:00,30600,0,12.0,"[840, 840, 840, 840, 840, 5670, 30, 4140, 4140, 4140, 4140, 4140]"
2020-11-05 19:00:00+00:00,20,0,2.0,"[10, 10]"
2020-11-05 19:05:00+00:00,7600,0,12.0,"[640, 1030, 1030, 1030, 1030, 1030, 1510, 60, 60, 60, 60, 60]"
2020-11-05 19:10:00+00:00,970,0,7.0,"[280, 280, 0, 0, 350, 60, 0]"
2020-11-05 19:15:00+00:00,10040,0,9.0,"[10, 160, 160, 160, 160, 160, 8990, 120, 120]"
2020-11-05 19:20:00+00:00,110,0,2.0,"[10, 100]"
2020-11-05 19:25:00+00:00,9660,0,12.0,"[40, 40, 40, 40, 40, 0, 0, 0, 0, 0, 10, 9450]"
2020-11-05 19:30:00+00:00,250,0,5.0,"[50, 50, 50, 50, 50]"
2020-11-05 19:35:00+00:00,0,0,5.0,"[0, 0, 0, 0, 0]"
2020-11-05 19:40:00+00:00,23670,0,13.0,"[0, 0, 1020, 390, 390, 390, 390, 390, 4140, 4140, 4140, 4140, 4140]"
2020-11-05 19:45:00+00:00,45560,0,21.0,"[5040, 5040, 5040, 5040, 5040, 70, 70, 70, 70, 70, 3900, 3900, 3900, 3900, 3900, 60, 90, 90, 90, 90, 90]"
2020-11-05 19:50:00+00:00,0,0,0.0,[]
2020-11-05 19:55:00+00:00,45400,0,10.0,"[9040, 9040, 9040, 9040, 9040, 40, 40, 40, 40, 40]"
2020-11-05 20:00:00+00:00,18390,0,1.0,[18390]
2020-11-05 20:05:00+00:00,33810,0,14.0,"[30400, 930, 40, 40, 40, 40, 40, 30, 30, 30, 30, 30, 120, 2010]"
2020-11-05 20:10:00+00:00,8050,0,5.0,"[1610, 1610, 1610, 1610, 1610]"
2020-11-05 20:15:00+00:00,0,0,0.0,[]
2020-11-05 20:20:00+00:00,12460,0,3.0,"[1780, 730, 9950]"
2020-11-05 20:25:00+00:00,100,0,10.0,"[10, 10, 10, 10, 10, 10, 10, 10, 10, 10]"
2020-11-05 20:30:00+00:00,10400,0,10.0,"[2070, 2070, 2070, 2070, 2070, 10, 10, 10, 10, 10]"
2020-11-05 20:35:00+00:00,80,0,7.0,"[0, 10, 10, 10, 10, 10, 30]"
2020-11-05 20:40:00+00:00,2260,0,3.0,"[1420, 420, 420]"
2020-11-05 20:45:00+00:00,5810,0,12.0,"[4230, 10, 10, 10, 10, 10, 0, 0, 0, 0, 0, 1530]"
2020-11-05 20:50:00+00:00,0,0,0.0,[]
2020-11-05 20:55:00+00:00,150,0,10.0,"[30, 30, 30, 30, 30, 0, 0, 0, 0, 0]"
2020-11-05 21:00:00+00:00,300,0,5.0,"[60, 60, 60, 60, 60]"
2020-11-05 21:05:00+00:00,4000,0,3.0,"[3150, 790, 60]"
2020-11-05 21:10:00+00:00,0,0,1.0,[0]
2020-11-05 21:15:00+00:00,30030,0,15.0,"[0, 0, 0, 30, 30, 30, 30, 30, 0, 4980, 4980, 4980, 4980, 4980, 4980]"
2020-11-05 21:20:00+00:00,9300,0,5.0,"[3300, 1500, 1500, 1500, 1500]"
2020-11-05 21:25:00+00:00,3320,0,1.0,[3320]
2020-11-05 21:30:00+00:00,32040,0,8.0,"[7770, 7770, 7770, 7770, 240, 240, 240, 240]"
2020-11-05 21:35:00+00:00,25680,0,8.0,"[60, 120, 640, 640, 640, 640, 640, 22300]"
2020-11-05 21:40:00+00:00,12790,0,8.0,"[2300, 1490, 1490, 1490, 1490, 1490, 1520, 1520]"
2020-11-05 21:45:00+00:00,2370,0,7.0,"[80, 80, 80, 80, 80, 1960, 10]"
2020-11-05 21:50:00+00:00,1660,0,2.0,"[20, 1640]"
2020-11-05 21:55:00+00:00,19290,0,16.0,"[5420, 640, 1440, 1440, 1440, 1440, 1440, 1360, 1360, 1360, 1360, 30, 140, 140, 140, 140]"
2020-11-05 22:00:00+00:00,4960,0,13.0,"[410, 410, 410, 410, 0, 0, 0, 0, 0, 830, 830, 830, 830]"
2020-11-05 22:05:00+00:00,1460,0,3.0,"[1340, 60, 60]"
2020-11-05 22:10:00+00:00,370,0,3.0,"[90, 140, 140]"
2020-11-05 22:15:00+00:00,93590,0,11.0,"[140, 140, 140, 15470, 15470, 15470, 15470, 15470, 15460, 180, 180]"
2020-11-05 22:20:00+00:00,900,0,6.0,"[150, 150, 150, 150, 150, 150]"
2020-11-05 22:25:00+00:00,1820,0,7.0,"[980, 140, 140, 140, 140, 140, 140]"
2020-11-05 22:30:00+00:00,1580,0,7.0,"[140, 140, 260, 260, 260, 260, 260]"
2020-11-05 22:35:00+00:00,52950,0,10.0,"[10550, 10550, 10550, 10550, 10550, 40, 40, 40, 40, 40]"
2020-11-05 22:40:00+00:00,2800,0,7.0,"[0, 0, 560, 560, 560, 560, 560]"
2020-11-05 22:45:00+00:00,192070,0,6.0,"[2670, 37880, 37880, 37880, 37880, 37880]"
2020-11-05 22:50:00+00:00,22710,0,9.0,"[0, 20, 20, 20, 20, 20, 0, 22090, 520]"
2020-11-05 22:55:00+00:00,520,0,1.0,[520]
2020-11-05 23:00:00+00:00,3040,0,9.0,"[560, 560, 560, 560, 160, 160, 160, 160, 160]"
2020-11-05 23:05:00+00:00,0,0,5.0,"[0, 0, 0, 0, 0]"
2020-11-05 23:10:00+00:00,29250,0,5.0,"[5850, 5850, 5850, 5850, 5850]"
2020-11-05 23:15:00+00:00,1720,0,7.0,"[410, 260, 260, 260, 260, 260, 10]"
2020-11-05 23:20:00+00:00,210,0,7.0,"[160, 10, 10, 10, 10, 10, 0]"
2020-11-05 23:25:00+00:00,35760,0,2.0,"[80, 35680]"
2020-11-05 23:30:00+00:00,0,0,0.0,[]
2020-11-05 23:35:00+00:00,7140,0,6.0,"[1380, 1380, 1380, 1380, 1380, 240]"
2020-11-05 23:40:00+00:00,2920,0,15.0,"[10, 80, 80, 80, 80, 80, 190, 190, 190, 190, 350, 350, 350, 350, 350]"
2020-11-05 23:45:00+00:00,15850,0,9.0,"[50, 50, 50, 50, 3130, 3130, 3130, 3130, 3130]"
2020-11-05 23:50:00+00:00,14700,0,10.0,"[10, 10, 10, 10, 10, 2930, 2930, 2930, 2930, 2930]"
2020-11-05 23:55:00+00:00,2120,0,9.0,"[430, 430, 430, 430, 80, 80, 80, 80, 80]"
2020-11-06 00:00:00+00:00,0,0,0.0,[]
2020-11-06 00:05:00+00:00,0,0,0.0,[]
2020-11-06 00:10:00+00:00,140,0,1.0,[140]
2020-11-06 00:15:00+00:00,11980,0,1.0,[11980]
2020-11-06 00:20:00+00:00,2880,0,2.0,"[2730, 150]"
2020-11-06 00:25:00+00:00,2970,0,1.0,[2970]
2020-11-06 00:30:00+00:00,6720,0,3.0,"[6440, 140, 140]"
2020-11-06 00:35:00+00:00,420,0,3.0,"[140, 140, 140]"
2020-11-06 00:40:00+00:00,0,0,0.0,[]
2020-11-06 00:45:00+00:00,140,0,3.0,"[0, 0, 140]"
2020-11-06 00:50:00+00:00,0,0,0.0,[]
2020-11-06 00:55:00+00:00,1540,0,2.0,"[690, 850]"
2020-11-06 01:00:00+00:00,18180,0,4.0,"[8510, 20, 8510, 1140]"
2020-11-06 01:05:00+00:00,0,0,0.0,[]
2020-11-06 01:10:00+00:00,330,0,2.0,"[40, 290]"
2020-11-06 01:15:00+00:00,280,0,2.0,"[10, 270]"
2020-11-06 01:20:00+00:00,4500,0,1.0,[4500]
2020-11-06 01:25:00+00:00,3640,0,2.0,"[1820, 1820]"
2020-11-06 01:30:00+00:00,160,0,2.0,"[150, 10]"
2020-11-06 01:35:00+00:00,0,0,0.0,[]
2020-11-06 01:40:00+00:00,4400,0,2.0,"[100, 4300]"
2020-11-06 01:45:00+00:00,3950,0,8.0,"[30, 180, 130, 20, 3360, 20, 10, 200]"
2020-11-06 01:50:00+00:00,0,0,1.0,[0]
2020-11-06 01:55:00+00:00,3100,0,1.0,[3100]
2020-11-06 02:00:00+00:00,830,0,1.0,[830]
2020-11-06 02:05:00+00:00,3520,0,2.0,"[1520, 2000]"
2020-11-06 02:10:00+00:00,7240,0,11.0,"[100, 10, 350, 160, 230, 2040, 100, 810, 0, 230, 3210]"
2020-11-06 02:15:00+00:00,24130,0,6.0,"[370, 100, 230, 330, 20180, 2920]"
2020-11-06 02:20:00+00:00,280,0,5.0,"[20, 60, 0, 10, 190]"
2020-11-06 02:25:00+00:00,8240,0,7.0,"[20, 6150, 40, 150, 330, 250, 1300]"
2020-11-06 02:30:00+00:00,9780,0,6.0,"[0, 10, 2960, 730, 2080, 4000]"
2020-11-06 02:35:00+00:00,1940,0,6.0,"[90, 20, 70, 240, 1520, 0]"
2020-11-06 02:40:00+00:00,10490,0,4.0,"[3360, 3420, 2680, 1030]"
2020-11-06 02:45:00+00:00,11400,0,1.0,[11400]
2020-11-06 02:50:00+00:00,7190,0,2.0,"[7190, 0]"
2020-11-06 02:55:00+00:00,8020,0,3.0,"[3560, 3080, 1380]"
2020-11-06 03:00:00+00:00,3070,0,3.0,"[1590, 1200, 280]"
2020-11-06 03:05:00+00:00,9880,0,4.0,"[60, 2840, 200, 6780]"
2020-11-06 03:10:00+00:00,5360,0,2.0,"[4420, 940]"
2020-11-06 03:15:00+00:00,510,0,2.0,"[10, 500]"
2020-11-06 03:20:00+00:00,1760,0,4.0,"[410, 530, 410, 410]"
2020-11-06 03:25:00+00:00,47960,0,5.0,"[220, 47260, 240, 110, 130]"
2020-11-06 03:30:00+00:00,31240,0,2.0,"[1370, 29870]"
2020-11-06 03:35:00+00:00,36740,0,1.0,[36740]
2020-11-06 03:40:00+00:00,1980,0,1.0,[1980]
2020-11-06 03:45:00+00:00,41650,0,4.0,"[39980, 1210, 10, 450]"
2020-11-06 03:50:00+00:00,2560,0,3.0,"[280, 1510, 770]"
2020-11-06 03:55:00+00:00,2940,0,1.0,[2940]
2020-11-06 04:00:00+00:00,20,0,2.0,"[10, 10]"
2020-11-06 04:05:00+00:00,4480,0,2.0,"[4270, 210]"
2020-11-06 04:10:00+00:00,20,0,2.0,"[0, 20]"
2020-11-06 04:15:00+00:00,0,0,0.0,[]
2020-11-06 04:20:00+00:00,3310,0,3.0,"[0, 2320, 990]"
2020-11-06 04:25:00+00:00,0,0,0.0,[]
2020-11-06 04:30:00+00:00,2030,0,1.0,[2030]
2020-11-06 04:35:00+00:00,0,0,0.0,[]
2020-11-06 04:40:00+00:00,36390,0,4.0,"[10, 3260, 110, 33010]"
2020-11-06 04:45:00+00:00,1460,0,1.0,[1460]
2020-11-06 04:50:00+00:00,0,0,0.0,[]
2020-11-06 04:55:00+00:00,2120,0,1.0,[2120]
2020-11-06 05:00:00+00:00,1870,0,2.0,"[1840, 30]"
2020-11-06 05:05:00+00:00,2270,0,3.0,"[2250, 10, 10]"
2020-11-06 05:10:00+00:00,4340,0,3.0,"[4110, 220, 10]"
2020-11-06 05:15:00+00:00,2840,0,3.0,"[1840, 0, 1000]"
2020-11-06 05:20:00+00:00,1160,0,3.0,"[0, 360, 800]"
2020-11-06 05:25:00+00:00,0,0,0.0,[]
2020-11-06 05:30:00+00:00,0,0,0.0,[]
2020-11-06 05:35:00+00:00,20,0,2.0,"[0, 20]"
2020-11-06 05:40:00+00:00,50,0,3.0,"[20, 30, 0]"
2020-11-06 05:45:00+00:00,1350,0,3.0,"[480, 790, 80]"
2020-11-06 05:50:00+00:00,1080,0,4.0,"[20, 80, 760, 220]"
2020-11-06 05:55:00+00:00,17790,0,3.0,"[220, 1520, 16050]"
2020-11-06 06:00:00+00:00,1720,0,4.0,"[1210, 0, 0, 510]"
2020-11-06 06:05:00+00:00,680,0,2.0,"[60, 620]"
2020-11-06 06:10:00+00:00,17290,0,3.0,"[620, 16050, 620]"
2020-11-06 06:15:00+00:00,2410,0,3.0,"[1790, 0, 620]"
2020-11-06 06:20:00+00:00,200,0,1.0,[200]
2020-11-06 06:25:00+00:00,900,0,1.0,[900]
2020-11-06 06:30:00+00:00,0,0,0.0,[]
2020-11-06 06:35:00+00:00,2980,0,3.0,"[2860, 120, 0]"
2020-11-06 06:40:00+00:00,0,0,0.0,[]
2020-11-06 06:45:00+00:00,30,0,1.0,[30]
2020-11-06 06:50:00+00:00,0,0,0.0,[]
2020-11-06 06:55:00+00:00,9040,0,5.0,"[6800, 110, 110, 1060, 960]"
2020-11-06 07:00:00+00:00,13510,0,4.0,"[490, 490, 8240, 4290]"
2020-11-06 07:05:00+00:00,4190,0,5.0,"[140, 90, 90, 3220, 650]"
2020-11-06 07:10:00+00:00,0,0,1.0,[0]
2020-11-06 07:15:00+00:00,0,0,1.0,[0]
2020-11-06 07:20:00+00:00,0,0,0.0,[]
2020-11-06 07:25:00+00:00,0,0,0.0,[]
2020-11-06 07:30:00+00:00,0,0,1.0,[0]
2020-11-06 07:35:00+00:00,0,0,0.0,[]
2020-11-06 07:40:00+00:00,0,0,0.0,[]
2020-11-06 07:45:00+00:00,0,0,0.0,[]
2020-11-06 07:50:00+00:00,2410,0,1.0,[2410]
2020-11-06 07:55:00+00:00,440,0,2.0,"[220, 220]"
2020-11-06 08:00:00+00:00,860,0,2.0,"[0, 860]"
2020-11-06 08:05:00+00:00,220,0,2.0,"[220, 0]"
2020-11-06 08:10:00+00:00,1480,0,4.0,"[0, 270, 220, 990]"
2020-11-06 08:15:00+00:00,16470,0,2.0,"[220, 16250]"
2020-11-06 08:20:00+00:00,2340,0,6.0,"[220, 160, 220, 160, 1360, 220]"
2020-11-06 08:25:00+00:00,630,0,3.0,"[610, 0, 20]"
2020-11-06 08:30:00+00:00,160,0,1.0,[160]
2020-11-06 08:35:00+00:00,0,0,0.0,[]
2020-11-06 08:40:00+00:00,120,0,2.0,"[110, 10]"
2020-11-06 08:45:00+00:00,10,0,1.0,[10]
2020-11-06 08:50:00+00:00,260,0,3.0,"[110, 110, 40]"
2020-11-06 08:55:00+00:00,2270,0,2.0,"[1860, 410]"
2020-11-06 09:00:00+00:00,37240,0,1.0,[37240]
2020-11-06 09:05:00+00:00,39980,0,1.0,[39980]
2020-11-06 09:10:00+00:00,24380,0,1.0,[24380]
2020-11-06 09:15:00+00:00,13960,0,2.0,"[11940, 2020]"
2020-11-06 09:20:00+00:00,5420,0,2.0,"[3620, 1800]"
2020-11-06 09:25:00+00:00,4090,0,5.0,"[0, 890, 620, 1280, 1300]"
2020-11-06 09:30:00+00:00,230,0,2.0,"[0, 230]"
2020-11-06 09:35:00+00:00,1190,0,2.0,"[890, 300]"
2020-11-06 09:40:00+00:00,0,0,0.0,[]
2020-11-06 09:45:00+00:00,0,0,0.0,[]
2020-11-06 09:50:00+00:00,0,0,0.0,[]
2020-11-06 09:55:00+00:00,590,0,1.0,[590]
2020-11-06 10:00:00+00:00,39050,0,1.0,[39050]
2020-11-06 10:05:00+00:00,0,0,0.0,[]
2020-11-06 10:10:00+00:00,3660,0,2.0,"[3650, 10]"
2020-11-06 10:15:00+00:00,0,0,0.0,[]
2020-11-06 10:20:00+00:00,6710,0,4.0,"[110, 1490, 3810, 1300]"
2020-11-06 10:25:00+00:00,0,0,0.0,[]
2020-11-06 10:30:00+00:00,20850,0,5.0,"[2560, 7120, 7120, 3860, 190]"
2020-11-06 10:35:00+00:00,0,0,0.0,[]
2020-11-06 10:40:00+00:00,140,0,1.0,[140]
2020-11-06 10:45:00+00:00,20,0,1.0,[20]
2020-11-06 10:50:00+00:00,21640,0,5.0,"[8390, 1300, 540, 540, 10870]"
2020-11-06 10:55:00+00:00,60,0,1.0,[60]
2020-11-06 11:00:00+00:00,9010,0,3.0,"[4500, 4500, 10]"
2020-11-06 11:05:00+00:00,0,0,0.0,[]
2020-11-06 11:10:00+00:00,0,0,0.0,[]
2020-11-06 11:15:00+00:00,39730,0,2.0,"[39600, 130]"
2020-11-06 11:20:00+00:00,22000,0,4.0,"[50, 17200, 4750, 0]"
2020-11-06 11:25:00+00:00,70,0,1.0,[70]
2020-11-06 11:30:00+00:00,27140,0,2.0,"[300, 26840]"
2020-11-06 11:35:00+00:00,0,0,0.0,[]
2020-11-06 11:40:00+00:00,8060,0,3.0,"[20, 1330, 6710]"
2020-11-06 11:45:00+00:00,80,0,1.0,[80]
2020-11-06 11:50:00+00:00,63740,0,1.0,[63740]
2020-11-06 11:55:00+00:00,0,0,0.0,[]
2020-11-06 12:00:00+00:00,0,0,0.0,[]
2020-11-06 12:05:00+00:00,820,0,1.0,[820]
2020-11-06 12:10:00+00:00,4280,0,1.0,[4280]
2020-11-06 12:15:00+00:00,2430,0,2.0,"[1640, 790]"
2020-11-06 12:20:00+00:00,90,0,2.0,"[10, 80]"
2020-11-06 12:25:00+00:00,10,0,1.0,[10]
2020-11-06 12:30:00+00:00,710,0,2.0,"[690, 20]"
2020-11-06 12:35:00+00:00,0,0,0.0,[]
2020-11-06 12:40:00+00:00,0,0,0.0,[]
2020-11-06 12:45:00+00:00,40,0,1.0,[40]
2020-11-06 12:50:00+00:00,0,0,0.0,[]
2020-11-06 12:55:00+00:00,350,0,1.0,[350]
2020-11-06 13:00:00+00:00,42130,0,2.0,"[41880, 250]"
2020-11-06 13:05:00+00:00,0,0,0.0,[]
2020-11-06 13:10:00+00:00,2610,0,1.0,[2610]
2020-11-06 13:15:00+00:00,3760,0,2.0,"[3750, 10]"
2020-11-06 13:20:00+00:00,0,0,0.0,[]
2020-11-06 13:25:00+00:00,120,0,1.0,[120]
2020-11-06 13:30:00+00:00,2790,0,2.0,"[10, 2780]"
2020-11-06 13:35:00+00:00,5030,0,1.0,[5030]
2020-11-06 13:40:00+00:00,0,0,0.0,[]
2020-11-06 13:45:00+00:00,0,0,0.0,[]
2020-11-06 13:50:00+00:00,2150,0,1.0,[2150]
2020-11-06 13:55:00+00:00,2380,0,1.0,[2380]
2020-11-06 14:00:00+00:00,740,0,1.0,[740]
2020-11-06 14:05:00+00:00,0,0,0.0,[]
2020-11-06 14:10:00+00:00,0,0,0.0,[]
2020-11-06 14:15:00+00:00,0,0,0.0,[]
2020-11-06 14:20:00+00:00,3900,0,2.0,"[3120, 780]"
2020-11-06 14:25:00+00:00,0,0,0.0,[]
2020-11-06 14:30:00+00:00,0,0,0.0,[]
2020-11-06 14:35:00+00:00,180,0,1.0,[180]
2020-11-06 14:40:00+00:00,0,0,0.0,[]
2020-11-06 14:45:00+00:00,0,0,0.0,[]
2020-11-06 14:50:00+00:00,43220,0,4.0,"[37550, 4380, 620, 670]"
2020-11-06 14:55:00+00:00,177710,0,6.0,"[28880, 7200, 160, 78830, 61220, 1420]"
2020-11-06 15:00:00+00:00,514710,0,11.0,"[102620, 49720, 61860, 37730, 74340, 920, 830, 220, 10120, 220, 176130]"
2020-11-06 15:05:00+00:00,88270,0,11.0,"[530, 90, 63740, 6690, 1980, 500, 480, 3800, 1010, 9380, 70]"
2020-11-06 15:10:00+00:00,2990,0,4.0,"[30, 1100, 1810, 50]"
2020-11-06 15:15:00+00:00,51820,0,3.0,"[1380, 46210, 4230]"
2020-11-06 15:20:00+00:00,1670,0,3.0,"[200, 200, 1270]"
2020-11-06 15:25:00+00:00,25990,0,2.0,"[23130, 2860]"
2020-11-06 15:30:00+00:00,128920,0,3.0,"[20370, 9990, 98560]"
2020-11-06 15:35:00+00:00,12480,0,1.0,[12480]
2020-11-06 15:40:00+00:00,1770,0,2.0,"[960, 810]"
2020-11-06 15:45:00+00:00,2790,0,2.0,"[1410, 1380]"
2020-11-06 15:50:00+00:00,190,0,1.0,[190]
2020-11-06 15:55:00+00:00,2080,0,3.0,"[460, 80, 1540]"
2020-11-06 16:00:00+00:00,99580,0,5.0,"[94640, 80, 4050, 720, 90]"
2020-11-06 16:05:00+00:00,5660,0,6.0,"[80, 80, 800, 2060, 980, 1660]"
2020-11-06 16:10:00+00:00,3130,0,2.0,"[180, 2950]"
2020-11-06 16:15:00+00:00,0,0,0.0,[]
2020-11-06 16:20:00+00:00,66390,0,4.0,"[2500, 60220, 3000, 670]"
2020-11-06 16:25:00+00:00,0,0,0.0,[]
2020-11-06 16:30:00+00:00,76140,0,3.0,"[13680, 45230, 17230]"
2020-11-06 16:35:00+00:00,0,0,0.0,[]
2020-11-06 16:40:00+00:00,4770,0,3.0,"[940, 460, 3370]"
2020-11-06 16:45:00+00:00,9040,0,2.0,"[4520, 4520]"
2020-11-06 16:50:00+00:00,111220,0,3.0,"[101450, 9480, 290]"
2020-11-06 16:55:00+00:00,90,0,1.0,[90]
2020-11-06 17:00:00+00:00,930,0,5.0,"[520, 140, 10, 10, 250]"
2020-11-06 17:05:00+00:00,2000,0,3.0,"[0, 1000, 1000]"
2020-11-06 17:10:00+00:00,20,0,1.0,[20]
2020-11-06 17:15:00+00:00,60800,0,3.0,"[1340, 59120, 340]"
2020-11-06 17:20:00+00:00,30,0,1.0,[30]
2020-11-06 17:25:00+00:00,2770,0,2.0,"[1450, 1320]"
2020-11-06 17:30:00+00:00,660,0,2.0,"[230, 430]"
2020-11-06 17:35:00+00:00,0,0,0.0,[]
2020-11-06 17:40:00+00:00,56960,0,1.0,[56960]
2020-11-06 17:45:00+00:00,28330,0,4.0,"[1200, 26060, 450, 620]"
2020-11-06 17:50:00+00:00,700,0,1.0,[700]
2020-11-06 17:55:00+00:00,1630,0,2.0,"[300, 1330]"
2020-11-06 18:00:00+00:00,12170,0,5.0,"[750, 3420, 1770, 4100, 2130]"
2020-11-06 18:05:00+00:00,40580,0,1.0,[40580]
2020-11-06 18:10:00+00:00,10,0,1.0,[10]
2020-11-06 18:15:00+00:00,17160,0,4.0,"[1340, 15750, 70, 0]"
2020-11-06 18:20:00+00:00,0,0,0.0,[]
2020-11-06 18:25:00+00:00,4250,0,2.0,"[4210, 40]"
2020-11-06 18:30:00+00:00,230,0,1.0,[230]
2020-11-06 18:35:00+00:00,0,0,0.0,[]
2020-11-06 18:40:00+00:00,15400,0,1.0,[15400]
2020-11-06 18:45:00+00:00,6700,0,4.0,"[20, 550, 1270, 4860]"
2020-11-06 18:50:00+00:00,2260,0,3.0,"[130, 1740, 390]"
2020-11-06 18:55:00+00:00,940,0,1.0,[940]
2020-11-06 19:00:00+00:00,7120,0,1.0,[7120]
2020-11-06 19:05:00+00:00,2430,0,2.0,"[1600, 830]"
2020-11-06 19:10:00+00:00,0,0,0.0,[]
2020-11-06 19:15:00+00:00,0,0,0.0,[]
2020-11-06 19:20:00+00:00,4150,0,1.0,[4150]
2020-11-06 19:25:00+00:00,4100,0,1.0,[4100]
2020-11-06 19:30:00+00:00,620,0,1.0,[620]
2020-11-06 19:35:00+00:00,2470,0,1.0,[2470]
2020-11-06 19:40:00+00:00,49830,0,3.0,"[340, 45700, 3790]"
2020-11-06 19:45:00+00:00,3390,0,2.0,"[2950, 440]"
2020-11-06 19:50:00+00:00,66080,0,1.0,[66080]
2020-11-06 19:55:00+00:00,11440,0,3.0,"[6840, 850, 3750]"
2020-11-06 20:00:00+00:00,3430,0,2.0,"[810, 2620]"
2020-11-06 20:05:00+00:00,0,0,0.0,[]
2020-11-06 20:10:00+00:00,1680,0,2.0,"[1240, 440]"
2020-11-06 20:15:00+00:00,0,0,0.0,[]
2020-11-06 20:20:00+00:00,150,0,2.0,"[120, 30]"
2020-11-06 20:25:00+00:00,1260,0,2.0,"[1190, 70]"
2020-11-06 20:30:00+00:00,1030,0,5.0,"[130, 310, 310, 160, 120]"
2020-11-06 20:35:00+00:00,500,0,2.0,"[230, 270]"
2020-11-06 20:40:00+00:00,770,0,3.0,"[200, 170, 400]"
2020-11-06 20:45:00+00:00,8680,0,1.0,[8680]
2020-11-06 20:50:00+00:00,2780,0,2.0,"[2360, 420]"
2020-11-06 20:55:00+00:00,3900,0,2.0,"[50, 3850]"
2020-11-06 21:00:00+00:00,6580,0,2.0,"[770, 5810]"
2020-11-06 21:05:00+00:00,52860,0,3.0,"[52560, 40, 260]"
2020-11-06 21:10:00+00:00,0,0,0.0,[]
2020-11-06 21:15:00+00:00,94270,0,5.0,"[340, 31520, 10, 100, 62300]"
2020-11-06 21:20:00+00:00,22280,0,4.0,"[1150, 1720, 17240, 2170]"
2020-11-06 21:25:00+00:00,17100,0,2.0,"[11960, 5140]"
2020-11-06 21:30:00+00:00,1046110,0,4.0,"[1041110, 40, 440, 4520]"
2020-11-06 21:35:00+00:00,910,0,2.0,"[870, 40]"
2020-11-06 21:40:00+00:00,1390,0,2.0,"[840, 550]"
2020-11-06 21:45:00+00:00,3390,0,3.0,"[1620, 1500, 270]"
2020-11-06 21:50:00+00:00,84150,0,5.0,"[30, 73940, 9780, 100, 300]"
2020-11-06 21:55:00+00:00,77180,0,4.0,"[1940, 170, 74910, 160]"
2020-11-06 22:00:00+00:00,8200,0,4.0,"[4540, 270, 280, 3110]"
2020-11-06 22:05:00+00:00,5930,0,2.0,"[770, 5160]"
2020-11-06 22:10:00+00:00,61180,0,2.0,"[24330, 36850]"
2020-11-06 22:15:00+00:00,670,0,1.0,[670]
2020-11-06 22:20:00+00:00,170,0,1.0,[170]
2020-11-06 22:25:00+00:00,17670,0,9.0,"[260, 260, 260, 460, 0, 4810, 110, 330, 11180]"
2020-11-06 22:30:00+00:00,330,0,1.0,[330]
2020-11-06 22:35:00+00:00,0,0,0.0,[]
2020-11-06 22:40:00+00:00,59810,0,4.0,"[580, 59060, 0, 170]"
2020-11-06 22:45:00+00:00,2690,0,4.0,"[100, 1890, 280, 420]"
2020-11-06 22:50:00+00:00,190,0,1.0,[190]
2020-11-06 22:55:00+00:00,20610,0,1.0,[20610]
2020-11-06 23:00:00+00:00,0,0,0.0,[]
2020-11-06 23:05:00+00:00,38150,0,2.0,"[37720, 430]"
2020-11-06 23:10:00+00:00,0,0,0.0,[]
2020-11-06 23:15:00+00:00,22280,1,4.0,"[50, 920, 80]"
2020-11-06 23:20:00+00:00,0,0,0.0,[]
2020-11-06 23:25:00+00:00,28510,0,4.0,"[17540, 5860, 5020, 90]"
2020-11-06 23:30:00+00:00,2210,0,2.0,"[2140, 70]"
2020-11-06 23:35:00+00:00,219970,0,20.0,"[102300, 102300, 60, 280, 20, 1030, 210, 20, 570, 270, 30, 8820, 660, 1660, 280, 280, 180, 770, 190, 40]"
2020-11-06 23:40:00+00:00,7780,0,8.0,"[120, 5360, 20, 740, 230, 560, 190, 560]"
2020-11-06 23:45:00+00:00,3800,0,4.0,"[2630, 20, 20, 1130]"
2020-11-06 23:50:00+00:00,134380,0,6.0,"[130970, 650, 330, 150, 720, 1560]"
2020-11-06 23:55:00+00:00,26030,0,5.0,"[620, 500, 24580, 220, 110]"
2020-11-07 00:00:00+00:00,10500,0,6.0,"[440, 8760, 210, 80, 250, 760]"
2020-11-07 00:05:00+00:00,21630,0,6.0,"[2540, 1020, 1960, 80, 0, 16030]"
2020-11-07 00:10:00+00:00,73120,0,1.0,[73120]
2020-11-07 00:15:00+00:00,0,0,0.0,[]
2020-11-07 00:20:00+00:00,0,0,0.0,[]
2020-11-07 00:25:00+00:00,10960,0,4.0,"[130, 10, 80, 10740]"
2020-11-07 00:30:00+00:00,0,0,0.0,[]
2020-11-07 00:35:00+00:00,228310,0,3.0,"[228230, 50, 30]"
2020-11-07 00:40:00+00:00,3470,0,3.0,"[10, 220, 3240]"
2020-11-07 00:45:00+00:00,1180,0,1.0,[1180]
2020-11-07 00:50:00+00:00,2580,0,2.0,"[240, 2340]"
2020-11-07 00:55:00+00:00,0,0,0.0,[]
2020-11-07 01:00:00+00:00,0,0,0.0,[]
2020-11-07 01:05:00+00:00,46030,0,2.0,"[31850, 14180]"
2020-11-07 01:10:00+00:00,19810,1,1.0,[19810]
2020-11-07 01:15:00+00:00,0,0,0.0,[]
2020-11-07 01:20:00+00:00,111140,0,3.0,"[0, 110400, 740]"
2020-11-07 01:25:00+00:00,34260,0,5.0,"[16340, 10, 460, 2860, 14590]"
2020-11-07 01:30:00+00:00,37930,0,5.0,"[14590, 640, 14590, 8000, 110]"
2020-11-07 01:35:00+00:00,47540,0,3.0,"[46730, 30, 780]"
2020-11-07 01:40:00+00:00,1780,0,3.0,"[30, 600, 1150]"
2020-11-07 01:45:00+00:00,0,0,1.0,[0]
2020-11-07 01:50:00+00:00,400,0,1.0,[400]
2020-11-07 01:55:00+00:00,3830,0,3.0,"[3010, 640, 180]"
2020-11-07 02:00:00+00:00,1790,0,1.0,[1790]
2020-11-07 02:05:00+00:00,1550,0,2.0,"[410, 1140]"
2020-11-07 02:10:00+00:00,60,0,1.0,[60]
2020-11-07 02:15:00+00:00,70,0,1.0,[70]
2020-11-07 02:20:00+00:00,0,0,1.0,[0]
2020-11-07 02:25:00+00:00,0,0,1.0,[0]
2020-11-07 02:30:00+00:00,32290,0,2.0,"[28860, 3430]"
2020-11-07 02:35:00+00:00,62610,0,2.0,"[17660, 44950]"
2020-11-07 02:40:00+00:00,2450,0,1.0,[2450]
2020-11-07 02:45:00+00:00,1210,0,1.0,[1210]
2020-11-07 02:50:00+00:00,2200,0,4.0,"[1940, 260, 0, 0]"
2020-11-07 02:55:00+00:00,53180,0,1.0,[53180]
2020-11-07 03:00:00+00:00,13380,0,2.0,"[3970, 9410]"
2020-11-07 03:05:00+00:00,2100,0,1.0,[2100]
2020-11-07 03:10:00+00:00,0,0,0.0,[]
2020-11-07 03:15:00+00:00,10,0,1.0,[10]
2020-11-07 03:20:00+00:00,0,0,1.0,[0]
2020-11-07 03:25:00+00:00,140030,0,6.0,"[121920, 6280, 6280, 240, 1670, 3640]"
2020-11-07 03:30:00+00:00,11560,0,3.0,"[220, 10620, 720]"
2020-11-07 03:35:00+00:00,13060,0,4.0,"[0, 8580, 830, 3650]"
2020-11-07 03:40:00+00:00,0,0,0.0,[]
2020-11-07 03:45:00+00:00,37300,0,1.0,[37300]
2020-11-07 03:50:00+00:00,34910,0,6.0,"[3510, 220, 830, 29460, 250, 640]"
2020-11-07 03:55:00+00:00,0,0,0.0,[]
2020-11-07 04:00:00+00:00,3520,0,2.0,"[1760, 1760]"
2020-11-07 04:05:00+00:00,1240,0,1.0,[1240]
2020-11-07 04:10:00+00:00,2570,0,1.0,[2570]
2020-11-07 04:15:00+00:00,57180,0,5.0,"[180, 14170, 35020, 6000, 1810]"
2020-11-07 04:20:00+00:00,360,0,1.0,[360]
2020-11-07 04:25:00+00:00,0,0,0.0,[]
2020-11-07 04:30:00+00:00,0,0,0.0,[]
2020-11-07 04:35:00+00:00,0,0,0.0,[]
2020-11-07 04:40:00+00:00,21360,0,4.0,"[150, 18960, 490, 1760]"
2020-11-07 04:45:00+00:00,29120,0,1.0,[29120]
2020-11-07 04:50:00+00:00,2930,0,2.0,"[660, 2270]"
2020-11-07 04:55:00+00:00,0,0,1.0,[0]
2020-11-07 05:00:00+00:00,17640,0,2.0,"[17610, 30]"
2020-11-07 05:05:00+00:00,0,0,0.0,[]
2020-11-07 05:10:00+00:00,0,0,0.0,[]
2020-11-07 05:15:00+00:00,0,0,0.0,[]
2020-11-07 05:20:00+00:00,38470,0,4.0,"[36130, 1530, 590, 220]"
2020-11-07 05:25:00+00:00,1640,0,2.0,"[500, 1140]"
2020-11-07 05:30:00+00:00,0,0,0.0,[]
2020-11-07 05:35:00+00:00,2020,0,2.0,"[810, 1210]"
2020-11-07 05:40:00+00:00,320,0,1.0,[320]
2020-11-07 05:45:00+00:00,660,0,1.0,[660]
2020-11-07 05:50:00+00:00,2300,0,1.0,[2300]
2020-11-07 05:55:00+00:00,4150,0,3.0,"[50, 140, 3960]"
2020-11-07 06:00:00+00:00,7610,0,2.0,"[1970, 5640]"
2020-11-07 06:05:00+00:00,1160,0,1.0,[1160]
2020-11-07 06:10:00+00:00,0,0,0.0,[]
2020-11-07 06:15:00+00:00,0,0,0.0,[]
2020-11-07 06:20:00+00:00,0,0,0.0,[]
2020-11-07 06:25:00+00:00,0,0,0.0,[]
2020-11-07 06:30:00+00:00,50,0,1.0,[50]
2020-11-07 06:35:00+00:00,2590,0,1.0,[2590]
2020-11-07 06:40:00+00:00,460,0,1.0,[460]
2020-11-07 06:45:00+00:00,320,0,2.0,"[160, 160]"
2020-11-07 06:50:00+00:00,3020,0,2.0,"[40, 2980]"
2020-11-07 06:55:00+00:00,2310,0,4.0,"[690, 1180, 20, 420]"
2020-11-07 07:00:00+00:00,0,0,0.0,[]
2020-11-07 07:05:00+00:00,0,0,0.0,[]
2020-11-07 07:10:00+00:00,2170,0,1.0,[2170]
2020-11-07 07:15:00+00:00,30,0,2.0,"[30, 0]"
2020-11-07 07:20:00+00:00,0,0,0.0,[]
2020-11-07 07:25:00+00:00,3020,0,1.0,[3020]
2020-11-07 07:30:00+00:00,250,0,2.0,"[210, 40]"
2020-11-07 07:35:00+00:00,790,0,2.0,"[390, 400]"
2020-11-07 07:40:00+00:00,13890,0,4.0,"[60, 6710, 6710, 410]"
2020-11-07 07:45:00+00:00,0,0,0.0,[]
2020-11-07 07:50:00+00:00,210,0,1.0,[210]
2020-11-07 07:55:00+00:00,110,0,2.0,"[20, 90]"
2020-11-07 08:00:00+00:00,0,0,0.0,[]
2020-11-07 08:05:00+00:00,0,0,0.0,[]
2020-11-07 08:10:00+00:00,3130,0,3.0,"[1320, 1770, 40]"
2020-11-07 08:15:00+00:00,6170,0,3.0,"[1490, 2340, 2340]"
2020-11-07 08:20:00+00:00,1960,0,2.0,"[80, 1880]"
2020-11-07 08:25:00+00:00,0,0,0.0,[]
2020-11-07 08:30:00+00:00,0,0,0.0,[]
2020-11-07 08:35:00+00:00,2740,0,5.0,"[20, 1440, 100, 100, 1080]"
2020-11-07 08:40:00+00:00,260,0,1.0,[260]
2020-11-07 08:45:00+00:00,0,0,0.0,[]
2020-11-07 08:50:00+00:00,0,0,0.0,[]
2020-11-07 08:55:00+00:00,20,0,1.0,[20]
2020-11-07 09:00:00+00:00,0,0,0.0,[]
2020-11-07 09:05:00+00:00,0,0,0.0,[]
2020-11-07 09:10:00+00:00,820,0,1.0,[820]
2020-11-07 09:15:00+00:00,0,0,0.0,[]
2020-11-07 09:20:00+00:00,0,0,0.0,[]
2020-11-07 09:25:00+00:00,0,0,0.0,[]
2020-11-07 09:30:00+00:00,0,0,0.0,[]
2020-11-07 09:35:00+00:00,240,0,1.0,[240]
2020-11-07 09:40:00+00:00,2420,0,1.0,[2420]
2020-11-07 09:45:00+00:00,240,0,1.0,[240]
2020-11-07 09:50:00+00:00,0,0,0.0,[]
2020-11-07 09:55:00+00:00,0,0,0.0,[]
2020-11-07 10:00:00+00:00,0,0,0.0,[]
2020-11-07 10:05:00+00:00,0,0,0.0,[]
2020-11-07 10:10:00+00:00,10,0,1.0,[10]
2020-11-07 10:15:00+00:00,28210,0,1.0,[28210]
2020-11-07 10:20:00+00:00,0,0,0.0,[]
2020-11-07 10:25:00+00:00,0,0,0.0,[]
2020-11-07 10:30:00+00:00,0,0,0.0,[]
2020-11-07 10:35:00+00:00,2400,0,2.0,"[1200, 1200]"
2020-11-07 10:40:00+00:00,1850,0,2.0,"[1760, 90]"
2020-11-07 10:45:00+00:00,10,0,1.0,[10]
2020-11-07 10:50:00+00:00,0,0,0.0,[]
2020-11-07 10:55:00+00:00,0,0,0.0,[]
2020-11-07 11:00:00+00:00,90,0,1.0,[90]
2020-11-07 11:05:00+00:00,710,0,1.0,[710]
2020-11-07 11:10:00+00:00,150,0,3.0,"[40, 40, 70]"
2020-11-07 11:15:00+00:00,110,0,1.0,[110]
2020-11-07 11:20:00+00:00,560,0,3.0,"[510, 0, 50]"
2020-11-07 11:25:00+00:00,60,0,1.0,[60]
2020-11-07 11:30:00+00:00,0,0,0.0,[]
2020-11-07 11:35:00+00:00,0,0,0.0,[]
2020-11-07 11:40:00+00:00,0,0,0.0,[]
2020-11-07 11:45:00+00:00,980,0,2.0,"[130, 850]"
2020-11-07 11:50:00+00:00,0,0,0.0,[]
2020-11-07 11:55:00+00:00,0,0,0.0,[]
2020-11-07 12:00:00+00:00,0,0,0.0,[]
2020-11-07 12:05:00+00:00,620,0,1.0,[620]
2020-11-07 12:10:00+00:00,0,0,0.0,[]
2020-11-07 12:15:00+00:00,140,0,2.0,"[70, 70]"
2020-11-07 12:20:00+00:00,3620,0,2.0,"[1140, 2480]"
2020-11-07 12:25:00+00:00,3550,0,1.0,[3550]
2020-11-07 12:30:00+00:00,360,0,1.0,[360]
2020-11-07 12:35:00+00:00,0,0,1.0,[0]
2020-11-07 12:40:00+00:00,0,0,0.0,[]
2020-11-07 12:45:00+00:00,0,0,0.0,[]
2020-11-07 12:50:00+00:00,0,0,0.0,[]
2020-11-07 12:55:00+00:00,0,0,0.0,[]
2020-11-07 13:00:00+00:00,0,0,0.0,[]
2020-11-07 13:05:00+00:00,0,0,0.0,[]
2020-11-07 13:10:00+00:00,50,0,1.0,[50]
2020-11-07 13:15:00+00:00,0,0,0.0,[]
2020-11-07 13:20:00+00:00,1520,0,3.0,"[410, 700, 410]"
2020-11-07 13:25:00+00:00,23650,0,2.0,"[410, 23240]"
2020-11-07 13:30:00+00:00,0,0,0.0,[]
2020-11-07 13:35:00+00:00,0,0,0.0,[]
2020-11-07 13:40:00+00:00,0,0,0.0,[]
2020-11-07 13:45:00+00:00,0,0,0.0,[]
2020-11-07 13:50:00+00:00,0,0,0.0,[]
2020-11-07 13:55:00+00:00,2840,0,1.0,[2840]
2020-11-07 14:00:00+00:00,0,0,0.0,[]
2020-11-07 14:05:00+00:00,4980,0,2.0,"[3000, 1980]"
2020-11-07 14:10:00+00:00,410,0,1.0,[410]
2020-11-07 14:15:00+00:00,0,0,0.0,[]
2020-11-07 14:20:00+00:00,0,0,1.0,[0]
2020-11-07 14:25:00+00:00,0,0,0.0,[]
2020-11-07 14:30:00+00:00,16990,0,2.0,"[2990, 14000]"
2020-11-07 14:35:00+00:00,70,0,2.0,"[20, 50]"
2020-11-07 14:40:00+00:00,800,0,4.0,"[10, 0, 790, 0]"
2020-11-07 14:45:00+00:00,0,0,0.0,[]
2020-11-07 14:50:00+00:00,0,0,0.0,[]
2020-11-07 14:55:00+00:00,0,0,0.0,[]
2020-11-07 15:00:00+00:00,0,0,0.0,[]
2020-11-07 15:05:00+00:00,0,0,0.0,[]
2020-11-07 15:10:00+00:00,10,0,1.0,[10]
2020-11-07 15:15:00+00:00,3310,0,1.0,[3310]
2020-11-07 15:20:00+00:00,30,0,1.0,[30]
2020-11-07 15:25:00+00:00,2880,0,1.0,[2880]
2020-11-07 15:30:00+00:00,0,0,0.0,[]
2020-11-07 15:35:00+00:00,3430,0,3.0,"[2590, 840, 0]"
2020-11-07 15:40:00+00:00,2340,0,1.0,[2340]
2020-11-07 15:45:00+00:00,780,0,1.0,[780]
2020-11-07 15:50:00+00:00,7140,0,1.0,[7140]
2020-11-07 15:55:00+00:00,0,0,0.0,[]
2020-11-07 16:00:00+00:00,0,0,0.0,[]
2020-11-07 16:05:00+00:00,0,0,1.0,[0]
2020-11-07 16:10:00+00:00,420,0,1.0,[420]
2020-11-07 16:15:00+00:00,0,0,0.0,[]
2020-11-07 16:20:00+00:00,380,0,2.0,"[0, 380]"
2020-11-07 16:25:00+00:00,70,0,2.0,"[20, 50]"
2020-11-07 16:30:00+00:00,0,0,0.0,[]
2020-11-07 16:35:00+00:00,0,0,0.0,[]
2020-11-07 16:40:00+00:00,0,0,0.0,[]
2020-11-07 16:45:00+00:00,0,0,1.0,[0]
2020-11-07 16:50:00+00:00,0,0,0.0,[]
2020-11-07 16:55:00+00:00,0,0,0.0,[]
2020-11-07 17:00:00+00:00,0,0,0.0,[]
2020-11-07 17:05:00+00:00,0,0,0.0,[]
2020-11-07 17:10:00+00:00,0,0,0.0,[]
2020-11-07 17:15:00+00:00,20510,0,2.0,"[18700, 1810]"
2020-11-07 17:20:00+00:00,0,0,0.0,[]
2020-11-07 17:25:00+00:00,0,0,0.0,[]
2020-11-07 17:30:00+00:00,300,0,1.0,[300]
2020-11-07 17:35:00+00:00,0,0,0.0,[]
2020-11-07 17:40:00+00:00,0,0,0.0,[]
2020-11-07 17:45:00+00:00,20,0,1.0,[20]
2020-11-07 17:50:00+00:00,4150,0,1.0,[4150]
2020-11-07 17:55:00+00:00,980,0,2.0,"[80, 900]"
2020-11-07 18:00:00+00:00,0,0,0.0,[]
2020-11-07 18:05:00+00:00,1120,0,2.0,"[120, 1000]"
2020-11-07 18:10:00+00:00,0,0,0.0,[]
2020-11-07 18:15:00+00:00,10,0,3.0,"[0, 0, 10]"
2020-11-07 18:20:00+00:00,200,0,1.0,[200]
2020-11-07 18:25:00+00:00,1140,0,1.0,[1140]
2020-11-07 18:30:00+00:00,0,0,0.0,[]
2020-11-07 18:35:00+00:00,1360,0,2.0,"[680, 680]"
2020-11-07 18:40:00+00:00,0,0,0.0,[]
2020-11-07 18:45:00+00:00,0,0,0.0,[]
2020-11-07 18:50:00+00:00,6350,0,1.0,[6350]
2020-11-07 18:55:00+00:00,900,0,1.0,[900]
2020-11-07 19:00:00+00:00,1590,0,2.0,"[940, 650]"
2020-11-07 19:05:00+00:00,0,0,0.0,[]
2020-11-07 19:10:00+00:00,0,0,0.0,[]
2020-11-07 19:15:00+00:00,0,0,0.0,[]
2020-11-07 19:20:00+00:00,2330,0,3.0,"[880, 880, 570]"
2020-11-07 19:25:00+00:00,0,0,0.0,[]
2020-11-07 19:30:00+00:00,0,0,0.0,[]
2020-11-07 19:35:00+00:00,0,0,0.0,[]
2020-11-07 19:40:00+00:00,10,0,1.0,[10]
2020-11-07 19:45:00+00:00,0,0,0.0,[]
2020-11-07 19:50:00+00:00,0,0,0.0,[]
2020-11-07 19:55:00+00:00,0,0,0.0,[]
2020-11-07 20:00:00+00:00,0,0,1.0,[0]
2020-11-07 20:05:00+00:00,0,0,0.0,[]
2020-11-07 20:10:00+00:00,20,0,2.0,"[20, 0]"
2020-11-07 20:15:00+00:00,60,0,1.0,[60]
2020-11-07 20:20:00+00:00,660,0,1.0,[660]
2020-11-07 20:25:00+00:00,0,0,1.0,[0]
2020-11-07 20:30:00+00:00,160,0,1.0,[160]
2020-11-07 20:35:00+00:00,2910,0,2.0,"[310, 2600]"
2020-11-07 20:40:00+00:00,0,0,0.0,[]
2020-11-07 20:45:00+00:00,0,0,0.0,[]
2020-11-07 20:50:00+00:00,0,0,0.0,[]
2020-11-07 20:55:00+00:00,5070,0,1.0,[5070]
2020-11-07 21:00:00+00:00,0,0,0.0,[]
2020-11-07 21:05:00+00:00,10,0,1.0,[10]
2020-11-07 21:10:00+00:00,0,0,0.0,[]
2020-11-07 21:15:00+00:00,0,0,0.0,[]
2020-11-07 21:20:00+00:00,7590,0,1.0,[7590]
2020-11-07 21:25:00+00:00,2100,0,3.0,"[700, 700, 700]"
2020-11-07 21:30:00+00:00,1910,0,3.0,"[700, 700, 510]"
2020-11-07 21:35:00+00:00,2160,0,1.0,[2160]
2020-11-07 21:40:00+00:00,240,0,1.0,[240]
2020-11-07 21:45:00+00:00,3740,0,1.0,[3740]
2020-11-07 21:50:00+00:00,8080,0,4.0,"[3740, 3880, 460, 0]"
2020-11-07 21:55:00+00:00,2490,0,1.0,[2490]
2020-11-07 22:00:00+00:00,2870,0,1.0,[2870]
2020-11-07 22:05:00+00:00,0,0,0.0,[]
2020-11-07 22:10:00+00:00,690,0,1.0,[690]
2020-11-07 22:15:00+00:00,0,0,0.0,[]
2020-11-07 22:20:00+00:00,340,0,1.0,[340]
2020-11-07 22:25:00+00:00,0,0,0.0,[]
2020-11-07 22:30:00+00:00,920,0,1.0,[920]
2020-11-07 22:35:00+00:00,0,0,0.0,[]
2020-11-07 22:40:00+00:00,0,0,1.0,[0]
2020-11-07 22:45:00+00:00,10,0,1.0,[10]
2020-11-07 22:50:00+00:00,0,0,1.0,[0]
2020-11-07 22:55:00+00:00,280,0,1.0,[280]
2020-11-07 23:00:00+00:00,600,0,2.0,"[540, 60]"
2020-11-07 23:05:00+00:00,630,0,1.0,[630]
2020-11-07 23:10:00+00:00,10,0,1.0,[10]
2020-11-07 23:15:00+00:00,7990,0,1.0,[7990]
2020-11-07 23:20:00+00:00,0,0,0.0,[]
2020-11-07 23:25:00+00:00,0,0,0.0,[]
2020-11-07 23:30:00+00:00,70,0,1.0,[70]
2020-11-07 23:35:00+00:00,2050,0,3.0,"[1650, 200, 200]"
2020-11-07 23:40:00+00:00,70,0,1.0,[70]
2020-11-07 23:45:00+00:00,630,0,1.0,[630]
2020-11-07 23:50:00+00:00,0,0,0.0,[]
2020-11-07 23:55:00+00:00,0,0,0.0,[]
2020-11-08 00:00:00+00:00,0,0,0.0,[]
2020-11-08 00:05:00+00:00,380,0,2.0,"[280, 100]"
2020-11-08 00:10:00+00:00,0,0,0.0,[]
2020-11-08 00:15:00+00:00,0,0,0.0,[]
2020-11-08 00:20:00+00:00,0,0,0.0,[]
2020-11-08 00:25:00+00:00,0,0,0.0,[]
2020-11-08 00:30:00+00:00,0,0,0.0,[]
2020-11-08 00:35:00+00:00,0,0,2.0,"[0, 0]"
2020-11-08 00:40:00+00:00,0,0,0.0,[]
2020-11-08 00:45:00+00:00,0,0,0.0,[]
2020-11-08 00:50:00+00:00,390,0,3.0,"[130, 130, 130]"
2020-11-08 00:55:00+00:00,0,0,0.0,[]
2020-11-08 01:00:00+00:00,0,0,0.0,[]
2020-11-08 01:05:00+00:00,0,0,0.0,[]
2020-11-08 01:10:00+00:00,0,0,0.0,[]
2020-11-08 01:15:00+00:00,0,0,0.0,[]
2020-11-08 01:20:00+00:00,2260,0,2.0,"[2240, 20]"
2020-11-08 01:25:00+00:00,20,0,1.0,[20]
2020-11-08 01:30:00+00:00,10420,0,1.0,[10420]
2020-11-08 01:35:00+00:00,0,0,0.0,[]
2020-11-08 01:40:00+00:00,2840,0,2.0,"[2260, 580]"
2020-11-08 01:45:00+00:00,0,0,0.0,[]
2020-11-08 01:50:00+00:00,0,0,0.0,[]
2020-11-08 01:55:00+00:00,0,0,0.0,[]
2020-11-08 02:00:00+00:00,40,0,1.0,[40]
2020-11-08 02:05:00+00:00,0,0,0.0,[]
2020-11-08 02:10:00+00:00,0,0,0.0,[]
2020-11-08 02:15:00+00:00,4260,0,2.0,"[210, 4050]"
2020-11-08 02:20:00+00:00,0,0,0.0,[]
2020-11-08 02:25:00+00:00,930,0,1.0,[930]
2020-11-08 02:30:00+00:00,0,0,0.0,[]
2020-11-08 02:35:00+00:00,12690,0,1.0,[12690]
2020-11-08 02:40:00+00:00,2050,0,2.0,"[920, 1130]"
2020-11-08 02:45:00+00:00,0,0,0.0,[]
2020-11-08 02:50:00+00:00,100,0,1.0,[100]
2020-11-08 02:55:00+00:00,0,0,0.0,[]
2020-11-08 03:00:00+00:00,90,0,2.0,"[40, 50]"
2020-11-08 03:05:00+00:00,470,0,1.0,[470]
2020-11-08 03:10:00+00:00,830,0,3.0,"[810, 10, 10]"
2020-11-08 03:15:00+00:00,0,0,0.0,[]
2020-11-08 03:20:00+00:00,0,0,0.0,[]
2020-11-08 03:25:00+00:00,0,0,0.0,[]
2020-11-08 03:30:00+00:00,0,0,0.0,[]
2020-11-08 03:35:00+00:00,0,0,0.0,[]
2020-11-08 03:40:00+00:00,390,0,1.0,[390]
2020-11-08 03:45:00+00:00,610,0,1.0,[610]
2020-11-08 03:50:00+00:00,0,0,0.0,[]
2020-11-08 03:55:00+00:00,0,0,0.0,[]
2020-11-08 04:00:00+00:00,0,0,0.0,[]
2020-11-08 04:05:00+00:00,0,0,0.0,[]
2020-11-08 04:10:00+00:00,0,0,0.0,[]
2020-11-08 04:15:00+00:00,100,0,1.0,[100]
2020-11-08 04:20:00+00:00,0,0,0.0,[]
2020-11-08 04:25:00+00:00,1880,0,2.0,"[940, 940]"
2020-11-08 04:30:00+00:00,0,0,0.0,[]
2020-11-08 04:35:00+00:00,0,0,0.0,[]
2020-11-08 04:40:00+00:00,120,0,1.0,[120]
2020-11-08 04:45:00+00:00,0,0,0.0,[]
2020-11-08 04:50:00+00:00,18150,0,1.0,[18150]
2020-11-08 04:55:00+00:00,0,0,0.0,[]
2020-11-08 05:00:00+00:00,1290,0,1.0,[1290]
2020-11-08 05:05:00+00:00,90,0,1.0,[90]
2020-11-08 05:10:00+00:00,450,0,2.0,"[390, 60]"
2020-11-08 05:15:00+00:00,0,0,0.0,[]
2020-11-08 05:20:00+00:00,0,0,0.0,[]
2020-11-08 05:25:00+00:00,640,0,1.0,[640]
2020-11-08 05:30:00+00:00,70,0,1.0,[70]
2020-11-08 05:35:00+00:00,840,0,1.0,[840]
2020-11-08 05:40:00+00:00,1220,0,2.0,"[1180, 40]"
2020-11-08 05:45:00+00:00,0,0,0.0,[]
2020-11-08 05:50:00+00:00,600,0,1.0,[600]
2020-11-08 05:55:00+00:00,0,0,0.0,[]
2020-11-08 06:00:00+00:00,0,0,0.0,[]
2020-11-08 06:05:00+00:00,50,0,1.0,[50]
2020-11-08 06:10:00+00:00,0,0,0.0,[]
2020-11-08 06:15:00+00:00,0,0,0.0,[]
2020-11-08 06:20:00+00:00,0,0,0.0,[]
2020-11-08 06:25:00+00:00,0,0,0.0,[]
2020-11-08 06:30:00+00:00,0,0,0.0,[]
2020-11-08 06:35:00+00:00,3960,0,3.0,"[1320, 1320, 1320]"
2020-11-08 06:40:00+00:00,0,0,0.0,[]
2020-11-08 06:45:00+00:00,490,0,1.0,[490]
2020-11-08 06:50:00+00:00,0,0,0.0,[]
2020-11-08 06:55:00+00:00,0,0,0.0,[]
2020-11-08 07:00:00+00:00,0,0,0.0,[]
2020-11-08 07:05:00+00:00,0,0,0.0,[]
2020-11-08 07:10:00+00:00,0,0,0.0,[]
2020-11-08 07:15:00+00:00,0,0,0.0,[]
2020-11-08 07:20:00+00:00,0,0,0.0,[]
2020-11-08 07:25:00+00:00,0,0,0.0,[]
2020-11-08 07:30:00+00:00,3010,0,1.0,[3010]
2020-11-08 07:35:00+00:00,0,0,0.0,[]
2020-11-08 07:40:00+00:00,0,0,0.0,[]
2020-11-08 07:45:00+00:00,0,0,0.0,[]
2020-11-08 07:50:00+00:00,0,0,0.0,[]
2020-11-08 07:55:00+00:00,0,0,0.0,[]
2020-11-08 08:00:00+00:00,0,0,0.0,[]
2020-11-08 08:05:00+00:00,0,0,0.0,[]
2020-11-08 08:10:00+00:00,20,0,1.0,[20]
2020-11-08 08:15:00+00:00,90,0,1.0,[90]
2020-11-08 08:20:00+00:00,1720,0,2.0,"[120, 1600]"
2020-11-08 08:25:00+00:00,1600,0,1.0,[1600]
2020-11-08 08:30:00+00:00,0,0,0.0,[]
2020-11-08 08:35:00+00:00,0,0,0.0,[]
2020-11-08 08:40:00+00:00,0,0,0.0,[]
2020-11-08 08:45:00+00:00,0,0,0.0,[]
2020-11-08 08:50:00+00:00,0,0,0.0,[]
2020-11-08 08:55:00+00:00,0,0,0.0,[]
2020-11-08 09:00:00+00:00,0,0,0.0,[]
2020-11-08 09:05:00+00:00,0,0,0.0,[]
2020-11-08 09:10:00+00:00,0,0,0.0,[]
2020-11-08 09:15:00+00:00,0,0,0.0,[]
2020-11-08 09:20:00+00:00,0,0,0.0,[]
2020-11-08 09:25:00+00:00,0,0,0.0,[]
2020-11-08 09:30:00+00:00,640,0,1.0,[640]
2020-11-08 09:35:00+00:00,0,0,2.0,"[0, 0]"
2020-11-08 09:40:00+00:00,4060,0,1.0,[4060]
2020-11-08 09:45:00+00:00,0,0,0.0,[]
2020-11-08 09:50:00+00:00,0,0,0.0,[]
2020-11-08 09:55:00+00:00,0,0,0.0,[]
2020-11-08 10:00:00+00:00,0,0,0.0,[]
2020-11-08 10:05:00+00:00,350,0,1.0,[350]
2020-11-08 10:10:00+00:00,3630,0,2.0,"[2520, 1110]"
2020-11-08 10:15:00+00:00,1110,0,1.0,[1110]
2020-11-08 10:20:00+00:00,200,0,1.0,[200]
2020-11-08 10:25:00+00:00,0,0,0.0,[]
2020-11-08 10:30:00+00:00,110,0,2.0,"[40, 70]"
2020-11-08 10:35:00+00:00,0,0,0.0,[]
2020-11-08 10:40:00+00:00,0,0,0.0,[]
2020-11-08 10:45:00+00:00,0,0,0.0,[]
2020-11-08 10:50:00+00:00,0,0,0.0,[]
2020-11-08 10:55:00+00:00,23330,0,3.0,"[2390, 2390, 18550]"
2020-11-08 11:00:00+00:00,0,0,0.0,[]
2020-11-08 11:05:00+00:00,0,0,0.0,[]
2020-11-08 11:10:00+00:00,2220,0,1.0,[2220]
2020-11-08 11:15:00+00:00,0,0,0.0,[]
2020-11-08 11:20:00+00:00,860,0,1.0,[860]
2020-11-08 11:25:00+00:00,2170,0,1.0,[2170]
2020-11-08 11:30:00+00:00,4840,0,2.0,"[2420, 2420]"
2020-11-08 11:35:00+00:00,120,0,1.0,[120]
2020-11-08 11:40:00+00:00,0,0,0.0,[]
2020-11-08 11:45:00+00:00,40,0,1.0,[40]
2020-11-08 11:50:00+00:00,0,0,0.0,[]
2020-11-08 11:55:00+00:00,0,0,0.0,[]
2020-11-08 12:00:00+00:00,0,0,0.0,[]
2020-11-08 12:05:00+00:00,1120,0,1.0,[1120]
2020-11-08 12:10:00+00:00,0,0,0.0,[]
2020-11-08 12:15:00+00:00,5030,0,3.0,"[4290, 150, 590]"
2020-11-08 12:20:00+00:00,0,0,0.0,[]
2020-11-08 12:25:00+00:00,0,0,0.0,[]
2020-11-08 12:30:00+00:00,0,0,0.0,[]
2020-11-08 12:35:00+00:00,20,0,1.0,[20]
2020-11-08 12:40:00+00:00,0,0,0.0,[]
2020-11-08 12:45:00+00:00,0,0,0.0,[]
2020-11-08 12:50:00+00:00,700,0,1.0,[700]
2020-11-08 12:55:00+00:00,0,0,0.0,[]
2020-11-08 13:00:00+00:00,0,0,0.0,[]
2020-11-08 13:05:00+00:00,0,0,0.0,[]
2020-11-08 13:10:00+00:00,0,0,0.0,[]
2020-11-08 13:15:00+00:00,0,0,0.0,[]
2020-11-08 13:20:00+00:00,0,0,0.0,[]
2020-11-08 13:25:00+00:00,0,0,0.0,[]
2020-11-08 13:30:00+00:00,0,0,0.0,[]
2020-11-08 13:35:00+00:00,0,0,0.0,[]
2020-11-08 13:40:00+00:00,0,0,0.0,[]
2020-11-08 13:45:00+00:00,3120,0,2.0,"[1560, 1560]"
2020-11-08 13:50:00+00:00,20,0,1.0,[20]
2020-11-08 13:55:00+00:00,140,0,1.0,[140]
2020-11-08 14:00:00+00:00,480,0,2.0,"[240, 240]"
2020-11-08 14:05:00+00:00,0,0,0.0,[]
2020-11-08 14:10:00+00:00,0,0,0.0,[]
2020-11-08 14:15:00+00:00,0,0,1.0,[0]
2020-11-08 14:20:00+00:00,250,0,1.0,[250]
2020-11-08 14:25:00+00:00,0,0,0.0,[]
2020-11-08 14:30:00+00:00,560,0,2.0,"[280, 280]"
2020-11-08 14:35:00+00:00,0,0,0.0,[]
2020-11-08 14:40:00+00:00,10,0,1.0,[10]
2020-11-08 14:45:00+00:00,0,0,0.0,[]
2020-11-08 14:50:00+00:00,0,0,0.0,[]
2020-11-08 14:55:00+00:00,0,0,0.0,[]
2020-11-08 15:00:00+00:00,210,0,1.0,[210]
2020-11-08 15:05:00+00:00,1990,0,4.0,"[770, 70, 70, 1080]"
2020-11-08 15:10:00+00:00,0,0,0.0,[]
2020-11-08 15:15:00+00:00,0,0,0.0,[]
2020-11-08 15:20:00+00:00,0,0,0.0,[]
2020-11-08 15:25:00+00:00,0,0,0.0,[]
2020-11-08 15:30:00+00:00,0,0,0.0,[]
2020-11-08 15:35:00+00:00,0,0,0.0,[]
2020-11-08 15:40:00+00:00,0,0,0.0,[]
2020-11-08 15:45:00+00:00,20,0,1.0,[20]
2020-11-08 15:50:00+00:00,70,0,3.0,"[30, 10, 30]"
2020-11-08 15:55:00+00:00,250,0,1.0,[250]
2020-11-08 16:00:00+00:00,3480,0,1.0,[3480]
2020-11-08 16:05:00+00:00,1930,0,2.0,"[70, 1860]"
2020-11-08 16:10:00+00:00,0,0,0.0,[]
2020-11-08 16:15:00+00:00,750,0,1.0,[750]
2020-11-08 16:20:00+00:00,0,0,0.0,[]
2020-11-08 16:25:00+00:00,0,0,0.0,[]
2020-11-08 16:30:00+00:00,0,0,0.0,[]
2020-11-08 16:35:00+00:00,0,0,0.0,[]
2020-11-08 16:40:00+00:00,0,0,0.0,[]
2020-11-08 16:45:00+00:00,0,0,0.0,[]
2020-11-08 16:50:00+00:00,0,0,0.0,[]
2020-11-08 16:55:00+00:00,0,0,0.0,[]
2020-11-08 17:00:00+00:00,0,0,0.0,[]
2020-11-08 17:05:00+00:00,0,0,0.0,[]
2020-11-08 17:10:00+00:00,0,0,0.0,[]
2020-11-08 17:15:00+00:00,0,0,0.0,[]
2020-11-08 17:20:00+00:00,150,0,2.0,"[0, 150]"
2020-11-08 17:25:00+00:00,20,0,2.0,"[10, 10]"
2020-11-08 17:30:00+00:00,10,0,1.0,[10]
2020-11-08 17:35:00+00:00,0,0,0.0,[]
2020-11-08 17:40:00+00:00,0,0,0.0,[]
2020-11-08 17:45:00+00:00,660,0,1.0,[660]
2020-11-08 17:50:00+00:00,0,0,1.0,[0]
2020-11-08 17:55:00+00:00,0,0,0.0,[]
2020-11-08 18:00:00+00:00,0,0,0.0,[]
2020-11-08 18:05:00+00:00,0,0,0.0,[]
2020-11-08 18:10:00+00:00,0,0,0.0,[]
2020-11-08 18:15:00+00:00,10960,0,2.0,"[5480, 5480]"
2020-11-08 18:20:00+00:00,0,0,0.0,[]
2020-11-08 18:25:00+00:00,0,0,0.0,[]
2020-11-08 18:30:00+00:00,1160,0,1.0,[1160]
2020-11-08 18:35:00+00:00,0,0,0.0,[]
2020-11-08 18:40:00+00:00,1090,0,2.0,"[1090, 0]"
2020-11-08 18:45:00+00:00,2240,0,2.0,"[1020, 1220]"
2020-11-08 18:50:00+00:00,0,0,0.0,[]
2020-11-08 18:55:00+00:00,0,0,0.0,[]
2020-11-08 19:00:00+00:00,0,0,0.0,[]
2020-11-08 19:05:00+00:00,0,0,1.0,[0]
2020-11-08 19:10:00+00:00,0,0,0.0,[]
2020-11-08 19:15:00+00:00,0,0,0.0,[]
2020-11-08 19:20:00+00:00,0,0,0.0,[]
2020-11-08 19:25:00+00:00,0,0,0.0,[]
2020-11-08 19:30:00+00:00,0,0,0.0,[]
2020-11-08 19:35:00+00:00,300,0,2.0,"[40, 260]"
2020-11-08 19:40:00+00:00,0,0,0.0,[]
2020-11-08 19:45:00+00:00,0,0,0.0,[]
2020-11-08 19:50:00+00:00,0,0,0.0,[]
2020-11-08 19:55:00+00:00,0,0,0.0,[]
2020-11-08 20:00:00+00:00,0,0,0.0,[]
2020-11-08 20:05:00+00:00,0,0,0.0,[]
2020-11-08 20:10:00+00:00,140,0,1.0,[140]
2020-11-08 20:15:00+00:00,0,0,0.0,[]
2020-11-08 20:20:00+00:00,0,0,0.0,[]
2020-11-08 20:25:00+00:00,0,0,0.0,[]
2020-11-08 20:30:00+00:00,0,0,0.0,[]
2020-11-08 20:35:00+00:00,0,0,0.0,[]
2020-11-08 20:40:00+00:00,0,0,0.0,[]
2020-11-08 20:45:00+00:00,0,0,0.0,[]
2020-11-08 20:50:00+00:00,5940,0,1.0,[5940]
2020-11-08 20:55:00+00:00,670,0,1.0,[670]
2020-11-08 21:00:00+00:00,0,0,0.0,[]
2020-11-08 21:05:00+00:00,730,0,1.0,[730]
2020-11-08 21:10:00+00:00,6700,0,1.0,[6700]
2020-11-08 21:15:00+00:00,0,0,0.0,[]
2020-11-08 21:20:00+00:00,0,0,0.0,[]
2020-11-08 21:25:00+00:00,1120,0,1.0,[1120]
2020-11-08 21:30:00+00:00,11710,0,3.0,"[1750, 4980, 4980]"
2020-11-08 21:35:00+00:00,0,0,0.0,[]
2020-11-08 21:40:00+00:00,7490,0,1.0,[7490]
2020-11-08 21:45:00+00:00,0,0,0.0,[]
2020-11-08 21:50:00+00:00,0,0,0.0,[]
2020-11-08 21:55:00+00:00,11390,0,1.0,[11390]
2020-11-08 22:00:00+00:00,230,0,1.0,[230]
2020-11-08 22:05:00+00:00,1160,0,1.0,[1160]
2020-11-08 22:10:00+00:00,80,0,2.0,"[40, 40]"
2020-11-08 22:15:00+00:00,0,0,0.0,[]
2020-11-08 22:20:00+00:00,0,0,0.0,[]
2020-11-08 22:25:00+00:00,0,0,0.0,[]
2020-11-08 22:30:00+00:00,0,0,0.0,[]
2020-11-08 22:35:00+00:00,0,0,0.0,[]
2020-11-08 22:40:00+00:00,0,0,0.0,[]
2020-11-08 22:45:00+00:00,0,0,0.0,[]
2020-11-08 22:50:00+00:00,0,0,0.0,[]
2020-11-08 22:55:00+00:00,0,0,0.0,[]
2020-11-08 23:00:00+00:00,1540,0,2.0,"[1070, 470]"
2020-11-08 23:05:00+00:00,0,0,0.0,[]
2020-11-08 23:10:00+00:00,0,0,0.0,[]
2020-11-08 23:15:00+00:00,0,0,0.0,[]
2020-11-08 23:20:00+00:00,0,0,0.0,[]
2020-11-08 23:25:00+00:00,0,0,0.0,[]
2020-11-08 23:30:00+00:00,12550,0,1.0,[12550]
2020-11-08 23:35:00+00:00,0,0,0.0,[]
2020-11-08 23:40:00+00:00,0,0,0.0,[]
2020-11-08 23:45:00+00:00,250,0,1.0,[250]
2020-11-08 23:50:00+00:00,11860,0,1.0,[11860]
2020-11-08 23:55:00+00:00,0,0,0.0,[]
2020-11-09 00:00:00+00:00,0,0,0.0,[]
2020-11-09 00:05:00+00:00,0,0,0.0,[]
2020-11-09 00:10:00+00:00,0,0,0.0,[]
2020-11-09 00:15:00+00:00,0,0,0.0,[]
2020-11-09 00:20:00+00:00,0,0,0.0,[]
2020-11-09 00:25:00+00:00,0,0,0.0,[]
2020-11-09 00:30:00+00:00,350,0,1.0,[350]
2020-11-09 00:35:00+00:00,0,0,0.0,[]
2020-11-09 00:40:00+00:00,0,0,0.0,[]
2020-11-09 00:45:00+00:00,0,0,0.0,[]
2020-11-09 00:50:00+00:00,0,0,0.0,[]
2020-11-09 00:55:00+00:00,0,0,0.0,[]
2020-11-09 01:00:00+00:00,1150,0,4.0,"[430, 430, 20, 270]"
2020-11-09 01:05:00+00:00,0,0,1.0,[0]
2020-11-09 01:10:00+00:00,0,0,0.0,[]
2020-11-09 01:15:00+00:00,0,0,0.0,[]
2020-11-09 01:20:00+00:00,0,0,0.0,[]
2020-11-09 01:25:00+00:00,1880,0,1.0,[1880]
2020-11-09 01:30:00+00:00,360,0,2.0,"[180, 180]"
2020-11-09 01:35:00+00:00,0,0,0.0,[]
2020-11-09 01:40:00+00:00,0,0,0.0,[]
2020-11-09 01:45:00+00:00,5450,0,2.0,"[1250, 4200]"
2020-11-09 01:50:00+00:00,0,0,0.0,[]
2020-11-09 01:55:00+00:00,0,0,0.0,[]
2020-11-09 02:00:00+00:00,2080,0,2.0,"[40, 2040]"
2020-11-09 02:05:00+00:00,4080,0,2.0,"[2040, 2040]"
2020-11-09 02:10:00+00:00,0,0,0.0,[]
2020-11-09 02:15:00+00:00,0,0,0.0,[]
2020-11-09 02:20:00+00:00,0,0,0.0,[]
2020-11-09 02:25:00+00:00,0,0,0.0,[]
2020-11-09 02:30:00+00:00,300,0,1.0,[300]
2020-11-09 02:35:00+00:00,0,0,0.0,[]
2020-11-09 02:40:00+00:00,0,0,0.0,[]
2020-11-09 02:45:00+00:00,0,0,0.0,[]
2020-11-09 02:50:00+00:00,6320,0,2.0,"[780, 5540]"
2020-11-09 02:55:00+00:00,0,0,0.0,[]
2020-11-09 03:00:00+00:00,0,0,0.0,[]
2020-11-09 03:05:00+00:00,10,0,1.0,[10]
2020-11-09 03:10:00+00:00,16420,0,2.0,"[16310, 110]"
2020-11-09 03:15:00+00:00,350,0,1.0,[350]
2020-11-09 03:20:00+00:00,40,0,1.0,[40]
2020-11-09 03:25:00+00:00,330,0,2.0,"[60, 270]"
2020-11-09 03:30:00+00:00,70,0,1.0,[70]
2020-11-09 03:35:00+00:00,0,0,0.0,[]
2020-11-09 03:40:00+00:00,710,0,1.0,[710]
2020-11-09 03:45:00+00:00,170,0,1.0,[170]
2020-11-09 03:50:00+00:00,0,0,0.0,[]
2020-11-09 03:55:00+00:00,0,0,0.0,[]
2020-11-09 04:00:00+00:00,710,0,3.0,"[0, 0, 710]"
2020-11-09 04:05:00+00:00,110,0,1.0,[110]
2020-11-09 04:10:00+00:00,5000,0,2.0,"[2500, 2500]"
2020-11-09 04:15:00+00:00,100,0,1.0,[100]
2020-11-09 04:20:00+00:00,2350,0,2.0,"[0, 2350]"
2020-11-09 04:25:00+00:00,0,0,0.0,[]
2020-11-09 04:30:00+00:00,0,0,0.0,[]
2020-11-09 04:35:00+00:00,0,0,0.0,[]
2020-11-09 04:40:00+00:00,310,0,1.0,[310]
2020-11-09 04:45:00+00:00,20,0,1.0,[20]
2020-11-09 04:50:00+00:00,0,0,0.0,[]
2020-11-09 04:55:00+00:00,0,0,0.0,[]
2020-11-09 05:00:00+00:00,0,0,0.0,[]
2020-11-09 05:05:00+00:00,0,0,0.0,[]
2020-11-09 05:10:00+00:00,2410,0,2.0,"[2300, 110]"
2020-11-09 05:15:00+00:00,0,0,0.0,[]
2020-11-09 05:20:00+00:00,0,0,0.0,[]
2020-11-09 05:25:00+00:00,0,0,0.0,[]
2020-11-09 05:30:00+00:00,0,0,0.0,[]
2020-11-09 05:35:00+00:00,16260,0,1.0,[16260]
2020-11-09 05:40:00+00:00,0,0,0.0,[]
2020-11-09 05:45:00+00:00,0,0,0.0,[]
2020-11-09 05:50:00+00:00,0,0,0.0,[]
2020-11-09 05:55:00+00:00,0,0,0.0,[]
2020-11-09 06:00:00+00:00,260,0,1.0,[260]
2020-11-09 06:05:00+00:00,0,0,0.0,[]
2020-11-09 06:10:00+00:00,0,0,1.0,[0]
2020-11-09 06:15:00+00:00,0,0,0.0,[]
2020-11-09 06:20:00+00:00,0,0,0.0,[]
2020-11-09 06:25:00+00:00,0,0,0.0,[]
2020-11-09 06:30:00+00:00,240,0,1.0,[240]
2020-11-09 06:35:00+00:00,0,0,0.0,[]
2020-11-09 06:40:00+00:00,0,0,0.0,[]
2020-11-09 06:45:00+00:00,0,0,0.0,[]
2020-11-09 06:50:00+00:00,0,0,0.0,[]
2020-11-09 06:55:00+00:00,0,0,0.0,[]
2020-11-09 07:00:00+00:00,0,0,0.0,[]
2020-11-09 07:05:00+00:00,0,0,0.0,[]
2020-11-09 07:10:00+00:00,0,0,0.0,[]
2020-11-09 07:15:00+00:00,0,0,0.0,[]
2020-11-09 07:20:00+00:00,0,0,0.0,[]
2020-11-09 07:25:00+00:00,0,0,0.0,[]
2020-11-09 07:30:00+00:00,0,0,0.0,[]
2020-11-09 07:35:00+00:00,0,0,0.0,[]
2020-11-09 07:40:00+00:00,0,0,0.0,[]
2020-11-09 07:45:00+00:00,0,0,0.0,[]
2020-11-09 07:50:00+00:00,0,0,0.0,[]
2020-11-09 07:55:00+00:00,0,0,0.0,[]
2020-11-09 08:00:00+00:00,0,0,0.0,[]
2020-11-09 08:05:00+00:00,0,0,0.0,[]
2020-11-09 08:10:00+00:00,480,0,1.0,[480]
2020-11-09 08:15:00+00:00,0,0,0.0,[]
2020-11-09 08:20:00+00:00,0,0,0.0,[]
2020-11-09 08:25:00+00:00,1230,0,1.0,[1230]
2020-11-09 08:30:00+00:00,0,0,0.0,[]
2020-11-09 08:35:00+00:00,0,0,0.0,[]
2020-11-09 08:40:00+00:00,0,0,0.0,[]
2020-11-09 08:45:00+00:00,0,0,0.0,[]
2020-11-09 08:50:00+00:00,0,0,0.0,[]
2020-11-09 08:55:00+00:00,0,0,0.0,[]
2020-11-09 09:00:00+00:00,0,0,0.0,[]
2020-11-09 09:05:00+00:00,0,0,0.0,[]
2020-11-09 09:10:00+00:00,0,0,0.0,[]
2020-11-09 09:15:00+00:00,0,0,0.0,[]
2020-11-09 09:20:00+00:00,0,0,0.0,[]
2020-11-09 09:25:00+00:00,0,0,0.0,[]
2020-11-09 09:30:00+00:00,0,0,0.0,[]
2020-11-09 09:35:00+00:00,0,0,0.0,[]
2020-11-09 09:40:00+00:00,0,0,0.0,[]
2020-11-09 09:45:00+00:00,0,0,0.0,[]
2020-11-09 09:50:00+00:00,0,0,0.0,[]
2020-11-09 09:55:00+00:00,0,0,0.0,[]
2020-11-09 10:00:00+00:00,0,0,0.0,[]
2020-11-09 10:05:00+00:00,0,0,0.0,[]
2020-11-09 10:10:00+00:00,0,0,0.0,[]
2020-11-09 10:15:00+00:00,0,0,0.0,[]
2020-11-09 10:20:00+00:00,0,0,0.0,[]
2020-11-09 10:25:00+00:00,0,0,0.0,[]
2020-11-09 10:30:00+00:00,0,0,0.0,[]
2020-11-09 10:35:00+00:00,1970,0,1.0,[1970]
2020-11-09 10:40:00+00:00,0,0,0.0,[]
2020-11-09 10:45:00+00:00,0,0,0.0,[]
2020-11-09 10:50:00+00:00,0,0,0.0,[]
2020-11-09 10:55:00+00:00,0,0,0.0,[]
2020-11-09 11:00:00+00:00,0,0,0.0,[]
2020-11-09 11:05:00+00:00,0,0,0.0,[]
2020-11-09 11:10:00+00:00,10270,0,2.0,"[8420, 1850]"
2020-11-09 11:15:00+00:00,0,0,0.0,[]
2020-11-09 11:20:00+00:00,0,0,0.0,[]
2020-11-09 11:25:00+00:00,0,0,0.0,[]
2020-11-09 11:30:00+00:00,0,0,0.0,[]
2020-11-09 11:35:00+00:00,0,0,0.0,[]
2020-11-09 11:40:00+00:00,770,0,1.0,[770]
2020-11-09 11:45:00+00:00,0,0,0.0,[]
2020-11-09 11:50:00+00:00,0,0,0.0,[]
2020-11-09 11:55:00+00:00,0,0,0.0,[]
2020-11-09 12:00:00+00:00,0,0,0.0,[]
2020-11-09 12:05:00+00:00,0,0,0.0,[]
2020-11-09 12:10:00+00:00,0,0,0.0,[]
2020-11-09 12:15:00+00:00,0,0,0.0,[]
2020-11-09 12:20:00+00:00,0,0,0.0,[]
2020-11-09 12:25:00+00:00,0,0,0.0,[]
2020-11-09 12:30:00+00:00,0,0,0.0,[]
2020-11-09 12:35:00+00:00,0,0,0.0,[]
2020-11-09 12:40:00+00:00,0,0,0.0,[]
2020-11-09 12:45:00+00:00,0,0,0.0,[]
2020-11-09 12:50:00+00:00,0,0,0.0,[]
2020-11-09 12:55:00+00:00,0,0,0.0,[]
2020-11-09 13:00:00+00:00,470,0,1.0,[470]
2020-11-09 13:05:00+00:00,0,0,0.0,[]
2020-11-09 13:10:00+00:00,0,0,0.0,[]
2020-11-09 13:15:00+00:00,0,0,0.0,[]
2020-11-09 13:20:00+00:00,0,0,0.0,[]
2020-11-09 13:25:00+00:00,0,0,0.0,[]
2020-11-09 13:30:00+00:00,2220,0,1.0,[2220]
2020-11-09 13:35:00+00:00,0,0,0.0,[]
2020-11-09 13:40:00+00:00,0,0,0.0,[]
2020-11-09 13:45:00+00:00,0,0,0.0,[]
2020-11-09 13:50:00+00:00,0,0,0.0,[]
2020-11-09 13:55:00+00:00,0,0,0.0,[]
2020-11-09 14:00:00+00:00,0,0,0.0,[]
2020-11-09 14:05:00+00:00,0,0,0.0,[]
2020-11-09 14:10:00+00:00,0,0,0.0,[]
2020-11-09 14:15:00+00:00,0,0,0.0,[]
2020-11-09 14:20:00+00:00,0,0,0.0,[]
2020-11-09 14:25:00+00:00,420,0,1.0,[420]
2020-11-09 14:30:00+00:00,0,0,0.0,[]
2020-11-09 14:35:00+00:00,0,0,0.0,[]
2020-11-09 14:40:00+00:00,0,0,0.0,[]
2020-11-09 14:45:00+00:00,420,0,1.0,[420]
2020-11-09 14:50:00+00:00,1260,0,3.0,"[420, 420, 420]"
2020-11-09 14:55:00+00:00,0,0,0.0,[]
2020-11-09 15:00:00+00:00,0,0,0.0,[]
2020-11-09 15:05:00+00:00,0,0,0.0,[]
2020-11-09 15:10:00+00:00,0,0,0.0,[]
2020-11-09 15:15:00+00:00,0,0,0.0,[]
2020-11-09 15:20:00+00:00,0,0,0.0,[]
2020-11-09 15:25:00+00:00,0,0,0.0,[]
2020-11-09 15:30:00+00:00,0,0,0.0,[]
2020-11-09 15:35:00+00:00,0,0,0.0,[]
2020-11-09 15:40:00+00:00,140,0,1.0,[140]
2020-11-09 15:45:00+00:00,0,0,0.0,[]
2020-11-09 15:50:00+00:00,0,0,0.0,[]
2020-11-09 15:55:00+00:00,0,0,0.0,[]
2020-11-09 16:00:00+00:00,10,0,1.0,[10]
2020-11-09 16:05:00+00:00,0,0,0.0,[]
2020-11-09 16:10:00+00:00,0,0,0.0,[]
2020-11-09 16:15:00+00:00,0,0,0.0,[]
2020-11-09 16:20:00+00:00,0,0,0.0,[]
2020-11-09 16:25:00+00:00,0,0,0.0,[]
2020-11-09 16:30:00+00:00,0,0,0.0,[]
2020-11-09 16:35:00+00:00,0,0,0.0,[]
2020-11-09 16:40:00+00:00,970,0,3.0,"[90, 440, 440]"
2020-11-09 16:45:00+00:00,90,0,1.0,[90]
2020-11-09 16:50:00+00:00,0,0,0.0,[]
2020-11-09 16:55:00+00:00,0,0,0.0,[]
2020-11-09 17:00:00+00:00,0,0,0.0,[]
2020-11-09 17:05:00+00:00,0,0,0.0,[]
2020-11-09 17:10:00+00:00,0,0,0.0,[]
2020-11-09 17:15:00+00:00,30,0,1.0,[30]
2020-11-09 17:20:00+00:00,0,0,0.0,[]
2020-11-09 17:25:00+00:00,0,0,0.0,[]
2020-11-09 17:30:00+00:00,0,0,0.0,[]
2020-11-09 17:35:00+00:00,0,0,0.0,[]
2020-11-09 17:40:00+00:00,0,0,0.0,[]
2020-11-09 17:45:00+00:00,180,0,1.0,[180]
2020-11-09 17:50:00+00:00,0,0,0.0,[]
2020-11-09 17:55:00+00:00,0,0,0.0,[]
2020-11-09 18:00:00+00:00,0,0,0.0,[]
2020-11-09 18:05:00+00:00,0,0,0.0,[]
2020-11-09 18:10:00+00:00,0,0,0.0,[]
2020-11-09 18:15:00+00:00,0,0,0.0,[]
2020-11-09 18:20:00+00:00,0,0,0.0,[]
2020-11-09 18:25:00+00:00,0,0,0.0,[]
2020-11-09 18:30:00+00:00,0,0,0.0,[]
2020-11-09 18:35:00+00:00,0,0,0.0,[]
2020-11-09 18:40:00+00:00,0,0,0.0,[]
2020-11-09 18:45:00+00:00,0,0,0.0,[]
2020-11-09 18:50:00+00:00,0,0,1.0,[0]
2020-11-09 18:55:00+00:00,0,0,0.0,[]
2020-11-09 19:00:00+00:00,0,0,0.0,[]
2020-11-09 19:05:00+00:00,0,0,0.0,[]
2020-11-09 19:10:00+00:00,0,0,0.0,[]
2020-11-09 19:15:00+00:00,0,0,0.0,[]
2020-11-09 19:20:00+00:00,0,0,0.0,[]
2020-11-09 19:25:00+00:00,0,0,0.0,[]
2020-11-09 19:30:00+00:00,0,0,0.0,[]
2020-11-09 19:35:00+00:00,0,0,0.0,[]
2020-11-09 19:40:00+00:00,0,0,0.0,[]
2020-11-09 19:45:00+00:00,0,0,0.0,[]
2020-11-09 19:50:00+00:00,0,0,0.0,[]
2020-11-09 19:55:00+00:00,0,0,0.0,[]
2020-11-09 20:00:00+00:00,0,0,0.0,[]
2020-11-09 20:05:00+00:00,710,0,1.0,[710]
2020-11-09 20:10:00+00:00,0,0,0.0,[]
2020-11-09 20:15:00+00:00,0,0,0.0,[]
2020-11-09 20:20:00+00:00,0,0,0.0,[]
2020-11-09 20:25:00+00:00,0,0,0.0,[]
2020-11-09 20:30:00+00:00,0,0,0.0,[]
2020-11-09 20:35:00+00:00,0,0,0.0,[]
2020-11-09 20:40:00+00:00,0,0,0.0,[]
2020-11-09 20:45:00+00:00,5260,0,2.0,"[2630, 2630]"
2020-11-09 20:50:00+00:00,0,0,0.0,[]
2020-11-09 20:55:00+00:00,0,0,0.0,[]
2020-11-09 21:00:00+00:00,0,0,0.0,[]
2020-11-09 21:05:00+00:00,0,0,0.0,[]
2020-11-09 21:10:00+00:00,0,0,0.0,[]
2020-11-09 21:15:00+00:00,0,0,0.0,[]
2020-11-09 21:20:00+00:00,0,0,0.0,[]
2020-11-09 21:25:00+00:00,0,0,0.0,[]
2020-11-09 21:30:00+00:00,0,0,0.0,[]
2020-11-09 21:35:00+00:00,0,0,0.0,[]
2020-11-09 21:40:00+00:00,0,0,0.0,[]
2020-11-09 21:45:00+00:00,7440,0,1.0,[7440]
2020-11-09 21:50:00+00:00,420,0,1.0,[420]
2020-11-09 21:55:00+00:00,2510,0,1.0,[2510]
2020-11-09 22:00:00+00:00,10,0,1.0,[10]
2020-11-09 22:05:00+00:00,0,0,0.0,[]
2020-11-09 22:10:00+00:00,0,0,0.0,[]
2020-11-09 22:15:00+00:00,0,0,0.0,[]
2020-11-09 22:20:00+00:00,0,0,0.0,[]
2020-11-09 22:25:00+00:00,0,0,0.0,[]
2020-11-09 22:30:00+00:00,1740,0,1.0,[1740]
2020-11-09 22:35:00+00:00,0,0,0.0,[]
2020-11-09 22:40:00+00:00,0,0,0.0,[]
2020-11-09 22:45:00+00:00,0,0,0.0,[]
2020-11-09 22:50:00+00:00,0,0,0.0,[]
2020-11-09 22:55:00+00:00,0,0,0.0,[]
2020-11-09 23:00:00+00:00,0,0,0.0,[]
2020-11-09 23:05:00+00:00,0,0,0.0,[]
2020-11-09 23:10:00+00:00,10,0,1.0,[10]
2020-11-09 23:15:00+00:00,0,0,0.0,[]
2020-11-09 23:20:00+00:00,0,0,0.0,[]
2020-11-09 23:25:00+00:00,0,0,0.0,[]
2020-11-09 23:30:00+00:00,0,0,0.0,[]
2020-11-09 23:35:00+00:00,0,0,0.0,[]
2020-11-09 23:40:00+00:00,0,0,0.0,[]
2020-11-09 23:45:00+00:00,0,0,0.0,[]
2020-11-09 23:50:00+00:00,0,0,0.0,[]
2020-11-09 23:55:00+00:00,0,0,0.0,[]
2020-11-10 00:00:00+00:00,1210,0,2.0,"[350, 860]"
2020-11-10 00:05:00+00:00,0,0,0.0,[]
2020-11-10 00:10:00+00:00,0,0,0.0,[]
2020-11-10 00:15:00+00:00,14540,0,1.0,[14540]
2020-11-10 00:20:00+00:00,0,0,0.0,[]
2020-11-10 00:25:00+00:00,0,0,0.0,[]
2020-11-10 00:30:00+00:00,0,0,0.0,[]
2020-11-10 00:35:00+00:00,0,0,0.0,[]
2020-11-10 00:40:00+00:00,0,0,0.0,[]
2020-11-10 00:45:00+00:00,0,0,0.0,[]
2020-11-10 00:50:00+00:00,0,0,0.0,[]
2020-11-10 00:55:00+00:00,0,0,0.0,[]
2020-11-10 01:00:00+00:00,0,0,0.0,[]
2020-11-10 01:05:00+00:00,0,0,0.0,[]
2020-11-10 01:10:00+00:00,0,0,0.0,[]
2020-11-10 01:15:00+00:00,0,0,0.0,[]
2020-11-10 01:20:00+00:00,10,0,1.0,[10]
2020-11-10 01:25:00+00:00,0,0,0.0,[]
2020-11-10 01:30:00+00:00,70,0,1.0,[70]
2020-11-10 01:35:00+00:00,0,0,0.0,[]
2020-11-10 01:40:00+00:00,0,0,0.0,[]
2020-11-10 01:45:00+00:00,0,0,0.0,[]
2020-11-10 01:50:00+00:00,90,0,1.0,[90]
2020-11-10 01:55:00+00:00,0,0,0.0,[]
2020-11-10 02:00:00+00:00,0,0,0.0,[]
2020-11-10 02:05:00+00:00,0,0,0.0,[]
2020-11-10 02:10:00+00:00,0,0,0.0,[]
2020-11-10 02:15:00+00:00,41950,0,1.0,[41950]
2020-11-10 02:20:00+00:00,0,0,0.0,[]
2020-11-10 02:25:00+00:00,6390,0,2.0,"[3550, 2840]"
2020-11-10 02:30:00+00:00,0,0,0.0,[]
2020-11-10 02:35:00+00:00,0,0,0.0,[]
2020-11-10 02:40:00+00:00,0,0,0.0,[]
2020-11-10 02:45:00+00:00,0,0,0.0,[]
2020-11-10 02:50:00+00:00,0,0,0.0,[]
2020-11-10 02:55:00+00:00,0,0,0.0,[]
2020-11-10 03:00:00+00:00,0,0,0.0,[]
2020-11-10 03:05:00+00:00,0,0,0.0,[]
2020-11-10 03:10:00+00:00,0,0,0.0,[]
2020-11-10 03:15:00+00:00,0,0,0.0,[]
2020-11-10 03:20:00+00:00,0,0,0.0,[]
2020-11-10 03:25:00+00:00,0,0,0.0,[]
2020-11-10 03:30:00+00:00,0,0,0.0,[]
2020-11-10 03:35:00+00:00,0,0,0.0,[]
2020-11-10 03:40:00+00:00,0,0,0.0,[]
2020-11-10 03:45:00+00:00,0,0,0.0,[]
2020-11-10 03:50:00+00:00,0,0,0.0,[]
2020-11-10 03:55:00+00:00,0,0,0.0,[]
2020-11-10 04:00:00+00:00,3170,0,1.0,[3170]
2020-11-10 04:05:00+00:00,800,0,1.0,[800]
2020-11-10 04:10:00+00:00,0,0,0.0,[]
2020-11-10 04:15:00+00:00,0,0,0.0,[]
2020-11-10 04:20:00+00:00,0,0,0.0,[]
2020-11-10 04:25:00+00:00,0,0,0.0,[]
2020-11-10 04:30:00+00:00,0,0,0.0,[]
2020-11-10 04:35:00+00:00,0,0,0.0,[]
2020-11-10 04:40:00+00:00,0,0,0.0,[]
2020-11-10 04:45:00+00:00,0,0,0.0,[]
2020-11-10 04:50:00+00:00,0,0,0.0,[]
2020-11-10 04:55:00+00:00,350,0,1.0,[350]
2020-11-10 05:00:00+00:00,0,0,0.0,[]
2020-11-10 05:05:00+00:00,0,0,0.0,[]
2020-11-10 05:10:00+00:00,0,0,0.0,[]
2020-11-10 05:15:00+00:00,0,0,0.0,[]
2020-11-10 05:20:00+00:00,0,0,0.0,[]
2020-11-10 05:25:00+00:00,0,0,0.0,[]
2020-11-10 05:30:00+00:00,750,0,1.0,[750]
2020-11-10 05:35:00+00:00,0,0,0.0,[]
2020-11-10 05:40:00+00:00,0,0,0.0,[]
2020-11-10 05:45:00+00:00,0,0,0.0,[]
2020-11-10 05:50:00+00:00,0,0,0.0,[]
2020-11-10 05:55:00+00:00,0,0,0.0,[]
2020-11-10 06:00:00+00:00,610,0,1.0,[610]
2020-11-10 06:05:00+00:00,0,0,0.0,[]
2020-11-10 06:10:00+00:00,0,0,0.0,[]
2020-11-10 06:15:00+00:00,0,0,0.0,[]
2020-11-10 06:20:00+00:00,0,0,0.0,[]
2020-11-10 06:25:00+00:00,0,0,0.0,[]
2020-11-10 06:30:00+00:00,200,0,1.0,[200]
2020-11-10 06:35:00+00:00,0,0,0.0,[]
2020-11-10 06:40:00+00:00,0,0,0.0,[]
2020-11-10 06:45:00+00:00,0,0,0.0,[]
2020-11-10 06:50:00+00:00,0,0,0.0,[]
2020-11-10 06:55:00+00:00,0,0,0.0,[]
2020-11-10 07:00:00+00:00,0,0,0.0,[]
2020-11-10 07:05:00+00:00,0,0,0.0,[]
2020-11-10 07:10:00+00:00,680,0,1.0,[680]
2020-11-10 07:15:00+00:00,0,0,0.0,[]
2020-11-10 07:20:00+00:00,0,0,0.0,[]
2020-11-10 07:25:00+00:00,0,0,0.0,[]
2020-11-10 07:30:00+00:00,0,0,0.0,[]
2020-11-10 07:35:00+00:00,4240,0,2.0,"[2120, 2120]"
2020-11-10 07:40:00+00:00,0,0,0.0,[]
2020-11-10 07:45:00+00:00,0,0,0.0,[]
2020-11-10 07:50:00+00:00,0,0,0.0,[]
2020-11-10 07:55:00+00:00,0,0,0.0,[]
2020-11-10 08:00:00+00:00,0,0,0.0,[]
2020-11-10 08:05:00+00:00,0,0,0.0,[]
2020-11-10 08:10:00+00:00,0,0,0.0,[]
2020-11-10 08:15:00+00:00,0,0,0.0,[]
2020-11-10 08:20:00+00:00,0,0,0.0,[]
2020-11-10 08:25:00+00:00,0,0,0.0,[]
2020-11-10 08:30:00+00:00,0,0,0.0,[]
2020-11-10 08:35:00+00:00,0,0,0.0,[]
2020-11-10 08:40:00+00:00,0,0,0.0,[]
2020-11-10 08:45:00+00:00,0,0,0.0,[]
2020-11-10 08:50:00+00:00,0,0,0.0,[]
2020-11-10 08:55:00+00:00,20,0,2.0,"[10, 10]"
2020-11-10 09:00:00+00:00,0,0,0.0,[]
2020-11-10 09:05:00+00:00,0,0,0.0,[]
2020-11-10 09:10:00+00:00,0,0,0.0,[]
2020-11-10 09:15:00+00:00,0,0,0.0,[]
2020-11-10 09:20:00+00:00,160,0,1.0,[160]
2020-11-10 09:25:00+00:00,0,0,0.0,[]
2020-11-10 09:30:00+00:00,0,0,0.0,[]
2020-11-10 09:35:00+00:00,80,0,1.0,[80]
2020-11-10 09:40:00+00:00,0,0,0.0,[]
2020-11-10 09:45:00+00:00,0,0,0.0,[]
2020-11-10 09:50:00+00:00,0,0,0.0,[]
2020-11-10 09:55:00+00:00,0,0,0.0,[]
2020-11-10 10:00:00+00:00,0,0,0.0,[]
2020-11-10 10:05:00+00:00,0,0,0.0,[]
2020-11-10 10:10:00+00:00,0,0,0.0,[]
2020-11-10 10:15:00+00:00,0,0,0.0,[]
2020-11-10 10:20:00+00:00,0,0,0.0,[]
2020-11-10 10:25:00+00:00,0,0,0.0,[]
2020-11-10 10:30:00+00:00,0,0,0.0,[]
2020-11-10 10:35:00+00:00,0,0,0.0,[]
2020-11-10 10:40:00+00:00,0,0,1.0,[0]
2020-11-10 10:45:00+00:00,20,0,1.0,[20]
2020-11-10 10:50:00+00:00,0,0,0.0,[]
2020-11-10 10:55:00+00:00,0,0,0.0,[]
2020-11-10 11:00:00+00:00,0,0,0.0,[]
2020-11-10 11:05:00+00:00,0,0,0.0,[]
2020-11-10 11:10:00+00:00,0,0,0.0,[]
2020-11-10 11:15:00+00:00,0,0,0.0,[]
2020-11-10 11:20:00+00:00,0,0,0.0,[]
2020-11-10 11:25:00+00:00,0,0,0.0,[]
2020-11-10 11:30:00+00:00,0,0,0.0,[]
2020-11-10 11:35:00+00:00,0,0,0.0,[]
2020-11-10 11:40:00+00:00,0,0,0.0,[]
2020-11-10 11:45:00+00:00,0,0,0.0,[]
2020-11-10 11:50:00+00:00,0,0,0.0,[]
2020-11-10 11:55:00+00:00,0,0,0.0,[]
2020-11-10 12:00:00+00:00,0,0,0.0,[]
2020-11-10 12:05:00+00:00,0,0,0.0,[]
2020-11-10 12:10:00+00:00,0,0,0.0,[]
2020-11-10 12:15:00+00:00,0,0,0.0,[]
2020-11-10 12:20:00+00:00,0,0,0.0,[]
2020-11-10 12:25:00+00:00,0,0,0.0,[]
2020-11-10 12:30:00+00:00,0,0,0.0,[]
2020-11-10 12:35:00+00:00,0,0,0.0,[]
2020-11-10 12:40:00+00:00,0,0,0.0,[]
2020-11-10 12:45:00+00:00,0,0,0.0,[]
2020-11-10 12:50:00+00:00,0,0,0.0,[]
2020-11-10 12:55:00+00:00,0,0,0.0,[]
2020-11-10 13:00:00+00:00,0,0,0.0,[]
2020-11-10 13:05:00+00:00,0,0,0.0,[]
2020-11-10 13:10:00+00:00,0,0,0.0,[]
2020-11-10 13:15:00+00:00,0,0,0.0,[]
2020-11-10 13:20:00+00:00,0,0,0.0,[]
2020-11-10 13:25:00+00:00,0,0,0.0,[]
2020-11-10 13:30:00+00:00,0,0,0.0,[]
2020-11-10 13:35:00+00:00,0,0,0.0,[]
2020-11-10 13:40:00+00:00,0,0,0.0,[]
2020-11-10 13:45:00+00:00,0,0,0.0,[]
2020-11-10 13:50:00+00:00,0,0,0.0,[]
2020-11-10 13:55:00+00:00,0,0,0.0,[]
2020-11-10 14:00:00+00:00,0,0,0.0,[]
2020-11-10 14:05:00+00:00,0,0,0.0,[]
2020-11-10 14:10:00+00:00,0,0,0.0,[]
2020-11-10 14:15:00+00:00,0,0,0.0,[]
2020-11-10 14:20:00+00:00,0,0,0.0,[]
2020-11-10 14:25:00+00:00,0,0,0.0,[]
2020-11-10 14:30:00+00:00,0,0,0.0,[]
2020-11-10 14:35:00+00:00,0,0,0.0,[]
2020-11-10 14:40:00+00:00,0,0,0.0,[]
2020-11-10 14:45:00+00:00,0,0,0.0,[]
2020-11-10 14:50:00+00:00,0,0,0.0,[]
2020-11-10 14:55:00+00:00,0,0,0.0,[]
2020-11-10 15:00:00+00:00,0,0,0.0,[]
2020-11-10 15:05:00+00:00,0,0,0.0,[]
2020-11-10 15:10:00+00:00,0,0,0.0,[]
2020-11-10 15:15:00+00:00,0,0,0.0,[]
2020-11-10 15:20:00+00:00,0,0,0.0,[]
2020-11-10 15:25:00+00:00,0,0,0.0,[]
2020-11-10 15:30:00+00:00,0,0,0.0,[]
2020-11-10 15:35:00+00:00,7950,0,1.0,[7950]
2020-11-10 15:40:00+00:00,7950,0,1.0,[7950]
2020-11-10 15:45:00+00:00,0,0,0.0,[]
2020-11-10 15:50:00+00:00,0,0,0.0,[]
2020-11-10 15:55:00+00:00,100,0,1.0,[100]
2020-11-10 16:00:00+00:00,0,0,0.0,[]
2020-11-10 16:05:00+00:00,0,0,0.0,[]
2020-11-10 16:10:00+00:00,0,0,0.0,[]
2020-11-10 16:15:00+00:00,0,0,0.0,[]
2020-11-10 16:20:00+00:00,0,0,0.0,[]
2020-11-10 16:25:00+00:00,0,0,0.0,[]
2020-11-10 16:30:00+00:00,0,0,0.0,[]
2020-11-10 16:35:00+00:00,0,0,0.0,[]
2020-11-10 16:40:00+00:00,80,0,1.0,[80]
2020-11-10 16:45:00+00:00,0,0,0.0,[]
2020-11-10 16:50:00+00:00,0,0,0.0,[]
2020-11-10 16:55:00+00:00,0,0,0.0,[]
2020-11-10 17:00:00+00:00,320,0,1.0,[320]
2020-11-10 17:05:00+00:00,0,0,0.0,[]
2020-11-10 17:10:00+00:00,0,0,0.0,[]
2020-11-10 17:15:00+00:00,0,0,0.0,[]
2020-11-10 17:20:00+00:00,1970,0,1.0,[1970]
2020-11-10 17:25:00+00:00,0,0,0.0,[]
2020-11-10 17:30:00+00:00,3940,0,2.0,"[1970, 1970]"
2020-11-10 17:35:00+00:00,1970,0,1.0,[1970]
2020-11-10 17:40:00+00:00,0,0,0.0,[]
2020-11-10 17:45:00+00:00,1970,0,1.0,[1970]
2020-11-10 17:50:00+00:00,3950,0,3.0,"[1970, 10, 1970]"
2020-11-10 17:55:00+00:00,0,0,0.0,[]
2020-11-10 18:00:00+00:00,4800,0,3.0,"[10, 2820, 1970]"
2020-11-10 18:05:00+00:00,1970,0,1.0,[1970]
2020-11-10 18:10:00+00:00,3940,0,2.0,"[1970, 1970]"
2020-11-10 18:15:00+00:00,2820,0,1.0,[2820]
2020-11-10 18:20:00+00:00,10,0,2.0,"[10, 0]"
2020-11-10 18:25:00+00:00,5640,0,2.0,"[2820, 2820]"
2020-11-10 18:30:00+00:00,2820,0,1.0,[2820]
2020-11-10 18:35:00+00:00,0,0,0.0,[]
2020-11-10 18:40:00+00:00,0,0,0.0,[]
2020-11-10 18:45:00+00:00,0,0,0.0,[]
2020-11-10 18:50:00+00:00,0,0,0.0,[]
2020-11-10 18:55:00+00:00,0,0,0.0,[]
2020-11-10 19:00:00+00:00,0,0,0.0,[]
2020-11-10 19:05:00+00:00,0,0,0.0,[]
2020-11-10 19:10:00+00:00,0,0,0.0,[]
2020-11-10 19:15:00+00:00,510,0,1.0,[510]
2020-11-10 19:20:00+00:00,0,0,0.0,[]
2020-11-10 19:25:00+00:00,0,0,0.0,[]
2020-11-10 19:30:00+00:00,0,0,0.0,[]
2020-11-10 19:35:00+00:00,0,0,0.0,[]
2020-11-10 19:40:00+00:00,0,0,0.0,[]
2020-11-10 19:45:00+00:00,10,0,1.0,[10]
2020-11-10 19:50:00+00:00,11260,0,2.0,"[7950, 3310]"
2020-11-10 19:55:00+00:00,1320,0,1.0,[1320]
2020-11-10 20:00:00+00:00,0,0,0.0,[]
2020-11-10 20:05:00+00:00,0,0,0.0,[]
2020-11-10 20:10:00+00:00,0,0,0.0,[]
2020-11-10 20:15:00+00:00,790,0,1.0,[790]
2020-11-10 20:20:00+00:00,0,0,0.0,[]
2020-11-10 20:25:00+00:00,0,0,0.0,[]
2020-11-10 20:30:00+00:00,0,0,0.0,[]
2020-11-10 20:35:00+00:00,0,0,0.0,[]
2020-11-10 20:40:00+00:00,100,0,1.0,[100]
2020-11-10 20:45:00+00:00,0,0,0.0,[]
2020-11-10 20:50:00+00:00,0,0,0.0,[]
2020-11-10 20:55:00+00:00,0,0,0.0,[]
2020-11-10 21:00:00+00:00,0,0,0.0,[]
2020-11-10 21:05:00+00:00,3790,0,1.0,[3790]
2020-11-10 21:10:00+00:00,0,0,0.0,[]
2020-11-10 21:15:00+00:00,0,0,0.0,[]
2020-11-10 21:20:00+00:00,0,0,0.0,[]
2020-11-10 21:25:00+00:00,0,0,0.0,[]
2020-11-10 21:30:00+00:00,0,0,0.0,[]
2020-11-10 21:35:00+00:00,0,0,0.0,[]
2020-11-10 21:40:00+00:00,1850,0,1.0,[1850]
2020-11-10 21:45:00+00:00,0,0,0.0,[]
2020-11-10 21:50:00+00:00,0,0,0.0,[]
2020-11-10 21:55:00+00:00,0,0,0.0,[]
2020-11-10 22:00:00+00:00,0,0,0.0,[]
2020-11-10 22:05:00+00:00,0,0,0.0,[]
2020-11-10 22:10:00+00:00,0,0,0.0,[]
2020-11-10 22:15:00+00:00,11880,0,2.0,"[6220, 5660]"
2020-11-10 22:20:00+00:00,0,0,0.0,[]
2020-11-10 22:25:00+00:00,0,0,0.0,[]
2020-11-10 22:30:00+00:00,0,0,0.0,[]
2020-11-10 22:35:00+00:00,0,0,0.0,[]
2020-11-10 22:40:00+00:00,0,0,0.0,[]
2020-11-10 22:45:00+00:00,0,0,0.0,[]
2020-11-10 22:50:00+00:00,1300,0,2.0,"[650, 650]"
2020-11-10 22:55:00+00:00,0,0,0.0,[]
2020-11-10 23:00:00+00:00,0,0,0.0,[]
2020-11-10 23:05:00+00:00,0,0,0.0,[]
2020-11-10 23:10:00+00:00,0,0,0.0,[]
2020-11-10 23:15:00+00:00,0,0,0.0,[]
2020-11-10 23:20:00+00:00,0,0,0.0,[]
2020-11-10 23:25:00+00:00,0,0,0.0,[]
2020-11-10 23:30:00+00:00,0,0,0.0,[]
2020-11-10 23:35:00+00:00,0,0,0.0,[]
2020-11-10 23:40:00+00:00,0,0,0.0,[]
2020-11-10 23:45:00+00:00,0,0,0.0,[]
2020-11-10 23:50:00+00:00,0,0,0.0,[]
2020-11-10 23:55:00+00:00,0,0,0.0,[]
2020-11-11 00:00:00+00:00,0,0,0.0,[]
2020-11-11 00:05:00+00:00,0,0,0.0,[]
2020-11-11 00:10:00+00:00,50,0,1.0,[50]
2020-11-11 00:15:00+00:00,0,0,0.0,[]
2020-11-11 00:20:00+00:00,4260,0,1.0,[4260]
2020-11-11 00:25:00+00:00,0,0,0.0,[]
2020-11-11 00:30:00+00:00,0,0,0.0,[]
2020-11-11 00:35:00+00:00,0,0,0.0,[]
2020-11-11 00:40:00+00:00,0,0,0.0,[]
2020-11-11 00:45:00+00:00,0,0,0.0,[]
2020-11-11 00:50:00+00:00,0,0,0.0,[]
2020-11-11 00:55:00+00:00,0,0,0.0,[]
2020-11-11 01:00:00+00:00,0,0,0.0,[]
2020-11-11 01:05:00+00:00,0,0,0.0,[]
2020-11-11 01:10:00+00:00,0,0,0.0,[]
2020-11-11 01:15:00+00:00,0,0,0.0,[]
2020-11-11 01:20:00+00:00,440,0,1.0,[440]
2020-11-11 01:25:00+00:00,0,0,0.0,[]
2020-11-11 01:30:00+00:00,0,0,0.0,[]
2020-11-11 01:35:00+00:00,0,0,0.0,[]
2020-11-11 01:40:00+00:00,0,0,0.0,[]
2020-11-11 01:45:00+00:00,0,0,0.0,[]
2020-11-11 01:50:00+00:00,0,0,0.0,[]
2020-11-11 01:55:00+00:00,0,0,0.0,[]
2020-11-11 02:00:00+00:00,0,0,0.0,[]
2020-11-11 02:05:00+00:00,0,0,0.0,[]
2020-11-11 02:10:00+00:00,0,0,0.0,[]
2020-11-11 02:15:00+00:00,0,0,0.0,[]
2020-11-11 02:20:00+00:00,0,0,0.0,[]
2020-11-11 02:25:00+00:00,0,0,0.0,[]
2020-11-11 02:30:00+00:00,0,0,0.0,[]
2020-11-11 02:35:00+00:00,0,0,0.0,[]
2020-11-11 02:40:00+00:00,0,0,0.0,[]
2020-11-11 02:45:00+00:00,0,0,0.0,[]
2020-11-11 02:50:00+00:00,0,0,0.0,[]
2020-11-11 02:55:00+00:00,0,0,0.0,[]
2020-11-11 03:00:00+00:00,1260,0,1.0,[1260]
2020-11-11 03:05:00+00:00,0,0,0.0,[]
2020-11-11 03:10:00+00:00,0,0,0.0,[]
2020-11-11 03:15:00+00:00,0,0,0.0,[]
2020-11-11 03:20:00+00:00,0,0,0.0,[]
2020-11-11 03:25:00+00:00,0,0,0.0,[]
2020-11-11 03:30:00+00:00,0,0,0.0,[]
2020-11-11 03:35:00+00:00,0,0,0.0,[]
2020-11-11 03:40:00+00:00,0,0,0.0,[]
2020-11-11 03:45:00+00:00,0,0,0.0,[]
2020-11-11 03:50:00+00:00,50,0,1.0,[50]
2020-11-11 03:55:00+00:00,0,0,0.0,[]
2020-11-11 04:00:00+00:00,0,0,0.0,[]
2020-11-11 04:05:00+00:00,0,0,0.0,[]
2020-11-11 04:10:00+00:00,0,0,0.0,[]
2020-11-11 04:15:00+00:00,0,0,0.0,[]
2020-11-11 04:20:00+00:00,0,0,0.0,[]
2020-11-11 04:25:00+00:00,0,0,0.0,[]
2020-11-11 04:30:00+00:00,0,0,0.0,[]
2020-11-11 04:35:00+00:00,0,0,0.0,[]
2020-11-11 04:40:00+00:00,0,0,0.0,[]
2020-11-11 04:45:00+00:00,0,0,0.0,[]
2020-11-11 04:50:00+00:00,80,0,1.0,[80]
2020-11-11 04:55:00+00:00,0,0,0.0,[]
2020-11-11 05:00:00+00:00,0,0,0.0,[]
2020-11-11 05:05:00+00:00,0,0,0.0,[]
2020-11-11 05:10:00+00:00,0,0,0.0,[]
2020-11-11 05:15:00+00:00,0,0,0.0,[]
2020-11-11 05:20:00+00:00,0,0,0.0,[]
2020-11-11 05:25:00+00:00,0,0,0.0,[]
2020-11-11 05:30:00+00:00,0,0,0.0,[]
2020-11-11 05:35:00+00:00,0,0,0.0,[]
2020-11-11 05:40:00+00:00,0,0,0.0,[]
2020-11-11 05:45:00+00:00,0,0,0.0,[]
2020-11-11 05:50:00+00:00,0,0,0.0,[]
2020-11-11 05:55:00+00:00,0,0,0.0,[]
2020-11-11 06:00:00+00:00,0,0,0.0,[]
2020-11-11 06:05:00+00:00,0,0,0.0,[]
2020-11-11 06:10:00+00:00,0,0,0.0,[]
2020-11-11 06:15:00+00:00,0,0,0.0,[]
2020-11-11 06:20:00+00:00,0,0,0.0,[]
2020-11-11 06:25:00+00:00,0,0,0.0,[]
2020-11-11 06:30:00+00:00,0,0,0.0,[]
2020-11-11 06:35:00+00:00,0,0,0.0,[]
2020-11-11 06:40:00+00:00,0,0,0.0,[]
2020-11-11 06:45:00+00:00,80,0,1.0,[80]
2020-11-11 06:50:00+00:00,80,0,1.0,[80]
2020-11-11 06:55:00+00:00,0,0,0.0,[]
2020-11-11 07:00:00+00:00,0,0,0.0,[]
2020-11-11 07:05:00+00:00,0,0,0.0,[]
2020-11-11 07:10:00+00:00,0,0,0.0,[]
2020-11-11 07:15:00+00:00,20,0,1.0,[20]
2020-11-11 07:20:00+00:00,0,0,0.0,[]
2020-11-11 07:25:00+00:00,0,0,0.0,[]
2020-11-11 07:30:00+00:00,0,0,0.0,[]
2020-11-11 07:35:00+00:00,0,0,0.0,[]
2020-11-11 07:40:00+00:00,0,0,0.0,[]
2020-11-11 07:45:00+00:00,0,0,0.0,[]
2020-11-11 07:50:00+00:00,0,0,0.0,[]
2020-11-11 07:55:00+00:00,0,0,0.0,[]
2020-11-11 08:00:00+00:00,0,0,0.0,[]
2020-11-11 08:05:00+00:00,0,0,0.0,[]
2020-11-11 08:10:00+00:00,0,0,0.0,[]
2020-11-11 08:15:00+00:00,0,0,0.0,[]
2020-11-11 08:20:00+00:00,0,0,0.0,[]
2020-11-11 08:25:00+00:00,0,0,0.0,[]
2020-11-11 08:30:00+00:00,0,0,0.0,[]
2020-11-11 08:35:00+00:00,0,0,0.0,[]
2020-11-11 08:40:00+00:00,0,0,0.0,[]
2020-11-11 08:45:00+00:00,0,0,0.0,[]
2020-11-11 08:50:00+00:00,0,0,0.0,[]
2020-11-11 08:55:00+00:00,0,0,0.0,[]
2020-11-11 09:00:00+00:00,0,0,0.0,[]
2020-11-11 09:05:00+00:00,0,0,0.0,[]
2020-11-11 09:10:00+00:00,0,0,0.0,[]
2020-11-11 09:15:00+00:00,0,0,0.0,[]
2020-11-11 09:20:00+00:00,0,0,0.0,[]
2020-11-11 09:25:00+00:00,0,0,0.0,[]
2020-11-11 09:30:00+00:00,0,0,0.0,[]
2020-11-11 09:35:00+00:00,0,0,0.0,[]
2020-11-11 09:40:00+00:00,0,0,0.0,[]
2020-11-11 09:45:00+00:00,0,0,0.0,[]
2020-11-11 09:50:00+00:00,0,0,0.0,[]
2020-11-11 09:55:00+00:00,0,0,0.0,[]
2020-11-11 10:00:00+00:00,0,0,0.0,[]
2020-11-11 10:05:00+00:00,0,0,0.0,[]
2020-11-11 10:10:00+00:00,0,0,0.0,[]
2020-11-11 10:15:00+00:00,0,0,0.0,[]
2020-11-11 10:20:00+00:00,0,0,0.0,[]
2020-11-11 10:25:00+00:00,0,0,0.0,[]
2020-11-11 10:30:00+00:00,0,0,0.0,[]
2020-11-11 10:35:00+00:00,0,0,0.0,[]
2020-11-11 10:40:00+00:00,50,0,1.0,[50]
2020-11-11 10:45:00+00:00,0,0,0.0,[]
2020-11-11 10:50:00+00:00,0,0,0.0,[]
2020-11-11 10:55:00+00:00,0,0,0.0,[]
2020-11-11 11:00:00+00:00,0,0,0.0,[]
2020-11-11 11:05:00+00:00,0,0,0.0,[]
2020-11-11 11:10:00+00:00,0,0,0.0,[]
2020-11-11 11:15:00+00:00,0,0,0.0,[]
2020-11-11 11:20:00+00:00,3940,0,2.0,"[1970, 1970]"
2020-11-11 11:25:00+00:00,0,0,0.0,[]
2020-11-11 11:30:00+00:00,1970,0,1.0,[1970]
2020-11-11 11:35:00+00:00,0,0,0.0,[]
2020-11-11 11:40:00+00:00,0,0,0.0,[]
2020-11-11 11:45:00+00:00,0,0,0.0,[]
2020-11-11 11:50:00+00:00,0,0,0.0,[]
2020-11-11 11:55:00+00:00,0,0,0.0,[]
2020-11-11 12:00:00+00:00,0,0,0.0,[]
2020-11-11 12:05:00+00:00,0,0,0.0,[]
2020-11-11 12:10:00+00:00,1970,0,1.0,[1970]
2020-11-11 12:15:00+00:00,100,0,1.0,[100]
2020-11-11 12:20:00+00:00,0,0,0.0,[]
2020-11-11 12:25:00+00:00,0,0,0.0,[]
2020-11-11 12:30:00+00:00,0,0,0.0,[]
2020-11-11 12:35:00+00:00,0,0,0.0,[]
2020-11-11 12:40:00+00:00,0,0,0.0,[]
2020-11-11 12:45:00+00:00,0,0,0.0,[]
2020-11-11 12:50:00+00:00,0,0,0.0,[]
2020-11-11 12:55:00+00:00,0,0,0.0,[]
2020-11-11 13:00:00+00:00,0,0,0.0,[]
2020-11-11 13:05:00+00:00,0,0,0.0,[]
2020-11-11 13:10:00+00:00,240,0,1.0,[240]
2020-11-11 13:15:00+00:00,0,0,0.0,[]
2020-11-11 13:20:00+00:00,0,0,0.0,[]
2020-11-11 13:25:00+00:00,0,0,0.0,[]
2020-11-11 13:30:00+00:00,0,0,0.0,[]
2020-11-11 13:35:00+00:00,0,0,0.0,[]
2020-11-11 13:40:00+00:00,0,0,0.0,[]
2020-11-11 13:45:00+00:00,0,0,0.0,[]
2020-11-11 13:50:00+00:00,0,0,0.0,[]
2020-11-11 13:55:00+00:00,0,0,0.0,[]
2020-11-11 14:00:00+00:00,0,0,0.0,[]
2020-11-11 14:05:00+00:00,0,0,0.0,[]
2020-11-11 14:10:00+00:00,0,0,0.0,[]
2020-11-11 14:15:00+00:00,0,0,0.0,[]
2020-11-11 14:20:00+00:00,0,0,0.0,[]
2020-11-11 14:25:00+00:00,10,0,1.0,[10]
2020-11-11 14:30:00+00:00,0,0,0.0,[]
2020-11-11 14:35:00+00:00,10,0,1.0,[10]
2020-11-11 14:40:00+00:00,0,0,0.0,[]
2020-11-11 14:45:00+00:00,0,0,0.0,[]
2020-11-11 14:50:00+00:00,0,0,0.0,[]
2020-11-11 14:55:00+00:00,0,0,0.0,[]
2020-11-11 15:00:00+00:00,0,0,0.0,[]
2020-11-11 15:05:00+00:00,0,0,0.0,[]
2020-11-11 15:10:00+00:00,0,0,0.0,[]
2020-11-11 15:15:00+00:00,0,0,0.0,[]
2020-11-11 15:20:00+00:00,0,0,0.0,[]
2020-11-11 15:25:00+00:00,0,0,0.0,[]
2020-11-11 15:30:00+00:00,0,0,0.0,[]
2020-11-11 15:35:00+00:00,0,0,0.0,[]
2020-11-11 15:40:00+00:00,0,0,0.0,[]
2020-11-11 15:45:00+00:00,0,0,0.0,[]
2020-11-11 15:50:00+00:00,0,0,0.0,[]
2020-11-11 15:55:00+00:00,0,0,0.0,[]
2020-11-11 16:00:00+00:00,0,0,0.0,[]
2020-11-11 16:05:00+00:00,0,0,0.0,[]
2020-11-11 16:10:00+00:00,0,0,0.0,[]
2020-11-11 16:15:00+00:00,0,0,0.0,[]
2020-11-11 16:20:00+00:00,0,0,0.0,[]
2020-11-11 16:25:00+00:00,0,0,0.0,[]
2020-11-11 16:30:00+00:00,0,0,0.0,[]
2020-11-11 16:35:00+00:00,0,0,0.0,[]
2020-11-11 16:40:00+00:00,0,0,0.0,[]
2020-11-11 16:45:00+00:00,0,0,0.0,[]
2020-11-11 16:50:00+00:00,0,0,0.0,[]
2020-11-11 16:55:00+00:00,0,0,0.0,[]
2020-11-11 17:00:00+00:00,0,0,0.0,[]
2020-11-11 17:05:00+00:00,0,0,0.0,[]
2020-11-11 17:10:00+00:00,0,0,0.0,[]
2020-11-11 17:15:00+00:00,0,0,0.0,[]
2020-11-11 17:20:00+00:00,0,0,0.0,[]
2020-11-11 17:25:00+00:00,20,0,1.0,[20]
2020-11-11 17:30:00+00:00,0,0,0.0,[]
2020-11-11 17:35:00+00:00,0,0,0.0,[]
2020-11-11 17:40:00+00:00,0,0,0.0,[]
2020-11-11 17:45:00+00:00,0,0,0.0,[]
2020-11-11 17:50:00+00:00,0,0,0.0,[]
2020-11-11 17:55:00+00:00,0,0,0.0,[]
2020-11-11 18:00:00+00:00,0,0,0.0,[]
2020-11-11 18:05:00+00:00,0,0,0.0,[]
2020-11-11 18:10:00+00:00,0,0,0.0,[]
2020-11-11 18:15:00+00:00,0,0,0.0,[]
2020-11-11 18:20:00+00:00,0,0,0.0,[]
2020-11-11 18:25:00+00:00,20,0,1.0,[20]
2020-11-11 18:30:00+00:00,0,0,0.0,[]
2020-11-11 18:35:00+00:00,0,0,0.0,[]
2020-11-11 18:40:00+00:00,0,0,0.0,[]
2020-11-11 18:45:00+00:00,0,0,0.0,[]
2020-11-11 18:50:00+00:00,0,0,0.0,[]
2020-11-11 18:55:00+00:00,0,0,0.0,[]
2020-11-11 19:00:00+00:00,0,0,0.0,[]
2020-11-11 19:05:00+00:00,0,0,0.0,[]
2020-11-11 19:10:00+00:00,0,0,0.0,[]
2020-11-11 19:15:00+00:00,0,0,0.0,[]
2020-11-11 19:20:00+00:00,0,0,0.0,[]
2020-11-11 19:25:00+00:00,0,0,0.0,[]
2020-11-11 19:30:00+00:00,0,0,0.0,[]
2020-11-11 19:35:00+00:00,0,0,0.0,[]
2020-11-11 19:40:00+00:00,210,0,3.0,"[70, 70, 70]"
2020-11-11 19:45:00+00:00,140,0,2.0,"[70, 70]"
2020-11-11 19:50:00+00:00,210,0,3.0,"[70, 70, 70]"
2020-11-11 19:55:00+00:00,280,0,4.0,"[70, 70, 70, 70]"
2020-11-11 20:00:00+00:00,0,0,0.0,[]
2020-11-11 20:05:00+00:00,70,0,1.0,[70]
2020-11-11 20:10:00+00:00,70,0,1.0,[70]
2020-11-11 20:15:00+00:00,140,0,2.0,"[70, 70]"
2020-11-11 20:20:00+00:00,70,0,1.0,[70]
2020-11-11 20:25:00+00:00,140,0,2.0,"[70, 70]"
2020-11-11 20:30:00+00:00,140,0,2.0,"[70, 70]"
2020-11-11 20:35:00+00:00,210,0,3.0,"[70, 70, 70]"
2020-11-11 20:40:00+00:00,210,0,3.0,"[70, 70, 70]"
2020-11-11 20:45:00+00:00,0,0,0.0,[]
2020-11-11 20:50:00+00:00,0,0,0.0,[]
2020-11-11 20:55:00+00:00,0,0,0.0,[]
2020-11-11 21:00:00+00:00,0,0,0.0,[]
2020-11-11 21:05:00+00:00,0,0,0.0,[]
2020-11-11 21:10:00+00:00,0,0,0.0,[]
2020-11-11 21:15:00+00:00,0,0,0.0,[]
2020-11-11 21:20:00+00:00,0,0,0.0,[]
2020-11-11 21:25:00+00:00,480,0,1.0,[480]
2020-11-11 21:30:00+00:00,0,0,0.0,[]
2020-11-11 21:35:00+00:00,0,0,0.0,[]
2020-11-11 21:40:00+00:00,0,0,0.0,[]
2020-11-11 21:45:00+00:00,0,0,0.0,[]
2020-11-11 21:50:00+00:00,0,0,0.0,[]
2020-11-11 21:55:00+00:00,1040,0,2.0,"[520, 520]"
2020-11-11 22:00:00+00:00,0,0,0.0,[]
2020-11-11 22:05:00+00:00,0,0,0.0,[]
2020-11-11 22:10:00+00:00,0,0,0.0,[]
2020-11-11 22:15:00+00:00,0,0,0.0,[]
2020-11-11 22:20:00+00:00,0,0,0.0,[]
2020-11-11 22:25:00+00:00,0,0,0.0,[]
2020-11-11 22:30:00+00:00,0,0,0.0,[]
2020-11-11 22:35:00+00:00,0,0,0.0,[]
2020-11-11 22:40:00+00:00,0,0,0.0,[]
2020-11-11 22:45:00+00:00,0,0,0.0,[]
2020-11-11 22:50:00+00:00,0,0,0.0,[]
2020-11-11 22:55:00+00:00,0,0,0.0,[]
2020-11-11 23:00:00+00:00,0,0,0.0,[]
2020-11-11 23:05:00+00:00,0,0,0.0,[]
2020-11-11 23:10:00+00:00,0,0,0.0,[]
2020-11-11 23:15:00+00:00,0,0,0.0,[]
2020-11-11 23:20:00+00:00,160,0,1.0,[160]
2020-11-11 23:25:00+00:00,140,0,1.0,[140]
2020-11-11 23:30:00+00:00,0,0,0.0,[]
2020-11-11 23:35:00+00:00,0,0,0.0,[]
2020-11-11 23:40:00+00:00,0,0,0.0,[]
2020-11-11 23:45:00+00:00,0,0,0.0,[]
2020-11-11 23:50:00+00:00,0,0,0.0,[]
2020-11-11 23:55:00+00:00,0,0,0.0,[]
2020-11-12 00:00:00+00:00,0,0,0.0,[]
2020-11-12 00:05:00+00:00,0,0,0.0,[]
2020-11-12 00:10:00+00:00,70,0,1.0,[70]
2020-11-12 00:15:00+00:00,140,0,2.0,"[70, 70]"
2020-11-12 00:20:00+00:00,140,0,2.0,"[10, 130]"
2020-11-12 00:25:00+00:00,70,0,1.0,[70]
2020-11-12 00:30:00+00:00,0,0,0.0,[]
2020-11-12 00:35:00+00:00,0,0,0.0,[]
2020-11-12 00:40:00+00:00,0,0,0.0,[]
2020-11-12 00:45:00+00:00,0,0,0.0,[]
2020-11-12 00:50:00+00:00,0,0,0.0,[]
2020-11-12 00:55:00+00:00,0,0,0.0,[]
2020-11-12 01:00:00+00:00,0,0,0.0,[]
2020-11-12 01:05:00+00:00,0,0,0.0,[]
2020-11-12 01:10:00+00:00,140,0,2.0,"[70, 70]"
2020-11-12 01:15:00+00:00,70,0,1.0,[70]
2020-11-12 01:20:00+00:00,0,0,1.0,[0]
2020-11-12 01:25:00+00:00,0,0,0.0,[]
2020-11-12 01:30:00+00:00,0,0,0.0,[]
2020-11-12 01:35:00+00:00,0,0,0.0,[]
2020-11-12 01:40:00+00:00,0,0,0.0,[]
2020-11-12 01:45:00+00:00,0,0,0.0,[]
2020-11-12 01:50:00+00:00,0,0,0.0,[]
2020-11-12 01:55:00+00:00,0,0,0.0,[]
2020-11-12 02:00:00+00:00,2040,0,1.0,[2040]
2020-11-12 02:05:00+00:00,0,0,0.0,[]
2020-11-12 02:10:00+00:00,2260,0,1.0,[2260]
2020-11-12 02:15:00+00:00,0,0,0.0,[]
2020-11-12 02:20:00+00:00,0,0,0.0,[]
2020-11-12 02:25:00+00:00,0,0,0.0,[]
2020-11-12 02:30:00+00:00,0,0,0.0,[]
2020-11-12 02:35:00+00:00,0,0,0.0,[]
2020-11-12 02:40:00+00:00,0,0,0.0,[]
2020-11-12 02:45:00+00:00,0,0,0.0,[]
2020-11-12 02:50:00+00:00,80,0,1.0,[80]
2020-11-12 02:55:00+00:00,0,0,0.0,[]
2020-11-12 03:00:00+00:00,0,0,0.0,[]
2020-11-12 03:05:00+00:00,80,0,1.0,[80]
2020-11-12 03:10:00+00:00,0,0,0.0,[]
2020-11-12 03:15:00+00:00,0,0,0.0,[]
2020-11-12 03:20:00+00:00,0,0,0.0,[]
2020-11-12 03:25:00+00:00,0,0,0.0,[]
2020-11-12 03:30:00+00:00,0,0,0.0,[]
2020-11-12 03:35:00+00:00,0,0,0.0,[]
2020-11-12 03:40:00+00:00,0,0,0.0,[]
2020-11-12 03:45:00+00:00,0,0,0.0,[]
2020-11-12 03:50:00+00:00,70,0,1.0,[70]
2020-11-12 03:55:00+00:00,0,0,0.0,[]
2020-11-12 04:00:00+00:00,0,0,0.0,[]
2020-11-12 04:05:00+00:00,0,0,0.0,[]
2020-11-12 04:10:00+00:00,70,0,1.0,[70]
2020-11-12 04:15:00+00:00,3470,0,2.0,"[0, 3470]"
2020-11-12 04:20:00+00:00,0,0,0.0,[]
2020-11-12 04:25:00+00:00,0,0,0.0,[]
2020-11-12 04:30:00+00:00,0,0,0.0,[]
2020-11-12 04:35:00+00:00,0,0,0.0,[]
2020-11-12 04:40:00+00:00,0,0,0.0,[]
2020-11-12 04:45:00+00:00,0,0,0.0,[]
2020-11-12 04:50:00+00:00,0,0,1.0,[0]
2020-11-12 04:55:00+00:00,0,0,0.0,[]
2020-11-12 05:00:00+00:00,0,0,0.0,[]
2020-11-12 05:05:00+00:00,0,0,0.0,[]
2020-11-12 05:10:00+00:00,0,0,0.0,[]
2020-11-12 05:15:00+00:00,0,0,0.0,[]
2020-11-12 05:20:00+00:00,10,0,1.0,[10]
2020-11-12 05:25:00+00:00,380,0,1.0,[380]
2020-11-12 05:30:00+00:00,0,0,0.0,[]
2020-11-12 05:35:00+00:00,0,0,0.0,[]
2020-11-12 05:40:00+00:00,0,0,0.0,[]
2020-11-12 05:45:00+00:00,0,0,0.0,[]
2020-11-12 05:50:00+00:00,0,0,0.0,[]
2020-11-12 05:55:00+00:00,0,0,0.0,[]
2020-11-12 06:00:00+00:00,0,0,0.0,[]
2020-11-12 06:05:00+00:00,0,0,0.0,[]
2020-11-12 06:10:00+00:00,0,0,0.0,[]
2020-11-12 06:15:00+00:00,0,0,0.0,[]
2020-11-12 06:20:00+00:00,0,0,0.0,[]
2020-11-12 06:25:00+00:00,0,0,0.0,[]
2020-11-12 06:30:00+00:00,0,0,0.0,[]
2020-11-12 06:35:00+00:00,0,0,0.0,[]
2020-11-12 06:40:00+00:00,0,0,0.0,[]
2020-11-12 06:45:00+00:00,0,0,0.0,[]
2020-11-12 06:50:00+00:00,0,0,0.0,[]
2020-11-12 06:55:00+00:00,0,0,0.0,[]
2020-11-12 07:00:00+00:00,0,0,0.0,[]
2020-11-12 07:05:00+00:00,0,0,0.0,[]
2020-11-12 07:10:00+00:00,0,0,0.0,[]
2020-11-12 07:15:00+00:00,0,0,0.0,[]
2020-11-12 07:20:00+00:00,0,0,0.0,[]
2020-11-12 07:25:00+00:00,0,0,0.0,[]
2020-11-12 07:30:00+00:00,0,0,0.0,[]
2020-11-12 07:35:00+00:00,0,0,0.0,[]
2020-11-12 07:40:00+00:00,2250,0,1.0,[2250]
2020-11-12 07:45:00+00:00,0,0,0.0,[]
2020-11-12 07:50:00+00:00,0,0,0.0,[]
2020-11-12 07:55:00+00:00,0,0,0.0,[]
2020-11-12 08:00:00+00:00,0,0,0.0,[]
2020-11-12 08:05:00+00:00,0,0,0.0,[]
2020-11-12 08:10:00+00:00,0,0,0.0,[]
2020-11-12 08:15:00+00:00,0,0,0.0,[]
2020-11-12 08:20:00+00:00,0,0,0.0,[]
2020-11-12 08:25:00+00:00,0,0,0.0,[]
2020-11-12 08:30:00+00:00,4150,0,3.0,"[1960, 1960, 230]"
2020-11-12 08:35:00+00:00,0,0,0.0,[]
2020-11-12 08:40:00+00:00,0,0,0.0,[]
2020-11-12 08:45:00+00:00,60,0,1.0,[60]
2020-11-12 08:50:00+00:00,0,0,0.0,[]
2020-11-12 08:55:00+00:00,1960,0,1.0,[1960]
2020-11-12 09:00:00+00:00,690,0,3.0,"[230, 230, 230]"
2020-11-12 09:05:00+00:00,2530,0,11.0,"[230, 230, 230, 230, 230, 230, 230, 230, 230, 230, 230]"
2020-11-12 09:10:00+00:00,230,0,1.0,[230]
2020-11-12 09:15:00+00:00,0,0,0.0,[]
2020-11-12 09:20:00+00:00,0,0,0.0,[]
2020-11-12 09:25:00+00:00,0,0,0.0,[]
2020-11-12 09:30:00+00:00,0,0,0.0,[]
2020-11-12 09:35:00+00:00,0,0,0.0,[]
2020-11-12 09:40:00+00:00,0,0,0.0,[]
2020-11-12 09:45:00+00:00,0,0,0.0,[]
2020-11-12 09:50:00+00:00,4890,0,3.0,"[1630, 1630, 1630]"
2020-11-12 09:55:00+00:00,0,0,0.0,[]
2020-11-12 10:00:00+00:00,0,0,0.0,[]
2020-11-12 10:05:00+00:00,3920,0,2.0,"[1960, 1960]"
2020-11-12 10:10:00+00:00,0,0,0.0,[]
2020-11-12 10:15:00+00:00,0,0,0.0,[]
2020-11-12 10:20:00+00:00,0,0,0.0,[]
2020-11-12 10:25:00+00:00,0,0,0.0,[]
2020-11-12 10:30:00+00:00,0,0,0.0,[]
2020-11-12 10:35:00+00:00,0,0,0.0,[]
2020-11-12 10:40:00+00:00,0,0,0.0,[]
2020-11-12 10:45:00+00:00,0,0,0.0,[]
2020-11-12 10:50:00+00:00,0,0,0.0,[]
2020-11-12 10:55:00+00:00,0,0,0.0,[]
2020-11-12 11:00:00+00:00,0,0,0.0,[]
2020-11-12 11:05:00+00:00,0,0,0.0,[]
2020-11-12 11:10:00+00:00,27080,0,4.0,"[14340, 4910, 380, 7450]"
2020-11-12 11:15:00+00:00,16920,0,3.0,"[4920, 7540, 4460]"
2020-11-12 11:20:00+00:00,6440,0,1.0,[6440]
2020-11-12 11:25:00+00:00,19900,0,3.0,"[6480, 6710, 6710]"
2020-11-12 11:30:00+00:00,0,0,0.0,[]
2020-11-12 11:35:00+00:00,0,0,0.0,[]
2020-11-12 11:40:00+00:00,0,0,0.0,[]
2020-11-12 11:45:00+00:00,0,0,0.0,[]
2020-11-12 11:50:00+00:00,0,0,0.0,[]
2020-11-12 11:55:00+00:00,0,0,0.0,[]
2020-11-12 12:00:00+00:00,850,0,2.0,"[410, 440]"
2020-11-12 12:05:00+00:00,10210,0,2.0,"[90, 10120]"
2020-11-12 12:10:00+00:00,1600,0,2.0,"[610, 990]"
2020-11-12 12:15:00+00:00,540,0,1.0,[540]
2020-11-12 12:20:00+00:00,0,0,0.0,[]
2020-11-12 12:25:00+00:00,0,0,0.0,[]
2020-11-12 12:30:00+00:00,360,0,2.0,"[50, 310]"
2020-11-12 12:35:00+00:00,2090,0,3.0,"[10, 120, 1960]"
2020-11-12 12:40:00+00:00,330,0,1.0,[330]
2020-11-12 12:45:00+00:00,430,0,1.0,[430]
2020-11-12 12:50:00+00:00,140,0,1.0,[140]
2020-11-12 12:55:00+00:00,0,0,0.0,[]
2020-11-12 13:00:00+00:00,0,0,0.0,[]
2020-11-12 13:05:00+00:00,0,0,0.0,[]
2020-11-12 13:10:00+00:00,0,0,0.0,[]
2020-11-12 13:15:00+00:00,0,0,0.0,[]
2020-11-12 13:20:00+00:00,0,0,0.0,[]
2020-11-12 13:25:00+00:00,0,0,0.0,[]
2020-11-12 13:30:00+00:00,2040,0,1.0,[2040]
2020-11-12 13:35:00+00:00,0,0,0.0,[]
2020-11-12 13:40:00+00:00,0,0,0.0,[]
2020-11-12 13:45:00+00:00,0,0,0.0,[]
2020-11-12 13:50:00+00:00,1360,0,1.0,[1360]
2020-11-12 13:55:00+00:00,230,0,1.0,[230]
2020-11-12 14:00:00+00:00,0,0,0.0,[]
2020-11-12 14:05:00+00:00,0,0,0.0,[]
2020-11-12 14:10:00+00:00,0,0,0.0,[]
2020-11-12 14:15:00+00:00,0,0,0.0,[]
2020-11-12 14:20:00+00:00,0,0,0.0,[]
2020-11-12 14:25:00+00:00,0,0,0.0,[]
2020-11-12 14:30:00+00:00,0,0,0.0,[]
2020-11-12 14:35:00+00:00,0,0,0.0,[]
2020-11-12 14:40:00+00:00,0,0,0.0,[]
2020-11-12 14:45:00+00:00,0,0,0.0,[]
2020-11-12 14:50:00+00:00,0,0,0.0,[]
2020-11-12 14:55:00+00:00,0,0,0.0,[]
2020-11-12 15:00:00+00:00,0,0,0.0,[]
2020-11-12 15:05:00+00:00,0,0,0.0,[]
2020-11-12 15:10:00+00:00,0,0,0.0,[]
2020-11-12 15:15:00+00:00,0,0,0.0,[]
2020-11-12 15:20:00+00:00,0,0,0.0,[]
2020-11-12 15:25:00+00:00,0,0,0.0,[]
2020-11-12 15:30:00+00:00,0,0,0.0,[]
2020-11-12 15:35:00+00:00,0,0,0.0,[]
2020-11-12 15:40:00+00:00,0,0,0.0,[]
2020-11-12 15:45:00+00:00,0,0,0.0,[]
2020-11-12 15:50:00+00:00,0,0,0.0,[]
2020-11-12 15:55:00+00:00,0,0,0.0,[]
2020-11-12 16:00:00+00:00,0,0,0.0,[]
2020-11-12 16:05:00+00:00,0,0,0.0,[]
2020-11-12 16:10:00+00:00,0,0,0.0,[]
2020-11-12 16:15:00+00:00,0,0,0.0,[]
2020-11-12 16:20:00+00:00,0,0,0.0,[]
2020-11-12 16:25:00+00:00,0,0,0.0,[]
2020-11-12 16:30:00+00:00,0,0,0.0,[]
2020-11-12 16:35:00+00:00,0,0,0.0,[]
2020-11-12 16:40:00+00:00,0,0,0.0,[]
2020-11-12 16:45:00+00:00,0,0,0.0,[]
2020-11-12 16:50:00+00:00,0,0,0.0,[]
2020-11-12 16:55:00+00:00,0,0,0.0,[]
2020-11-12 17:00:00+00:00,0,0,0.0,[]
2020-11-12 17:05:00+00:00,0,0,0.0,[]
2020-11-12 17:10:00+00:00,0,0,0.0,[]
2020-11-12 17:15:00+00:00,0,0,0.0,[]
2020-11-12 17:20:00+00:00,0,0,0.0,[]
2020-11-12 17:25:00+00:00,2680,0,1.0,[2680]
2020-11-12 17:30:00+00:00,0,0,0.0,[]
2020-11-12 17:35:00+00:00,0,0,0.0,[]
2020-11-12 17:40:00+00:00,0,0,0.0,[]
2020-11-12 17:45:00+00:00,0,0,0.0,[]
2020-11-12 17:50:00+00:00,0,0,0.0,[]
2020-11-12 17:55:00+00:00,0,0,0.0,[]
2020-11-12 18:00:00+00:00,0,0,0.0,[]
2020-11-12 18:05:00+00:00,0,0,0.0,[]
2020-11-12 18:10:00+00:00,0,0,0.0,[]
2020-11-12 18:15:00+00:00,0,0,0.0,[]
2020-11-12 18:20:00+00:00,0,0,0.0,[]
2020-11-12 18:25:00+00:00,0,0,0.0,[]
2020-11-12 18:30:00+00:00,0,0,0.0,[]
2020-11-12 18:35:00+00:00,0,0,0.0,[]
2020-11-12 18:40:00+00:00,0,0,0.0,[]
2020-11-12 18:45:00+00:00,0,0,0.0,[]
2020-11-12 18:50:00+00:00,0,0,0.0,[]
2020-11-12 18:55:00+00:00,0,0,0.0,[]
2020-11-12 19:00:00+00:00,0,0,0.0,[]
2020-11-12 19:05:00+00:00,0,0,0.0,[]
2020-11-12 19:10:00+00:00,1970,0,1.0,[1970]
2020-11-12 19:15:00+00:00,1970,0,1.0,[1970]
2020-11-12 19:20:00+00:00,0,0,0.0,[]
2020-11-12 19:25:00+00:00,0,0,0.0,[]
2020-11-12 19:30:00+00:00,0,0,0.0,[]
2020-11-12 19:35:00+00:00,0,0,0.0,[]
2020-11-12 19:40:00+00:00,0,0,0.0,[]
2020-11-12 19:45:00+00:00,0,0,0.0,[]
2020-11-12 19:50:00+00:00,0,0,0.0,[]
2020-11-12 19:55:00+00:00,0,0,0.0,[]
2020-11-12 20:00:00+00:00,0,0,0.0,[]
2020-11-12 20:05:00+00:00,0,0,0.0,[]
2020-11-12 20:10:00+00:00,0,0,0.0,[]
2020-11-12 20:15:00+00:00,0,0,0.0,[]
2020-11-12 20:20:00+00:00,0,0,0.0,[]
2020-11-12 20:25:00+00:00,0,0,0.0,[]
2020-11-12 20:30:00+00:00,0,0,0.0,[]
2020-11-12 20:35:00+00:00,0,0,0.0,[]
2020-11-12 20:40:00+00:00,2820,0,1.0,[2820]
2020-11-12 20:45:00+00:00,0,0,0.0,[]
2020-11-12 20:50:00+00:00,0,0,0.0,[]
2020-11-12 20:55:00+00:00,0,0,0.0,[]
2020-11-12 21:00:00+00:00,0,0,0.0,[]
2020-11-12 21:05:00+00:00,0,0,0.0,[]
2020-11-12 21:10:00+00:00,0,0,0.0,[]
2020-11-12 21:15:00+00:00,0,0,0.0,[]
2020-11-12 21:20:00+00:00,0,0,0.0,[]
2020-11-12 21:25:00+00:00,0,0,0.0,[]
2020-11-12 21:30:00+00:00,0,0,0.0,[]
2020-11-12 21:35:00+00:00,0,0,0.0,[]
2020-11-12 21:40:00+00:00,0,0,0.0,[]
2020-11-12 21:45:00+00:00,0,0,0.0,[]
2020-11-12 21:50:00+00:00,0,0,0.0,[]
2020-11-12 21:55:00+00:00,0,0,0.0,[]
2020-11-12 22:00:00+00:00,0,0,0.0,[]
2020-11-12 22:05:00+00:00,0,0,0.0,[]
2020-11-12 22:10:00+00:00,0,0,0.0,[]
2020-11-12 22:15:00+00:00,0,0,0.0,[]
2020-11-12 22:20:00+00:00,0,0,0.0,[]
2020-11-12 22:25:00+00:00,0,0,0.0,[]
2020-11-12 22:30:00+00:00,0,0,0.0,[]
2020-11-12 22:35:00+00:00,0,0,0.0,[]
2020-11-12 22:40:00+00:00,0,0,0.0,[]
2020-11-12 22:45:00+00:00,0,0,0.0,[]
2020-11-12 22:50:00+00:00,0,0,0.0,[]
2020-11-12 22:55:00+00:00,0,0,0.0,[]
2020-11-12 23:00:00+00:00,0,0,0.0,[]
2020-11-12 23:05:00+00:00,20,0,1.0,[20]
2020-11-12 23:10:00+00:00,0,0,0.0,[]
2020-11-12 23:15:00+00:00,0,0,0.0,[]
2020-11-12 23:20:00+00:00,0,0,0.0,[]
2020-11-12 23:25:00+00:00,0,0,0.0,[]
2020-11-12 23:30:00+00:00,0,0,0.0,[]
2020-11-12 23:35:00+00:00,0,0,0.0,[]
2020-11-12 23:40:00+00:00,0,0,0.0,[]
2020-11-12 23:45:00+00:00,0,0,0.0,[]
2020-11-12 23:50:00+00:00,0,0,0.0,[]
2020-11-12 23:55:00+00:00,0,0,0.0,[]
2020-11-13 00:00:00+00:00,0,0,0.0,[]
2020-11-13 00:05:00+00:00,0,0,0.0,[]
2020-11-13 00:10:00+00:00,0,0,0.0,[]
2020-11-13 00:15:00+00:00,0,0,0.0,[]
2020-11-13 00:20:00+00:00,0,0,0.0,[]
2020-11-13 00:25:00+00:00,0,0,0.0,[]
2020-11-13 00:30:00+00:00,0,0,0.0,[]
2020-11-13 00:35:00+00:00,0,0,0.0,[]
2020-11-13 00:40:00+00:00,0,0,0.0,[]
2020-11-13 00:45:00+00:00,0,0,0.0,[]
2020-11-13 00:50:00+00:00,0,0,0.0,[]
2020-11-13 00:55:00+00:00,0,0,0.0,[]
2020-11-13 01:00:00+00:00,0,0,0.0,[]
2020-11-13 01:05:00+00:00,0,0,0.0,[]
2020-11-13 01:10:00+00:00,0,0,0.0,[]
2020-11-13 01:15:00+00:00,0,0,0.0,[]
2020-11-13 01:20:00+00:00,0,0,0.0,[]
2020-11-13 01:25:00+00:00,0,0,0.0,[]
2020-11-13 01:30:00+00:00,0,0,0.0,[]
2020-11-13 01:35:00+00:00,0,0,0.0,[]
2020-11-13 01:40:00+00:00,0,0,0.0,[]
2020-11-13 01:45:00+00:00,0,0,0.0,[]
2020-11-13 01:50:00+00:00,0,0,0.0,[]
2020-11-13 01:55:00+00:00,0,0,0.0,[]
2020-11-13 02:00:00+00:00,0,0,0.0,[]
2020-11-13 02:05:00+00:00,0,0,0.0,[]
2020-11-13 02:10:00+00:00,0,0,0.0,[]
2020-11-13 02:15:00+00:00,0,0,0.0,[]
2020-11-13 02:20:00+00:00,0,0,0.0,[]
2020-11-13 02:25:00+00:00,0,0,0.0,[]
2020-11-13 02:30:00+00:00,0,0,0.0,[]
2020-11-13 02:35:00+00:00,0,0,0.0,[]
2020-11-13 02:40:00+00:00,0,0,0.0,[]
2020-11-13 02:45:00+00:00,0,0,0.0,[]
2020-11-13 02:50:00+00:00,0,0,0.0,[]
2020-11-13 02:55:00+00:00,0,0,0.0,[]
2020-11-13 03:00:00+00:00,910,0,2.0,"[850, 60]"
2020-11-13 03:05:00+00:00,0,0,0.0,[]
2020-11-13 03:10:00+00:00,0,0,0.0,[]
2020-11-13 03:15:00+00:00,0,0,0.0,[]
2020-11-13 03:20:00+00:00,0,0,0.0,[]
2020-11-13 03:25:00+00:00,0,0,0.0,[]
2020-11-13 03:30:00+00:00,0,0,0.0,[]
2020-11-13 03:35:00+00:00,0,0,0.0,[]
2020-11-13 03:40:00+00:00,0,0,0.0,[]
2020-11-13 03:45:00+00:00,0,0,0.0,[]
2020-11-13 03:50:00+00:00,0,0,0.0,[]
2020-11-13 03:55:00+00:00,0,0,0.0,[]
2020-11-13 04:00:00+00:00,0,0,0.0,[]
2020-11-13 04:05:00+00:00,0,0,0.0,[]
2020-11-13 04:10:00+00:00,0,0,0.0,[]
2020-11-13 04:15:00+00:00,0,0,0.0,[]
2020-11-13 04:20:00+00:00,0,0,0.0,[]
2020-11-13 04:25:00+00:00,0,0,0.0,[]
2020-11-13 04:30:00+00:00,0,0,0.0,[]
2020-11-13 04:35:00+00:00,0,0,0.0,[]
2020-11-13 04:40:00+00:00,0,0,0.0,[]
2020-11-13 04:45:00+00:00,0,0,0.0,[]
2020-11-13 04:50:00+00:00,0,0,0.0,[]
2020-11-13 04:55:00+00:00,0,0,0.0,[]
2020-11-13 05:00:00+00:00,0,0,0.0,[]
2020-11-13 05:05:00+00:00,0,0,0.0,[]
2020-11-13 05:10:00+00:00,0,0,0.0,[]
2020-11-13 05:15:00+00:00,0,0,0.0,[]
2020-11-13 05:20:00+00:00,0,0,0.0,[]
2020-11-13 05:25:00+00:00,0,0,0.0,[]
2020-11-13 05:30:00+00:00,0,0,0.0,[]
2020-11-13 05:35:00+00:00,0,0,0.0,[]
2020-11-13 05:40:00+00:00,0,0,0.0,[]
2020-11-13 05:45:00+00:00,0,0,0.0,[]
2020-11-13 05:50:00+00:00,0,0,0.0,[]
2020-11-13 05:55:00+00:00,0,0,0.0,[]
2020-11-13 06:00:00+00:00,0,0,0.0,[]
2020-11-13 06:05:00+00:00,0,0,0.0,[]
2020-11-13 06:10:00+00:00,0,0,0.0,[]
2020-11-13 06:15:00+00:00,0,0,0.0,[]
2020-11-13 06:20:00+00:00,0,0,0.0,[]
2020-11-13 06:25:00+00:00,0,0,0.0,[]
2020-11-13 06:30:00+00:00,0,0,0.0,[]
2020-11-13 06:35:00+00:00,0,0,0.0,[]
2020-11-13 06:40:00+00:00,0,0,0.0,[]
2020-11-13 06:45:00+00:00,0,0,0.0,[]
2020-11-13 06:50:00+00:00,0,0,0.0,[]
2020-11-13 06:55:00+00:00,0,0,0.0,[]
2020-11-13 07:00:00+00:00,0,0,0.0,[]
2020-11-13 07:05:00+00:00,0,0,0.0,[]
2020-11-13 07:10:00+00:00,0,0,0.0,[]
2020-11-13 07:15:00+00:00,0,0,0.0,[]
2020-11-13 07:20:00+00:00,0,0,0.0,[]
2020-11-13 07:25:00+00:00,0,0,0.0,[]
2020-11-13 07:30:00+00:00,0,0,0.0,[]
2020-11-13 07:35:00+00:00,0,0,0.0,[]
2020-11-13 07:40:00+00:00,0,0,0.0,[]
2020-11-13 07:45:00+00:00,0,0,0.0,[]
2020-11-13 07:50:00+00:00,0,0,0.0,[]
2020-11-13 07:55:00+00:00,0,0,0.0,[]
2020-11-13 08:00:00+00:00,0,0,0.0,[]
2020-11-13 08:05:00+00:00,0,0,0.0,[]
2020-11-13 08:10:00+00:00,0,0,0.0,[]
2020-11-13 08:15:00+00:00,0,0,0.0,[]
2020-11-13 08:20:00+00:00,0,0,0.0,[]
2020-11-13 08:25:00+00:00,0,0,0.0,[]
2020-11-13 08:30:00+00:00,0,0,0.0,[]
2020-11-13 08:35:00+00:00,0,0,0.0,[]
2020-11-13 08:40:00+00:00,0,0,0.0,[]
2020-11-13 08:45:00+00:00,0,0,0.0,[]
2020-11-13 08:50:00+00:00,0,0,0.0,[]
2020-11-13 08:55:00+00:00,0,0,0.0,[]
2020-11-13 09:00:00+00:00,0,0,0.0,[]
2020-11-13 09:05:00+00:00,0,0,0.0,[]
2020-11-13 09:10:00+00:00,0,0,0.0,[]
2020-11-13 09:15:00+00:00,0,0,0.0,[]
2020-11-13 09:20:00+00:00,0,0,0.0,[]
2020-11-13 09:25:00+00:00,0,0,0.0,[]
2020-11-13 09:30:00+00:00,0,0,0.0,[]
2020-11-13 09:35:00+00:00,0,0,0.0,[]
2020-11-13 09:40:00+00:00,0,0,0.0,[]
2020-11-13 09:45:00+00:00,0,0,0.0,[]
2020-11-13 09:50:00+00:00,0,0,0.0,[]
2020-11-13 09:55:00+00:00,0,0,0.0,[]
2020-11-13 10:00:00+00:00,0,0,0.0,[]
2020-11-13 10:05:00+00:00,0,0,0.0,[]
2020-11-13 10:10:00+00:00,0,0,0.0,[]
2020-11-13 10:15:00+00:00,0,0,0.0,[]
2020-11-13 10:20:00+00:00,0,0,0.0,[]
2020-11-13 10:25:00+00:00,0,0,0.0,[]
2020-11-13 10:30:00+00:00,0,0,0.0,[]
2020-11-13 10:35:00+00:00,0,0,0.0,[]
2020-11-13 10:40:00+00:00,0,0,0.0,[]
2020-11-13 10:45:00+00:00,0,0,0.0,[]
2020-11-13 10:50:00+00:00,0,0,0.0,[]
2020-11-13 10:55:00+00:00,0,0,0.0,[]
2020-11-13 11:00:00+00:00,0,0,0.0,[]
2020-11-13 11:05:00+00:00,1970,0,1.0,[1970]
2020-11-13 11:10:00+00:00,0,0,0.0,[]
2020-11-13 11:15:00+00:00,0,0,0.0,[]
2020-11-13 11:20:00+00:00,0,0,0.0,[]
2020-11-13 11:25:00+00:00,0,0,0.0,[]
2020-11-13 11:30:00+00:00,0,0,0.0,[]
2020-11-13 11:35:00+00:00,0,0,0.0,[]
2020-11-13 11:40:00+00:00,0,0,0.0,[]
2020-11-13 11:45:00+00:00,0,0,0.0,[]
2020-11-13 11:50:00+00:00,0,0,0.0,[]
2020-11-13 11:55:00+00:00,0,0,0.0,[]
2020-11-13 12:00:00+00:00,0,0,0.0,[]
2020-11-13 12:05:00+00:00,0,0,0.0,[]
2020-11-13 12:10:00+00:00,0,0,0.0,[]
2020-11-13 12:15:00+00:00,0,0,0.0,[]
2020-11-13 12:20:00+00:00,0,0,0.0,[]
2020-11-13 12:25:00+00:00,0,0,0.0,[]
2020-11-13 12:30:00+00:00,0,0,0.0,[]
2020-11-13 12:35:00+00:00,0,0,0.0,[]
2020-11-13 12:40:00+00:00,0,0,0.0,[]
2020-11-13 12:45:00+00:00,0,0,0.0,[]
2020-11-13 12:50:00+00:00,0,0,0.0,[]
2020-11-13 12:55:00+00:00,0,0,0.0,[]
2020-11-13 13:00:00+00:00,500,0,1.0,[500]
2020-11-13 13:05:00+00:00,780,0,1.0,[780]
2020-11-13 13:10:00+00:00,0,0,0.0,[]
2020-11-13 13:15:00+00:00,0,0,0.0,[]
2020-11-13 13:20:00+00:00,0,0,0.0,[]
2020-11-13 13:25:00+00:00,0,0,0.0,[]
2020-11-13 13:30:00+00:00,0,0,0.0,[]
2020-11-13 13:35:00+00:00,0,0,0.0,[]
2020-11-13 13:40:00+00:00,0,0,0.0,[]
2020-11-13 13:45:00+00:00,0,0,0.0,[]
2020-11-13 13:50:00+00:00,0,0,0.0,[]
2020-11-13 13:55:00+00:00,0,0,0.0,[]
2020-11-13 14:00:00+00:00,0,0,0.0,[]
2020-11-13 14:05:00+00:00,0,0,0.0,[]
2020-11-13 14:10:00+00:00,0,0,0.0,[]
2020-11-13 14:15:00+00:00,0,0,0.0,[]
2020-11-13 14:20:00+00:00,0,0,0.0,[]
2020-11-13 14:25:00+00:00,0,0,0.0,[]
2020-11-13 14:30:00+00:00,0,0,0.0,[]
2020-11-13 14:35:00+00:00,0,0,0.0,[]
2020-11-13 14:40:00+00:00,0,0,0.0,[]
2020-11-13 14:45:00+00:00,0,0,0.0,[]
2020-11-13 14:50:00+00:00,0,0,0.0,[]
2020-11-13 14:55:00+00:00,0,0,0.0,[]
2020-11-13 15:00:00+00:00,0,0,0.0,[]
2020-11-13 15:05:00+00:00,0,0,0.0,[]
2020-11-13 15:10:00+00:00,0,0,0.0,[]
2020-11-13 15:15:00+00:00,0,0,0.0,[]
2020-11-13 15:20:00+00:00,0,0,0.0,[]
2020-11-13 15:25:00+00:00,0,0,0.0,[]
2020-11-13 15:30:00+00:00,0,0,0.0,[]
2020-11-13 15:35:00+00:00,160,0,1.0,[160]
2020-11-13 15:40:00+00:00,0,0,0.0,[]
2020-11-13 15:45:00+00:00,0,0,0.0,[]
2020-11-13 15:50:00+00:00,0,0,0.0,[]
2020-11-13 15:55:00+00:00,0,0,0.0,[]
2020-11-13 16:00:00+00:00,0,0,0.0,[]
2020-11-13 16:05:00+00:00,0,0,0.0,[]
2020-11-13 16:10:00+00:00,0,0,0.0,[]
2020-11-13 16:15:00+00:00,0,0,0.0,[]
2020-11-13 16:20:00+00:00,0,0,0.0,[]
2020-11-13 16:25:00+00:00,0,0,0.0,[]
2020-11-13 16:30:00+00:00,0,0,0.0,[]
2020-11-13 16:35:00+00:00,0,0,0.0,[]
2020-11-13 16:40:00+00:00,0,0,0.0,[]
2020-11-13 16:45:00+00:00,0,0,0.0,[]
2020-11-13 16:50:00+00:00,0,0,0.0,[]
2020-11-13 16:55:00+00:00,0,0,0.0,[]
2020-11-13 17:00:00+00:00,0,0,0.0,[]
2020-11-13 17:05:00+00:00,0,0,0.0,[]
2020-11-13 17:10:00+00:00,0,0,0.0,[]
2020-11-13 17:15:00+00:00,0,0,0.0,[]
2020-11-13 17:20:00+00:00,0,0,0.0,[]
2020-11-13 17:25:00+00:00,27340,0,1.0,[27340]
2020-11-13 17:30:00+00:00,0,0,0.0,[]
2020-11-13 17:35:00+00:00,0,0,0.0,[]
2020-11-13 17:40:00+00:00,0,0,0.0,[]
2020-11-13 17:45:00+00:00,0,0,0.0,[]
2020-11-13 17:50:00+00:00,0,0,0.0,[]
2020-11-13 17:55:00+00:00,0,0,0.0,[]
2020-11-13 18:00:00+00:00,0,0,0.0,[]
2020-11-13 18:05:00+00:00,0,0,0.0,[]
2020-11-13 18:10:00+00:00,0,0,0.0,[]
2020-11-13 18:15:00+00:00,0,0,0.0,[]
2020-11-13 18:20:00+00:00,0,0,0.0,[]
2020-11-13 18:25:00+00:00,0,0,0.0,[]
2020-11-13 18:30:00+00:00,2820,0,1.0,[2820]
2020-11-13 18:35:00+00:00,0,0,0.0,[]
2020-11-13 18:40:00+00:00,0,0,0.0,[]
2020-11-13 18:45:00+00:00,0,0,0.0,[]
2020-11-13 18:50:00+00:00,0,0,0.0,[]
2020-11-13 18:55:00+00:00,0,0,0.0,[]
2020-11-13 19:00:00+00:00,0,0,0.0,[]
2020-11-13 19:05:00+00:00,0,0,0.0,[]
2020-11-13 19:10:00+00:00,0,0,0.0,[]
2020-11-13 19:15:00+00:00,0,0,0.0,[]
2020-11-13 19:20:00+00:00,0,0,0.0,[]
2020-11-13 19:25:00+00:00,0,0,0.0,[]
2020-11-13 19:30:00+00:00,0,0,0.0,[]
2020-11-13 19:35:00+00:00,0,0,0.0,[]
2020-11-13 19:40:00+00:00,0,0,0.0,[]
2020-11-13 19:45:00+00:00,0,0,0.0,[]
2020-11-13 19:50:00+00:00,0,0,0.0,[]
2020-11-13 19:55:00+00:00,0,0,0.0,[]
2020-11-13 20:00:00+00:00,0,0,0.0,[]
2020-11-13 20:05:00+00:00,0,0,0.0,[]
2020-11-13 20:10:00+00:00,0,0,0.0,[]
2020-11-13 20:15:00+00:00,0,0,0.0,[]
2020-11-13 20:20:00+00:00,0,0,0.0,[]
2020-11-13 20:25:00+00:00,0,0,0.0,[]
2020-11-13 20:30:00+00:00,0,0,0.0,[]
2020-11-13 20:35:00+00:00,0,0,0.0,[]
2020-11-13 20:40:00+00:00,0,0,0.0,[]
2020-11-13 20:45:00+00:00,0,0,0.0,[]
2020-11-13 20:50:00+00:00,0,0,0.0,[]
2020-11-13 20:55:00+00:00,0,0,0.0,[]
2020-11-13 21:00:00+00:00,0,0,0.0,[]
2020-11-13 21:05:00+00:00,0,0,0.0,[]
2020-11-13 21:10:00+00:00,0,0,0.0,[]
2020-11-13 21:15:00+00:00,0,0,0.0,[]
2020-11-13 21:20:00+00:00,0,0,0.0,[]
2020-11-13 21:25:00+00:00,0,0,0.0,[]
2020-11-13 21:30:00+00:00,0,0,0.0,[]
2020-11-13 21:35:00+00:00,0,0,0.0,[]
2020-11-13 21:40:00+00:00,0,0,0.0,[]
2020-11-13 21:45:00+00:00,0,0,0.0,[]
2020-11-13 21:50:00+00:00,0,0,0.0,[]
2020-11-13 21:55:00+00:00,0,0,0.0,[]
2020-11-13 22:00:00+00:00,0,0,0.0,[]
2020-11-13 22:05:00+00:00,0,0,0.0,[]
2020-11-13 22:10:00+00:00,0,0,0.0,[]
2020-11-13 22:15:00+00:00,0,0,0.0,[]
2020-11-13 22:20:00+00:00,0,0,0.0,[]
2020-11-13 22:25:00+00:00,0,0,0.0,[]
2020-11-13 22:30:00+00:00,0,0,0.0,[]
2020-11-13 22:35:00+00:00,0,0,0.0,[]
2020-11-13 22:40:00+00:00,0,0,0.0,[]
2020-11-13 22:45:00+00:00,0,0,0.0,[]
2020-11-13 22:50:00+00:00,0,0,0.0,[]
2020-11-13 22:55:00+00:00,1090,0,1.0,[1090]
2020-11-13 23:00:00+00:00,0,0,0.0,[]
2020-11-13 23:05:00+00:00,0,0,0.0,[]
2020-11-13 23:10:00+00:00,0,0,0.0,[]
2020-11-13 23:15:00+00:00,0,0,0.0,[]
2020-11-13 23:20:00+00:00,0,0,0.0,[]
2020-11-13 23:25:00+00:00,0,0,0.0,[]
2020-11-13 23:30:00+00:00,0,0,0.0,[]
2020-11-13 23:35:00+00:00,0,0,0.0,[]
2020-11-13 23:40:00+00:00,0,0,0.0,[]
2020-11-13 23:45:00+00:00,0,0,0.0,[]
2020-11-13 23:50:00+00:00,0,0,0.0,[]
2020-11-13 23:55:00+00:00,0,0,0.0,[]
2020-11-14 00:00:00+00:00,0,0,0.0,[]
2020-11-14 00:05:00+00:00,0,0,0.0,[]
2020-11-14 00:10:00+00:00,0,0,0.0,[]
2020-11-14 00:15:00+00:00,0,0,0.0,[]
2020-11-14 00:20:00+00:00,0,0,0.0,[]
2020-11-14 00:25:00+00:00,0,0,0.0,[]
2020-11-14 00:30:00+00:00,0,0,0.0,[]
2020-11-14 00:35:00+00:00,0,0,0.0,[]
2020-11-14 00:40:00+00:00,0,0,0.0,[]
2020-11-14 00:45:00+00:00,0,0,0.0,[]
2020-11-14 00:50:00+00:00,0,0,0.0,[]
2020-11-14 00:55:00+00:00,0,0,0.0,[]
2020-11-14 01:00:00+00:00,0,0,0.0,[]
2020-11-14 01:05:00+00:00,0,0,0.0,[]
2020-11-14 01:10:00+00:00,0,0,0.0,[]
2020-11-14 01:15:00+00:00,0,0,0.0,[]
2020-11-14 01:20:00+00:00,0,0,0.0,[]
2020-11-14 01:25:00+00:00,0,0,0.0,[]
2020-11-14 01:30:00+00:00,0,0,0.0,[]
2020-11-14 01:35:00+00:00,0,0,0.0,[]
2020-11-14 01:40:00+00:00,0,0,0.0,[]
2020-11-14 01:45:00+00:00,0,0,0.0,[]
2020-11-14 01:50:00+00:00,0,0,0.0,[]
2020-11-14 01:55:00+00:00,0,0,0.0,[]
2020-11-14 02:00:00+00:00,0,0,0.0,[]
2020-11-14 02:05:00+00:00,0,0,0.0,[]
2020-11-14 02:10:00+00:00,0,0,0.0,[]
2020-11-14 02:15:00+00:00,0,0,1.0,[0]
2020-11-14 02:20:00+00:00,0,0,0.0,[]
2020-11-14 02:25:00+00:00,0,0,0.0,[]
2020-11-14 02:30:00+00:00,0,0,0.0,[]
2020-11-14 02:35:00+00:00,0,0,0.0,[]
2020-11-14 02:40:00+00:00,0,0,0.0,[]
2020-11-14 02:45:00+00:00,0,0,0.0,[]
2020-11-14 02:50:00+00:00,0,0,0.0,[]
2020-11-14 02:55:00+00:00,0,0,0.0,[]
2020-11-14 03:00:00+00:00,0,0,0.0,[]
2020-11-14 03:05:00+00:00,0,0,0.0,[]
2020-11-14 03:10:00+00:00,0,0,0.0,[]
2020-11-14 03:15:00+00:00,0,0,0.0,[]
2020-11-14 03:20:00+00:00,0,0,0.0,[]
2020-11-14 03:25:00+00:00,0,0,0.0,[]
2020-11-14 03:30:00+00:00,0,0,0.0,[]
2020-11-14 03:35:00+00:00,0,0,0.0,[]
2020-11-14 03:40:00+00:00,0,0,0.0,[]
2020-11-14 03:45:00+00:00,0,0,0.0,[]
2020-11-14 03:50:00+00:00,0,0,0.0,[]
2020-11-14 03:55:00+00:00,0,0,0.0,[]
2020-11-14 04:00:00+00:00,0,0,0.0,[]
2020-11-14 04:05:00+00:00,0,0,0.0,[]
2020-11-14 04:10:00+00:00,0,0,0.0,[]
2020-11-14 04:15:00+00:00,0,0,0.0,[]
2020-11-14 04:20:00+00:00,0,0,0.0,[]
2020-11-14 04:25:00+00:00,0,0,0.0,[]
2020-11-14 04:30:00+00:00,0,0,0.0,[]
2020-11-14 04:35:00+00:00,0,0,0.0,[]
2020-11-14 04:40:00+00:00,0,0,0.0,[]
2020-11-14 04:45:00+00:00,0,0,0.0,[]
2020-11-14 04:50:00+00:00,0,0,0.0,[]
2020-11-14 04:55:00+00:00,0,0,0.0,[]
2020-11-14 05:00:00+00:00,0,0,0.0,[]
2020-11-14 05:05:00+00:00,0,0,0.0,[]
2020-11-14 05:10:00+00:00,0,0,0.0,[]
2020-11-14 05:15:00+00:00,0,0,0.0,[]
2020-11-14 05:20:00+00:00,0,0,0.0,[]
2020-11-14 05:25:00+00:00,0,0,0.0,[]
2020-11-14 05:30:00+00:00,0,0,0.0,[]
2020-11-14 05:35:00+00:00,0,0,0.0,[]
2020-11-14 05:40:00+00:00,0,0,0.0,[]
2020-11-14 05:45:00+00:00,0,0,0.0,[]
2020-11-14 05:50:00+00:00,0,0,0.0,[]
2020-11-14 05:55:00+00:00,0,0,0.0,[]
2020-11-14 06:00:00+00:00,0,0,0.0,[]
2020-11-14 06:05:00+00:00,0,0,0.0,[]
2020-11-14 06:10:00+00:00,0,0,0.0,[]
2020-11-14 06:15:00+00:00,0,0,0.0,[]
2020-11-14 06:20:00+00:00,0,0,0.0,[]
2020-11-14 06:25:00+00:00,0,0,0.0,[]
2020-11-14 06:30:00+00:00,0,0,0.0,[]
2020-11-14 06:35:00+00:00,0,0,0.0,[]
2020-11-14 06:40:00+00:00,0,0,0.0,[]
2020-11-14 06:45:00+00:00,0,0,0.0,[]
2020-11-14 06:50:00+00:00,0,0,0.0,[]
2020-11-14 06:55:00+00:00,0,0,0.0,[]
2020-11-14 07:00:00+00:00,0,0,0.0,[]
2020-11-14 07:05:00+00:00,0,0,0.0,[]
2020-11-14 07:10:00+00:00,0,0,0.0,[]
2020-11-14 07:15:00+00:00,0,0,0.0,[]
2020-11-14 07:20:00+00:00,0,0,0.0,[]
2020-11-14 07:25:00+00:00,0,0,0.0,[]
2020-11-14 07:30:00+00:00,0,0,0.0,[]
2020-11-14 07:35:00+00:00,0,0,0.0,[]
2020-11-14 07:40:00+00:00,0,0,0.0,[]
2020-11-14 07:45:00+00:00,0,0,0.0,[]
2020-11-14 07:50:00+00:00,0,0,0.0,[]
2020-11-14 07:55:00+00:00,0,0,0.0,[]
2020-11-14 08:00:00+00:00,0,0,0.0,[]
2020-11-14 08:05:00+00:00,0,0,0.0,[]
2020-11-14 08:10:00+00:00,0,0,0.0,[]
2020-11-14 08:15:00+00:00,0,0,0.0,[]
2020-11-14 08:20:00+00:00,0,0,0.0,[]
2020-11-14 08:25:00+00:00,0,0,0.0,[]
2020-11-14 08:30:00+00:00,0,0,0.0,[]
2020-11-14 08:35:00+00:00,0,0,0.0,[]
2020-11-14 08:40:00+00:00,0,0,0.0,[]
2020-11-14 08:45:00+00:00,0,0,0.0,[]
2020-11-14 08:50:00+00:00,0,0,0.0,[]
2020-11-14 08:55:00+00:00,2860,0,1.0,[2860]
2020-11-14 09:00:00+00:00,0,0,0.0,[]
2020-11-14 09:05:00+00:00,0,0,0.0,[]
2020-11-14 09:10:00+00:00,0,0,0.0,[]
2020-11-14 09:15:00+00:00,0,0,0.0,[]
2020-11-14 09:20:00+00:00,0,0,0.0,[]
2020-11-14 09:25:00+00:00,0,0,0.0,[]
2020-11-14 09:30:00+00:00,0,0,0.0,[]
2020-11-14 09:35:00+00:00,0,0,0.0,[]
2020-11-14 09:40:00+00:00,0,0,0.0,[]
2020-11-14 09:45:00+00:00,0,0,0.0,[]
2020-11-14 09:50:00+00:00,0,0,0.0,[]
2020-11-14 09:55:00+00:00,0,0,0.0,[]
2020-11-14 10:00:00+00:00,0,0,0.0,[]
2020-11-14 10:05:00+00:00,0,0,0.0,[]
2020-11-14 10:10:00+00:00,0,0,0.0,[]
2020-11-14 10:15:00+00:00,0,0,0.0,[]
2020-11-14 10:20:00+00:00,0,0,0.0,[]
2020-11-14 10:25:00+00:00,0,0,0.0,[]
2020-11-14 10:30:00+00:00,0,0,0.0,[]
2020-11-14 10:35:00+00:00,0,0,0.0,[]
2020-11-14 10:40:00+00:00,0,0,0.0,[]
2020-11-14 10:45:00+00:00,0,0,0.0,[]
2020-11-14 10:50:00+00:00,0,0,0.0,[]
2020-11-14 10:55:00+00:00,0,0,0.0,[]
2020-11-14 11:00:00+00:00,0,0,0.0,[]
2020-11-14 11:05:00+00:00,0,0,0.0,[]
2020-11-14 11:10:00+00:00,0,0,0.0,[]
2020-11-14 11:15:00+00:00,0,0,0.0,[]
2020-11-14 11:20:00+00:00,0,0,0.0,[]
2020-11-14 11:25:00+00:00,480,0,1.0,[480]
2020-11-14 11:30:00+00:00,0,0,0.0,[]
2020-11-14 11:35:00+00:00,0,0,0.0,[]
2020-11-14 11:40:00+00:00,0,0,0.0,[]
2020-11-14 11:45:00+00:00,0,0,0.0,[]
2020-11-14 11:50:00+00:00,0,0,0.0,[]
2020-11-14 11:55:00+00:00,0,0,0.0,[]
2020-11-14 12:00:00+00:00,0,0,0.0,[]
2020-11-14 12:05:00+00:00,0,0,0.0,[]
2020-11-14 12:10:00+00:00,0,0,0.0,[]
2020-11-14 12:15:00+00:00,0,0,0.0,[]
2020-11-14 12:20:00+00:00,0,0,0.0,[]
2020-11-14 12:25:00+00:00,0,0,0.0,[]
2020-11-14 12:30:00+00:00,130,0,1.0,[130]
2020-11-14 12:35:00+00:00,0,0,0.0,[]
2020-11-14 12:40:00+00:00,0,0,0.0,[]
2020-11-14 12:45:00+00:00,0,0,0.0,[]
2020-11-14 12:50:00+00:00,0,0,0.0,[]
2020-11-14 12:55:00+00:00,0,0,0.0,[]
2020-11-14 13:00:00+00:00,0,0,0.0,[]
2020-11-14 13:05:00+00:00,0,0,0.0,[]
2020-11-14 13:10:00+00:00,0,0,0.0,[]
2020-11-14 13:15:00+00:00,0,0,0.0,[]
2020-11-14 13:20:00+00:00,0,0,0.0,[]
2020-11-14 13:25:00+00:00,0,0,0.0,[]
2020-11-14 13:30:00+00:00,0,0,0.0,[]
2020-11-14 13:35:00+00:00,0,0,0.0,[]
2020-11-14 13:40:00+00:00,0,0,0.0,[]
2020-11-14 13:45:00+00:00,0,0,0.0,[]
2020-11-14 13:50:00+00:00,0,0,0.0,[]
2020-11-14 13:55:00+00:00,0,0,0.0,[]
2020-11-14 14:00:00+00:00,0,0,0.0,[]
2020-11-14 14:05:00+00:00,0,0,0.0,[]
2020-11-14 14:10:00+00:00,0,0,0.0,[]
2020-11-14 14:15:00+00:00,0,0,0.0,[]
2020-11-14 14:20:00+00:00,0,0,0.0,[]
2020-11-14 14:25:00+00:00,0,0,0.0,[]
2020-11-14 14:30:00+00:00,0,0,0.0,[]
2020-11-14 14:35:00+00:00,0,0,0.0,[]
2020-11-14 14:40:00+00:00,0,0,0.0,[]
2020-11-14 14:45:00+00:00,0,0,0.0,[]
2020-11-14 14:50:00+00:00,0,0,0.0,[]
2020-11-14 14:55:00+00:00,0,0,0.0,[]
2020-11-14 15:00:00+00:00,0,0,0.0,[]
2020-11-14 15:05:00+00:00,0,0,0.0,[]
2020-11-14 15:10:00+00:00,0,0,0.0,[]
2020-11-14 15:15:00+00:00,0,0,0.0,[]
2020-11-14 15:20:00+00:00,0,0,0.0,[]
2020-11-14 15:25:00+00:00,0,0,0.0,[]
2020-11-14 15:30:00+00:00,0,0,0.0,[]
2020-11-14 15:35:00+00:00,0,0,0.0,[]
2020-11-14 15:40:00+00:00,0,0,0.0,[]
2020-11-14 15:45:00+00:00,0,0,0.0,[]
2020-11-14 15:50:00+00:00,0,0,0.0,[]
2020-11-14 15:55:00+00:00,0,0,0.0,[]
2020-11-14 16:00:00+00:00,0,0,0.0,[]
2020-11-14 16:05:00+00:00,0,0,0.0,[]
2020-11-14 16:10:00+00:00,0,0,0.0,[]
2020-11-14 16:15:00+00:00,0,0,0.0,[]
2020-11-14 16:20:00+00:00,20,0,1.0,[20]
2020-11-14 16:25:00+00:00,0,0,0.0,[]
2020-11-14 16:30:00+00:00,0,0,0.0,[]
2020-11-14 16:35:00+00:00,0,0,0.0,[]
2020-11-14 16:40:00+00:00,0,0,0.0,[]
2020-11-14 16:45:00+00:00,0,0,0.0,[]
2020-11-14 16:50:00+00:00,0,0,0.0,[]
2020-11-14 16:55:00+00:00,0,0,0.0,[]
2020-11-14 17:00:00+00:00,0,0,0.0,[]
2020-11-14 17:05:00+00:00,0,0,0.0,[]
2020-11-14 17:10:00+00:00,0,0,0.0,[]
2020-11-14 17:15:00+00:00,0,0,0.0,[]
2020-11-14 17:20:00+00:00,0,0,0.0,[]
2020-11-14 17:25:00+00:00,0,0,0.0,[]
2020-11-14 17:30:00+00:00,0,0,0.0,[]
2020-11-14 17:35:00+00:00,0,0,0.0,[]
2020-11-14 17:40:00+00:00,0,0,0.0,[]
2020-11-14 17:45:00+00:00,0,0,0.0,[]
2020-11-14 17:50:00+00:00,0,0,0.0,[]
2020-11-14 17:55:00+00:00,0,0,1.0,[0]
2020-11-14 18:00:00+00:00,0,0,0.0,[]
2020-11-14 18:05:00+00:00,0,0,0.0,[]
2020-11-14 18:10:00+00:00,0,0,0.0,[]
2020-11-14 18:15:00+00:00,0,0,0.0,[]
2020-11-14 18:20:00+00:00,0,0,0.0,[]
2020-11-14 18:25:00+00:00,0,0,0.0,[]
2020-11-14 18:30:00+00:00,0,0,0.0,[]
2020-11-14 18:35:00+00:00,0,0,0.0,[]
2020-11-14 18:40:00+00:00,0,0,0.0,[]
2020-11-14 18:45:00+00:00,10,0,1.0,[10]
2020-11-14 18:50:00+00:00,0,0,0.0,[]
2020-11-14 18:55:00+00:00,0,0,0.0,[]
2020-11-14 19:00:00+00:00,0,0,0.0,[]
2020-11-14 19:05:00+00:00,0,0,0.0,[]
2020-11-14 19:10:00+00:00,0,0,0.0,[]
2020-11-14 19:15:00+00:00,0,0,0.0,[]
2020-11-14 19:20:00+00:00,0,0,0.0,[]
2020-11-14 19:25:00+00:00,0,0,0.0,[]
2020-11-14 19:30:00+00:00,0,0,0.0,[]
2020-11-14 19:35:00+00:00,0,0,0.0,[]
2020-11-14 19:40:00+00:00,0,0,0.0,[]
2020-11-14 19:45:00+00:00,0,0,0.0,[]
2020-11-14 19:50:00+00:00,0,0,0.0,[]
2020-11-14 19:55:00+00:00,0,0,0.0,[]
2020-11-14 20:00:00+00:00,0,0,0.0,[]
2020-11-14 20:05:00+00:00,0,0,0.0,[]
2020-11-14 20:10:00+00:00,0,0,0.0,[]
2020-11-14 20:15:00+00:00,0,0,0.0,[]
2020-11-14 20:20:00+00:00,0,0,0.0,[]
2020-11-14 20:25:00+00:00,0,0,0.0,[]
2020-11-14 20:30:00+00:00,0,0,0.0,[]
2020-11-14 20:35:00+00:00,0,0,0.0,[]
2020-11-14 20:40:00+00:00,0,0,0.0,[]
2020-11-14 20:45:00+00:00,0,0,0.0,[]
2020-11-14 20:50:00+00:00,0,0,0.0,[]
2020-11-14 20:55:00+00:00,0,0,0.0,[]
2020-11-14 21:00:00+00:00,0,0,0.0,[]
2020-11-14 21:05:00+00:00,0,0,0.0,[]
2020-11-14 21:10:00+00:00,0,0,0.0,[]
2020-11-14 21:15:00+00:00,0,0,0.0,[]
2020-11-14 21:20:00+00:00,0,0,0.0,[]
2020-11-14 21:25:00+00:00,0,0,0.0,[]
2020-11-14 21:30:00+00:00,0,0,0.0,[]
2020-11-14 21:35:00+00:00,0,0,0.0,[]
2020-11-14 21:40:00+00:00,0,0,0.0,[]
2020-11-14 21:45:00+00:00,0,0,0.0,[]
2020-11-14 21:50:00+00:00,0,0,0.0,[]
2020-11-14 21:55:00+00:00,0,0,0.0,[]
2020-11-14 22:00:00+00:00,0,0,0.0,[]
2020-11-14 22:05:00+00:00,0,0,0.0,[]
2020-11-14 22:10:00+00:00,0,0,0.0,[]
2020-11-14 22:15:00+00:00,0,0,0.0,[]
2020-11-14 22:20:00+00:00,0,0,0.0,[]
2020-11-14 22:25:00+00:00,0,0,0.0,[]
2020-11-14 22:30:00+00:00,0,0,0.0,[]
2020-11-14 22:35:00+00:00,0,0,0.0,[]
2020-11-14 22:40:00+00:00,0,0,0.0,[]
2020-11-14 22:45:00+00:00,0,0,0.0,[]
2020-11-14 22:50:00+00:00,0,0,0.0,[]
2020-11-14 22:55:00+00:00,0,0,0.0,[]
2020-11-14 23:00:00+00:00,0,0,0.0,[]
2020-11-14 23:05:00+00:00,0,0,0.0,[]
2020-11-14 23:10:00+00:00,0,0,0.0,[]
2020-11-14 23:15:00+00:00,0,0,0.0,[]
2020-11-14 23:20:00+00:00,0,0,0.0,[]
2020-11-14 23:25:00+00:00,0,0,0.0,[]
2020-11-14 23:30:00+00:00,0,0,0.0,[]
2020-11-14 23:35:00+00:00,0,0,0.0,[]
2020-11-14 23:40:00+00:00,0,0,0.0,[]
2020-11-14 23:45:00+00:00,0,0,0.0,[]
2020-11-14 23:50:00+00:00,0,0,0.0,[]
2020-11-14 23:55:00+00:00,570,0,1.0,[570]
2020-11-15 00:00:00+00:00,0,0,0.0,[]
2020-11-15 00:05:00+00:00,370,0,1.0,[370]
2020-11-15 00:10:00+00:00,0,0,0.0,[]
2020-11-15 00:15:00+00:00,0,0,0.0,[]
2020-11-15 00:20:00+00:00,0,0,0.0,[]
2020-11-15 00:25:00+00:00,0,0,0.0,[]
2020-11-15 00:30:00+00:00,0,0,0.0,[]
2020-11-15 00:35:00+00:00,0,0,0.0,[]
2020-11-15 00:40:00+00:00,0,0,0.0,[]
2020-11-15 00:45:00+00:00,0,0,0.0,[]
2020-11-15 00:50:00+00:00,0,0,0.0,[]
2020-11-15 00:55:00+00:00,0,0,0.0,[]
2020-11-15 01:00:00+00:00,0,0,0.0,[]
2020-11-15 01:05:00+00:00,0,0,0.0,[]
2020-11-15 01:10:00+00:00,0,0,0.0,[]
2020-11-15 01:15:00+00:00,0,0,0.0,[]
2020-11-15 01:20:00+00:00,110,0,1.0,[110]
2020-11-15 01:25:00+00:00,0,0,0.0,[]
2020-11-15 01:30:00+00:00,0,0,0.0,[]
2020-11-15 01:35:00+00:00,0,0,0.0,[]
2020-11-15 01:40:00+00:00,0,0,0.0,[]
2020-11-15 01:45:00+00:00,0,0,0.0,[]
2020-11-15 01:50:00+00:00,0,0,0.0,[]
2020-11-15 01:55:00+00:00,0,0,0.0,[]
2020-11-15 02:00:00+00:00,0,0,0.0,[]
2020-11-15 02:05:00+00:00,0,0,0.0,[]
2020-11-15 02:10:00+00:00,0,0,0.0,[]
2020-11-15 02:15:00+00:00,0,0,0.0,[]
2020-11-15 02:20:00+00:00,0,0,0.0,[]
2020-11-15 02:25:00+00:00,0,0,0.0,[]
2020-11-15 02:30:00+00:00,0,0,0.0,[]
2020-11-15 02:35:00+00:00,0,0,0.0,[]
2020-11-15 02:40:00+00:00,0,0,0.0,[]
2020-11-15 02:45:00+00:00,0,0,0.0,[]
2020-11-15 02:50:00+00:00,0,0,0.0,[]
2020-11-15 02:55:00+00:00,0,0,0.0,[]
2020-11-15 03:00:00+00:00,0,0,0.0,[]
2020-11-15 03:05:00+00:00,0,0,0.0,[]
2020-11-15 03:10:00+00:00,0,0,0.0,[]
2020-11-15 03:15:00+00:00,0,0,0.0,[]
2020-11-15 03:20:00+00:00,0,0,0.0,[]
2020-11-15 03:25:00+00:00,0,0,0.0,[]
2020-11-15 03:30:00+00:00,0,0,0.0,[]
2020-11-15 03:35:00+00:00,0,0,0.0,[]
2020-11-15 03:40:00+00:00,0,0,0.0,[]
2020-11-15 03:45:00+00:00,0,0,0.0,[]
2020-11-15 03:50:00+00:00,0,0,0.0,[]
2020-11-15 03:55:00+00:00,0,0,0.0,[]
2020-11-15 04:00:00+00:00,0,0,0.0,[]
2020-11-15 04:05:00+00:00,0,0,0.0,[]
2020-11-15 04:10:00+00:00,0,0,0.0,[]
2020-11-15 04:15:00+00:00,0,0,0.0,[]
2020-11-15 04:20:00+00:00,0,0,0.0,[]
2020-11-15 04:25:00+00:00,0,0,0.0,[]
2020-11-15 04:30:00+00:00,0,0,0.0,[]
2020-11-15 04:35:00+00:00,0,0,0.0,[]
2020-11-15 04:40:00+00:00,0,0,0.0,[]
2020-11-15 04:45:00+00:00,0,0,0.0,[]
2020-11-15 04:50:00+00:00,0,0,0.0,[]
2020-11-15 04:55:00+00:00,0,0,0.0,[]
2020-11-15 05:00:00+00:00,0,0,0.0,[]
2020-11-15 05:05:00+00:00,0,0,0.0,[]
2020-11-15 05:10:00+00:00,0,0,0.0,[]
2020-11-15 05:15:00+00:00,0,0,0.0,[]
2020-11-15 05:20:00+00:00,0,0,0.0,[]
2020-11-15 05:25:00+00:00,0,0,0.0,[]
2020-11-15 05:30:00+00:00,80,0,1.0,[80]
2020-11-15 05:35:00+00:00,0,0,0.0,[]
2020-11-15 05:40:00+00:00,0,0,0.0,[]
2020-11-15 05:45:00+00:00,0,0,0.0,[]
2020-11-15 05:50:00+00:00,0,0,0.0,[]
2020-11-15 05:55:00+00:00,0,0,0.0,[]
2020-11-15 06:00:00+00:00,0,0,0.0,[]
2020-11-15 06:05:00+00:00,0,0,0.0,[]
2020-11-15 06:10:00+00:00,0,0,0.0,[]
2020-11-15 06:15:00+00:00,0,0,0.0,[]
2020-11-15 06:20:00+00:00,0,0,0.0,[]
2020-11-15 06:25:00+00:00,0,0,0.0,[]
2020-11-15 06:30:00+00:00,0,0,0.0,[]
2020-11-15 06:35:00+00:00,0,0,0.0,[]
2020-11-15 06:40:00+00:00,0,0,0.0,[]
2020-11-15 06:45:00+00:00,0,0,0.0,[]
2020-11-15 06:50:00+00:00,0,0,0.0,[]
2020-11-15 06:55:00+00:00,0,0,0.0,[]
2020-11-15 07:00:00+00:00,0,0,0.0,[]
2020-11-15 07:05:00+00:00,0,0,0.0,[]
2020-11-15 07:10:00+00:00,0,0,0.0,[]
2020-11-15 07:15:00+00:00,0,0,0.0,[]
2020-11-15 07:20:00+00:00,0,0,0.0,[]
2020-11-15 07:25:00+00:00,0,0,0.0,[]
2020-11-15 07:30:00+00:00,0,0,0.0,[]
2020-11-15 07:35:00+00:00,0,0,0.0,[]
2020-11-15 07:40:00+00:00,0,0,0.0,[]
2020-11-15 07:45:00+00:00,0,0,0.0,[]
2020-11-15 07:50:00+00:00,0,0,0.0,[]
2020-11-15 07:55:00+00:00,0,0,0.0,[]
2020-11-15 08:00:00+00:00,0,0,0.0,[]
2020-11-15 08:05:00+00:00,0,0,0.0,[]
2020-11-15 08:10:00+00:00,0,0,0.0,[]
2020-11-15 08:15:00+00:00,0,0,0.0,[]
2020-11-15 08:20:00+00:00,0,0,0.0,[]
2020-11-15 08:25:00+00:00,0,0,0.0,[]
2020-11-15 08:30:00+00:00,0,0,0.0,[]
2020-11-15 08:35:00+00:00,0,0,0.0,[]
2020-11-15 08:40:00+00:00,0,0,0.0,[]
2020-11-15 08:45:00+00:00,0,0,0.0,[]
2020-11-15 08:50:00+00:00,0,0,0.0,[]
2020-11-15 08:55:00+00:00,0,0,0.0,[]
2020-11-15 09:00:00+00:00,0,0,0.0,[]
2020-11-15 09:05:00+00:00,0,0,0.0,[]
2020-11-15 09:10:00+00:00,0,0,0.0,[]
2020-11-15 09:15:00+00:00,0,0,0.0,[]
2020-11-15 09:20:00+00:00,0,0,0.0,[]
2020-11-15 09:25:00+00:00,0,0,0.0,[]
2020-11-15 09:30:00+00:00,0,0,0.0,[]
2020-11-15 09:35:00+00:00,0,0,0.0,[]
2020-11-15 09:40:00+00:00,0,0,0.0,[]
2020-11-15 09:45:00+00:00,0,0,0.0,[]
2020-11-15 09:50:00+00:00,0,0,0.0,[]
2020-11-15 09:55:00+00:00,0,0,0.0,[]
2020-11-15 10:00:00+00:00,0,0,0.0,[]
2020-11-15 10:05:00+00:00,0,0,0.0,[]
2020-11-15 10:10:00+00:00,0,0,0.0,[]
2020-11-15 10:15:00+00:00,0,0,0.0,[]
2020-11-15 10:20:00+00:00,0,0,0.0,[]
2020-11-15 10:25:00+00:00,0,0,0.0,[]
2020-11-15 10:30:00+00:00,0,0,0.0,[]
2020-11-15 10:35:00+00:00,0,0,0.0,[]
2020-11-15 10:40:00+00:00,0,0,0.0,[]
2020-11-15 10:45:00+00:00,0,0,0.0,[]
2020-11-15 10:50:00+00:00,0,0,0.0,[]
2020-11-15 10:55:00+00:00,0,0,0.0,[]
2020-11-15 11:00:00+00:00,0,0,0.0,[]
2020-11-15 11:05:00+00:00,0,0,0.0,[]
2020-11-15 11:10:00+00:00,0,0,0.0,[]
2020-11-15 11:15:00+00:00,0,0,0.0,[]
2020-11-15 11:20:00+00:00,0,0,0.0,[]
2020-11-15 11:25:00+00:00,0,0,0.0,[]
2020-11-15 11:30:00+00:00,0,0,0.0,[]
2020-11-15 11:35:00+00:00,0,0,0.0,[]
2020-11-15 11:40:00+00:00,0,0,0.0,[]
2020-11-15 11:45:00+00:00,0,0,0.0,[]
2020-11-15 11:50:00+00:00,0,0,0.0,[]
2020-11-15 11:55:00+00:00,0,0,0.0,[]
2020-11-15 12:00:00+00:00,0,0,0.0,[]
2020-11-15 12:05:00+00:00,0,0,0.0,[]
2020-11-15 12:10:00+00:00,0,0,0.0,[]
2020-11-15 12:15:00+00:00,0,0,0.0,[]
2020-11-15 12:20:00+00:00,0,0,0.0,[]
2020-11-15 12:25:00+00:00,0,0,0.0,[]
2020-11-15 12:30:00+00:00,0,0,0.0,[]
2020-11-15 12:35:00+00:00,0,0,0.0,[]
2020-11-15 12:40:00+00:00,0,0,0.0,[]
2020-11-15 12:45:00+00:00,0,0,0.0,[]
2020-11-15 12:50:00+00:00,0,0,0.0,[]
2020-11-15 12:55:00+00:00,0,0,0.0,[]
2020-11-15 13:00:00+00:00,0,0,0.0,[]
2020-11-15 13:05:00+00:00,0,0,0.0,[]
2020-11-15 13:10:00+00:00,0,0,0.0,[]
2020-11-15 13:15:00+00:00,0,0,0.0,[]
2020-11-15 13:20:00+00:00,0,0,0.0,[]
2020-11-15 13:25:00+00:00,0,0,0.0,[]
2020-11-15 13:30:00+00:00,0,0,0.0,[]
2020-11-15 13:35:00+00:00,0,0,0.0,[]
2020-11-15 13:40:00+00:00,0,0,0.0,[]
2020-11-15 13:45:00+00:00,0,0,0.0,[]
2020-11-15 13:50:00+00:00,0,0,0.0,[]
2020-11-15 13:55:00+00:00,4130,0,1.0,[4130]
2020-11-15 14:00:00+00:00,0,0,0.0,[]
2020-11-15 14:05:00+00:00,0,0,0.0,[]
2020-11-15 14:10:00+00:00,0,0,0.0,[]
2020-11-15 14:15:00+00:00,0,0,0.0,[]
2020-11-15 14:20:00+00:00,0,0,0.0,[]
2020-11-15 14:25:00+00:00,0,0,0.0,[]
2020-11-15 14:30:00+00:00,0,0,0.0,[]
2020-11-15 14:35:00+00:00,0,0,0.0,[]
2020-11-15 14:40:00+00:00,0,0,0.0,[]
2020-11-15 14:45:00+00:00,0,0,0.0,[]
2020-11-15 14:50:00+00:00,0,0,0.0,[]
2020-11-15 14:55:00+00:00,0,0,0.0,[]
2020-11-15 15:00:00+00:00,0,0,0.0,[]
2020-11-15 15:05:00+00:00,0,0,0.0,[]
2020-11-15 15:10:00+00:00,0,0,0.0,[]
2020-11-15 15:15:00+00:00,0,0,0.0,[]
2020-11-15 15:20:00+00:00,0,0,0.0,[]
2020-11-15 15:25:00+00:00,0,0,0.0,[]
2020-11-15 15:30:00+00:00,0,0,0.0,[]
2020-11-15 15:35:00+00:00,0,0,0.0,[]
2020-11-15 15:40:00+00:00,0,0,0.0,[]
2020-11-15 15:45:00+00:00,0,0,0.0,[]
2020-11-15 15:50:00+00:00,0,0,0.0,[]
2020-11-15 15:55:00+00:00,0,0,0.0,[]
2020-11-15 16:00:00+00:00,0,0,0.0,[]
2020-11-15 16:05:00+00:00,0,0,0.0,[]
2020-11-15 16:10:00+00:00,0,0,0.0,[]
2020-11-15 16:15:00+00:00,0,0,0.0,[]
2020-11-15 16:20:00+00:00,0,0,0.0,[]
2020-11-15 16:25:00+00:00,0,0,0.0,[]
2020-11-15 16:30:00+00:00,0,0,0.0,[]
2020-11-15 16:35:00+00:00,0,0,0.0,[]
2020-11-15 16:40:00+00:00,0,0,0.0,[]
2020-11-15 16:45:00+00:00,0,0,0.0,[]
2020-11-15 16:50:00+00:00,0,0,0.0,[]
2020-11-15 16:55:00+00:00,2030,0,1.0,[2030]
2020-11-15 17:00:00+00:00,0,0,0.0,[]
2020-11-15 17:05:00+00:00,0,0,0.0,[]
2020-11-15 17:10:00+00:00,0,0,0.0,[]
2020-11-15 17:15:00+00:00,0,0,0.0,[]
2020-11-15 17:20:00+00:00,0,0,0.0,[]
2020-11-15 17:25:00+00:00,0,0,0.0,[]
2020-11-15 17:30:00+00:00,0,0,0.0,[]
2020-11-15 17:35:00+00:00,10,0,1.0,[10]
2020-11-15 17:40:00+00:00,0,0,0.0,[]
2020-11-15 17:45:00+00:00,0,0,0.0,[]
2020-11-15 17:50:00+00:00,0,0,0.0,[]
2020-11-15 17:55:00+00:00,0,0,0.0,[]
2020-11-15 18:00:00+00:00,0,0,0.0,[]
2020-11-15 18:05:00+00:00,0,0,0.0,[]
2020-11-15 18:10:00+00:00,0,0,0.0,[]
2020-11-15 18:15:00+00:00,0,0,0.0,[]
2020-11-15 18:20:00+00:00,0,0,0.0,[]
2020-11-15 18:25:00+00:00,0,0,0.0,[]
2020-11-15 18:30:00+00:00,0,0,0.0,[]
2020-11-15 18:35:00+00:00,0,0,0.0,[]
2020-11-15 18:40:00+00:00,0,0,0.0,[]
2020-11-15 18:45:00+00:00,0,0,0.0,[]
2020-11-15 18:50:00+00:00,0,0,0.0,[]
2020-11-15 18:55:00+00:00,0,0,0.0,[]
2020-11-15 19:00:00+00:00,0,0,0.0,[]
2020-11-15 19:05:00+00:00,0,0,1.0,[0]
2020-11-15 19:10:00+00:00,0,0,0.0,[]
2020-11-15 19:15:00+00:00,0,0,0.0,[]
2020-11-15 19:20:00+00:00,550,0,1.0,[550]
2020-11-15 19:25:00+00:00,0,0,0.0,[]
2020-11-15 19:30:00+00:00,0,0,0.0,[]
2020-11-15 19:35:00+00:00,0,0,0.0,[]
2020-11-15 19:40:00+00:00,0,0,0.0,[]
2020-11-15 19:45:00+00:00,0,0,0.0,[]
2020-11-15 19:50:00+00:00,0,0,0.0,[]
2020-11-15 19:55:00+00:00,0,0,0.0,[]
2020-11-15 20:00:00+00:00,0,0,0.0,[]
2020-11-15 20:05:00+00:00,0,0,0.0,[]
2020-11-15 20:10:00+00:00,0,0,0.0,[]
2020-11-15 20:15:00+00:00,0,0,0.0,[]
2020-11-15 20:20:00+00:00,0,0,0.0,[]
2020-11-15 20:25:00+00:00,0,0,0.0,[]
2020-11-15 20:30:00+00:00,0,0,0.0,[]
2020-11-15 20:35:00+00:00,0,0,0.0,[]
2020-11-15 20:40:00+00:00,0,0,0.0,[]
2020-11-15 20:45:00+00:00,0,0,0.0,[]
2020-11-15 20:50:00+00:00,0,0,0.0,[]
2020-11-15 20:55:00+00:00,0,0,0.0,[]
2020-11-15 21:00:00+00:00,0,0,0.0,[]
2020-11-15 21:05:00+00:00,0,0,0.0,[]
2020-11-15 21:10:00+00:00,0,0,0.0,[]
2020-11-15 21:15:00+00:00,0,0,0.0,[]
2020-11-15 21:20:00+00:00,0,0,0.0,[]
2020-11-15 21:25:00+00:00,0,0,0.0,[]
2020-11-15 21:30:00+00:00,0,0,0.0,[]
2020-11-15 21:35:00+00:00,0,0,0.0,[]
2020-11-15 21:40:00+00:00,0,0,0.0,[]
2020-11-15 21:45:00+00:00,0,0,0.0,[]
2020-11-15 21:50:00+00:00,0,0,0.0,[]
2020-11-15 21:55:00+00:00,0,0,0.0,[]
2020-11-15 22:00:00+00:00,0,0,0.0,[]
2020-11-15 22:05:00+00:00,0,0,0.0,[]
2020-11-15 22:10:00+00:00,0,0,0.0,[]
2020-11-15 22:15:00+00:00,0,0,0.0,[]
2020-11-15 22:20:00+00:00,0,0,0.0,[]
2020-11-15 22:25:00+00:00,0,0,0.0,[]
2020-11-15 22:30:00+00:00,0,0,0.0,[]
2020-11-15 22:35:00+00:00,0,0,0.0,[]
2020-11-15 22:40:00+00:00,0,0,0.0,[]
2020-11-15 22:45:00+00:00,0,0,0.0,[]
2020-11-15 22:50:00+00:00,0,0,0.0,[]
2020-11-15 22:55:00+00:00,0,0,0.0,[]
2020-11-15 23:00:00+00:00,0,0,0.0,[]
2020-11-15 23:05:00+00:00,0,0,0.0,[]
2020-11-15 23:10:00+00:00,0,0,0.0,[]
2020-11-15 23:15:00+00:00,0,0,0.0,[]
2020-11-15 23:20:00+00:00,0,0,0.0,[]
2020-11-15 23:25:00+00:00,0,0,0.0,[]
2020-11-15 23:30:00+00:00,0,0,0.0,[]
2020-11-15 23:35:00+00:00,0,0,0.0,[]
2020-11-15 23:40:00+00:00,30,0,1.0,[30]
2020-11-15 23:45:00+00:00,0,0,0.0,[]
2020-11-15 23:50:00+00:00,0,0,0.0,[]
2020-11-15 23:55:00+00:00,0,0,0.0,[]
2020-11-16 00:00:00+00:00,0,0,0.0,[]
2020-11-16 00:05:00+00:00,0,0,0.0,[]
2020-11-16 00:10:00+00:00,0,0,0.0,[]
2020-11-16 00:15:00+00:00,0,0,0.0,[]
2020-11-16 00:20:00+00:00,0,0,0.0,[]
2020-11-16 00:25:00+00:00,0,0,0.0,[]
2020-11-16 00:30:00+00:00,0,0,0.0,[]
2020-11-16 00:35:00+00:00,1190,0,1.0,[1190]
2020-11-16 00:40:00+00:00,2380,0,2.0,"[1190, 1190]"
2020-11-16 00:45:00+00:00,0,0,0.0,[]
2020-11-16 00:50:00+00:00,0,0,0.0,[]
2020-11-16 00:55:00+00:00,0,0,0.0,[]
2020-11-16 01:00:00+00:00,0,0,0.0,[]
2020-11-16 01:05:00+00:00,0,0,0.0,[]
2020-11-16 01:10:00+00:00,0,0,0.0,[]
2020-11-16 01:15:00+00:00,0,0,0.0,[]
2020-11-16 01:20:00+00:00,0,0,0.0,[]
2020-11-16 01:25:00+00:00,0,0,0.0,[]
2020-11-16 01:30:00+00:00,0,0,0.0,[]
2020-11-16 01:35:00+00:00,0,0,0.0,[]
2020-11-16 01:40:00+00:00,0,0,0.0,[]
2020-11-16 01:45:00+00:00,0,0,0.0,[]
2020-11-16 01:50:00+00:00,0,0,0.0,[]
2020-11-16 01:55:00+00:00,0,0,0.0,[]
2020-11-16 02:00:00+00:00,0,0,0.0,[]
2020-11-16 02:05:00+00:00,0,0,0.0,[]
2020-11-16 02:10:00+00:00,0,0,0.0,[]
2020-11-16 02:15:00+00:00,0,0,0.0,[]
2020-11-16 02:20:00+00:00,0,0,0.0,[]
2020-11-16 02:25:00+00:00,0,0,0.0,[]
2020-11-16 02:30:00+00:00,0,0,0.0,[]
2020-11-16 02:35:00+00:00,0,0,0.0,[]
2020-11-16 02:40:00+00:00,0,0,0.0,[]
2020-11-16 02:45:00+00:00,0,0,0.0,[]
2020-11-16 02:50:00+00:00,0,0,0.0,[]
2020-11-16 02:55:00+00:00,0,0,0.0,[]
2020-11-16 03:00:00+00:00,0,0,0.0,[]
2020-11-16 03:05:00+00:00,0,0,0.0,[]
2020-11-16 03:10:00+00:00,0,0,0.0,[]
2020-11-16 03:15:00+00:00,0,0,0.0,[]
2020-11-16 03:20:00+00:00,0,0,0.0,[]
2020-11-16 03:25:00+00:00,0,0,0.0,[]
2020-11-16 03:30:00+00:00,0,0,0.0,[]
2020-11-16 03:35:00+00:00,0,0,0.0,[]
2020-11-16 03:40:00+00:00,0,0,0.0,[]
2020-11-16 03:45:00+00:00,0,0,0.0,[]
2020-11-16 03:50:00+00:00,0,0,0.0,[]
2020-11-16 03:55:00+00:00,0,0,0.0,[]
2020-11-16 04:00:00+00:00,0,0,0.0,[]
2020-11-16 04:05:00+00:00,0,0,0.0,[]
2020-11-16 04:10:00+00:00,0,0,0.0,[]
2020-11-16 04:15:00+00:00,0,0,0.0,[]
2020-11-16 04:20:00+00:00,0,0,0.0,[]
2020-11-16 04:25:00+00:00,0,0,0.0,[]
2020-11-16 04:30:00+00:00,0,0,0.0,[]
2020-11-16 04:35:00+00:00,0,0,0.0,[]
2020-11-16 04:40:00+00:00,0,0,0.0,[]
2020-11-16 04:45:00+00:00,0,0,0.0,[]
2020-11-16 04:50:00+00:00,0,0,0.0,[]
2020-11-16 04:55:00+00:00,0,0,0.0,[]
2020-11-16 05:00:00+00:00,0,0,0.0,[]
2020-11-16 05:05:00+00:00,0,0,0.0,[]
2020-11-16 05:10:00+00:00,0,0,0.0,[]
2020-11-16 05:15:00+00:00,0,0,0.0,[]
2020-11-16 05:20:00+00:00,0,0,0.0,[]
2020-11-16 05:25:00+00:00,0,0,0.0,[]
2020-11-16 05:30:00+00:00,0,0,0.0,[]
2020-11-16 05:35:00+00:00,0,0,0.0,[]
2020-11-16 05:40:00+00:00,0,0,0.0,[]
2020-11-16 05:45:00+00:00,0,0,0.0,[]
2020-11-16 05:50:00+00:00,0,0,0.0,[]
2020-11-16 05:55:00+00:00,0,0,0.0,[]
2020-11-16 06:00:00+00:00,0,0,0.0,[]
2020-11-16 06:05:00+00:00,0,0,0.0,[]
2020-11-16 06:10:00+00:00,0,0,0.0,[]
2020-11-16 06:15:00+00:00,0,0,0.0,[]
2020-11-16 06:20:00+00:00,0,0,0.0,[]
2020-11-16 06:25:00+00:00,0,0,0.0,[]
2020-11-16 06:30:00+00:00,0,0,0.0,[]
2020-11-16 06:35:00+00:00,0,0,0.0,[]
2020-11-16 06:40:00+00:00,0,0,0.0,[]
2020-11-16 06:45:00+00:00,0,0,0.0,[]
2020-11-16 06:50:00+00:00,0,0,0.0,[]
2020-11-16 06:55:00+00:00,0,0,0.0,[]
2020-11-16 07:00:00+00:00,0,0,0.0,[]
2020-11-16 07:05:00+00:00,0,0,0.0,[]
2020-11-16 07:10:00+00:00,0,0,0.0,[]
2020-11-16 07:15:00+00:00,0,0,0.0,[]
2020-11-16 07:20:00+00:00,0,0,0.0,[]
2020-11-16 07:25:00+00:00,0,0,0.0,[]
2020-11-16 07:30:00+00:00,0,0,0.0,[]
2020-11-16 07:35:00+00:00,0,0,0.0,[]
2020-11-16 07:40:00+00:00,0,0,0.0,[]
2020-11-16 07:45:00+00:00,0,0,0.0,[]
2020-11-16 07:50:00+00:00,0,0,0.0,[]
2020-11-16 07:55:00+00:00,0,0,0.0,[]
2020-11-16 08:00:00+00:00,0,0,0.0,[]
2020-11-16 08:05:00+00:00,0,0,0.0,[]
2020-11-16 08:10:00+00:00,0,0,0.0,[]
2020-11-16 08:15:00+00:00,0,0,0.0,[]
2020-11-16 08:20:00+00:00,0,0,0.0,[]
2020-11-16 08:25:00+00:00,0,0,0.0,[]
2020-11-16 08:30:00+00:00,0,0,0.0,[]
2020-11-16 08:35:00+00:00,0,0,0.0,[]
2020-11-16 08:40:00+00:00,0,0,0.0,[]
2020-11-16 08:45:00+00:00,30,0,3.0,"[10, 10, 10]"
2020-11-16 08:50:00+00:00,0,0,0.0,[]
2020-11-16 08:55:00+00:00,0,0,0.0,[]
2020-11-16 09:00:00+00:00,0,0,0.0,[]
2020-11-16 09:05:00+00:00,0,0,0.0,[]
2020-11-16 09:10:00+00:00,0,0,0.0,[]
2020-11-16 09:15:00+00:00,0,0,0.0,[]
2020-11-16 09:20:00+00:00,0,0,0.0,[]
2020-11-16 09:25:00+00:00,0,0,0.0,[]
2020-11-16 09:30:00+00:00,0,0,0.0,[]
2020-11-16 09:35:00+00:00,0,0,0.0,[]
2020-11-16 09:40:00+00:00,0,0,0.0,[]
2020-11-16 09:45:00+00:00,0,0,0.0,[]
2020-11-16 09:50:00+00:00,0,0,0.0,[]
2020-11-16 09:55:00+00:00,0,0,0.0,[]
2020-11-16 10:00:00+00:00,0,0,0.0,[]
2020-11-16 10:05:00+00:00,0,0,0.0,[]
2020-11-16 10:10:00+00:00,0,0,0.0,[]
2020-11-16 10:15:00+00:00,0,0,0.0,[]
2020-11-16 10:20:00+00:00,0,0,0.0,[]
2020-11-16 10:25:00+00:00,0,0,0.0,[]
2020-11-16 10:30:00+00:00,0,0,0.0,[]
2020-11-16 10:35:00+00:00,0,0,0.0,[]
2020-11-16 10:40:00+00:00,0,0,0.0,[]
2020-11-16 10:45:00+00:00,0,0,0.0,[]
2020-11-16 10:50:00+00:00,0,0,0.0,[]
2020-11-16 10:55:00+00:00,0,0,0.0,[]
2020-11-16 11:00:00+00:00,0,0,0.0,[]
2020-11-16 11:05:00+00:00,0,0,0.0,[]
2020-11-16 11:10:00+00:00,0,0,0.0,[]
2020-11-16 11:15:00+00:00,0,0,0.0,[]
2020-11-16 11:20:00+00:00,140,0,2.0,"[70, 70]"
2020-11-16 11:25:00+00:00,140,0,1.0,[140]
2020-11-16 11:30:00+00:00,850,0,1.0,[850]
2020-11-16 11:35:00+00:00,0,0,0.0,[]
2020-11-16 11:40:00+00:00,0,0,0.0,[]
2020-11-16 11:45:00+00:00,0,0,0.0,[]
2020-11-16 11:50:00+00:00,1960,0,1.0,[1960]
2020-11-16 11:55:00+00:00,0,0,0.0,[]
2020-11-16 12:00:00+00:00,2190,0,1.0,[2190]
2020-11-16 12:05:00+00:00,7510,0,1.0,[7510]
2020-11-16 12:10:00+00:00,0,0,0.0,[]
2020-11-16 12:15:00+00:00,0,0,0.0,[]
2020-11-16 12:20:00+00:00,0,0,0.0,[]
2020-11-16 12:25:00+00:00,0,0,0.0,[]
2020-11-16 12:30:00+00:00,0,0,0.0,[]
2020-11-16 12:35:00+00:00,0,0,0.0,[]
2020-11-16 12:40:00+00:00,0,0,0.0,[]
2020-11-16 12:45:00+00:00,0,0,0.0,[]
2020-11-16 12:50:00+00:00,0,0,0.0,[]
2020-11-16 12:55:00+00:00,0,0,0.0,[]
2020-11-16 13:00:00+00:00,0,0,0.0,[]
2020-11-16 13:05:00+00:00,0,0,0.0,[]
2020-11-16 13:10:00+00:00,0,0,0.0,[]
2020-11-16 13:15:00+00:00,0,0,0.0,[]
2020-11-16 13:20:00+00:00,0,0,0.0,[]
2020-11-16 13:25:00+00:00,0,0,0.0,[]
2020-11-16 13:30:00+00:00,0,0,0.0,[]
2020-11-16 13:35:00+00:00,0,0,0.0,[]
2020-11-16 13:40:00+00:00,0,0,0.0,[]
2020-11-16 13:45:00+00:00,0,0,0.0,[]
2020-11-16 13:50:00+00:00,0,0,0.0,[]
2020-11-16 13:55:00+00:00,0,0,0.0,[]
2020-11-16 14:00:00+00:00,0,0,0.0,[]
2020-11-16 14:05:00+00:00,0,0,0.0,[]
2020-11-16 14:10:00+00:00,0,0,0.0,[]
2020-11-16 14:15:00+00:00,0,0,0.0,[]
2020-11-16 14:20:00+00:00,0,0,0.0,[]
2020-11-16 14:25:00+00:00,0,0,0.0,[]
2020-11-16 14:30:00+00:00,0,0,0.0,[]
2020-11-16 14:35:00+00:00,0,0,0.0,[]
2020-11-16 14:40:00+00:00,0,0,0.0,[]
2020-11-16 14:45:00+00:00,0,0,0.0,[]
2020-11-16 14:50:00+00:00,0,0,0.0,[]
2020-11-16 14:55:00+00:00,0,0,0.0,[]
2020-11-16 15:00:00+00:00,0,0,0.0,[]
2020-11-16 15:05:00+00:00,0,0,0.0,[]
2020-11-16 15:10:00+00:00,0,0,0.0,[]
2020-11-16 15:15:00+00:00,0,0,0.0,[]
2020-11-16 15:20:00+00:00,0,0,0.0,[]
2020-11-16 15:25:00+00:00,0,0,0.0,[]
2020-11-16 15:30:00+00:00,0,0,0.0,[]
2020-11-16 15:35:00+00:00,0,0,0.0,[]
2020-11-16 15:40:00+00:00,0,0,0.0,[]
2020-11-16 15:45:00+00:00,0,0,0.0,[]
2020-11-16 15:50:00+00:00,0,0,0.0,[]
2020-11-16 15:55:00+00:00,0,0,0.0,[]
2020-11-16 16:00:00+00:00,0,0,0.0,[]
2020-11-16 16:05:00+00:00,0,0,0.0,[]
2020-11-16 16:10:00+00:00,0,0,0.0,[]
2020-11-16 16:15:00+00:00,0,0,0.0,[]
2020-11-16 16:20:00+00:00,0,0,0.0,[]
2020-11-16 16:25:00+00:00,0,0,0.0,[]
2020-11-16 16:30:00+00:00,0,0,0.0,[]
2020-11-16 16:35:00+00:00,0,0,0.0,[]
2020-11-16 16:40:00+00:00,0,0,0.0,[]
2020-11-16 16:45:00+00:00,0,0,0.0,[]
2020-11-16 16:50:00+00:00,0,0,0.0,[]
2020-11-16 16:55:00+00:00,14340,0,1.0,[14340]
2020-11-16 17:00:00+00:00,0,0,0.0,[]
2020-11-16 17:05:00+00:00,0,0,0.0,[]
2020-11-16 17:10:00+00:00,0,0,0.0,[]
2020-11-16 17:15:00+00:00,0,0,0.0,[]
2020-11-16 17:20:00+00:00,0,0,0.0,[]
2020-11-16 17:25:00+00:00,0,0,0.0,[]
2020-11-16 17:30:00+00:00,0,0,0.0,[]
2020-11-16 17:35:00+00:00,0,0,0.0,[]
2020-11-16 17:40:00+00:00,2400,0,1.0,[2400]
2020-11-16 17:45:00+00:00,0,0,0.0,[]
2020-11-16 17:50:00+00:00,0,0,0.0,[]
2020-11-16 17:55:00+00:00,0,0,0.0,[]
2020-11-16 18:00:00+00:00,0,0,0.0,[]
2020-11-16 18:05:00+00:00,0,0,0.0,[]
2020-11-16 18:10:00+00:00,0,0,0.0,[]
2020-11-16 18:15:00+00:00,0,0,0.0,[]
2020-11-16 18:20:00+00:00,0,0,0.0,[]
2020-11-16 18:25:00+00:00,0,0,0.0,[]
2020-11-16 18:30:00+00:00,0,0,0.0,[]
2020-11-16 18:35:00+00:00,0,0,0.0,[]
2020-11-16 18:40:00+00:00,0,0,0.0,[]
2020-11-16 18:45:00+00:00,0,0,0.0,[]
2020-11-16 18:50:00+00:00,0,0,0.0,[]
2020-11-16 18:55:00+00:00,0,0,0.0,[]
2020-11-16 19:00:00+00:00,0,0,0.0,[]
2020-11-16 19:05:00+00:00,0,0,0.0,[]
2020-11-16 19:10:00+00:00,0,0,0.0,[]
2020-11-16 19:15:00+00:00,0,0,0.0,[]
2020-11-16 19:20:00+00:00,0,0,0.0,[]
2020-11-16 19:25:00+00:00,0,0,0.0,[]
2020-11-16 19:30:00+00:00,0,0,0.0,[]
2020-11-16 19:35:00+00:00,0,0,0.0,[]
2020-11-16 19:40:00+00:00,0,0,0.0,[]
2020-11-16 19:45:00+00:00,0,0,0.0,[]
2020-11-16 19:50:00+00:00,0,0,0.0,[]
2020-11-16 19:55:00+00:00,0,0,0.0,[]
2020-11-16 20:00:00+00:00,0,0,0.0,[]
2020-11-16 20:05:00+00:00,0,0,0.0,[]
2020-11-16 20:10:00+00:00,0,0,0.0,[]
2020-11-16 20:15:00+00:00,0,0,0.0,[]
2020-11-16 20:20:00+00:00,0,0,0.0,[]
2020-11-16 20:25:00+00:00,0,0,0.0,[]
2020-11-16 20:30:00+00:00,80,0,1.0,[80]
2020-11-16 20:35:00+00:00,0,0,0.0,[]
2020-11-16 20:40:00+00:00,0,0,0.0,[]
2020-11-16 20:45:00+00:00,0,0,0.0,[]
2020-11-16 20:50:00+00:00,0,0,0.0,[]
2020-11-16 20:55:00+00:00,0,0,0.0,[]
2020-11-16 21:00:00+00:00,0,0,0.0,[]
2020-11-16 21:05:00+00:00,0,0,0.0,[]
2020-11-16 21:10:00+00:00,0,0,0.0,[]
2020-11-16 21:15:00+00:00,0,0,0.0,[]
2020-11-16 21:20:00+00:00,0,0,0.0,[]
2020-11-16 21:25:00+00:00,0,0,0.0,[]
2020-11-16 21:30:00+00:00,0,0,0.0,[]
2020-11-16 21:35:00+00:00,0,0,0.0,[]
2020-11-16 21:40:00+00:00,0,0,0.0,[]
2020-11-16 21:45:00+00:00,0,0,0.0,[]
2020-11-16 21:50:00+00:00,0,0,0.0,[]
2020-11-16 21:55:00+00:00,0,0,0.0,[]
2020-11-16 22:00:00+00:00,0,0,0.0,[]
2020-11-16 22:05:00+00:00,0,0,0.0,[]
2020-11-16 22:10:00+00:00,0,0,0.0,[]
2020-11-16 22:15:00+00:00,0,0,0.0,[]
2020-11-16 22:20:00+00:00,0,0,0.0,[]
2020-11-16 22:25:00+00:00,0,0,0.0,[]
2020-11-16 22:30:00+00:00,0,0,0.0,[]
2020-11-16 22:35:00+00:00,0,0,0.0,[]
2020-11-16 22:40:00+00:00,0,0,0.0,[]
2020-11-16 22:45:00+00:00,0,0,0.0,[]
2020-11-16 22:50:00+00:00,0,0,0.0,[]
2020-11-16 22:55:00+00:00,0,0,0.0,[]
2020-11-16 23:00:00+00:00,0,0,0.0,[]
2020-11-16 23:05:00+00:00,0,0,0.0,[]
2020-11-16 23:10:00+00:00,0,0,0.0,[]
2020-11-16 23:15:00+00:00,0,0,0.0,[]
2020-11-16 23:20:00+00:00,0,0,0.0,[]
2020-11-16 23:25:00+00:00,0,0,0.0,[]
2020-11-16 23:30:00+00:00,0,0,0.0,[]
2020-11-16 23:35:00+00:00,0,0,0.0,[]
2020-11-16 23:40:00+00:00,0,0,0.0,[]
2020-11-16 23:45:00+00:00,0,0,0.0,[]
2020-11-16 23:50:00+00:00,0,0,0.0,[]
2020-11-16 23:55:00+00:00,0,0,0.0,[]
2020-11-17 00:00:00+00:00,0,0,0.0,[]
2020-11-17 00:05:00+00:00,0,0,0.0,[]
2020-11-17 00:10:00+00:00,0,0,0.0,[]
2020-11-17 00:15:00+00:00,0,0,0.0,[]
2020-11-17 00:20:00+00:00,0,0,0.0,[]
2020-11-17 00:25:00+00:00,0,0,0.0,[]
2020-11-17 00:30:00+00:00,0,0,0.0,[]
2020-11-17 00:35:00+00:00,0,0,0.0,[]
2020-11-17 00:40:00+00:00,0,0,0.0,[]
2020-11-17 00:45:00+00:00,0,0,0.0,[]
2020-11-17 00:50:00+00:00,0,0,0.0,[]
2020-11-17 00:55:00+00:00,0,0,0.0,[]
2020-11-17 01:00:00+00:00,0,0,0.0,[]
2020-11-17 01:05:00+00:00,0,0,0.0,[]
2020-11-17 01:10:00+00:00,0,0,0.0,[]
2020-11-17 01:15:00+00:00,0,0,0.0,[]
2020-11-17 01:20:00+00:00,0,0,0.0,[]
2020-11-17 01:25:00+00:00,0,0,0.0,[]
2020-11-17 01:30:00+00:00,0,0,0.0,[]
2020-11-17 01:35:00+00:00,0,0,0.0,[]
2020-11-17 01:40:00+00:00,0,0,0.0,[]
2020-11-17 01:45:00+00:00,0,0,0.0,[]
2020-11-17 01:50:00+00:00,0,0,0.0,[]
2020-11-17 01:55:00+00:00,0,0,0.0,[]
2020-11-17 02:00:00+00:00,0,0,0.0,[]
2020-11-17 02:05:00+00:00,0,0,0.0,[]
2020-11-17 02:10:00+00:00,0,0,0.0,[]
2020-11-17 02:15:00+00:00,0,0,0.0,[]
2020-11-17 02:20:00+00:00,0,0,0.0,[]
2020-11-17 02:25:00+00:00,0,0,0.0,[]
2020-11-17 02:30:00+00:00,0,0,0.0,[]
2020-11-17 02:35:00+00:00,0,0,0.0,[]
2020-11-17 02:40:00+00:00,0,0,0.0,[]
2020-11-17 02:45:00+00:00,0,0,0.0,[]
2020-11-17 02:50:00+00:00,4530,0,2.0,"[4470, 60]"
2020-11-17 02:55:00+00:00,0,0,0.0,[]
2020-11-17 03:00:00+00:00,0,0,0.0,[]
2020-11-17 03:05:00+00:00,0,0,0.0,[]
2020-11-17 03:10:00+00:00,0,0,0.0,[]
2020-11-17 03:15:00+00:00,0,0,0.0,[]
2020-11-17 03:20:00+00:00,0,0,0.0,[]
2020-11-17 03:25:00+00:00,0,0,0.0,[]
2020-11-17 03:30:00+00:00,0,0,0.0,[]
2020-11-17 03:35:00+00:00,0,0,0.0,[]
2020-11-17 03:40:00+00:00,0,0,0.0,[]
2020-11-17 03:45:00+00:00,0,0,0.0,[]
2020-11-17 03:50:00+00:00,0,0,0.0,[]
2020-11-17 03:55:00+00:00,0,0,0.0,[]
2020-11-17 04:00:00+00:00,0,0,0.0,[]
2020-11-17 04:05:00+00:00,0,0,0.0,[]
2020-11-17 04:10:00+00:00,0,0,0.0,[]
2020-11-17 04:15:00+00:00,0,0,0.0,[]
2020-11-17 04:20:00+00:00,0,0,0.0,[]
2020-11-17 04:25:00+00:00,0,0,0.0,[]
2020-11-17 04:30:00+00:00,0,0,0.0,[]
2020-11-17 04:35:00+00:00,0,0,0.0,[]
2020-11-17 04:40:00+00:00,0,0,0.0,[]
2020-11-17 04:45:00+00:00,0,0,0.0,[]
2020-11-17 04:50:00+00:00,0,0,0.0,[]
2020-11-17 04:55:00+00:00,0,0,0.0,[]
2020-11-17 05:00:00+00:00,0,0,0.0,[]
2020-11-17 05:05:00+00:00,0,0,0.0,[]
2020-11-17 05:10:00+00:00,0,0,0.0,[]
2020-11-17 05:15:00+00:00,0,0,0.0,[]
2020-11-17 05:20:00+00:00,0,0,0.0,[]
2020-11-17 05:25:00+00:00,0,0,0.0,[]
2020-11-17 05:30:00+00:00,0,0,0.0,[]
2020-11-17 05:35:00+00:00,0,0,0.0,[]
2020-11-17 05:40:00+00:00,0,0,0.0,[]
2020-11-17 05:45:00+00:00,0,0,0.0,[]
2020-11-17 05:50:00+00:00,0,0,0.0,[]
2020-11-17 05:55:00+00:00,0,0,0.0,[]
2020-11-17 06:00:00+00:00,0,0,0.0,[]
2020-11-17 06:05:00+00:00,0,0,0.0,[]
2020-11-17 06:10:00+00:00,0,0,0.0,[]
2020-11-17 06:15:00+00:00,0,0,0.0,[]
2020-11-17 06:20:00+00:00,0,0,0.0,[]
2020-11-17 06:25:00+00:00,0,0,0.0,[]
2020-11-17 06:30:00+00:00,0,0,0.0,[]
2020-11-17 06:35:00+00:00,0,0,0.0,[]
2020-11-17 06:40:00+00:00,0,0,0.0,[]
2020-11-17 06:45:00+00:00,0,0,0.0,[]
2020-11-17 06:50:00+00:00,0,0,0.0,[]
2020-11-17 06:55:00+00:00,0,0,0.0,[]
2020-11-17 07:00:00+00:00,0,0,0.0,[]
2020-11-17 07:05:00+00:00,0,0,0.0,[]
2020-11-17 07:10:00+00:00,0,0,0.0,[]
2020-11-17 07:15:00+00:00,0,0,0.0,[]
2020-11-17 07:20:00+00:00,0,0,0.0,[]
2020-11-17 07:25:00+00:00,9860,0,1.0,[9860]
2020-11-17 07:30:00+00:00,0,0,0.0,[]
2020-11-17 07:35:00+00:00,0,0,0.0,[]
2020-11-17 07:40:00+00:00,0,0,0.0,[]
2020-11-17 07:45:00+00:00,0,0,0.0,[]
2020-11-17 07:50:00+00:00,0,0,0.0,[]
2020-11-17 07:55:00+00:00,0,0,0.0,[]
2020-11-17 08:00:00+00:00,0,0,0.0,[]
2020-11-17 08:05:00+00:00,0,0,0.0,[]
2020-11-17 08:10:00+00:00,0,0,0.0,[]
2020-11-17 08:15:00+00:00,0,0,0.0,[]
2020-11-17 08:20:00+00:00,40,0,1.0,[40]
2020-11-17 08:25:00+00:00,0,0,0.0,[]
2020-11-17 08:30:00+00:00,0,0,0.0,[]
2020-11-17 08:35:00+00:00,0,0,0.0,[]
2020-11-17 08:40:00+00:00,0,0,0.0,[]
2020-11-17 08:45:00+00:00,0,0,0.0,[]
2020-11-17 08:50:00+00:00,0,0,0.0,[]
2020-11-17 08:55:00+00:00,0,0,0.0,[]
2020-11-17 09:00:00+00:00,0,0,0.0,[]
2020-11-17 09:05:00+00:00,0,0,0.0,[]
2020-11-17 09:10:00+00:00,0,0,0.0,[]
2020-11-17 09:15:00+00:00,0,0,0.0,[]
2020-11-17 09:20:00+00:00,0,0,0.0,[]
2020-11-17 09:25:00+00:00,0,0,0.0,[]
2020-11-17 09:30:00+00:00,0,0,0.0,[]
2020-11-17 09:35:00+00:00,0,0,0.0,[]
2020-11-17 09:40:00+00:00,0,0,0.0,[]
2020-11-17 09:45:00+00:00,0,0,0.0,[]
2020-11-17 09:50:00+00:00,0,0,0.0,[]
2020-11-17 09:55:00+00:00,0,0,0.0,[]
2020-11-17 10:00:00+00:00,0,0,0.0,[]
2020-11-17 10:05:00+00:00,0,0,0.0,[]
2020-11-17 10:10:00+00:00,0,0,0.0,[]
2020-11-17 10:15:00+00:00,0,0,0.0,[]
2020-11-17 10:20:00+00:00,0,0,0.0,[]
2020-11-17 10:25:00+00:00,0,0,0.0,[]
2020-11-17 10:30:00+00:00,0,0,0.0,[]
2020-11-17 10:35:00+00:00,0,0,0.0,[]
2020-11-17 10:40:00+00:00,0,0,0.0,[]
2020-11-17 10:45:00+00:00,0,0,0.0,[]
2020-11-17 10:50:00+00:00,0,0,0.0,[]
2020-11-17 10:55:00+00:00,0,0,0.0,[]
2020-11-17 11:00:00+00:00,0,0,0.0,[]
2020-11-17 11:05:00+00:00,0,0,0.0,[]
2020-11-17 11:10:00+00:00,180,0,1.0,[180]
2020-11-17 11:15:00+00:00,0,0,0.0,[]
2020-11-17 11:20:00+00:00,0,0,0.0,[]
2020-11-17 11:25:00+00:00,0,0,0.0,[]
2020-11-17 11:30:00+00:00,0,0,0.0,[]
2020-11-17 11:35:00+00:00,0,0,0.0,[]
2020-11-17 11:40:00+00:00,0,0,0.0,[]
2020-11-17 11:45:00+00:00,0,0,0.0,[]
2020-11-17 11:50:00+00:00,0,0,0.0,[]
2020-11-17 11:55:00+00:00,0,0,0.0,[]
2020-11-17 12:00:00+00:00,0,0,0.0,[]
2020-11-17 12:05:00+00:00,0,0,0.0,[]
2020-11-17 12:10:00+00:00,0,0,0.0,[]
2020-11-17 12:15:00+00:00,0,0,0.0,[]
2020-11-17 12:20:00+00:00,0,0,0.0,[]
2020-11-17 12:25:00+00:00,0,0,0.0,[]
2020-11-17 12:30:00+00:00,0,0,0.0,[]
2020-11-17 12:35:00+00:00,0,0,0.0,[]
2020-11-17 12:40:00+00:00,0,0,0.0,[]
2020-11-17 12:45:00+00:00,0,0,0.0,[]
2020-11-17 12:50:00+00:00,0,0,0.0,[]
2020-11-17 12:55:00+00:00,0,0,0.0,[]
2020-11-17 13:00:00+00:00,0,0,0.0,[]
2020-11-17 13:05:00+00:00,0,0,0.0,[]
2020-11-17 13:10:00+00:00,0,0,0.0,[]
2020-11-17 13:15:00+00:00,0,0,0.0,[]
2020-11-17 13:20:00+00:00,0,0,0.0,[]
2020-11-17 13:25:00+00:00,0,0,0.0,[]
2020-11-17 13:30:00+00:00,0,0,0.0,[]
2020-11-17 13:35:00+00:00,0,0,0.0,[]
2020-11-17 13:40:00+00:00,0,0,0.0,[]
2020-11-17 13:45:00+00:00,0,0,0.0,[]
2020-11-17 13:50:00+00:00,0,0,0.0,[]
2020-11-17 13:55:00+00:00,0,0,0.0,[]
2020-11-17 14:00:00+00:00,0,0,0.0,[]
2020-11-17 14:05:00+00:00,0,0,0.0,[]
2020-11-17 14:10:00+00:00,0,0,0.0,[]
2020-11-17 14:15:00+00:00,0,0,0.0,[]
2020-11-17 14:20:00+00:00,0,0,0.0,[]
2020-11-17 14:25:00+00:00,0,0,0.0,[]
2020-11-17 14:30:00+00:00,0,0,0.0,[]
2020-11-17 14:35:00+00:00,0,0,0.0,[]
2020-11-17 14:40:00+00:00,0,0,0.0,[]
2020-11-17 14:45:00+00:00,0,0,0.0,[]
2020-11-17 14:50:00+00:00,0,0,0.0,[]
2020-11-17 14:55:00+00:00,0,0,0.0,[]
2020-11-17 15:00:00+00:00,0,0,0.0,[]
2020-11-17 15:05:00+00:00,0,0,0.0,[]
2020-11-17 15:10:00+00:00,0,0,0.0,[]
2020-11-17 15:15:00+00:00,0,0,0.0,[]
2020-11-17 15:20:00+00:00,0,0,0.0,[]
2020-11-17 15:25:00+00:00,0,0,0.0,[]
2020-11-17 15:30:00+00:00,0,0,0.0,[]
2020-11-17 15:35:00+00:00,0,0,0.0,[]
2020-11-17 15:40:00+00:00,0,0,0.0,[]
2020-11-17 15:45:00+00:00,0,0,0.0,[]
2020-11-17 15:50:00+00:00,0,0,0.0,[]
2020-11-17 15:55:00+00:00,0,0,0.0,[]
2020-11-17 16:00:00+00:00,0,0,0.0,[]
2020-11-17 16:05:00+00:00,0,0,0.0,[]
2020-11-17 16:10:00+00:00,0,0,0.0,[]
2020-11-17 16:15:00+00:00,0,0,0.0,[]
2020-11-17 16:20:00+00:00,0,0,0.0,[]
2020-11-17 16:25:00+00:00,0,0,0.0,[]
2020-11-17 16:30:00+00:00,0,0,0.0,[]
2020-11-17 16:35:00+00:00,0,0,0.0,[]
2020-11-17 16:40:00+00:00,0,0,0.0,[]
2020-11-17 16:45:00+00:00,0,0,0.0,[]
2020-11-17 16:50:00+00:00,0,0,0.0,[]
2020-11-17 16:55:00+00:00,0,0,0.0,[]
2020-11-17 17:00:00+00:00,0,0,0.0,[]
2020-11-17 17:05:00+00:00,0,0,0.0,[]
2020-11-17 17:10:00+00:00,0,0,0.0,[]
2020-11-17 17:15:00+00:00,0,0,0.0,[]
2020-11-17 17:20:00+00:00,0,0,0.0,[]
2020-11-17 17:25:00+00:00,0,0,0.0,[]
2020-11-17 17:30:00+00:00,0,0,0.0,[]
2020-11-17 17:35:00+00:00,0,0,0.0,[]
2020-11-17 17:40:00+00:00,0,0,0.0,[]
2020-11-17 17:45:00+00:00,0,0,0.0,[]
2020-11-17 17:50:00+00:00,0,0,0.0,[]
2020-11-17 17:55:00+00:00,0,0,0.0,[]
2020-11-17 18:00:00+00:00,0,0,0.0,[]
2020-11-17 18:05:00+00:00,0,0,0.0,[]
2020-11-17 18:10:00+00:00,0,0,0.0,[]
2020-11-17 18:15:00+00:00,0,0,0.0,[]
2020-11-17 18:20:00+00:00,0,0,0.0,[]
2020-11-17 18:25:00+00:00,0,0,0.0,[]
2020-11-17 18:30:00+00:00,0,0,0.0,[]
2020-11-17 18:35:00+00:00,0,0,0.0,[]
2020-11-17 18:40:00+00:00,0,0,0.0,[]
2020-11-17 18:45:00+00:00,0,0,0.0,[]
2020-11-17 18:50:00+00:00,0,0,0.0,[]
2020-11-17 18:55:00+00:00,0,0,0.0,[]
2020-11-17 19:00:00+00:00,0,0,0.0,[]
2020-11-17 19:05:00+00:00,0,0,0.0,[]
2020-11-17 19:10:00+00:00,0,0,0.0,[]
2020-11-17 19:15:00+00:00,0,0,0.0,[]
2020-11-17 19:20:00+00:00,0,0,0.0,[]
2020-11-17 19:25:00+00:00,0,0,0.0,[]
2020-11-17 19:30:00+00:00,0,0,0.0,[]
2020-11-17 19:35:00+00:00,0,0,0.0,[]
2020-11-17 19:40:00+00:00,0,0,0.0,[]
2020-11-17 19:45:00+00:00,0,0,0.0,[]
2020-11-17 19:50:00+00:00,0,0,0.0,[]
2020-11-17 19:55:00+00:00,0,0,0.0,[]
2020-11-17 20:00:00+00:00,0,0,0.0,[]
2020-11-17 20:05:00+00:00,0,0,0.0,[]
2020-11-17 20:10:00+00:00,0,0,0.0,[]
2020-11-17 20:15:00+00:00,0,0,0.0,[]
2020-11-17 20:20:00+00:00,0,0,0.0,[]
2020-11-17 20:25:00+00:00,0,0,0.0,[]
2020-11-17 20:30:00+00:00,0,0,0.0,[]
2020-11-17 20:35:00+00:00,0,0,0.0,[]
2020-11-17 20:40:00+00:00,0,0,0.0,[]
2020-11-17 20:45:00+00:00,0,0,0.0,[]
2020-11-17 20:50:00+00:00,0,0,0.0,[]
2020-11-17 20:55:00+00:00,0,0,0.0,[]
2020-11-17 21:00:00+00:00,0,0,0.0,[]
2020-11-17 21:05:00+00:00,0,0,0.0,[]
2020-11-17 21:10:00+00:00,0,0,0.0,[]
2020-11-17 21:15:00+00:00,0,0,0.0,[]
2020-11-17 21:20:00+00:00,0,0,0.0,[]
2020-11-17 21:25:00+00:00,0,0,0.0,[]
2020-11-17 21:30:00+00:00,0,0,0.0,[]
2020-11-17 21:35:00+00:00,0,0,0.0,[]
2020-11-17 21:40:00+00:00,0,0,0.0,[]
2020-11-17 21:45:00+00:00,0,0,0.0,[]
2020-11-17 21:50:00+00:00,0,0,0.0,[]
2020-11-17 21:55:00+00:00,0,0,0.0,[]
2020-11-17 22:00:00+00:00,0,0,0.0,[]
2020-11-17 22:05:00+00:00,0,0,0.0,[]
2020-11-17 22:10:00+00:00,0,0,0.0,[]
2020-11-17 22:15:00+00:00,0,0,0.0,[]
2020-11-17 22:20:00+00:00,0,0,0.0,[]
2020-11-17 22:25:00+00:00,0,0,0.0,[]
2020-11-17 22:30:00+00:00,0,0,0.0,[]
2020-11-17 22:35:00+00:00,0,0,0.0,[]
2020-11-17 22:40:00+00:00,0,0,0.0,[]
2020-11-17 22:45:00+00:00,0,0,0.0,[]
2020-11-17 22:50:00+00:00,0,0,0.0,[]
2020-11-17 22:55:00+00:00,0,0,0.0,[]
2020-11-17 23:00:00+00:00,0,0,0.0,[]
2020-11-17 23:05:00+00:00,0,0,0.0,[]
2020-11-17 23:10:00+00:00,0,0,0.0,[]
2020-11-17 23:15:00+00:00,0,0,0.0,[]
2020-11-17 23:20:00+00:00,0,0,0.0,[]
2020-11-17 23:25:00+00:00,0,0,0.0,[]
2020-11-17 23:30:00+00:00,0,0,0.0,[]
2020-11-17 23:35:00+00:00,0,0,0.0,[]
2020-11-17 23:40:00+00:00,0,0,0.0,[]
2020-11-17 23:45:00+00:00,0,0,0.0,[]
2020-11-17 23:50:00+00:00,0,0,0.0,[]
2020-11-17 23:55:00+00:00,0,0,0.0,[]
2020-11-18 00:00:00+00:00,0,0,0.0,[]
2020-11-18 00:05:00+00:00,0,0,0.0,[]
2020-11-18 00:10:00+00:00,0,0,0.0,[]
2020-11-18 00:15:00+00:00,0,0,0.0,[]
2020-11-18 00:20:00+00:00,0,0,0.0,[]
2020-11-18 00:25:00+00:00,0,0,0.0,[]
2020-11-18 00:30:00+00:00,0,0,0.0,[]
2020-11-18 00:35:00+00:00,0,0,0.0,[]
2020-11-18 00:40:00+00:00,0,0,0.0,[]
2020-11-18 00:45:00+00:00,0,0,0.0,[]
2020-11-18 00:50:00+00:00,0,0,0.0,[]
2020-11-18 00:55:00+00:00,0,0,0.0,[]
2020-11-18 01:00:00+00:00,0,0,0.0,[]
2020-11-18 01:05:00+00:00,0,0,0.0,[]
2020-11-18 01:10:00+00:00,0,0,0.0,[]
2020-11-18 01:15:00+00:00,0,0,0.0,[]
2020-11-18 01:20:00+00:00,0,0,0.0,[]
2020-11-18 01:25:00+00:00,0,0,0.0,[]
2020-11-18 01:30:00+00:00,0,0,0.0,[]
2020-11-18 01:35:00+00:00,0,0,0.0,[]
2020-11-18 01:40:00+00:00,0,0,0.0,[]
2020-11-18 01:45:00+00:00,0,0,0.0,[]
2020-11-18 01:50:00+00:00,0,0,0.0,[]
2020-11-18 01:55:00+00:00,0,0,0.0,[]
2020-11-18 02:00:00+00:00,0,0,0.0,[]
2020-11-18 02:05:00+00:00,0,0,0.0,[]
2020-11-18 02:10:00+00:00,0,0,0.0,[]
2020-11-18 02:15:00+00:00,0,0,0.0,[]
2020-11-18 02:20:00+00:00,0,0,0.0,[]
2020-11-18 02:25:00+00:00,0,0,0.0,[]
2020-11-18 02:30:00+00:00,0,0,0.0,[]
2020-11-18 02:35:00+00:00,0,0,0.0,[]
2020-11-18 02:40:00+00:00,0,0,0.0,[]
2020-11-18 02:45:00+00:00,0,0,0.0,[]
2020-11-18 02:50:00+00:00,0,0,0.0,[]
2020-11-18 02:55:00+00:00,0,0,0.0,[]
2020-11-18 03:00:00+00:00,0,0,0.0,[]
2020-11-18 03:05:00+00:00,0,0,0.0,[]
2020-11-18 03:10:00+00:00,0,0,0.0,[]
2020-11-18 03:15:00+00:00,0,0,0.0,[]
2020-11-18 03:20:00+00:00,0,0,0.0,[]
2020-11-18 03:25:00+00:00,0,0,0.0,[]
2020-11-18 03:30:00+00:00,0,0,0.0,[]
2020-11-18 03:35:00+00:00,0,0,0.0,[]
2020-11-18 03:40:00+00:00,0,0,0.0,[]
2020-11-18 03:45:00+00:00,0,0,0.0,[]
2020-11-18 03:50:00+00:00,0,0,0.0,[]
2020-11-18 03:55:00+00:00,0,0,0.0,[]
2020-11-18 04:00:00+00:00,0,0,0.0,[]
2020-11-18 04:05:00+00:00,0,0,0.0,[]
2020-11-18 04:10:00+00:00,0,0,0.0,[]
2020-11-18 04:15:00+00:00,0,0,0.0,[]
2020-11-18 04:20:00+00:00,0,0,0.0,[]
2020-11-18 04:25:00+00:00,0,0,0.0,[]
2020-11-18 04:30:00+00:00,0,0,0.0,[]
2020-11-18 04:35:00+00:00,0,0,0.0,[]
2020-11-18 04:40:00+00:00,0,0,0.0,[]
2020-11-18 04:45:00+00:00,0,0,0.0,[]
2020-11-18 04:50:00+00:00,0,0,0.0,[]
2020-11-18 04:55:00+00:00,0,0,0.0,[]
2020-11-18 05:00:00+00:00,0,0,0.0,[]
2020-11-18 05:05:00+00:00,0,0,0.0,[]
2020-11-18 05:10:00+00:00,460,0,1.0,[460]
2020-11-18 05:15:00+00:00,0,0,0.0,[]
2020-11-18 05:20:00+00:00,0,0,0.0,[]
2020-11-18 05:25:00+00:00,0,0,0.0,[]
2020-11-18 05:30:00+00:00,0,0,0.0,[]
2020-11-18 05:35:00+00:00,0,0,0.0,[]
2020-11-18 05:40:00+00:00,0,0,0.0,[]
2020-11-18 05:45:00+00:00,0,0,0.0,[]
2020-11-18 05:50:00+00:00,0,0,0.0,[]
2020-11-18 05:55:00+00:00,0,0,0.0,[]
2020-11-18 06:00:00+00:00,0,0,0.0,[]
2020-11-18 06:05:00+00:00,0,0,0.0,[]
2020-11-18 06:10:00+00:00,0,0,0.0,[]
2020-11-18 06:15:00+00:00,0,0,0.0,[]
2020-11-18 06:20:00+00:00,0,0,0.0,[]
2020-11-18 06:25:00+00:00,0,0,0.0,[]
2020-11-18 06:30:00+00:00,0,0,0.0,[]
2020-11-18 06:35:00+00:00,0,0,0.0,[]
2020-11-18 06:40:00+00:00,20690,0,1.0,[20690]
2020-11-18 06:45:00+00:00,0,0,0.0,[]
2020-11-18 06:50:00+00:00,0,0,0.0,[]
2020-11-18 06:55:00+00:00,0,0,0.0,[]
2020-11-18 07:00:00+00:00,0,0,0.0,[]
2020-11-18 07:05:00+00:00,0,0,0.0,[]
2020-11-18 07:10:00+00:00,0,0,0.0,[]
2020-11-18 07:15:00+00:00,0,0,0.0,[]
2020-11-18 07:20:00+00:00,0,0,0.0,[]
2020-11-18 07:25:00+00:00,0,0,0.0,[]
2020-11-18 07:30:00+00:00,0,0,0.0,[]
2020-11-18 07:35:00+00:00,0,0,0.0,[]
2020-11-18 07:40:00+00:00,0,0,0.0,[]
2020-11-18 07:45:00+00:00,0,0,0.0,[]
2020-11-18 07:50:00+00:00,0,0,0.0,[]
2020-11-18 07:55:00+00:00,0,0,0.0,[]
2020-11-18 08:00:00+00:00,0,0,0.0,[]
2020-11-18 08:05:00+00:00,0,0,0.0,[]
2020-11-18 08:10:00+00:00,0,0,0.0,[]
2020-11-18 08:15:00+00:00,0,0,0.0,[]
2020-11-18 08:20:00+00:00,0,0,0.0,[]
2020-11-18 08:25:00+00:00,0,0,0.0,[]
2020-11-18 08:30:00+00:00,0,0,0.0,[]
2020-11-18 08:35:00+00:00,0,0,0.0,[]
2020-11-18 08:40:00+00:00,0,0,0.0,[]
2020-11-18 08:45:00+00:00,0,0,0.0,[]
2020-11-18 08:50:00+00:00,0,0,0.0,[]
2020-11-18 08:55:00+00:00,0,0,0.0,[]
2020-11-18 09:00:00+00:00,0,0,0.0,[]
2020-11-18 09:05:00+00:00,0,0,0.0,[]
2020-11-18 09:10:00+00:00,0,0,0.0,[]
2020-11-18 09:15:00+00:00,0,0,0.0,[]
2020-11-18 09:20:00+00:00,0,0,0.0,[]
2020-11-18 09:25:00+00:00,0,0,0.0,[]
2020-11-18 09:30:00+00:00,0,0,0.0,[]
2020-11-18 09:35:00+00:00,0,0,0.0,[]
2020-11-18 09:40:00+00:00,0,0,0.0,[]
2020-11-18 09:45:00+00:00,0,0,0.0,[]
2020-11-18 09:50:00+00:00,0,0,0.0,[]
2020-11-18 09:55:00+00:00,0,0,0.0,[]
2020-11-18 10:00:00+00:00,0,0,0.0,[]
2020-11-18 10:05:00+00:00,0,0,0.0,[]
2020-11-18 10:10:00+00:00,0,0,0.0,[]
2020-11-18 10:15:00+00:00,0,0,0.0,[]
2020-11-18 10:20:00+00:00,0,0,0.0,[]
2020-11-18 10:25:00+00:00,0,0,0.0,[]
2020-11-18 10:30:00+00:00,0,0,0.0,[]
2020-11-18 10:35:00+00:00,0,0,0.0,[]
2020-11-18 10:40:00+00:00,0,0,0.0,[]
2020-11-18 10:45:00+00:00,0,0,0.0,[]
2020-11-18 10:50:00+00:00,0,0,0.0,[]
2020-11-18 10:55:00+00:00,0,0,0.0,[]
2020-11-18 11:00:00+00:00,0,0,0.0,[]
2020-11-18 11:05:00+00:00,0,0,0.0,[]
2020-11-18 11:10:00+00:00,0,0,0.0,[]
2020-11-18 11:15:00+00:00,0,0,0.0,[]
2020-11-18 11:20:00+00:00,0,0,0.0,[]
2020-11-18 11:25:00+00:00,0,0,0.0,[]
2020-11-18 11:30:00+00:00,0,0,0.0,[]
2020-11-18 11:35:00+00:00,0,0,0.0,[]
2020-11-18 11:40:00+00:00,0,0,0.0,[]
2020-11-18 11:45:00+00:00,0,0,0.0,[]
2020-11-18 11:50:00+00:00,0,0,0.0,[]
2020-11-18 11:55:00+00:00,0,0,0.0,[]
2020-11-18 12:00:00+00:00,0,0,0.0,[]
2020-11-18 12:05:00+00:00,0,0,0.0,[]
2020-11-18 12:10:00+00:00,0,0,0.0,[]
2020-11-18 12:15:00+00:00,0,0,0.0,[]
2020-11-18 12:20:00+00:00,0,0,0.0,[]
2020-11-18 12:25:00+00:00,0,0,0.0,[]
2020-11-18 12:30:00+00:00,0,0,0.0,[]
2020-11-18 12:35:00+00:00,0,0,0.0,[]
2020-11-18 12:40:00+00:00,0,0,0.0,[]
2020-11-18 12:45:00+00:00,0,0,0.0,[]
2020-11-18 12:50:00+00:00,0,0,0.0,[]
2020-11-18 12:55:00+00:00,0,0,0.0,[]
2020-11-18 13:00:00+00:00,0,0,0.0,[]
2020-11-18 13:05:00+00:00,0,0,0.0,[]
2020-11-18 13:10:00+00:00,0,0,0.0,[]
2020-11-18 13:15:00+00:00,0,0,0.0,[]
2020-11-18 13:20:00+00:00,0,0,0.0,[]
2020-11-18 13:25:00+00:00,0,0,0.0,[]
2020-11-18 13:30:00+00:00,0,0,0.0,[]
2020-11-18 13:35:00+00:00,0,0,0.0,[]
2020-11-18 13:40:00+00:00,2860,0,1.0,[2860]
2020-11-18 13:45:00+00:00,20,0,1.0,[20]
2020-11-18 13:50:00+00:00,0,0,0.0,[]
2020-11-18 13:55:00+00:00,0,0,0.0,[]
2020-11-18 14:00:00+00:00,0,0,0.0,[]
2020-11-18 14:05:00+00:00,0,0,0.0,[]
2020-11-18 14:10:00+00:00,0,0,0.0,[]
2020-11-18 14:15:00+00:00,0,0,0.0,[]
2020-11-18 14:20:00+00:00,0,0,0.0,[]
2020-11-18 14:25:00+00:00,0,0,0.0,[]
2020-11-18 14:30:00+00:00,0,0,0.0,[]
2020-11-18 14:35:00+00:00,0,0,0.0,[]
2020-11-18 14:40:00+00:00,0,0,0.0,[]
2020-11-18 14:45:00+00:00,0,0,0.0,[]
2020-11-18 14:50:00+00:00,0,0,0.0,[]
2020-11-18 14:55:00+00:00,600,0,2.0,"[300, 300]"
2020-11-18 15:00:00+00:00,1560,0,7.0,"[300, 300, 300, 300, 0, 60, 300]"
2020-11-18 15:05:00+00:00,300,0,1.0,[300]
2020-11-18 15:10:00+00:00,0,0,0.0,[]
2020-11-18 15:15:00+00:00,300,0,1.0,[300]
2020-11-18 15:20:00+00:00,70,0,1.0,[70]
2020-11-18 15:25:00+00:00,0,0,0.0,[]
2020-11-18 15:30:00+00:00,0,0,0.0,[]
2020-11-18 15:35:00+00:00,0,0,0.0,[]
2020-11-18 15:40:00+00:00,0,0,0.0,[]
2020-11-18 15:45:00+00:00,0,0,0.0,[]
2020-11-18 15:50:00+00:00,0,0,0.0,[]
2020-11-18 15:55:00+00:00,0,0,0.0,[]
2020-11-18 16:00:00+00:00,0,0,0.0,[]
2020-11-18 16:05:00+00:00,100,0,1.0,[100]
2020-11-18 16:10:00+00:00,0,0,0.0,[]
2020-11-18 16:15:00+00:00,0,0,0.0,[]
2020-11-18 16:20:00+00:00,0,0,0.0,[]
2020-11-18 16:25:00+00:00,0,0,0.0,[]
2020-11-18 16:30:00+00:00,0,0,0.0,[]
2020-11-18 16:35:00+00:00,0,0,0.0,[]
2020-11-18 16:40:00+00:00,0,0,0.0,[]
2020-11-18 16:45:00+00:00,0,0,0.0,[]
2020-11-18 16:50:00+00:00,0,0,0.0,[]
2020-11-18 16:55:00+00:00,0,0,0.0,[]
2020-11-18 17:00:00+00:00,0,0,0.0,[]
2020-11-18 17:05:00+00:00,0,0,0.0,[]
2020-11-18 17:10:00+00:00,0,0,0.0,[]
2020-11-18 17:15:00+00:00,0,0,0.0,[]
2020-11-18 17:20:00+00:00,0,0,0.0,[]
2020-11-18 17:25:00+00:00,0,0,0.0,[]
2020-11-18 17:30:00+00:00,0,0,0.0,[]
2020-11-18 17:35:00+00:00,0,0,0.0,[]
2020-11-18 17:40:00+00:00,0,0,0.0,[]
2020-11-18 17:45:00+00:00,0,0,0.0,[]
2020-11-18 17:50:00+00:00,0,0,0.0,[]
2020-11-18 17:55:00+00:00,0,0,0.0,[]
2020-11-18 18:00:00+00:00,0,0,0.0,[]
2020-11-18 18:05:00+00:00,0,0,0.0,[]
2020-11-18 18:10:00+00:00,0,0,0.0,[]
2020-11-18 18:15:00+00:00,0,0,0.0,[]
2020-11-18 18:20:00+00:00,0,0,0.0,[]
2020-11-18 18:25:00+00:00,0,0,0.0,[]
2020-11-18 18:30:00+00:00,0,0,0.0,[]
2020-11-18 18:35:00+00:00,0,0,0.0,[]
2020-11-18 18:40:00+00:00,0,0,0.0,[]
2020-11-18 18:45:00+00:00,0,0,0.0,[]
2020-11-18 18:50:00+00:00,0,0,0.0,[]
2020-11-18 18:55:00+00:00,0,0,0.0,[]
2020-11-18 19:00:00+00:00,0,0,0.0,[]
2020-11-18 19:05:00+00:00,0,0,0.0,[]
2020-11-18 19:10:00+00:00,0,0,0.0,[]
2020-11-18 19:15:00+00:00,0,0,2.0,"[0, 0]"
2020-11-18 19:20:00+00:00,0,0,0.0,[]
2020-11-18 19:25:00+00:00,0,0,0.0,[]
2020-11-18 19:30:00+00:00,0,0,0.0,[]
2020-11-18 19:35:00+00:00,0,0,0.0,[]
2020-11-18 19:40:00+00:00,0,0,0.0,[]
2020-11-18 19:45:00+00:00,210,0,1.0,[210]
2020-11-18 19:50:00+00:00,0,0,0.0,[]
2020-11-18 19:55:00+00:00,0,0,0.0,[]
2020-11-18 20:00:00+00:00,0,0,0.0,[]
2020-11-18 20:05:00+00:00,0,0,0.0,[]
2020-11-18 20:10:00+00:00,0,0,0.0,[]
2020-11-18 20:15:00+00:00,0,0,0.0,[]
2020-11-18 20:20:00+00:00,0,0,0.0,[]
2020-11-18 20:25:00+00:00,0,0,0.0,[]
2020-11-18 20:30:00+00:00,0,0,0.0,[]
2020-11-18 20:35:00+00:00,0,0,0.0,[]
2020-11-18 20:40:00+00:00,0,0,0.0,[]
2020-11-18 20:45:00+00:00,0,0,0.0,[]
2020-11-18 20:50:00+00:00,0,0,0.0,[]
2020-11-18 20:55:00+00:00,0,0,0.0,[]
2020-11-18 21:00:00+00:00,0,0,0.0,[]
2020-11-18 21:05:00+00:00,0,0,0.0,[]
2020-11-18 21:10:00+00:00,0,0,0.0,[]
2020-11-18 21:15:00+00:00,0,0,0.0,[]
2020-11-18 21:20:00+00:00,0,0,0.0,[]
2020-11-18 21:25:00+00:00,0,0,0.0,[]
2020-11-18 21:30:00+00:00,0,0,0.0,[]
2020-11-18 21:35:00+00:00,0,0,0.0,[]
2020-11-18 21:40:00+00:00,0,0,0.0,[]
2020-11-18 21:45:00+00:00,30,0,1.0,[30]
2020-11-18 21:50:00+00:00,0,0,0.0,[]
2020-11-18 21:55:00+00:00,0,0,0.0,[]
2020-11-18 22:00:00+00:00,0,0,0.0,[]
2020-11-18 22:05:00+00:00,0,0,0.0,[]
2020-11-18 22:10:00+00:00,0,0,0.0,[]
2020-11-18 22:15:00+00:00,0,0,0.0,[]
2020-11-18 22:20:00+00:00,0,0,0.0,[]
2020-11-18 22:25:00+00:00,0,0,0.0,[]
2020-11-18 22:30:00+00:00,0,0,0.0,[]
2020-11-18 22:35:00+00:00,0,0,0.0,[]
2020-11-18 22:40:00+00:00,0,0,0.0,[]
2020-11-18 22:45:00+00:00,0,0,0.0,[]
2020-11-18 22:50:00+00:00,0,0,0.0,[]
2020-11-18 22:55:00+00:00,0,0,0.0,[]
2020-11-18 23:00:00+00:00,0,0,1.0,[0]
2020-11-18 23:05:00+00:00,0,0,0.0,[]
2020-11-18 23:10:00+00:00,0,0,0.0,[]
2020-11-18 23:15:00+00:00,0,0,0.0,[]
2020-11-18 23:20:00+00:00,0,0,0.0,[]
2020-11-18 23:25:00+00:00,0,0,0.0,[]
2020-11-18 23:30:00+00:00,0,0,0.0,[]
2020-11-18 23:35:00+00:00,0,0,0.0,[]
2020-11-18 23:40:00+00:00,0,0,0.0,[]
2020-11-18 23:45:00+00:00,0,0,0.0,[]
2020-11-18 23:50:00+00:00,0,0,0.0,[]
2020-11-18 23:55:00+00:00,0,0,0.0,[]
2020-11-19 00:00:00+00:00,0,0,0.0,[]
2020-11-19 00:05:00+00:00,0,0,0.0,[]
2020-11-19 00:10:00+00:00,0,0,0.0,[]
2020-11-19 00:15:00+00:00,0,0,0.0,[]
2020-11-19 00:20:00+00:00,10,0,1.0,[10]
2020-11-19 00:25:00+00:00,0,0,0.0,[]
2020-11-19 00:30:00+00:00,0,0,0.0,[]
2020-11-19 00:35:00+00:00,0,0,0.0,[]
2020-11-19 00:40:00+00:00,0,0,0.0,[]
2020-11-19 00:45:00+00:00,0,0,0.0,[]
2020-11-19 00:50:00+00:00,0,0,0.0,[]
2020-11-19 00:55:00+00:00,0,0,0.0,[]
2020-11-19 01:00:00+00:00,0,0,0.0,[]
2020-11-19 01:05:00+00:00,0,0,0.0,[]
2020-11-19 01:10:00+00:00,0,0,0.0,[]
2020-11-19 01:15:00+00:00,0,0,0.0,[]
2020-11-19 01:20:00+00:00,0,0,0.0,[]
2020-11-19 01:25:00+00:00,0,0,0.0,[]
2020-11-19 01:30:00+00:00,0,0,0.0,[]
2020-11-19 01:35:00+00:00,0,0,0.0,[]
2020-11-19 01:40:00+00:00,0,0,0.0,[]
2020-11-19 01:45:00+00:00,0,0,0.0,[]
2020-11-19 01:50:00+00:00,0,0,0.0,[]
2020-11-19 01:55:00+00:00,0,0,0.0,[]
2020-11-19 02:00:00+00:00,0,0,0.0,[]
2020-11-19 02:05:00+00:00,0,0,0.0,[]
2020-11-19 02:10:00+00:00,0,0,0.0,[]
2020-11-19 02:15:00+00:00,0,0,0.0,[]
2020-11-19 02:20:00+00:00,0,0,0.0,[]
2020-11-19 02:25:00+00:00,0,0,0.0,[]
2020-11-19 02:30:00+00:00,0,0,0.0,[]
2020-11-19 02:35:00+00:00,0,0,0.0,[]
2020-11-19 02:40:00+00:00,0,0,0.0,[]
2020-11-19 02:45:00+00:00,0,0,0.0,[]
2020-11-19 02:50:00+00:00,0,0,0.0,[]
2020-11-19 02:55:00+00:00,0,0,0.0,[]
2020-11-19 03:00:00+00:00,0,0,0.0,[]
2020-11-19 03:05:00+00:00,0,0,0.0,[]
2020-11-19 03:10:00+00:00,0,0,0.0,[]
2020-11-19 03:15:00+00:00,0,0,0.0,[]
2020-11-19 03:20:00+00:00,0,0,0.0,[]
2020-11-19 03:25:00+00:00,0,0,0.0,[]
2020-11-19 03:30:00+00:00,0,0,0.0,[]
2020-11-19 03:35:00+00:00,0,0,0.0,[]
2020-11-19 03:40:00+00:00,0,0,0.0,[]
2020-11-19 03:45:00+00:00,0,0,0.0,[]
2020-11-19 03:50:00+00:00,0,0,0.0,[]
2020-11-19 03:55:00+00:00,0,0,0.0,[]
2020-11-19 04:00:00+00:00,0,0,0.0,[]
2020-11-19 04:05:00+00:00,0,0,0.0,[]
2020-11-19 04:10:00+00:00,0,0,0.0,[]
2020-11-19 04:15:00+00:00,0,0,0.0,[]
2020-11-19 04:20:00+00:00,0,0,0.0,[]
2020-11-19 04:25:00+00:00,0,0,0.0,[]
2020-11-19 04:30:00+00:00,0,0,0.0,[]
2020-11-19 04:35:00+00:00,0,0,0.0,[]
2020-11-19 04:40:00+00:00,0,0,0.0,[]
2020-11-19 04:45:00+00:00,0,0,0.0,[]
2020-11-19 04:50:00+00:00,0,0,0.0,[]
2020-11-19 04:55:00+00:00,0,0,0.0,[]
2020-11-19 05:00:00+00:00,0,0,0.0,[]
2020-11-19 05:05:00+00:00,0,0,0.0,[]
2020-11-19 05:10:00+00:00,0,0,0.0,[]
2020-11-19 05:15:00+00:00,0,0,0.0,[]
2020-11-19 05:20:00+00:00,0,0,0.0,[]
2020-11-19 05:25:00+00:00,0,0,0.0,[]
2020-11-19 05:30:00+00:00,0,0,0.0,[]
2020-11-19 05:35:00+00:00,0,0,0.0,[]
2020-11-19 05:40:00+00:00,0,0,0.0,[]
2020-11-19 05:45:00+00:00,0,0,0.0,[]
2020-11-19 05:50:00+00:00,0,0,0.0,[]
2020-11-19 05:55:00+00:00,0,0,0.0,[]
2020-11-19 06:00:00+00:00,0,0,0.0,[]
2020-11-19 06:05:00+00:00,0,0,0.0,[]
2020-11-19 06:10:00+00:00,0,0,0.0,[]
2020-11-19 06:15:00+00:00,0,0,0.0,[]
2020-11-19 06:20:00+00:00,0,0,0.0,[]
2020-11-19 06:25:00+00:00,0,0,0.0,[]
2020-11-19 06:30:00+00:00,0,0,0.0,[]
2020-11-19 06:35:00+00:00,0,0,0.0,[]
2020-11-19 06:40:00+00:00,0,0,0.0,[]
2020-11-19 06:45:00+00:00,0,0,0.0,[]
2020-11-19 06:50:00+00:00,0,0,0.0,[]
2020-11-19 06:55:00+00:00,0,0,0.0,[]
2020-11-19 07:00:00+00:00,0,0,0.0,[]
2020-11-19 07:05:00+00:00,0,0,0.0,[]
2020-11-19 07:10:00+00:00,0,0,0.0,[]
2020-11-19 07:15:00+00:00,0,0,0.0,[]
2020-11-19 07:20:00+00:00,60,0,1.0,[60]
2020-11-19 07:25:00+00:00,0,0,0.0,[]
2020-11-19 07:30:00+00:00,0,0,0.0,[]
2020-11-19 07:35:00+00:00,0,0,0.0,[]
2020-11-19 07:40:00+00:00,0,0,0.0,[]
2020-11-19 07:45:00+00:00,0,0,0.0,[]
2020-11-19 07:50:00+00:00,0,0,0.0,[]
2020-11-19 07:55:00+00:00,0,0,0.0,[]
2020-11-19 08:00:00+00:00,0,0,0.0,[]
2020-11-19 08:05:00+00:00,0,0,0.0,[]
2020-11-19 08:10:00+00:00,0,0,0.0,[]
2020-11-19 08:15:00+00:00,0,0,0.0,[]
2020-11-19 08:20:00+00:00,0,0,0.0,[]
2020-11-19 08:25:00+00:00,0,0,0.0,[]
2020-11-19 08:30:00+00:00,0,0,0.0,[]
2020-11-19 08:35:00+00:00,0,0,0.0,[]
2020-11-19 08:40:00+00:00,0,0,0.0,[]
2020-11-19 08:45:00+00:00,0,0,0.0,[]
2020-11-19 08:50:00+00:00,0,0,0.0,[]
2020-11-19 08:55:00+00:00,0,0,0.0,[]
2020-11-19 09:00:00+00:00,0,0,0.0,[]
2020-11-19 09:05:00+00:00,0,0,0.0,[]
2020-11-19 09:10:00+00:00,0,0,0.0,[]
2020-11-19 09:15:00+00:00,0,0,0.0,[]
2020-11-19 09:20:00+00:00,0,0,0.0,[]
2020-11-19 09:25:00+00:00,0,0,0.0,[]
2020-11-19 09:30:00+00:00,0,0,0.0,[]
2020-11-19 09:35:00+00:00,0,0,0.0,[]
2020-11-19 09:40:00+00:00,0,0,0.0,[]
2020-11-19 09:45:00+00:00,0,0,0.0,[]
2020-11-19 09:50:00+00:00,0,0,0.0,[]
2020-11-19 09:55:00+00:00,0,0,0.0,[]
2020-11-19 10:00:00+00:00,0,0,0.0,[]
2020-11-19 10:05:00+00:00,0,0,0.0,[]
2020-11-19 10:10:00+00:00,0,0,0.0,[]
2020-11-19 10:15:00+00:00,0,0,0.0,[]
2020-11-19 10:20:00+00:00,0,0,0.0,[]
2020-11-19 10:25:00+00:00,0,0,0.0,[]
2020-11-19 10:30:00+00:00,0,0,0.0,[]
2020-11-19 10:35:00+00:00,0,0,0.0,[]
2020-11-19 10:40:00+00:00,0,0,0.0,[]
2020-11-19 10:45:00+00:00,0,0,0.0,[]
2020-11-19 10:50:00+00:00,0,0,0.0,[]
2020-11-19 10:55:00+00:00,0,0,0.0,[]
2020-11-19 11:00:00+00:00,0,0,0.0,[]
2020-11-19 11:05:00+00:00,0,0,0.0,[]
2020-11-19 11:10:00+00:00,0,0,0.0,[]
2020-11-19 11:15:00+00:00,0,0,0.0,[]
2020-11-19 11:20:00+00:00,0,0,0.0,[]
2020-11-19 11:25:00+00:00,0,0,0.0,[]
2020-11-19 11:30:00+00:00,0,0,0.0,[]
2020-11-19 11:35:00+00:00,0,0,0.0,[]
2020-11-19 11:40:00+00:00,0,0,0.0,[]
2020-11-19 11:45:00+00:00,0,0,0.0,[]
2020-11-19 11:50:00+00:00,0,0,0.0,[]
2020-11-19 11:55:00+00:00,0,0,0.0,[]
2020-11-19 12:00:00+00:00,0,0,0.0,[]
2020-11-19 12:05:00+00:00,0,0,0.0,[]
2020-11-19 12:10:00+00:00,0,0,0.0,[]
2020-11-19 12:15:00+00:00,0,0,0.0,[]
2020-11-19 12:20:00+00:00,0,0,0.0,[]
2020-11-19 12:25:00+00:00,0,0,0.0,[]
2020-11-19 12:30:00+00:00,0,0,0.0,[]
2020-11-19 12:35:00+00:00,0,0,0.0,[]
2020-11-19 12:40:00+00:00,0,0,0.0,[]
2020-11-19 12:45:00+00:00,0,0,0.0,[]
2020-11-19 12:50:00+00:00,0,0,0.0,[]
2020-11-19 12:55:00+00:00,0,0,0.0,[]
2020-11-19 13:00:00+00:00,0,0,0.0,[]
2020-11-19 13:05:00+00:00,0,0,0.0,[]
2020-11-19 13:10:00+00:00,0,0,0.0,[]
2020-11-19 13:15:00+00:00,0,0,0.0,[]
2020-11-19 13:20:00+00:00,0,0,0.0,[]
2020-11-19 13:25:00+00:00,0,0,0.0,[]
2020-11-19 13:30:00+00:00,0,0,0.0,[]
2020-11-19 13:35:00+00:00,0,0,0.0,[]
2020-11-19 13:40:00+00:00,0,0,0.0,[]
2020-11-19 13:45:00+00:00,0,0,0.0,[]
2020-11-19 13:50:00+00:00,0,0,0.0,[]
2020-11-19 13:55:00+00:00,0,0,0.0,[]
2020-11-19 14:00:00+00:00,0,0,0.0,[]
2020-11-19 14:05:00+00:00,0,0,0.0,[]
2020-11-19 14:10:00+00:00,0,0,0.0,[]
2020-11-19 14:15:00+00:00,0,0,0.0,[]
2020-11-19 14:20:00+00:00,0,0,0.0,[]
2020-11-19 14:25:00+00:00,0,0,0.0,[]
2020-11-19 14:30:00+00:00,0,0,0.0,[]
2020-11-19 14:35:00+00:00,0,0,0.0,[]
2020-11-19 14:40:00+00:00,0,0,0.0,[]
2020-11-19 14:45:00+00:00,0,0,0.0,[]
2020-11-19 14:50:00+00:00,0,0,0.0,[]
2020-11-19 14:55:00+00:00,0,0,0.0,[]
2020-11-19 15:00:00+00:00,0,0,0.0,[]
2020-11-19 15:05:00+00:00,0,0,0.0,[]
2020-11-19 15:10:00+00:00,0,0,0.0,[]
2020-11-19 15:15:00+00:00,0,0,0.0,[]
2020-11-19 15:20:00+00:00,0,0,0.0,[]
2020-11-19 15:25:00+00:00,0,0,0.0,[]
2020-11-19 15:30:00+00:00,0,0,0.0,[]
2020-11-19 15:35:00+00:00,0,0,0.0,[]
2020-11-19 15:40:00+00:00,0,0,0.0,[]
2020-11-19 15:45:00+00:00,0,0,0.0,[]
2020-11-19 15:50:00+00:00,0,0,0.0,[]
2020-11-19 15:55:00+00:00,0,0,0.0,[]
2020-11-19 16:00:00+00:00,0,0,0.0,[]
2020-11-19 16:05:00+00:00,0,0,0.0,[]
2020-11-19 16:10:00+00:00,0,0,0.0,[]
2020-11-19 16:15:00+00:00,0,0,0.0,[]
2020-11-19 16:20:00+00:00,0,0,0.0,[]
2020-11-19 16:25:00+00:00,0,0,0.0,[]
2020-11-19 16:30:00+00:00,0,0,0.0,[]
2020-11-19 16:35:00+00:00,0,0,0.0,[]
2020-11-19 16:40:00+00:00,0,0,0.0,[]
2020-11-19 16:45:00+00:00,0,0,0.0,[]
2020-11-19 16:50:00+00:00,0,0,0.0,[]
2020-11-19 16:55:00+00:00,0,0,0.0,[]
2020-11-19 17:00:00+00:00,0,0,0.0,[]
2020-11-19 17:05:00+00:00,0,0,0.0,[]
2020-11-19 17:10:00+00:00,0,0,0.0,[]
2020-11-19 17:15:00+00:00,0,0,0.0,[]
2020-11-19 17:20:00+00:00,0,0,0.0,[]
2020-11-19 17:25:00+00:00,0,0,0.0,[]
2020-11-19 17:30:00+00:00,0,0,0.0,[]
2020-11-19 17:35:00+00:00,0,0,0.0,[]
2020-11-19 17:40:00+00:00,0,0,0.0,[]
2020-11-19 17:45:00+00:00,920,0,2.0,"[460, 460]"
2020-11-19 17:50:00+00:00,0,0,0.0,[]
2020-11-19 17:55:00+00:00,0,0,0.0,[]
2020-11-19 18:00:00+00:00,0,0,0.0,[]
2020-11-19 18:05:00+00:00,0,0,0.0,[]
2020-11-19 18:10:00+00:00,0,0,0.0,[]
2020-11-19 18:15:00+00:00,0,0,0.0,[]
2020-11-19 18:20:00+00:00,0,0,0.0,[]
2020-11-19 18:25:00+00:00,0,0,0.0,[]
2020-11-19 18:30:00+00:00,0,0,0.0,[]
2020-11-19 18:35:00+00:00,0,0,0.0,[]
2020-11-19 18:40:00+00:00,0,0,0.0,[]
2020-11-19 18:45:00+00:00,0,0,0.0,[]
2020-11-19 18:50:00+00:00,0,0,0.0,[]
2020-11-19 18:55:00+00:00,0,0,0.0,[]
2020-11-19 19:00:00+00:00,0,0,0.0,[]
2020-11-19 19:05:00+00:00,0,0,0.0,[]
2020-11-19 19:10:00+00:00,0,0,0.0,[]
2020-11-19 19:15:00+00:00,0,0,0.0,[]
2020-11-19 19:20:00+00:00,0,0,0.0,[]
2020-11-19 19:25:00+00:00,0,0,0.0,[]
2020-11-19 19:30:00+00:00,5890,0,1.0,[5890]
2020-11-19 19:35:00+00:00,0,0,0.0,[]
2020-11-19 19:40:00+00:00,0,0,0.0,[]
2020-11-19 19:45:00+00:00,0,0,0.0,[]
2020-11-19 19:50:00+00:00,0,0,0.0,[]
2020-11-19 19:55:00+00:00,0,0,0.0,[]
2020-11-19 20:00:00+00:00,0,0,0.0,[]
2020-11-19 20:05:00+00:00,0,0,0.0,[]
2020-11-19 20:10:00+00:00,0,0,0.0,[]
2020-11-19 20:15:00+00:00,0,0,0.0,[]
2020-11-19 20:20:00+00:00,0,0,0.0,[]
2020-11-19 20:25:00+00:00,0,0,0.0,[]
2020-11-19 20:30:00+00:00,0,0,0.0,[]
2020-11-19 20:35:00+00:00,0,0,0.0,[]
2020-11-19 20:40:00+00:00,0,0,0.0,[]
2020-11-19 20:45:00+00:00,0,0,0.0,[]
2020-11-19 20:50:00+00:00,0,0,0.0,[]
2020-11-19 20:55:00+00:00,0,0,0.0,[]
2020-11-19 21:00:00+00:00,0,0,0.0,[]
2020-11-19 21:05:00+00:00,0,0,0.0,[]
2020-11-19 21:10:00+00:00,0,0,0.0,[]
2020-11-19 21:15:00+00:00,0,0,0.0,[]
2020-11-19 21:20:00+00:00,0,0,0.0,[]
2020-11-19 21:25:00+00:00,0,0,0.0,[]
2020-11-19 21:30:00+00:00,0,0,0.0,[]
2020-11-19 21:35:00+00:00,0,0,0.0,[]
2020-11-19 21:40:00+00:00,0,0,0.0,[]
2020-11-19 21:45:00+00:00,0,0,0.0,[]
2020-11-19 21:50:00+00:00,0,0,0.0,[]
2020-11-19 21:55:00+00:00,0,0,0.0,[]
2020-11-19 22:00:00+00:00,0,0,0.0,[]
2020-11-19 22:05:00+00:00,0,0,0.0,[]
2020-11-19 22:10:00+00:00,0,0,0.0,[]
2020-11-19 22:15:00+00:00,0,0,0.0,[]
2020-11-19 22:20:00+00:00,0,0,0.0,[]
2020-11-19 22:25:00+00:00,0,0,0.0,[]
2020-11-19 22:30:00+00:00,0,0,0.0,[]
2020-11-19 22:35:00+00:00,0,0,0.0,[]
2020-11-19 22:40:00+00:00,0,0,0.0,[]
2020-11-19 22:45:00+00:00,0,0,0.0,[]
2020-11-19 22:50:00+00:00,0,0,0.0,[]
2020-11-19 22:55:00+00:00,0,0,0.0,[]
2020-11-19 23:00:00+00:00,0,0,0.0,[]
2020-11-19 23:05:00+00:00,0,0,0.0,[]
2020-11-19 23:10:00+00:00,0,0,0.0,[]
2020-11-19 23:15:00+00:00,0,0,0.0,[]
2020-11-19 23:20:00+00:00,0,0,0.0,[]
2020-11-19 23:25:00+00:00,0,0,0.0,[]
2020-11-19 23:30:00+00:00,0,0,0.0,[]
2020-11-19 23:35:00+00:00,0,0,0.0,[]
2020-11-19 23:40:00+00:00,0,0,0.0,[]
2020-11-19 23:45:00+00:00,0,0,0.0,[]
2020-11-19 23:50:00+00:00,0,0,0.0,[]
2020-11-19 23:55:00+00:00,0,0,0.0,[]
2020-11-20 00:00:00+00:00,0,0,0.0,[]
2020-11-20 00:05:00+00:00,0,0,0.0,[]
2020-11-20 00:10:00+00:00,0,0,0.0,[]
2020-11-20 00:15:00+00:00,0,0,0.0,[]
2020-11-20 00:20:00+00:00,0,0,0.0,[]
2020-11-20 00:25:00+00:00,0,0,0.0,[]
2020-11-20 00:30:00+00:00,0,0,0.0,[]
2020-11-20 00:35:00+00:00,0,0,0.0,[]
2020-11-20 00:40:00+00:00,0,0,0.0,[]
2020-11-20 00:45:00+00:00,0,0,0.0,[]
2020-11-20 00:50:00+00:00,0,0,0.0,[]
2020-11-20 00:55:00+00:00,0,0,0.0,[]
2020-11-20 01:00:00+00:00,0,0,0.0,[]
2020-11-20 01:05:00+00:00,0,0,0.0,[]
2020-11-20 01:10:00+00:00,0,0,0.0,[]
2020-11-20 01:15:00+00:00,0,0,0.0,[]
2020-11-20 01:20:00+00:00,0,0,0.0,[]
2020-11-20 01:25:00+00:00,0,0,0.0,[]
2020-11-20 01:30:00+00:00,0,0,0.0,[]
2020-11-20 01:35:00+00:00,0,0,0.0,[]
2020-11-20 01:40:00+00:00,0,0,0.0,[]
2020-11-20 01:45:00+00:00,0,0,0.0,[]
2020-11-20 01:50:00+00:00,0,0,0.0,[]
2020-11-20 01:55:00+00:00,0,0,0.0,[]
2020-11-20 02:00:00+00:00,0,0,0.0,[]
2020-11-20 02:05:00+00:00,0,0,0.0,[]
2020-11-20 02:10:00+00:00,460,0,1.0,[460]
2020-11-20 02:15:00+00:00,0,0,0.0,[]
2020-11-20 02:20:00+00:00,0,0,0.0,[]
2020-11-20 02:25:00+00:00,0,0,0.0,[]
2020-11-20 02:30:00+00:00,0,0,0.0,[]
2020-11-20 02:35:00+00:00,0,0,0.0,[]
2020-11-20 02:40:00+00:00,0,0,0.0,[]
2020-11-20 02:45:00+00:00,0,0,0.0,[]
2020-11-20 02:50:00+00:00,0,0,0.0,[]
2020-11-20 02:55:00+00:00,0,0,0.0,[]
2020-11-20 03:00:00+00:00,0,0,0.0,[]
2020-11-20 03:05:00+00:00,0,0,0.0,[]
2020-11-20 03:10:00+00:00,0,0,0.0,[]
2020-11-20 03:15:00+00:00,0,0,0.0,[]
2020-11-20 03:20:00+00:00,0,0,0.0,[]
2020-11-20 03:25:00+00:00,0,0,0.0,[]
2020-11-20 03:30:00+00:00,0,0,0.0,[]
2020-11-20 03:35:00+00:00,0,0,0.0,[]
2020-11-20 03:40:00+00:00,1650,0,1.0,[1650]
2020-11-20 03:45:00+00:00,0,0,0.0,[]
2020-11-20 03:50:00+00:00,0,0,0.0,[]
2020-11-20 03:55:00+00:00,0,0,0.0,[]
2020-11-20 04:00:00+00:00,0,0,0.0,[]
2020-11-20 04:05:00+00:00,0,0,0.0,[]
2020-11-20 04:10:00+00:00,0,0,0.0,[]
2020-11-20 04:15:00+00:00,0,0,0.0,[]
2020-11-20 04:20:00+00:00,0,0,0.0,[]
2020-11-20 04:25:00+00:00,0,0,0.0,[]
2020-11-20 04:30:00+00:00,0,0,0.0,[]
2020-11-20 04:35:00+00:00,0,0,0.0,[]
2020-11-20 04:40:00+00:00,0,0,0.0,[]
2020-11-20 04:45:00+00:00,0,0,0.0,[]
2020-11-20 04:50:00+00:00,0,0,0.0,[]
2020-11-20 04:55:00+00:00,0,0,0.0,[]
2020-11-20 05:00:00+00:00,0,0,0.0,[]
2020-11-20 05:05:00+00:00,0,0,0.0,[]
2020-11-20 05:10:00+00:00,0,0,0.0,[]
2020-11-20 05:15:00+00:00,0,0,0.0,[]
2020-11-20 05:20:00+00:00,0,0,0.0,[]
2020-11-20 05:25:00+00:00,0,0,0.0,[]
2020-11-20 05:30:00+00:00,0,0,0.0,[]
2020-11-20 05:35:00+00:00,0,0,0.0,[]
2020-11-20 05:40:00+00:00,0,0,0.0,[]
2020-11-20 05:45:00+00:00,0,0,0.0,[]
2020-11-20 05:50:00+00:00,0,0,0.0,[]
2020-11-20 05:55:00+00:00,0,0,0.0,[]
2020-11-20 06:00:00+00:00,0,0,0.0,[]
2020-11-20 06:05:00+00:00,0,0,0.0,[]
2020-11-20 06:10:00+00:00,0,0,0.0,[]
2020-11-20 06:15:00+00:00,0,0,0.0,[]
2020-11-20 06:20:00+00:00,0,0,0.0,[]
2020-11-20 06:25:00+00:00,0,0,0.0,[]
2020-11-20 06:30:00+00:00,0,0,0.0,[]
2020-11-20 06:35:00+00:00,0,0,0.0,[]
2020-11-20 06:40:00+00:00,0,0,0.0,[]
2020-11-20 06:45:00+00:00,0,0,0.0,[]
2020-11-20 06:50:00+00:00,0,0,0.0,[]
2020-11-20 06:55:00+00:00,0,0,0.0,[]
2020-11-20 07:00:00+00:00,0,0,0.0,[]
2020-11-20 07:05:00+00:00,0,0,0.0,[]
2020-11-20 07:10:00+00:00,0,0,0.0,[]
2020-11-20 07:15:00+00:00,0,0,0.0,[]
2020-11-20 07:20:00+00:00,0,0,0.0,[]
2020-11-20 07:25:00+00:00,0,0,0.0,[]
2020-11-20 07:30:00+00:00,0,0,0.0,[]
2020-11-20 07:35:00+00:00,0,0,0.0,[]
2020-11-20 07:40:00+00:00,0,0,0.0,[]
2020-11-20 07:45:00+00:00,0,0,0.0,[]
2020-11-20 07:50:00+00:00,0,0,0.0,[]
2020-11-20 07:55:00+00:00,0,0,0.0,[]
2020-11-20 08:00:00+00:00,0,0,0.0,[]
2020-11-20 08:05:00+00:00,0,0,0.0,[]
2020-11-20 08:10:00+00:00,0,0,0.0,[]
2020-11-20 08:15:00+00:00,0,0,0.0,[]
2020-11-20 08:20:00+00:00,0,0,0.0,[]
2020-11-20 08:25:00+00:00,0,0,0.0,[]
2020-11-20 08:30:00+00:00,0,0,0.0,[]
2020-11-20 08:35:00+00:00,0,0,0.0,[]
2020-11-20 08:40:00+00:00,0,0,0.0,[]
2020-11-20 08:45:00+00:00,0,0,0.0,[]
2020-11-20 08:50:00+00:00,0,0,0.0,[]
2020-11-20 08:55:00+00:00,0,0,0.0,[]
2020-11-20 09:00:00+00:00,0,0,0.0,[]
2020-11-20 09:05:00+00:00,0,0,0.0,[]
2020-11-20 09:10:00+00:00,0,0,0.0,[]
2020-11-20 09:15:00+00:00,0,0,0.0,[]
2020-11-20 09:20:00+00:00,0,0,0.0,[]
2020-11-20 09:25:00+00:00,0,0,0.0,[]
2020-11-20 09:30:00+00:00,0,0,0.0,[]
2020-11-20 09:35:00+00:00,0,0,0.0,[]
2020-11-20 09:40:00+00:00,0,0,0.0,[]
2020-11-20 09:45:00+00:00,0,0,0.0,[]
2020-11-20 09:50:00+00:00,0,0,0.0,[]
2020-11-20 09:55:00+00:00,0,0,0.0,[]
2020-11-20 10:00:00+00:00,0,0,0.0,[]
2020-11-20 10:05:00+00:00,0,0,0.0,[]
2020-11-20 10:10:00+00:00,0,0,0.0,[]
2020-11-20 10:15:00+00:00,0,0,0.0,[]
2020-11-20 10:20:00+00:00,0,0,0.0,[]
2020-11-20 10:25:00+00:00,0,0,0.0,[]
2020-11-20 10:30:00+00:00,0,0,0.0,[]
2020-11-20 10:35:00+00:00,0,0,0.0,[]
2020-11-20 10:40:00+00:00,0,0,0.0,[]
2020-11-20 10:45:00+00:00,0,0,0.0,[]
2020-11-20 10:50:00+00:00,0,0,0.0,[]
2020-11-20 10:55:00+00:00,0,0,0.0,[]
2020-11-20 11:00:00+00:00,0,0,0.0,[]
2020-11-20 11:05:00+00:00,0,0,0.0,[]
2020-11-20 11:10:00+00:00,0,0,0.0,[]
2020-11-20 11:15:00+00:00,0,0,0.0,[]
2020-11-20 11:20:00+00:00,0,0,0.0,[]
2020-11-20 11:25:00+00:00,0,0,0.0,[]
2020-11-20 11:30:00+00:00,0,0,0.0,[]
2020-11-20 11:35:00+00:00,0,0,0.0,[]
2020-11-20 11:40:00+00:00,0,0,0.0,[]
2020-11-20 11:45:00+00:00,0,0,0.0,[]
2020-11-20 11:50:00+00:00,0,0,0.0,[]
2020-11-20 11:55:00+00:00,0,0,0.0,[]
2020-11-20 12:00:00+00:00,0,0,0.0,[]
2020-11-20 12:05:00+00:00,0,0,0.0,[]
2020-11-20 12:10:00+00:00,0,0,0.0,[]
2020-11-20 12:15:00+00:00,0,0,0.0,[]
2020-11-20 12:20:00+00:00,0,0,0.0,[]
2020-11-20 12:25:00+00:00,0,0,0.0,[]
2020-11-20 12:30:00+00:00,0,0,0.0,[]
2020-11-20 12:35:00+00:00,0,0,0.0,[]
2020-11-20 12:40:00+00:00,0,0,0.0,[]
2020-11-20 12:45:00+00:00,0,0,0.0,[]
2020-11-20 12:50:00+00:00,0,0,0.0,[]
2020-11-20 12:55:00+00:00,0,0,0.0,[]
2020-11-20 13:00:00+00:00,0,0,0.0,[]
2020-11-20 13:05:00+00:00,0,0,0.0,[]
2020-11-20 13:10:00+00:00,0,0,0.0,[]
2020-11-20 13:15:00+00:00,0,0,0.0,[]
2020-11-20 13:20:00+00:00,0,0,0.0,[]
2020-11-20 13:25:00+00:00,0,0,0.0,[]
2020-11-20 13:30:00+00:00,0,0,0.0,[]
2020-11-20 13:35:00+00:00,0,0,0.0,[]
2020-11-20 13:40:00+00:00,0,0,0.0,[]
2020-11-20 13:45:00+00:00,0,0,0.0,[]
2020-11-20 13:50:00+00:00,0,0,0.0,[]
2020-11-20 13:55:00+00:00,0,0,0.0,[]
2020-11-20 14:00:00+00:00,0,0,1.0,[0]
2020-11-20 14:05:00+00:00,0,0,0.0,[]
2020-11-20 14:10:00+00:00,0,0,0.0,[]
2020-11-20 14:15:00+00:00,0,0,0.0,[]
2020-11-20 14:20:00+00:00,0,0,0.0,[]
2020-11-20 14:25:00+00:00,0,0,0.0,[]
2020-11-20 14:30:00+00:00,0,0,0.0,[]
2020-11-20 14:35:00+00:00,0,0,0.0,[]
2020-11-20 14:40:00+00:00,0,0,0.0,[]
2020-11-20 14:45:00+00:00,0,0,0.0,[]
2020-11-20 14:50:00+00:00,0,0,0.0,[]
2020-11-20 14:55:00+00:00,0,0,0.0,[]
2020-11-20 15:00:00+00:00,0,0,0.0,[]
2020-11-20 15:05:00+00:00,0,0,0.0,[]
2020-11-20 15:10:00+00:00,0,0,0.0,[]
2020-11-20 15:15:00+00:00,0,0,0.0,[]
2020-11-20 15:20:00+00:00,0,0,0.0,[]
2020-11-20 15:25:00+00:00,0,0,0.0,[]
2020-11-20 15:30:00+00:00,0,0,0.0,[]
2020-11-20 15:35:00+00:00,0,0,0.0,[]
2020-11-20 15:40:00+00:00,0,0,0.0,[]
2020-11-20 15:45:00+00:00,0,0,0.0,[]
2020-11-20 15:50:00+00:00,0,0,0.0,[]
2020-11-20 15:55:00+00:00,0,0,0.0,[]
2020-11-20 16:00:00+00:00,0,0,0.0,[]
2020-11-20 16:05:00+00:00,0,0,0.0,[]
2020-11-20 16:10:00+00:00,0,0,0.0,[]
2020-11-20 16:15:00+00:00,0,0,0.0,[]
2020-11-20 16:20:00+00:00,0,0,0.0,[]
2020-11-20 16:25:00+00:00,0,0,0.0,[]
2020-11-20 16:30:00+00:00,0,0,0.0,[]
2020-11-20 16:35:00+00:00,0,0,0.0,[]
2020-11-20 16:40:00+00:00,0,0,0.0,[]
2020-11-20 16:45:00+00:00,0,0,0.0,[]
2020-11-20 16:50:00+00:00,0,0,0.0,[]
2020-11-20 16:55:00+00:00,0,0,0.0,[]
2020-11-20 17:00:00+00:00,0,0,0.0,[]
2020-11-20 17:05:00+00:00,0,0,0.0,[]
2020-11-20 17:10:00+00:00,0,0,0.0,[]
2020-11-20 17:15:00+00:00,0,0,0.0,[]
2020-11-20 17:20:00+00:00,0,0,0.0,[]
2020-11-20 17:25:00+00:00,0,0,0.0,[]
2020-11-20 17:30:00+00:00,0,0,0.0,[]
2020-11-20 17:35:00+00:00,0,0,0.0,[]
2020-11-20 17:40:00+00:00,0,0,0.0,[]
2020-11-20 17:45:00+00:00,0,0,0.0,[]
2020-11-20 17:50:00+00:00,0,0,0.0,[]
2020-11-20 17:55:00+00:00,0,0,0.0,[]
2020-11-20 18:00:00+00:00,0,0,0.0,[]
2020-11-20 18:05:00+00:00,0,0,0.0,[]
2020-11-20 18:10:00+00:00,0,0,0.0,[]
2020-11-20 18:15:00+00:00,80,0,1.0,[80]
2020-11-20 18:20:00+00:00,0,0,0.0,[]
2020-11-20 18:25:00+00:00,0,0,0.0,[]
2020-11-20 18:30:00+00:00,0,0,0.0,[]
2020-11-20 18:35:00+00:00,0,0,0.0,[]
2020-11-20 18:40:00+00:00,0,0,0.0,[]
2020-11-20 18:45:00+00:00,0,0,0.0,[]
2020-11-20 18:50:00+00:00,0,0,0.0,[]
2020-11-20 18:55:00+00:00,0,0,0.0,[]
2020-11-20 19:00:00+00:00,0,0,0.0,[]
2020-11-20 19:05:00+00:00,1000,0,1.0,[1000]
2020-11-20 19:10:00+00:00,0,0,0.0,[]
2020-11-20 19:15:00+00:00,0,0,0.0,[]
2020-11-20 19:20:00+00:00,0,0,0.0,[]
2020-11-20 19:25:00+00:00,0,0,0.0,[]
2020-11-20 19:30:00+00:00,0,0,0.0,[]
2020-11-20 19:35:00+00:00,0,0,0.0,[]
2020-11-20 19:40:00+00:00,0,0,0.0,[]
2020-11-20 19:45:00+00:00,0,0,0.0,[]
2020-11-20 19:50:00+00:00,0,0,0.0,[]
2020-11-20 19:55:00+00:00,0,0,0.0,[]
2020-11-20 20:00:00+00:00,0,0,0.0,[]
2020-11-20 20:05:00+00:00,0,0,0.0,[]
2020-11-20 20:10:00+00:00,0,0,0.0,[]
2020-11-20 20:15:00+00:00,0,0,0.0,[]
2020-11-20 20:20:00+00:00,0,0,0.0,[]
2020-11-20 20:25:00+00:00,0,0,0.0,[]
2020-11-20 20:30:00+00:00,0,0,0.0,[]
2020-11-20 20:35:00+00:00,0,0,0.0,[]
2020-11-20 20:40:00+00:00,0,0,0.0,[]
2020-11-20 20:45:00+00:00,0,0,0.0,[]
2020-11-20 20:50:00+00:00,0,0,0.0,[]
2020-11-20 20:55:00+00:00,0,0,0.0,[]
2020-11-20 21:00:00+00:00,0,0,0.0,[]
2020-11-20 21:05:00+00:00,0,0,0.0,[]
2020-11-20 21:10:00+00:00,0,0,0.0,[]
2020-11-20 21:15:00+00:00,0,0,0.0,[]
2020-11-20 21:20:00+00:00,0,0,0.0,[]
2020-11-20 21:25:00+00:00,0,0,0.0,[]
2020-11-20 21:30:00+00:00,0,0,0.0,[]
2020-11-20 21:35:00+00:00,0,0,0.0,[]
2020-11-20 21:40:00+00:00,0,0,0.0,[]
2020-11-20 21:45:00+00:00,950,0,1.0,[950]
2020-11-20 21:50:00+00:00,0,0,0.0,[]
2020-11-20 21:55:00+00:00,0,0,0.0,[]
2020-11-20 22:00:00+00:00,0,0,0.0,[]
2020-11-20 22:05:00+00:00,0,0,0.0,[]
2020-11-20 22:10:00+00:00,0,0,0.0,[]
2020-11-20 22:15:00+00:00,0,0,0.0,[]
2020-11-20 22:20:00+00:00,0,0,0.0,[]
2020-11-20 22:25:00+00:00,0,0,0.0,[]
2020-11-20 22:30:00+00:00,0,0,0.0,[]
2020-11-20 22:35:00+00:00,0,0,0.0,[]
2020-11-20 22:40:00+00:00,0,0,0.0,[]
2020-11-20 22:45:00+00:00,0,0,0.0,[]
2020-11-20 22:50:00+00:00,0,0,0.0,[]
2020-11-20 22:55:00+00:00,0,0,0.0,[]
2020-11-20 23:00:00+00:00,0,0,0.0,[]
2020-11-20 23:05:00+00:00,0,0,0.0,[]
2020-11-20 23:10:00+00:00,0,0,0.0,[]
2020-11-20 23:15:00+00:00,0,0,0.0,[]
2020-11-20 23:20:00+00:00,0,0,0.0,[]
2020-11-20 23:25:00+00:00,0,0,0.0,[]
2020-11-20 23:30:00+00:00,1470,0,1.0,[1470]
2020-11-20 23:35:00+00:00,0,0,0.0,[]
2020-11-20 23:40:00+00:00,0,0,0.0,[]
2020-11-20 23:45:00+00:00,0,0,0.0,[]
2020-11-20 23:50:00+00:00,0,0,0.0,[]
2020-11-20 23:55:00+00:00,0,0,0.0,[]
2020-11-21 00:00:00+00:00,0,0,0.0,[]
2020-11-21 00:05:00+00:00,0,0,0.0,[]
2020-11-21 00:10:00+00:00,0,0,0.0,[]
2020-11-21 00:15:00+00:00,0,0,0.0,[]
2020-11-21 00:20:00+00:00,0,0,0.0,[]
2020-11-21 00:25:00+00:00,0,0,0.0,[]
2020-11-21 00:30:00+00:00,0,0,0.0,[]
2020-11-21 00:35:00+00:00,0,0,0.0,[]
2020-11-21 00:40:00+00:00,0,0,0.0,[]
2020-11-21 00:45:00+00:00,0,0,0.0,[]
2020-11-21 00:50:00+00:00,0,0,0.0,[]
2020-11-21 00:55:00+00:00,0,0,0.0,[]
2020-11-21 01:00:00+00:00,0,0,0.0,[]
2020-11-21 01:05:00+00:00,0,0,0.0,[]
2020-11-21 01:10:00+00:00,0,0,0.0,[]
2020-11-21 01:15:00+00:00,0,0,0.0,[]
2020-11-21 01:20:00+00:00,0,0,0.0,[]
2020-11-21 01:25:00+00:00,0,0,0.0,[]
2020-11-21 01:30:00+00:00,0,0,0.0,[]
2020-11-21 01:35:00+00:00,0,0,0.0,[]
2020-11-21 01:40:00+00:00,0,0,0.0,[]
2020-11-21 01:45:00+00:00,0,0,0.0,[]
2020-11-21 01:50:00+00:00,0,0,0.0,[]
2020-11-21 01:55:00+00:00,0,0,0.0,[]
2020-11-21 02:00:00+00:00,0,0,0.0,[]
2020-11-21 02:05:00+00:00,0,0,0.0,[]
2020-11-21 02:10:00+00:00,0,0,0.0,[]
2020-11-21 02:15:00+00:00,0,0,0.0,[]
2020-11-21 02:20:00+00:00,0,0,0.0,[]
2020-11-21 02:25:00+00:00,0,0,0.0,[]
2020-11-21 02:30:00+00:00,0,0,0.0,[]
2020-11-21 02:35:00+00:00,0,0,0.0,[]
2020-11-21 02:40:00+00:00,0,0,0.0,[]
2020-11-21 02:45:00+00:00,0,0,0.0,[]
2020-11-21 02:50:00+00:00,0,0,0.0,[]
2020-11-21 02:55:00+00:00,0,0,0.0,[]
2020-11-21 03:00:00+00:00,0,0,0.0,[]
2020-11-21 03:05:00+00:00,0,0,0.0,[]
2020-11-21 03:10:00+00:00,0,0,0.0,[]
2020-11-21 03:15:00+00:00,0,0,0.0,[]
2020-11-21 03:20:00+00:00,0,0,0.0,[]
2020-11-21 03:25:00+00:00,0,0,0.0,[]
2020-11-21 03:30:00+00:00,0,0,0.0,[]
2020-11-21 03:35:00+00:00,0,0,0.0,[]
2020-11-21 03:40:00+00:00,0,0,0.0,[]
2020-11-21 03:45:00+00:00,0,0,0.0,[]
2020-11-21 03:50:00+00:00,0,0,0.0,[]
2020-11-21 03:55:00+00:00,0,0,0.0,[]
2020-11-21 04:00:00+00:00,0,0,0.0,[]
2020-11-21 04:05:00+00:00,0,0,0.0,[]
2020-11-21 04:10:00+00:00,0,0,0.0,[]
2020-11-21 04:15:00+00:00,0,0,0.0,[]
2020-11-21 04:20:00+00:00,0,0,0.0,[]
2020-11-21 04:25:00+00:00,0,0,0.0,[]
2020-11-21 04:30:00+00:00,0,0,0.0,[]
2020-11-21 04:35:00+00:00,0,0,0.0,[]
2020-11-21 04:40:00+00:00,0,0,0.0,[]
2020-11-21 04:45:00+00:00,0,0,0.0,[]
2020-11-21 04:50:00+00:00,0,0,0.0,[]
2020-11-21 04:55:00+00:00,0,0,0.0,[]
2020-11-21 05:00:00+00:00,0,0,0.0,[]
2020-11-21 05:05:00+00:00,0,0,0.0,[]
2020-11-21 05:10:00+00:00,0,0,0.0,[]
2020-11-21 05:15:00+00:00,0,0,0.0,[]
2020-11-21 05:20:00+00:00,0,0,0.0,[]
2020-11-21 05:25:00+00:00,0,0,0.0,[]
2020-11-21 05:30:00+00:00,0,0,0.0,[]
2020-11-21 05:35:00+00:00,0,0,0.0,[]
2020-11-21 05:40:00+00:00,0,0,0.0,[]
2020-11-21 05:45:00+00:00,0,0,0.0,[]
2020-11-21 05:50:00+00:00,0,0,0.0,[]
2020-11-21 05:55:00+00:00,0,0,0.0,[]
2020-11-21 06:00:00+00:00,10,0,1.0,[10]
2020-11-21 06:05:00+00:00,0,0,0.0,[]
2020-11-21 06:10:00+00:00,0,0,0.0,[]
2020-11-21 06:15:00+00:00,0,0,0.0,[]
2020-11-21 06:20:00+00:00,0,0,0.0,[]
2020-11-21 06:25:00+00:00,0,0,0.0,[]
2020-11-21 06:30:00+00:00,0,0,0.0,[]
2020-11-21 06:35:00+00:00,0,0,0.0,[]
2020-11-21 06:40:00+00:00,0,0,0.0,[]
2020-11-21 06:45:00+00:00,0,0,0.0,[]
2020-11-21 06:50:00+00:00,0,0,0.0,[]
2020-11-21 06:55:00+00:00,0,0,0.0,[]
2020-11-21 07:00:00+00:00,0,0,0.0,[]
2020-11-21 07:05:00+00:00,0,0,0.0,[]
2020-11-21 07:10:00+00:00,0,0,0.0,[]
2020-11-21 07:15:00+00:00,0,0,0.0,[]
2020-11-21 07:20:00+00:00,0,0,0.0,[]
2020-11-21 07:25:00+00:00,0,0,0.0,[]
2020-11-21 07:30:00+00:00,0,0,0.0,[]
2020-11-21 07:35:00+00:00,0,0,0.0,[]
2020-11-21 07:40:00+00:00,0,0,0.0,[]
2020-11-21 07:45:00+00:00,10780,0,2.0,"[9840, 940]"
2020-11-21 07:50:00+00:00,0,0,0.0,[]
2020-11-21 07:55:00+00:00,3710,0,1.0,[3710]
