created_at,user_followers_count,user_verified,total_tweets,follower_distribution
2020-10-22 14:55:00+00:00,30,0,1.0,[30]
2020-10-22 15:00:00+00:00,0,0,0.0,[]
2020-10-22 15:05:00+00:00,0,0,0.0,[]
2020-10-22 15:10:00+00:00,0,0,0.0,[]
2020-10-22 15:15:00+00:00,0,0,0.0,[]
2020-10-22 15:20:00+00:00,0,0,0.0,[]
2020-10-22 15:25:00+00:00,0,0,0.0,[]
2020-10-22 15:30:00+00:00,0,0,0.0,[]
2020-10-22 15:35:00+00:00,0,0,0.0,[]
2020-10-22 15:40:00+00:00,0,0,0.0,[]
2020-10-22 15:45:00+00:00,0,0,0.0,[]
2020-10-22 15:50:00+00:00,0,0,0.0,[]
2020-10-22 15:55:00+00:00,0,0,0.0,[]
2020-10-22 16:00:00+00:00,0,0,0.0,[]
2020-10-22 16:05:00+00:00,0,0,0.0,[]
2020-10-22 16:10:00+00:00,0,0,0.0,[]
2020-10-22 16:15:00+00:00,0,0,0.0,[]
2020-10-22 16:20:00+00:00,0,0,0.0,[]
2020-10-22 16:25:00+00:00,0,0,0.0,[]
2020-10-22 16:30:00+00:00,0,0,0.0,[]
2020-10-22 16:35:00+00:00,0,0,0.0,[]
2020-10-22 16:40:00+00:00,0,0,0.0,[]
2020-10-22 16:45:00+00:00,0,0,0.0,[]
2020-10-22 16:50:00+00:00,0,0,0.0,[]
2020-10-22 16:55:00+00:00,0,0,0.0,[]
2020-10-22 17:00:00+00:00,0,0,0.0,[]
2020-10-22 17:05:00+00:00,0,0,0.0,[]
2020-10-22 17:10:00+00:00,0,0,0.0,[]
2020-10-22 17:15:00+00:00,0,0,0.0,[]
2020-10-22 17:20:00+00:00,0,0,0.0,[]
2020-10-22 17:25:00+00:00,0,0,0.0,[]
2020-10-22 17:30:00+00:00,0,0,0.0,[]
2020-10-22 17:35:00+00:00,0,0,0.0,[]
2020-10-22 17:40:00+00:00,0,0,0.0,[]
2020-10-22 17:45:00+00:00,0,0,0.0,[]
2020-10-22 17:50:00+00:00,0,0,0.0,[]
2020-10-22 17:55:00+00:00,0,0,0.0,[]
2020-10-22 18:00:00+00:00,0,0,0.0,[]
2020-10-22 18:05:00+00:00,0,0,0.0,[]
2020-10-22 18:10:00+00:00,0,0,0.0,[]
2020-10-22 18:15:00+00:00,0,0,0.0,[]
2020-10-22 18:20:00+00:00,0,0,0.0,[]
2020-10-22 18:25:00+00:00,0,0,0.0,[]
2020-10-22 18:30:00+00:00,0,0,0.0,[]
2020-10-22 18:35:00+00:00,0,0,0.0,[]
2020-10-22 18:40:00+00:00,0,0,0.0,[]
2020-10-22 18:45:00+00:00,0,0,0.0,[]
2020-10-22 18:50:00+00:00,0,0,0.0,[]
2020-10-22 18:55:00+00:00,0,0,0.0,[]
2020-10-22 19:00:00+00:00,0,0,0.0,[]
2020-10-22 19:05:00+00:00,0,0,0.0,[]
2020-10-22 19:10:00+00:00,0,0,0.0,[]
2020-10-22 19:15:00+00:00,0,0,0.0,[]
2020-10-22 19:20:00+00:00,0,0,0.0,[]
2020-10-22 19:25:00+00:00,0,0,0.0,[]
2020-10-22 19:30:00+00:00,0,0,0.0,[]
2020-10-22 19:35:00+00:00,0,0,0.0,[]
2020-10-22 19:40:00+00:00,0,0,0.0,[]
2020-10-22 19:45:00+00:00,0,0,0.0,[]
2020-10-22 19:50:00+00:00,0,0,0.0,[]
2020-10-22 19:55:00+00:00,0,0,0.0,[]
2020-10-22 20:00:00+00:00,0,0,0.0,[]
2020-10-22 20:05:00+00:00,0,0,0.0,[]
2020-10-22 20:10:00+00:00,0,0,0.0,[]
2020-10-22 20:15:00+00:00,0,0,0.0,[]
2020-10-22 20:20:00+00:00,0,0,0.0,[]
2020-10-22 20:25:00+00:00,0,0,0.0,[]
2020-10-22 20:30:00+00:00,0,0,0.0,[]
2020-10-22 20:35:00+00:00,0,0,0.0,[]
2020-10-22 20:40:00+00:00,0,0,0.0,[]
2020-10-22 20:45:00+00:00,0,0,0.0,[]
2020-10-22 20:50:00+00:00,0,0,0.0,[]
2020-10-22 20:55:00+00:00,0,0,0.0,[]
2020-10-22 21:00:00+00:00,0,0,0.0,[]
2020-10-22 21:05:00+00:00,0,0,0.0,[]
2020-10-22 21:10:00+00:00,0,0,0.0,[]
2020-10-22 21:15:00+00:00,0,0,0.0,[]
2020-10-22 21:20:00+00:00,0,0,0.0,[]
2020-10-22 21:25:00+00:00,0,0,0.0,[]
2020-10-22 21:30:00+00:00,0,0,0.0,[]
2020-10-22 21:35:00+00:00,0,0,0.0,[]
2020-10-22 21:40:00+00:00,0,0,0.0,[]
2020-10-22 21:45:00+00:00,0,0,0.0,[]
2020-10-22 21:50:00+00:00,0,0,0.0,[]
2020-10-22 21:55:00+00:00,0,0,0.0,[]
2020-10-22 22:00:00+00:00,0,0,0.0,[]
2020-10-22 22:05:00+00:00,0,0,0.0,[]
2020-10-22 22:10:00+00:00,0,0,0.0,[]
2020-10-22 22:15:00+00:00,0,0,0.0,[]
2020-10-22 22:20:00+00:00,0,0,0.0,[]
2020-10-22 22:25:00+00:00,0,0,0.0,[]
2020-10-22 22:30:00+00:00,0,0,0.0,[]
2020-10-22 22:35:00+00:00,0,0,0.0,[]
2020-10-22 22:40:00+00:00,0,0,0.0,[]
2020-10-22 22:45:00+00:00,0,0,0.0,[]
2020-10-22 22:50:00+00:00,0,0,0.0,[]
2020-10-22 22:55:00+00:00,0,0,0.0,[]
2020-10-22 23:00:00+00:00,0,0,0.0,[]
2020-10-22 23:05:00+00:00,0,0,0.0,[]
2020-10-22 23:10:00+00:00,0,0,0.0,[]
2020-10-22 23:15:00+00:00,0,0,0.0,[]
2020-10-22 23:20:00+00:00,0,0,0.0,[]
2020-10-22 23:25:00+00:00,0,0,0.0,[]
2020-10-22 23:30:00+00:00,0,0,0.0,[]
2020-10-22 23:35:00+00:00,0,0,0.0,[]
2020-10-22 23:40:00+00:00,0,0,0.0,[]
2020-10-22 23:45:00+00:00,0,0,0.0,[]
2020-10-22 23:50:00+00:00,0,0,0.0,[]
2020-10-22 23:55:00+00:00,0,0,0.0,[]
2020-10-23 00:00:00+00:00,0,0,0.0,[]
2020-10-23 00:05:00+00:00,0,0,0.0,[]
2020-10-23 00:10:00+00:00,0,0,0.0,[]
2020-10-23 00:15:00+00:00,0,0,0.0,[]
2020-10-23 00:20:00+00:00,0,0,0.0,[]
2020-10-23 00:25:00+00:00,0,0,0.0,[]
2020-10-23 00:30:00+00:00,0,0,0.0,[]
2020-10-23 00:35:00+00:00,0,0,0.0,[]
2020-10-23 00:40:00+00:00,0,0,0.0,[]
2020-10-23 00:45:00+00:00,0,0,0.0,[]
2020-10-23 00:50:00+00:00,0,0,0.0,[]
2020-10-23 00:55:00+00:00,0,0,0.0,[]
2020-10-23 01:00:00+00:00,0,0,0.0,[]
2020-10-23 01:05:00+00:00,0,0,0.0,[]
2020-10-23 01:10:00+00:00,0,0,0.0,[]
2020-10-23 01:15:00+00:00,0,0,0.0,[]
2020-10-23 01:20:00+00:00,0,0,0.0,[]
2020-10-23 01:25:00+00:00,0,0,0.0,[]
2020-10-23 01:30:00+00:00,0,0,0.0,[]
2020-10-23 01:35:00+00:00,0,0,0.0,[]
2020-10-23 01:40:00+00:00,0,0,0.0,[]
2020-10-23 01:45:00+00:00,0,0,0.0,[]
2020-10-23 01:50:00+00:00,0,0,0.0,[]
2020-10-23 01:55:00+00:00,0,0,0.0,[]
2020-10-23 02:00:00+00:00,0,0,0.0,[]
2020-10-23 02:05:00+00:00,0,0,0.0,[]
2020-10-23 02:10:00+00:00,0,0,0.0,[]
2020-10-23 02:15:00+00:00,0,0,0.0,[]
2020-10-23 02:20:00+00:00,0,0,0.0,[]
2020-10-23 02:25:00+00:00,0,0,0.0,[]
2020-10-23 02:30:00+00:00,0,0,0.0,[]
2020-10-23 02:35:00+00:00,0,0,0.0,[]
2020-10-23 02:40:00+00:00,3420,0,1.0,[3420]
2020-10-23 02:45:00+00:00,0,0,0.0,[]
2020-10-23 02:50:00+00:00,0,0,0.0,[]
2020-10-23 02:55:00+00:00,0,0,0.0,[]
2020-10-23 03:00:00+00:00,0,0,0.0,[]
2020-10-23 03:05:00+00:00,0,0,0.0,[]
2020-10-23 03:10:00+00:00,0,0,0.0,[]
2020-10-23 03:15:00+00:00,0,0,0.0,[]
2020-10-23 03:20:00+00:00,0,0,0.0,[]
2020-10-23 03:25:00+00:00,0,0,0.0,[]
2020-10-23 03:30:00+00:00,0,0,0.0,[]
2020-10-23 03:35:00+00:00,0,0,0.0,[]
2020-10-23 03:40:00+00:00,0,0,0.0,[]
2020-10-23 03:45:00+00:00,0,0,0.0,[]
2020-10-23 03:50:00+00:00,0,0,0.0,[]
2020-10-23 03:55:00+00:00,0,0,0.0,[]
2020-10-23 04:00:00+00:00,0,0,0.0,[]
2020-10-23 04:05:00+00:00,0,0,0.0,[]
2020-10-23 04:10:00+00:00,510,0,1.0,[510]
2020-10-23 04:15:00+00:00,0,0,0.0,[]
2020-10-23 04:20:00+00:00,0,0,0.0,[]
2020-10-23 04:25:00+00:00,0,0,0.0,[]
2020-10-23 04:30:00+00:00,0,0,0.0,[]
2020-10-23 04:35:00+00:00,0,0,0.0,[]
2020-10-23 04:40:00+00:00,0,0,0.0,[]
2020-10-23 04:45:00+00:00,0,0,0.0,[]
2020-10-23 04:50:00+00:00,0,0,0.0,[]
2020-10-23 04:55:00+00:00,0,0,0.0,[]
2020-10-23 05:00:00+00:00,0,0,0.0,[]
2020-10-23 05:05:00+00:00,0,0,0.0,[]
2020-10-23 05:10:00+00:00,0,0,0.0,[]
2020-10-23 05:15:00+00:00,0,0,0.0,[]
2020-10-23 05:20:00+00:00,0,0,0.0,[]
2020-10-23 05:25:00+00:00,0,0,0.0,[]
2020-10-23 05:30:00+00:00,0,0,0.0,[]
2020-10-23 05:35:00+00:00,0,0,0.0,[]
2020-10-23 05:40:00+00:00,0,0,0.0,[]
2020-10-23 05:45:00+00:00,0,0,0.0,[]
2020-10-23 05:50:00+00:00,0,0,0.0,[]
2020-10-23 05:55:00+00:00,0,0,0.0,[]
2020-10-23 06:00:00+00:00,0,0,0.0,[]
2020-10-23 06:05:00+00:00,0,0,0.0,[]
2020-10-23 06:10:00+00:00,0,0,0.0,[]
2020-10-23 06:15:00+00:00,0,0,0.0,[]
2020-10-23 06:20:00+00:00,0,0,0.0,[]
2020-10-23 06:25:00+00:00,0,0,0.0,[]
2020-10-23 06:30:00+00:00,0,0,0.0,[]
2020-10-23 06:35:00+00:00,0,0,0.0,[]
2020-10-23 06:40:00+00:00,0,0,0.0,[]
2020-10-23 06:45:00+00:00,0,0,0.0,[]
2020-10-23 06:50:00+00:00,0,0,0.0,[]
2020-10-23 06:55:00+00:00,0,0,0.0,[]
2020-10-23 07:00:00+00:00,0,0,0.0,[]
2020-10-23 07:05:00+00:00,0,0,0.0,[]
2020-10-23 07:10:00+00:00,0,0,0.0,[]
2020-10-23 07:15:00+00:00,0,0,0.0,[]
2020-10-23 07:20:00+00:00,0,0,0.0,[]
2020-10-23 07:25:00+00:00,0,0,0.0,[]
2020-10-23 07:30:00+00:00,0,0,0.0,[]
2020-10-23 07:35:00+00:00,0,0,0.0,[]
2020-10-23 07:40:00+00:00,0,0,0.0,[]
2020-10-23 07:45:00+00:00,0,0,0.0,[]
2020-10-23 07:50:00+00:00,0,0,0.0,[]
2020-10-23 07:55:00+00:00,0,0,0.0,[]
2020-10-23 08:00:00+00:00,0,0,0.0,[]
2020-10-23 08:05:00+00:00,0,0,0.0,[]
2020-10-23 08:10:00+00:00,0,0,0.0,[]
2020-10-23 08:15:00+00:00,0,0,0.0,[]
2020-10-23 08:20:00+00:00,0,0,0.0,[]
2020-10-23 08:25:00+00:00,0,0,0.0,[]
2020-10-23 08:30:00+00:00,0,0,0.0,[]
2020-10-23 08:35:00+00:00,0,0,0.0,[]
2020-10-23 08:40:00+00:00,0,0,0.0,[]
2020-10-23 08:45:00+00:00,0,0,0.0,[]
2020-10-23 08:50:00+00:00,0,0,0.0,[]
2020-10-23 08:55:00+00:00,0,0,0.0,[]
2020-10-23 09:00:00+00:00,0,0,0.0,[]
2020-10-23 09:05:00+00:00,0,0,0.0,[]
2020-10-23 09:10:00+00:00,0,0,0.0,[]
2020-10-23 09:15:00+00:00,0,0,0.0,[]
2020-10-23 09:20:00+00:00,0,0,0.0,[]
2020-10-23 09:25:00+00:00,0,0,0.0,[]
2020-10-23 09:30:00+00:00,0,0,0.0,[]
2020-10-23 09:35:00+00:00,0,0,0.0,[]
2020-10-23 09:40:00+00:00,0,0,0.0,[]
2020-10-23 09:45:00+00:00,0,0,0.0,[]
2020-10-23 09:50:00+00:00,0,0,0.0,[]
2020-10-23 09:55:00+00:00,0,0,0.0,[]
2020-10-23 10:00:00+00:00,0,0,0.0,[]
2020-10-23 10:05:00+00:00,0,0,0.0,[]
2020-10-23 10:10:00+00:00,0,0,0.0,[]
2020-10-23 10:15:00+00:00,0,0,0.0,[]
2020-10-23 10:20:00+00:00,0,0,0.0,[]
2020-10-23 10:25:00+00:00,0,0,0.0,[]
2020-10-23 10:30:00+00:00,0,0,0.0,[]
2020-10-23 10:35:00+00:00,0,0,0.0,[]
2020-10-23 10:40:00+00:00,0,0,0.0,[]
2020-10-23 10:45:00+00:00,0,0,0.0,[]
2020-10-23 10:50:00+00:00,0,0,0.0,[]
2020-10-23 10:55:00+00:00,0,0,0.0,[]
2020-10-23 11:00:00+00:00,0,0,0.0,[]
2020-10-23 11:05:00+00:00,0,0,0.0,[]
2020-10-23 11:10:00+00:00,0,0,0.0,[]
2020-10-23 11:15:00+00:00,0,0,0.0,[]
2020-10-23 11:20:00+00:00,0,0,0.0,[]
2020-10-23 11:25:00+00:00,0,0,0.0,[]
2020-10-23 11:30:00+00:00,0,0,0.0,[]
2020-10-23 11:35:00+00:00,0,0,0.0,[]
2020-10-23 11:40:00+00:00,0,0,0.0,[]
2020-10-23 11:45:00+00:00,0,0,0.0,[]
2020-10-23 11:50:00+00:00,0,0,0.0,[]
2020-10-23 11:55:00+00:00,0,0,0.0,[]
2020-10-23 12:00:00+00:00,0,0,0.0,[]
2020-10-23 12:05:00+00:00,0,0,0.0,[]
2020-10-23 12:10:00+00:00,0,0,0.0,[]
2020-10-23 12:15:00+00:00,0,0,0.0,[]
2020-10-23 12:20:00+00:00,0,0,0.0,[]
2020-10-23 12:25:00+00:00,0,0,0.0,[]
2020-10-23 12:30:00+00:00,0,0,0.0,[]
2020-10-23 12:35:00+00:00,0,0,0.0,[]
2020-10-23 12:40:00+00:00,0,0,0.0,[]
2020-10-23 12:45:00+00:00,0,0,0.0,[]
2020-10-23 12:50:00+00:00,0,0,0.0,[]
2020-10-23 12:55:00+00:00,0,0,0.0,[]
2020-10-23 13:00:00+00:00,0,0,0.0,[]
2020-10-23 13:05:00+00:00,0,0,0.0,[]
2020-10-23 13:10:00+00:00,0,0,0.0,[]
2020-10-23 13:15:00+00:00,10,0,1.0,[10]
2020-10-23 13:20:00+00:00,0,0,0.0,[]
2020-10-23 13:25:00+00:00,0,0,0.0,[]
2020-10-23 13:30:00+00:00,0,0,0.0,[]
2020-10-23 13:35:00+00:00,0,0,0.0,[]
2020-10-23 13:40:00+00:00,0,0,0.0,[]
2020-10-23 13:45:00+00:00,0,0,0.0,[]
2020-10-23 13:50:00+00:00,0,0,0.0,[]
2020-10-23 13:55:00+00:00,0,0,0.0,[]
2020-10-23 14:00:00+00:00,0,0,0.0,[]
2020-10-23 14:05:00+00:00,0,0,0.0,[]
2020-10-23 14:10:00+00:00,0,0,0.0,[]
2020-10-23 14:15:00+00:00,0,0,0.0,[]
2020-10-23 14:20:00+00:00,0,0,0.0,[]
2020-10-23 14:25:00+00:00,0,0,0.0,[]
2020-10-23 14:30:00+00:00,0,0,0.0,[]
2020-10-23 14:35:00+00:00,0,0,0.0,[]
2020-10-23 14:40:00+00:00,0,0,0.0,[]
2020-10-23 14:45:00+00:00,0,0,0.0,[]
2020-10-23 14:50:00+00:00,0,0,0.0,[]
2020-10-23 14:55:00+00:00,0,0,0.0,[]
2020-10-23 15:00:00+00:00,0,0,0.0,[]
2020-10-23 15:05:00+00:00,0,0,0.0,[]
2020-10-23 15:10:00+00:00,0,0,0.0,[]
2020-10-23 15:15:00+00:00,0,0,0.0,[]
2020-10-23 15:20:00+00:00,0,0,0.0,[]
2020-10-23 15:25:00+00:00,0,0,0.0,[]
2020-10-23 15:30:00+00:00,0,0,0.0,[]
2020-10-23 15:35:00+00:00,0,0,0.0,[]
2020-10-23 15:40:00+00:00,0,0,0.0,[]
2020-10-23 15:45:00+00:00,0,0,0.0,[]
2020-10-23 15:50:00+00:00,0,0,0.0,[]
2020-10-23 15:55:00+00:00,0,0,0.0,[]
2020-10-23 16:00:00+00:00,0,0,0.0,[]
2020-10-23 16:05:00+00:00,0,0,0.0,[]
2020-10-23 16:10:00+00:00,0,0,0.0,[]
2020-10-23 16:15:00+00:00,0,0,0.0,[]
2020-10-23 16:20:00+00:00,0,0,0.0,[]
2020-10-23 16:25:00+00:00,0,0,0.0,[]
2020-10-23 16:30:00+00:00,0,0,0.0,[]
2020-10-23 16:35:00+00:00,0,0,0.0,[]
2020-10-23 16:40:00+00:00,0,0,0.0,[]
2020-10-23 16:45:00+00:00,0,0,0.0,[]
2020-10-23 16:50:00+00:00,0,0,0.0,[]
2020-10-23 16:55:00+00:00,0,0,0.0,[]
2020-10-23 17:00:00+00:00,0,0,0.0,[]
2020-10-23 17:05:00+00:00,0,0,0.0,[]
2020-10-23 17:10:00+00:00,0,0,0.0,[]
2020-10-23 17:15:00+00:00,0,0,0.0,[]
2020-10-23 17:20:00+00:00,0,0,0.0,[]
2020-10-23 17:25:00+00:00,0,0,0.0,[]
2020-10-23 17:30:00+00:00,0,0,0.0,[]
2020-10-23 17:35:00+00:00,0,0,0.0,[]
2020-10-23 17:40:00+00:00,0,0,0.0,[]
2020-10-23 17:45:00+00:00,0,0,0.0,[]
2020-10-23 17:50:00+00:00,0,0,0.0,[]
2020-10-23 17:55:00+00:00,0,0,0.0,[]
2020-10-23 18:00:00+00:00,0,0,0.0,[]
2020-10-23 18:05:00+00:00,0,0,0.0,[]
2020-10-23 18:10:00+00:00,0,0,0.0,[]
2020-10-23 18:15:00+00:00,0,0,0.0,[]
2020-10-23 18:20:00+00:00,0,0,0.0,[]
2020-10-23 18:25:00+00:00,0,0,0.0,[]
2020-10-23 18:30:00+00:00,0,0,0.0,[]
2020-10-23 18:35:00+00:00,0,0,0.0,[]
2020-10-23 18:40:00+00:00,0,0,0.0,[]
2020-10-23 18:45:00+00:00,0,0,0.0,[]
2020-10-23 18:50:00+00:00,0,0,0.0,[]
2020-10-23 18:55:00+00:00,0,0,0.0,[]
2020-10-23 19:00:00+00:00,0,0,0.0,[]
2020-10-23 19:05:00+00:00,0,0,0.0,[]
2020-10-23 19:10:00+00:00,0,0,0.0,[]
2020-10-23 19:15:00+00:00,0,0,0.0,[]
2020-10-23 19:20:00+00:00,0,0,0.0,[]
2020-10-23 19:25:00+00:00,0,0,0.0,[]
2020-10-23 19:30:00+00:00,0,0,0.0,[]
2020-10-23 19:35:00+00:00,0,0,0.0,[]
2020-10-23 19:40:00+00:00,0,0,0.0,[]
2020-10-23 19:45:00+00:00,0,0,0.0,[]
2020-10-23 19:50:00+00:00,0,0,0.0,[]
2020-10-23 19:55:00+00:00,0,0,0.0,[]
2020-10-23 20:00:00+00:00,0,0,0.0,[]
2020-10-23 20:05:00+00:00,0,0,0.0,[]
2020-10-23 20:10:00+00:00,0,0,0.0,[]
2020-10-23 20:15:00+00:00,0,0,0.0,[]
2020-10-23 20:20:00+00:00,0,0,0.0,[]
2020-10-23 20:25:00+00:00,0,0,0.0,[]
2020-10-23 20:30:00+00:00,0,0,0.0,[]
2020-10-23 20:35:00+00:00,0,0,0.0,[]
2020-10-23 20:40:00+00:00,0,0,0.0,[]
2020-10-23 20:45:00+00:00,0,0,0.0,[]
2020-10-23 20:50:00+00:00,0,0,0.0,[]
2020-10-23 20:55:00+00:00,0,0,0.0,[]
2020-10-23 21:00:00+00:00,0,0,0.0,[]
2020-10-23 21:05:00+00:00,0,0,0.0,[]
2020-10-23 21:10:00+00:00,0,0,0.0,[]
2020-10-23 21:15:00+00:00,0,0,0.0,[]
2020-10-23 21:20:00+00:00,0,0,0.0,[]
2020-10-23 21:25:00+00:00,0,0,0.0,[]
2020-10-23 21:30:00+00:00,0,0,0.0,[]
2020-10-23 21:35:00+00:00,0,0,0.0,[]
2020-10-23 21:40:00+00:00,0,0,0.0,[]
2020-10-23 21:45:00+00:00,0,0,0.0,[]
2020-10-23 21:50:00+00:00,0,0,0.0,[]
2020-10-23 21:55:00+00:00,0,0,0.0,[]
2020-10-23 22:00:00+00:00,0,0,0.0,[]
2020-10-23 22:05:00+00:00,0,0,0.0,[]
2020-10-23 22:10:00+00:00,0,0,0.0,[]
2020-10-23 22:15:00+00:00,0,0,0.0,[]
2020-10-23 22:20:00+00:00,0,0,0.0,[]
2020-10-23 22:25:00+00:00,0,0,0.0,[]
2020-10-23 22:30:00+00:00,0,0,0.0,[]
2020-10-23 22:35:00+00:00,0,0,0.0,[]
2020-10-23 22:40:00+00:00,0,0,0.0,[]
2020-10-23 22:45:00+00:00,0,0,0.0,[]
2020-10-23 22:50:00+00:00,0,0,0.0,[]
2020-10-23 22:55:00+00:00,0,0,0.0,[]
2020-10-23 23:00:00+00:00,0,0,0.0,[]
2020-10-23 23:05:00+00:00,0,0,0.0,[]
2020-10-23 23:10:00+00:00,0,0,0.0,[]
2020-10-23 23:15:00+00:00,0,0,0.0,[]
2020-10-23 23:20:00+00:00,0,0,0.0,[]
2020-10-23 23:25:00+00:00,0,0,0.0,[]
2020-10-23 23:30:00+00:00,0,0,0.0,[]
2020-10-23 23:35:00+00:00,0,0,0.0,[]
2020-10-23 23:40:00+00:00,0,0,0.0,[]
2020-10-23 23:45:00+00:00,0,0,0.0,[]
2020-10-23 23:50:00+00:00,0,0,0.0,[]
2020-10-23 23:55:00+00:00,0,0,0.0,[]
2020-10-24 00:00:00+00:00,0,0,0.0,[]
2020-10-24 00:05:00+00:00,0,0,0.0,[]
2020-10-24 00:10:00+00:00,0,0,0.0,[]
2020-10-24 00:15:00+00:00,0,0,0.0,[]
2020-10-24 00:20:00+00:00,0,0,0.0,[]
2020-10-24 00:25:00+00:00,0,0,0.0,[]
2020-10-24 00:30:00+00:00,0,0,0.0,[]
2020-10-24 00:35:00+00:00,0,0,0.0,[]
2020-10-24 00:40:00+00:00,0,0,0.0,[]
2020-10-24 00:45:00+00:00,0,0,0.0,[]
2020-10-24 00:50:00+00:00,0,0,0.0,[]
2020-10-24 00:55:00+00:00,0,0,0.0,[]
2020-10-24 01:00:00+00:00,0,0,0.0,[]
2020-10-24 01:05:00+00:00,0,0,0.0,[]
2020-10-24 01:10:00+00:00,0,0,0.0,[]
2020-10-24 01:15:00+00:00,0,0,0.0,[]
2020-10-24 01:20:00+00:00,0,0,0.0,[]
2020-10-24 01:25:00+00:00,0,0,0.0,[]
2020-10-24 01:30:00+00:00,0,0,0.0,[]
2020-10-24 01:35:00+00:00,0,0,0.0,[]
2020-10-24 01:40:00+00:00,0,0,0.0,[]
2020-10-24 01:45:00+00:00,0,0,0.0,[]
2020-10-24 01:50:00+00:00,0,0,0.0,[]
2020-10-24 01:55:00+00:00,0,0,0.0,[]
2020-10-24 02:00:00+00:00,0,0,0.0,[]
2020-10-24 02:05:00+00:00,0,0,0.0,[]
2020-10-24 02:10:00+00:00,0,0,0.0,[]
2020-10-24 02:15:00+00:00,0,0,0.0,[]
2020-10-24 02:20:00+00:00,0,0,0.0,[]
2020-10-24 02:25:00+00:00,0,0,0.0,[]
2020-10-24 02:30:00+00:00,0,0,0.0,[]
2020-10-24 02:35:00+00:00,0,0,0.0,[]
2020-10-24 02:40:00+00:00,0,0,0.0,[]
2020-10-24 02:45:00+00:00,0,0,0.0,[]
2020-10-24 02:50:00+00:00,0,0,0.0,[]
2020-10-24 02:55:00+00:00,0,0,0.0,[]
2020-10-24 03:00:00+00:00,0,0,0.0,[]
2020-10-24 03:05:00+00:00,0,0,0.0,[]
2020-10-24 03:10:00+00:00,0,0,0.0,[]
2020-10-24 03:15:00+00:00,0,0,0.0,[]
2020-10-24 03:20:00+00:00,0,0,0.0,[]
2020-10-24 03:25:00+00:00,0,0,0.0,[]
2020-10-24 03:30:00+00:00,0,0,0.0,[]
2020-10-24 03:35:00+00:00,0,0,0.0,[]
2020-10-24 03:40:00+00:00,0,0,0.0,[]
2020-10-24 03:45:00+00:00,0,0,0.0,[]
2020-10-24 03:50:00+00:00,0,0,0.0,[]
2020-10-24 03:55:00+00:00,0,0,0.0,[]
2020-10-24 04:00:00+00:00,0,0,0.0,[]
2020-10-24 04:05:00+00:00,0,0,0.0,[]
2020-10-24 04:10:00+00:00,0,0,0.0,[]
2020-10-24 04:15:00+00:00,0,0,0.0,[]
2020-10-24 04:20:00+00:00,0,0,0.0,[]
2020-10-24 04:25:00+00:00,0,0,0.0,[]
2020-10-24 04:30:00+00:00,0,0,0.0,[]
2020-10-24 04:35:00+00:00,0,0,0.0,[]
2020-10-24 04:40:00+00:00,0,0,0.0,[]
2020-10-24 04:45:00+00:00,0,0,0.0,[]
2020-10-24 04:50:00+00:00,0,0,0.0,[]
2020-10-24 04:55:00+00:00,0,0,0.0,[]
2020-10-24 05:00:00+00:00,0,0,0.0,[]
2020-10-24 05:05:00+00:00,0,0,0.0,[]
2020-10-24 05:10:00+00:00,0,0,0.0,[]
2020-10-24 05:15:00+00:00,0,0,0.0,[]
2020-10-24 05:20:00+00:00,0,0,0.0,[]
2020-10-24 05:25:00+00:00,0,0,0.0,[]
2020-10-24 05:30:00+00:00,0,0,0.0,[]
2020-10-24 05:35:00+00:00,0,0,0.0,[]
2020-10-24 05:40:00+00:00,0,0,0.0,[]
2020-10-24 05:45:00+00:00,0,0,0.0,[]
2020-10-24 05:50:00+00:00,0,0,0.0,[]
2020-10-24 05:55:00+00:00,0,0,0.0,[]
2020-10-24 06:00:00+00:00,0,0,0.0,[]
2020-10-24 06:05:00+00:00,0,0,0.0,[]
2020-10-24 06:10:00+00:00,0,0,0.0,[]
2020-10-24 06:15:00+00:00,0,0,0.0,[]
2020-10-24 06:20:00+00:00,0,0,0.0,[]
2020-10-24 06:25:00+00:00,0,0,0.0,[]
2020-10-24 06:30:00+00:00,0,0,0.0,[]
2020-10-24 06:35:00+00:00,0,0,0.0,[]
2020-10-24 06:40:00+00:00,0,0,0.0,[]
2020-10-24 06:45:00+00:00,0,0,0.0,[]
2020-10-24 06:50:00+00:00,0,0,0.0,[]
2020-10-24 06:55:00+00:00,0,0,0.0,[]
2020-10-24 07:00:00+00:00,0,0,0.0,[]
2020-10-24 07:05:00+00:00,0,0,0.0,[]
2020-10-24 07:10:00+00:00,0,0,0.0,[]
2020-10-24 07:15:00+00:00,0,0,0.0,[]
2020-10-24 07:20:00+00:00,0,0,0.0,[]
2020-10-24 07:25:00+00:00,0,0,0.0,[]
2020-10-24 07:30:00+00:00,0,0,0.0,[]
2020-10-24 07:35:00+00:00,0,0,0.0,[]
2020-10-24 07:40:00+00:00,0,0,0.0,[]
2020-10-24 07:45:00+00:00,0,0,0.0,[]
2020-10-24 07:50:00+00:00,0,0,0.0,[]
2020-10-24 07:55:00+00:00,0,0,0.0,[]
2020-10-24 08:00:00+00:00,0,0,0.0,[]
2020-10-24 08:05:00+00:00,0,0,0.0,[]
2020-10-24 08:10:00+00:00,0,0,0.0,[]
2020-10-24 08:15:00+00:00,0,0,0.0,[]
2020-10-24 08:20:00+00:00,0,0,0.0,[]
2020-10-24 08:25:00+00:00,0,0,0.0,[]
2020-10-24 08:30:00+00:00,0,0,0.0,[]
2020-10-24 08:35:00+00:00,0,0,0.0,[]
2020-10-24 08:40:00+00:00,0,0,0.0,[]
2020-10-24 08:45:00+00:00,0,0,0.0,[]
2020-10-24 08:50:00+00:00,0,0,0.0,[]
2020-10-24 08:55:00+00:00,0,0,0.0,[]
2020-10-24 09:00:00+00:00,0,0,0.0,[]
2020-10-24 09:05:00+00:00,0,0,0.0,[]
2020-10-24 09:10:00+00:00,0,0,0.0,[]
2020-10-24 09:15:00+00:00,0,0,0.0,[]
2020-10-24 09:20:00+00:00,0,0,0.0,[]
2020-10-24 09:25:00+00:00,0,0,0.0,[]
2020-10-24 09:30:00+00:00,0,0,0.0,[]
2020-10-24 09:35:00+00:00,0,0,0.0,[]
2020-10-24 09:40:00+00:00,0,0,0.0,[]
2020-10-24 09:45:00+00:00,0,0,0.0,[]
2020-10-24 09:50:00+00:00,0,0,0.0,[]
2020-10-24 09:55:00+00:00,0,0,0.0,[]
2020-10-24 10:00:00+00:00,0,0,0.0,[]
2020-10-24 10:05:00+00:00,0,0,0.0,[]
2020-10-24 10:10:00+00:00,0,0,0.0,[]
2020-10-24 10:15:00+00:00,0,0,0.0,[]
2020-10-24 10:20:00+00:00,0,0,0.0,[]
2020-10-24 10:25:00+00:00,0,0,0.0,[]
2020-10-24 10:30:00+00:00,0,0,0.0,[]
2020-10-24 10:35:00+00:00,0,0,0.0,[]
2020-10-24 10:40:00+00:00,0,0,0.0,[]
2020-10-24 10:45:00+00:00,0,0,0.0,[]
2020-10-24 10:50:00+00:00,0,0,0.0,[]
2020-10-24 10:55:00+00:00,0,0,0.0,[]
2020-10-24 11:00:00+00:00,0,0,0.0,[]
2020-10-24 11:05:00+00:00,0,0,0.0,[]
2020-10-24 11:10:00+00:00,0,0,0.0,[]
2020-10-24 11:15:00+00:00,0,0,0.0,[]
2020-10-24 11:20:00+00:00,0,0,0.0,[]
2020-10-24 11:25:00+00:00,0,0,0.0,[]
2020-10-24 11:30:00+00:00,0,0,0.0,[]
2020-10-24 11:35:00+00:00,0,0,0.0,[]
2020-10-24 11:40:00+00:00,0,0,0.0,[]
2020-10-24 11:45:00+00:00,0,0,0.0,[]
2020-10-24 11:50:00+00:00,0,0,0.0,[]
2020-10-24 11:55:00+00:00,0,0,0.0,[]
2020-10-24 12:00:00+00:00,0,0,0.0,[]
2020-10-24 12:05:00+00:00,0,0,0.0,[]
2020-10-24 12:10:00+00:00,0,0,0.0,[]
2020-10-24 12:15:00+00:00,0,0,0.0,[]
2020-10-24 12:20:00+00:00,0,0,0.0,[]
2020-10-24 12:25:00+00:00,0,0,0.0,[]
2020-10-24 12:30:00+00:00,0,0,0.0,[]
2020-10-24 12:35:00+00:00,0,0,0.0,[]
2020-10-24 12:40:00+00:00,0,0,0.0,[]
2020-10-24 12:45:00+00:00,0,0,0.0,[]
2020-10-24 12:50:00+00:00,0,0,0.0,[]
2020-10-24 12:55:00+00:00,0,0,0.0,[]
2020-10-24 13:00:00+00:00,0,0,0.0,[]
2020-10-24 13:05:00+00:00,0,0,0.0,[]
2020-10-24 13:10:00+00:00,0,0,0.0,[]
2020-10-24 13:15:00+00:00,0,0,0.0,[]
2020-10-24 13:20:00+00:00,0,0,0.0,[]
2020-10-24 13:25:00+00:00,0,0,0.0,[]
2020-10-24 13:30:00+00:00,0,0,0.0,[]
2020-10-24 13:35:00+00:00,0,0,0.0,[]
2020-10-24 13:40:00+00:00,0,0,0.0,[]
2020-10-24 13:45:00+00:00,0,0,0.0,[]
2020-10-24 13:50:00+00:00,0,0,0.0,[]
2020-10-24 13:55:00+00:00,0,0,0.0,[]
2020-10-24 14:00:00+00:00,0,0,0.0,[]
2020-10-24 14:05:00+00:00,0,0,0.0,[]
2020-10-24 14:10:00+00:00,0,0,0.0,[]
2020-10-24 14:15:00+00:00,0,0,0.0,[]
2020-10-24 14:20:00+00:00,0,0,0.0,[]
2020-10-24 14:25:00+00:00,0,0,0.0,[]
2020-10-24 14:30:00+00:00,0,0,0.0,[]
2020-10-24 14:35:00+00:00,0,0,0.0,[]
2020-10-24 14:40:00+00:00,0,0,0.0,[]
2020-10-24 14:45:00+00:00,0,0,0.0,[]
2020-10-24 14:50:00+00:00,0,0,0.0,[]
2020-10-24 14:55:00+00:00,0,0,0.0,[]
2020-10-24 15:00:00+00:00,0,0,0.0,[]
2020-10-24 15:05:00+00:00,0,0,0.0,[]
2020-10-24 15:10:00+00:00,0,0,0.0,[]
2020-10-24 15:15:00+00:00,160,0,1.0,[160]
2020-10-24 15:20:00+00:00,0,0,0.0,[]
2020-10-24 15:25:00+00:00,0,0,0.0,[]
2020-10-24 15:30:00+00:00,0,0,0.0,[]
2020-10-24 15:35:00+00:00,0,0,0.0,[]
2020-10-24 15:40:00+00:00,0,0,0.0,[]
2020-10-24 15:45:00+00:00,0,0,0.0,[]
2020-10-24 15:50:00+00:00,0,0,0.0,[]
2020-10-24 15:55:00+00:00,0,0,0.0,[]
2020-10-24 16:00:00+00:00,0,0,0.0,[]
2020-10-24 16:05:00+00:00,0,0,0.0,[]
2020-10-24 16:10:00+00:00,0,0,0.0,[]
2020-10-24 16:15:00+00:00,0,0,0.0,[]
2020-10-24 16:20:00+00:00,0,0,0.0,[]
2020-10-24 16:25:00+00:00,0,0,0.0,[]
2020-10-24 16:30:00+00:00,0,0,0.0,[]
2020-10-24 16:35:00+00:00,0,0,0.0,[]
2020-10-24 16:40:00+00:00,0,0,0.0,[]
2020-10-24 16:45:00+00:00,0,0,0.0,[]
2020-10-24 16:50:00+00:00,0,0,0.0,[]
2020-10-24 16:55:00+00:00,0,0,0.0,[]
2020-10-24 17:00:00+00:00,0,0,0.0,[]
2020-10-24 17:05:00+00:00,0,0,0.0,[]
2020-10-24 17:10:00+00:00,0,0,0.0,[]
2020-10-24 17:15:00+00:00,0,0,0.0,[]
2020-10-24 17:20:00+00:00,0,0,0.0,[]
2020-10-24 17:25:00+00:00,0,0,0.0,[]
2020-10-24 17:30:00+00:00,0,0,0.0,[]
2020-10-24 17:35:00+00:00,0,0,0.0,[]
2020-10-24 17:40:00+00:00,0,0,0.0,[]
2020-10-24 17:45:00+00:00,0,0,0.0,[]
2020-10-24 17:50:00+00:00,0,0,0.0,[]
2020-10-24 17:55:00+00:00,0,0,0.0,[]
2020-10-24 18:00:00+00:00,0,0,0.0,[]
2020-10-24 18:05:00+00:00,0,0,0.0,[]
2020-10-24 18:10:00+00:00,0,0,0.0,[]
2020-10-24 18:15:00+00:00,0,0,0.0,[]
2020-10-24 18:20:00+00:00,0,0,0.0,[]
2020-10-24 18:25:00+00:00,0,0,0.0,[]
2020-10-24 18:30:00+00:00,0,0,0.0,[]
2020-10-24 18:35:00+00:00,0,0,0.0,[]
2020-10-24 18:40:00+00:00,0,0,0.0,[]
2020-10-24 18:45:00+00:00,0,0,0.0,[]
2020-10-24 18:50:00+00:00,0,0,0.0,[]
2020-10-24 18:55:00+00:00,0,0,0.0,[]
2020-10-24 19:00:00+00:00,0,0,0.0,[]
2020-10-24 19:05:00+00:00,0,0,0.0,[]
2020-10-24 19:10:00+00:00,0,0,0.0,[]
2020-10-24 19:15:00+00:00,0,0,0.0,[]
2020-10-24 19:20:00+00:00,0,0,0.0,[]
2020-10-24 19:25:00+00:00,0,0,0.0,[]
2020-10-24 19:30:00+00:00,0,0,0.0,[]
2020-10-24 19:35:00+00:00,0,0,0.0,[]
2020-10-24 19:40:00+00:00,0,0,0.0,[]
2020-10-24 19:45:00+00:00,0,0,0.0,[]
2020-10-24 19:50:00+00:00,0,0,0.0,[]
2020-10-24 19:55:00+00:00,0,0,0.0,[]
2020-10-24 20:00:00+00:00,0,0,0.0,[]
2020-10-24 20:05:00+00:00,0,0,0.0,[]
2020-10-24 20:10:00+00:00,0,0,0.0,[]
2020-10-24 20:15:00+00:00,0,0,0.0,[]
2020-10-24 20:20:00+00:00,0,0,0.0,[]
2020-10-24 20:25:00+00:00,0,0,0.0,[]
2020-10-24 20:30:00+00:00,0,0,0.0,[]
2020-10-24 20:35:00+00:00,0,0,0.0,[]
2020-10-24 20:40:00+00:00,0,0,0.0,[]
2020-10-24 20:45:00+00:00,2703900,1,190.0,"[1728580, 7700, 7700, 7100, 7100, 1630, 1630, 2000, 2000, 1010, 1010, 100, 100, 2840, 2840, 410, 410, 130, 130, 430, 430, 60, 60, 50, 50, 1180, 1180, 1840, 1840, 10, 10, 1380, 1380, 480, 480, 40, 40, 7870, 7870, 70, 70, 20, 610, 610, 0, 3570, 3570, 0, 80, 43910, 80, 43910, 0, 0, 5010, 5010, 290, 290, 40, 40, 2020, 2020, 1300, 1300, 35250, 35250, 310, 310, 1540, 1540, 10, 10, 60, 60, 3840, 3840, 130, 660, 660, 130, 4020, 4020, 65570, 65570, 80, 25080, 80, 1350, 80, 80, 1350, 25080, 3100, 3100, 5020, 5020, 40, 40, 1290, 1290, 10700, 10700, 11440, 60, 80, 60, 80, 30, 30, 2240, 2240, 970, 970, 110, 110, 7720, 7720, 10, 2050, 2890, 10, 2050, 2890, 1560, 1560, 0, 0, 65570, 65570, 110, 110, 20400, 60, 50, 50, 60, 20400, 7820, 7820, 1840, 1840, 400, 400, 1440, 1440, 200, 200, 580, 580, 400, 400, 750, 750, 3450, 3450, 1430, 110, 1430, 110, 110, 40, 110, 40, 3800, 3800, 1440, 1440, 5590, 5590, 4500, 3570, 3570, 1210, 1210, 2110, 4850, 4850, 2110, 37880, 14890, 37880, 14890, 140, 140, 1160, 1160]"
2020-10-24 20:50:00+00:00,1715180,3,163.0,"[6250, 6250, 1470, 1580, 1470, 1580, 0, 0, 580, 580, 310, 310, 2840, 2840, 4610, 4610, 400, 400, 65570, 65570, 60, 60, 1560, 1560, 640, 640, 4510, 4510, 3250, 3250, 1020, 1020, 1950, 1950, 3100, 3100, 840, 840, 3840, 3840, 430, 430, 120, 13380, 13380, 40, 40, 120, 120, 110, 110, 4270, 4270, 1270, 1270, 200, 200, 2980, 2980, 30, 30, 130, 960, 130, 960, 250, 250, 13440, 13440, 4560, 80, 80, 4560, 30, 30, 2640, 2640, 50, 50, 9040, 9040, 730, 730, 450, 450, 210, 210, 58520, 58520, 9610, 9610, 480, 480, 3720, 3720, 21260, 21260, 6680, 6680, 1350, 1350, 470690, 470690, 4080, 4080, 10, 10, 2040, 2040, 20, 20, 410, 410, 600, 600, 180, 180, 100, 100, 250, 250, 2640, 4040, 4040, 70, 70, 280, 280, 170, 170, 30, 2600, 30, 2600, 1850, 1850, 320, 320, 11760, 11760, 720, 720, 510, 510, 270, 270, 1400, 540, 540, 380, 380, 4390, 4390, 160, 240, 1520, 160, 240, 1520, 0, 0]"
2020-10-24 20:55:00+00:00,940670,4,223.0,"[6180, 6180, 330, 420, 420, 330, 10, 840, 10, 2280, 840, 2280, 3010, 3010, 380, 380, 3750, 3750, 260, 260, 520, 520, 19270, 59690, 59690, 19270, 1210, 1210, 340, 340, 510, 510, 30, 6620, 6620, 210, 1150, 210, 1150, 1250, 1250, 4090, 4090, 2270, 2270, 40, 40, 2780, 2780, 270, 10, 270, 10, 30, 30, 1080, 1080, 16370, 16370, 380, 380, 14470, 380, 380, 320, 320, 30, 30, 750, 750, 30, 30, 200, 200, 340, 3760, 3760, 640, 640, 420, 420, 1460, 1460, 870, 870, 50, 19070, 19070, 250, 250, 370, 370, 1600, 1600, 1330, 1330, 90, 90, 6730, 1600, 6730, 1600, 290, 290, 11540, 540, 11540, 2160, 380, 380, 2160, 7660, 7660, 620, 620, 6720, 150, 30, 150, 6720, 30, 280, 7660, 60, 7660, 60, 60, 60, 280, 280, 110, 110, 2630, 6640, 6640, 2630, 440, 440, 4080, 4080, 30, 30, 40, 40, 6090, 6090, 3210, 3210, 530, 530, 70, 70, 3450, 3450, 200, 200, 90, 90, 420, 5030, 5030, 420, 360, 360, 90, 90, 5760, 5760, 380, 20, 380, 20, 420, 420, 260, 260, 9210, 9210, 230, 230, 900, 900, 1290, 1290, 2230, 2230, 70, 70, 16190, 16190, 1050, 1050, 50, 50, 3080, 3080, 400, 14460, 14460, 1070, 1070, 1240, 310, 1240, 310, 420, 420, 400, 400, 2930, 2930, 1920, 1920, 380, 380, 400, 400, 3270, 3270, 21930, 21930]"
2020-10-24 21:00:00+00:00,566170,2,211.0,"[8420, 8420, 1760, 1760, 20, 180, 180, 40, 40, 150, 150, 220, 220, 810, 810, 220, 220, 590, 290, 590, 290, 230, 230, 1190, 1190, 790, 790, 250, 250, 21930, 21930, 140, 2710, 23540, 2710, 23540, 210, 210, 2780, 2780, 40, 6080, 6080, 40, 30, 30, 0, 0, 3930, 3930, 5480, 5480, 40, 150, 40, 150, 10, 10, 2330, 2330, 6010, 6010, 20, 20, 10, 10, 11170, 11170, 410, 410, 10, 10, 160, 13100, 4590, 13100, 160, 4590, 610, 610, 2780, 2780, 1980, 1980, 10320, 10320, 370, 370, 2570, 2570, 190, 190, 30, 30, 990, 990, 1040, 1040, 3760, 3760, 310, 310, 1720, 1720, 1250, 1250, 1630, 340, 1630, 510, 510, 11370, 11370, 2120, 2120, 210, 210, 140, 140, 12180, 12180, 3720, 3720, 160, 160, 1240, 1240, 11370, 11370, 180, 180, 90, 90, 200, 200, 20, 2100, 2100, 320, 320, 330, 330, 6810, 6810, 510, 510, 170, 1440, 1440, 1010, 1010, 90, 90, 850, 4900, 850, 4900, 800, 800, 290, 290, 60, 60, 600, 470, 470, 9470, 9470, 80, 110, 110, 23070, 4900, 23070, 4900, 1680, 6270, 1680, 6270, 30, 30, 3570, 3570, 3510, 260, 3120, 260, 3120, 1030, 1030, 350, 350, 970, 970, 90, 90, 200, 200, 60, 60, 10, 10390, 10390, 190, 190, 1120, 800, 800, 1120, 60, 60]"
2020-10-24 21:05:00+00:00,491030,1,198.0,"[90, 90, 510, 510, 70, 70, 240, 240, 6520, 6520, 0, 360, 190, 360, 190, 6000, 6000, 8520, 8520, 2130, 2130, 440, 440, 140, 20, 20, 100, 240, 240, 100, 100, 4080, 4080, 4070, 4070, 90, 90, 11570, 11570, 3460, 3460, 860, 860, 2220, 470, 470, 3780, 3780, 27560, 27560, 1460, 1460, 4290, 4290, 190, 190, 160, 160, 0, 0, 2420, 2420, 2420, 120, 120, 70, 70, 140, 140, 30, 0, 30, 90, 90, 2750, 2750, 3920, 20, 20, 3920, 3140, 3140, 280, 280, 780, 780, 130, 470, 130, 530, 530, 460, 1510, 1510, 460, 10580, 10580, 10, 10, 4520, 4520, 4150, 4150, 40, 40, 170, 170, 100, 14120, 14120, 2170, 230, 2170, 230, 0, 0, 7720, 7720, 80, 80, 470, 470, 0, 180, 180, 0, 200, 200, 300, 300, 730, 730, 90, 90, 280, 280, 510, 510, 3850, 3850, 2570, 360, 2570, 360, 3850, 3850, 12210, 21930, 21930, 12210, 80, 80, 470, 5250, 5250, 2960, 2960, 520, 520, 1310, 1310, 1130, 1130, 1060, 20, 20, 1060, 1880, 1880, 1250, 1250, 730, 730, 600, 600, 470, 470, 630, 1180, 630, 1180, 180, 180, 3420, 3420, 90, 90, 460, 500, 4160, 4160, 50, 50, 1310, 1310, 20, 20]"
2020-10-24 21:10:00+00:00,301240,0,168.0,"[20, 4230, 20, 4230, 820, 820, 1320, 1320, 30, 30, 20, 2690, 20, 400, 20, 2690, 400, 40, 240, 240, 10, 10, 220, 220, 7010, 7010, 8890, 280, 280, 80, 80, 1100, 440, 440, 1100, 6290, 6290, 2160, 2160, 2480, 30, 2480, 30, 450, 450, 290, 290, 3320, 3320, 120, 3420, 3420, 120, 11170, 11170, 20, 20, 650, 650, 220, 220, 11810, 11810, 990, 240, 240, 590, 590, 3960, 3960, 60, 60, 2500, 2500, 530, 530, 4070, 4070, 60, 60, 520, 520, 2550, 40, 40, 2550, 20, 20, 2190, 150, 150, 2190, 1940, 1940, 300, 300, 1570, 1570, 14010, 14010, 90, 90, 3860, 3860, 240, 240, 260, 260, 70, 70, 1970, 1970, 120, 120, 14110, 14110, 50, 90, 90, 50, 830, 830, 140, 140, 3110, 3110, 0, 0, 140, 140, 9340, 9340, 60, 60, 230, 230, 190, 190, 10, 220, 10, 7500, 220, 7500, 10, 10, 80, 80, 570, 570, 450, 450, 300, 360, 360, 300, 1320, 1320, 160, 160, 1010, 1010, 140, 1950, 1950, 140, 30, 30]"
2020-10-24 21:15:00+00:00,227880,0,151.0,"[1210, 1210, 410, 410, 100, 100, 3010, 3010, 800, 80, 80, 800, 980, 980, 20, 120, 120, 50, 50, 1290, 1290, 320, 320, 60, 1720, 1720, 410, 410, 3460, 3460, 220, 220, 14020, 14020, 80, 80, 270, 270, 3930, 3930, 2060, 2060, 2630, 2630, 80, 80, 290, 290, 2610, 2610, 20, 20, 350, 350, 60, 450, 450, 60, 200, 200, 850, 850, 1180, 1180, 1250, 1250, 360, 360, 3490, 3490, 2160, 2160, 100, 3520, 3520, 1090, 1090, 2350, 2350, 1080, 1080, 0, 6970, 0, 6970, 10, 10, 3620, 3620, 120, 120, 30, 30, 140, 140, 140, 140, 150, 30, 30, 150, 2300, 2300, 110, 110, 420, 420, 640, 640, 160, 160, 920, 920, 2180, 2180, 10, 4190, 10, 4190, 4260, 4260, 120, 120, 480, 480, 820, 30, 40, 30, 40, 2820, 230, 230, 3840, 3840, 2610, 2610, 2820, 2820, 10820, 10820, 4910, 4910, 100, 100, 320, 320, 170, 170, 580, 580]"
2020-10-24 21:20:00+00:00,399920,0,137.0,"[100, 100, 1960, 1960, 20, 20, 80, 80, 90, 90, 5750, 5750, 2700, 2700, 3930, 3930, 1430, 4550, 1430, 4550, 14370, 14370, 2690, 2690, 120, 120, 1980, 1980, 20, 20, 4260, 4260, 6430, 6430, 10150, 1960, 1960, 10150, 730, 150, 150, 180, 180, 1060, 1060, 170, 170, 10, 10, 40, 40, 60, 60, 680, 680, 24150, 24150, 14410, 14410, 14020, 14020, 480, 480, 10, 400, 10, 400, 600, 110, 110, 600, 2070, 2070, 140, 12460, 12460, 140, 20, 20, 730, 730, 10930, 10930, 2810, 2810, 20, 20, 10, 10, 0, 0, 90, 90, 2630, 2630, 0, 0, 210, 210, 540, 540, 90, 90, 190, 190, 2220, 2220, 26170, 26170, 360, 360, 50, 50, 440, 440, 2820, 2820, 2190, 2190, 980, 3440, 3440, 1390, 1390, 3050, 3050, 810, 2600, 2600, 190, 1590, 190, 1590, 0, 130, 130, 0]"
2020-10-24 21:25:00+00:00,233360,2,108.0,"[4520, 4520, 0, 0, 150, 150, 300, 300, 30, 30, 5950, 5950, 270, 270, 400, 400, 450, 70, 70, 0, 0, 1440, 1440, 140, 140, 2740, 2740, 160, 160, 100, 100, 250, 250, 3650, 3650, 8700, 8700, 1730, 1730, 540, 540, 2740, 2740, 30, 30, 330, 330, 1920, 1920, 60, 60, 1130, 1130, 3870, 3870, 4000, 4000, 290, 290, 140, 3060, 3060, 7450, 7450, 1350, 1350, 500, 500, 4060, 4060, 210, 2670, 2670, 210, 420, 420, 560, 560, 3080, 3080, 1140, 470, 470, 70, 2680, 2680, 180, 180, 140, 140, 4380, 4380, 30, 30, 230, 230, 3360, 3360, 620, 620, 1090, 1090, 10890, 10890, 5900, 5900]"
2020-10-24 21:30:00+00:00,213120,0,85.0,"[12840, 12840, 3660, 3660, 550, 550, 2060, 2060, 8270, 8270, 2020, 4340, 2020, 4340, 390, 390, 7850, 440, 440, 1170, 1170, 60, 2640, 2640, 60, 20, 20, 20, 620, 120, 620, 120, 12060, 12060, 260, 40, 40, 10, 10, 2530, 2530, 240, 240, 0, 0, 290, 290, 900, 900, 350, 350, 17450, 17450, 100, 2840, 2840, 20, 90, 90, 20, 4470, 4470, 160, 160, 21650, 300, 300, 90, 90, 10, 10, 1640, 1640, 460, 460, 4110, 4110, 290, 290, 2530, 2530, 1140, 1140, 400, 400]"
2020-10-24 21:35:00+00:00,326070,2,123.0,"[60, 60, 30, 20, 20, 30, 30, 5340, 5340, 820, 0, 0, 210, 210, 170, 170, 80, 80, 370, 370, 370, 370, 120, 20, 120, 20, 590, 5210, 5210, 500, 500, 210, 210, 11930, 11930, 700, 700, 13990, 13990, 3020, 3020, 1570, 1570, 11270, 11270, 650, 650, 9280, 9280, 400, 600, 400, 600, 7690, 7690, 1370, 1370, 110, 110, 2810, 2810, 5880, 5880, 1750, 1750, 11690, 11690, 350, 350, 11460, 10, 11460, 10, 270, 270, 1530, 1530, 20, 20, 20, 150, 150, 90, 90, 6030, 6030, 10, 10, 400, 400, 160, 160, 4340, 4340, 290, 1340, 1310, 1340, 1310, 160, 160, 1220, 40, 40, 1220, 1900, 1900, 300, 300, 25830, 25830, 1660, 1660, 4980, 4980, 230, 230, 430, 430, 10, 10, 510, 510]"
2020-10-24 21:40:00+00:00,137420,2,107.0,"[300, 300, 1410, 1410, 0, 0, 420, 420, 80, 80, 1800, 40, 1800, 40, 250, 250, 6040, 6040, 710, 710, 80, 80, 20, 20, 820, 820, 140, 140, 110, 110, 2550, 2550, 20, 3860, 20, 3860, 40, 40, 1250, 1250, 420, 420, 2880, 2880, 1110, 1110, 200, 200, 80, 80, 190, 190, 110, 160, 160, 10, 290, 870, 870, 290, 3260, 3260, 10, 3060, 3060, 10, 20, 20, 6330, 6330, 70, 70, 120, 120, 1280, 1280, 560, 1730, 1730, 560, 210, 210, 130, 130, 2560, 2560, 440, 440, 0, 0, 110, 110, 180, 180, 1520, 1520, 1060, 1060, 2840, 2840, 3050, 3050, 4250, 4250, 220, 9610, 9610]"
2020-10-24 21:45:00+00:00,384110,2,98.0,"[30, 30, 290, 290, 800, 800, 3920, 3920, 30, 30, 540, 540, 60, 60, 9280, 9280, 750, 13940, 13940, 120, 120, 2600, 2600, 120, 120, 25970, 1520, 1520, 25970, 400, 400, 70, 70, 7030, 7030, 70, 70, 1220, 1220, 3150, 3150, 650, 650, 10, 10, 52290, 52290, 40, 2730, 2730, 60, 60, 2550, 2550, 5060, 5060, 11410, 11410, 30, 30, 770, 770, 870, 870, 9920, 9920, 2970, 2970, 0, 0, 600, 600, 320, 320, 120, 120, 380, 380, 2380, 2380, 3310, 3310, 2690, 2690, 1760, 1760, 270, 270, 860, 860, 90, 90, 980, 980, 480, 480]"
2020-10-24 21:50:00+00:00,340580,4,89.0,"[220, 30, 30, 130, 130, 4820, 4820, 2320, 2320, 1760, 1760, 770, 770, 150, 150, 0, 0, 6780, 10, 6780, 10, 12340, 12340, 710, 710, 1400, 1400, 2160, 2160, 2440, 2440, 870, 870, 2140, 2140, 10390, 1780, 1780, 10390, 2370, 2370, 20, 20, 2920, 2920, 1200, 2620, 1200, 2620, 1780, 1780, 840, 840, 4800, 4800, 1080, 1080, 40, 40, 120, 120, 2050, 2050, 10, 10, 1220, 1220, 2000, 2000, 3820, 3820, 2500, 2500, 200, 200, 700, 700, 40, 40, 11440, 11440, 350, 350, 53720, 53720]"
2020-10-24 21:55:00+00:00,143080,0,87.0,"[6300, 6300, 230, 230, 120, 120, 2930, 2930, 1360, 1360, 520, 520, 1950, 140, 140, 230, 230, 3310, 3310, 170, 170, 6730, 6730, 270, 270, 80, 80, 5360, 5360, 80, 80, 8410, 4110, 4110, 1780, 1780, 480, 630, 420, 420, 630, 360, 40, 40, 9140, 9140, 2220, 2220, 820, 1070, 820, 1070, 20, 20, 4920, 4920, 1860, 1860, 3010, 3010, 110, 110, 150, 150, 1190, 1340, 1190, 1340, 1140, 1140, 10, 10, 940, 940, 940, 940, 20, 20, 200, 600, 600, 50, 50, 1430, 1430]"
2020-10-24 22:00:00+00:00,440630,0,92.0,"[270, 270, 3110, 3110, 10, 310, 310, 2320, 2320, 30, 30, 120, 120, 750, 750, 5300, 5300, 800, 800, 2120, 1210, 2120, 1210, 20, 20, 60, 47080, 60, 47080, 50, 50, 430, 430, 0, 0, 190, 190, 1400, 1850, 1850, 1500, 1500, 190, 190, 670, 670, 340, 340, 20210, 20210, 2140, 2140, 1750, 1750, 130, 130, 3440, 3440, 20, 20, 9050, 9050, 550, 550, 30, 30, 50, 50, 280, 280, 40, 40, 16110, 16110, 7740, 7740, 130, 130, 20100, 20100, 64960, 64960, 420, 420, 200, 30, 200, 30, 2080, 2080, 1430, 1430]"
2020-10-24 22:05:00+00:00,288470,0,70.0,"[31820, 31820, 7510, 7510, 150, 150, 34020, 34020, 160, 520, 160, 1510, 1510, 3240, 3240, 270, 270, 1270, 1270, 5270, 5270, 240, 240, 30, 320, 160, 160, 90, 90, 40, 50, 40, 50, 4820, 4820, 1960, 1960, 3550, 3550, 3210, 3210, 1360, 1360, 870, 870, 650, 650, 5120, 5120, 7340, 7340, 1240, 1240, 5680, 5680, 4380, 290, 290, 12240, 12240, 2860, 2860, 1870, 1870, 2070, 2070, 630, 630, 50, 50]"
2020-10-24 22:10:00+00:00,114650,0,77.0,"[240, 240, 10, 10, 700, 700, 90, 90, 80, 80, 110, 110, 5730, 1990, 1990, 10960, 10960, 1380, 1380, 610, 610, 180, 180, 930, 930, 3290, 3290, 340, 340, 4010, 4010, 100, 100, 1340, 1340, 160, 160, 350, 350, 2880, 2880, 380, 380, 1200, 6210, 1200, 6210, 20, 20, 160, 160, 1810, 1810, 1700, 1700, 960, 960, 1310, 1310, 1250, 220, 220, 1250, 3880, 3880, 1510, 2770, 1510, 2770, 960, 960, 220, 220, 80, 80, 70, 70]"
2020-10-24 22:15:00+00:00,296890,0,96.0,"[15480, 15480, 150, 150, 60, 60, 2440, 2440, 10650, 10650, 150, 150, 2990, 2990, 1160, 1160, 24260, 24260, 680, 680, 2260, 2260, 260, 320, 260, 320, 820, 1090, 820, 50, 1090, 50, 150, 150, 360, 360, 2050, 2050, 6580, 6580, 2050, 2050, 25440, 25440, 3900, 3900, 15480, 15480, 1820, 1820, 3900, 3900, 160, 160, 960, 960, 1970, 1970, 20, 20, 730, 730, 330, 330, 170, 170, 250, 250, 480, 480, 3900, 3900, 160, 160, 2360, 2360, 520, 520, 4130, 4130, 290, 290, 5540, 5540, 240, 50, 50, 910, 70, 70, 100, 100, 10, 10, 1120, 1120]"
2020-10-24 22:20:00+00:00,383230,0,101.0,"[120, 120, 290, 1650, 290, 1650, 730, 730, 12790, 12790, 1760, 1760, 6990, 6990, 50, 50, 80, 80, 190, 190, 240, 240, 630, 630, 3950, 3950, 4330, 4330, 200, 200, 2230, 2230, 520, 520, 2850, 2850, 1130, 1130, 1400, 1400, 990, 990, 410, 410, 3120, 3120, 3060, 3060, 4120, 4120, 8390, 8390, 1400, 4250, 1400, 20, 3570, 3570, 31580, 31580, 210, 210, 1540, 3250, 1540, 3250, 350, 350, 4170, 4170, 310, 310, 12160, 12160, 90, 90, 800, 800, 780, 780, 530, 530, 1190, 1190, 24680, 24680, 0, 0, 50, 50, 500, 500, 5120, 0, 0, 350, 350]"
2020-10-24 22:25:00+00:00,312430,2,71.0,"[230, 1560, 1560, 0, 0, 15270, 15270, 20, 20, 20, 20, 10250, 10250, 40, 40, 300, 300, 2430, 2430, 2020, 2020, 1780, 1780, 1400, 1400, 330, 330, 80, 80, 2880, 2880, 3730, 3730, 20, 20, 4520, 4520, 2610, 2610, 10, 10, 58030, 58030, 400, 400, 80, 80, 15480, 15480, 660, 660, 400, 400, 930, 930, 930, 930, 10260, 10260, 930, 930, 3510, 3510, 13700, 13700, 60, 60, 80, 80, 1380, 1380]"
2020-10-24 22:30:00+00:00,207330,0,109.0,"[210, 210, 250, 170, 250, 170, 3050, 3050, 3110, 3110, 1970, 1970, 1620, 1620, 510, 510, 680, 680, 510, 510, 3660, 3660, 1660, 1660, 10070, 10070, 30, 30, 7480, 7480, 130, 130, 1480, 1480, 6300, 6300, 2020, 2020, 2180, 2180, 2660, 2660, 220, 220, 1600, 1600, 12570, 12570, 1250, 1250, 1800, 1800, 510, 510, 30, 4130, 4130, 30, 140, 140, 20, 20, 380, 380, 780, 780, 410, 410, 350, 350, 960, 960, 2220, 2220, 120, 120, 420, 420, 5670, 5670, 20, 20, 180, 180, 180, 180, 13840, 13840, 170, 170, 1030, 1030, 1300, 1300, 140, 140, 170, 170, 0, 0, 710, 530, 110, 530, 110, 50, 50, 2260, 2260]"
2020-10-24 22:35:00+00:00,183880,0,80.0,"[3420, 3420, 960, 960, 2390, 2390, 170, 170, 540, 540, 11840, 11840, 190, 190, 120, 120, 6140, 200, 200, 2450, 2450, 2250, 2250, 60, 60, 2550, 2550, 220, 220, 190, 190, 1050, 1050, 2140, 2140, 240, 240, 210, 210, 12100, 12100, 80, 130, 130, 2670, 2670, 1460, 1460, 680, 680, 160, 160, 60, 60, 30, 310, 310, 29190, 29190, 1800, 1800, 300, 300, 3590, 900, 900, 3590, 100, 100, 900, 900, 230, 0, 0, 430, 430, 240, 240, 2490, 2490]"
2020-10-24 22:40:00+00:00,114560,0,71.0,"[0, 0, 460, 1490, 1490, 4520, 4520, 20, 20, 260, 260, 420, 420, 140, 140, 140, 140, 930, 930, 3670, 3670, 260, 260, 2390, 2390, 90, 90, 120, 120, 280, 280, 2660, 2660, 2000, 2000, 220, 220, 290, 290, 1600, 1600, 350, 350, 70, 70, 60, 60, 10, 10, 3470, 3470, 960, 960, 570, 570, 90, 90, 23820, 23820, 620, 620, 4240, 4240, 280, 280, 60, 60, 530, 530, 420, 420]"
2020-10-24 22:45:00+00:00,240410,2,64.0,"[3130, 3130, 90, 90, 60, 60, 15820, 15820, 580, 580, 90, 90, 3390, 3390, 360, 360, 580, 580, 1560, 1560, 60, 60, 600, 600, 13310, 13310, 410, 410, 1450, 1450, 340, 340, 0, 0, 10, 10, 600, 600, 40, 40, 1580, 1580, 740, 740, 810, 810, 15420, 15420, 10, 10, 2810, 1580, 1580, 1450, 1450, 2880, 2880, 1860, 360, 360, 2220, 2220]"
2020-10-24 22:50:00+00:00,135410,2,78.0,"[1600, 1600, 80, 80, 60, 60, 420, 420, 0, 0, 1560, 1560, 1030, 1030, 280, 280, 50, 900, 50, 900, 20, 20, 5340, 5340, 490, 1940, 1940, 490, 3020, 3020, 100, 100, 16140, 16140, 340, 340, 350, 350, 790, 790, 2100, 2100, 2360, 2360, 7090, 30, 30, 740, 520, 740, 520, 3760, 3760, 3770, 3770, 520, 520, 350, 350, 20, 20, 20, 20, 2340, 2340, 320, 360, 360, 60, 60, 10, 10, 260, 260, 9040, 9040]"
2020-10-24 22:55:00+00:00,259780,2,99.0,"[3220, 3220, 3720, 3720, 50, 40, 40, 590, 590, 22880, 22880, 3240, 3240, 40, 40, 7890, 7890, 1560, 1560, 10, 10, 14610, 14610, 420, 420, 430, 430, 1240, 1240, 1810, 1810, 2200, 30, 30, 2200, 590, 590, 4140, 4140, 20, 20, 0, 0, 6460, 6460, 50, 50, 3910, 3910, 3910, 50, 9370, 50, 9370, 140, 140, 30, 30, 810, 810, 210, 210, 960, 960, 5280, 5280, 40, 40, 480, 480, 90, 90, 700, 700, 9880, 9880, 60, 5930, 5930, 30, 30, 240, 240, 10, 10, 170, 170, 550, 550, 430, 190, 430, 190, 3670, 3670, 9180, 9180, 340, 340]"
2020-10-24 23:00:00+00:00,178120,0,70.0,"[1150, 1150, 1400, 2040, 1400, 2040, 300, 300, 2910, 2910, 120, 120, 30, 30, 290, 290, 20, 20, 0, 0, 170, 170, 11760, 11760, 9340, 9340, 730, 730, 1290, 1290, 1490, 3800, 3800, 3800, 3800, 2210, 2210, 760, 760, 2830, 2830, 880, 880, 630, 630, 250, 250, 2010, 2010, 14380, 1580, 1580, 14380, 1030, 1030, 2840, 2840, 10, 10, 670, 400, 400, 3800, 3800, 1740, 1740, 420, 420, 13060, 13060]"
2020-10-24 23:05:00+00:00,166880,0,81.0,"[20, 20, 3540, 3540, 230, 230, 30, 30, 900, 900, 300, 300, 5900, 5900, 1580, 1580, 2240, 1080, 2240, 1080, 10, 10, 2670, 3710, 2670, 3710, 0, 0, 2590, 2590, 220, 220, 400, 400, 1670, 1670, 1750, 1750, 1940, 1940, 110, 110, 1250, 1250, 220, 220, 3640, 3640, 400, 400, 8520, 8520, 60, 60, 640, 1270, 640, 10, 10, 30, 5500, 30, 5500, 1720, 1720, 190, 190, 30, 30, 9940, 10, 10, 810, 6060, 6060, 710, 710, 12050, 12050, 5500, 5500]"
2020-10-24 23:10:00+00:00,303790,0,59.0,"[20, 20, 210, 3880, 3880, 210, 170, 170, 8490, 8490, 430, 430, 190, 190, 4200, 4200, 230, 230, 20, 100, 20, 100, 1530, 1530, 5940, 5940, 140, 370, 370, 2800, 1850, 1850, 780, 780, 130, 130, 15520, 15520, 17300, 17300, 120, 120, 40, 40, 450, 1650, 1650, 210, 210, 20, 20, 3260, 3260, 2150, 2150, 2210, 2210]"
2020-10-24 23:15:00+00:00,196680,2,76.0,"[320, 320, 140, 140, 20, 20, 490, 490, 1140, 1140, 5840, 5840, 290, 290, 2270, 240, 240, 5950, 5950, 90, 90, 810, 810, 13040, 13040, 3210, 3210, 3760, 3760, 170, 170, 1260, 1260, 380, 380, 340, 340, 30, 30, 60, 3780, 3780, 760, 1010, 760, 1010, 620, 620, 2130, 2130, 580, 580, 11090, 11090, 11690, 11690, 50, 40, 40, 590, 590, 3580, 3580, 1970, 1970, 140, 140, 1370, 1370, 1380, 1380, 1840, 12720, 12720]"
2020-10-24 23:20:00+00:00,517990,2,65.0,"[580, 580, 1120, 1120, 830, 830, 3230, 3230, 2190, 2190, 510, 510, 11210, 11210, 5280, 5280, 1080, 1080, 13280, 13280, 1700, 190, 1700, 3650, 450, 450, 3650, 0, 0, 480, 480, 480, 480, 80260, 80260, 1090, 1090, 58710, 58710, 19820, 19820, 1580, 1580, 1700, 1700, 50, 50, 830, 830, 10, 2850, 10, 2850, 300, 300, 80, 80, 370, 370, 42180, 42180, 160, 160, 2840, 2840]"
2020-10-24 23:25:00+00:00,599710,2,88.0,"[6590, 2690, 6590, 50, 50, 10, 10, 2680, 300, 2680, 300, 760, 140, 140, 760, 30, 30, 1520, 1520, 360, 360, 0, 0, 30, 30, 140, 180, 390, 140, 390, 180, 3430, 3430, 370, 9000, 920, 9000, 920, 1560, 1560, 390, 390, 3600, 3600, 70, 3360, 3360, 430, 430, 5590, 5590, 4060, 4060, 1640, 40, 1640, 40, 580, 580, 50, 50, 8920, 8920, 12360, 12360, 20, 20, 360, 360, 830, 830, 9310, 9310, 1190, 1190, 1060, 1060, 30, 30, 7350, 7350, 370, 370, 230, 230, 6600]"
2020-10-24 23:30:00+00:00,370520,2,103.0,"[10, 10, 5100, 5100, 690, 690, 1520, 1520, 14390, 14390, 170, 1520, 1520, 7350, 7350, 100, 4210, 100, 4210, 7350, 7350, 4290, 4290, 10, 10, 15540, 15540, 470, 470, 12220, 12220, 1560, 1560, 1880, 1880, 50, 50, 1230, 1230, 3010, 3010, 3010, 3010, 49370, 49370, 20, 20, 1230, 1230, 2700, 2700, 280, 240, 280, 240, 8130, 8130, 3330, 10980, 10980, 50, 50, 1390, 1390, 1210, 1210, 330, 880, 880, 40, 40, 2440, 50, 50, 1970, 760, 760, 160, 190, 190, 160, 100, 100, 3930, 3930, 440, 440, 670, 670, 260, 260, 160, 160, 1780, 1780, 150, 150, 3230, 3230, 6690, 6690, 540, 540]"
2020-10-24 23:35:00+00:00,141330,1,79.0,"[110, 110, 670, 670, 2500, 2500, 2940, 2940, 290, 180, 180, 60, 60, 1820, 2690, 2690, 7350, 610, 610, 7350, 570, 570, 1220, 1220, 10920, 10920, 990, 990, 1830, 1830, 990, 990, 570, 570, 5970, 5970, 1430, 1430, 440, 440, 4440, 4440, 2000, 2000, 1110, 1110, 10, 10, 250, 250, 1030, 1030, 260, 260, 370, 370, 390, 390, 2160, 2160, 1870, 1870, 2550, 2550, 2700, 80, 2700, 80, 3690, 3690, 2310, 2310, 100, 100, 60, 60, 180, 180]"
2020-10-24 23:40:00+00:00,80200,0,58.0,"[2950, 2950, 1170, 1170, 780, 780, 110, 110, 90, 90, 6810, 6810, 100, 100, 2520, 2520, 750, 750, 9100, 9100, 570, 1520, 1520, 50, 50, 5010, 5010, 10, 10, 100, 100, 330, 330, 440, 190, 190, 0, 0, 210, 210, 450, 160, 160, 2500, 0, 0, 30, 30, 3140, 3140, 210, 210, 370, 370, 2080, 2080, 330, 330]"
2020-10-24 23:45:00+00:00,238600,2,69.0,"[1020, 1020, 17150, 8420, 8420, 510, 510, 810, 810, 1820, 1820, 90, 90, 220, 220, 5110, 5110, 50, 50, 5110, 5110, 270, 270, 170, 170, 10, 10, 180, 180, 1050, 1050, 190, 190, 140, 140, 10420, 10420, 650, 650, 1300, 1300, 20, 20, 2270, 2270, 700, 700, 120, 120, 20130, 20130, 2270, 640, 2270, 640, 600, 2720, 600, 10, 6020, 6020, 180, 12210, 180, 12210, 1020, 1020]"
2020-10-24 23:50:00+00:00,170770,0,67.0,"[580, 580, 1180, 1180, 590, 90, 90, 580, 580, 880, 880, 100, 280, 280, 40, 40, 930, 930, 260, 260, 2240, 2240, 6620, 510, 510, 420, 420, 7290, 7290, 1110, 1110, 800, 1190, 1190, 7740, 7740, 920, 920, 1600, 1600, 80, 80, 370, 370, 170, 70, 70, 170, 200, 200, 540, 540, 1380, 1380, 350, 350, 2020, 2020, 850, 850, 250, 250, 180, 47000, 47000, 120, 120]"
2020-10-24 23:55:00+00:00,132480,0,62.0,"[13110, 13110, 6470, 6470, 6470, 2290, 2290, 310, 310, 70, 70, 340, 340, 5730, 5730, 2050, 2050, 260, 260, 270, 20, 20, 1410, 1410, 7590, 7590, 50, 50, 120, 2620, 2620, 130, 130, 970, 970, 3050, 3050, 40, 40, 4300, 4300, 50, 50, 1120, 1120, 450, 450, 20, 20, 30, 30, 1480, 1480, 5320, 1630, 1630, 160, 160, 2570, 2570, 1830, 1830]"
2020-10-25 00:00:00+00:00,210460,0,80.0,"[7580, 420, 7580, 420, 60, 60, 2770, 2770, 950, 950, 3340, 3340, 470, 19040, 19040, 12670, 3620, 3620, 50, 190, 200, 200, 1760, 1760, 360, 360, 2560, 2560, 840, 840, 3630, 3630, 1280, 350, 4090, 4090, 2800, 2800, 490, 1330, 1330, 1760, 1760, 70, 70, 8800, 600, 600, 18140, 18140, 180, 180, 360, 360, 2800, 2800, 500, 500, 280, 280, 80, 2250, 80, 2250, 20, 20, 7390, 7390, 170, 710, 170, 710, 0, 0, 940, 940, 1290, 1290, 190, 190]"
2020-10-25 00:05:00+00:00,259110,2,63.0,"[5330, 50960, 5330, 50960, 100, 100, 170, 170, 100, 100, 40, 990, 990, 13110, 13110, 12520, 12520, 550, 400, 550, 400, 12520, 12520, 30, 100, 750, 750, 160, 160, 150, 150, 40, 40, 150, 150, 4030, 4030, 150, 150, 700, 700, 190, 190, 30, 70, 30, 7850, 20, 20, 10, 10, 11190, 11190, 330, 330, 1900, 1900, 5470, 5470, 3130, 3130, 360, 360]"
2020-10-25 00:10:00+00:00,210650,0,76.0,"[7340, 7340, 220, 220, 180, 180, 2770, 10, 10, 4260, 4260, 390, 390, 160, 160, 70, 70, 910, 760, 910, 760, 1430, 1430, 4870, 4870, 1050, 1050, 27490, 27490, 40, 40, 8410, 80, 80, 100, 100, 3840, 3840, 11840, 11840, 8560, 8560, 980, 980, 320, 320, 400, 400, 870, 870, 2720, 2720, 1070, 1070, 1830, 1830, 680, 2060, 680, 40, 40, 30, 12560, 12560, 1300, 1300, 140, 140, 830, 830, 450, 450, 580, 580, 320, 320]"
2020-10-25 00:15:00+00:00,325190,0,52.0,"[780, 780, 6660, 6660, 170, 170, 3160, 3160, 1760, 15740, 15740, 5670, 5670, 2710, 2710, 4240, 4240, 1100, 1100, 2790, 2790, 4480, 4480, 10540, 10540, 1820, 1820, 140, 140, 280, 4570, 4570, 350, 1250, 1250, 550, 550, 60, 60, 83240, 83240, 1880, 1880, 580, 580, 6580, 6580, 5200, 60, 60, 30, 30]"
2020-10-25 00:20:00+00:00,204150,2,77.0,"[310, 20, 20, 1270, 1270, 9500, 9500, 400, 400, 10110, 10110, 150, 150, 860, 860, 470, 470, 1820, 350, 350, 1820, 860, 860, 2600, 2600, 250, 250, 4390, 50, 50, 4390, 3140, 3140, 420, 420, 6980, 6980, 310, 310, 3570, 3570, 70, 70, 1120, 1120, 2090, 2090, 2780, 2780, 14480, 14480, 1010, 60, 60, 1010, 24890, 24890, 40, 40, 640, 640, 300, 300, 20, 270, 270, 360, 360, 10, 10, 110, 110, 20, 1600, 1600]"
2020-10-25 00:25:00+00:00,136950,0,49.0,"[2840, 120, 120, 730, 730, 3490, 3490, 350, 350, 190, 190, 13380, 13380, 3140, 3140, 30, 30, 130, 130, 60, 60, 20, 160, 160, 100, 100, 1580, 1580, 1870, 110, 110, 10170, 10170, 1030, 1030, 60, 60, 6810, 6810, 470, 470, 21800, 21800, 140, 140, 2010, 2010, 50, 50]"
2020-10-25 00:30:00+00:00,283560,2,55.0,"[3080, 3080, 1380, 1380, 6520, 6520, 320, 320, 1140, 1140, 1640, 580, 1760, 1760, 12420, 12420, 200, 200, 12550, 12550, 620, 620, 1520, 1520, 60, 60, 360, 360, 540, 540, 12100, 6260, 6260, 190, 10, 10, 300, 300, 190, 190, 100, 100, 970, 870, 870, 1530, 1530, 5110, 5110, 71900, 71900, 660, 660, 4640, 4640]"
2020-10-25 00:35:00+00:00,210100,2,97.0,"[420, 420, 440, 440, 1070, 1070, 2920, 20, 20, 4150, 4150, 90, 90, 4000, 4000, 34190, 34190, 250, 490, 5950, 5950, 640, 640, 4490, 4490, 240, 240, 4390, 4390, 1680, 1680, 460, 460, 0, 0, 270, 270, 4560, 70, 4560, 70, 1160, 1160, 1430, 650, 1430, 650, 160, 160, 1430, 1430, 730, 730, 2010, 2010, 590, 590, 70, 70, 120, 120, 9180, 9180, 580, 580, 160, 620, 160, 620, 650, 650, 4520, 4520, 120, 120, 80, 80, 20, 20, 650, 650, 1760, 2900, 1760, 2900, 4340, 4340, 920, 920, 40, 40, 390, 390, 290, 290, 520, 520]"
2020-10-25 00:40:00+00:00,693930,6,116.0,"[430, 430, 23650, 23650, 10, 10, 300, 300, 120, 120, 820, 820, 20, 20, 3590, 180, 180, 6770, 6770, 1460, 1460, 200, 200, 360, 360, 58870, 58870, 10, 10, 60070, 60070, 830, 830, 20, 11350, 11350, 620, 620, 80, 560, 560, 80, 140, 140, 420, 180, 180, 3610, 430, 430, 3550, 3550, 60, 60, 14790, 14790, 1260, 920, 920, 1260, 1180, 1180, 80, 60, 60, 80, 110, 110, 1720, 1720, 11130, 11130, 280, 280, 100, 100, 15520, 15520, 3380, 3380, 990, 990, 110, 110, 190, 4300, 190, 4300, 30, 610, 10960, 10960, 10, 80, 10, 80, 420, 2280, 2280, 1140, 1140, 110, 110, 35390, 880, 880, 5920, 30270, 30270, 830, 960, 830, 22520, 22520]"
2020-10-25 00:45:00+00:00,557400,2,157.0,"[220, 100, 880, 100, 220, 880, 20, 20, 1400, 1400, 500, 500, 610, 610, 680, 680, 480, 480, 9450, 9450, 2720, 2710, 2710, 2720, 22480, 22480, 170, 940, 850, 850, 2880, 2880, 55970, 55970, 770, 770, 40, 40, 80, 80, 170, 170, 4130, 4130, 60, 410, 410, 60, 880, 880, 210, 210, 850, 850, 15220, 4290, 15220, 4290, 50, 50, 2480, 2480, 780, 780, 2040, 1080, 220, 2040, 3060, 22480, 22480, 120, 120, 160, 160, 390, 3380, 3380, 80, 80, 30, 30, 2370, 2370, 1320, 1320, 730, 730, 18000, 18000, 420, 10, 420, 10, 20, 20, 1490, 1240, 1240, 340, 340, 3030, 3030, 10, 680, 680, 160, 40, 40, 7080, 7080, 30, 30, 620, 620, 13620, 13620, 60, 60, 120, 120, 2780, 2780, 2010, 2010, 320, 320, 240, 240, 490, 490, 980, 730, 730, 5560, 2910, 2910, 680, 70, 680, 2080, 2080, 0, 0, 41370, 41370, 260, 2000, 260, 2000, 50, 560, 560, 200, 200]"
2020-10-25 00:50:00+00:00,411720,2,213.0,"[460, 140, 75200, 140, 2020, 2020, 0, 0, 6940, 6940, 1370, 3010, 3010, 250, 250, 2080, 2400, 1230, 4150, 120, 920, 120, 180, 140, 180, 4880, 170, 4880, 2220, 70, 70, 120, 120, 1030, 1510, 1410, 540, 810, 620, 3220, 1410, 1410, 60, 4520, 70, 70, 260, 110, 260, 30, 3890, 350, 3890, 350, 40, 280, 280, 8560, 8560, 210, 1370, 4410, 4410, 2930, 30, 0, 0, 490, 180, 2650, 190, 2650, 190, 1280, 1280, 460, 50, 50, 1200, 1200, 2050, 2050, 160, 70, 70, 990, 910, 1280, 1280, 440, 2240, 2240, 2320, 2320, 1400, 20, 20, 10, 2550, 2910, 600, 2100, 410, 1230, 410, 180, 180, 270, 270, 710, 710, 10, 10, 1880, 90, 660, 660, 13420, 13420, 1400, 1400, 1710, 1710, 110, 4080, 4080, 480, 230, 2850, 2850, 80, 80, 450, 450, 1740, 870, 90, 9320, 9320, 140, 140, 200, 190, 30, 1000, 30, 1000, 9320, 280, 280, 740, 230, 230, 740, 5030, 800, 800, 30, 1670, 1670, 30, 4200, 4200, 3040, 3040, 7740, 7740, 350, 310, 1780, 1780, 100, 100, 2520, 70, 70, 230, 5530, 5530, 1400, 220, 220, 20, 20, 880, 880, 290, 760, 2340, 230, 230, 5790, 5790, 30, 520, 380, 380, 1160, 1440, 1440, 1160, 710, 10, 10, 180, 180, 1260, 500, 3760, 1290, 1590, 1590, 1730]"
2020-10-25 00:55:00+00:00,599260,3,170.0,"[620, 620, 40, 40, 240, 240, 17450, 17450, 330, 330, 2400, 70, 70, 960, 940, 5790, 5790, 1370, 1370, 4520, 24090, 2450, 2450, 530, 530, 300, 300, 3510, 3510, 0, 1420, 1420, 50, 50, 2360, 2360, 140, 140, 60, 19990, 19990, 10, 10, 8460, 8460, 23100, 23100, 40, 160, 160, 450, 450, 30360, 160, 450, 510, 9880, 210, 9880, 210, 60, 60, 10, 2850, 5280, 5280, 250, 250, 740, 160, 160, 12590, 1690, 1690, 12590, 10, 2020, 460, 460, 2020, 4700, 4700, 40, 40, 10, 10, 3550, 3550, 1850, 1270, 1270, 10, 29440, 29440, 7160, 4280, 4280, 270, 270, 550, 100, 7760, 20, 690, 690, 7760, 10, 60, 60, 1190, 1190, 220, 220, 250, 250, 1280, 320, 320, 410, 410, 0, 0, 50, 50, 2720, 2720, 2360, 4030, 4030, 80, 290, 1100, 1100, 1170, 1170, 170, 170, 4350, 4350, 18970, 18970, 4030, 4030, 10, 10, 610, 610, 580, 580, 2790, 2790, 1930, 1930, 4050, 4050, 490, 490, 1470, 1470, 9870, 4340, 4340, 20, 20, 110, 110, 11920, 11920, 290]"
2020-10-25 01:00:00+00:00,446260,2,176.0,"[360, 360, 5920, 5920, 13720, 13720, 10, 10, 740, 1150, 1150, 220, 220, 6820, 6820, 1630, 1630, 510, 510, 330, 330, 400, 400, 80, 80, 750, 240, 240, 830, 830, 2460, 2460, 270, 270, 460, 460, 50, 50, 100, 6720, 6720, 2250, 100, 2250, 1930, 1930, 90, 90, 60, 60, 1620, 15210, 15210, 3710, 260, 260, 60, 60, 3540, 3540, 220, 10, 220, 10, 9710, 9710, 1400, 1400, 30, 30, 710, 310, 310, 30, 1860, 1860, 8120, 8120, 2540, 14660, 14660, 800, 1520, 1520, 7350, 7350, 20, 20, 1530, 1530, 3650, 3650, 1220, 1220, 340, 330, 330, 240, 240, 90, 90, 50, 50, 820, 820, 50, 2940, 2940, 920, 920, 120, 120, 450, 120, 450, 750, 750, 560, 560, 5680, 5680, 5370, 5370, 13120, 13120, 440, 360, 260, 260, 360, 130, 130, 100, 3090, 100, 3090, 580, 120, 290, 290, 20, 20, 3170, 3170, 900, 330, 330, 30, 30, 10210, 10210, 2810, 9770, 9770, 760, 760, 70, 70, 18400, 18400, 290, 10, 2050, 2050, 90, 90, 12730, 12730, 20, 2900, 2900, 20, 0, 0, 1340, 1340]"
2020-10-25 01:05:00+00:00,554630,0,158.0,"[130, 130, 740, 1480, 480, 480, 1480, 960, 960, 2540, 1190, 2540, 80, 1330, 80, 280, 280, 3250, 9180, 9180, 160, 160, 1000, 890, 890, 330, 330, 20, 40, 7140, 7140, 260, 260, 4170, 4170, 1400, 340, 340, 330, 190, 20, 850, 850, 2080, 3920, 3920, 2080, 420, 420, 50, 50, 640, 640, 1000, 570, 2410, 570, 2410, 220, 220, 5820, 1430, 1430, 80, 80, 2320, 1110, 1110, 2030, 270, 1920, 1920, 3090, 6020, 6020, 5820, 5820, 1170, 1170, 160, 160, 8510, 230, 230, 8510, 50, 580, 580, 1260, 1600, 1600, 240, 1990, 240, 1990, 260, 690, 260, 690, 380, 380, 100, 100, 2040, 2040, 480, 480, 2360, 2360, 340, 340, 5980, 28660, 5980, 1010, 1010, 710, 74360, 74360, 710, 580, 580, 5520, 5520, 6980, 3920, 350, 350, 3920, 3780, 3780, 1860, 800, 800, 1860, 220, 1940, 1940, 10140, 10140, 2060, 2060, 100, 100, 930, 930, 240, 240, 4940, 4940, 20, 39510, 39510, 4840, 4840, 140, 5970, 5970]"
2020-10-25 01:10:00+00:00,462590,2,143.0,"[80, 80, 2370, 2370, 220, 120, 220, 120, 11330, 11330, 160, 160, 7600, 7600, 9640, 9640, 7810, 7810, 1100, 1100, 240, 240, 1920, 1920, 2690, 70, 2690, 70, 550, 550, 60, 60, 70, 440, 440, 2920, 2920, 3090, 3090, 20, 20, 1320, 8340, 8340, 720, 720, 3560, 3560, 880, 2590, 2590, 1920, 260, 1920, 260, 1340, 1340, 34580, 34580, 820, 820, 1830, 860, 860, 230, 230, 170, 4750, 4750, 170, 410, 410, 3360, 3360, 980, 980, 810, 810, 30, 1120, 30, 1120, 11220, 11220, 240, 240, 220, 220, 3690, 3690, 8150, 20, 20, 15820, 15820, 40, 40, 340, 340, 3710, 3710, 2640, 2640, 850, 850, 850, 850, 1480, 6120, 6120, 1480, 2540, 31730, 31730, 300, 3530, 3530, 0, 1060, 1060, 0, 1120, 1120, 2360, 2360, 4360, 4360, 40, 4390, 4390, 40, 0, 0, 3640, 3640, 630, 630, 60, 60, 230, 230, 4080, 4080]"
2020-10-25 01:15:00+00:00,375650,1,161.0,"[2230, 13410, 40, 10, 10, 160, 4060, 720, 720, 850, 850, 2300, 310, 2300, 170, 170, 290, 2410, 290, 2410, 420, 2230, 2230, 130, 60, 60, 100, 100, 70, 240, 240, 1380, 1380, 1580, 2920, 2920, 360, 360, 40, 790, 40, 7670, 7670, 1440, 1440, 1040, 1040, 5000, 5000, 5410, 5410, 50, 50, 3110, 1770, 3110, 170, 170, 70, 70, 330, 330, 70, 70, 3760, 1440, 1440, 750, 750, 270, 270, 20, 20, 1660, 1660, 80, 80, 40, 40, 710, 710, 10, 10, 20, 20, 4200, 4200, 2510, 2510, 240, 240, 170, 490, 490, 340, 70, 120, 120, 30, 40, 40, 290, 290, 1370, 290, 290, 140, 140, 410, 390, 410, 390, 860, 860, 220, 220, 90, 110, 110, 450, 290, 450, 320, 320, 450, 330, 330, 360, 360, 530, 530, 620, 620, 24700, 24700, 740, 100, 100, 3960, 3960, 1930, 340, 1930, 340, 410, 4060, 4060, 1820, 1820, 460, 5590, 5590, 130, 130, 250, 250, 1490, 420, 420]"
2020-10-25 01:20:00+00:00,279740,0,149.0,"[1120, 2610, 60, 60, 50, 50, 3610, 3610, 1800, 220, 220, 1800, 160, 160, 170, 170, 20, 290, 570, 570, 850, 6110, 6110, 620, 2690, 620, 2690, 90, 90, 490, 490, 4520, 4520, 4900, 4900, 1200, 1200, 2200, 2200, 760, 760, 30, 30, 3270, 3270, 2640, 2640, 70, 150, 150, 730, 730, 300, 300, 3710, 3710, 540, 540, 660, 660, 2620, 2620, 60, 60, 80, 80, 1500, 1500, 1060, 1060, 320, 320, 3290, 3290, 1210, 1210, 110, 660, 110, 660, 60, 2760, 2760, 2720, 460, 4720, 2720, 4720, 210, 210, 40, 480, 620, 1310, 1310, 620, 1420, 1420, 0, 0, 0, 0, 50, 50, 12560, 12560, 60, 60, 20, 6060, 20, 6060, 1040, 1040, 10, 10, 60, 60, 730, 730, 10090, 10090, 130, 130, 120, 1470, 1470, 980, 980, 400, 280, 280, 2280, 2280, 580, 840, 4940, 840, 840, 4240, 4240, 340, 340, 2380, 2380, 290, 290]"
2020-10-25 01:25:00+00:00,467610,2,170.0,"[3040, 3040, 590, 590, 210, 210, 1840, 1840, 3620, 3620, 20, 20, 520, 520, 90, 2060, 2060, 10590, 90, 2770, 10590, 50, 640, 640, 670, 670, 10, 10, 9700, 9700, 9760, 9760, 290, 290, 1030, 1030, 2760, 2760, 500, 500, 460, 80, 80, 460, 1840, 1840, 4940, 4940, 11450, 20870, 2800, 2800, 550, 550, 860, 3780, 3780, 3100, 3100, 4510, 4510, 3840, 3840, 80, 3160, 3160, 80, 170, 170, 80, 80, 1840, 1840, 6640, 6640, 960, 960, 430, 430, 110, 460, 460, 100, 100, 5070, 5070, 200, 4020, 200, 4020, 1960, 4440, 16170, 300, 16170, 4440, 300, 0, 170, 170, 5070, 5070, 3830, 3830, 110, 110, 230, 230, 660, 660, 140, 90, 90, 140, 130, 130, 9300, 40, 3660, 3660, 40, 0, 550, 550, 8510, 8510, 4770, 8460, 8460, 4770, 1220, 1220, 80, 80, 4130, 4230, 4230, 180, 180, 14440, 14440, 3620, 3620, 970, 900, 900, 60, 60, 590, 590, 310, 310, 1450, 1450, 180, 180, 640, 13700, 13700, 480, 80, 80, 30, 30, 80, 80, 1040, 1040]"
2020-10-25 01:30:00+00:00,355000,0,141.0,"[3670, 3670, 340, 340, 1800, 1800, 0, 0, 900, 900, 29220, 29220, 2430, 2430, 1470, 200, 200, 5300, 5300, 170, 2780, 2780, 220, 220, 600, 170, 170, 2980, 2980, 980, 980, 580, 6940, 6940, 570, 570, 60, 60, 1940, 1940, 1710, 1710, 20, 20, 150, 150, 23150, 23150, 790, 20, 20, 340, 340, 60, 550, 550, 700, 1240, 90, 90, 1240, 700, 250, 250, 2760, 2760, 6060, 6060, 1440, 1440, 9990, 9990, 710, 710, 570, 20, 450, 450, 6500, 6500, 510, 5300, 5300, 140, 140, 580, 580, 100, 100, 5570, 5570, 90, 90, 260, 260, 10, 10, 140, 140, 1570, 990, 990, 8020, 20, 8020, 50, 1540, 10, 1540, 10, 3600, 17690, 3600, 1250, 1250, 60, 60, 7780, 7780, 80, 80, 1440, 1440, 1570, 1570, 1450, 1450, 200, 200, 1070, 1070, 3570, 3570, 120, 120, 1780, 1780, 350, 350, 1750, 1750]"
2020-10-25 01:35:00+00:00,347800,1,91.0,"[30580, 30580, 180, 180, 740, 740, 430, 430, 440, 150, 150, 850, 850, 3370, 3370, 60, 60, 480, 200, 200, 6570, 4160, 6570, 0, 0, 2030, 2030, 170, 170, 220, 2820, 3610, 3610, 470, 7700, 3450, 3450, 5810, 5810, 5810, 5810, 1370, 930, 930, 1510, 1730, 1710, 1710, 3300, 3300, 1430, 1430, 950, 950, 5850, 5850, 620, 810, 810, 800, 4450, 120, 120, 3220, 920, 3220, 920, 900, 900, 350, 60, 60, 20, 20, 150, 150, 5680, 5680, 70, 70, 660, 660, 70, 70, 0, 0, 640, 3680, 3680, 90]"
2020-10-25 01:40:00+00:00,411370,0,116.0,"[2520, 2520, 2460, 2460, 0, 0, 0, 0, 21610, 150, 150, 3400, 3400, 8550, 8550, 40, 40, 3550, 3550, 3100, 3100, 3160, 3160, 180, 180, 680, 680, 3440, 3440, 290, 290, 1650, 1650, 6110, 6110, 2020, 880, 880, 6500, 6500, 620, 620, 1320, 1320, 1720, 1720, 140, 560, 560, 90, 2220, 2220, 3330, 1450, 1450, 1060, 1060, 3670, 3670, 7890, 7890, 30, 30, 370, 370, 4590, 4830, 4590, 10, 10, 200, 200, 2090, 2090, 950, 950, 380, 380, 2770, 2770, 6250, 6250, 170, 170, 1500, 29100, 1500, 29100, 350, 350, 270, 270, 2570, 400, 1680, 1680, 4420, 25740, 4420, 25740, 50, 50, 3170, 4790, 4790, 230, 230, 25740, 25740, 11130, 2110, 2110, 60, 60, 20, 20]"
2020-10-25 01:45:00+00:00,334720,1,118.0,"[150, 150, 300, 4220, 4220, 300, 29100, 29100, 710, 710, 2330, 2330, 1320, 1320, 80, 80, 160, 1700, 160, 1340, 140, 140, 20, 20, 620, 660, 570, 570, 480, 480, 30, 1770, 1770, 30, 9160, 9160, 20, 60, 60, 2760, 6290, 6290, 550, 550, 10, 10, 19890, 170, 4250, 2250, 2250, 4760, 4760, 880, 80, 880, 80, 480, 80, 480, 40, 40, 2910, 2910, 210, 210, 1290, 1290, 1960, 1960, 460, 1360, 1360, 130, 11550, 11550, 200, 200, 1690, 1690, 20, 20, 1300, 1300, 130, 180, 180, 2900, 1980, 1980, 390, 3780, 2370, 2370, 10, 4510, 4510, 3900, 2770, 1570, 1570, 2770, 210, 210, 1070, 5700, 5700, 8910, 8910, 30, 3340, 3340, 680, 680, 40]"
2020-10-25 01:50:00+00:00,408050,0,105.0,"[40, 40, 26530, 26530, 4410, 4410, 21120, 21120, 610, 610, 430, 430, 4230, 4230, 4000, 4000, 160, 160, 280, 280, 14460, 14460, 240, 240, 17310, 17310, 1750, 1750, 180, 250, 250, 3150, 2100, 510, 510, 120, 120, 630, 630, 110, 2340, 120, 120, 4210, 4210, 3140, 3140, 40, 2660, 4770, 4770, 1850, 1850, 930, 930, 150, 450, 450, 21680, 21680, 0, 90, 320, 320, 4010, 70, 70, 570, 440, 440, 3440, 3440, 550, 550, 5930, 5930, 120, 120, 5810, 5810, 60, 440, 640, 6730, 270, 270, 1820, 1820, 3350, 3350, 0, 1240, 0, 1240, 1830, 1830, 22440, 22440, 580, 9180, 9180, 800, 800, 260, 260]"
2020-10-25 01:55:00+00:00,244940,0,131.0,"[2780, 2780, 760, 760, 1770, 1770, 3260, 3260, 350, 350, 930, 700, 2400, 2400, 350, 350, 16460, 16460, 3810, 3810, 1200, 1200, 640, 640, 10130, 60, 10130, 60, 10, 100, 100, 160, 160, 120, 120, 320, 320, 2660, 2660, 10180, 10180, 100, 4670, 4670, 560, 20, 20, 7390, 7390, 1120, 1120, 80, 80, 610, 610, 11560, 20, 20, 650, 650, 3720, 3720, 740, 740, 1250, 1250, 320, 320, 120, 120, 80, 440, 80, 440, 740, 740, 90, 3660, 3660, 20, 690, 690, 410, 410, 1600, 130, 130, 230, 1160, 10, 10, 100, 100, 1440, 1440, 650, 650, 410, 410, 690, 690, 520, 520, 90, 90, 70, 40, 40, 280, 2220, 2220, 0, 0, 40, 20, 160, 2780, 2780, 1170, 1170, 790, 790, 6870, 6870, 21970, 100, 100, 400, 400, 70, 70]"
2020-10-25 02:00:00+00:00,536460,0,130.0,"[3350, 3350, 200, 1020, 1020, 600, 600, 180, 180, 130, 130, 20, 6730, 6730, 5270, 5270, 20500, 20500, 210, 210, 590, 590, 90, 90, 3960, 3960, 890, 760, 760, 100, 100, 510, 10, 10, 510, 290, 640, 640, 90, 4890, 4890, 230, 230, 610, 610, 80, 80, 2660, 5380, 380, 380, 800, 800, 880, 250, 880, 250, 22220, 1730, 390, 390, 390, 390, 0, 0, 13470, 13470, 700, 700, 2910, 2910, 970, 970, 1230, 1230, 2350, 2350, 3730, 3730, 100, 21510, 21510, 450, 2350, 2350, 90, 90, 1170, 1170, 30, 30, 700, 30, 30, 260, 260, 700, 700, 330, 330, 0, 0, 960, 8590, 550, 8590, 5140, 5140, 1890, 1890, 150, 150, 160, 160, 2950, 2950, 15280, 2500, 15280, 2500, 6400, 6400, 270, 270, 670, 670, 530, 530]"
2020-10-25 02:05:00+00:00,562920,0,107.0,"[230, 230, 160, 5980, 5980, 190, 190, 1350, 2940, 2940, 2450, 2450, 400, 400, 400, 400, 6870, 6870, 80, 80, 30, 30, 5980, 5980, 69500, 69500, 1200, 1200, 3430, 3430, 400, 2590, 400, 2590, 480, 480, 280, 100, 100, 27590, 27590, 460, 460, 1560, 1560, 6380, 6380, 3780, 3780, 1560, 1560, 6920, 6920, 30, 890, 890, 35820, 35820, 750, 830, 750, 80, 80, 430, 430, 110, 3480, 3480, 100, 100, 16220, 16220, 90, 760, 760, 10, 10, 1090, 1090, 180, 180, 470, 470, 2290, 2290, 50, 50, 200, 920, 920, 820, 820, 1220, 200, 3210, 3210, 1740, 1740, 330, 330, 41670, 41670, 690, 13840, 13840]"
2020-10-25 02:10:00+00:00,435630,0,134.0,"[3190, 3190, 90, 90, 590, 590, 1820, 850, 850, 1820, 1080, 740, 40, 40, 140, 140, 10180, 10180, 180, 180, 30, 30, 360, 150, 150, 3860, 3860, 25110, 25110, 4240, 4240, 2970, 2970, 700, 70, 700, 70, 2650, 2650, 2080, 2080, 1790, 2530, 2530, 11370, 120, 120, 6090, 6090, 3170, 12130, 3170, 12130, 3360, 3360, 3870, 3870, 390, 390, 390, 390, 40, 840, 840, 1220, 1220, 570, 570, 2320, 2320, 70, 70, 1010, 1010, 70, 70, 680, 1060, 680, 1060, 190, 190, 30, 30, 1540, 1540, 1030, 1030, 8550, 8550, 300, 300, 14340, 14340, 1200, 11110, 1200, 11110, 4920, 4920, 520, 11370, 300, 300, 1260, 1560, 1260, 2650, 2650, 150, 150, 33340, 2290, 33340, 10, 2400, 2400, 1200, 1200, 210, 210, 22700, 270, 270, 80, 80, 40, 40, 350, 350, 1360, 1360, 5250, 5250]"
2020-10-25 02:15:00+00:00,393680,0,138.0,"[310, 310, 160, 430, 430, 160, 50, 50, 4500, 4500, 70, 70, 2450, 11470, 2450, 11470, 740, 740, 1140, 1140, 2320, 2320, 10, 10, 20, 20, 1020, 1020, 3230, 3230, 280, 280, 140, 5550, 140, 5550, 4360, 4360, 1940, 1940, 760, 180, 180, 760, 680, 680, 2530, 60, 60, 2530, 6490, 6490, 380, 380, 190, 190, 100, 100, 7030, 7030, 130, 130, 3120, 3120, 50, 50, 800, 800, 3260, 3260, 7440, 7440, 11250, 11250, 4340, 300, 4340, 300, 70, 4930, 4930, 70, 790, 790, 11430, 11430, 12980, 12980, 1990, 1990, 30, 30, 210, 210, 180, 1390, 1390, 1480, 1480, 870, 870, 160, 160, 3980, 3980, 6120, 6120, 7820, 7820, 35390, 35390, 640, 640, 800, 800, 950, 420, 420, 430, 1360, 5170, 5170, 150, 150, 1070, 3630, 3630, 240, 240, 1650, 1650, 2530, 2530, 70, 20, 20, 640, 640]"
2020-10-25 02:20:00+00:00,362090,0,80.0,"[1100, 5330, 5330, 280, 1660, 1660, 41830, 41830, 210, 210, 640, 640, 20, 20, 90, 90, 670, 670, 520, 520, 360, 360, 3020, 3020, 490, 490, 2110, 20, 20, 860, 860, 5430, 5430, 1390, 1390, 130, 130, 340, 340, 60, 60, 1960, 67260, 67260, 100, 100, 210, 570, 570, 2200, 2200, 930, 930, 4090, 4090, 13580, 13580, 140, 2310, 2310, 0, 6890, 6890, 270, 470, 470, 6460, 6460, 4860, 4860, 940, 940, 680, 680, 3100, 3100, 320, 320, 180, 180]"
2020-10-25 02:25:00+00:00,257390,0,100.0,"[1620, 1620, 4560, 4560, 10, 1620, 1620, 3360, 3360, 870, 870, 450, 880, 880, 3500, 3500, 300, 34140, 300, 34140, 2620, 2620, 5640, 30, 30, 5640, 40, 40, 440, 440, 4980, 4980, 300, 300, 1200, 1200, 640, 640, 640, 1800, 1800, 620, 620, 2020, 2020, 6290, 6290, 80, 80, 9110, 9110, 370, 370, 6720, 6720, 10, 7030, 10, 13020, 13020, 170, 170, 1000, 1000, 30, 30, 160, 160, 110, 1660, 110, 1660, 60, 60, 1170, 1170, 3480, 3480, 120, 120, 940, 940, 110, 110, 6220, 6220, 90, 90, 490, 1030, 490, 1030, 140, 140, 50, 50, 60, 60, 760, 760]"
2020-10-25 02:30:00+00:00,226040,0,96.0,"[210, 1850, 210, 1850, 2260, 2260, 270, 1790, 1790, 460, 460, 70, 70, 80, 80, 7740, 7740, 130, 130, 950, 950, 3240, 3240, 490, 2180, 490, 2180, 10, 10, 140, 140, 14900, 14900, 2040, 50, 2040, 50, 8790, 8790, 1490, 1490, 240, 240, 160, 160, 340, 340, 6800, 6800, 330, 330, 2380, 2380, 3590, 3590, 180, 180, 5500, 5500, 60, 60, 1410, 1410, 120, 120, 630, 870, 870, 820, 820, 550, 550, 380, 380, 1040, 1040, 10630, 10630, 2790, 2790, 11590, 11590, 570, 3390, 570, 3390, 90, 90, 5010, 5010, 950, 950, 1690, 1690, 2220, 2220]"
2020-10-25 02:35:00+00:00,247460,0,84.0,"[5190, 5190, 450, 450, 5080, 5080, 3310, 3310, 1100, 9700, 9700, 60, 5320, 5320, 540, 540, 530, 530, 530, 100, 100, 610, 610, 4880, 4880, 2680, 2680, 70, 70, 2620, 2620, 90, 90, 1240, 1240, 1030, 1030, 2410, 2410, 110, 110, 1150, 1150, 660, 660, 60, 60, 1240, 1240, 160, 160, 130, 130, 60, 60, 720, 720, 1940, 1940, 10, 10, 10, 10, 2850, 2850, 950, 3150, 3150, 1760, 3470, 1760, 3470, 3050, 3050, 44410, 44410, 2440, 2440, 30, 30, 9140, 9140, 10, 10]"
2020-10-25 02:40:00+00:00,334010,0,135.0,"[6330, 6330, 9610, 9610, 340, 340, 5090, 5090, 90, 90, 24080, 24080, 460, 460, 330, 330, 8020, 8020, 17580, 1130, 1130, 180, 180, 2300, 2300, 8310, 8310, 620, 620, 9840, 9840, 1520, 1520, 480, 480, 1310, 1310, 100, 100, 320, 320, 3850, 3850, 2360, 2360, 800, 800, 1360, 1360, 1350, 120, 1350, 120, 170, 170, 3290, 3290, 450, 450, 430, 430, 200, 200, 90, 90, 320, 320, 2320, 7060, 7060, 2320, 20, 20, 970, 970, 350, 350, 250, 860, 130, 1660, 1660, 3630, 3630, 190, 190, 640, 640, 270, 270, 350, 350, 1290, 1290, 110, 60, 110, 130, 8290, 8290, 60, 60, 100, 100, 2220, 2220, 10110, 10110, 8270, 8270, 1470, 1470, 4390, 4390, 10, 10, 10, 10, 1160, 60, 60, 390, 390, 1790, 1790, 4310, 4310, 240, 240, 540, 540, 80, 80, 470, 470]"
2020-10-25 02:45:00+00:00,347750,0,91.0,"[3700, 1350, 1350, 740, 740, 10, 10, 330, 2930, 2930, 110, 110, 10710, 10710, 9970, 1140, 9970, 1140, 11740, 11740, 820, 820, 24910, 24910, 490, 490, 580, 580, 1460, 1460, 120, 120, 100, 100, 25100, 25100, 120, 120, 180, 180, 5210, 5210, 330, 330, 7540, 5810, 5810, 430, 430, 120, 120, 4380, 4380, 230, 230, 6300, 6300, 2850, 2850, 4110, 4110, 250, 250, 270, 270, 220, 220, 240, 290, 290, 240, 1630, 910, 1630, 910, 240, 240, 940, 940, 250, 250, 1240, 1240, 10, 10, 50, 50]"
2020-10-25 02:50:00+00:00,598390,4,143.0,"[310, 310, 820, 820, 1390, 3790, 3790, 15990, 15990, 290, 1160, 1160, 12740, 12150, 12150, 240, 240, 80, 80, 460, 460, 2070, 2070, 5360, 5360, 6770, 6770, 60, 60, 140, 360, 360, 1810, 1810, 40, 40, 460, 460, 12760, 12760, 530, 530, 3460, 3460, 360, 360, 1820, 1820, 11410, 11410, 320, 320, 3980, 3980, 5410, 5410, 240, 240, 18360, 18360, 710, 710, 420, 420, 20, 5300, 20, 5300, 190, 190, 3700, 3700, 540, 540, 2700, 2700, 460, 460, 70, 70, 2670, 510, 2670, 46070, 7730, 7730, 46070, 170, 170, 460, 980, 980, 920, 920, 70, 70, 380, 380, 40, 40, 30, 30, 6100, 6100, 1720, 1720, 370, 370, 60, 60, 150, 150, 3320, 3320, 120, 120, 2600, 2600, 4150, 4150, 130, 130, 8090, 8090, 240, 240, 640, 640, 180, 1460, 120, 120, 40, 4530, 4530, 110, 110, 4130, 4130, 20, 20]"
2020-10-25 02:55:00+00:00,184330,0,146.0,"[110, 110, 90, 90, 540, 540, 890, 890, 220, 220, 500, 500, 2330, 2330, 460, 460, 320, 320, 620, 620, 220, 220, 70, 70, 7810, 7810, 1460, 1460, 120, 120, 120, 120, 100, 100, 1750, 500, 500, 290, 290, 90, 90, 440, 440, 780, 780, 1830, 1830, 1480, 1480, 10440, 580, 580, 640, 640, 1040, 1040, 80, 80, 160, 160, 580, 580, 930, 930, 3770, 3770, 80, 80, 1630, 1630, 1600, 1600, 10, 10, 60, 60, 140, 140, 320, 320, 1100, 3100, 3100, 400, 400, 6100, 6100, 3680, 3680, 230, 230, 50, 50, 3760, 3760, 1960, 1960, 2580, 2580, 610, 440, 440, 610, 3650, 3650, 1110, 80, 1110, 100, 100, 1180, 1180, 60, 60, 930, 930, 2440, 2440, 830, 830, 370, 370, 480, 480, 120, 610, 120, 2580, 2580, 80, 300, 80, 300, 240, 240, 9700, 9700, 100, 100, 770, 340, 340, 270, 270]"
2020-10-25 03:00:00+00:00,203740,0,124.0,"[190, 3030, 3030, 10, 10, 10, 10, 40, 40, 80, 80, 2010, 2010, 20, 1170, 1170, 20, 90, 1790, 1790, 2670, 2670, 300, 300, 160, 160, 240, 3540, 3540, 1170, 1170, 470, 470, 8800, 160, 160, 490, 490, 140, 540, 540, 760, 760, 1200, 6300, 1200, 6300, 160, 300, 300, 860, 20, 20, 290, 290, 10, 10, 3930, 3930, 220, 220, 5880, 5880, 8680, 8680, 110, 110, 180, 180, 7770, 7770, 80, 820, 820, 2050, 2050, 50, 50, 30, 330, 330, 30, 80, 80, 160, 410, 410, 230, 230, 20, 20, 13710, 13710, 30, 30, 8160, 8160, 1970, 1970, 700, 210, 210, 10, 10, 700, 700, 5330, 5330, 2080, 2080, 20, 20, 1010, 1010, 70, 70, 20, 20, 60, 60, 1410, 1410]"
2020-10-25 03:05:00+00:00,478810,4,109.0,"[3020, 3020, 210, 210, 220, 120, 120, 180, 190, 190, 610, 3540, 270, 420, 420, 300, 300, 14720, 14720, 1340, 200, 200, 1340, 23240, 23240, 230, 230, 2020, 2020, 100, 100, 320, 820, 160, 160, 3110, 2190, 2190, 400, 400, 930, 930, 400, 400, 2510, 2510, 360, 560, 560, 3540, 3540, 90, 90, 30, 30, 270, 270, 1640, 1640, 110, 110, 30, 30, 70, 90, 90, 2840, 2840, 460, 920, 920, 270, 270, 580, 580, 2920, 2920, 370, 370, 40, 40, 1150, 10050, 10050, 1800, 1800, 7040, 7040, 140, 140, 230, 230, 600, 90, 90, 600, 1940, 1940, 910, 910, 1060, 1060, 0, 42550, 42550, 22290, 22290]"
2020-10-25 03:10:00+00:00,282090,0,122.0,"[13810, 13810, 90, 90, 10010, 10010, 10, 10, 770, 770, 1210, 1210, 580, 580, 180, 180, 60, 60, 580, 580, 1200, 1200, 160, 160, 220, 220, 1210, 1210, 9240, 9240, 13870, 13870, 340, 340, 180, 9530, 9530, 940, 940, 30, 30, 1770, 1770, 260, 260, 1210, 1210, 140, 140, 510, 510, 180, 180, 80, 80, 60, 60, 630, 630, 1570, 240, 240, 470, 470, 170, 170, 80, 80, 2590, 2590, 680, 50, 680, 50, 400, 400, 160, 160, 410, 410, 3870, 3870, 450, 450, 3310, 3310, 2610, 2610, 300, 300, 120, 120, 2910, 2910, 160, 160, 10680, 10680, 3050, 3050, 700, 700, 2830, 2830, 100, 100, 660, 660, 8220, 8220, 170, 450, 170, 450, 460, 460, 110, 110, 24840, 24840, 40, 40]"
2020-10-25 03:15:00+00:00,172250,2,106.0,"[3820, 3820, 170, 170, 320, 320, 50, 3990, 3990, 2590, 2590, 6770, 6770, 150, 150, 210, 210, 600, 600, 130, 130, 400, 400, 320, 320, 810, 810, 360, 360, 320, 320, 80, 80, 3580, 3580, 60, 60, 430, 430, 4340, 4340, 860, 860, 110, 110, 130, 130, 760, 760, 15880, 15880, 780, 780, 440, 440, 310, 310, 820, 820, 4240, 4240, 5330, 5330, 980, 980, 140, 140, 2240, 2240, 2130, 2130, 5430, 5430, 30, 30, 250, 250, 60, 330, 330, 130, 130, 40, 40, 1490, 1490, 7060, 7060, 280, 280, 80, 80, 120, 120, 4120, 4120, 60, 60, 230, 230, 580, 580, 340, 340, 900, 900]"
2020-10-25 03:20:00+00:00,357290,0,97.0,"[120, 210, 120, 740, 740, 920, 920, 8290, 8290, 1170, 1170, 3540, 3540, 120, 320, 120, 320, 4000, 4000, 230, 230, 1100, 1100, 1460, 1460, 20, 20, 270, 270, 70, 70, 37080, 37080, 10150, 10150, 240, 240, 20, 20, 700, 700, 77460, 830, 830, 77460, 140, 140, 10450, 3490, 3490, 100, 190, 190, 1440, 1440, 2100, 2100, 2860, 160, 160, 2920, 2920, 550, 550, 220, 220, 920, 920, 710, 710, 510, 510, 90, 90, 0, 0, 5210, 5210, 630, 630, 40, 40, 140, 140, 2800, 2800, 520, 520, 120, 20, 40, 40, 50, 0, 0, 70, 70]"
2020-10-25 03:25:00+00:00,326720,0,158.0,"[450, 450, 160, 170, 170, 160, 170, 4970, 1180, 4970, 170, 1180, 20, 20, 320, 11110, 320, 11110, 60, 60, 2480, 2480, 7100, 120, 120, 30, 50, 50, 70, 70, 20, 20, 430, 430, 60, 60, 650, 650, 7530, 7530, 230, 230, 30, 30, 20, 20, 170, 170, 310, 310, 20, 20, 410, 410, 2140, 2140, 20, 20, 40660, 2460, 40660, 80, 80, 30, 30, 350, 350, 70, 3900, 70, 3900, 150, 150, 520, 520, 150, 32950, 32950, 150, 450, 450, 1090, 1090, 2600, 2600, 40, 460, 2500, 730, 730, 2500, 460, 0, 3180, 0, 3180, 780, 140, 780, 140, 110, 110, 500, 500, 120, 150, 150, 120, 7330, 500, 500, 7330, 5770, 5770, 640, 640, 670, 670, 3430, 10, 10, 140, 140, 70, 70, 120, 120, 2190, 2190, 10, 10, 2300, 2300, 10, 100, 100, 60, 60, 10, 10, 2170, 440, 2170, 440, 880, 50, 20, 20, 50, 270, 750, 750, 4490, 1580, 4490, 1580, 1790, 1790]"
2020-10-25 03:30:00+00:00,524640,0,157.0,"[1780, 1780, 0, 2130, 2130, 40, 40, 420, 420, 250, 2300, 250, 250, 0, 0, 30, 20, 120, 120, 20, 600, 600, 3000, 3000, 1800, 1800, 2540, 2540, 110, 110, 23010, 23010, 140, 2300, 2300, 60, 60, 4660, 4670, 4670, 500, 500, 970, 970, 860, 860, 2900, 650, 2900, 2460, 2460, 2730, 1500, 180, 1500, 2730, 0, 0, 3940, 3940, 250, 250, 7720, 2110, 2110, 23710, 23710, 9620, 9620, 1190, 1190, 190, 23710, 190, 23710, 780, 780, 1070, 1070, 380, 180, 180, 500, 500, 70, 70, 490, 490, 70, 70, 10, 10, 520, 620, 620, 84120, 84120, 20200, 20200, 130, 130, 100, 100, 970, 970, 230, 230, 3910, 3910, 180, 180, 40, 40, 290, 2470, 950, 950, 20, 20, 1020, 1020, 100, 100, 110, 110, 100, 100, 340, 500, 340, 500, 290, 290, 1170, 120, 3980, 3980, 100, 100, 470, 4470, 470, 4470, 2810, 2810, 80, 80, 450, 90, 2040, 780, 780, 90, 450, 2040, 20, 20]"
2020-10-25 03:35:00+00:00,487790,0,131.0,"[100, 70, 70, 240, 240, 0, 0, 50, 590, 590, 180, 180, 7740, 7740, 1820, 1820, 350, 350, 19030, 19030, 1220, 1220, 4360, 4360, 30, 320, 12510, 100080, 100080, 810, 810, 6140, 6140, 6190, 6190, 990, 990, 2040, 2040, 20, 20, 0, 0, 500, 500, 2200, 2200, 16010, 16010, 4640, 4640, 60, 60, 860, 860, 1450, 1450, 8100, 8100, 290, 1740, 1740, 1100, 1100, 320, 1450, 480, 480, 1450, 230, 230, 190, 190, 370, 370, 30, 30, 1820, 1820, 30, 30, 30, 30, 6600, 1170, 10, 1170, 10, 10, 10, 30, 30, 1090, 1090, 40, 40, 260, 260, 7720, 7720, 1380, 750, 750, 2640, 2640, 9370, 9370, 9910, 9910, 260, 260, 760, 760, 2160, 2160, 1030, 1030, 100, 100, 1010, 1010, 0, 0, 190, 190, 1140, 170, 170, 1030, 170, 170]"
2020-10-25 03:40:00+00:00,568400,0,114.0,"[14680, 7250, 7250, 17130, 17130, 240, 240, 170, 170, 10, 10, 19110, 19110, 3830, 3830, 140, 140, 4230, 4230, 0, 2200, 0, 2200, 70, 420, 53400, 53400, 60, 60, 4230, 6330, 480, 5130, 480, 5130, 490, 490, 20, 20, 230, 3440, 3440, 40, 40, 4420, 4420, 80, 80, 2640, 3620, 3620, 2640, 340, 340, 15440, 15440, 13740, 13740, 9910, 9910, 100, 100, 8690, 8690, 4490, 4490, 1230, 1230, 3550, 3550, 490, 490, 1030, 370, 370, 3030, 3030, 3360, 3300, 3300, 13980, 13980, 460, 460, 650, 4210, 4210, 30, 30, 440, 440, 60, 60, 290, 290, 390, 390, 3230, 3230, 2050, 2050, 6060, 6060, 70, 630, 70, 630, 80, 1450, 1450]"
2020-10-25 03:45:00+00:00,681030,0,116.0,"[5550, 2050, 2050, 560, 560, 33410, 33410, 320, 320, 1620, 1620, 100, 100, 1960, 1960, 2220, 2220, 200, 200, 390, 30, 390, 30, 70, 70, 2930, 2930, 170, 170, 420, 420, 420, 420, 490, 230, 490, 230, 190, 190, 440, 440, 84240, 1790, 1790, 11090, 11090, 7760, 7760, 3620, 3620, 22620, 22620, 4260, 20, 20, 7420, 7420, 2350, 2350, 60, 60, 520, 520, 640, 20740, 640, 20740, 3220, 3220, 4310, 4310, 120, 120, 7740, 260, 7740, 260, 170, 170, 140, 140, 60, 3620, 60, 3620, 890, 890, 10, 10, 1670, 1670, 60, 2500, 2500, 60, 370, 370, 870, 870, 430, 430, 10140, 10, 10140, 2470, 2470, 40, 310, 310, 1350, 190, 190, 13160, 13160]"
2020-10-25 03:50:00+00:00,219920,0,93.0,"[20, 20, 1250, 1250, 8730, 8730, 70, 70, 40, 40, 410, 410, 80, 5280, 5280, 80, 4290, 4290, 30, 30, 2070, 610, 610, 20940, 20940, 590, 590, 100, 100, 180, 180, 40, 40, 10, 5550, 5550, 30, 30, 520, 520, 70, 70, 40, 40, 40, 40, 9170, 9170, 160, 160, 70, 70, 250, 250, 460, 3500, 3500, 460, 20, 20, 2980, 2980, 880, 380, 380, 360, 360, 1230, 1230, 110, 110, 4230, 4230, 70, 70, 380, 380, 1410, 1410, 1760, 1760, 10, 10, 190, 190, 390, 390, 1080, 1080, 31340, 31340, 20, 20]"
2020-10-25 03:55:00+00:00,162260,0,78.0,"[50, 50, 1460, 60, 60, 150, 150, 40, 40, 470, 470, 830, 570, 570, 2470, 2470, 2490, 2490, 950, 950, 160, 160, 6600, 6600, 990, 20, 360, 360, 70, 70, 530, 530, 4300, 4300, 130, 130, 60, 60, 42470, 42470, 90, 90, 180, 180, 90, 90, 790, 790, 80, 80, 3080, 3080, 180, 180, 830, 830, 480, 480, 90, 90, 190, 190, 1230, 1230, 390, 390, 360, 360, 5580, 5580, 80, 80, 1130, 1130, 2280, 420, 420, 2280]"
2020-10-25 04:00:00+00:00,220290,0,62.0,"[1050, 1050, 20, 20, 3140, 3140, 4230, 4230, 80, 80, 4730, 4730, 32070, 32070, 80, 80, 200, 200, 1680, 1680, 610, 610, 320, 320, 460, 19320, 460, 580, 19320, 1790, 2130, 3220, 3220, 3630, 470, 3630, 470, 560, 560, 800, 800, 2380, 19500, 19500, 3000, 3000, 500, 500, 1140, 1140, 1190, 1190, 1470, 820, 820, 940, 940, 480, 480, 660, 1400, 1400]"
2020-10-25 04:05:00+00:00,214140,0,63.0,"[130, 130, 7200, 7200, 1390, 1390, 2460, 2460, 310, 310, 22080, 22080, 1590, 650, 3280, 3280, 30, 60, 60, 30, 11960, 11960, 3520, 3520, 5200, 570, 5200, 570, 1390, 1390, 1470, 1470, 26310, 26310, 5780, 5780, 230, 980, 230, 980, 3110, 3110, 440, 440, 2190, 2190, 160, 1290, 1290, 260, 260, 3820, 3820, 10, 10, 220, 220, 60, 60, 110, 110, 10, 10]"
2020-10-25 04:10:00+00:00,143000,1,49.0,"[1590, 90, 90, 6940, 6940, 990, 990, 560, 560, 360, 360, 430, 430, 210, 210, 120, 120, 100, 100, 1860, 1860, 3880, 3880, 190, 190, 450, 450, 2630, 2630, 9210, 9210, 820, 820, 140, 140, 1690, 1690, 2760, 2760, 20, 20, 71870, 180, 180, 870, 870, 140, 200, 200]"
2020-10-25 04:15:00+00:00,318010,1,83.0,"[4400, 330, 330, 2160, 11090, 11090, 3620, 3620, 1420, 2980, 34520, 34520, 10, 13750, 13750, 330, 340, 340, 50, 50, 580, 580, 10, 10, 520, 80, 80, 580, 1050, 1050, 240, 30960, 120, 30960, 680, 680, 810, 3360, 5180, 3360, 5180, 760, 760, 4810, 4810, 70, 70, 120, 810, 810, 3770, 9140, 9140, 3770, 80, 80, 860, 860, 1330, 1330, 2210, 30, 30, 420, 420, 150, 150, 1670, 1670, 80, 80, 8350, 3480, 3480, 1700, 460, 460, 800, 800, 280, 11430, 280, 11430]"
2020-10-25 04:20:00+00:00,328250,0,117.0,"[2290, 2290, 20250, 20250, 10, 10, 1140, 1140, 530, 530, 32070, 32070, 370, 370, 120, 120, 210, 210, 40, 40, 80, 80, 5400, 120, 3660, 3660, 120, 5400, 10800, 110, 7460, 850, 850, 320, 320, 1650, 200, 200, 7300, 7300, 1610, 1610, 4820, 4820, 1800, 1800, 2400, 2400, 3090, 3090, 860, 860, 2040, 2040, 250, 290, 2280, 290, 980, 980, 2700, 2700, 3420, 3420, 2860, 2610, 2610, 1580, 1580, 800, 170, 3010, 15920, 15920, 5020, 5020, 780, 780, 1490, 1490, 230, 230, 530, 530, 330, 330, 2460, 2460, 2790, 2790, 710, 710, 100, 100, 430, 7540, 430, 650, 5120, 5120, 650, 160, 160, 190, 40, 40, 250, 1680, 1680, 2860, 2860, 40, 40, 510, 510, 430, 430]"
2020-10-25 04:25:00+00:00,99480,2,74.0,"[60, 60, 10, 2260, 2260, 720, 3180, 3180, 370, 370, 180, 180, 0, 0, 2320, 8140, 8140, 300, 1350, 10, 10, 6910, 6910, 420, 420, 70, 70, 30, 120, 690, 690, 10, 10, 3060, 3060, 50, 50, 40, 40, 2870, 2870, 3890, 3890, 720, 720, 110, 110, 40, 450, 450, 4800, 4800, 1780, 3650, 140, 140, 1630, 1630, 20, 20, 590, 590, 1640, 1640, 20, 20, 890, 890, 160, 160, 380, 820, 380, 820]"
2020-10-25 04:30:00+00:00,260780,0,66.0,"[22770, 23830, 23830, 440, 440, 13710, 13710, 28300, 28300, 9760, 9760, 3430, 3430, 300, 300, 2510, 2510, 30, 390, 390, 30, 230, 230, 280, 280, 2510, 2510, 100, 3330, 3330, 100, 2690, 2690, 1290, 4010, 4010, 2870, 2870, 190, 860, 860, 30, 30, 10, 10, 780, 1550, 1550, 690, 690, 190, 190, 8910, 8910, 350, 350, 730, 730, 3200, 3200, 480, 10, 10, 930, 1920, 1920]"
2020-10-25 04:35:00+00:00,237640,1,65.0,"[6730, 6730, 230, 230, 370, 370, 390, 390, 190, 2350, 340, 340, 1290, 1430, 1430, 180, 180, 1690, 1690, 220, 220, 20, 240, 240, 1500, 1500, 530, 230, 230, 450, 450, 530, 710, 710, 20, 1110, 530, 530, 40, 1040, 70, 8280, 1590, 1590, 1810, 1810, 240, 240, 1810, 1810, 4310, 630, 630, 510, 510, 5780, 5780, 120, 120, 20, 80, 80, 830, 830]"
2020-10-25 04:40:00+00:00,79540,0,59.0,"[110, 100, 1350, 3170, 3170, 390, 190, 530, 530, 400, 360, 360, 140, 2550, 30, 30, 710, 710, 1690, 1690, 300, 20, 6820, 6820, 220, 220, 1420, 1420, 670, 80, 2100, 2100, 1050, 1050, 520, 520, 9900, 3650, 1070, 1070, 3360, 470, 470, 230, 230, 800, 90, 1320, 90, 1320, 290, 1980, 1980, 170, 170, 3220, 3220, 170, 730]"
2020-10-25 04:45:00+00:00,700580,4,76.0,"[10090, 10090, 16350, 16350, 870, 870, 550, 2310, 830, 830, 20, 20, 370, 370, 2250, 2250, 90, 90, 1840, 1840, 136260, 136260, 130, 270, 470, 1790, 1790, 2970, 940, 940, 710, 710, 370, 136260, 136260, 4900, 4900, 200, 200, 110, 110, 30, 1490, 810, 530, 530, 310, 310, 4460, 4460, 1180, 1180, 860, 4130, 4130, 720, 720, 390, 390, 3220, 500, 500, 2000, 2000, 11580, 11580, 70, 70, 2220, 2220, 1190, 1190, 200, 200, 190, 190]"
2020-10-25 04:50:00+00:00,168650,0,80.0,"[390, 390, 1050, 3350, 3350, 4300, 4300, 110, 110, 19120, 19120, 1730, 1730, 1860, 1860, 170, 170, 280, 280, 1510, 1510, 50, 50, 1220, 1220, 240, 5440, 5440, 3380, 3380, 330, 330, 1540, 20, 120, 120, 50, 80, 80, 50, 5120, 5120, 850, 850, 820, 820, 5550, 5550, 390, 390, 130, 130, 400, 400, 5840, 5840, 1320, 1320, 370, 370, 720, 720, 2140, 2140, 1020, 20, 20, 1010, 1010, 0, 930, 0, 930, 390, 390, 280, 280, 12140, 12140, 960]"
2020-10-25 04:55:00+00:00,57530,0,58.0,"[1090, 1090, 510, 510, 1140, 1140, 230, 230, 2700, 40, 40, 970, 140, 140, 90, 90, 1190, 1190, 720, 720, 4590, 140, 2090, 2090, 50, 200, 110, 110, 8240, 8240, 5760, 260, 260, 160, 160, 230, 230, 960, 960, 980, 980, 330, 330, 420, 60, 300, 300, 60, 300, 300, 100, 100, 760, 760, 0, 0, 1320, 1320]"
2020-10-25 05:00:00+00:00,276190,2,79.0,"[60, 60, 270, 270, 16640, 16640, 40, 40, 210, 210, 20, 20, 1080, 1080, 4330, 4330, 120, 3550, 3550, 1710, 1710, 1340, 1340, 3730, 3730, 20340, 20340, 10, 1060, 1060, 8070, 1480, 1480, 160, 160, 190, 380, 380, 1940, 1940, 22550, 22550, 290, 290, 720, 720, 5620, 5620, 380, 380, 230, 230, 50, 50, 20, 20, 8120, 8120, 1840, 2450, 1840, 2450, 10, 9770, 9770, 30, 30, 17970, 17970, 3370, 3370, 1570, 160, 160, 430, 430, 390, 390, 760]"
2020-10-25 05:05:00+00:00,45150,0,58.0,"[2830, 2830, 120, 210, 210, 190, 190, 1160, 1160, 1250, 40, 2020, 2020, 2480, 2480, 370, 370, 1360, 950, 80, 80, 1580, 1580, 710, 710, 20, 150, 3040, 3040, 1970, 1970, 0, 530, 530, 60, 60, 200, 200, 330, 330, 230, 230, 120, 120, 520, 280, 280, 1090, 470, 470, 90, 20, 10, 10, 550, 550, 350, 350]"
2020-10-25 05:10:00+00:00,142870,0,77.0,"[10150, 10150, 100, 20, 20, 1000, 20, 20, 70, 70, 1760, 1760, 1190, 1190, 550, 550, 140, 140, 3080, 1040, 3080, 1040, 1170, 1170, 40, 40, 490, 680, 680, 40, 40, 300, 300, 2860, 2860, 1180, 1180, 490, 490, 10, 10, 310, 670, 670, 60, 60, 620, 620, 7740, 7740, 1080, 30, 1080, 30, 940, 940, 16550, 550, 550, 3080, 3080, 1040, 1040, 1410, 1410, 1040, 220, 1820, 1820, 20, 20, 750, 750, 16550, 16550, 430, 430]"
2020-10-25 05:15:00+00:00,192890,0,70.0,"[60, 1410, 1410, 180, 180, 960, 960, 4260, 1930, 4260, 1930, 310, 310, 570, 570, 23840, 23840, 60, 60, 1460, 1460, 150, 150, 4340, 770, 4210, 4210, 4970, 4970, 370, 370, 4260, 300, 400, 1620, 1620, 3060, 3060, 1440, 1440, 130, 130, 380, 380, 720, 720, 80, 80, 0, 30, 30, 360, 1920, 360, 1920, 14980, 14980, 16550, 16550, 1770, 1770, 1520, 1520, 10, 10, 170, 170, 0]"
2020-10-25 05:20:00+00:00,215390,2,73.0,"[390, 390, 120, 120, 1480, 54070, 54070, 300, 300, 190, 300, 300, 130, 3880, 3880, 1670, 2510, 2510, 2250, 2250, 380, 380, 190, 190, 200, 200, 2160, 2160, 4550, 4400, 1570, 1570, 390, 390, 2440, 2440, 4520, 4520, 380, 380, 40, 40, 280, 280, 110, 60, 60, 40, 40, 310, 310, 2010, 2010, 70, 70, 7370, 7370, 650, 650, 4240, 2080, 2080, 4240, 50, 50, 4400, 4400, 650, 650, 490, 490, 2640, 2640]"
2020-10-25 05:25:00+00:00,270510,0,56.0,"[24980, 24980, 40, 40, 70, 70, 4280, 2160, 2160, 24440, 24440, 3270, 3270, 820, 820, 36330, 36330, 5540, 5540, 590, 260, 2970, 2970, 8860, 300, 300, 8860, 12130, 12130, 150, 150, 6080, 6080, 60, 60, 940, 70, 70, 860, 860, 770, 770, 300, 300, 340, 300, 300, 340, 60, 60, 100, 100, 280, 280, 940, 940]"
2020-10-25 05:30:00+00:00,204390,0,82.0,"[130, 130, 430, 550, 430, 130, 130, 7210, 7210, 1980, 1980, 1400, 1400, 880, 880, 720, 720, 1790, 1790, 390, 300, 300, 1080, 2870, 480, 480, 13040, 13040, 160, 1390, 1390, 300, 300, 2410, 2410, 1460, 1460, 35090, 35090, 1130, 1130, 13800, 13800, 340, 340, 450, 450, 340, 430, 430, 3970, 3970, 160, 160, 420, 420, 210, 210, 390, 390, 640, 640, 3850, 3850, 1390, 1390, 1810, 20, 20, 70, 70, 670, 670, 740, 740, 200, 200, 140, 140, 590, 140, 140]"
2020-10-25 05:35:00+00:00,245260,0,99.0,"[110, 110, 540, 540, 560, 560, 150, 150, 7620, 7620, 230, 230, 1700, 1700, 2570, 2570, 280, 280, 1040, 1040, 930, 620, 620, 1030, 1030, 3120, 3120, 710, 710, 20, 20, 150, 150, 2570, 2570, 900, 900, 370, 370, 8130, 8130, 13610, 13610, 100, 100, 110, 110, 1320, 1320, 3750, 3750, 100, 100, 150, 150, 350, 350, 21820, 21820, 1380, 1380, 320, 320, 230, 230, 1580, 480, 480, 1580, 30, 30, 540, 540, 35510, 35510, 140, 140, 3750, 3750, 150, 150, 160, 160, 2570, 980, 980, 140, 140, 860, 860, 140, 140, 400, 200, 200, 40, 40, 320, 320]"
2020-10-25 05:40:00+00:00,172020,0,60.0,"[580, 580, 40, 40, 20, 20, 20, 20, 270, 270, 980, 980, 70, 70, 12770, 12770, 290, 210, 360, 1810, 1810, 300, 300, 220, 2460, 220, 2460, 70, 70, 4090, 4090, 13020, 13020, 160, 2660, 2660, 80, 30, 30, 1340, 1340, 9900, 9900, 4160, 4160, 2640, 2640, 460, 460, 90, 90, 380, 500, 500, 640, 640, 25980, 25980, 150, 150]"
2020-10-25 05:45:00+00:00,244600,2,90.0,"[70, 70, 110, 110, 60, 870, 870, 3590, 3590, 1140, 1140, 110, 110, 290, 1650, 4640, 4640, 4920, 2650, 2650, 4920, 210, 210, 700, 700, 4520, 4520, 5090, 5090, 54990, 2480, 2480, 3590, 3590, 770, 770, 8930, 8930, 340, 340, 60, 950, 950, 370, 370, 150, 150, 0, 0, 570, 570, 3340, 3340, 290, 210, 180, 290, 180, 210, 4740, 4740, 190, 190, 890, 890, 280, 280, 70, 3120, 690, 50, 50, 120, 120, 350, 350, 26030, 26030, 260, 260, 640, 640, 1760, 1760, 4420, 4420, 360, 960, 960, 350]"
2020-10-25 05:50:00+00:00,551240,2,72.0,"[850, 164120, 1280, 1280, 10, 10, 0, 1390, 1390, 950, 950, 65000, 65000, 720, 720, 1750, 1750, 30, 1190, 1190, 36990, 36990, 60, 60, 440, 440, 1130, 1130, 21740, 21740, 140, 140, 8680, 0, 8680, 870, 100, 100, 10380, 10380, 360, 360, 10, 10, 2160, 2160, 2350, 230, 230, 0, 1500, 1500, 7740, 7740, 190, 190, 3050, 3050, 430, 430, 280, 280, 740, 740, 670, 670, 6550, 6550, 740, 740]"
2020-10-25 05:55:00+00:00,207780,0,78.0,"[240, 240, 1930, 1930, 2790, 80, 80, 460, 460, 0, 0, 5450, 5450, 1110, 1110, 1480, 1480, 100, 100, 230, 230, 30, 30, 350, 350, 1620, 1620, 2010, 2010, 1100, 1100, 1930, 1930, 22530, 22530, 420, 3430, 3430, 110, 110, 320, 320, 17310, 17310, 90, 90, 18530, 630, 6440, 6440, 7740, 7740, 10, 10, 5510, 310, 310, 10, 10, 6340, 6340, 340, 340, 30, 30, 1440, 1440, 40, 40, 60, 60, 2650, 2650, 770, 770, 1390, 1390, 940]"
2020-10-25 06:00:00+00:00,156490,0,45.0,"[2440, 1410, 1410, 350, 350, 290, 290, 1440, 1440, 650, 650, 60, 0, 0, 250, 250, 1380, 1380, 2020, 2020, 10220, 10220, 3700, 3700, 930, 930, 320, 320, 2960, 2960, 1130, 3150, 3150, 1140, 16560, 1140, 16560, 2340, 2340, 12970, 12970, 410, 410, 13940, 13940]"
2020-10-25 06:05:00+00:00,50930,0,44.0,"[190, 190, 300, 300, 2120, 130, 130, 4130, 4130, 7480, 7480, 620, 620, 170, 540, 540, 3510, 3510, 340, 340, 360, 120, 120, 660, 660, 1530, 1530, 90, 1130, 1130, 0, 160, 160, 110, 110, 630, 2220, 2220, 300, 40, 0, 0, 440, 440]"
2020-10-25 06:10:00+00:00,50540,0,43.0,"[240, 240, 4420, 4420, 1790, 1790, 400, 400, 360, 360, 1040, 1040, 140, 50, 0, 0, 1930, 1930, 480, 480, 60, 60, 4460, 4460, 610, 610, 120, 120, 1420, 1420, 240, 240, 670, 670, 2110, 400, 400, 2030, 2030, 220, 220, 3230, 3230]"
2020-10-25 06:15:00+00:00,138750,2,49.0,"[770, 770, 100, 100, 3920, 3920, 10, 10, 1870, 2400, 2400, 9310, 240, 240, 30, 30, 0, 0, 30, 30, 20, 20, 7540, 190, 190, 80, 13860, 13860, 12050, 12050, 2220, 2220, 5160, 5160, 14910, 50, 14910, 50, 270, 270, 1040, 1040, 160, 160, 40, 40, 210, 2400, 2400]"
2020-10-25 06:20:00+00:00,37540,0,30.0,"[10, 10, 5090, 5090, 1830, 1830, 460, 460, 0, 0, 1040, 1040, 840, 530, 530, 2140, 2140, 10, 10, 490, 490, 50, 50, 4590, 4590, 180, 1880, 1880, 140, 140]"
2020-10-25 06:25:00+00:00,58100,0,32.0,"[10, 10, 1460, 1460, 910, 910, 240, 240, 40, 6290, 6290, 4310, 4310, 240, 2370, 2370, 3820, 3820, 750, 750, 1380, 2130, 2130, 460, 460, 1620, 200, 200, 560, 560, 3900, 3900]"
2020-10-25 06:30:00+00:00,59500,0,40.0,"[630, 630, 6150, 6150, 10010, 10010, 570, 570, 60, 60, 90, 90, 30, 290, 30, 290, 360, 870, 870, 20, 20, 2950, 2950, 240, 240, 860, 860, 390, 390, 290, 290, 60, 2380, 2380, 2250, 2250, 360, 360, 1100, 1100]"
2020-10-25 06:35:00+00:00,88560,0,43.0,"[560, 560, 2640, 2640, 150, 6020, 6020, 140, 140, 60, 70, 2910, 2910, 460, 460, 350, 350, 430, 530, 530, 710, 710, 4260, 4260, 60, 60, 20, 20, 110, 20, 20, 240, 240, 1500, 1500, 2390, 2390, 2020, 2020, 13860, 13860, 5180, 5180]"
2020-10-25 06:40:00+00:00,168900,0,45.0,"[110, 110, 270, 270, 20, 20, 1140, 1140, 90, 90, 0, 90, 90, 70, 70, 30, 30, 100, 100, 57010, 57010, 2840, 2840, 0, 0, 140, 140, 3090, 3090, 450, 450, 8890, 10, 5340, 5340, 740, 740, 3990, 3990, 310, 310, 140, 140, 4030, 4030]"
2020-10-25 06:45:00+00:00,61990,0,25.0,"[1250, 1250, 6560, 210, 3770, 3770, 1520, 1520, 23460, 0, 0, 110, 110, 160, 160, 1410, 1410, 1410, 1410, 1760, 1760, 130, 130, 4360, 4360]"
2020-10-25 06:50:00+00:00,49290,0,29.0,"[5620, 5620, 1980, 1980, 130, 1980, 1980, 6700, 20, 910, 20, 910, 210, 210, 2550, 2550, 5050, 5050, 1830, 1830, 30, 30, 0, 30, 30, 30, 30, 990, 990]"
2020-10-25 06:55:00+00:00,205280,0,32.0,"[1490, 1490, 5730, 5730, 2580, 2580, 2110, 80, 80, 560, 560, 1440, 2030, 2030, 60, 340, 340, 150, 150, 58000, 58000, 40, 330, 330, 10380, 10380, 40, 230, 230, 18730, 18730, 330]"
2020-10-25 07:00:00+00:00,38660,0,21.0,"[1440, 1440, 100, 100, 2070, 2070, 320, 60, 60, 1790, 1790, 110, 110, 3300, 3300, 1040, 1040, 9010, 9010, 250, 250]"
2020-10-25 07:05:00+00:00,97770,0,43.0,"[1920, 1920, 100, 100, 70, 70, 5880, 5880, 20720, 20720, 50, 50, 80, 180, 180, 5180, 5180, 600, 600, 50, 50, 4020, 4020, 430, 430, 450, 450, 600, 3710, 3710, 50, 50, 400, 400, 40, 40, 2070, 2070, 2150, 2150, 400, 400, 150]"
2020-10-25 07:10:00+00:00,315820,2,42.0,"[1360, 1360, 22440, 22440, 1650, 1650, 720, 3710, 3710, 140, 140, 1020, 1020, 510, 510, 60, 6670, 6670, 0, 0, 20, 20, 360, 360, 390, 390, 230, 230, 1620, 1620, 70, 40, 40, 4610, 400, 400, 400, 400, 113710, 113710, 510, 510]"
2020-10-25 07:15:00+00:00,84530,0,27.0,"[2580, 2580, 270, 350, 7210, 7210, 350, 850, 850, 1180, 1180, 120, 4040, 4040, 120, 4090, 4090, 1580, 1580, 390, 390, 400, 400, 16430, 3950, 9150, 9150]"
2020-10-25 07:20:00+00:00,104630,0,23.0,"[2600, 2600, 70, 70, 25400, 330, 180, 180, 11330, 11330, 180, 180, 7650, 7650, 2700, 1160, 1160, 3360, 3360, 1310, 1310]"
2020-10-25 07:25:00+00:00,81430,0,28.0,"[2880, 1530, 2880, 5590, 5590, 520, 520, 1980, 1980, 380, 380, 290, 7350, 7350, 6530, 2370, 2370, 210, 210, 2470, 190, 190, 4170, 6770, 6770, 4790, 4790, 380]"
2020-10-25 07:30:00+00:00,35790,0,19.0,"[190, 190, 470, 470, 80, 80, 8730, 140, 140, 40, 4940, 4940, 1640, 1640, 220, 220, 7140, 2260, 2260]"
2020-10-25 07:35:00+00:00,18810,0,23.0,"[80, 80, 3430, 3430, 50, 50, 470, 470, 0, 0, 1640, 1640, 100, 2400, 40, 2070, 2070, 20, 20, 150, 420, 90, 90]"
2020-10-25 07:40:00+00:00,139280,0,27.0,"[420, 420, 350, 350, 80, 80, 50, 50, 10, 10, 190, 41580, 41580, 4010, 580, 90, 90, 20, 20, 80, 80, 24440, 24440, 120, 120, 10, 10]"
2020-10-25 07:45:00+00:00,14230,0,12.0,"[90, 90, 6060, 100, 100, 1840, 1840, 1830, 1120, 1120, 20, 20]"
2020-10-25 07:50:00+00:00,85640,1,36.0,"[560, 560, 150, 1120, 1120, 670, 670, 23530, 780, 2440, 2440, 0, 0, 160, 20, 20, 520, 520, 1640, 1640, 630, 630, 13080, 490, 490, 40, 100, 100, 1960, 1960, 1080, 1080, 240, 240, 24440, 520]"
2020-10-25 07:55:00+00:00,39320,0,38.0,"[930, 930, 220, 220, 520, 290, 440, 440, 420, 420, 130, 130, 90, 90, 70, 70, 1580, 1580, 600, 570, 570, 310, 310, 30, 30, 120, 6020, 11510, 6020, 3300, 470, 470, 20, 20, 100, 100, 90, 90]"
2020-10-25 08:00:00+00:00,36820,0,24.0,"[0, 0, 1390, 1390, 3890, 680, 680, 1950, 3750, 3750, 5370, 5370, 510, 510, 60, 60, 60, 60, 440, 580, 580, 1220, 1220, 3300]"
2020-10-25 08:05:00+00:00,23080,0,22.0,"[960, 960, 1840, 1840, 3140, 3140, 870, 870, 180, 180, 490, 170, 170, 600, 600, 40, 40, 860, 860, 2630, 2630, 10]"
2020-10-25 08:10:00+00:00,110100,0,43.0,"[11170, 11170, 8880, 8880, 3840, 3840, 1710, 11170, 11170, 600, 600, 1660, 1660, 1840, 2400, 2400, 200, 200, 10, 860, 860, 700, 700, 110, 110, 11440, 2720, 2720, 690, 690, 50, 50, 780, 780, 1940, 230, 230, 0, 0, 260, 260, 260, 260]"
2020-10-25 08:15:00+00:00,77550,0,16.0,"[4180, 780, 780, 1050, 6340, 6340, 4780, 3000, 3000, 840, 10610, 10610, 3790, 3790, 8830, 8830]"
2020-10-25 08:20:00+00:00,174090,2,43.0,"[1850, 1850, 2770, 2770, 0, 690, 690, 24850, 24850, 220, 400, 400, 150, 2000, 24760, 1320, 1320, 2850, 2850, 11550, 930, 930, 160, 160, 210, 210, 1090, 1090, 4940, 4940, 270, 270, 330, 330, 11550, 11550, 1320, 1320, 2260, 2260, 9790, 9790, 250]"
2020-10-25 08:25:00+00:00,60880,0,24.0,"[270, 4200, 4200, 650, 840, 840, 3960, 3960, 100, 100, 5890, 5890, 1670, 1670, 1220, 1220, 170, 1510, 1510, 170, 9870, 9870, 550, 550]"
2020-10-25 08:30:00+00:00,42840,0,22.0,"[9080, 9080, 3830, 3830, 70, 70, 1050, 1050, 150, 710, 710, 4290, 3660, 3660, 300, 300, 50, 50, 10, 10, 440, 440]"
2020-10-25 08:35:00+00:00,34630,0,20.0,"[750, 750, 1350, 1350, 10, 10, 860, 860, 0, 2040, 3910, 20, 20, 1440, 1790, 1790, 3200, 3200, 5640, 5640]"
2020-10-25 08:40:00+00:00,66300,0,30.0,"[3850, 3850, 11920, 11920, 90, 90, 20, 20, 3310, 100, 100, 3310, 2060, 2040, 2040, 2350, 2350, 1880, 1880, 240, 240, 380, 380, 2480, 2480, 320, 1820, 1820, 1480, 1480]"
2020-10-25 08:45:00+00:00,82400,0,24.0,"[11920, 11920, 2220, 860, 860, 200, 200, 6450, 6450, 1220, 1220, 140, 20, 14110, 14110, 3790, 3790, 170, 170, 80, 80, 180, 180, 2060]"
2020-10-25 08:50:00+00:00,48350,0,19.0,"[270, 270, 900, 900, 1370, 1370, 1760, 1760, 630, 13840, 13840, 890, 890, 50, 50, 220, 220, 4560, 4560]"
2020-10-25 08:55:00+00:00,437890,2,20.0,"[240, 4110, 4110, 1150, 1150, 2580, 1010, 1010, 197420, 197420, 1400, 1400, 80, 2380, 2380, 3810, 3810, 5930, 5930, 570]"
2020-10-25 09:00:00+00:00,172760,0,35.0,"[11550, 170, 170, 35010, 35010, 5930, 320, 320, 6520, 630, 630, 6520, 3570, 3570, 70, 470, 470, 70, 930, 930, 1180, 1180, 1720, 1720, 710, 20490, 20490, 130, 130, 4480, 4480, 320, 590, 1140, 1140]"
2020-10-25 09:05:00+00:00,82500,0,23.0,"[4320, 4320, 4430, 4430, 13920, 13920, 670, 7560, 7560, 10, 10, 340, 1820, 1820, 2060, 2060, 40, 40, 3730, 4720, 4720, 0, 0]"
2020-10-25 09:10:00+00:00,64060,0,33.0,"[640, 640, 10, 10, 340, 340, 600, 600, 510, 510, 410, 410, 6900, 6900, 40, 40, 30, 30, 2780, 2780, 230, 230, 200, 200, 630, 630, 3510, 3510, 10500, 10500, 3720, 3720, 1960]"
2020-10-25 09:15:00+00:00,35900,0,26.0,"[80, 80, 4160, 4160, 660, 660, 220, 220, 2540, 2540, 10, 10, 220, 220, 70, 70, 2110, 2110, 7030, 7030, 330, 330, 480, 480, 40, 40]"
2020-10-25 09:20:00+00:00,29170,0,21.0,"[200, 200, 90, 90, 1060, 1060, 1860, 1860, 100, 100, 130, 130, 1060, 1060, 1860, 1860, 2200, 2200, 150, 5950, 5950]"
2020-10-25 09:25:00+00:00,43280,0,30.0,"[890, 890, 1060, 1060, 11030, 11030, 4480, 4480, 530, 530, 60, 60, 330, 330, 280, 280, 2100, 2100, 230, 230, 320, 320, 40, 40, 160, 160, 120, 120, 10, 10]"
2020-10-25 09:30:00+00:00,30670,0,22.0,"[320, 320, 490, 590, 590, 490, 280, 280, 10, 10, 360, 170, 3700, 3700, 4280, 4280, 2210, 2210, 1340, 1340, 1850, 1850]"
2020-10-25 09:35:00+00:00,22860,0,14.0,"[30, 30, 10030, 2010, 2010, 210, 210, 770, 770, 160, 160, 150, 3160, 3160]"
2020-10-25 09:40:00+00:00,72170,0,18.0,"[40, 50, 50, 1120, 60, 60, 500, 60, 60, 290, 290, 11390, 11390, 60, 60, 23250, 23250, 190]"
2020-10-25 09:45:00+00:00,33460,0,24.0,"[1780, 13480, 20, 20, 120, 120, 190, 190, 160, 160, 0, 0, 3640, 3640, 3230, 3230, 350, 350, 250, 250, 660, 660, 480, 480]"
2020-10-25 09:50:00+00:00,24630,0,20.0,"[260, 3220, 3220, 160, 160, 570, 570, 260, 1010, 1010, 20, 20, 160, 160, 1200, 1200, 1300, 1300, 7560, 1270]"
2020-10-25 09:55:00+00:00,60970,2,19.0,"[2360, 2360, 3050, 3050, 10460, 10460, 7660, 7660, 110, 80, 80, 550, 550, 1050, 1050, 960, 4260, 960, 4260]"
2020-10-25 10:00:00+00:00,34810,0,18.0,"[3720, 3720, 5660, 5660, 270, 1550, 1550, 120, 120, 320, 660, 660, 2210, 2210, 2420, 2420, 770, 770]"
2020-10-25 10:05:00+00:00,27690,0,23.0,"[180, 180, 3250, 3250, 2400, 2400, 2210, 2210, 3250, 0, 0, 1640, 1640, 170, 70, 70, 440, 440, 110, 110, 1800, 1800, 70]"
2020-10-25 10:10:00+00:00,15760,0,20.0,"[370, 370, 240, 240, 1940, 1310, 60, 60, 760, 760, 360, 360, 1560, 1560, 40, 40, 30, 30, 100, 5570]"
2020-10-25 10:15:00+00:00,35160,0,27.0,"[350, 350, 360, 360, 12460, 12460, 80, 80, 100, 100, 350, 350, 880, 880, 1330, 1330, 30, 30, 960, 960, 40, 120, 120, 380, 380, 160, 160]"
2020-10-25 10:20:00+00:00,105270,0,35.0,"[540, 540, 70, 70, 120, 120, 8500, 8500, 3160, 3160, 30, 30, 3380, 3380, 1240, 1240, 3270, 3270, 4560, 4560, 3890, 3890, 3240, 3240, 530, 530, 2840, 2840, 3250, 12910, 12910, 4840, 520, 50, 50]"
2020-10-25 10:25:00+00:00,81220,0,15.0,"[320, 320, 1460, 1460, 750, 750, 200, 30220, 30220, 6790, 6790, 20, 20, 950, 950]"
2020-10-25 10:30:00+00:00,47740,0,10.0,"[200, 200, 10, 3450, 3450, 19840, 19840, 280, 280, 190]"
2020-10-25 10:35:00+00:00,123530,0,32.0,"[790, 790, 6130, 6130, 18210, 18210, 800, 800, 120, 360, 360, 11280, 11280, 3080, 3080, 40, 40, 4410, 4410, 6450, 6450, 1220, 1220, 950, 950, 230, 3720, 3720, 4130, 4130, 20, 20]"
2020-10-25 10:40:00+00:00,125670,0,36.0,"[130, 130, 40, 510, 950, 950, 3750, 3750, 560, 560, 950, 950, 30, 30, 100, 100, 0, 0, 1170, 1170, 3890, 3890, 15420, 15420, 710, 710, 920, 920, 32680, 32680, 50, 50, 1120, 1120, 130, 130]"
2020-10-25 10:45:00+00:00,36430,0,35.0,"[980, 980, 4360, 4360, 20, 40, 40, 820, 820, 3390, 3390, 190, 4960, 4960, 200, 200, 240, 240, 340, 340, 380, 380, 80, 10, 10, 380, 380, 20, 0, 0, 250, 250, 20, 1700, 1700]"
2020-10-25 10:50:00+00:00,53230,0,23.0,"[300, 300, 11260, 11260, 50, 50, 330, 330, 410, 410, 690, 400, 400, 1390, 1390, 2010, 2010, 50, 50, 5720, 5720, 4350, 4350]"
2020-10-25 10:55:00+00:00,19670,0,20.0,"[400, 400, 980, 980, 3540, 3540, 570, 2310, 570, 570, 3250, 30, 0, 750, 750, 510, 110, 110, 150, 150]"
2020-10-25 11:00:00+00:00,149690,0,48.0,"[620, 620, 3670, 3670, 1020, 4320, 1020, 4320, 350, 350, 2480, 2480, 450, 450, 780, 590, 600, 600, 990, 8160, 8160, 470, 940, 1100, 1100, 3230, 3230, 60, 60, 6130, 6130, 510, 1070, 1070, 810, 140, 32880, 32880, 0, 0, 340, 340, 220, 220, 1830, 1830, 3700, 3700]"
2020-10-25 11:05:00+00:00,25980,0,25.0,"[10, 450, 10, 450, 10, 10, 80, 80, 740, 10, 10, 1570, 2660, 2660, 540, 540, 3530, 3530, 4290, 4290, 190, 10, 10, 150, 150]"
2020-10-25 11:10:00+00:00,93310,0,30.0,"[3960, 3960, 870, 870, 1460, 1460, 8160, 8160, 8160, 8160, 10, 10, 70, 70, 20, 20, 710, 710, 15850, 4370, 4370, 620, 620, 180, 180, 180, 180, 9450, 9450, 1020]"
2020-10-25 11:15:00+00:00,49760,0,23.0,"[230, 950, 950, 540, 15000, 15000, 2360, 2360, 50, 50, 4740, 4740, 730, 730, 170, 170, 40, 40, 130, 130, 200, 200, 250]"
2020-10-25 11:20:00+00:00,88920,0,44.0,"[0, 0, 1860, 1860, 160, 160, 20920, 20920, 20, 20, 200, 200, 40, 40, 100, 100, 2340, 2340, 230, 230, 200, 200, 90, 90, 170, 170, 5040, 5040, 770, 770, 3370, 3370, 20, 20, 3580, 3580, 840, 840, 20, 20, 2640, 2640, 1850, 1850]"
2020-10-25 11:25:00+00:00,97950,0,48.0,"[30, 30, 410, 80, 80, 720, 50, 50, 640, 640, 380, 380, 30, 30, 820, 820, 2930, 30720, 30720, 120, 1910, 220, 220, 30, 30, 30, 30, 6680, 6680, 170, 170, 4650, 4650, 120, 120, 570, 570, 70, 70, 760, 80, 80, 160, 160, 10, 10, 10, 10]"
2020-10-25 11:30:00+00:00,118510,0,43.0,"[70, 70, 10, 10, 230, 230, 840, 840, 1400, 1400, 310, 310, 540, 540, 8070, 8070, 70, 70, 110, 50, 50, 1860, 180, 180, 310, 310, 3600, 3600, 25380, 15980, 15980, 3740, 3740, 1710, 1710, 450, 450, 80, 80, 7490, 7490, 450, 450]"
2020-10-25 11:35:00+00:00,93410,0,39.0,"[150, 150, 1490, 1490, 9390, 9390, 3160, 90, 90, 380, 380, 70, 70, 1000, 1000, 230, 230, 1820, 1820, 260, 260, 3240, 5400, 5400, 5190, 2400, 2400, 1390, 1390, 650, 650, 8510, 120, 120, 50, 50, 10740, 10740, 2050]"
2020-10-25 11:40:00+00:00,85340,0,52.0,"[340, 120, 6560, 6560, 5190, 5190, 0, 0, 100, 100, 50, 50, 80, 80, 960, 960, 2670, 2670, 3260, 5340, 5340, 10, 2270, 2270, 360, 360, 2920, 2920, 830, 0, 0, 1740, 200, 170, 1000, 1000, 110, 680, 400, 400, 1790, 1790, 520, 520, 3460, 3460, 4290, 4290, 820, 820, 160, 160]"
2020-10-25 11:45:00+00:00,93820,0,59.0,"[1860, 1860, 0, 3560, 0, 3560, 4080, 720, 720, 50, 50, 270, 270, 6860, 6860, 240, 240, 70, 4880, 3450, 30, 30, 2400, 150, 150, 240, 240, 30, 890, 180, 5020, 5020, 5260, 5260, 10, 10, 600, 600, 220, 2720, 2720, 220, 200, 200, 470, 470, 3150, 3150, 410, 410, 4430, 4430, 2720, 870, 870, 120, 100, 120, 100]"
2020-10-25 11:50:00+00:00,322840,2,63.0,"[4050, 4050, 100010, 100010, 300, 300, 200, 200, 1940, 1940, 40, 40, 200, 200, 1830, 1830, 2720, 930, 930, 30, 18230, 18230, 660, 2740, 2740, 2720, 2720, 5870, 5870, 80, 380, 380, 1730, 1730, 190, 190, 250, 250, 5650, 140, 5650, 140, 690, 690, 160, 160, 180, 180, 530, 530, 670, 670, 10, 6100, 6100, 1340, 1340, 150, 150, 1050, 1050, 2720, 80]"
2020-10-25 11:55:00+00:00,133660,0,66.0,"[490, 1160, 1160, 20, 720, 720, 20, 270, 270, 180, 560, 560, 100, 100, 120, 120, 760, 20, 20, 6300, 6300, 6300, 6300, 40, 40, 150, 150, 670, 670, 21360, 21360, 440, 440, 80, 80, 770, 770, 2570, 2570, 470, 40, 470, 40, 90, 90, 15400, 15400, 210, 210, 230, 230, 1700, 1700, 140, 140, 310, 310, 30, 3110, 3110, 130, 130, 1770, 1770, 850, 850]"
2020-10-25 12:00:00+00:00,276110,0,94.0,"[1190, 1190, 1220, 4660, 4660, 20, 20, 2550, 2550, 4480, 4480, 330, 330, 750, 11310, 750, 11310, 2770, 2770, 560, 560, 280, 470, 280, 470, 3240, 3240, 560, 560, 4820, 4820, 7720, 7720, 90, 90, 13360, 13360, 20, 20, 210, 210, 310, 310, 5950, 5950, 6220, 150, 90, 90, 560, 560, 3200, 3200, 1230, 5870, 5870, 650, 650, 3080, 3080, 8810, 8810, 100, 100, 4880, 4880, 8300, 680, 680, 30, 30, 50, 50, 4860, 4860, 640, 640, 1490, 1490, 20, 20, 580, 580, 2700, 2700, 4290, 4290, 530, 530, 1450, 10690, 10690, 9320, 9320]"
2020-10-25 12:05:00+00:00,61350,0,48.0,"[1070, 20, 20, 640, 640, 160, 160, 110, 20, 30, 20, 210, 210, 2200, 490, 490, 7720, 1670, 1670, 4440, 4440, 320, 320, 90, 90, 40, 40, 20, 140, 140, 640, 2560, 740, 740, 160, 160, 2780, 2780, 60, 60, 640, 640, 7720, 7720, 410, 410, 2750, 2750]"
2020-10-25 12:10:00+00:00,171980,0,73.0,"[480, 480, 0, 0, 1090, 1090, 450, 2720, 2720, 4860, 210, 210, 4860, 130, 0, 0, 6700, 6700, 1930, 1930, 900, 900, 1160, 1160, 300, 300, 2660, 2660, 1610, 1610, 20, 20, 7720, 7720, 8510, 8510, 140, 1510, 1510, 110, 110, 1420, 1420, 4100, 4100, 2980, 2980, 7610, 7610, 1710, 1710, 3670, 3670, 2330, 2330, 300, 300, 100, 100, 250, 60, 250, 2970, 2970, 1020, 1020, 1910, 1910, 160, 340, 340, 12320, 12320]"
2020-10-25 12:15:00+00:00,194770,0,75.0,"[13280, 13280, 1120, 1120, 3920, 3920, 4440, 4440, 230, 230, 140, 140, 340, 340, 460, 460, 340, 340, 5480, 1020, 1020, 5480, 5550, 5550, 0, 0, 1030, 1030, 2860, 100, 100, 320, 320, 1880, 1880, 6400, 6400, 50, 50, 3240, 7540, 7540, 4640, 4640, 160, 960, 960, 1180, 1180, 1920, 1920, 15850, 160, 14010, 14010, 3900, 3900, 1430, 1430, 20, 20, 110, 110, 170, 350, 350, 130, 130, 1400, 1400, 10, 2320, 2320, 150, 150]"
2020-10-25 12:20:00+00:00,132090,0,77.0,"[60, 60, 0, 0, 440, 440, 330, 330, 70, 4700, 4700, 370, 300, 300, 300, 300, 1480, 1480, 0, 0, 40, 40, 60, 80, 80, 300, 300, 810, 3750, 350, 350, 480, 480, 2300, 340, 340, 150, 100, 100, 2510, 2510, 1450, 540, 540, 1450, 470, 470, 180, 180, 620, 620, 4800, 4800, 3230, 3230, 11640, 11640, 20, 20, 650, 650, 2110, 2110, 860, 860, 2160, 2160, 120, 120, 9270, 9270, 9690, 9690, 1050, 1050, 1620, 1620]"
2020-10-25 12:25:00+00:00,179680,0,55.0,"[1830, 1830, 650, 650, 100, 100, 4830, 4830, 550, 110, 110, 2800, 3620, 3620, 10, 1160, 1160, 280, 280, 6820, 6820, 80, 80, 40, 40, 7490, 7490, 25190, 25190, 10180, 10180, 11320, 11320, 6880, 6880, 40, 40, 820, 820, 2160, 2160, 170, 170, 260, 260, 60, 60, 3160, 3160, 220, 220, 40, 40, 650, 650]"
2020-10-25 12:30:00+00:00,89560,0,67.0,"[370, 1210, 370, 1210, 710, 930, 710, 930, 190, 190, 1260, 1260, 3820, 3820, 1760, 40, 630, 630, 70, 70, 11670, 11670, 50, 50, 740, 740, 40, 40, 150, 150, 6120, 6120, 1000, 1000, 790, 790, 180, 180, 3990, 3990, 60, 60, 390, 390, 100, 100, 70, 200, 200, 1840, 1840, 130, 130, 1050, 1380, 1050, 40, 40, 2640, 2640, 1050, 1050, 0, 0, 30, 1720, 1720]"
2020-10-25 12:35:00+00:00,518920,1,61.0,"[160, 160, 11680, 11680, 7970, 7970, 920, 920, 940, 940, 410, 410, 170, 170, 110, 110, 100, 100, 5100, 620, 620, 380, 380, 30, 30, 5690, 5690, 520, 120, 120, 80, 80, 590, 590, 1350, 1350, 200, 200, 3600, 3600, 230, 230, 6110, 6110, 3460, 3460, 10, 10, 1090, 1090, 412710, 3180, 3180, 220, 150, 150, 0, 90, 90, 1000, 490]"
2020-10-25 12:40:00+00:00,419670,2,85.0,"[690, 650, 27050, 10, 1010, 1010, 500, 500, 10, 90, 1880, 90, 0, 0, 120, 120, 1060, 1060, 600, 600, 160, 1380, 130, 70, 4290, 4290, 3070, 3070, 10, 1140, 1140, 40, 40, 1490, 1490, 100, 100, 1850, 3220, 3220, 40, 19590, 19590, 3290, 70, 0, 180, 51500, 51500, 120, 5420, 5420, 340, 340, 270, 270, 2780, 270, 20, 20, 180, 180, 40, 40, 720, 720, 720, 720, 320, 120, 17580, 160, 160, 2180, 2180, 130, 130, 200, 8040, 4800, 4800, 80, 80, 580]"
2020-10-25 12:45:00+00:00,126720,0,96.0,"[820, 50, 90, 90, 1070, 610, 610, 430, 430, 140, 140, 100, 100, 150, 270, 150, 220, 1120, 1120, 220, 360, 360, 480, 610, 1090, 1090, 2050, 200, 6840, 6840, 20, 570, 570, 200, 20, 40, 30, 30, 80, 2640, 6950, 310, 130, 130, 5780, 5780, 180, 240, 240, 440, 440, 10, 10, 1580, 1580, 80, 4370, 160, 160, 150, 210, 210, 240, 20, 630, 630, 33130, 170, 140, 170, 1040, 1040, 200, 200, 560, 560, 430, 430, 20, 20, 20, 150, 150, 4620, 4620, 180, 30, 7610, 7610, 130, 20, 20, 320, 320, 50, 50]"
2020-10-25 12:50:00+00:00,130410,0,91.0,"[80, 60, 80, 60, 450, 450, 10160, 10160, 30, 3430, 3430, 160, 160, 830, 180, 20, 20, 160, 160, 30, 30, 1250, 190, 120, 140, 290, 260, 1440, 1440, 60, 460, 460, 0, 0, 14220, 14220, 50, 50, 3500, 3040, 3040, 10, 70, 3200, 3200, 2690, 2690, 4080, 4080, 3570, 3570, 3620, 3620, 380, 380, 910, 910, 190, 20, 20, 310, 310, 0, 20, 20, 430, 370, 370, 20, 2660, 2660, 90, 90, 1340, 1340, 210, 4350, 190, 190, 340, 340, 610, 610, 300, 240, 620, 140, 210, 210, 120, 120]"
2020-10-25 12:55:00+00:00,236350,0,90.0,"[790, 140, 140, 3870, 490, 3870, 130, 130, 2070, 2070, 170, 170, 30, 30, 110, 19590, 410, 340, 340, 2360, 10, 10, 0, 260, 260, 14450, 14450, 230, 67270, 67270, 560, 560, 3100, 360, 570, 570, 2130, 520, 20, 520, 590, 590, 590, 360, 360, 60, 60, 290, 290, 120, 2360, 2360, 50, 50, 810, 810, 670, 220, 220, 550, 550, 180, 180, 500, 500, 1510, 140, 3150, 120, 120, 210, 210, 200, 200, 40, 40, 220, 90, 90, 220, 2320, 610, 610, 10, 10, 260, 260, 920, 920, 180]"
2020-10-25 13:00:00+00:00,138920,2,80.0,"[190, 190, 16090, 16090, 1000, 360, 360, 60, 2220, 2220, 1160, 1160, 320, 320, 7280, 7280, 350, 70, 850, 850, 1560, 160, 4300, 4300, 580, 580, 2070, 1800, 1800, 80, 1320, 1320, 680, 680, 220, 220, 240, 410, 2910, 2910, 180, 180, 540, 540, 1560, 1560, 600, 600, 4810, 4810, 2530, 2530, 300, 300, 700, 700, 140, 140, 90, 1110, 90, 1110, 1810, 1810, 2840, 2840, 680, 680, 80, 80, 1580, 1580, 600, 600, 110, 3290, 690, 690, 3640, 3640]"
2020-10-25 13:05:00+00:00,121960,2,72.0,"[680, 680, 250, 1640, 1640, 1020, 1020, 420, 50, 50, 70, 1880, 1880, 50, 50, 170, 170, 250, 250, 9170, 9170, 780, 780, 4430, 4430, 830, 80, 80, 40, 0, 0, 100, 100, 320, 320, 230, 230, 30, 1090, 0, 0, 2910, 2910, 520, 140, 140, 250, 250, 230, 230, 100, 100, 3420, 3420, 18510, 18510, 40, 40, 180, 20, 10960, 10960, 1090, 130, 130, 590, 590, 60, 60, 320, 360, 360]"
2020-10-25 13:10:00+00:00,192870,0,83.0,"[710, 50, 40, 40, 260, 260, 1410, 1410, 240, 240, 230, 230, 380, 3260, 3260, 510, 510, 20, 70, 70, 150, 0, 9880, 410, 410, 40, 40, 120, 120, 790, 2250, 2590, 1430, 2250, 2590, 1430, 440, 140, 140, 1710, 1710, 430, 14530, 14530, 3160, 3160, 4460, 4460, 10960, 10960, 2710, 2710, 2860, 2860, 5830, 5830, 40, 40, 80, 80, 3620, 3620, 780, 780, 40, 470, 470, 660, 660, 12730, 12730, 10, 10, 20, 20, 170, 170, 500, 500, 160, 160]"
2020-10-25 13:15:00+00:00,119980,0,75.0,"[640, 640, 30, 60, 60, 140, 140, 410, 410, 540, 540, 360, 360, 130, 130, 13600, 13600, 200, 200, 11080, 11080, 360, 360, 1300, 1300, 430, 430, 1240, 1240, 2980, 2980, 60, 60, 130, 3140, 3000, 3000, 830, 830, 250, 250, 40, 40, 550, 550, 1560, 360, 360, 1910, 1910, 310, 310, 3110, 3110, 570, 570, 570, 570, 570, 570, 360, 360, 1640, 1200, 1640, 180, 180, 80, 80, 360, 360, 4480, 4480, 4260, 4260]"
2020-10-25 13:20:00+00:00,196290,0,83.0,"[3600, 170, 170, 3850, 3850, 860, 860, 520, 520, 2420, 70, 70, 70, 70, 520, 520, 160, 160, 26120, 130, 360, 360, 20, 20, 340, 210, 210, 30, 30, 770, 770, 730, 730, 50, 50, 300, 300, 12210, 12210, 190, 190, 440, 440, 110, 110, 180, 30, 70, 70, 150, 400, 400, 300, 300, 220, 220, 180, 180, 60, 1140, 60, 1140, 4820, 4820, 1540, 660, 660, 4630, 4630, 1250, 1250, 22980, 22980, 50, 50, 21980, 21980, 300, 200, 300, 200, 10, 10]"
2020-10-25 13:25:00+00:00,201930,0,58.0,"[110, 140, 140, 50, 140, 140, 160, 160, 20, 20, 20, 2420, 2420, 1150, 1150, 20, 20, 9440, 9440, 3380, 3380, 1870, 1870, 4870, 29060, 29060, 36750, 36750, 3140, 3140, 550, 550, 3010, 3010, 0, 0, 770, 770, 80, 80, 420, 70, 70, 40, 5260, 5260, 40, 470, 60, 60, 470, 150, 90, 140, 30, 30, 10, 10]"
2020-10-25 13:30:00+00:00,350170,0,95.0,"[2630, 600, 600, 7530, 7530, 270, 50, 810, 810, 110, 110, 40, 40, 5380, 5380, 160, 160, 8350, 8350, 170, 170, 140, 140, 250, 250, 230, 230, 830, 830, 6890, 2040, 2040, 2110, 2110, 1710, 1710, 2030, 2030, 30, 10, 10, 2660, 2660, 370, 370, 61270, 8080, 8080, 1620, 20, 20, 4680, 4680, 50, 50, 4830, 4830, 200, 200, 30, 80, 10, 10, 2860, 2860, 1750, 1750, 340, 340, 390, 390, 3390, 290, 290, 3390, 20, 20, 30, 30, 10, 60, 10, 60, 60, 60, 62730, 62730, 12860, 12860, 110, 110, 290, 290, 60, 60]"
2020-10-25 13:35:00+00:00,275820,0,95.0,"[250, 250, 770, 770, 50, 50, 12950, 120, 12950, 120, 510, 510, 440, 3050, 3050, 40, 40, 40, 40, 390, 390, 3050, 3050, 3330, 3330, 0, 0, 60, 60, 920, 920, 110, 110, 160, 160, 220, 220, 0, 0, 2010, 610, 610, 3220, 3220, 4080, 4080, 1660, 1660, 480, 480, 230, 230, 230, 230, 5500, 5500, 10, 10, 750, 750, 960, 50, 50, 960, 250, 250, 8040, 8040, 2560, 2560, 2350, 2350, 550, 47960, 47960, 380, 380, 480, 480, 260, 720, 720, 340, 8520, 8520, 480, 480, 15510, 15510, 560, 560, 4470, 4470, 30, 30]"
2020-10-25 13:40:00+00:00,656330,0,98.0,"[50, 700, 700, 50, 40150, 40150, 390, 390, 500, 500, 400, 400, 0, 7800, 7800, 2150, 300, 300, 47960, 47960, 13430, 13430, 3230, 3230, 3780, 3780, 30, 30, 4000, 4000, 1280, 1280, 3910, 3910, 20, 20, 2060, 2060, 1580, 1580, 1330, 1330, 24630, 24630, 920, 920, 7930, 7930, 1040, 1040, 10070, 10070, 280, 280, 450, 450, 390, 390, 3220, 3220, 710, 710, 8520, 30, 30, 1040, 1040, 2140, 2140, 700, 700, 720, 720, 170, 170, 280, 100, 100, 3330, 3330, 270, 270, 3700, 3700, 0, 0, 1940, 1940, 20360, 20360, 2620, 2620, 650, 100150, 100150, 2200, 2200, 710]"
2020-10-25 13:45:00+00:00,195920,0,92.0,"[260, 0, 0, 260, 120, 120, 170, 2110, 0, 0, 30, 30, 2320, 2320, 1840, 1840, 160, 160, 1970, 1970, 340, 7300, 140, 140, 240, 240, 460, 460, 180, 180, 510, 510, 400, 400, 1720, 1720, 60, 60, 100, 100, 1410, 40160, 1410, 40160, 10740, 10740, 1710, 1710, 490, 490, 50, 50, 40, 40, 30, 70, 820, 70, 820, 810, 810, 4210, 4210, 10120, 4560, 4560, 90, 230, 300, 300, 520, 520, 770, 770, 370, 370, 1260, 1260, 590, 60, 340, 830, 830, 280, 800, 800, 2580, 4110, 4110, 2580, 10, 10]"
2020-10-25 13:50:00+00:00,223800,0,70.0,"[20, 20, 10, 60, 60, 1960, 380, 380, 450, 150, 150, 8730, 8730, 770, 770, 2760, 2760, 1860, 1860, 130, 17790, 17790, 180, 80, 240, 17790, 20, 20, 18140, 17510, 17510, 630, 630, 14060, 14060, 630, 630, 3750, 140, 3890, 1530, 950, 950, 3340, 3340, 730, 730, 30, 3920, 3920, 30, 4320, 4320, 370, 370, 180, 180, 80, 80, 1410, 1410, 1140, 180, 180, 1140, 4660, 4660, 1070, 1070, 10]"
2020-10-25 13:55:00+00:00,61910,2,84.0,"[10, 10, 0, 0, 1260, 1260, 2200, 2200, 110, 810, 810, 810, 810, 270, 270, 9560, 60, 60, 160, 160, 200, 200, 530, 530, 210, 210, 260, 260, 20, 20, 220, 220, 260, 4690, 260, 4690, 1660, 1660, 730, 730, 250, 270, 250, 270, 290, 290, 250, 250, 210, 210, 1840, 1840, 640, 20, 20, 30, 30, 90, 90, 270, 270, 5300, 5300, 590, 590, 40, 40, 10, 10, 240, 240, 320, 320, 240, 240, 1360, 110, 110, 190, 190, 60, 60, 140, 140]"
2020-10-25 14:00:00+00:00,194730,2,74.0,"[4170, 4170, 1540, 1540, 2850, 2850, 460, 460, 940, 2970, 2970, 1190, 1040, 1040, 1910, 1910, 520, 520, 1190, 2610, 20, 20, 680, 680, 350, 350, 7820, 170, 170, 7820, 220, 220, 530, 530, 14600, 0, 80, 150, 150, 1140, 1140, 230, 230, 30, 30, 520, 520, 17210, 17210, 1160, 1160, 180, 180, 2570, 2570, 910, 910, 760, 1500, 1500, 340, 340, 170, 170, 2060, 1720, 1720, 2640, 16530, 16530, 190, 190]"
2020-10-25 14:05:00+00:00,316330,0,93.0,"[220, 220, 60, 60, 370, 370, 2610, 10, 30, 420, 420, 830, 3830, 3830, 230, 230, 330, 330, 6650, 6650, 3620, 3620, 340, 980, 980, 3020, 3020, 510, 510, 70, 19600, 19600, 110, 110, 1040, 1040, 340, 340, 20, 20, 40, 40, 1580, 1580, 47520, 47520, 1090, 1090, 1190, 230, 230, 500, 260, 260, 460, 460, 4000, 4000, 410, 410, 80, 80, 290, 290, 1730, 1730, 270, 270, 1970, 300, 420, 300, 420, 420, 420, 4990, 4990, 20, 20, 60, 60, 180, 180, 9830, 9830, 80, 80, 5810, 5810, 1900, 1900]"
2020-10-25 14:10:00+00:00,262300,0,107.0,"[4050, 4050, 18490, 7420, 7420, 18490, 20, 20, 280, 90, 90, 1610, 1610, 180, 180, 610, 610, 4200, 4200, 360, 6770, 360, 6770, 3420, 3420, 4100, 4100, 400, 400, 510, 510, 130, 1060, 260, 260, 2460, 2460, 150, 410, 150, 410, 4100, 4100, 2870, 2870, 90, 90, 380, 380, 870, 870, 500, 500, 550, 550, 15160, 15160, 3710, 3710, 6220, 6220, 20, 20, 610, 610, 60, 60, 80, 80, 580, 580, 1260, 130, 130, 10, 190, 190, 810, 810, 11060, 11060, 300, 300, 11060, 11060, 880, 880, 1730, 30, 710, 4790, 4790, 650, 1260, 1260, 360, 60, 60, 360, 1150, 1150, 460, 2580, 930, 930, 2410, 2410]"
2020-10-25 14:15:00+00:00,544290,0,77.0,"[590, 590, 180, 10, 10, 1800, 1800, 1450, 1450, 2140, 2140, 10980, 10980, 1400, 1400, 10, 10, 760, 370, 390, 370, 760, 1360, 1360, 47520, 47520, 3440, 3440, 410, 410, 380, 380, 47520, 47520, 39360, 39360, 1590, 190, 1590, 190, 590, 590, 890, 890, 170, 170, 240, 30, 30, 90, 90, 550, 550, 12190, 11730, 12190, 11730, 60, 2320, 60, 2320, 10, 10, 810, 810, 2120, 2120, 2310, 2310, 67920, 67920, 6640, 6640, 120, 120, 1910, 1910]"
2020-10-25 14:20:00+00:00,121620,0,101.0,"[660, 660, 4820, 4820, 420, 230, 230, 420, 170, 170, 610, 610, 510, 30, 510, 30, 30, 1250, 1250, 500, 500, 20, 660, 660, 4010, 4010, 480, 160, 160, 780, 480, 780, 8090, 8090, 50, 50, 1200, 5670, 5670, 200, 200, 910, 700, 700, 50, 50, 340, 340, 870, 870, 460, 460, 2740, 2740, 3180, 3180, 50, 50, 10, 30, 30, 530, 530, 3620, 3620, 600, 80, 600, 400, 400, 3390, 3390, 2100, 2100, 5000, 5000, 1420, 100, 1420, 100, 30, 180, 180, 210, 210, 430, 430, 760, 760, 430, 430, 240, 240, 20, 20, 940, 940, 160, 160, 1420, 1420]"
2020-10-25 14:25:00+00:00,272880,0,90.0,"[240, 240, 240, 240, 6060, 6060, 360, 360, 390, 390, 810, 60, 810, 60, 50, 50, 1310, 1310, 8300, 8300, 91850, 91850, 120, 10, 10, 240, 240, 40, 40, 60, 60, 80, 80, 240, 240, 0, 0, 10, 10, 650, 650, 2930, 20, 20, 180, 180, 2120, 2120, 5350, 5350, 1800, 1800, 1330, 1330, 440, 440, 4720, 4720, 160, 160, 50, 210, 210, 1430, 250, 250, 360, 360, 150, 150, 40, 40, 70, 70, 10, 30, 190, 190, 70, 3320, 3320, 290, 290, 330, 330, 230, 230, 2680, 220, 220]"
2020-10-25 14:30:00+00:00,178210,0,77.0,"[730, 730, 1970, 1970, 170, 170, 860, 14830, 14830, 820, 820, 170, 170, 260, 260, 210, 210, 6840, 6840, 7880, 7880, 2390, 2390, 1830, 1830, 1460, 1460, 2090, 1890, 1890, 1300, 1300, 4140, 4140, 1280, 1280, 620, 620, 1990, 740, 1990, 1590, 740, 740, 480, 480, 13490, 13490, 3110, 3110, 6490, 1600, 1600, 50, 50, 280, 280, 3890, 3890, 290, 290, 20, 20, 90, 90, 2160, 40, 1820, 40, 2160, 1820, 200, 200, 4000, 4000, 180, 180]"
2020-10-25 14:35:00+00:00,133650,0,97.0,"[40, 40, 30, 30, 6830, 6830, 1670, 1670, 20, 20, 140, 140, 80, 80, 1060, 180, 140, 140, 180, 230, 230, 6220, 6220, 690, 690, 10, 10, 250, 200, 200, 1640, 170, 70, 70, 170, 1640, 740, 740, 4880, 4880, 2240, 2240, 120, 340, 340, 200, 200, 5760, 5760, 140, 140, 1060, 0, 0, 210, 1040, 1040, 1320, 1320, 5780, 5780, 170, 3810, 3810, 40, 70, 70, 2950, 2950, 460, 460, 1320, 1320, 40, 40, 0, 0, 60, 10, 10, 5750, 6630, 5750, 6630, 90, 90, 0, 0, 240, 240, 30, 30, 1040, 1040, 40, 2080, 2080]"
2020-10-25 14:40:00+00:00,419170,2,92.0,"[33540, 33540, 0, 4510, 33540, 33540, 350, 350, 8730, 8730, 3880, 3880, 490, 490, 1010, 1010, 3540, 3540, 730, 730, 570, 570, 360, 360, 2780, 2780, 970, 970, 310, 310, 2500, 0, 2500, 0, 1270, 1270, 1010, 1010, 680, 680, 10, 10, 17370, 17370, 2800, 2800, 6610, 6610, 30, 30, 0, 0, 860, 400, 860, 400, 1680, 1680, 11430, 11430, 140, 430, 50, 9880, 9880, 1310, 1310, 60, 60, 1680, 1680, 340, 290, 290, 1780, 1780, 2200, 2200, 620, 5530, 5530, 620, 300, 300, 8580, 10280, 10280, 1700, 740, 740]"
2020-10-25 14:45:00+00:00,240740,2,83.0,"[60, 210, 210, 60, 170, 170, 130, 130, 890, 890, 490, 490, 780, 780, 10, 2580, 180, 1240, 1240, 640, 640, 290, 290, 40, 40, 1210, 1210, 20, 20, 40, 1030, 1030, 100, 100, 3070, 4370, 3780, 3780, 9930, 9930, 10370, 10370, 5300, 5300, 3320, 54010, 54010, 3780, 3780, 180, 180, 2870, 2870, 2100, 2100, 230, 230, 20, 20, 10, 430, 430, 880, 880, 500, 500, 430, 430, 40, 1330, 1330, 20, 20, 1690, 1690, 7240, 7240, 480, 480, 460, 460, 230, 230]"
2020-10-25 14:50:00+00:00,371890,6,95.0,"[11760, 11760, 290, 290, 140, 140, 450, 450, 1330, 1330, 59080, 9270, 190, 640, 640, 350, 350, 1250, 1480, 1480, 130, 130, 1540, 1540, 530, 620, 620, 760, 1140, 1140, 3940, 3940, 180, 180, 850, 850, 43840, 43840, 90, 90, 820, 820, 150, 150, 40, 40, 2610, 2610, 90, 90, 60, 60, 110, 110, 13940, 13940, 100, 100, 1020, 1020, 450, 250, 250, 470, 470, 6590, 6590, 1670, 1670, 2270, 2270, 30, 30, 390, 390, 370, 370, 20, 20, 3640, 3640, 1250, 1250, 830, 830, 180, 180, 4040, 4040, 1260, 1260, 70, 70]"
2020-10-25 14:55:00+00:00,150010,0,106.0,"[600, 600, 360, 360, 80, 310, 330, 330, 40, 40, 4560, 4560, 230, 230, 900, 1170, 900, 1170, 720, 720, 360, 360, 270, 270, 6700, 1590, 6700, 70, 1920, 1920, 70, 250, 20, 20, 10, 10, 10, 10, 140, 140, 70, 4300, 4300, 3190, 3190, 3410, 3410, 500, 500, 2550, 1730, 1380, 1380, 1130, 1130, 180, 180, 5170, 5170, 1180, 890, 60, 5420, 5420, 890, 1180, 400, 400, 240, 240, 410, 410, 50, 50, 8600, 80, 8600, 80, 6730, 6730, 30, 30, 550, 550, 490, 490, 200, 200, 30, 30, 180, 180, 3200, 3200, 590, 590, 3370, 3370, 190, 330, 330, 0, 0, 220, 840, 840]"
2020-10-25 15:00:00+00:00,274010,0,84.0,"[400, 400, 30, 30, 180, 180, 1280, 1280, 710, 330, 330, 2060, 2060, 1550, 1550, 180, 8250, 8250, 580, 2810, 580, 2810, 30, 30, 11900, 780, 780, 200, 200, 260, 260, 190, 190, 120, 120, 1730, 1730, 8400, 8400, 1090, 1090, 130, 130, 130, 1620, 1620, 16860, 16860, 130, 130, 44710, 44710, 1170, 1170, 270, 270, 10, 40, 40, 5970, 5970, 40, 40, 1500, 1500, 230, 230, 12320, 12320, 660, 4920, 660, 2360, 2360, 110, 1790, 1790, 2960, 180, 4340, 4340, 1090, 1500, 1500]"
2020-10-25 15:05:00+00:00,209630,0,109.0,"[80, 80, 290, 290, 170, 170, 20, 20, 1940, 290, 1940, 290, 3630, 3630, 140, 140, 270, 270, 810, 1140, 810, 4300, 4300, 220, 220, 6530, 2880, 6530, 2880, 1310, 260, 260, 280, 280, 1230, 1230, 1050, 1050, 590, 590, 10, 10, 4300, 4300, 300, 300, 3300, 3300, 960, 960, 6760, 160, 160, 5040, 5040, 10230, 30, 30, 10, 430, 10, 430, 2510, 2510, 140, 140, 3230, 3230, 120, 120, 220, 220, 4040, 4040, 1260, 1260, 3120, 3120, 30, 30, 11900, 11900, 1950, 500, 500, 10010, 10010, 4180, 4180, 470, 470, 0, 0, 40, 40, 1020, 1020, 1180, 1180, 7360, 7360, 460, 460, 800, 800, 840, 840, 1170, 1170]"
2020-10-25 15:10:00+00:00,189770,0,95.0,"[5630, 5630, 680, 680, 110, 110, 1170, 1170, 640, 640, 10, 10, 10920, 10920, 150, 150, 70, 70, 1550, 1550, 330, 330, 3060, 3060, 680, 680, 340, 340, 8630, 8630, 1060, 1060, 870, 870, 950, 950, 1830, 1830, 16150, 16150, 1280, 1280, 1520, 1520, 530, 530, 70, 1310, 2360, 2360, 1310, 1820, 1820, 90, 90, 200, 190, 200, 190, 50, 50, 90, 90, 170, 790, 140, 140, 230, 230, 820, 60, 60, 1550, 1550, 600, 600, 940, 940, 640, 640, 7700, 80, 80, 30, 30, 19220, 19220, 10, 10, 710, 710, 40, 1590, 40, 1590]"
2020-10-25 15:15:00+00:00,101260,0,79.0,"[600, 950, 950, 420, 640, 640, 4300, 4300, 240, 240, 3160, 3160, 950, 950, 470, 470, 220, 550, 550, 5120, 3160, 160, 2610, 2610, 20, 20, 2340, 2340, 660, 660, 430, 430, 250, 250, 2170, 2170, 160, 160, 20, 20, 810, 810, 20, 20, 130, 620, 620, 320, 30, 30, 320, 180, 180, 6270, 6270, 250, 250, 0, 0, 70, 70, 20, 20, 110, 110, 26030, 370, 370, 420, 420, 2080, 2080, 830, 830, 440, 150, 150, 20, 20]"
2020-10-25 15:20:00+00:00,141550,0,84.0,"[60, 60, 40, 40, 4520, 4520, 7580, 7580, 140, 140, 2440, 290, 290, 300, 300, 2850, 2850, 2760, 230, 5630, 620, 620, 2730, 2730, 1000, 1000, 1340, 0, 0, 340, 340, 330, 330, 11900, 11900, 610, 1280, 1280, 180, 180, 50, 50, 1570, 30, 2250, 2250, 590, 590, 1790, 530, 530, 16230, 16230, 710, 250, 250, 850, 850, 110, 110, 80, 80, 170, 170, 170, 170, 160, 160, 70, 70, 190, 190, 600, 600, 3150, 3150, 1180, 1180, 40, 40, 850, 850, 540, 540]"
2020-10-25 15:25:00+00:00,144800,0,71.0,"[300, 300, 100, 100, 200, 200, 2250, 1240, 300, 1240, 300, 880, 880, 3520, 3520, 120, 120, 33540, 33540, 70, 70, 1040, 1040, 140, 140, 0, 0, 3290, 70, 3290, 70, 850, 850, 540, 540, 390, 430, 390, 4080, 4080, 6900, 6900, 380, 380, 90, 90, 2140, 2140, 200, 20, 20, 200, 510, 510, 3910, 3910, 690, 690, 300, 300, 840, 840, 2220, 2220, 100, 100, 3100, 160, 160, 380, 380]"
2020-10-25 15:30:00+00:00,162390,0,80.0,"[70, 70, 50, 50, 1090, 1090, 1630, 1630, 30, 30, 10270, 10270, 1420, 1420, 1610, 1610, 2630, 2630, 10, 10, 2010, 1200, 1200, 30, 30, 8540, 8540, 800, 580, 800, 580, 2500, 1160, 1160, 440, 440, 640, 640, 390, 390, 300, 300, 1890, 1890, 560, 560, 340, 340, 190, 190, 1560, 1560, 380, 380, 50, 50, 220, 220, 1760, 1760, 2780, 230, 230, 2780, 90, 90, 16140, 16140, 14980, 830, 830, 14980, 700, 700, 60, 60, 1350, 1350, 1940, 1940]"
2020-10-25 15:35:00+00:00,167120,2,72.0,"[17540, 17540, 460, 1700, 1390, 1390, 1700, 60, 3290, 3290, 60, 1010, 1010, 2210, 2210, 1140, 910, 910, 660, 660, 35120, 35120, 50, 50, 770, 770, 560, 450, 450, 1760, 1760, 770, 770, 0, 0, 30, 400, 400, 100, 440, 30, 100, 30, 440, 840, 840, 260, 260, 520, 520, 670, 670, 120, 120, 20, 4750, 4750, 270, 270, 1920, 1920, 1430, 1430, 2340, 2340, 310, 20, 20, 120, 120, 380, 380]"
2020-10-25 15:40:00+00:00,177910,0,67.0,"[26600, 26600, 3640, 3640, 0, 0, 380, 12960, 12960, 100, 100, 200, 270, 200, 270, 2200, 2200, 20, 20, 3450, 3450, 2570, 2570, 760, 760, 280, 710, 120, 120, 20, 20, 7350, 7350, 530, 530, 300, 300, 10, 160, 10, 160, 160, 60, 30, 30, 140, 140, 60, 60, 950, 950, 5800, 5800, 160, 160, 1140, 1140, 210, 210, 9220, 9220, 6960, 6960, 420, 420, 1810, 1810]"
2020-10-25 15:45:00+00:00,158790,0,87.0,"[410, 410, 1610, 1610, 200, 200, 400, 400, 200, 200, 3050, 3050, 2510, 2510, 1440, 1440, 70, 70, 910, 910, 30, 30, 260, 260, 230, 230, 560, 560, 14690, 14690, 930, 930, 20, 220, 220, 3660, 3660, 200, 40, 40, 9220, 9220, 200, 22510, 22510, 60, 60, 20, 20, 410, 410, 140, 140, 2150, 2150, 840, 840, 450, 210, 210, 510, 510, 1380, 1380, 1240, 1240, 70, 70, 980, 980, 460, 110, 110, 490, 490, 210, 210, 3310, 3310, 2300, 2300, 300, 300, 720, 720, 130, 130]"
2020-10-25 15:50:00+00:00,106920,0,103.0,"[110, 110, 2540, 2540, 180, 180, 340, 340, 370, 370, 370, 370, 40, 40, 20, 2120, 2120, 20, 280, 100, 100, 280, 30, 30, 1800, 1800, 1200, 1200, 40, 40, 1060, 1060, 30, 250, 30, 250, 3340, 3340, 200, 200, 150, 150, 280, 280, 20, 20, 370, 370, 640, 640, 170, 30, 170, 30, 1540, 100, 100, 5330, 5330, 170, 850, 850, 470, 470, 260, 260, 8470, 8470, 520, 520, 30, 30, 0, 250, 250, 1600, 1600, 620, 620, 0, 730, 730, 1930, 1930, 20, 20, 4230, 4230, 810, 810, 1610, 1610, 1220, 1220, 580, 580, 250, 1520, 1520, 130, 130, 5120, 5120]"
2020-10-25 15:55:00+00:00,125780,2,93.0,"[130, 130, 12430, 12430, 1430, 1430, 830, 830, 1920, 1920, 200, 200, 980, 260, 940, 60, 940, 1000, 1000, 160, 160, 3040, 3040, 410, 2820, 410, 2820, 390, 390, 9100, 9100, 80, 80, 1480, 1480, 10, 10, 10, 10, 1540, 1540, 220, 220, 290, 290, 620, 620, 1020, 1020, 60, 60, 50, 1850, 1850, 10, 570, 570, 140, 140, 390, 390, 40, 40, 130, 130, 1440, 1440, 10, 10, 80, 80, 150, 150, 10, 10, 10, 10, 2180, 30, 2180, 30, 1300, 230, 1300, 230, 12120, 12120, 460, 460, 760, 760, 180, 180]"
2020-10-25 16:00:00+00:00,105620,0,80.0,"[720, 720, 420, 420, 20, 2540, 2540, 130, 130, 1360, 1360, 2770, 2770, 1130, 1130, 430, 430, 190, 190, 20, 20, 0, 0, 30, 30, 440, 3230, 3230, 190, 190, 5240, 5240, 4540, 4540, 580, 580, 480, 480, 1060, 1060, 3040, 3040, 4470, 610, 610, 20, 160, 160, 600, 600, 2990, 2990, 1280, 1280, 110, 110, 6400, 130, 6400, 130, 20, 20, 140, 140, 480, 380, 380, 190, 190, 120, 120, 1800, 1800, 2470, 350, 350, 4340, 1140, 4340, 1140]"
2020-10-25 16:05:00+00:00,168510,0,80.0,"[240, 240, 530, 530, 930, 930, 1510, 1510, 1310, 4470, 4470, 24610, 24610, 180, 180, 170, 170, 400, 400, 160, 160, 160, 160, 0, 0, 1080, 1080, 70, 70, 110, 110, 0, 1340, 1340, 990, 990, 160, 2020, 10, 10, 620, 620, 2010, 2610, 290, 290, 160, 160, 0, 0, 30, 30, 10, 10, 740, 740, 12960, 12960, 70, 70, 110, 110, 610, 60, 610, 60, 70, 70, 200, 200, 300, 300, 1170, 1170, 60, 60, 23350, 23350, 2430, 2430]"
2020-10-25 16:10:00+00:00,211620,0,57.0,"[570, 570, 15150, 15150, 6430, 6430, 490, 490, 2670, 2670, 1550, 1550, 4320, 4320, 20, 20, 40, 300, 20, 5240, 5240, 20, 160, 160, 770, 770, 120, 120, 60, 60, 3460, 540, 260, 260, 5100, 38700, 38700, 450, 450, 50, 1680, 18250, 18250, 280, 280, 900, 550, 550, 1780, 1780, 250, 250, 550, 340, 340, 550, 1590]"
2020-10-25 16:15:00+00:00,116530,0,91.0,"[4170, 1260, 1260, 220, 210, 210, 850, 850, 210, 210, 1320, 1320, 5080, 60, 5080, 50, 50, 20, 190, 420, 420, 190, 1240, 1240, 430, 430, 4300, 4300, 780, 780, 1220, 1220, 0, 0, 1220, 810, 460, 460, 810, 10120, 10120, 520, 520, 4100, 4100, 110, 110, 2480, 2480, 1900, 1900, 200, 10, 10, 1130, 1130, 500, 630, 500, 630, 180, 180, 560, 20, 560, 720, 2560, 720, 2560, 200, 3600, 200, 3600, 70, 80, 80, 330, 330, 2680, 2680, 20, 20, 80, 80, 190, 1690, 1690, 300, 300, 1850, 1850]"
2020-10-25 16:20:00+00:00,78850,0,58.0,"[260, 260, 410, 410, 2940, 2940, 3350, 3350, 3380, 990, 3380, 990, 110, 80, 80, 3210, 3210, 3560, 3560, 1410, 1410, 210, 210, 240, 240, 790, 790, 10, 10, 2510, 2510, 460, 460, 3440, 3440, 240, 240, 5620, 5620, 1410, 1410, 1060, 40, 40, 960, 960, 340, 340, 1740, 1740, 140, 140, 140, 140, 0, 0, 960, 960]"
2020-10-25 16:25:00+00:00,198640,0,88.0,"[2360, 2360, 180, 570, 570, 410, 410, 540, 540, 10, 180, 180, 10, 13070, 13070, 980, 130, 130, 980, 50, 110, 80, 80, 8760, 8760, 620, 620, 410, 410, 560, 560, 190, 190, 1060, 14000, 14000, 890, 890, 0, 0, 630, 630, 1160, 1160, 40, 40, 490, 490, 7660, 7660, 50, 50, 310, 310, 640, 640, 270, 270, 820, 820, 1150, 1150, 420, 420, 260, 260, 1000, 1000, 20, 20, 90, 90, 20, 20, 5970, 180, 180, 70, 70, 31230, 450, 450, 31230, 2980, 2980, 1590, 1590, 690]"
2020-10-25 16:30:00+00:00,118860,2,73.0,"[4900, 4900, 80, 80, 10, 10, 200, 200, 290, 290, 170, 170, 60, 60, 520, 520, 30, 30, 710, 710, 1200, 1200, 80, 80, 160, 160, 670, 670, 230, 230, 180, 200, 180, 200, 1370, 380, 1190, 1190, 380, 20, 20, 300, 300, 5010, 5010, 2590, 2590, 1950, 340, 1950, 220, 220, 980, 980, 26520, 26520, 30, 30, 600, 600, 180, 180, 380, 380, 4160, 4160, 810, 810, 20, 20, 1950, 1950, 3190]"
2020-10-25 16:35:00+00:00,82450,0,65.0,"[380, 380, 160, 160, 690, 690, 1000, 1000, 140, 140, 2590, 2590, 3180, 3180, 490, 490, 140, 140, 1100, 1100, 1170, 1170, 2480, 2480, 140, 140, 360, 360, 1180, 1180, 60, 60, 10, 10, 1190, 1190, 100, 1590, 1590, 100, 100, 40, 30, 30, 30, 330, 8600, 8600, 3430, 3430, 1890, 1890, 80, 80, 1590, 1330, 1330, 1970, 1970, 2380, 2380, 1650, 1650, 670, 670]"
2020-10-25 16:40:00+00:00,94920,0,64.0,"[3520, 80, 80, 1310, 1310, 1200, 1200, 540, 540, 760, 760, 290, 290, 320, 320, 70, 70, 330, 330, 20, 20, 140, 4830, 4830, 820, 820, 0, 0, 580, 580, 4370, 4370, 1860, 1860, 4300, 50, 4300, 50, 20, 20, 490, 490, 60, 60, 190, 190, 170, 170, 540, 540, 800, 800, 4370, 4370, 1960, 1960, 1520, 1520, 560, 560, 10410, 10410, 2810, 2810]"
2020-10-25 16:45:00+00:00,106600,0,61.0,"[50, 280, 280, 650, 650, 490, 160, 490, 160, 140, 140, 460, 460, 160, 160, 190, 190, 10, 2270, 2270, 460, 460, 4740, 2060, 2060, 1070, 1070, 1760, 1760, 1040, 1040, 6390, 4220, 4220, 6390, 12520, 12520, 4880, 4880, 1610, 1610, 20, 160, 160, 570, 570, 1130, 380, 380, 130, 340, 340, 1940, 1940, 5120, 5120, 200, 200, 20, 730, 730]"
2020-10-25 16:50:00+00:00,94540,0,49.0,"[540, 2240, 2240, 2410, 2410, 10850, 120, 120, 1020, 1020, 940, 940, 120, 120, 1120, 1120, 260, 260, 80, 80, 960, 6420, 6420, 960, 11800, 11800, 730, 730, 460, 460, 5760, 5760, 990, 990, 440, 440, 630, 630, 190, 630, 630, 1430, 1430, 1300, 1300, 1380, 1380, 240, 240]"
2020-10-25 16:55:00+00:00,140210,2,71.0,"[120, 120, 5730, 5730, 240, 240, 3230, 3640, 3640, 100, 100, 1670, 1670, 60, 60, 5040, 5040, 1330, 1330, 520, 520, 7570, 7570, 270, 270, 280, 280, 1000, 1000, 1920, 1920, 3550, 3550, 620, 620, 10, 10, 4480, 4480, 20, 20, 490, 490, 11800, 80, 80, 1860, 1860, 270, 3800, 3800, 270, 680, 680, 9340, 9340, 400, 400, 1290, 1290, 10, 10, 0, 340, 340, 1320, 1320, 2370, 2370, 2170, 2170]"
2020-10-25 17:00:00+00:00,63680,0,53.0,"[1840, 1840, 730, 730, 14530, 14530, 130, 130, 90, 90, 50, 30, 30, 50, 230, 230, 740, 520, 520, 480, 480, 610, 660, 660, 1050, 1050, 340, 340, 850, 850, 180, 180, 1610, 1610, 560, 560, 220, 220, 1920, 1920, 60, 990, 990, 370, 1120, 110, 110, 0, 0, 710, 710, 2560, 2560]"
2020-10-25 17:05:00+00:00,173550,2,55.0,"[1540, 1540, 1020, 1020, 20, 20, 1050, 1050, 30, 30, 36680, 36680, 820, 820, 3700, 3700, 25580, 25580, 1320, 0, 1320, 8050, 40, 40, 810, 810, 1270, 1270, 960, 960, 290, 290, 10, 10, 780, 780, 1010, 1010, 40, 40, 4470, 4470, 40, 40, 70, 70, 290, 290, 260, 260, 350, 350, 180, 180, 240]"
2020-10-25 17:10:00+00:00,167630,2,70.0,"[1780, 480, 1780, 480, 20, 210, 210, 60, 60, 400, 400, 220, 220, 2040, 2040, 290, 4500, 4500, 560, 560, 1430, 1430, 8280, 3300, 3300, 90, 90, 3300, 3300, 4080, 4080, 640, 640, 1620, 1620, 50, 50, 3480, 3480, 62980, 1320, 1320, 720, 720, 40, 40, 1650, 1650, 1330, 1330, 3940, 3940, 150, 150, 4860, 4860, 770, 770, 410, 410, 360, 360, 80, 80, 140, 140, 1200, 1200, 2820, 2820]"
2020-10-25 17:15:00+00:00,253880,2,54.0,"[100, 100, 240, 240, 11120, 11120, 670, 670, 510, 510, 20, 250, 250, 410, 410, 36630, 36630, 80, 80, 1200, 1200, 850, 930, 850, 930, 660, 660, 850, 850, 31780, 31780, 9530, 9530, 50, 50, 7720, 7720, 40, 40, 14270, 14270, 640, 640, 4600, 4600, 50, 50, 340, 340, 1900, 1900, 40, 40, 2940]"
2020-10-25 17:20:00+00:00,100880,2,64.0,"[370, 370, 2150, 2150, 460, 300, 300, 150, 150, 2260, 2260, 1220, 1220, 410, 410, 4220, 4220, 1040, 1040, 7830, 7830, 20, 400, 400, 9110, 9110, 440, 440, 30, 30, 80, 560, 560, 630, 630, 6080, 780, 780, 2930, 2930, 170, 170, 670, 670, 190, 190, 4050, 4050, 150, 150, 2040, 2040, 380, 380, 40, 40, 550, 550, 870, 870, 150, 150]"
2020-10-25 17:25:00+00:00,91530,1,66.0,"[40, 40, 150, 150, 40, 40, 1910, 1910, 60, 60, 240, 270, 270, 240, 230, 230, 10520, 2490, 2490, 100, 100, 1050, 1050, 280, 280, 2590, 2590, 1100, 1100, 10, 20, 20, 10, 310, 310, 2880, 2880, 4140, 4140, 430, 430, 360, 360, 1500, 1500, 60, 60, 1390, 1390, 50, 50, 6560, 6560, 3650, 3650, 280, 280, 11060, 2870, 490, 490, 790, 790, 20, 20, 100]"
2020-10-25 17:30:00+00:00,80940,0,50.0,"[540, 540, 30, 590, 590, 320, 320, 300, 300, 160, 160, 530, 530, 750, 750, 970, 970, 1300, 10920, 10920, 1300, 220, 220, 100, 100, 940, 5390, 5390, 20, 20, 220, 7790, 7790, 190, 190, 470, 470, 140, 140, 450, 7840, 7840, 540, 540, 80, 80, 290, 290, 200, 200]"
2020-10-25 17:35:00+00:00,60350,0,43.0,"[630, 630, 10, 280, 280, 450, 450, 2540, 2540, 2840, 530, 530, 3670, 3670, 10, 10, 2910, 2910, 60, 60, 3670, 3670, 80, 80, 1720, 1720, 3670, 3670, 490, 490, 10, 10, 800, 800, 70, 70, 690, 690, 6210, 6210, 300, 110, 110]"
2020-10-25 17:40:00+00:00,73320,0,55.0,"[160, 160, 1230, 1230, 240, 240, 30, 30, 140, 140, 30, 30, 15400, 15400, 1230, 1230, 600, 220, 220, 600, 90, 90, 490, 1090, 1090, 540, 540, 580, 180, 180, 640, 640, 3220, 3220, 2830, 2830, 620, 620, 10, 3870, 3870, 580, 580, 720, 720, 370, 370, 210, 210, 600, 600, 1180, 1180, 100, 100]"
2020-10-25 17:45:00+00:00,20900,0,29.0,"[280, 280, 60, 60, 50, 550, 550, 2260, 2260, 110, 110, 470, 470, 170, 170, 1050, 10, 10, 3640, 3640, 540, 100, 100, 10, 10, 130, 130, 1840, 1840]"
2020-10-25 17:50:00+00:00,76300,0,34.0,"[160, 2100, 2100, 80, 80, 8040, 830, 830, 430, 430, 2950, 2950, 8300, 8300, 5130, 5130, 4090, 260, 260, 520, 520, 1350, 6580, 30, 30, 80, 380, 380, 1350, 1350, 5640, 5640, 0, 0]"
2020-10-25 17:55:00+00:00,18940,0,31.0,"[450, 450, 300, 300, 2830, 2830, 530, 530, 640, 640, 20, 20, 590, 590, 800, 800, 570, 570, 30, 30, 1100, 1100, 510, 510, 200, 200, 750, 750, 20, 140, 140]"
2020-10-25 18:00:00+00:00,45080,0,64.0,"[450, 450, 310, 310, 960, 150, 150, 70, 70, 960, 960, 890, 890, 510, 510, 510, 510, 100, 100, 790, 790, 510, 510, 140, 140, 20, 20, 750, 750, 120, 120, 270, 270, 580, 580, 3450, 3450, 0, 0, 50, 50, 510, 510, 260, 260, 1590, 1590, 0, 0, 780, 780, 1490, 1490, 2770, 2770, 50, 50, 1210, 1210, 2590, 2590, 130, 130, 100]"
2020-10-25 18:05:00+00:00,69140,0,28.0,"[3080, 3080, 970, 970, 30, 30, 180, 190, 190, 25360, 25360, 280, 280, 2850, 2850, 220, 220, 230, 230, 40, 40, 0, 0, 0, 980, 980, 250, 250]"
2020-10-25 18:10:00+00:00,53840,0,36.0,"[760, 760, 170, 170, 200, 200, 760, 760, 460, 460, 520, 520, 220, 220, 10180, 10180, 1040, 0, 1480, 1480, 9670, 9670, 210, 210, 400, 400, 0, 0, 550, 550, 210, 210, 530, 530, 80, 80]"
2020-10-25 18:15:00+00:00,24220,0,28.0,"[2350, 2350, 10, 10, 120, 120, 1100, 1100, 2200, 2200, 210, 890, 890, 10, 10, 470, 470, 2200, 2200, 1100, 1100, 1000, 1000, 30, 390, 390, 150, 150]"
2020-10-25 18:20:00+00:00,29920,0,24.0,"[60, 3910, 3910, 480, 480, 60, 920, 920, 270, 270, 150, 150, 3550, 3550, 570, 570, 20, 20, 30, 140, 140, 1530, 4110, 4110]"
2020-10-25 18:25:00+00:00,44940,0,32.0,"[210, 210, 1300, 1300, 9150, 9150, 410, 410, 550, 550, 440, 440, 430, 30, 30, 1060, 1060, 4470, 4470, 390, 460, 460, 150, 150, 850, 850, 1920, 1920, 120, 120, 940, 940]"
2020-10-25 18:30:00+00:00,237440,0,54.0,"[910, 910, 0, 20, 20, 0, 11660, 11660, 780, 780, 400, 400, 1710, 1710, 20, 20, 890, 890, 140, 100, 100, 16440, 16440, 20, 20, 30, 30, 1400, 1400, 3390, 3390, 11960, 11960, 2640, 2640, 190, 190, 1280, 1280, 20110, 20110, 5730, 5730, 5360, 5360, 400, 400, 5730, 5730, 2440, 2440, 1940, 24070, 24070]"
2020-10-25 18:35:00+00:00,150490,2,72.0,"[1030, 1030, 180, 180, 10, 10, 10, 10, 400, 400, 1060, 1060, 620, 620, 120, 120, 830, 830, 2340, 2340, 240, 240, 210, 210, 6210, 6210, 1110, 1110, 1980, 1980, 180, 1130, 180, 1130, 570, 570, 1000, 440, 440, 5880, 5880, 0, 0, 1920, 1920, 40, 40, 20, 20, 1000, 1000, 650, 650, 270, 270, 1120, 1120, 7060, 7060, 190, 33690, 33690, 190, 270, 270, 800, 800, 2230, 2230, 50, 910, 910]"
2020-10-25 18:40:00+00:00,349950,2,120.0,"[790, 790, 1360, 1360, 630, 630, 700, 700, 4370, 4370, 1420, 1420, 1550, 1550, 0, 50, 0, 440, 440, 25510, 25510, 310, 310, 800, 800, 220, 220, 1000, 1000, 60, 60, 9790, 9790, 420, 2090, 420, 2090, 86310, 86310, 140, 140, 12440, 12440, 70, 70, 510, 510, 130, 130, 940, 940, 960, 960, 800, 800, 840, 840, 0, 0, 760, 760, 1130, 1130, 2220, 320, 320, 2220, 1830, 1830, 800, 800, 1860, 1860, 230, 230, 260, 260, 300, 980, 300, 980, 60, 60, 2380, 2380, 110, 110, 120, 120, 110, 110, 130, 40, 740, 740, 610, 610, 290, 290, 120, 120, 610, 610, 100, 100, 560, 560, 120, 120, 280, 280, 940, 940, 80, 80, 260, 260, 1360, 1360, 1450]"
2020-10-25 18:45:00+00:00,254250,4,155.0,"[140, 140, 130, 130, 290, 290, 80, 80, 12800, 12800, 360, 360, 12760, 500, 140, 500, 140, 10, 10, 18150, 820, 820, 40, 40, 1010, 1010, 330, 330, 80, 1290, 80, 1290, 1210, 130, 130, 3170, 3170, 920, 920, 4450, 4450, 100, 100, 70, 70, 18150, 1080, 1110, 1110, 1080, 1760, 1760, 270, 2630, 270, 2630, 210, 210, 410, 410, 120, 360, 360, 120, 70, 70, 360, 360, 140, 920, 920, 280, 280, 700, 700, 820, 820, 2100, 2100, 360, 360, 690, 690, 5910, 5910, 3110, 380, 380, 170, 170, 300, 300, 230, 230, 50, 50, 840, 840, 440, 440, 940, 940, 270, 270, 530, 530, 250, 250, 17360, 17360, 140, 140, 660, 390, 390, 1760, 1760, 790, 790, 140, 440, 440, 140, 2060, 50, 50, 0, 0, 130, 130, 60, 60, 870, 870, 10330, 10330, 1640, 150, 150, 1640, 440, 440, 40, 40, 900, 900, 1830, 1830, 9510, 3300, 3300, 290, 290, 1780, 1780]"
2020-10-25 18:50:00+00:00,142690,0,115.0,"[50, 50, 530, 530, 120, 120, 420, 420, 430, 430, 740, 740, 1060, 1060, 290, 290, 1700, 180, 180, 20, 20, 800, 1920, 1920, 1460, 1460, 1050, 1170, 1170, 4360, 160, 160, 290, 290, 600, 600, 500, 500, 250, 250, 540, 540, 470, 470, 1970, 1970, 500, 500, 960, 960, 580, 580, 100, 100, 100, 100, 1520, 1520, 2300, 2300, 1760, 1760, 1420, 1420, 1090, 1090, 2100, 2100, 12760, 12760, 420, 420, 100, 100, 670, 670, 10320, 10320, 930, 930, 260, 260, 480, 480, 2060, 140, 140, 30, 30, 50, 50, 290, 290, 1520, 1520, 790, 790, 450, 450, 870, 870, 830, 830, 520, 520, 2570, 2570, 5290, 5290, 280, 280, 20, 20, 1170, 1170]"
2020-10-25 18:55:00+00:00,339200,0,117.0,"[620, 620, 20, 2220, 2220, 20, 230, 150, 230, 150, 100, 100, 1100, 1100, 130, 130, 450, 450, 590, 720, 720, 590, 470, 470, 2010, 2010, 450, 450, 140, 140, 290, 290, 640, 640, 20, 20, 20, 20, 710, 710, 140, 140, 340, 340, 1060, 1060, 570, 570, 160, 220, 220, 1350, 660, 100, 100, 250, 750, 750, 390, 390, 200, 200, 350, 350, 10400, 10400, 760, 760, 820, 20, 1220, 20, 700, 700, 200, 200, 1550, 1550, 120, 120, 640, 640, 2430, 2430, 1410, 1410, 119070, 7760, 119070, 1730, 1130, 1730, 1130, 50, 50, 560, 560, 400, 400, 2820, 2820, 430, 430, 360, 360, 20, 20, 2420, 420, 420, 2420, 390, 390, 220, 220, 40, 40]"
2020-10-25 19:00:00+00:00,445240,2,85.0,"[60, 60, 10, 10, 450, 450, 210, 1790, 520, 1790, 520, 1700, 1700, 220, 220, 160, 160, 920, 920, 430, 430, 520, 520, 220, 220, 100, 100, 200, 200, 11080, 11080, 1080, 1790, 20, 20, 540, 540, 2490, 2490, 200, 200, 100, 100, 40, 40, 1220, 1220, 220, 220, 1440, 1440, 750, 750, 176000, 176000, 11280, 11280, 330, 330, 2060, 980, 980, 170, 170, 330, 330, 160, 160, 760, 240, 240, 170, 170, 920, 920, 2150, 2150, 100, 100, 1190, 1190, 100, 100, 150, 150]"
2020-10-25 19:05:00+00:00,618630,2,93.0,"[80, 80, 1010, 1010, 1700, 1220, 1220, 870, 870, 320, 320, 580, 580, 1250, 1250, 240, 1850, 1850, 240, 870, 870, 250, 250, 870, 870, 440, 440, 410, 410, 80, 80, 60, 60, 2070, 2070, 600, 600, 4590, 4590, 0, 0, 40, 40, 1380, 1380, 1910, 1910, 80, 5600, 5600, 9410, 5180, 9410, 5180, 4310, 4310, 1350, 370, 370, 1060, 1060, 530, 530, 8860, 227920, 8860, 227920, 880, 880, 250, 250, 930, 280, 280, 930, 170, 170, 540, 540, 4220, 4220, 270, 270, 12120, 12120, 1500, 1500, 1110, 1110, 760, 490, 760, 490]"
2020-10-25 19:10:00+00:00,680720,2,120.0,"[140, 140, 2670, 440, 440, 220, 220, 2670, 2670, 900, 900, 100, 100, 60, 60, 4860, 4860, 1320, 1320, 20, 20, 230, 230, 840, 840, 140, 140, 10, 10, 2550, 9210, 2550, 9210, 80, 80, 44710, 520, 44710, 990, 990, 390, 390, 360, 360, 20, 20, 420, 420, 370, 370, 2170, 2170, 760, 760, 1230, 1230, 410, 410, 650, 650, 100, 100, 1250, 1250, 590, 590, 700, 700, 113260, 113260, 610, 610, 90, 90, 50, 220, 50, 220, 560, 560, 290, 570, 570, 370, 370, 1860, 1860, 450, 450, 113560, 1140, 113560, 1140, 20, 20, 490, 490, 130, 630, 630, 400, 400, 4250, 4250, 9030, 40, 40, 490, 60, 120, 490, 120, 60, 4860, 4860, 100, 100, 10000, 10000, 1860]"
2020-10-25 19:15:00+00:00,349040,4,114.0,"[1240, 1240, 540, 540, 60, 60, 80, 80, 1240, 10000, 10000, 20, 20, 50, 140, 50, 140, 320, 320, 400, 400, 3900, 3900, 220, 220, 80, 460, 460, 80, 210, 210, 260, 260, 13160, 13160, 360, 360, 670, 670, 20, 2140, 2140, 1350, 1350, 80, 80, 5580, 5580, 86310, 86310, 220, 220, 9740, 9740, 1000, 1000, 90, 90, 160, 160, 720, 540, 540, 500, 500, 1940, 1940, 90, 90, 7100, 650, 650, 280, 280, 1170, 1170, 30, 30, 460, 460, 130, 130, 10060, 1180, 1180, 10060, 100, 100, 30, 30, 3480, 3480, 7000, 2870, 2870, 100, 100, 0, 0, 230, 230, 960, 960, 250, 250, 470, 470, 660, 660, 1040, 1040, 0, 420, 420]"
2020-10-25 19:20:00+00:00,217310,2,97.0,"[120, 120, 8670, 8670, 160, 160, 9240, 9240, 1490, 1490, 190, 190, 1980, 50, 50, 800, 800, 570, 570, 4300, 4300, 310, 310, 2380, 2380, 520, 520, 1020, 1020, 50, 50, 330, 260, 330, 260, 70, 650, 650, 70, 810, 810, 3600, 3600, 2360, 2360, 2580, 2580, 5390, 5390, 160, 160, 220, 220, 2300, 2300, 620, 620, 1220, 1220, 160, 160, 10670, 430, 430, 1790, 26660, 26660, 1790, 1220, 1220, 360, 360, 220, 220, 220, 220, 1240, 1240, 6380, 6380, 60, 680, 680, 1790, 1790, 0, 0, 160, 160, 3400, 3400, 100, 100, 6590, 460, 460, 6590]"
2020-10-25 19:25:00+00:00,98930,0,85.0,"[650, 650, 140, 140, 70, 70, 770, 770, 460, 460, 660, 660, 13990, 13990, 60, 60, 300, 300, 360, 360, 200, 200, 10, 10, 80, 80, 620, 620, 220, 220, 290, 290, 1240, 2770, 2770, 160, 160, 940, 70, 70, 940, 640, 640, 840, 840, 80, 80, 70, 70, 8670, 8670, 150, 150, 1670, 1670, 430, 430, 4540, 4540, 140, 510, 220, 220, 310, 310, 1670, 1670, 2060, 2060, 1050, 1050, 350, 350, 680, 680, 230, 230, 100, 100, 740, 740, 40, 40, 1160, 1160]"
2020-10-25 19:30:00+00:00,106930,0,83.0,"[150, 150, 20, 50, 50, 2770, 2770, 1010, 1010, 600, 600, 440, 440, 160, 160, 950, 950, 600, 600, 250, 250, 400, 50, 50, 400, 100, 360, 360, 570, 570, 1430, 1430, 1590, 1590, 390, 630, 630, 510, 510, 790, 790, 4370, 4370, 1110, 1110, 80, 80, 6990, 6990, 1590, 280, 280, 1590, 240, 240, 720, 720, 1880, 1880, 1450, 1450, 80, 80, 130, 130, 780, 780, 720, 720, 160, 160, 6620, 6620, 4340, 4340, 1590, 1590, 5300, 5300, 470, 470, 1000, 1000]"
2020-10-25 19:35:00+00:00,419270,2,122.0,"[410, 410, 38150, 38150, 7710, 7710, 180, 180, 640, 1410, 1410, 640, 240, 240, 2100, 2100, 180, 180, 1180, 1180, 70, 70, 720, 720, 1090, 1020, 1020, 1090, 1020, 1020, 2200, 2200, 1770, 1770, 10, 20, 20, 530, 530, 1770, 1770, 1210, 2270, 2270, 1210, 470, 470, 460, 460, 130, 130, 9690, 9690, 60, 1130, 450, 1130, 450, 5380, 5380, 290, 290, 570, 570, 10, 10, 820, 820, 70, 11320, 11320, 70, 40, 40, 1030, 1030, 1440, 1440, 350, 350, 990, 990, 200, 200, 18990, 18990, 400, 400, 1990, 140, 140, 430, 430, 220, 220, 1560, 1560, 770, 770, 810, 810, 22240, 22240, 1490, 1490, 300, 300, 70, 1200, 1200, 1950, 1950, 2040, 2040, 20, 20, 100, 100, 210, 210]"
2020-10-25 19:40:00+00:00,126680,0,106.0,"[1200, 1200, 750, 10, 10, 2110, 2110, 3660, 3660, 40, 40, 130, 11320, 340, 1730, 1730, 130, 340, 11320, 11320, 1190, 1190, 1810, 1810, 20, 20, 220, 220, 1280, 1280, 360, 360, 3600, 80, 80, 80, 80, 1440, 1440, 370, 370, 550, 550, 570, 570, 180, 180, 200, 770, 200, 770, 1510, 260, 360, 260, 360, 2190, 2190, 1630, 1630, 280, 280, 860, 860, 450, 450, 400, 400, 3670, 490, 490, 50, 50, 100, 100, 20, 20, 5690, 140, 140, 1400, 1400, 3080, 3080, 130, 130, 390, 390, 30, 30, 210, 210, 520, 520, 770, 770, 60, 60, 130, 130, 5820, 5820, 390, 390, 250, 250]"
2020-10-25 19:45:00+00:00,23620,0,51.0,"[4490, 4490, 940, 940, 760, 960, 960, 760, 0, 0, 90, 90, 870, 870, 430, 430, 70, 70, 20, 20, 150, 150, 350, 350, 260, 260, 270, 270, 220, 220, 50, 50, 420, 420, 710, 710, 10, 10, 0, 0, 260, 30, 30, 150, 150, 110, 110, 100, 100, 220, 220]"
2020-10-25 19:50:00+00:00,206380,2,91.0,"[1460, 1460, 1280, 1280, 5490, 5490, 1430, 1430, 530, 4730, 4730, 270, 530, 530, 270, 190, 190, 70, 70, 2450, 2450, 750, 750, 420, 420, 80, 80, 1350, 1350, 500, 500, 2470, 2470, 440, 440, 270, 270, 920, 250, 250, 11930, 11930, 260, 680, 680, 490, 490, 2160, 2160, 550, 550, 820, 820, 11930, 11930, 10, 700, 10, 700, 140, 140, 6690, 6690, 1100, 1100, 380, 380, 1050, 1050, 720, 720, 430, 430, 4760, 32450, 32450, 3210, 180, 180, 240, 160, 160, 240, 70, 70, 320, 320, 270, 270, 450, 450]"
2020-10-25 19:55:00+00:00,91260,0,74.0,"[1330, 1330, 1920, 1920, 2070, 2070, 440, 440, 160, 310, 310, 6310, 6310, 300, 300, 300, 300, 460, 460, 410, 410, 420, 420, 270, 270, 120, 180, 180, 330, 330, 140, 140, 6020, 6020, 80, 80, 320, 320, 240, 240, 130, 130, 180, 180, 3930, 3930, 240, 240, 7140, 7140, 850, 850, 1620, 1620, 120, 120, 1130, 1130, 1310, 1310, 820, 820, 520, 520, 430, 430, 1820, 1820, 240, 240, 830, 830, 2330, 2330]"
2020-10-25 20:00:00+00:00,211480,2,70.0,"[220, 220, 3930, 3930, 2290, 2290, 350, 1180, 1180, 350, 210, 210, 1350, 1350, 4530, 630, 4530, 630, 390, 390, 6810, 6810, 330, 640, 1690, 640, 1690, 20, 20, 60, 60, 1840, 40, 40, 1770, 1770, 720, 720, 490, 2430, 490, 2430, 1600, 1600, 100, 100, 300, 300, 180, 180, 330, 330, 160, 160, 2080, 2080, 300, 300, 2950, 2950, 70, 70, 59080, 59080, 5790, 240, 3050, 3050, 1690, 1690]"
2020-10-25 20:05:00+00:00,201670,0,100.0,"[360, 360, 230, 230, 80, 80, 1120, 1120, 3480, 3480, 1960, 1960, 1840, 40, 670, 40, 670, 150, 150, 500, 500, 620, 620, 140, 140, 30790, 30790, 1070, 1070, 30, 30, 280, 280, 70, 70, 620, 620, 3430, 3430, 210, 1100, 1100, 8010, 8010, 770, 770, 950, 950, 6800, 1830, 1830, 950, 950, 350, 350, 530, 790, 790, 160, 160, 4110, 1470, 1470, 80, 80, 410, 3800, 3800, 410, 10930, 10930, 480, 480, 2510, 7680, 7680, 2510, 1430, 1430, 260, 260, 110, 110, 80, 80, 470, 470, 260, 260, 560, 1070, 1070, 50, 50, 1500, 1500, 580, 580, 90, 90]"
2020-10-25 20:10:00+00:00,64940,0,78.0,"[100, 100, 760, 760, 230, 190, 190, 230, 510, 510, 120, 120, 470, 470, 3280, 3280, 1110, 1110, 0, 0, 560, 560, 500, 800, 500, 40, 40, 520, 520, 220, 810, 810, 2640, 2640, 370, 370, 30, 30, 12080, 20, 20, 970, 970, 2210, 2210, 10, 10, 170, 170, 1150, 1150, 10, 510, 510, 360, 170, 360, 170, 160, 160, 350, 2020, 620, 620, 4490, 4490, 20, 20, 70, 70, 350, 350, 470, 470, 100, 100, 640, 640]"
2020-10-25 20:15:00+00:00,105830,0,63.0,"[10, 10, 10, 9310, 800, 800, 960, 960, 440, 440, 680, 680, 1320, 1320, 390, 390, 4060, 4060, 20, 20, 1450, 1450, 200, 200, 160, 160, 1810, 1810, 0, 0, 180, 1530, 1530, 18350, 18350, 410, 410, 1580, 2690, 200, 200, 120, 120, 1190, 1190, 6040, 6040, 420, 420, 1360, 1360, 480, 480, 950, 950, 400, 400, 1100, 1100, 400, 400, 780, 780]"
2020-10-25 20:20:00+00:00,146280,0,93.0,"[620, 620, 40, 40, 400, 400, 230, 520, 520, 230, 60, 60, 390, 390, 920, 920, 11500, 11500, 980, 980, 540, 540, 140, 140, 930, 1010, 930, 1010, 1880, 1880, 3370, 3370, 1870, 1870, 490, 490, 59080, 210, 210, 1400, 1400, 40, 40, 790, 790, 620, 620, 1310, 1310, 2650, 2650, 950, 950, 650, 650, 330, 330, 200, 680, 680, 450, 450, 230, 230, 420, 420, 160, 160, 210, 210, 140, 1230, 420, 1230, 420, 80, 80, 540, 460, 540, 460, 500, 500, 160, 160, 2450, 2450, 190, 190, 290, 120, 290, 120]"
2020-10-25 20:25:00+00:00,513870,2,149.0,"[420, 420, 3040, 3040, 5600, 5600, 1220, 1220, 650, 650, 1330, 1330, 500, 500, 540, 540, 190, 190, 750, 750, 1270, 1270, 910, 910, 4080, 4080, 310, 310, 110, 110, 430, 430, 4080, 4080, 98710, 8490, 8490, 98710, 500, 500, 220, 220, 250, 250, 1000, 1000, 130, 1760, 1970, 130, 1970, 200, 1230, 200, 1230, 390, 390, 480, 480, 1340, 1340, 100, 100, 50, 50, 960, 960, 950, 950, 370, 370, 470, 470, 390, 390, 860, 860, 1660, 1660, 1180, 1180, 890, 890, 390, 390, 2000, 14720, 1730, 1730, 2000, 14720, 330, 330, 2580, 2580, 400, 400, 1280, 580, 1280, 580, 540, 540, 500, 60, 500, 60, 1680, 1680, 470, 470, 60, 60, 90, 90, 240, 240, 530, 530, 660, 660, 10980, 10980, 660, 660, 250, 250, 1410, 1410, 35800, 35800, 740, 220, 740, 220, 1270, 950, 950, 1270, 140, 30, 30, 10, 25220, 25220, 430, 430, 960, 960]"
2020-10-25 20:30:00+00:00,468470,0,192.0,"[10280, 10280, 130, 2340, 130, 2340, 30, 30, 1130, 1130, 630, 630, 2400, 2400, 170, 400, 400, 860, 110, 110, 860, 180, 180, 210, 210, 1130, 1130, 790, 790, 740, 740, 1270, 1270, 370, 370, 410, 410, 1210, 1210, 960, 960, 5700, 5700, 540, 540, 14720, 14720, 43900, 43900, 20, 20, 50, 50, 1190, 320, 1190, 320, 300, 300, 860, 860, 280, 50, 280, 50, 230, 230, 280, 580, 580, 1380, 1380, 290, 450, 290, 450, 1540, 1540, 860, 860, 720, 720, 920, 920, 870, 870, 660, 660, 570, 570, 5700, 5700, 140, 140, 1180, 1180, 570, 570, 210, 440, 440, 210, 1340, 1340, 820, 820, 3600, 3600, 940, 940, 400, 400, 1180, 20, 1180, 20, 270, 270, 1340, 1340, 5480, 5480, 6220, 6220, 1760, 1760, 220, 220, 750, 750, 300, 300, 250, 250, 1980, 1980, 710, 710, 4220, 4220, 230, 230, 1410, 1410, 610, 610, 520, 520, 690, 320, 690, 320, 1620, 1620, 450, 450, 270, 270, 2540, 2540, 340, 340, 1040, 1040, 300, 300, 1070, 1070, 1040, 1040, 1080, 1080, 420, 420, 3470, 3470, 710, 710, 1380, 1380, 290, 290, 20, 70280, 20, 70280, 70, 70, 560, 560, 660, 660]"
2020-10-25 20:35:00+00:00,165560,0,140.0,"[140, 140, 160, 160, 390, 390, 300, 110, 300, 110, 1040, 1040, 9930, 3470, 3470, 3100, 3100, 450, 450, 10, 10, 1330, 1330, 3380, 460, 120, 460, 3380, 120, 120, 120, 350, 350, 360, 360, 1120, 1120, 1660, 1660, 910, 910, 480, 480, 830, 830, 110, 110, 830, 830, 190, 190, 3590, 3590, 320, 320, 100, 100, 20, 960, 960, 120, 120, 30, 30, 220, 220, 320, 320, 750, 750, 120, 120, 1120, 1120, 1440, 1440, 1130, 190, 190, 300, 300, 14780, 14780, 980, 980, 910, 910, 500, 500, 300, 300, 400, 400, 220, 220, 2040, 800, 800, 2500, 2500, 560, 560, 1070, 1070, 2100, 2100, 150, 150, 330, 330, 1070, 1070, 820, 820, 470, 470, 190, 190, 1050, 1050, 2280, 2280, 560, 560, 340, 340, 150, 150, 350, 350, 11350, 11350, 120, 120, 60, 100, 100, 60, 710, 710]"
2020-10-25 20:40:00+00:00,563900,2,162.0,"[710, 710, 400, 400, 910, 330, 330, 910, 30, 1620, 1620, 20, 20, 700, 700, 640, 510, 510, 1060, 1060, 900, 900, 300, 300, 580, 580, 1540, 1540, 450, 450, 251270, 220, 220, 1300, 1300, 3570, 3570, 180, 180, 490, 490, 380, 380, 90, 90, 670, 670, 10, 10, 260, 260, 1110, 1110, 80, 80, 6520, 910, 910, 6520, 1320, 420, 1320, 420, 1250, 1250, 710, 710, 30, 30, 270, 270, 1100, 1100, 800, 800, 150, 150, 80, 80, 350, 2480, 2480, 350, 50, 630, 630, 1220, 1220, 13050, 13050, 350, 350, 410, 410, 4400, 4400, 1710, 1710, 9850, 3220, 3220, 510, 510, 1080, 1080, 670, 670, 27440, 27440, 720, 730, 720, 730, 1760, 1760, 3460, 3460, 30, 30, 3900, 3900, 170, 3580, 170, 3580, 5440, 5440, 1160, 1160, 900, 900, 1860, 1860, 2760, 2760, 2370, 2370, 240, 240, 1860, 1860, 200, 200, 40, 100, 100, 2560, 2560, 380, 380, 300, 300, 11350, 690, 690, 11350, 30, 30, 240, 240, 14750, 14750]"
2020-10-25 20:45:00+00:00,262480,0,129.0,"[3340, 3340, 14360, 14360, 220, 220, 2010, 2010, 14360, 14360, 2710, 2710, 550, 550, 510, 510, 4480, 4480, 100, 100, 11350, 11350, 390, 390, 540, 540, 1020, 1020, 20, 80, 20, 80, 300, 300, 2920, 2920, 1010, 1010, 2940, 2940, 2690, 2690, 260, 260, 1200, 1200, 1310, 1310, 110, 110, 20, 890, 890, 20, 500, 500, 4310, 4310, 300, 28960, 28960, 630, 460, 460, 630, 40, 40, 630, 630, 1780, 1780, 160, 200, 160, 200, 160, 160, 880, 880, 540, 540, 470, 470, 920, 920, 660, 660, 40, 40, 110, 110, 60, 60, 460, 460, 530, 530, 740, 740, 460, 460, 1980, 1980, 1310, 1310, 380, 380, 1690, 1690, 2710, 2710, 6930, 6930, 90, 90, 1030, 1030, 520, 520, 160, 160, 280, 280, 260, 260, 250, 250, 110, 110]"
2020-10-25 20:50:00+00:00,223460,0,140.0,"[200, 200, 4790, 4790, 710, 710, 4420, 4420, 260, 260, 5550, 5550, 1720, 1720, 1900, 1900, 630, 1630, 630, 1630, 560, 560, 420, 420, 470, 1510, 470, 1510, 2760, 2760, 560, 560, 450, 380, 450, 380, 450, 880, 290, 290, 880, 20, 20, 110, 110, 110, 110, 110, 110, 1000, 1000, 50, 50, 20, 20, 340, 340, 1270, 1270, 750, 2040, 750, 2040, 2330, 2330, 250, 250, 590, 590, 110, 110, 630, 630, 500, 500, 120, 120, 280, 320, 320, 330, 330, 590, 590, 1720, 1720, 1190, 310, 310, 1190, 220, 220, 1070, 1070, 2250, 2250, 890, 890, 50, 50, 1320, 1320, 1840, 890, 890, 360, 360, 3160, 3160, 50, 50, 160, 160, 42890, 42890, 560, 600, 600, 2220, 190, 2220, 190, 480, 480, 200, 200, 780, 780, 4630, 2190, 2190, 770, 770, 50, 50, 230, 230, 1340, 1340, 1180]"
2020-10-25 20:55:00+00:00,368230,2,150.0,"[760, 760, 230, 230, 730, 730, 500, 500, 790, 790, 2620, 2620, 480, 480, 90, 90, 1090, 1090, 2620, 2620, 1300, 110, 110, 1700, 1700, 440, 440, 680, 680, 2950, 2950, 190, 20, 20, 190, 50, 50, 380, 380, 23740, 23740, 100, 100, 1240, 1240, 940, 940, 80, 480, 480, 30, 30, 130, 130, 970, 970, 1690, 1690, 80, 80, 720, 720, 80, 290, 290, 80, 410, 410, 2770, 230, 230, 790, 790, 1980, 1980, 7000, 520, 520, 71700, 71700, 380, 380, 760, 620, 760, 620, 100, 100, 330, 330, 7690, 7690, 140, 140, 760, 760, 370, 370, 190, 180, 180, 190, 880, 880, 210, 210, 50, 560, 50, 560, 300, 300, 610, 610, 8840, 8840, 380, 380, 50, 50, 0, 0, 240, 240, 1260, 1260, 19390, 19390, 1070, 1070, 920, 1850, 1850, 920, 10, 10, 180, 180, 220, 220, 120, 4290, 4290, 120, 150, 150, 1510, 1510, 1380, 1380]"
2020-10-25 21:00:00+00:00,483540,3,212.0,"[30, 10, 10, 30, 140, 140, 570, 570, 230, 440, 440, 230, 500, 500, 160, 160, 3690, 3690, 400, 400, 20, 20, 3970, 3970, 10, 10, 830, 230, 460, 830, 460, 230, 410, 410, 410, 410, 2890, 2890, 1800, 1800, 3350, 620, 620, 210, 13170, 13170, 1080, 510, 3600, 510, 1080, 200, 200, 1010, 1410, 1410, 1010, 1970, 1970, 610, 610, 270, 270, 120, 120, 160, 23350, 23350, 4520, 4520, 10, 10, 1810, 1810, 750, 750, 690, 690, 1380, 1380, 3200, 3200, 140, 140, 1510, 1510, 430, 430, 5410, 5410, 340, 340, 430, 430, 760, 80, 760, 80, 420, 420, 1210, 1210, 340, 680, 680, 340, 220, 1980, 220, 1980, 560, 1430, 560, 750, 160, 870, 750, 160, 870, 250, 250, 970, 970, 470, 470, 1390, 1390, 1510, 1510, 2140, 2140, 600, 600, 140, 2080, 2080, 440, 440, 1310, 10, 1310, 10, 140, 430, 140, 430, 60, 60, 1080, 240, 1080, 240, 330, 330, 1030, 1050, 1050, 730, 730, 1640, 1640, 960, 960, 150, 150, 1640, 1640, 0, 290, 290, 100, 100, 820, 120, 3350, 820, 120, 70, 70, 90, 90, 1480, 1480, 1630, 1630, 350, 350, 310, 310, 580, 580, 50, 50, 240, 240, 5840, 5840, 130, 130, 250, 290, 220, 290, 250, 220, 360, 360, 140, 140]"
2020-10-25 21:05:00+00:00,223530,2,139.0,"[20, 30, 20, 30, 2550, 2550, 40, 40, 740, 740, 2910, 2910, 690, 690, 4530, 4530, 530, 530, 230, 230, 280, 280, 910, 910, 780, 780, 3850, 310, 3850, 940, 940, 2200, 2200, 2160, 2160, 520, 520, 450, 450, 3120, 3120, 1400, 1400, 830, 120, 120, 830, 40, 40, 360, 1540, 1540, 360, 210, 210, 1400, 1400, 1080, 1300, 1080, 1300, 820, 820, 2140, 1900, 1900, 2140, 10, 170, 40, 40, 20, 20, 440, 440, 1040, 1040, 1460, 1460, 1430, 1040, 1040, 1430, 340, 340, 980, 980, 27360, 27360, 220, 220, 330, 330, 2020, 2020, 2030, 2030, 1060, 1060, 240, 240, 140, 140, 140, 140, 1220, 1220, 7210, 7210, 1080, 1080, 40, 40, 320, 320, 240, 240, 540, 540, 210, 14500, 14500, 210, 820, 820, 180, 180, 350, 350, 70, 550, 70, 550, 1640, 1640, 80, 80, 1520, 1520]"
2020-10-25 21:10:00+00:00,271270,2,166.0,"[140, 140, 620, 620, 180, 180, 1330, 210, 1330, 210, 260, 260, 130, 130, 1170, 1170, 270, 270, 780, 780, 170, 170, 1480, 1480, 940, 940, 550, 2380, 550, 350, 350, 10, 10, 5370, 5370, 960, 1400, 960, 1400, 440, 16610, 16610, 12350, 12350, 640, 640, 1880, 1880, 850, 280, 850, 280, 3750, 3750, 910, 910, 270, 270, 6120, 170, 6120, 170, 5920, 5920, 9530, 3620, 9530, 480, 2540, 480, 2540, 2400, 2400, 310, 90, 3830, 90, 3830, 130, 130, 520, 520, 1700, 1700, 1460, 1460, 1470, 1470, 470, 470, 340, 340, 2330, 2330, 1160, 1160, 60, 60, 40, 40, 130, 180, 180, 1790, 1790, 300, 300, 1220, 1220, 1840, 10, 10, 1840, 40, 1220, 1220, 40, 40, 1010, 1010, 6660, 6660, 150, 150, 230, 230, 1240, 1240, 100, 570, 80, 60, 60, 490, 1090, 490, 1090, 130, 130, 11060, 11060, 660, 640, 660, 640, 40, 80, 80, 250, 250, 1250, 1250, 470, 470, 80, 80, 470, 470, 320, 320, 160, 670, 160, 670]"
2020-10-25 21:15:00+00:00,92760,0,126.0,"[270, 40, 270, 450, 450, 2760, 80, 80, 2760, 640, 640, 2450, 2450, 140, 140, 40, 40, 3590, 3590, 380, 380, 2120, 2120, 80, 80, 100, 210, 210, 180, 180, 1460, 1460, 100, 610, 300, 300, 150, 150, 180, 50, 310, 310, 50, 10, 10, 1150, 1150, 210, 940, 940, 70, 70, 90, 90, 40, 40, 40, 570, 570, 250, 250, 1000, 1440, 1000, 1440, 1960, 1960, 580, 580, 1920, 1920, 90, 90, 3330, 180, 180, 3330, 2940, 2940, 220, 220, 1710, 90, 90, 1710, 1140, 1140, 170, 170, 250, 250, 570, 570, 160, 160, 1320, 1320, 80, 80, 20, 40, 40, 1120, 1120, 220, 220, 0, 0, 1710, 520, 1710, 520, 310, 310, 420, 420, 720, 720, 1740, 1740, 0, 0, 330, 330, 670, 670]"
2020-10-25 21:20:00+00:00,272150,0,121.0,"[1150, 1150, 920, 920, 1740, 1740, 20, 280, 280, 570, 570, 5230, 2580, 2580, 330, 330, 660, 660, 920, 1200, 920, 1200, 2830, 2830, 40, 40, 340, 340, 80, 700, 700, 50, 50, 720, 2110, 720, 2110, 70, 70, 1190, 1190, 20, 370, 370, 350, 350, 820, 820, 320, 320, 140, 850, 850, 350, 350, 17810, 17810, 29570, 29570, 630, 630, 260, 260, 960, 110, 960, 110, 700, 700, 860, 860, 570, 570, 80, 80, 40, 40, 180, 180, 690, 690, 460, 13320, 600, 13320, 600, 460, 220, 220, 930, 930, 1370, 1370, 29570, 29570, 20, 80, 20, 80, 410, 410, 1660, 1660, 40, 40, 2760, 2760, 150, 150, 360, 360, 150, 150, 530, 530, 2760, 2760, 3830, 3830, 190, 190]"
2020-10-25 21:25:00+00:00,197060,0,131.0,"[150, 150, 4070, 4070, 1700, 1700, 640, 640, 80, 80, 350, 350, 330, 330, 4120, 4120, 90, 610, 90, 610, 8580, 8580, 120, 120, 110, 110, 760, 420, 420, 90, 90, 470, 470, 100, 100, 120, 120, 12040, 12040, 230, 230, 40, 40, 1200, 1200, 400, 400, 490, 490, 140, 20, 350, 350, 210, 640, 3970, 3970, 640, 5230, 5230, 20, 20, 110, 110, 2310, 2310, 30440, 30440, 640, 640, 450, 450, 90, 90, 20, 20, 360, 360, 80, 80, 420, 420, 780, 520, 520, 780, 1030, 140, 1030, 140, 1170, 1170, 10, 10, 560, 560, 130, 130, 1070, 1070, 1840, 1840, 920, 920, 10, 10, 290, 2400, 2400, 160, 160, 2800, 2800, 40, 40, 150, 150, 180, 180, 110, 110, 560, 70, 560, 70, 730, 730, 90, 90, 670, 670]"
2020-10-25 21:30:00+00:00,106140,2,129.0,"[410, 410, 40, 40, 3220, 3220, 3910, 3910, 240, 240, 1840, 1840, 5150, 5150, 180, 180, 350, 350, 440, 440, 1710, 1710, 50, 50, 380, 380, 390, 390, 1160, 1160, 2970, 2970, 140, 100, 100, 140, 1650, 1650, 260, 260, 190, 190, 720, 720, 630, 630, 10, 10, 3230, 3230, 190, 190, 2250, 2250, 110, 400, 400, 110, 290, 290, 30, 30, 3390, 3390, 570, 570, 200, 200, 50, 50, 330, 330, 0, 0, 1760, 30, 30, 1280, 1280, 370, 370, 30, 30, 600, 330, 330, 1260, 1260, 250, 250, 620, 620, 430, 430, 50, 50, 40, 3960, 3960, 900, 900, 440, 440, 40, 40, 190, 190, 180, 180, 650, 650, 40, 40, 10, 670, 10, 670, 500, 400, 400, 500, 1070, 1070, 390, 390, 360, 360, 240, 240]"
2020-10-25 21:35:00+00:00,148670,0,142.0,"[20, 20, 20, 520, 870, 300, 520, 870, 300, 160, 160, 140, 140, 240, 280, 240, 280, 2160, 2160, 1420, 1420, 760, 760, 250, 660, 660, 2020, 2020, 380, 380, 480, 480, 320, 320, 420, 420, 260, 190, 190, 3800, 3800, 880, 880, 670, 670, 120, 120, 370, 370, 2130, 2130, 230, 230, 120, 120, 3970, 1460, 1460, 3970, 300, 300, 140, 140, 110, 110, 670, 670, 180, 180, 520, 590, 590, 520, 40, 450, 40, 450, 380, 380, 320, 320, 250, 250, 760, 760, 170, 170, 280, 400, 280, 400, 15710, 15710, 300, 300, 720, 720, 480, 480, 130, 130, 370, 370, 710, 710, 5520, 5520, 340, 360, 360, 930, 600, 930, 600, 1480, 1480, 340, 340, 60, 60, 5520, 460, 460, 870, 870, 1310, 1310, 5520, 2460, 2460, 1560, 1560, 50, 50, 460, 460, 130, 130, 2580, 2580, 140, 140]"
2020-10-25 21:40:00+00:00,85100,0,113.0,"[660, 440, 440, 580, 580, 1440, 1440, 280, 1030, 180, 1030, 180, 120, 120, 660, 660, 260, 260, 160, 160, 290, 290, 560, 560, 280, 280, 1040, 1040, 560, 560, 90, 90, 340, 340, 110, 110, 1290, 1290, 320, 320, 110, 110, 5520, 5520, 40, 40, 30, 30, 280, 280, 1560, 1560, 310, 310, 3740, 3740, 500, 500, 0, 0, 680, 680, 510, 510, 540, 540, 0, 1310, 1310, 610, 610, 490, 490, 1240, 1240, 340, 340, 120, 120, 1030, 1030, 2810, 2810, 650, 650, 2130, 2130, 180, 30, 180, 30, 940, 940, 120, 120, 680, 680, 120, 120, 780, 780, 1410, 0, 1410, 0, 3150, 3150, 180, 180, 40, 40, 150, 150]"
2020-10-25 21:45:00+00:00,90300,0,98.0,"[150, 150, 560, 560, 1130, 1130, 230, 230, 1900, 1900, 270, 760, 760, 270, 190, 190, 410, 410, 180, 180, 80, 80, 180, 180, 150, 430, 140, 140, 510, 510, 2180, 2180, 100, 100, 5140, 5140, 12360, 80, 80, 820, 820, 4220, 1780, 1780, 170, 560, 170, 560, 150, 150, 160, 160, 470, 470, 40, 40, 180, 180, 50, 50, 610, 610, 460, 460, 2310, 2310, 710, 710, 430, 430, 4150, 4150, 530, 530, 3040, 3040, 30, 30, 100, 490, 490, 430, 430, 2360, 2360, 510, 510, 480, 480, 650, 650, 30, 30, 370, 370, 210, 210, 300]"
2020-10-25 21:50:00+00:00,138590,6,98.0,"[3540, 3540, 1980, 1980, 270, 270, 440, 440, 850, 850, 360, 160, 160, 160, 160, 0, 0, 40, 40, 170, 170, 750, 750, 20, 20, 340, 370, 370, 340, 100, 100, 690, 690, 1420, 1420, 240, 240, 6460, 6460, 1730, 1730, 50, 50, 700, 1460, 1460, 780, 260, 910, 910, 530, 530, 8440, 13510, 13510, 250, 250, 160, 160, 1360, 1360, 800, 800, 1060, 1060, 13680, 13680, 190, 190, 1010, 1010, 240, 240, 1050, 1050, 150, 200, 150, 200, 160, 160, 430, 430, 310, 310, 560, 560, 250, 660, 660, 90, 90, 1120, 1120, 20, 20]"
2020-10-25 21:55:00+00:00,283040,4,134.0,"[560, 390, 700, 1100, 700, 1100, 600, 600, 130, 130, 1320, 1320, 660, 660, 240, 240, 730, 2780, 2780, 230, 230, 760, 760, 1220, 1220, 80, 80, 290, 290, 30, 30, 220, 220, 1220, 1220, 920, 920, 480, 480, 1520, 1520, 50, 50, 260, 260, 160, 160, 0, 0, 1060, 1060, 870, 870, 720, 200, 200, 720, 1300, 3060, 1300, 3060, 90, 90, 140, 140, 10, 10, 3200, 3200, 13120, 40, 40, 13120, 0, 1450, 7370, 0, 1450, 7370, 210, 210, 0, 0, 950, 950, 290, 290, 480, 480, 320, 36810, 36810, 320, 570, 570, 290, 290, 1870, 1870, 3380, 3380, 580, 580, 80, 80, 950, 950, 20670, 20670, 100, 30, 100, 30, 9760, 9760, 150, 150, 450, 450, 540, 540, 890, 890, 2080, 350, 350, 260, 260, 3760, 3760, 8130, 8130, 170, 170]"
2020-10-25 22:00:00+00:00,231620,0,143.0,"[3140, 3140, 120, 120, 140, 140, 1400, 1400, 200, 200, 150, 150, 1050, 1050, 0, 0, 700, 1200, 700, 1200, 1620, 1620, 240, 100, 240, 100, 90, 90, 3610, 890, 890, 1180, 10, 1180, 10, 1380, 1380, 3810, 3810, 1590, 1590, 240, 1380, 1380, 620, 620, 11140, 11140, 500, 500, 4040, 450, 4040, 450, 500, 500, 60, 60, 20, 20, 300, 300, 30, 30, 140, 140, 40, 40, 170, 170, 2710, 2710, 300, 300, 1000, 1000, 20, 20, 430, 430, 260, 260, 7080, 7080, 80, 80, 47200, 47200, 0, 0, 170, 170, 70, 70, 2020, 70, 70, 2020, 970, 970, 70, 70, 720, 720, 960, 960, 760, 760, 290, 40, 40, 290, 740, 740, 160, 160, 380, 380, 630, 630, 840, 840, 550, 550, 180, 180, 240, 240, 40, 40, 130, 130, 260, 260, 610, 610, 460, 1530, 460, 1530, 5290, 870, 870]"
2020-10-25 22:05:00+00:00,307210,2,205.0,"[170, 170, 370, 370, 1220, 1220, 230, 230, 40, 40, 510, 5460, 5460, 510, 60, 60, 3770, 420, 420, 470, 470, 80, 80, 240, 240, 1650, 1650, 550, 550, 400, 400, 580, 580, 400, 400, 360, 2360, 360, 2360, 90, 90, 350, 2320, 2320, 350, 1010, 100, 100, 2060, 2060, 60, 60, 670, 670, 620, 960, 620, 960, 430, 430, 380, 380, 510, 510, 950, 1000, 1000, 950, 1040, 1040, 1740, 1740, 190, 190, 30, 350, 350, 30, 2640, 2640, 80, 980, 980, 80, 240, 220, 240, 220, 270, 270, 890, 890, 180, 180, 3260, 3260, 30, 30, 1290, 1290, 40, 40, 410, 410, 1730, 1730, 540, 540, 12140, 12140, 1060, 1060, 330, 330, 570, 570, 100, 100, 1170, 800, 70, 70, 800, 1170, 520, 520, 1200, 2640, 1200, 2640, 600, 600, 400, 400, 1500, 1500, 1220, 1220, 110, 110, 390, 880, 390, 880, 7580, 7580, 320, 320, 440, 440, 0, 0, 90, 90, 930, 930, 4500, 4500, 1150, 1150, 440, 440, 2710, 2710, 4910, 4910, 390, 390, 960, 960, 420, 80, 510, 20, 20, 3780, 3780, 2990, 880, 880, 2990, 10090, 10090, 560, 560, 1540, 1540, 90, 8520, 8520, 530, 0, 530, 0, 10270, 10270, 130, 130, 18410, 18410, 160, 160, 400, 400, 90]"
2020-10-25 22:10:00+00:00,284750,0,201.0,"[630, 630, 270, 270, 480, 480, 460, 460, 10, 17650, 70, 70, 170, 170, 30, 230, 230, 30, 30, 9900, 10, 10, 460, 460, 5250, 1850, 1030, 1850, 5250, 560, 560, 20, 20, 70, 70, 140, 140, 29040, 29040, 1250, 1250, 340, 340, 710, 710, 20, 20, 500, 500, 130, 130, 140, 140, 500, 500, 1110, 1110, 16080, 16080, 70, 70, 1030, 160, 1030, 160, 1200, 1200, 1560, 1560, 10, 10, 230, 230, 770, 770, 170, 400, 170, 400, 1280, 1280, 90, 90, 70, 410, 70, 410, 3070, 3070, 1120, 1120, 1620, 1620, 1420, 1420, 180, 180, 260, 260, 2160, 2160, 80, 80, 130, 1980, 1980, 130, 60, 60, 170, 170, 2610, 20, 20, 970, 970, 530, 530, 830, 830, 400, 400, 190, 190, 0, 0, 300, 440, 300, 440, 630, 630, 1030, 1030, 1200, 240, 240, 1200, 1320, 1320, 170, 170, 320, 320, 510, 510, 130, 130, 240, 240, 2880, 2880, 310, 310, 470, 470, 250, 250, 800, 800, 430, 430, 540, 140, 280, 340, 1660, 140, 540, 1660, 280, 340, 80, 80, 1840, 1840, 260, 260, 580, 580, 1720, 1720, 1780, 1780, 260, 260, 640, 640, 630, 630, 360, 630, 630, 10, 10, 370, 370, 390, 390, 19600, 19600]"
2020-10-25 22:15:00+00:00,222280,3,157.0,"[3660, 3660, 1410, 1410, 770, 770, 390, 390, 250, 250, 590, 590, 320, 320, 1510, 1510, 2190, 7020, 2190, 7020, 2930, 2930, 400, 400, 160, 160, 60, 3750, 420, 3750, 420, 60, 2440, 460, 2440, 460, 2500, 540, 540, 140, 140, 60, 60, 2420, 2420, 200, 200, 180, 180, 450, 450, 550, 550, 1210, 1210, 230, 230, 150, 150, 2820, 2820, 400, 400, 310, 310, 440, 440, 430, 430, 5510, 310, 10, 10, 310, 720, 720, 130, 130, 400, 400, 680, 5560, 680, 5560, 150, 150, 50, 16890, 16890, 140, 140, 6280, 6280, 1130, 1130, 850, 850, 5400, 690, 5400, 690, 90, 90, 640, 640, 1160, 1160, 380, 380, 310, 330, 310, 330, 380, 1420, 1420, 380, 1960, 20, 20, 1960, 230, 230, 8470, 8470, 690, 690, 1170, 1170, 20, 20, 310, 310, 690, 690, 1140, 1140, 20, 20, 450, 450, 3460, 3460, 200, 200, 1830, 1830, 740, 880, 740, 880, 530, 530, 380, 380, 610, 610]"
2020-10-25 22:20:00+00:00,159480,2,161.0,"[2410, 2410, 170, 240, 360, 130, 360, 240, 170, 130, 750, 750, 90, 90, 400, 400, 540, 540, 120, 120, 420, 420, 80, 80, 340, 340, 180, 180, 730, 1340, 730, 1340, 1520, 1520, 680, 680, 20, 20, 680, 680, 340, 340, 1040, 1040, 510, 510, 5860, 5860, 340, 340, 430, 200, 200, 3660, 3660, 180, 180, 180, 180, 180, 4390, 4390, 180, 1170, 1170, 250, 250, 50, 50, 700, 700, 2470, 2470, 740, 740, 360, 360, 50, 50, 5640, 5640, 300, 300, 590, 590, 590, 2070, 2070, 460, 460, 350, 350, 130, 130, 13410, 13410, 2750, 2750, 2220, 2220, 1260, 660, 660, 0, 0, 3540, 3540, 1620, 1620, 410, 410, 20, 20, 0, 0, 1200, 1200, 80, 80, 800, 800, 0, 0, 590, 590, 390, 390, 370, 370, 620, 620, 210, 210, 180, 180, 500, 340, 500, 340, 50, 50, 10, 10, 1730, 1730, 580, 580, 250, 250, 210, 210, 590, 50, 590, 50, 1270, 1270, 140, 140, 400, 400]"
2020-10-25 22:25:00+00:00,321570,0,171.0,"[1270, 1270, 250, 250, 270, 270, 10, 10, 880, 880, 190, 190, 1090, 1090, 400, 400, 930, 930, 160, 160, 440, 440, 10, 930, 930, 10, 470, 470, 920, 920, 30, 60, 60, 670, 670, 1170, 1170, 320, 320, 880, 880, 8170, 1200, 1200, 8170, 67300, 67300, 2930, 2930, 1070, 1070, 30, 30, 290, 130, 130, 40, 40, 80, 80, 90, 480, 480, 90, 110, 110, 330, 330, 1620, 1620, 910, 910, 620, 620, 2040, 2040, 10160, 10160, 3160, 3160, 4710, 4710, 80, 80, 860, 860, 160, 160, 1300, 770, 770, 350, 190, 190, 350, 2310, 2310, 150, 150, 160, 680, 680, 80, 80, 250, 4710, 4710, 240, 4420, 240, 1200, 1200, 130, 130, 500, 490, 490, 500, 6060, 6060, 110, 110, 440, 440, 10, 700, 700, 120, 120, 6060, 6060, 310, 310, 270, 270, 380, 760, 760, 760, 760, 380, 1020, 1020, 10, 20, 50, 620, 50, 620, 290, 290, 1050, 1050, 590, 590, 210, 210, 20, 20, 2760, 2760, 380, 380, 2480, 2480, 2180, 2180, 40, 40, 480, 480]"
2020-10-25 22:30:00+00:00,115900,0,135.0,"[3190, 3190, 600, 600, 1100, 1100, 3690, 3690, 250, 250, 2760, 890, 890, 2760, 390, 390, 770, 770, 850, 850, 590, 170, 170, 390, 390, 2020, 2020, 880, 880, 100, 100, 480, 480, 270, 270, 250, 250, 170, 170, 640, 640, 80, 80, 920, 20, 920, 100, 100, 80, 80, 340, 340, 20, 1920, 1920, 760, 760, 80, 80, 80, 80, 220, 220, 6770, 6770, 190, 190, 170, 170, 10, 10, 20, 700, 700, 360, 360, 290, 290, 3050, 570, 570, 5040, 450, 450, 5040, 170, 170, 320, 320, 3100, 3100, 90, 90, 190, 190, 660, 660, 80, 80, 2450, 2450, 660, 660, 140, 140, 1160, 1160, 110, 420, 690, 420, 690, 110, 120, 120, 390, 390, 830, 830, 1680, 1680, 570, 570, 450, 450, 560, 560, 300, 300, 900, 900, 70, 70, 1000, 1000]"
2020-10-25 22:35:00+00:00,170040,2,107.0,"[90, 90, 690, 690, 40, 40, 1630, 1630, 180, 180, 1160, 1160, 2580, 2580, 320, 320, 1980, 1980, 420, 420, 50, 50, 620, 530, 530, 120, 120, 2380, 2380, 510, 510, 1220, 1220, 1480, 1480, 8710, 8710, 390, 6770, 390, 6770, 90, 90, 280, 1310, 1310, 280, 20, 20, 300, 300, 840, 840, 700, 700, 580, 580, 29800, 640, 640, 290, 4720, 1370, 1370, 1140, 1140, 510, 510, 1080, 1080, 180, 180, 700, 700, 2420, 2420, 970, 970, 260, 260, 1140, 1140, 2420, 2420, 1190, 1190, 440, 440, 18870, 970, 970, 3140, 3140, 2900, 2900, 180, 180, 250, 250, 100, 100, 140, 140, 180, 180, 180, 180]"
2020-10-25 22:40:00+00:00,173200,2,117.0,"[4840, 4840, 340, 6110, 340, 6110, 650, 650, 320, 320, 370, 370, 380, 60, 380, 60, 610, 610, 180, 180, 750, 750, 60, 60, 30, 30, 150, 150, 190, 190, 90, 90, 3090, 3090, 4530, 4530, 140, 140, 140, 140, 710, 710, 3090, 3090, 290, 290, 770, 770, 6410, 6410, 2850, 60, 60, 2230, 2230, 6740, 6740, 1390, 1390, 2540, 2540, 560, 560, 110, 110, 620, 620, 220, 4690, 4690, 20, 20, 1400, 1400, 7430, 7430, 760, 760, 450, 180, 180, 150, 150, 590, 590, 1320, 3190, 1320, 3190, 1500, 1500, 620, 620, 10, 10, 760, 760, 370, 370, 180, 180, 280, 280, 1070, 1070, 10, 10, 110, 50, 110, 50, 630, 630, 150, 150]"
2020-10-25 22:45:00+00:00,386150,2,151.0,"[970, 970, 1700, 1700, 350, 350, 90, 90, 1440, 800, 800, 1440, 2730, 2730, 350, 350, 380, 380, 170, 130, 130, 170, 1850, 1850, 320, 320, 430, 430, 1420, 90, 1420, 90, 14990, 14990, 240, 240, 60, 60, 430, 430, 770, 770, 940, 940, 650, 650, 10, 830, 830, 30, 30, 80, 80, 4860, 4860, 130, 130, 1570, 1570, 580, 580, 600, 600, 480, 480, 180, 180, 130, 130, 2340, 2340, 660, 660, 200, 200, 70, 200, 70, 200, 32900, 32900, 0, 21360, 21360, 190, 190, 720, 720, 380, 54950, 54950, 380, 190, 190, 1840, 2660, 2660, 1840, 2940, 20, 2940, 20, 100, 100, 1280, 1280, 1460, 580, 580, 2110, 2110, 250, 420, 420, 250, 1740, 1740, 710, 710, 1320, 1320, 190, 190, 660, 660, 370, 370, 750, 750, 410, 410, 3830, 3830, 1200, 1200, 300, 300, 880, 880, 2830, 2830, 260, 260, 390, 390, 6060, 3080, 3080, 6060, 230, 230]"
2020-10-25 22:50:00+00:00,372440,2,199.0,"[750, 750, 450, 450, 2970, 2970, 370, 370, 1470, 1470, 1290, 1290, 25050, 25050, 620, 70, 70, 620, 1020, 1020, 140, 110, 110, 140, 230, 230, 80, 80, 2210, 100, 240, 240, 100, 980, 980, 80, 80, 3310, 3310, 1910, 1910, 1740, 380, 380, 1740, 440, 440, 100, 100, 4560, 4560, 300, 300, 980, 980, 2600, 2600, 300, 860, 170, 170, 300, 860, 270, 270, 480, 270, 80, 80, 270, 2290, 2290, 790, 790, 260, 260, 40, 40, 2280, 2280, 460, 460, 420, 80, 100, 420, 100, 1460, 250, 320, 250, 320, 360, 360, 1880, 1880, 100, 100, 360, 360, 3280, 3280, 340, 1070, 1070, 2040, 2040, 160, 160, 750, 150, 150, 750, 3720, 3720, 14610, 340, 14610, 340, 0, 0, 140, 11250, 11250, 340, 340, 1840, 5910, 5910, 1840, 13540, 2630, 2630, 100, 100, 0, 0, 790, 790, 1280, 4340, 4340, 100, 100, 11250, 11250, 150, 150, 360, 360, 10, 1190, 10, 1190, 490, 490, 440, 440, 11250, 11250, 11250, 11250, 11250, 11250, 200, 200, 80, 80, 1080, 1080, 50, 50, 190, 190, 70, 70, 110, 2320, 320, 110, 320, 2320, 150, 870, 870, 40, 40, 120, 120, 480, 480, 470, 470, 140, 140, 1280, 1280]"
2020-10-25 22:55:00+00:00,361130,4,184.0,"[580, 580, 5010, 5010, 40, 40, 140, 1780, 140, 110, 1780, 110, 820, 820, 26520, 26520, 390, 390, 350, 350, 80, 80, 830, 40, 40, 830, 380, 380, 260, 20, 260, 20, 150, 150, 5280, 5280, 360, 360, 870, 1800, 1800, 870, 360, 360, 180, 180, 15050, 15050, 160, 160, 280, 280, 6150, 6150, 20, 20, 610, 24520, 24520, 610, 7500, 7500, 230, 230, 1930, 630, 630, 1200, 1200, 2810, 2810, 840, 4330, 4330, 840, 450, 450, 140, 140, 300, 300, 70, 70, 820, 820, 1010, 1010, 270, 270, 720, 720, 2870, 2870, 480, 480, 0, 0, 50, 50, 350, 350, 1480, 1480, 880, 880, 50, 50, 1190, 1190, 130, 2920, 2130, 2130, 2920, 130, 150, 900, 150, 900, 10, 10, 3130, 3130, 210, 600, 210, 600, 2740, 2740, 650, 650, 190, 190, 1540, 1540, 60, 60, 660, 660, 150, 150, 5270, 5270, 1800, 1800, 550, 550, 1240, 1240, 1000, 1000, 550, 620, 550, 620, 420, 420, 330, 330, 230, 230, 2380, 200, 200, 2380, 310, 310, 2220, 2220, 470, 470, 400, 3100, 3100, 770, 770, 1340, 1340, 1440, 1440, 11060, 11060]"
2020-10-25 23:00:00+00:00,327500,2,184.0,"[40, 790, 790, 40, 590, 590, 440, 440, 230, 230, 670, 670, 0, 0, 850, 850, 860, 860, 690, 690, 3340, 3340, 140, 140, 280, 280, 70, 110, 110, 59080, 59080, 6140, 6140, 4420, 4420, 100, 100, 200, 200, 3160, 3160, 370, 370, 5970, 5970, 220, 220, 680, 230, 230, 680, 1200, 1200, 710, 900, 710, 900, 80, 240, 240, 80, 1470, 1470, 3340, 3340, 2230, 2230, 390, 390, 930, 930, 180, 180, 540, 540, 100, 640, 100, 640, 370, 370, 200, 200, 10380, 10380, 140, 140, 2830, 2830, 2250, 2250, 0, 0, 90, 90, 2610, 2610, 750, 750, 20, 2910, 20, 2910, 330, 330, 2760, 400, 920, 920, 2760, 400, 250, 250, 320, 790, 320, 790, 1800, 1800, 910, 3590, 3590, 910, 1320, 1320, 900, 900, 130, 130, 1320, 1320, 260, 260, 190, 190, 590, 590, 300, 130, 300, 130, 1020, 1020, 500, 4360, 500, 4360, 690, 690, 50, 50, 360, 360, 60, 60, 250, 250, 3660, 3660, 2400, 2400, 220, 220, 250, 250, 2800, 2800, 360, 360, 230, 230, 870, 870, 380, 380, 390, 390, 160, 160, 1240, 1240, 1090, 1090, 130]"
2020-10-25 23:05:00+00:00,243350,0,157.0,"[330, 180, 180, 330, 3070, 3070, 430, 430, 540, 540, 1100, 1100, 90, 140, 140, 200, 200, 470, 470, 680, 540, 540, 1070, 1070, 3910, 3910, 630, 630, 1400, 1400, 1470, 1470, 2140, 2140, 720, 720, 1140, 1140, 370, 370, 840, 840, 660, 660, 1470, 1470, 300, 300, 3940, 3940, 860, 860, 150, 150, 130, 130, 100, 100, 2240, 120, 120, 2240, 570, 570, 1800, 1800, 860, 8980, 2170, 8980, 860, 2170, 3040, 3040, 2650, 2650, 720, 720, 880, 370, 3140, 880, 3140, 370, 5950, 5950, 6420, 6420, 160, 160, 60, 60, 1500, 1500, 1210, 13540, 1210, 13540, 210, 210, 670, 670, 30, 1250, 1250, 1140, 1140, 890, 890, 1320, 1320, 290, 130, 130, 6490, 6490, 1970, 1970, 1970, 1970, 610, 610, 340, 340, 700, 700, 1190, 1190, 420, 420, 100, 100, 1040, 1040, 100, 100, 3660, 3660, 1000, 1000, 570, 570, 560, 60, 560, 60, 510, 510, 190, 190, 2120, 2120, 140, 140, 120, 120, 13960]"
2020-10-25 23:10:00+00:00,193410,0,180.0,"[0, 0, 390, 390, 240, 240, 1350, 1350, 1630, 160, 160, 1630, 580, 580, 0, 1920, 580, 580, 1920, 80, 80, 380, 380, 1470, 1470, 2090, 2090, 1240, 1240, 870, 870, 150, 150, 300, 300, 1320, 1320, 2880, 2880, 240, 240, 200, 200, 400, 280, 400, 280, 290, 450, 450, 60, 160, 160, 240, 240, 200, 200, 1220, 910, 910, 370, 670, 670, 370, 500, 500, 660, 660, 1760, 1760, 12190, 12190, 950, 950, 40, 420, 40, 420, 540, 540, 500, 500, 210, 210, 1290, 1290, 1360, 40, 1360, 40, 580, 580, 40, 40, 440, 440, 90, 90, 30, 30, 540, 540, 70, 70, 5410, 5410, 110, 110, 110, 340, 50, 340, 50, 20, 20, 150, 150, 0, 0, 50, 50, 1070, 1070, 440, 440, 140, 140, 40, 40, 770, 770, 370, 370, 600, 600, 2160, 2000, 2000, 2160, 1720, 1720, 220, 220, 4450, 820, 1860, 820, 1860, 380, 380, 600, 600, 1380, 1380, 390, 390, 0, 0, 4450, 4450, 13960, 13960, 4760, 4760, 1150, 1150, 680, 660, 680, 660, 660, 660, 730, 750, 730, 750, 310, 310, 440, 440]"
2020-10-25 23:15:00+00:00,226170,0,158.0,"[470, 470, 2510, 2510, 80, 80, 23240, 23240, 80, 80, 70, 70, 620, 620, 2500, 2500, 410, 410, 1240, 1240, 320, 520, 520, 320, 700, 700, 820, 820, 2140, 130, 2140, 130, 1280, 1020, 1280, 1020, 280, 280, 3050, 3050, 660, 660, 2230, 2230, 1040, 1040, 1010, 1010, 50, 50, 400, 400, 120, 120, 8550, 8550, 80, 80, 1350, 1350, 140, 140, 510, 510, 910, 100, 910, 100, 10, 10, 380, 380, 240, 240, 60, 1060, 60, 1060, 640, 640, 250, 250, 530, 530, 1190, 3060, 3060, 1190, 170, 350, 700, 350, 700, 120, 120, 140, 140, 170, 170, 210, 660, 660, 210, 3720, 3720, 170, 170, 1150, 1150, 430, 430, 1810, 1810, 5670, 5670, 460, 460, 11480, 11480, 80, 80, 840, 840, 800, 800, 210, 210, 890, 890, 490, 490, 5190, 5190, 320, 320, 240, 240, 440, 50, 50, 860, 860, 80, 80, 1540, 1540, 5260, 760, 5260, 760, 70, 690, 70, 690, 1080, 1080, 40, 40]"
2020-10-25 23:20:00+00:00,413850,0,177.0,"[760, 760, 100, 100, 200, 200, 2420, 2420, 600, 600, 340, 340, 280, 280, 2240, 780, 2240, 780, 680, 680, 4200, 4200, 400, 400, 70, 70, 80, 80, 3200, 3200, 240, 240, 1180, 1180, 1320, 1320, 47770, 47770, 1540, 1540, 180, 180, 990, 990, 940, 940, 450, 450, 1310, 1310, 2810, 2810, 30, 30, 780, 780, 3920, 3920, 380, 380, 780, 780, 510, 50, 510, 710, 710, 160, 160, 8030, 8030, 50, 50, 2540, 2540, 190, 190, 1120, 1120, 58000, 58000, 1180, 1180, 4760, 4760, 1780, 1780, 1300, 1300, 620, 620, 140, 150, 150, 140, 1120, 1120, 1690, 1690, 270, 270, 450, 450, 410, 410, 1070, 120, 1070, 120, 4110, 4110, 160, 760, 160, 760, 980, 980, 2010, 2010, 410, 410, 350, 220, 220, 350, 210, 770, 210, 770, 140, 720, 140, 720, 240, 240, 140, 2020, 2020, 2140, 2140, 1330, 1330, 120, 120, 340, 340, 1190, 1190, 3520, 3520, 1080, 170, 170, 1080, 1540, 1540, 520, 520, 2720, 2720, 210, 210, 1680, 1680, 240, 240, 190, 190, 200, 200, 3900, 710, 710, 530, 530]"
2020-10-25 23:25:00+00:00,233520,0,219.0,"[700, 2420, 700, 2420, 1080, 1080, 240, 180, 180, 240, 160, 160, 230, 2500, 2500, 230, 2780, 2780, 400, 70, 70, 400, 1240, 1240, 590, 590, 650, 650, 1820, 1820, 20, 20, 910, 910, 170, 170, 300, 300, 610, 610, 830, 10000, 4160, 25020, 25020, 4160, 830, 380, 380, 2680, 2680, 280, 280, 1540, 1540, 1170, 1170, 1820, 1820, 1160, 1160, 80, 80, 710, 710, 610, 610, 1100, 1100, 590, 590, 1670, 1670, 140, 1150, 140, 1150, 200, 200, 420, 420, 10, 10, 950, 950, 1930, 1930, 110, 110, 2290, 2290, 3710, 3710, 100, 100, 310, 310, 260, 260, 260, 260, 260, 260, 260, 260, 730, 730, 70, 70, 590, 590, 170, 170, 270, 270, 530, 530, 1790, 1790, 730, 730, 450, 450, 180, 180, 140, 140, 560, 2240, 560, 2240, 680, 380, 680, 380, 210, 210, 390, 360, 390, 360, 300, 20, 300, 20, 70, 70, 1270, 1270, 440, 440, 850, 850, 500, 280, 500, 280, 50, 110, 50, 110, 3010, 3010, 380, 380, 130, 130, 650, 650, 230, 230, 880, 880, 1620, 1620, 1400, 1400, 1500, 1500, 850, 850, 80, 620, 620, 80, 110, 110, 690, 690, 620, 620, 1480, 1480, 500, 500, 940, 940, 180, 180, 580, 580, 640, 640, 1700, 1700, 340, 340, 3360, 3360, 90, 320, 90, 320, 750, 750, 430, 430, 90, 90]"
2020-10-25 23:30:00+00:00,394570,0,165.0,"[160, 160, 1420, 1420, 800, 800, 130, 130, 1460, 1460, 1150, 1150, 470, 470, 2720, 2720, 130, 130, 107500, 107500, 11640, 11640, 4310, 4310, 340, 340, 720, 720, 140, 310, 310, 140, 1770, 1770, 980, 980, 410, 410, 1310, 1310, 2540, 2540, 410, 410, 40, 40, 490, 490, 1000, 1000, 1310, 210, 210, 1310, 150, 150, 1310, 1310, 340, 340, 730, 730, 50, 50, 1140, 1120, 1120, 830, 830, 30, 340, 340, 320, 320, 8610, 370, 220, 8610, 810, 220, 370, 810, 220, 220, 940, 940, 110, 110, 4960, 4960, 1180, 1180, 1580, 1580, 3360, 3360, 40, 2740, 2740, 220, 220, 510, 510, 660, 660, 120, 720, 120, 720, 670, 670, 210, 210, 310, 310, 380, 380, 910, 910, 2950, 20, 20, 2950, 590, 590, 110, 430, 110, 430, 340, 340, 950, 950, 350, 960, 960, 350, 1050, 280, 280, 1050, 340, 340, 310, 310, 280, 280, 700, 610, 610, 700, 260, 260, 1790, 1790, 1020, 1020, 720, 720, 880, 140, 140, 880, 2730, 2730]"
2020-10-25 23:35:00+00:00,213460,0,201.0,"[1720, 1720, 90, 1000, 90, 1000, 680, 680, 940, 940, 300, 300, 680, 680, 1220, 1220, 800, 800, 410, 650, 650, 410, 1280, 1280, 2000, 2000, 100, 100, 400, 400, 2250, 2250, 400, 400, 1260, 1260, 250, 250, 1540, 1540, 740, 740, 620, 620, 2310, 2310, 11690, 11690, 11320, 390, 390, 11690, 11690, 260, 260, 230, 230, 320, 320, 1340, 1340, 20, 20, 30, 30, 110, 110, 20, 20, 680, 680, 1760, 1760, 130, 130, 400, 400, 180, 680, 680, 30, 30, 440, 440, 610, 610, 370, 370, 2320, 2320, 620, 1080, 1080, 620, 1460, 1460, 1170, 1170, 410, 410, 20, 20, 900, 900, 430, 370, 180, 370, 180, 430, 70, 70, 520, 520, 270, 1180, 600, 1180, 600, 270, 240, 240, 270, 270, 70, 70, 2140, 2140, 1370, 1370, 440, 440, 870, 870, 350, 350, 710, 710, 780, 780, 530, 530, 90, 90, 260, 260, 120, 120, 2140, 2140, 160, 160, 770, 770, 1040, 1040, 950, 950, 630, 630, 1330, 1330, 1090, 1090, 420, 420, 2040, 810, 360, 2040, 810, 360, 1040, 1040, 40, 540, 540, 350, 350, 300, 830, 300, 830, 660, 660, 400, 400, 670, 9440, 670, 9440, 360, 370, 360, 370, 120, 120, 340, 340, 1120, 1120]"
2020-10-25 23:40:00+00:00,217540,0,165.0,"[470, 470, 2370, 560, 560, 2370, 330, 3470, 330, 3470, 140, 140, 1580, 1580, 1490, 1490, 230, 230, 950, 950, 410, 410, 990, 990, 1220, 1220, 1190, 1190, 40, 330, 330, 340, 340, 600, 600, 1280, 820, 1280, 820, 320, 320, 1470, 1470, 340, 340, 260, 260, 2270, 2270, 480, 620, 620, 480, 4250, 4250, 1270, 1270, 80, 80, 40, 40, 590, 590, 720, 720, 10220, 10220, 8290, 8290, 260, 260, 1020, 980, 1020, 980, 2900, 2900, 200, 200, 260, 1180, 260, 1180, 10, 10, 180, 180, 620, 620, 5400, 5400, 40, 15050, 40, 15050, 2530, 2530, 370, 370, 1020, 1020, 40, 10, 40, 10, 80, 80, 40, 40, 240, 200, 240, 200, 90, 90, 8090, 8090, 360, 1050, 1050, 300, 300, 690, 690, 40, 250, 40, 250, 40, 1870, 1870, 1880, 1880, 270, 690, 270, 690, 60, 60, 660, 660, 1190, 1190, 10, 70, 70, 10, 590, 1820, 590, 1820, 550, 550, 980, 980, 70, 70, 10, 10, 290, 290, 490, 490, 3920, 3920]"
2020-10-25 23:45:00+00:00,397680,0,185.0,"[80, 80, 310, 310, 100, 100, 750, 750, 830, 830, 70, 70, 800, 800, 6580, 6580, 140, 140, 430, 430, 1060, 1060, 1510, 1510, 1090, 1090, 3030, 3030, 4760, 4760, 220, 1470, 1470, 330, 330, 450, 450, 250, 250, 180, 180, 390, 390, 50, 50, 920, 380, 920, 380, 2230, 1160, 20, 2230, 20, 1160, 480, 480, 480, 480, 160, 160, 740, 350, 2040, 2040, 350, 60, 60, 620, 620, 190, 190, 95740, 95740, 300, 300, 180, 180, 540, 120, 540, 300, 350, 300, 350, 2880, 2880, 3780, 3780, 110, 2210, 110, 410, 410, 360, 360, 870, 870, 890, 890, 260, 260, 1290, 560, 1290, 2810, 3550, 310, 3550, 2810, 310, 700, 700, 100, 100, 140, 190, 190, 320, 320, 2210, 4910, 4910, 2210, 1590, 1590, 1120, 1120, 2360, 480, 480, 2360, 120, 660, 120, 660, 140, 150, 150, 140, 1290, 1290, 90, 90, 560, 560, 1290, 1290, 220, 220, 280, 280, 11490, 11490, 350, 350, 570, 570, 340, 340, 210, 210, 40, 40, 3450, 3450, 280, 280, 6870, 6870, 280, 280, 690, 460, 2980, 2980, 460, 1000, 1000, 150, 150, 410, 410, 160, 160]"
2020-10-25 23:50:00+00:00,194400,0,195.0,"[270, 140, 270, 140, 550, 550, 960, 960, 740, 740, 1370, 1370, 90, 90, 210, 210, 400, 400, 140, 140, 20, 20, 280, 280, 110, 110, 80, 80, 210, 210, 130, 130, 1780, 1780, 6220, 6220, 1000, 1000, 1210, 1210, 370, 370, 650, 650, 3320, 3320, 210, 6720, 210, 6720, 820, 820, 1160, 1160, 310, 310, 560, 560, 310, 310, 230, 230, 150, 140, 140, 40, 40, 450, 450, 2100, 2100, 330, 330, 790, 790, 160, 100, 100, 1960, 1960, 150, 150, 2280, 2280, 400, 1510, 1510, 1250, 1250, 230, 230, 920, 920, 1850, 180, 300, 300, 180, 180, 60, 60, 7860, 190, 7860, 190, 3410, 3410, 440, 440, 60, 60, 140, 140, 340, 340, 520, 520, 180, 180, 2510, 2510, 130, 130, 270, 270, 150, 60, 60, 150, 4100, 4100, 1820, 1420, 1820, 1420, 790, 790, 250, 1270, 250, 1270, 220, 220, 330, 330, 440, 440, 110, 110, 770, 770, 960, 960, 1220, 1220, 240, 240, 320, 320, 640, 640, 130, 1260, 1260, 130, 2170, 2170, 120, 120, 230, 230, 180, 180, 400, 400, 130, 130, 11350, 980, 980, 11350, 1850, 1850, 270, 860, 860, 270, 590, 590, 430, 430, 210, 210, 150, 150]"
2020-10-25 23:55:00+00:00,519670,0,158.0,"[220, 220, 1410, 1410, 1020, 1020, 1620, 3040, 1620, 3040, 750, 750, 550, 50, 50, 460, 460, 410, 410, 190, 190, 200, 200, 30, 30, 130, 130, 1900, 1900, 560, 560, 210, 7020, 7020, 210, 290, 290, 400, 400, 560, 560, 180, 180, 60, 60, 150, 150, 290, 290, 20, 20, 380, 380, 80, 80, 40, 40, 870, 870, 5950, 5950, 540, 540, 1020, 1020, 1760, 1760, 1490, 1020, 1490, 1020, 60, 60, 180, 1070, 180, 1070, 2140, 940, 940, 2140, 27530, 27530, 550, 1850, 550, 1850, 2140, 2140, 60, 60, 180, 80, 80, 210, 210, 1030, 1030, 710, 130, 710, 130, 530, 530, 2550, 2550, 710, 710, 630, 630, 830, 830, 1130, 1130, 620, 620, 11470, 1700, 1700, 11470, 16960, 16960, 1430, 1430, 400, 400, 220, 220, 440, 440, 140, 130, 140, 130, 410, 410, 100, 100, 320, 320, 1420, 1420, 80, 80, 1690, 1690, 2040, 2040, 7060, 7060, 210, 210, 320, 320, 560, 560]"
2020-10-26 00:00:00+00:00,180260,2,157.0,"[70, 70, 750, 750, 530, 530, 260, 260, 300, 300, 7540, 7540, 1180, 1180, 180, 570, 180, 570, 350, 350, 210, 210, 790, 790, 590, 590, 400, 400, 1800, 1800, 290, 290, 1110, 1110, 280, 280, 2190, 2190, 1220, 4860, 4860, 200, 200, 3940, 3940, 5020, 5020, 1300, 1300, 100, 100, 600, 600, 3520, 3520, 1010, 1010, 750, 750, 460, 460, 570, 570, 120, 120, 120, 3240, 120, 190, 3240, 190, 570, 570, 6010, 6010, 1200, 450, 1200, 450, 1120, 1120, 430, 430, 610, 610, 80, 1030, 1030, 80, 540, 540, 630, 630, 290, 290, 180, 180, 500, 1040, 500, 1040, 4290, 4290, 220, 810, 810, 220, 370, 960, 960, 370, 510, 510, 80, 80, 1550, 1550, 120, 120, 600, 600, 120, 120, 670, 30, 670, 30, 1720, 1720, 1170, 1170, 600, 600, 1530, 1530, 280, 280, 1170, 1170, 650, 650, 910, 910, 180, 180, 280, 280, 180, 180, 7060, 950, 950, 7060, 1100, 1100, 1340, 1340]"
2020-10-26 00:05:00+00:00,211320,0,163.0,"[590, 590, 3160, 370, 370, 3160, 220, 220, 220, 220, 1350, 1350, 9230, 9230, 140, 140, 26970, 26970, 2750, 380, 420, 420, 380, 2750, 1180, 1180, 1390, 130, 1390, 130, 880, 880, 1990, 1990, 800, 800, 810, 810, 880, 880, 1000, 1000, 60, 60, 160, 160, 3660, 3660, 320, 320, 2680, 2680, 700, 700, 1600, 1600, 400, 10, 10, 400, 630, 630, 400, 270, 270, 300, 1110, 1110, 300, 3430, 3430, 1010, 80, 1010, 80, 1570, 1570, 850, 390, 340, 390, 850, 340, 1160, 1160, 1470, 1470, 3270, 3270, 710, 710, 3930, 3930, 70, 70, 200, 200, 90, 90, 220, 220, 140, 140, 1020, 1020, 40, 630, 40, 630, 660, 660, 320, 320, 80, 80, 1170, 1170, 310, 310, 1230, 1230, 2080, 2080, 120, 120, 210, 170, 210, 170, 1070, 1070, 480, 480, 990, 990, 40, 40, 170, 170, 920, 920, 1110, 610, 610, 1110, 1150, 1150, 530, 530, 260, 260, 960, 960, 870, 870, 1100, 510, 1100, 510, 290, 290, 670, 670]"
2020-10-26 00:10:00+00:00,224030,0,189.0,"[1060, 1060, 1490, 1490, 40, 40, 460, 460, 400, 400, 190, 190, 810, 400, 400, 810, 3160, 3160, 500, 500, 300, 300, 30, 30, 280, 280, 120, 120, 810, 810, 2290, 2290, 250, 250, 420, 420, 300, 660, 660, 300, 1910, 1910, 7980, 7980, 30, 30, 4250, 4250, 3260, 3260, 140, 140, 270, 270, 1060, 1060, 820, 820, 110, 110, 720, 720, 870, 870, 1660, 1660, 3740, 1350, 1350, 490, 490, 250, 250, 1290, 1290, 180, 180, 340, 340, 640, 610, 640, 610, 5750, 5750, 1030, 1030, 160, 160, 1090, 1090, 290, 290, 120, 120, 500, 500, 220, 220, 290, 1960, 290, 1960, 850, 850, 200, 800, 200, 800, 70, 70, 280, 280, 1000, 1000, 70, 70, 1090, 1090, 3570, 3570, 40, 450, 450, 40, 1840, 1840, 150, 150, 2420, 30, 30, 2420, 1120, 240, 240, 1120, 15400, 15400, 1450, 1450, 1590, 3070, 3070, 1590, 1250, 1250, 360, 360, 1680, 1770, 1770, 1680, 400, 220, 400, 630, 630, 1550, 20, 1550, 20, 350, 350, 0, 0, 30, 30, 120, 120, 20, 20, 330, 1290, 1290, 330, 13990, 450, 450, 500, 500, 390, 390, 1420, 1420, 1090, 1090, 50, 50]"
2020-10-26 00:15:00+00:00,265120,0,182.0,"[1470, 1470, 210, 210, 270, 1120, 380, 960, 270, 1120, 380, 960, 760, 760, 850, 850, 490, 490, 1100, 1100, 40, 40, 3700, 3700, 1330, 1330, 1750, 1750, 1840, 1840, 220, 220, 690, 690, 130, 130, 490, 490, 300, 4360, 300, 4360, 29950, 29950, 310, 310, 470, 470, 940, 940, 730, 730, 1740, 1740, 500, 500, 1310, 1310, 130, 130, 490, 490, 170, 170, 920, 920, 300, 300, 930, 930, 660, 660, 1100, 1100, 860, 130, 130, 860, 1380, 1380, 360, 360, 3800, 3800, 1260, 1260, 140, 140, 760, 760, 350, 350, 700, 700, 1150, 1150, 450, 450, 130, 130, 1430, 1430, 580, 580, 620, 620, 440, 440, 220, 220, 1060, 1060, 340, 340, 330, 330, 1830, 1830, 15240, 15240, 1300, 1300, 120, 120, 1100, 1100, 500, 500, 1180, 1180, 460, 460, 190, 190, 70, 70, 70, 70, 4040, 4040, 150, 150, 340, 340, 960, 380, 380, 960, 1940, 1940, 290, 290, 1780, 900, 1780, 900, 1640, 1640, 850, 850, 840, 840, 1190, 1190, 790, 790, 3220, 3220, 350, 350, 6400, 6400, 270, 270, 2200, 2200, 120, 2120, 2120, 120, 130, 130]"
2020-10-26 00:20:00+00:00,237360,0,174.0,"[60, 60, 5470, 5470, 490, 490, 24780, 24780, 780, 780, 840, 840, 150, 1600, 150, 1600, 1100, 1100, 1160, 1160, 1370, 1370, 2970, 2970, 3950, 3950, 2270, 2270, 110, 110, 400, 520, 400, 520, 630, 630, 420, 420, 170, 170, 1510, 1510, 480, 170, 170, 480, 880, 880, 640, 640, 920, 920, 760, 760, 440, 440, 1700, 1700, 1440, 1440, 1180, 1180, 1540, 1540, 30, 30, 1070, 1070, 4090, 4090, 1140, 1140, 630, 610, 630, 610, 760, 760, 100, 100, 80, 80, 230, 230, 440, 440, 910, 910, 220, 220, 5310, 340, 5310, 340, 4310, 4310, 150, 260, 260, 150, 140, 140, 370, 370, 420, 420, 620, 620, 260, 260, 240, 240, 3710, 350, 350, 3710, 3630, 3630, 70, 1170, 70, 1170, 740, 740, 240, 240, 180, 180, 990, 990, 1120, 1120, 10690, 10690, 80, 80, 1040, 180, 1040, 180, 170, 1070, 1310, 170, 1310, 1070, 80, 80, 150, 150, 310, 310, 420, 420, 360, 360, 1240, 1240, 530, 530, 370, 370, 550, 550, 260, 260, 710, 710, 570, 570, 250, 250, 2510, 2510]"
2020-10-26 00:25:00+00:00,97510,0,116.0,"[1150, 1150, 190, 190, 610, 610, 1920, 1920, 740, 740, 20, 20, 480, 480, 170, 170, 330, 330, 620, 620, 1450, 1450, 210, 860, 860, 1760, 1680, 1760, 1680, 1540, 1540, 1730, 1730, 100, 100, 160, 160, 160, 160, 2310, 2310, 1000, 1000, 1420, 1420, 200, 200, 3930, 3930, 20, 20, 280, 280, 1270, 1270, 20, 20, 610, 120, 120, 560, 560, 1540, 1540, 780, 780, 350, 350, 370, 820, 820, 480, 480, 220, 220, 10, 10, 530, 530, 80, 80, 1530, 1530, 290, 290, 730, 730, 640, 640, 700, 700, 440, 440, 1610, 1610, 330, 330, 610, 610, 480, 180, 80, 180, 80, 480, 710, 710, 1270, 1270, 1420, 730, 730, 110, 110, 5400, 5400]"
2020-10-26 00:30:00+00:00,149610,0,157.0,"[100, 100, 1060, 1060, 460, 460, 910, 910, 160, 160, 340, 340, 210, 210, 2710, 2710, 930, 930, 280, 280, 190, 190, 110, 110, 7300, 7300, 570, 120, 120, 20, 20, 740, 330, 740, 330, 120, 300, 120, 300, 520, 520, 10, 10, 120, 120, 2310, 2310, 610, 610, 2130, 2130, 130, 130, 510, 510, 90, 90, 3030, 1030, 3030, 1030, 40, 40, 1320, 1320, 2630, 2630, 80, 80, 840, 840, 1210, 180, 1450, 180, 1210, 1450, 200, 200, 70, 70, 1210, 1210, 140, 140, 100, 100, 9060, 9060, 1670, 1670, 410, 2380, 410, 2380, 60, 60, 940, 940, 150, 150, 80, 80, 1680, 1680, 190, 190, 230, 230, 550, 550, 4720, 4720, 660, 660, 700, 700, 140, 140, 220, 220, 920, 270, 270, 920, 1460, 1460, 1930, 1930, 500, 500, 990, 990, 20, 20, 1060, 1060, 70, 70, 100, 100, 60, 940, 940, 60, 370, 370, 100, 100, 1380, 1380, 680, 290, 680, 290, 3190, 3190]"
2020-10-26 00:35:00+00:00,143660,0,138.0,"[760, 760, 240, 520, 520, 240, 11350, 11350, 100, 100, 130, 130, 110, 110, 2070, 2070, 1360, 1360, 460, 460, 730, 60, 60, 730, 280, 280, 420, 420, 330, 330, 800, 800, 330, 330, 2060, 2060, 4070, 4070, 180, 180, 10, 10, 820, 820, 1360, 1360, 160, 160, 2090, 2090, 810, 810, 850, 850, 290, 290, 450, 450, 1480, 1480, 210, 210, 250, 250, 460, 460, 3510, 3510, 2320, 2320, 5000, 5000, 90, 90, 40, 40, 220, 220, 770, 770, 110, 110, 70, 70, 450, 450, 590, 590, 130, 130, 3410, 3410, 1160, 1160, 330, 330, 640, 640, 210, 210, 910, 240, 240, 910, 1350, 1040, 1040, 1350, 1130, 1130, 120, 120, 140, 140, 290, 290, 3200, 3200, 1140, 1140, 1030, 1030, 1050, 1050, 1130, 2330, 2330, 1130, 190, 190, 530, 530, 510, 510, 540, 540, 310, 310]"
2020-10-26 00:40:00+00:00,198410,0,163.0,"[240, 240, 460, 460, 4590, 4590, 440, 440, 780, 780, 330, 330, 70, 70, 90, 90, 300, 300, 1630, 1630, 520, 520, 100, 100, 50, 50, 140, 140, 420, 420, 40, 40, 370, 370, 5870, 5870, 380, 2450, 380, 2450, 160, 21680, 21680, 160, 690, 690, 970, 970, 380, 730, 380, 730, 180, 180, 1910, 940, 1910, 940, 910, 910, 220, 220, 560, 560, 330, 330, 340, 520, 690, 690, 520, 340, 70, 70, 700, 700, 1510, 1510, 1590, 1590, 1540, 1540, 2930, 2930, 390, 390, 530, 530, 280, 280, 130, 130, 1900, 1900, 670, 50, 670, 50, 810, 810, 1050, 1050, 1190, 350, 1190, 600, 600, 1140, 330, 330, 1140, 900, 900, 1060, 1060, 360, 360, 320, 320, 2580, 2580, 170, 170, 1060, 1060, 670, 670, 480, 480, 3060, 3060, 460, 460, 780, 780, 1320, 1320, 90, 90, 500, 500, 350, 350, 300, 300, 300, 120, 120, 300, 110, 110, 9810, 9810, 3460, 3460, 390, 390, 170, 170, 1500, 1500, 820, 820]"
2020-10-26 00:45:00+00:00,192780,0,171.0,"[0, 300, 300, 570, 570, 90, 90, 370, 370, 290, 290, 4420, 4420, 430, 50, 50, 430, 310, 310, 330, 330, 570, 570, 590, 590, 310, 400, 310, 100, 100, 890, 890, 260, 260, 560, 560, 910, 380, 380, 910, 180, 180, 820, 820, 320, 320, 2500, 2500, 190, 190, 390, 390, 5500, 5500, 460, 460, 680, 680, 3070, 3070, 90, 90, 290, 290, 1590, 1590, 240, 280, 240, 280, 540, 540, 150, 150, 1760, 1760, 280, 280, 210, 210, 300, 300, 130, 130, 30, 30, 1710, 1710, 290, 290, 770, 770, 1770, 1770, 1240, 1240, 2050, 2050, 320, 320, 2010, 2010, 590, 1110, 1110, 4800, 4800, 460, 460, 210, 210, 30, 120, 120, 90, 90, 700, 700, 700, 700, 3150, 1830, 1830, 3150, 1010, 1010, 1040, 620, 620, 1040, 560, 560, 150, 150, 2560, 2560, 1100, 1100, 310, 310, 200, 200, 40, 40, 870, 870, 12010, 12010, 3400, 350, 350, 520, 520, 1020, 1020, 14450, 14450, 90, 90, 760, 760, 150, 150, 270, 270, 440, 440, 370, 370, 230, 230]"
2020-10-26 00:50:00+00:00,220900,0,195.0,"[410, 410, 590, 1910, 1910, 590, 480, 480, 670, 670, 1650, 1650, 160, 260, 260, 920, 300, 300, 310, 310, 90, 90, 230, 230, 1110, 860, 1110, 860, 460, 460, 200, 600, 600, 120, 120, 160, 160, 330, 330, 630, 630, 60, 60, 3400, 3400, 230, 2760, 230, 2760, 190, 1410, 1410, 190, 990, 990, 300, 300, 830, 830, 970, 970, 60, 60, 10, 10, 12450, 12450, 110, 110, 610, 610, 670, 670, 5790, 5790, 1020, 60, 1020, 60, 510, 510, 280, 280, 310, 310, 280, 190, 280, 190, 1220, 1220, 180, 180, 430, 430, 760, 760, 130, 130, 570, 570, 310, 310, 70, 70, 40, 40, 4970, 4970, 1460, 900, 900, 720, 720, 280, 280, 180, 180, 5280, 5280, 300, 300, 100, 2010, 500, 100, 500, 2010, 2320, 220, 220, 2320, 1360, 1360, 240, 240, 7600, 630, 630, 7600, 270, 140, 140, 270, 400, 400, 840, 1160, 840, 1160, 1360, 1360, 3450, 3450, 640, 640, 170, 170, 20, 20, 12450, 12450, 100, 100, 130, 130, 20, 20, 810, 810, 2130, 2130, 780, 780, 3120, 3120, 630, 630, 220, 220, 220, 220, 170, 170, 1580, 1580, 800, 800, 580, 310, 310, 720, 720, 170, 170]"
2020-10-26 00:55:00+00:00,185020,0,154.0,"[1800, 1800, 430, 430, 520, 520, 110, 110, 790, 790, 170, 3030, 3030, 170, 440, 440, 470, 470, 340, 340, 890, 890, 2600, 2600, 290, 290, 360, 360, 2530, 2530, 190, 190, 350, 350, 360, 360, 510, 510, 80, 80, 2130, 2130, 340, 340, 460, 460, 20, 20, 560, 560, 1160, 1160, 640, 640, 3220, 3220, 480, 5820, 880, 880, 1500, 1500, 3330, 3330, 7790, 7790, 440, 440, 60, 3790, 60, 1340, 1340, 190, 110, 190, 7350, 7350, 400, 400, 850, 850, 470, 470, 110, 110, 1370, 1370, 7060, 7060, 1340, 1340, 440, 440, 230, 230, 820, 820, 50, 50, 100, 100, 420, 20, 420, 20, 580, 580, 960, 480, 960, 480, 1500, 1500, 2760, 2760, 30, 30, 360, 360, 520, 520, 970, 350, 970, 350, 2240, 2240, 420, 420, 2980, 2980, 510, 510, 2760, 2270, 2270, 2760, 1610, 1610, 230, 230, 680, 680, 400, 400, 2150, 2150, 310, 400, 310, 400, 590, 590]"
2020-10-26 01:00:00+00:00,198680,0,167.0,"[70, 70, 3350, 3350, 590, 590, 170, 170, 550, 550, 8000, 8000, 120, 120, 370, 370, 1230, 1230, 810, 810, 830, 830, 0, 0, 310, 310, 80, 80, 160, 160, 8090, 8090, 160, 1810, 160, 1810, 20, 20, 280, 160, 280, 160, 110, 110, 290, 290, 480, 480, 390, 390, 600, 600, 1040, 1040, 4310, 4310, 210, 210, 960, 960, 100, 100, 930, 930, 880, 880, 1680, 1680, 1480, 1480, 90, 90, 730, 730, 20, 80, 80, 2350, 2350, 450, 220, 320, 820, 450, 320, 820, 220, 200, 200, 3060, 3060, 2440, 2440, 330, 330, 2010, 900, 190, 1360, 190, 1360, 2010, 900, 100, 100, 1480, 260, 1480, 260, 80, 80, 80, 80, 220, 220, 130, 130, 2490, 2490, 8000, 8000, 1240, 1240, 3990, 3990, 1030, 1030, 110, 110, 80, 80, 340, 340, 280, 280, 580, 580, 330, 330, 1060, 1060, 350, 350, 3240, 3240, 460, 460, 420, 420, 2650, 2650, 20, 20, 300, 300, 1060, 1060, 5140, 5140, 2410, 2410, 3800, 3800, 1200, 1200, 230, 230]"
2020-10-26 01:05:00+00:00,336420,2,160.0,"[1080, 1080, 420, 420, 970, 970, 1720, 1720, 1930, 1930, 220, 220, 100, 100, 2600, 2600, 340, 340, 1280, 600, 600, 120, 120, 230, 230, 910, 910, 120, 120, 810, 810, 9190, 580, 9190, 580, 120, 120, 460, 460, 580, 150, 580, 150, 670, 670, 360, 360, 40, 40, 1040, 1040, 980, 480, 480, 980, 1290, 1290, 90, 90, 320, 320, 520, 520, 2950, 2950, 2500, 2500, 220, 220, 750, 500, 500, 750, 1170, 1170, 380, 380, 930, 250, 250, 930, 1720, 1720, 1740, 1740, 100, 100, 60, 60, 3020, 3020, 340, 340, 1640, 60, 1640, 60, 140, 39180, 140, 1240, 1240, 1290, 1290, 1520, 1520, 78650, 50, 78650, 50, 240, 240, 1490, 1490, 1560, 1560, 120, 120, 2500, 2500, 90, 200, 90, 200, 1350, 70, 1350, 70, 740, 740, 700, 700, 330, 330, 360, 0, 0, 360, 960, 960, 20, 20, 910, 910, 1330, 1330, 1550, 220, 1550, 220, 550, 550, 1140, 1140, 360, 360, 30, 30, 900, 900]"
2020-10-26 01:10:00+00:00,608650,2,167.0,"[2280, 2280, 440, 440, 1500, 1500, 380, 380, 2000, 2000, 210, 1280, 210, 1280, 1600, 320, 160, 1600, 320, 160, 140, 140, 250, 250, 4600, 90, 90, 4600, 170, 170, 550, 550, 10, 10, 70, 70, 140, 140, 180, 180, 1680, 540, 540, 1680, 230, 230, 2160, 2160, 3780, 3780, 490, 490, 970, 50, 50, 590, 590, 410, 410, 390, 390, 1120, 1120, 160, 160, 2080, 2080, 340, 850, 340, 850, 4240, 100, 4240, 100, 22240, 22240, 1460, 1460, 140, 140, 680, 680, 1410, 1410, 710, 710, 310, 310, 250, 250, 100, 100, 430, 430, 510, 510, 870, 870, 160, 620, 150, 620, 160, 150, 163990, 163990, 28890, 28890, 450, 450, 500, 500, 1840, 1840, 1210, 1210, 910, 40, 910, 40, 90, 90, 11590, 170, 11590, 170, 4780, 4780, 910, 910, 400, 390, 400, 390, 620, 2060, 620, 2060, 800, 800, 80, 80, 260, 260, 90, 90, 780, 780, 8160, 8160, 470, 470, 1370, 410, 1370, 410, 360, 360, 1610, 1610, 3900, 3900, 250, 250, 840, 840]"
2020-10-26 01:15:00+00:00,258580,0,197.0,"[600, 600, 1170, 1170, 360, 360, 360, 360, 80, 80, 820, 820, 260, 3100, 260, 3100, 680, 680, 140, 140, 60, 60, 370, 370, 910, 910, 1100, 1100, 8540, 360, 360, 8540, 100, 100, 440, 440, 620, 620, 3780, 3780, 15310, 15310, 170, 170, 390, 390, 190, 190, 200, 60, 200, 60, 180, 180, 1360, 1360, 800, 800, 4570, 4570, 0, 0, 240, 240, 780, 780, 4280, 4280, 420, 660, 420, 660, 550, 2620, 550, 2620, 260, 260, 550, 550, 2330, 2330, 300, 300, 1080, 1080, 11570, 11570, 350, 350, 120, 120, 1200, 1200, 3640, 3640, 330, 330, 160, 160, 420, 10850, 0, 10850, 0, 270, 270, 560, 560, 270, 270, 1200, 1200, 1680, 1680, 320, 320, 140, 140, 220, 140, 220, 140, 3640, 3640, 440, 440, 660, 660, 630, 630, 1930, 1930, 260, 260, 1110, 1110, 120, 120, 170, 170, 350, 350, 460, 460, 1350, 1350, 1610, 1610, 150, 150, 1320, 1320, 240, 240, 40, 40, 340, 340, 430, 430, 370, 370, 440, 440, 600, 490, 600, 490, 220, 220, 1110, 3280, 3280, 1110, 270, 270, 140, 140, 80, 80, 100, 100, 8210, 8210, 650, 650, 530, 530, 800, 800, 290, 290, 490, 1590, 1590, 490]"
2020-10-26 01:20:00+00:00,167980,0,193.0,"[4080, 4080, 500, 500, 4940, 4940, 700, 700, 180, 520, 180, 520, 550, 550, 1850, 1850, 370, 370, 2260, 2260, 3380, 3380, 360, 360, 1260, 1260, 710, 710, 60, 60, 170, 170, 50, 50, 40, 40, 100, 100, 70, 70, 330, 330, 70, 70, 790, 790, 440, 440, 270, 270, 1380, 1380, 750, 470, 470, 750, 520, 520, 2070, 2070, 640, 640, 120, 120, 90, 90, 290, 290, 90, 90, 60, 60, 210, 210, 680, 680, 1790, 1790, 1120, 1120, 1030, 260, 260, 620, 620, 840, 840, 6200, 6200, 1140, 1140, 750, 660, 170, 660, 170, 750, 340, 340, 1710, 1710, 430, 430, 70, 70, 90, 320, 1490, 320, 90, 1490, 80, 80, 330, 330, 40, 40, 200, 200, 620, 620, 950, 950, 480, 480, 790, 790, 660, 660, 230, 230, 1160, 10, 10, 2640, 2640, 660, 660, 23530, 1720, 1720, 510, 510, 130, 130, 670, 520, 670, 520, 430, 1090, 430, 550, 550, 310, 150, 310, 150, 660, 660, 1080, 1080, 330, 530, 530, 190, 190, 170, 470, 170, 470, 300, 300, 50, 50, 660, 660, 360, 810, 810, 360, 1440, 1440, 30, 530, 530, 60, 60, 50, 750, 750, 220, 220]"
2020-10-26 01:25:00+00:00,516560,2,203.0,"[250, 9840, 160, 9840, 250, 160, 30, 30, 80, 80, 280, 280, 680, 680, 1190, 70, 70, 1190, 370, 370, 1360, 1360, 850, 300, 850, 300, 140, 140, 1420, 1420, 1720, 1720, 160, 160, 350, 350, 240, 240, 540, 520, 520, 760, 760, 1440, 1440, 1180, 1180, 620, 620, 4080, 4080, 470, 470, 156890, 156890, 700, 700, 11720, 11720, 20, 20, 8370, 8370, 3370, 3370, 4080, 4080, 510, 190, 510, 190, 230, 230, 160, 160, 130, 130, 40, 40, 220, 220, 1120, 1120, 380, 380, 400, 400, 600, 600, 180, 1430, 180, 1430, 190, 190, 370, 370, 30, 30, 970, 970, 360, 360, 1780, 1780, 1470, 230, 1470, 230, 630, 630, 410, 410, 340, 340, 1520, 1520, 390, 390, 470, 770, 470, 770, 390, 390, 660, 660, 210, 1200, 210, 1200, 630, 630, 550, 550, 50, 50, 70, 70, 200, 200, 4270, 320, 320, 4270, 760, 760, 0, 0, 630, 630, 200, 200, 340, 120, 120, 340, 1560, 1560, 680, 140, 680, 140, 690, 690, 180, 550, 180, 550, 340, 340, 260, 4010, 4010, 260, 300, 300, 2800, 20, 2800, 20, 210, 210, 3190, 3190, 20, 20, 270, 270, 650, 650, 490, 490, 970, 970, 530, 530, 120, 120, 40, 40, 160, 160]"
2020-10-26 01:30:00+00:00,410410,0,183.0,"[700, 700, 1890, 1890, 140, 140, 730, 730, 210, 210, 130, 130, 120, 120, 280, 280, 470, 470, 540, 630, 630, 540, 160, 540, 160, 540, 1260, 1260, 80, 80, 2080, 280, 280, 420, 260, 420, 260, 560, 560, 700, 860, 860, 700, 60, 110, 110, 200, 440, 440, 880, 880, 1400, 1400, 260, 260, 60, 5660, 5660, 840, 410, 860, 860, 840, 410, 250, 250, 480, 480, 60, 60, 280, 280, 150, 150, 1170, 1170, 860, 860, 410, 410, 370, 370, 480, 480, 320, 320, 160, 160, 870, 870, 1510, 1510, 1360, 1360, 540, 540, 2440, 2440, 122470, 630, 630, 122470, 7180, 7180, 13170, 20, 20, 310, 130, 130, 310, 680, 680, 1320, 1220, 1320, 1220, 200, 20, 200, 20, 500, 500, 290, 610, 290, 610, 640, 640, 210, 210, 70, 70, 480, 480, 740, 740, 40, 40, 120, 120, 700, 3060, 700, 3060, 800, 800, 1080, 1080, 9900, 9900, 450, 450, 280, 280, 200, 470, 470, 200, 940, 40, 40, 940, 410, 410, 230, 230, 1090, 1090, 380, 380, 730, 730, 1050, 1050, 420, 420, 2820, 2820, 730, 730, 230, 230]"
2020-10-26 01:35:00+00:00,129820,0,171.0,"[460, 1320, 1320, 980, 980, 330, 330, 300, 300, 390, 390, 560, 560, 60, 60, 390, 390, 720, 720, 3050, 3050, 390, 390, 360, 360, 60, 60, 3410, 3410, 90, 90, 100, 100, 1240, 1240, 550, 60, 70, 70, 4120, 420, 420, 4120, 310, 310, 4120, 270, 1310, 270, 1310, 290, 290, 230, 230, 2760, 2760, 120, 120, 380, 380, 470, 470, 1440, 140, 140, 1440, 380, 380, 120, 250, 120, 250, 190, 190, 1030, 1030, 900, 900, 60, 60, 380, 380, 1080, 1080, 320, 320, 580, 580, 1010, 1010, 890, 890, 650, 250, 650, 250, 90, 90, 170, 170, 720, 1080, 1080, 720, 680, 680, 270, 270, 420, 420, 920, 920, 520, 520, 850, 850, 1630, 1630, 190, 190, 420, 420, 780, 780, 7190, 7190, 110, 110, 290, 290, 290, 290, 430, 430, 240, 240, 210, 210, 2940, 2940, 270, 420, 270, 420, 1140, 1140, 280, 280, 120, 120, 50, 50, 420, 420, 830, 830, 330, 330, 450, 230, 230, 1420, 1420, 1020, 1020, 280, 280, 150, 150, 520, 520]"
2020-10-26 01:40:00+00:00,119260,0,139.0,"[1450, 1450, 890, 890, 20, 20, 80, 80, 190, 190, 70, 70, 880, 1210, 880, 1210, 560, 590, 560, 590, 580, 580, 1680, 1680, 300, 300, 250, 250, 280, 280, 160, 160, 940, 940, 120, 120, 60, 490, 490, 60, 490, 490, 830, 830, 740, 740, 860, 860, 1180, 1180, 510, 510, 670, 250, 250, 670, 470, 470, 80, 80, 1060, 1060, 1890, 1890, 50, 50, 200, 2630, 200, 2630, 120, 120, 150, 150, 30, 30, 360, 360, 460, 460, 880, 880, 1240, 620, 1240, 620, 70, 70, 300, 300, 790, 790, 2010, 2010, 60, 60, 1530, 1530, 0, 0, 1730, 1730, 9980, 9980, 2730, 2730, 290, 290, 110, 110, 1300, 990, 990, 1300, 2260, 2260, 300, 950, 950, 780, 780, 180, 180, 1080, 1080, 3660, 3660, 100, 200, 100, 200, 50, 50, 300, 300, 230, 230, 1230, 1230]"
2020-10-26 01:45:00+00:00,154120,0,171.0,"[1350, 1350, 180, 180, 2830, 2830, 1420, 1420, 1710, 800, 800, 1710, 1320, 1320, 610, 610, 530, 530, 600, 600, 910, 910, 1640, 1640, 3400, 80, 80, 3400, 4700, 4700, 310, 310, 160, 160, 100, 100, 1730, 1730, 1410, 1410, 80, 80, 270, 270, 860, 860, 0, 300, 300, 6810, 6810, 1520, 1520, 360, 60, 60, 360, 260, 260, 80, 20, 80, 20, 740, 740, 120, 100, 100, 120, 1300, 1300, 1090, 1090, 550, 550, 90, 90, 260, 260, 80, 80, 730, 730, 500, 500, 1650, 1650, 460, 1060, 1060, 460, 160, 2890, 2890, 160, 550, 550, 660, 660, 480, 480, 1180, 300, 300, 1180, 240, 240, 440, 440, 100, 100, 600, 640, 600, 640, 130, 130, 740, 740, 150, 150, 20, 190, 190, 450, 350, 350, 450, 0, 480, 480, 260, 260, 1380, 1380, 680, 680, 480, 480, 130, 130, 1630, 1630, 40, 40, 100, 100, 1540, 1540, 280, 280, 150, 150, 270, 270, 1550, 1550, 1140, 270, 270, 1140, 740, 740, 8320, 8320, 660, 660, 530, 530, 1030, 1030]"
2020-10-26 01:50:00+00:00,145060,0,170.0,"[140, 230, 140, 230, 1200, 1200, 1310, 1310, 170, 170, 30, 30, 420, 420, 310, 210, 310, 210, 80, 80, 580, 0, 0, 580, 570, 570, 1520, 1520, 580, 580, 630, 630, 20, 20, 460, 460, 110, 110, 830, 2030, 2030, 830, 330, 330, 780, 780, 410, 410, 1010, 1010, 80, 380, 80, 380, 210, 210, 630, 630, 1370, 1370, 190, 190, 110, 110, 60, 2020, 60, 2020, 720, 720, 40, 40, 290, 290, 560, 560, 12260, 12260, 50, 50, 500, 500, 120, 360, 120, 360, 310, 310, 430, 430, 660, 660, 3540, 460, 3540, 1990, 1990, 460, 500, 1550, 1550, 500, 340, 340, 120, 120, 470, 920, 920, 470, 190, 190, 520, 520, 840, 840, 380, 660, 380, 660, 410, 410, 30, 30, 390, 390, 960, 500, 960, 500, 740, 740, 1160, 1160, 30, 30, 720, 720, 140, 140, 190, 2100, 190, 2100, 440, 440, 10770, 10770, 270, 270, 560, 560, 320, 320, 740, 740, 260, 260, 1020, 1020, 380, 380, 390, 390, 410, 410, 980, 980, 830, 830]"
2020-10-26 01:55:00+00:00,164960,0,147.0,"[70, 70, 350, 350, 520, 520, 480, 380, 380, 480, 210, 210, 260, 360, 360, 260, 180, 180, 520, 70, 370, 70, 520, 370, 130, 130, 10, 10, 670, 670, 120, 120, 220, 960, 220, 960, 2250, 2250, 290, 290, 3000, 3000, 1090, 1090, 520, 520, 1100, 1100, 420, 420, 3180, 310, 310, 70, 70, 1290, 1290, 750, 750, 270, 270, 160, 160, 180, 180, 3550, 3550, 310, 310, 200, 200, 420, 420, 100, 640, 640, 100, 190, 190, 20840, 20840, 170, 170, 540, 540, 90, 90, 50, 50, 500, 500, 8180, 8180, 80, 80, 930, 930, 40, 40, 740, 740, 700, 700, 380, 650, 380, 650, 10, 10, 1430, 1430, 200, 200, 360, 3110, 360, 3110, 3000, 3000, 320, 320, 200, 200, 3330, 3330, 730, 730, 260, 260, 270, 270, 800, 800, 1300, 1300, 160, 3000, 160, 3000, 880, 880, 950, 950, 220, 220, 3480, 3480]"
2020-10-26 02:00:00+00:00,221620,0,194.0,"[180, 180, 90, 90, 70, 70, 450, 140, 460, 140, 450, 460, 820, 820, 240, 240, 90, 90, 430, 100, 100, 430, 860, 860, 410, 830, 830, 410, 560, 560, 200, 200, 20, 20, 140, 140, 530, 530, 450, 450, 16540, 16540, 240, 240, 960, 960, 2890, 2890, 170, 170, 4900, 4900, 290, 290, 1090, 1090, 120, 120, 3210, 3210, 4900, 4900, 10, 10, 90, 90, 9760, 9760, 1070, 1070, 480, 480, 430, 430, 1200, 1200, 580, 580, 70, 70, 70, 70, 520, 590, 590, 520, 1480, 1480, 870, 870, 1040, 1040, 1000, 1000, 1010, 1010, 520, 520, 520, 520, 120, 120, 480, 480, 50, 50, 760, 760, 110, 110, 100, 100, 760, 760, 1910, 1910, 220, 220, 890, 890, 1560, 70, 70, 1560, 1620, 1620, 13660, 13660, 310, 310, 1310, 1310, 20, 20, 550, 1640, 550, 1640, 1030, 1030, 760, 760, 70, 70, 370, 300, 300, 370, 550, 550, 2080, 2080, 860, 860, 1090, 1090, 780, 780, 1410, 1410, 110, 110, 1230, 1230, 1030, 1030, 210, 210, 440, 440, 20, 20, 220, 220, 200, 200, 440, 440, 380, 380, 80, 80, 1030, 1030, 210, 210, 870, 870, 4210, 4210, 370, 370, 630, 630]"
2020-10-26 02:05:00+00:00,86940,0,150.0,"[460, 460, 740, 740, 440, 440, 1800, 1800, 2410, 2410, 180, 180, 270, 190, 270, 190, 300, 300, 280, 920, 920, 280, 330, 50, 390, 390, 50, 130, 130, 380, 380, 40, 360, 40, 360, 730, 730, 1010, 1010, 100, 100, 80, 80, 620, 120, 120, 620, 690, 690, 240, 240, 130, 130, 80, 80, 440, 440, 450, 450, 1110, 1110, 560, 560, 920, 920, 60, 230, 230, 60, 10, 110, 110, 290, 290, 350, 350, 2380, 2380, 420, 420, 1030, 1030, 2350, 2350, 340, 340, 440, 440, 770, 770, 270, 270, 1430, 1430, 300, 300, 570, 570, 480, 480, 30, 30, 250, 250, 30, 30, 790, 790, 80, 80, 470, 470, 800, 800, 200, 200, 340, 340, 260, 260, 240, 240, 630, 630, 2120, 2120, 1570, 1570, 300, 300, 430, 430, 430, 430, 500, 500, 330, 330, 80, 80, 2560, 2560, 260, 260, 20, 20, 2130, 10, 10, 2130]"
2020-10-26 02:10:00+00:00,219520,0,190.0,"[580, 580, 1470, 1470, 1180, 1180, 750, 750, 830, 830, 760, 760, 470, 470, 660, 560, 560, 290, 290, 340, 340, 340, 340, 8960, 8960, 980, 980, 1080, 1080, 710, 710, 350, 350, 230, 540, 540, 230, 5690, 5690, 540, 540, 560, 3400, 3400, 690, 690, 1720, 1720, 50, 50, 500, 980, 980, 8700, 500, 8700, 410, 410, 580, 580, 720, 720, 7530, 7530, 2110, 2110, 30, 500, 500, 880, 880, 910, 22080, 22080, 910, 320, 320, 0, 0, 640, 640, 90, 90, 690, 690, 500, 880, 1250, 500, 1250, 880, 240, 240, 3580, 40, 200, 40, 3580, 200, 770, 260, 260, 770, 660, 660, 170, 170, 1160, 1160, 0, 710, 710, 0, 370, 310, 370, 310, 500, 500, 260, 260, 220, 220, 130, 420, 130, 420, 660, 660, 910, 910, 670, 670, 3010, 3010, 1650, 1650, 130, 130, 120, 120, 150, 150, 360, 360, 960, 960, 390, 390, 490, 490, 310, 310, 70, 70, 390, 390, 160, 160, 830, 830, 80, 40, 80, 40, 660, 660, 690, 690, 100, 100, 120, 120, 350, 70, 70, 150, 150, 1220, 1220, 580, 580, 20, 380, 380, 20, 520, 520, 290, 290]"
2020-10-26 02:15:00+00:00,136740,0,161.0,"[600, 600, 50, 50, 520, 1890, 1890, 520, 1070, 1070, 560, 560, 150, 150, 1600, 130, 1600, 130, 0, 0, 40, 40, 3140, 3140, 300, 300, 6650, 1710, 6650, 1710, 730, 730, 120, 120, 350, 350, 490, 1360, 490, 1360, 530, 530, 220, 90, 1580, 1580, 1090, 50, 50, 970, 970, 200, 200, 650, 650, 30, 520, 520, 30, 520, 520, 1120, 1120, 7290, 7290, 670, 670, 1020, 1020, 190, 190, 490, 490, 220, 220, 190, 190, 100, 100, 280, 70, 70, 280, 230, 230, 3050, 3050, 170, 170, 930, 930, 150, 1850, 1850, 150, 140, 140, 460, 460, 580, 580, 100, 100, 330, 330, 770, 770, 710, 710, 60, 60, 2900, 2900, 970, 970, 1310, 1310, 340, 340, 350, 350, 2320, 2320, 460, 460, 1230, 1230, 650, 650, 490, 490, 1080, 1080, 1130, 1130, 40, 40, 60, 60, 1400, 1400, 450, 450, 340, 340, 460, 600, 600, 460, 570, 570, 680, 680, 480, 480, 330, 330, 450, 450, 900, 900]"
2020-10-26 02:20:00+00:00,106650,0,165.0,"[460, 460, 30, 30, 460, 460, 570, 570, 740, 740, 320, 320, 1550, 210, 210, 1550, 820, 820, 50, 50, 210, 20, 210, 20, 920, 920, 320, 320, 420, 420, 2250, 360, 2250, 360, 1740, 550, 1740, 1570, 1570, 70, 370, 70, 370, 610, 610, 140, 140, 760, 760, 250, 250, 320, 320, 1220, 820, 1220, 820, 10, 10, 440, 440, 240, 240, 70, 70, 680, 680, 80, 80, 500, 500, 110, 110, 460, 460, 110, 110, 200, 200, 360, 360, 80, 80, 300, 300, 90, 90, 240, 870, 870, 240, 1310, 230, 1310, 230, 1530, 1530, 860, 860, 560, 50, 50, 560, 1310, 1310, 90, 90, 340, 340, 1070, 1070, 2800, 2800, 670, 670, 340, 340, 850, 850, 40, 40, 1100, 1100, 850, 1090, 1090, 850, 80, 2720, 80, 2720, 310, 3190, 310, 3190, 680, 680, 670, 670, 1690, 1690, 380, 380, 110, 110, 680, 680, 600, 600, 310, 310, 240, 1120, 1120, 240, 590, 590, 1390, 370, 370, 1390, 380, 380, 30, 30]"
2020-10-26 02:25:00+00:00,148110,0,159.0,"[70, 70, 740, 740, 2330, 2330, 850, 850, 1480, 1480, 1370, 1370, 110, 1790, 110, 1790, 1360, 1360, 640, 640, 1340, 1340, 1040, 1040, 80, 80, 980, 980, 2380, 2380, 2320, 2320, 460, 460, 440, 440, 140, 140, 760, 760, 570, 570, 850, 850, 890, 890, 130, 130, 60, 60, 3820, 3820, 330, 330, 60, 60, 690, 690, 890, 890, 1310, 1310, 2380, 2380, 260, 260, 780, 780, 280, 280, 80, 80, 1650, 1650, 20, 20, 160, 160, 2060, 2060, 90, 90, 50, 50, 50, 50, 300, 300, 870, 870, 770, 770, 50, 470, 50, 470, 940, 940, 450, 450, 290, 290, 150, 150, 560, 560, 890, 60, 890, 60, 230, 570, 570, 910, 1930, 910, 1930, 750, 140, 290, 140, 290, 750, 520, 520, 5060, 5060, 230, 230, 100, 100, 1060, 4900, 4900, 1060, 860, 860, 1500, 1500, 90, 880, 90, 880, 240, 240, 330, 330, 460, 460, 0, 0, 4440, 4440, 1900, 2310, 1900, 2310, 530, 530]"
2020-10-26 02:30:00+00:00,141280,0,159.0,"[1740, 1740, 510, 510, 2180, 2180, 440, 440, 870, 1660, 870, 1660, 470, 470, 720, 720, 560, 560, 940, 940, 170, 390, 390, 170, 180, 450, 450, 180, 1410, 1410, 60, 60, 200, 200, 170, 170, 530, 530, 460, 460, 360, 190, 360, 190, 700, 700, 2870, 2870, 220, 220, 970, 970, 1250, 1250, 480, 480, 790, 790, 12190, 12190, 80, 80, 1530, 1530, 490, 490, 1490, 1490, 1060, 360, 360, 1790, 1790, 1260, 1260, 780, 780, 1940, 1940, 90, 90, 340, 340, 410, 410, 2280, 2280, 0, 0, 760, 760, 290, 290, 190, 190, 90, 90, 360, 360, 240, 240, 1050, 1050, 1300, 1300, 660, 660, 300, 300, 260, 260, 760, 760, 90, 90, 410, 410, 710, 710, 160, 160, 760, 760, 310, 310, 460, 460, 480, 90, 90, 480, 1190, 1190, 550, 550, 440, 440, 120, 120, 220, 220, 6070, 6070, 1400, 1400, 120, 120, 210, 210, 400, 400, 20, 20, 1410, 1220, 1220, 1410, 40, 40]"
2020-10-26 02:35:00+00:00,172590,0,177.0,"[420, 420, 150, 150, 5100, 5100, 480, 210, 480, 210, 490, 550, 490, 550, 1770, 1770, 360, 360, 270, 270, 10, 10, 1380, 1380, 380, 380, 720, 720, 1480, 1480, 370, 370, 390, 390, 80, 80, 1500, 1500, 810, 810, 6060, 6060, 400, 400, 110, 110, 200, 200, 260, 260, 550, 680, 680, 550, 240, 240, 280, 280, 22150, 22150, 330, 330, 610, 610, 240, 240, 870, 870, 460, 460, 200, 200, 270, 270, 170, 170, 390, 390, 380, 380, 640, 640, 1070, 1070, 1570, 930, 930, 1570, 500, 500, 190, 190, 480, 480, 2300, 2300, 710, 710, 3180, 3180, 80, 80, 0, 0, 1700, 1700, 470, 1430, 1430, 470, 20, 20, 360, 360, 800, 800, 230, 230, 270, 220, 270, 220, 180, 180, 160, 160, 1640, 1640, 110, 110, 160, 160, 920, 920, 200, 390, 200, 390, 310, 310, 0, 0, 620, 620, 550, 550, 630, 630, 460, 460, 690, 610, 610, 1040, 1040, 20, 570, 570, 20, 1800, 1800, 3440, 3440, 1320, 1320, 350, 350, 220, 220, 240, 240, 280, 280, 70, 70, 740, 740]"
2020-10-26 02:40:00+00:00,149460,0,127.0,"[420, 420, 190, 190, 2340, 2340, 60, 60, 360, 360, 820, 820, 250, 250, 210, 210, 1380, 1380, 600, 600, 780, 780, 190, 190, 750, 750, 820, 510, 1290, 1290, 510, 910, 820, 910, 1320, 1320, 420, 420, 120, 120, 500, 500, 1340, 90, 90, 180, 180, 1340, 460, 460, 1200, 1200, 370, 370, 800, 800, 2870, 2870, 370, 370, 200, 200, 220, 540, 280, 540, 280, 220, 160, 160, 660, 660, 350, 350, 240, 240, 1150, 1150, 180, 180, 290, 290, 160, 160, 40, 40, 1630, 1630, 250, 250, 1640, 1640, 1170, 1170, 1920, 240, 240, 100, 100, 240, 240, 2980, 2980, 290, 290, 340, 340, 18620, 18620, 1160, 1160, 1860, 1860, 1900, 610, 1900, 610, 330, 330, 350, 350, 1570, 1570, 1090, 1090, 11010, 11010]"
2020-10-26 02:45:00+00:00,378120,0,176.0,"[1560, 340, 1560, 340, 110, 110, 2170, 2170, 130, 130, 1920, 1920, 260, 260, 310, 310, 440, 440, 1150, 270, 1150, 270, 130, 680, 680, 130, 200, 200, 410, 410, 11010, 11010, 330, 330, 11970, 11970, 10710, 10710, 0, 0, 30, 30, 420, 420, 11010, 11010, 1150, 1150, 960, 960, 670, 670, 3370, 3370, 560, 560, 180, 180, 450, 80, 80, 450, 600, 600, 50, 530, 550, 530, 550, 500, 500, 2480, 2480, 710, 710, 260, 260, 850, 850, 210, 1050, 1050, 290, 290, 120, 480, 480, 120, 160, 70, 160, 70, 260, 90, 90, 1300, 1300, 510, 510, 880, 880, 620, 620, 230, 440, 230, 210, 210, 440, 440, 80, 80, 4490, 4490, 840, 840, 1200, 1200, 530, 530, 160, 160, 280, 280, 280, 280, 150, 150, 360, 410, 360, 410, 370, 370, 190, 190, 240, 240, 210, 1150, 210, 1150, 1580, 1580, 450, 450, 120, 120, 1410, 1410, 60, 60, 1070, 1070, 620, 620, 130, 130, 570, 570, 1720, 1720, 1460, 460, 1460, 460, 600, 600, 830, 830, 10, 10, 89670, 89670, 970, 970]"
2020-10-26 02:50:00+00:00,146540,0,145.0,"[760, 760, 350, 350, 960, 960, 120, 120, 810, 810, 1430, 1430, 1220, 1220, 700, 700, 40, 480, 480, 930, 930, 220, 220, 1160, 1160, 330, 330, 370, 370, 2960, 2960, 9530, 120, 9530, 120, 310, 1560, 310, 1560, 770, 800, 770, 800, 470, 470, 3830, 3830, 850, 850, 460, 460, 1600, 1600, 1290, 1290, 1170, 1170, 240, 240, 890, 890, 2430, 560, 2430, 560, 860, 860, 8340, 8340, 210, 210, 5390, 5390, 300, 300, 170, 170, 300, 300, 490, 480, 490, 480, 300, 300, 760, 220, 760, 220, 70, 180, 180, 70, 360, 360, 340, 340, 940, 940, 90, 90, 120, 120, 340, 340, 310, 310, 410, 410, 290, 290, 1280, 1280, 790, 790, 350, 350, 230, 230, 430, 430, 470, 470, 390, 390, 450, 450, 1890, 800, 1890, 800, 370, 370, 500, 350, 350, 500, 2550, 2550, 860, 860, 180, 180, 410, 410]"
2020-10-26 02:55:00+00:00,240190,0,195.0,"[1050, 1050, 30, 30, 280, 280, 370, 370, 460, 460, 280, 470, 470, 280, 420, 420, 1560, 1560, 280, 280, 980, 980, 1180, 1180, 730, 730, 110, 110, 30, 30, 410, 410, 890, 890, 860, 860, 830, 830, 740, 1010, 1010, 740, 1960, 1960, 360, 360, 1550, 1550, 430, 800, 800, 430, 360, 360, 2550, 2550, 1350, 1350, 830, 830, 820, 820, 480, 480, 720, 280, 720, 280, 1660, 1660, 1330, 1330, 820, 820, 4080, 400, 4080, 260, 260, 400, 1080, 1740, 1080, 1740, 1010, 1010, 290, 290, 450, 450, 450, 120, 450, 120, 330, 330, 240, 240, 3930, 280, 280, 1020, 1020, 24220, 2840, 2840, 840, 800, 840, 800, 1150, 1150, 950, 950, 400, 400, 1040, 1040, 20, 20, 110, 110, 130, 130, 500, 500, 1880, 1880, 140, 140, 130, 130, 40, 40, 1180, 170, 170, 21400, 21400, 490, 490, 620, 620, 30, 30, 10200, 10200, 380, 380, 1690, 1690, 310, 310, 1610, 1610, 320, 320, 740, 740, 240, 240, 1900, 1900, 210, 210, 640, 640, 130, 130, 50, 1630, 1630, 50, 60, 60, 10, 10, 1980, 1980, 670, 670, 1230, 570, 570, 1230, 3080, 3080, 860, 860, 350, 350, 1150, 1150, 720, 720]"
2020-10-26 03:00:00+00:00,129500,0,161.0,"[2740, 620, 620, 120, 120, 280, 280, 950, 950, 1350, 1350, 640, 640, 280, 280, 940, 940, 190, 130, 110, 190, 130, 110, 4310, 4310, 80, 80, 2940, 90, 2940, 90, 330, 330, 270, 270, 120, 120, 700, 300, 300, 700, 180, 810, 180, 810, 320, 320, 350, 350, 260, 260, 960, 960, 250, 250, 190, 190, 2490, 2490, 1190, 1190, 400, 400, 150, 150, 960, 960, 760, 60, 650, 60, 650, 760, 620, 620, 140, 140, 950, 60, 60, 950, 940, 940, 230, 730, 170, 230, 730, 170, 200, 200, 170, 170, 1170, 320, 320, 1170, 420, 420, 1360, 260, 1360, 260, 310, 310, 1030, 1030, 70, 70, 480, 480, 270, 270, 1140, 1140, 100, 100, 90, 90, 10710, 10710, 280, 280, 10, 10, 150, 150, 210, 210, 1220, 1220, 3730, 3730, 130, 130, 2200, 2200, 120, 120, 380, 380, 420, 420, 960, 530, 960, 530, 70, 70, 1580, 1580, 330, 330, 70, 70, 420, 420, 3380, 3380, 520, 520]"
2020-10-26 03:05:00+00:00,174410,0,176.0,"[110, 110, 50, 170, 170, 370, 370, 220, 220, 450, 450, 1310, 1310, 170, 170, 690, 690, 170, 170, 370, 370, 730, 730, 2670, 440, 440, 620, 620, 60, 60, 2720, 2720, 430, 430, 100, 240, 240, 50, 50, 150, 150, 80, 80, 40, 40, 150, 150, 170, 170, 220, 220, 290, 290, 870, 870, 800, 800, 350, 350, 150, 150, 2370, 2370, 690, 120, 120, 690, 1320, 680, 2350, 680, 1320, 2350, 360, 360, 860, 860, 670, 670, 90, 90, 140, 140, 360, 360, 60, 60, 220, 220, 300, 860, 860, 870, 870, 240, 240, 950, 30, 30, 950, 590, 590, 1580, 1580, 3150, 3150, 1120, 1120, 450, 520, 520, 450, 550, 550, 170, 170, 650, 650, 540, 20, 800, 800, 20, 2660, 2660, 340, 340, 630, 220, 470, 630, 470, 220, 150, 150, 2680, 290, 2680, 290, 650, 650, 1260, 1260, 180, 180, 550, 550, 260, 260, 70, 70, 10, 1460, 1460, 2140, 2140, 740, 740, 410, 410, 5300, 60, 380, 5300, 380, 60, 27770, 27770, 360, 360, 190, 190, 620, 620, 100, 100]"
2020-10-26 03:10:00+00:00,134770,0,151.0,"[570, 570, 980, 980, 570, 570, 840, 840, 720, 720, 1370, 1370, 620, 620, 240, 820, 820, 240, 5300, 5300, 440, 1650, 440, 1650, 350, 350, 220, 220, 330, 330, 1080, 1080, 6200, 6200, 1190, 1190, 60, 60, 8400, 8400, 360, 360, 1680, 1680, 960, 960, 360, 840, 840, 360, 140, 140, 440, 440, 490, 490, 3130, 2430, 2430, 2440, 2440, 80, 80, 650, 650, 330, 330, 650, 650, 1460, 1460, 0, 0, 500, 500, 20, 20, 370, 370, 540, 540, 450, 450, 2440, 2440, 230, 230, 730, 730, 200, 200, 1460, 1460, 480, 480, 180, 430, 180, 430, 1020, 1020, 10, 10, 370, 370, 1080, 1080, 360, 360, 370, 130, 370, 130, 740, 740, 40, 40, 230, 230, 210, 210, 280, 280, 1150, 1150, 270, 270, 120, 120, 460, 460, 180, 180, 740, 740, 940, 940, 50, 50, 390, 390, 750, 750, 120, 120, 270, 270, 2150, 100, 2150, 100]"
2020-10-26 03:15:00+00:00,183830,0,149.0,"[910, 910, 160, 160, 390, 390, 4680, 4680, 320, 190, 190, 320, 350, 350, 1380, 1380, 340, 340, 710, 710, 1360, 1460, 1460, 1360, 4030, 4030, 300, 300, 170, 170, 150, 150, 2090, 2090, 80, 80, 1610, 1610, 1260, 1260, 110, 110, 150, 150, 4180, 4180, 200, 200, 1610, 1610, 250, 2710, 2710, 1880, 1880, 870, 870, 120, 120, 7960, 7960, 80, 80, 720, 720, 630, 630, 20, 20, 260, 260, 100, 100, 1860, 1860, 230, 230, 2700, 2700, 1010, 1010, 1370, 1370, 200, 200, 2860, 2860, 70, 70, 880, 880, 2000, 2000, 1400, 1400, 30, 30, 990, 670, 990, 670, 810, 810, 6670, 6670, 450, 450, 20, 20, 2210, 240, 240, 2210, 6670, 6670, 520, 520, 220, 220, 1690, 1690, 510, 500, 510, 500, 460, 460, 2410, 2410, 1300, 1300, 1330, 1330, 2410, 2410, 340, 340, 380, 380, 1460, 1460, 560, 80, 560, 80, 80, 80, 660, 660]"
2020-10-26 03:20:00+00:00,134740,0,175.0,"[740, 740, 1400, 1400, 450, 60, 450, 120, 120, 450, 450, 570, 570, 250, 250, 230, 230, 510, 510, 150, 150, 320, 320, 690, 690, 160, 160, 620, 330, 620, 330, 320, 320, 10, 290, 10, 290, 220, 220, 610, 610, 260, 260, 340, 340, 140, 140, 210, 210, 330, 330, 590, 590, 290, 150, 150, 60, 60, 3460, 3460, 340, 340, 820, 820, 250, 250, 190, 190, 2390, 2390, 280, 280, 280, 280, 20, 20, 30, 30, 1030, 20, 20, 30, 300, 300, 30, 860, 860, 4360, 4360, 1120, 1120, 740, 740, 260, 260, 190, 190, 180, 630, 630, 150, 150, 310, 310, 2080, 2080, 340, 340, 300, 300, 350, 350, 650, 650, 670, 670, 1810, 1810, 2030, 2030, 140, 70, 140, 70, 760, 760, 600, 780, 600, 780, 370, 370, 5810, 5810, 270, 270, 240, 240, 80, 780, 780, 80, 240, 240, 380, 340, 380, 340, 430, 430, 230, 230, 14420, 14420, 520, 520, 170, 170, 90, 30, 30, 90, 260, 260, 1040, 1040, 960, 960, 1070, 1070, 80, 490, 490, 200, 200]"
2020-10-26 03:25:00+00:00,164060,0,158.0,"[260, 10, 260, 10, 210, 210, 730, 730, 440, 440, 1280, 1280, 1420, 1420, 2720, 2720, 230, 230, 7400, 7400, 1710, 1710, 10300, 1150, 10300, 1150, 1560, 1150, 1560, 1150, 820, 820, 790, 790, 220, 220, 120, 120, 510, 510, 140, 140, 820, 820, 910, 1140, 1140, 70, 70, 260, 260, 180, 180, 820, 820, 3770, 3770, 2240, 2240, 450, 450, 220, 220, 560, 560, 140, 140, 750, 750, 470, 470, 3620, 3620, 10, 10, 2020, 2020, 330, 330, 160, 160, 1350, 1350, 1260, 1260, 170, 170, 360, 320, 320, 360, 100, 100, 420, 420, 720, 720, 390, 390, 2990, 2990, 270, 270, 800, 800, 800, 800, 160, 160, 510, 510, 320, 320, 480, 480, 940, 940, 2710, 2710, 200, 200, 280, 280, 50, 50, 160, 190, 160, 190, 320, 320, 1050, 1050, 1840, 1840, 540, 540, 560, 560, 2200, 2200, 140, 140, 1530, 1530, 1290, 1290, 2480, 2480, 170, 170, 1000, 1000, 700, 700, 540, 540, 130]"
2020-10-26 03:30:00+00:00,114960,0,129.0,"[330, 330, 530, 530, 40, 40, 5100, 40, 5100, 40, 200, 200, 600, 340, 340, 1190, 1190, 620, 620, 390, 390, 40, 40, 1940, 1940, 10, 10, 250, 250, 1420, 1420, 2420, 2420, 1560, 1560, 880, 880, 460, 460, 70, 70, 210, 210, 360, 360, 120, 120, 100, 100, 240, 240, 140, 140, 300, 300, 280, 280, 1110, 1110, 320, 320, 220, 220, 250, 250, 100, 100, 1230, 380, 1230, 220, 380, 220, 590, 590, 1280, 1280, 470, 470, 5160, 5160, 140, 140, 260, 260, 140, 350, 140, 350, 700, 700, 140, 140, 2320, 2320, 1850, 1850, 310, 310, 630, 630, 1730, 1730, 600, 600, 90, 90, 330, 330, 250, 250, 640, 640, 1370, 1370, 80, 80, 5580, 5580, 7330, 300, 300, 7330, 270, 270, 480, 480, 380, 380]"
2020-10-26 03:35:00+00:00,161900,0,162.0,"[370, 370, 50, 50, 210, 210, 240, 240, 70, 70, 920, 90, 90, 920, 270, 270, 1160, 340, 340, 1560, 1560, 400, 400, 550, 550, 330, 330, 2710, 730, 730, 2710, 2460, 710, 710, 2460, 200, 200, 440, 440, 1580, 1580, 1760, 1760, 310, 310, 2400, 2400, 70, 70, 1300, 1300, 820, 820, 820, 820, 260, 260, 180, 180, 390, 390, 120, 50, 120, 440, 440, 2150, 2150, 13480, 13480, 290, 290, 1920, 1500, 1500, 1920, 360, 360, 2400, 2400, 170, 170, 1150, 1150, 950, 260, 140, 1830, 950, 260, 140, 1830, 300, 300, 30, 2770, 2770, 440, 440, 110, 580, 110, 580, 1570, 1570, 1160, 1160, 2260, 2260, 160, 160, 380, 590, 380, 590, 1290, 1290, 310, 310, 280, 280, 1800, 1800, 910, 910, 1300, 1300, 100, 100, 550, 550, 310, 310, 360, 360, 460, 460, 200, 200, 600, 600, 1380, 1380, 3260, 3260, 160, 160, 40, 40, 60, 530, 530, 280, 280, 350, 350, 2220, 2220, 3560, 3560, 30, 30]"
2020-10-26 03:40:00+00:00,160630,0,155.0,"[2000, 2000, 240, 240, 780, 1870, 1870, 780, 120, 120, 1030, 50, 50, 1030, 210, 210, 3160, 3160, 20, 20, 500, 500, 380, 380, 130, 130, 760, 760, 100, 21100, 100, 21100, 60, 60, 150, 150, 450, 100, 450, 100, 960, 960, 790, 790, 790, 790, 190, 190, 430, 430, 1060, 1060, 520, 520, 200, 200, 50, 760, 50, 760, 560, 380, 380, 560, 1320, 1320, 2870, 2870, 110, 110, 300, 300, 90, 90, 1570, 1100, 1100, 2320, 2320, 190, 190, 380, 380, 1290, 1290, 530, 530, 300, 300, 780, 780, 790, 790, 320, 320, 1280, 1280, 120, 120, 1280, 1280, 320, 320, 140, 140, 470, 470, 380, 380, 110, 110, 1250, 1250, 1020, 1020, 220, 220, 2000, 2000, 40, 40, 1480, 1480, 440, 440, 60, 60, 3390, 3390, 160, 160, 1140, 1140, 620, 620, 3390, 3390, 370, 370, 660, 660, 570, 50, 50, 570, 440, 440, 1110, 1110, 740, 740, 300, 300, 3390, 3390]"
2020-10-26 03:45:00+00:00,155020,0,150.0,"[2880, 1090, 1090, 2880, 1830, 1830, 4260, 4260, 280, 280, 1900, 1900, 170, 170, 2510, 1500, 1500, 2560, 2560, 40, 720, 720, 40, 270, 260, 260, 270, 210, 210, 40, 2610, 2610, 340, 340, 3510, 3510, 50, 50, 2170, 2170, 100, 540, 730, 540, 100, 730, 1440, 1440, 850, 850, 980, 980, 290, 850, 850, 810, 810, 3520, 3520, 270, 270, 820, 820, 590, 310, 310, 590, 70, 70, 170, 170, 230, 230, 1190, 1440, 1190, 1440, 860, 860, 380, 380, 4480, 4480, 920, 920, 340, 340, 70, 5070, 70, 2830, 2830, 5070, 390, 240, 390, 240, 110, 110, 3600, 3600, 400, 400, 320, 320, 1110, 1110, 760, 760, 800, 800, 860, 860, 160, 160, 1120, 1120, 810, 810, 1220, 1220, 810, 30, 30, 810, 1100, 1100, 640, 640, 1340, 1340, 390, 390, 40, 40, 500, 130, 130, 40, 40, 290, 280, 280, 290, 280, 280, 830, 830, 1230, 1230]"
2020-10-26 03:50:00+00:00,118940,0,157.0,"[720, 720, 220, 220, 940, 940, 1190, 1190, 440, 440, 700, 700, 1280, 1280, 590, 590, 350, 350, 1650, 1650, 410, 410, 80, 80, 160, 160, 300, 300, 210, 210, 320, 20, 20, 680, 680, 360, 360, 1650, 1650, 170, 170, 350, 350, 720, 720, 70, 70, 1250, 1250, 530, 530, 130, 130, 710, 710, 680, 680, 360, 360, 40, 1560, 1560, 1970, 1970, 1700, 1700, 50, 50, 1700, 1700, 500, 500, 2000, 2000, 490, 490, 660, 660, 180, 180, 390, 360, 360, 390, 1580, 1580, 260, 260, 270, 270, 360, 350, 350, 2120, 70, 70, 2120, 80, 80, 230, 230, 140, 140, 520, 520, 1040, 1040, 390, 390, 4520, 3230, 4520, 3230, 100, 480, 100, 480, 60, 60, 110, 110, 1700, 1700, 520, 520, 790, 790, 150, 150, 610, 610, 260, 260, 590, 590, 3100, 3100, 90, 90, 400, 400, 110, 110, 360, 360, 310, 310, 520, 520, 260, 2090, 260, 2090, 3190, 3190, 30, 30]"
2020-10-26 03:55:00+00:00,151360,2,153.0,"[2680, 2680, 1210, 1210, 510, 310, 510, 310, 1180, 1180, 190, 190, 1230, 1230, 190, 190, 320, 320, 20, 400, 20, 400, 680, 680, 2920, 2920, 120, 120, 2140, 2140, 480, 480, 1090, 1090, 1670, 1670, 450, 450, 220, 220, 260, 260, 220, 220, 8670, 8670, 110, 260, 260, 1800, 1800, 270, 270, 410, 410, 2880, 2880, 520, 520, 790, 790, 60, 260, 260, 200, 200, 6580, 6580, 210, 210, 70, 340, 340, 170, 170, 1810, 1810, 1110, 1110, 10, 110, 110, 550, 550, 460, 460, 390, 390, 440, 440, 1170, 1170, 2330, 2330, 1360, 1360, 1400, 1400, 1250, 1250, 860, 860, 1340, 1340, 140, 140, 4220, 4220, 600, 600, 180, 240, 180, 240, 990, 990, 350, 350, 1360, 1360, 230, 320, 320, 230, 860, 860, 1740, 1740, 470, 470, 400, 400, 340, 340, 10, 270, 270, 10, 230, 230, 980, 20, 20, 980, 1580, 1580, 300, 300, 1190, 510, 510, 2190, 2190]"
2020-10-26 04:00:00+00:00,163380,0,143.0,"[200, 200, 320, 320, 430, 430, 240, 240, 880, 880, 180, 180, 80, 80, 2110, 2110, 400, 400, 390, 390, 240, 240, 60, 60, 450, 450, 5030, 5030, 280, 280, 430, 430, 520, 520, 280, 280, 1010, 380, 380, 1010, 440, 440, 70, 70, 140, 140, 1610, 1610, 170, 170, 860, 860, 110, 110, 2930, 2930, 1740, 1740, 1840, 1090, 1090, 290, 290, 1790, 5460, 1790, 5460, 680, 680, 780, 540, 540, 780, 3600, 3600, 400, 400, 700, 700, 130, 130, 710, 710, 1670, 290, 1670, 290, 520, 520, 920, 920, 740, 740, 1110, 1110, 160, 160, 800, 800, 320, 320, 8130, 8130, 910, 910, 1000, 1000, 370, 370, 1540, 1540, 8130, 8130, 260, 260, 8130, 100, 100, 8130, 2980, 2980, 710, 710, 700, 700, 1290, 1290, 40, 40, 380, 380, 720, 720, 80, 80, 30, 30, 180, 180, 30, 30, 380, 380]"
2020-10-26 04:05:00+00:00,136420,0,143.0,"[30, 30, 2440, 2440, 140, 140, 1140, 1140, 130, 130, 420, 420, 110, 110, 700, 700, 30, 30, 560, 560, 620, 620, 200, 720, 720, 200, 1270, 1270, 500, 200, 500, 200, 1610, 1610, 200, 200, 450, 200, 590, 450, 590, 200, 880, 880, 1790, 1790, 1340, 1340, 630, 630, 240, 240, 700, 700, 500, 500, 360, 360, 3330, 3330, 370, 370, 1050, 1050, 490, 490, 470, 470, 1310, 1310, 320, 320, 440, 440, 210, 210, 900, 270, 900, 270, 960, 960, 2410, 2410, 14110, 14110, 3980, 3980, 1390, 1390, 1060, 1060, 190, 460, 190, 460, 300, 300, 350, 350, 250, 250, 810, 370, 370, 810, 310, 310, 2620, 2620, 180, 180, 590, 590, 240, 1620, 240, 1620, 30, 30, 420, 770, 770, 420, 290, 290, 1240, 140, 140, 1240, 420, 420, 670, 670, 2080, 2080, 90, 1470, 90, 1470, 240, 240, 580]"
2020-10-26 04:10:00+00:00,296420,0,151.0,"[650, 650, 210, 1470, 210, 1470, 240, 240, 290, 290, 1570, 1570, 300, 300, 390, 390, 30, 1570, 1570, 220, 220, 60, 60, 300, 300, 720, 720, 1970, 40, 40, 1970, 7860, 7860, 1660, 1660, 620, 620, 130, 130, 200, 200, 920, 920, 810, 810, 300, 300, 380, 380, 390, 390, 1290, 1860, 1290, 1860, 280, 280, 640, 640, 250, 250, 260, 260, 670, 670, 1460, 1460, 210, 130, 210, 130, 30, 300, 89670, 89670, 360, 360, 360, 360, 750, 750, 470, 470, 840, 840, 160, 160, 1010, 1010, 640, 640, 180, 1180, 180, 1180, 340, 340, 1040, 270, 270, 310, 310, 720, 260, 260, 230, 2060, 230, 2060, 940, 940, 2140, 2140, 120, 120, 130, 130, 320, 320, 680, 680, 370, 370, 310, 310, 350, 350, 600, 600, 330, 330, 200, 200, 1040, 1040, 70, 70, 520, 520, 1620, 270, 1620, 270, 1680, 1680, 1120, 1120, 4770, 4770, 160, 160]"
2020-10-26 04:15:00+00:00,82800,0,118.0,"[240, 240, 100, 100, 130, 130, 810, 810, 260, 260, 320, 320, 140, 140, 320, 320, 60, 60, 650, 650, 320, 320, 190, 190, 570, 570, 2090, 2090, 430, 240, 240, 1540, 1540, 900, 900, 1300, 1300, 140, 140, 210, 210, 440, 440, 300, 300, 990, 990, 5430, 5430, 110, 110, 320, 320, 2440, 2440, 80, 80, 350, 350, 460, 460, 380, 380, 1380, 1380, 940, 940, 1480, 1480, 130, 1240, 1240, 130, 40, 40, 4350, 4350, 310, 310, 170, 170, 1830, 50, 50, 1830, 920, 920, 510, 510, 360, 360, 550, 550, 100, 750, 100, 750, 150, 280, 150, 280, 190, 190, 370, 370, 530, 160, 160, 1160, 1160, 510, 510, 570, 570, 60, 530, 530, 60]"
2020-10-26 04:20:00+00:00,157310,2,136.0,"[1180, 1180, 20, 20, 1720, 1720, 230, 300, 230, 300, 1560, 1560, 480, 1080, 480, 1080, 280, 280, 890, 890, 2370, 2370, 2170, 2170, 210, 610, 610, 210, 2270, 2270, 180, 180, 300, 300, 10, 310, 310, 10, 490, 490, 200, 200, 29410, 29410, 80, 80, 2130, 10, 2130, 10, 610, 610, 1700, 1700, 40, 40, 390, 390, 410, 410, 810, 810, 10, 10, 1320, 1320, 90, 1820, 90, 1820, 3690, 3690, 880, 880, 720, 720, 1120, 1120, 760, 760, 850, 850, 50, 50, 440, 440, 700, 700, 800, 330, 330, 260, 260, 460, 460, 10, 10, 310, 310, 420, 420, 190, 190, 510, 510, 80, 3230, 80, 170, 170, 720, 720, 640, 640, 1260, 1260, 390, 390, 200, 200, 1010, 1010, 1530, 1530, 350, 350, 320, 320, 70, 450, 70, 450, 470, 470, 1590, 1590]"
2020-10-26 04:25:00+00:00,83310,0,126.0,"[1130, 1130, 1020, 1020, 30, 30, 670, 670, 11350, 11350, 210, 210, 360, 360, 370, 370, 40, 40, 70, 70, 320, 320, 420, 420, 310, 310, 200, 200, 270, 270, 60, 60, 60, 60, 3510, 3510, 420, 420, 260, 260, 350, 350, 490, 1290, 490, 1290, 330, 330, 180, 300, 300, 450, 450, 440, 440, 260, 260, 520, 520, 400, 400, 10, 10, 20, 20, 40, 40, 250, 360, 360, 250, 50, 50, 320, 320, 4830, 1310, 1310, 190, 190, 110, 110, 80, 80, 210, 210, 600, 600, 320, 120, 320, 120, 80, 80, 910, 910, 610, 610, 1480, 1480, 300, 300, 300, 300, 790, 790, 130, 130, 170, 170, 250, 790, 250, 790, 560, 560, 650, 650, 620, 860, 860, 620, 480, 480, 270, 270]"
2020-10-26 04:30:00+00:00,174270,0,161.0,"[400, 5590, 370, 370, 130, 6730, 130, 6730, 450, 450, 770, 770, 7270, 7270, 120, 120, 120, 120, 460, 460, 2850, 2850, 180, 180, 2700, 2700, 430, 430, 10, 410, 410, 10, 850, 850, 20, 20, 480, 480, 980, 980, 1550, 1550, 480, 480, 460, 460, 290, 290, 750, 750, 820, 820, 400, 400, 1200, 1200, 930, 930, 400, 570, 570, 200, 200, 1680, 1680, 6210, 6210, 480, 480, 1820, 1820, 2250, 2250, 400, 400, 3090, 3090, 90, 90, 50, 50, 300, 300, 490, 490, 320, 320, 420, 190, 420, 190, 1620, 1620, 1530, 320, 1530, 320, 130, 130, 60, 60, 110, 110, 160, 160, 260, 260, 1320, 1320, 190, 190, 500, 500, 120, 120, 420, 420, 6210, 6210, 1490, 1490, 1860, 1860, 780, 780, 1200, 1200, 230, 230, 1320, 6560, 240, 6560, 1320, 240, 300, 300, 500, 500, 680, 680, 630, 630, 480, 480, 160, 160, 920, 920, 200, 200, 290, 290, 270, 270, 30, 30, 760, 760, 1320, 1320]"
2020-10-26 04:35:00+00:00,100480,0,100.0,"[240, 240, 130, 130, 300, 300, 410, 410, 100, 100, 510, 510, 210, 210, 1060, 1060, 1700, 1700, 230, 230, 640, 640, 1840, 1840, 730, 610, 730, 610, 30, 30, 390, 390, 100, 100, 200, 200, 640, 640, 60, 60, 1190, 1190, 620, 620, 1750, 1750, 500, 500, 40, 40, 200, 200, 320, 2500, 320, 2500, 1540, 1540, 580, 580, 1100, 1100, 3650, 3650, 220, 220, 1340, 1340, 13520, 13520, 30, 30, 930, 930, 20, 20, 1120, 1120, 690, 690, 250, 250, 950, 950, 820, 820, 270, 270, 1090, 1090, 1420, 1420, 110, 110, 3130, 3130, 130, 130, 80, 80]"
2020-10-26 04:40:00+00:00,255100,2,162.0,"[220, 220, 320, 320, 60, 60, 10930, 10930, 180, 180, 80, 80, 2070, 2070, 640, 640, 520, 520, 310, 310, 930, 930, 540, 540, 190, 190, 480, 480, 90, 90, 370, 2700, 370, 2700, 200, 70, 200, 70, 540, 540, 1200, 1200, 20740, 20740, 170, 170, 170, 3280, 330, 3280, 170, 330, 120, 120, 270, 270, 1650, 1650, 350, 350, 360, 750, 750, 360, 1020, 1020, 630, 630, 260, 260, 200, 200, 560, 560, 2590, 2590, 5810, 5810, 70, 70, 530, 530, 2940, 2940, 510, 510, 1890, 1890, 1070, 1070, 140, 140, 690, 690, 410, 410, 420, 420, 120, 120, 580, 580, 190, 60, 190, 60, 10040, 10040, 520, 520, 520, 520, 1010, 1010, 180, 820, 180, 820, 560, 560, 750, 750, 1200, 1200, 240, 240, 250, 250, 910, 910, 730, 730, 510, 510, 640, 640, 900, 900, 820, 820, 1300, 1300, 140, 140, 200, 200, 1320, 1320, 140, 140, 1700, 1700, 2530, 2530, 280, 280, 420, 420, 700, 700]"
2020-10-26 04:45:00+00:00,72770,0,112.0,"[880, 880, 630, 170, 630, 40, 340, 40, 980, 980, 30, 200, 200, 30, 240, 240, 260, 260, 110, 110, 300, 300, 340, 340, 300, 300, 170, 170, 70, 260, 260, 70, 120, 120, 9580, 9580, 190, 190, 1500, 1500, 20, 20, 940, 940, 1510, 1510, 990, 990, 170, 170, 340, 340, 710, 710, 610, 610, 80, 80, 870, 870, 840, 840, 430, 430, 100, 100, 510, 510, 230, 230, 260, 260, 250, 250, 280, 280, 2230, 2230, 170, 170, 660, 660, 840, 840, 1160, 1160, 90, 90, 460, 460, 150, 300, 300, 150, 570, 570, 140, 140, 100, 100, 120, 120, 310, 310, 2340, 2340, 390, 390, 360, 360, 400, 400]"
2020-10-26 04:50:00+00:00,141530,0,120.0,"[1260, 1260, 860, 860, 350, 350, 220, 220, 640, 640, 1440, 510, 510, 2570, 2570, 260, 260, 140, 140, 420, 420, 640, 640, 210, 210, 210, 210, 110, 110, 320, 320, 150, 150, 620, 620, 870, 870, 120, 120, 80, 80, 130, 130, 3360, 3360, 10, 240, 240, 10, 180, 180, 590, 350, 590, 350, 120, 120, 150, 150, 350, 350, 220, 220, 690, 690, 170, 170, 720, 720, 1320, 1320, 550, 550, 170, 170, 140, 140, 18460, 18460, 40, 40, 280, 280, 19840, 19840, 30, 30, 460, 460, 850, 850, 480, 480, 1040, 1040, 320, 320, 140, 140, 200, 200, 500, 510, 500, 760, 760, 830, 830, 1680, 1680, 290, 290, 580, 580, 2560, 2560, 210, 210, 220, 220]"
2020-10-26 04:55:00+00:00,198230,0,137.0,"[230, 230, 460, 460, 480, 480, 180, 430, 180, 430, 1350, 1350, 1260, 1260, 500, 500, 230, 230, 220, 220, 660, 660, 3580, 3580, 440, 440, 390, 190, 190, 400, 400, 820, 820, 640, 640, 240, 240, 230, 60, 60, 230, 500, 500, 470, 470, 460, 460, 250, 250, 340, 340, 140, 140, 150, 150, 530, 530, 3370, 3370, 280, 280, 210, 210, 210, 210, 390, 390, 1060, 1060, 1220, 1220, 560, 560, 370, 370, 50, 50, 49880, 280, 280, 49880, 80, 80, 2640, 2640, 3950, 3950, 1320, 1320, 510, 510, 1100, 1100, 1540, 1540, 1450, 1450, 960, 960, 750, 750, 60, 60, 530, 530, 310, 310, 80, 810, 810, 80, 1680, 1680, 360, 360, 620, 1140, 620, 1140, 1100, 1100, 30, 30, 260, 260, 2340, 2340, 430, 430, 680, 680, 320, 320, 300, 300, 250, 250]"
2020-10-26 05:00:00+00:00,88280,0,127.0,"[1110, 1110, 290, 290, 350, 350, 680, 680, 110, 110, 1600, 1600, 670, 670, 270, 270, 240, 240, 520, 520, 980, 980, 460, 240, 240, 320, 320, 400, 400, 750, 750, 380, 380, 720, 720, 1100, 1100, 700, 700, 950, 950, 400, 400, 590, 280, 280, 590, 190, 190, 80, 80, 480, 480, 310, 310, 360, 360, 1040, 150, 1040, 150, 60, 60, 270, 270, 280, 580, 740, 280, 580, 740, 5000, 5000, 700, 700, 1350, 1350, 1290, 1290, 30, 30, 710, 710, 140, 140, 1230, 1230, 2810, 2810, 1850, 1850, 1480, 1480, 820, 820, 2380, 2380, 70, 70, 90, 90, 280, 280, 80, 80, 80, 80, 120, 410, 410, 120, 600, 600, 1460, 1460, 290, 290, 620, 620, 240, 240, 600, 600, 700, 700, 290, 290]"
2020-10-26 05:05:00+00:00,405670,2,125.0,"[8000, 8000, 161010, 161010, 460, 90, 90, 550, 550, 250, 250, 1370, 1370, 350, 350, 220, 220, 780, 780, 40, 40, 800, 800, 830, 380, 380, 140, 140, 70, 70, 160, 160, 660, 660, 60, 60, 3600, 3600, 190, 190, 560, 560, 1220, 1220, 1850, 1850, 140, 140, 560, 560, 1440, 1440, 550, 550, 600, 600, 780, 780, 330, 330, 50, 50, 500, 500, 200, 200, 850, 850, 1820, 1190, 1190, 1820, 120, 120, 0, 0, 200, 200, 1270, 1270, 570, 570, 290, 290, 1000, 1000, 430, 430, 410, 410, 340, 150, 150, 130, 130, 550, 550, 280, 280, 290, 290, 1340, 1340, 460, 460, 770, 770, 100, 100, 440, 440, 270, 270, 80, 340, 80, 340, 290, 290, 460, 460, 80, 80, 340, 340]"
2020-10-26 05:10:00+00:00,99720,0,147.0,"[150, 150, 960, 960, 130, 380, 130, 380, 320, 320, 790, 790, 1120, 1120, 120, 120, 490, 490, 450, 450, 530, 530, 340, 340, 230, 230, 280, 280, 420, 420, 2950, 2950, 140, 140, 100, 100, 1690, 330, 1690, 330, 30, 30, 140, 140, 150, 150, 100, 430, 430, 100, 100, 100, 160, 160, 360, 360, 290, 290, 910, 1580, 910, 1580, 500, 500, 1220, 1220, 930, 930, 2430, 2430, 320, 320, 570, 570, 510, 510, 880, 880, 130, 740, 650, 650, 130, 740, 140, 140, 200, 200, 210, 210, 1380, 1380, 180, 180, 3650, 3650, 60, 600, 600, 200, 200, 1140, 1140, 1530, 1530, 1340, 1340, 60, 60, 30, 30, 1340, 1340, 80, 80, 230, 230, 800, 800, 840, 840, 490, 490, 130, 130, 220, 220, 1660, 1660, 1050, 1050, 3410, 3410, 460, 460, 320, 320, 90, 90, 260, 260, 1770, 1770, 440, 440, 530, 530]"
2020-10-26 05:15:00+00:00,202620,2,144.0,"[930, 930, 250, 250, 370, 180, 180, 370, 1060, 1060, 100, 100, 440, 440, 560, 560, 170, 170, 160, 160, 420, 420, 540, 170, 170, 190, 190, 110, 110, 340, 340, 180, 180, 16140, 16140, 460, 460, 340, 440, 440, 340, 510, 510, 380, 380, 5040, 5040, 230, 230, 410, 410, 570, 570, 1300, 1300, 80, 80, 90, 90, 400, 400, 730, 730, 480, 480, 2440, 2440, 430, 430, 840, 840, 270, 270, 1450, 1450, 1800, 1800, 450, 450, 2450, 2450, 340, 340, 340, 480, 480, 20, 890, 890, 240, 240, 440, 440, 460, 460, 270, 170, 270, 170, 60, 2530, 60, 2530, 190, 190, 630, 630, 90, 90, 60, 60, 780, 780, 100, 100, 320, 320, 720, 720, 1530, 1530, 1380, 1380, 260, 260, 1300, 1300, 250, 250, 450, 450, 33790, 33790, 130, 130, 7510, 7510, 460, 460, 1320, 1320, 180, 180, 340]"
2020-10-26 05:20:00+00:00,176970,4,126.0,"[1620, 1620, 510, 510, 280, 280, 560, 560, 260, 260, 160, 160, 430, 430, 260, 260, 720, 720, 480, 480, 160, 160, 610, 610, 210, 210, 980, 980, 1000, 1000, 290, 290, 790, 790, 130, 410, 410, 130, 300, 300, 1770, 19250, 1770, 19250, 180, 180, 930, 930, 270, 270, 690, 690, 180, 80, 80, 1150, 1150, 730, 730, 210, 210, 630, 630, 19250, 19250, 1300, 270, 1300, 270, 70, 70, 1050, 1050, 310, 310, 310, 310, 170, 320, 320, 11390, 11390, 90, 90, 310, 310, 390, 390, 300, 300, 460, 460, 2740, 2740, 50, 50, 200, 200, 40, 40, 620, 620, 2220, 2220, 460, 460, 80, 80, 4830, 4830, 400, 400, 200, 200, 710, 710, 230, 230, 370, 370, 70, 70, 290, 290, 2930, 2930]"
2020-10-26 05:25:00+00:00,157760,0,119.0,"[460, 460, 6870, 6870, 2000, 18790, 2000, 18790, 990, 250, 250, 990, 100, 100, 160, 160, 50, 50, 120, 120, 1490, 1490, 60, 60, 600, 600, 700, 700, 640, 640, 100, 1830, 1830, 340, 340, 90, 480, 90, 480, 90, 90, 700, 700, 900, 900, 260, 260, 220, 220, 570, 570, 1160, 1160, 1120, 1120, 410, 410, 1440, 1440, 6730, 6730, 20, 20, 510, 570, 570, 40, 40, 740, 740, 460, 460, 60, 60, 370, 370, 270, 270, 4680, 180, 180, 4680, 150, 150, 8300, 8300, 170, 170, 730, 730, 970, 970, 4200, 360, 4200, 360, 100, 100, 1230, 1230, 40, 40, 210, 60, 60, 1830, 1830, 1200, 1200, 640, 640, 630, 630, 220, 220, 10, 10, 620, 620]"
2020-10-26 05:30:00+00:00,119650,0,119.0,"[1590, 1590, 1020, 1020, 910, 910, 380, 380, 2250, 2250, 80, 80, 490, 490, 370, 370, 680, 680, 150, 150, 10, 10, 2300, 2300, 1190, 1190, 140, 140, 220, 220, 70, 120, 120, 70, 70, 70, 500, 500, 380, 380, 290, 290, 940, 940, 8620, 8620, 40, 40, 610, 610, 270, 270, 490, 11160, 11160, 30, 30, 410, 260, 260, 410, 180, 180, 140, 140, 40, 40, 940, 940, 80, 80, 810, 810, 400, 400, 11160, 11160, 600, 600, 780, 780, 520, 520, 30, 30, 800, 800, 140, 140, 1110, 1110, 280, 280, 560, 560, 190, 190, 940, 940, 60, 60, 120, 120, 200, 200, 90, 90, 710, 500, 500, 710, 340, 340, 400, 1810, 400, 1810, 100, 100]"
2020-10-26 05:35:00+00:00,78590,0,118.0,"[1120, 1120, 1080, 1080, 80, 80, 60, 60, 570, 570, 10, 10, 140, 100, 140, 100, 900, 900, 1150, 1150, 260, 260, 340, 340, 230, 230, 200, 80, 200, 80, 40, 40, 230, 230, 180, 180, 2220, 2220, 14660, 170, 170, 20, 20, 70, 70, 1050, 890, 1050, 890, 920, 920, 1020, 1020, 380, 380, 140, 140, 160, 160, 50, 50, 230, 230, 410, 410, 250, 20, 20, 110, 110, 100, 100, 290, 290, 270, 270, 830, 830, 3860, 3860, 490, 490, 330, 330, 260, 650, 650, 260, 420, 420, 420, 420, 320, 320, 1760, 1760, 3860, 3860, 180, 180, 110, 110, 540, 540, 750, 750, 1010, 100, 100, 1010, 100, 100, 90, 90, 270, 270, 200, 200]"
2020-10-26 05:40:00+00:00,179320,0,114.0,"[520, 520, 260, 260, 410, 410, 980, 1240, 980, 1240, 580, 580, 80, 80, 190, 190, 350, 350, 340, 340, 400, 400, 290, 290, 200, 200, 30, 30, 620, 620, 380, 380, 360, 360, 1340, 1340, 210, 210, 690, 690, 230, 230, 110, 110, 2270, 420, 420, 230, 1440, 1440, 920, 920, 410, 410, 420, 420, 2010, 2010, 13120, 13120, 1160, 1160, 390, 390, 340, 340, 260, 260, 230, 230, 200, 200, 820, 820, 770, 770, 870, 870, 670, 80, 1190, 340, 340, 1190, 80, 670, 190, 190, 1640, 1640, 120, 120, 910, 910, 1270, 1270, 44320, 44320, 810, 810, 520, 520, 290, 290, 120, 120, 950, 950, 870, 870, 0, 530, 530, 0]"
2020-10-26 05:45:00+00:00,75180,0,108.0,"[60, 60, 1340, 1340, 550, 550, 740, 740, 1080, 1080, 220, 220, 320, 320, 360, 360, 720, 720, 980, 980, 410, 410, 790, 240, 790, 240, 780, 780, 580, 580, 330, 330, 630, 630, 760, 760, 310, 310, 2520, 2520, 840, 840, 40, 40, 340, 340, 290, 470, 290, 470, 540, 540, 100, 100, 570, 570, 720, 720, 210, 210, 3280, 3280, 320, 320, 780, 780, 1290, 1290, 30, 30, 180, 180, 570, 570, 540, 540, 370, 910, 370, 910, 60, 60, 430, 430, 1830, 230, 1830, 230, 220, 220, 1850, 1850, 270, 270, 3500, 3500, 420, 420, 450, 450, 110, 110, 200, 200, 1690, 1690, 220, 220]"
2020-10-26 05:50:00+00:00,88130,0,99.0,"[630, 630, 1160, 1160, 5710, 5710, 720, 720, 30, 1660, 1660, 1180, 1180, 820, 820, 300, 300, 210, 210, 100, 100, 200, 200, 650, 650, 1190, 1190, 560, 560, 580, 580, 270, 270, 920, 920, 970, 970, 5940, 5940, 770, 770, 550, 550, 920, 920, 670, 670, 360, 360, 2450, 2450, 1630, 1630, 360, 360, 800, 800, 180, 180, 250, 250, 200, 200, 90, 90, 2410, 2410, 1320, 1320, 430, 430, 360, 360, 230, 230, 200, 200, 740, 740, 1630, 1630, 250, 250, 20, 20, 100, 100, 450, 450, 350, 2000, 350, 2000, 300, 300, 110, 110, 150, 150]"
2020-10-26 05:55:00+00:00,92260,0,87.0,"[3800, 3800, 70, 70, 3820, 3820, 100, 100, 70, 70, 400, 400, 550, 550, 210, 210, 250, 250, 110, 110, 1370, 1370, 190, 190, 170, 170, 400, 400, 450, 450, 9680, 9680, 1070, 1070, 6320, 6320, 70, 70, 770, 770, 450, 450, 50, 50, 290, 290, 200, 200, 2050, 2050, 410, 410, 150, 150, 120, 120, 1910, 1910, 530, 530, 120, 120, 590, 590, 130, 130, 970, 970, 1200, 520, 520, 550, 550, 4130, 4130, 60, 60, 690, 690, 100, 100, 680, 680, 900, 900, 60, 60]"
2020-10-26 06:00:00+00:00,62780,0,92.0,"[210, 210, 890, 890, 1640, 1640, 120, 120, 340, 340, 640, 640, 670, 670, 300, 300, 1740, 1740, 340, 340, 1520, 1520, 210, 210, 830, 830, 1420, 1420, 1360, 1360, 2480, 2480, 40, 40, 270, 2850, 2850, 280, 280, 1030, 1030, 270, 270, 1520, 1520, 380, 810, 810, 380, 500, 500, 110, 110, 720, 720, 20, 20, 910, 910, 1240, 1240, 60, 60, 230, 610, 610, 230, 220, 220, 170, 170, 80, 80, 220, 220, 1290, 1290, 110, 80, 80, 80, 80, 10, 10, 1020, 1020, 240, 240, 870, 870, 630, 630]"
2020-10-26 06:05:00+00:00,30040,0,69.0,"[2330, 2330, 220, 220, 340, 340, 1040, 1040, 650, 650, 190, 330, 190, 330, 560, 560, 230, 230, 160, 160, 40, 40, 780, 780, 100, 100, 430, 430, 3580, 160, 160, 280, 280, 80, 60, 80, 60, 160, 160, 50, 50, 80, 80, 700, 700, 310, 310, 340, 340, 310, 310, 60, 1480, 1480, 60, 100, 100, 290, 290, 170, 170, 80, 80, 130, 130, 130, 130, 860, 860]"
2020-10-26 06:10:00+00:00,40980,0,70.0,"[1790, 1790, 1200, 1280, 1280, 1200, 130, 130, 140, 140, 470, 470, 260, 260, 960, 960, 70, 70, 1160, 1160, 210, 210, 290, 290, 390, 390, 570, 570, 390, 390, 1870, 1870, 650, 650, 340, 340, 210, 210, 290, 290, 310, 450, 450, 310, 810, 810, 490, 490, 300, 300, 120, 120, 510, 510, 80, 80, 260, 260, 290, 290, 270, 270, 2140, 2140, 500, 500, 500, 500, 790, 790]"
2020-10-26 06:15:00+00:00,29160,0,65.0,"[610, 610, 230, 230, 200, 200, 120, 120, 320, 1050, 1050, 30, 30, 250, 1030, 250, 1030, 960, 960, 260, 260, 1650, 1650, 40, 40, 2210, 2210, 340, 340, 240, 240, 380, 380, 130, 130, 500, 500, 270, 270, 120, 120, 680, 680, 220, 220, 200, 200, 270, 270, 190, 190, 770, 770, 240, 240, 300, 350, 350, 300, 200, 140, 240, 200, 240, 140]"
2020-10-26 06:20:00+00:00,40460,0,49.0,"[360, 360, 290, 290, 2590, 1230, 1230, 1170, 1170, 520, 180, 520, 180, 120, 120, 20, 20, 2010, 2010, 1020, 1020, 360, 360, 6960, 6960, 200, 200, 150, 150, 320, 690, 450, 450, 690, 360, 360, 880, 880, 300, 300, 60, 860, 860, 80, 60, 80, 480, 480, 50]"
2020-10-26 06:25:00+00:00,35560,0,82.0,"[100, 100, 940, 940, 490, 490, 530, 530, 520, 520, 190, 190, 410, 410, 500, 500, 140, 140, 290, 120, 290, 120, 770, 770, 1180, 1180, 1260, 1260, 360, 760, 360, 760, 110, 110, 180, 180, 180, 180, 1120, 1120, 840, 840, 200, 200, 130, 130, 250, 250, 510, 100, 510, 100, 290, 290, 360, 360, 820, 820, 700, 700, 360, 360, 320, 320, 340, 340, 170, 170, 210, 210, 190, 190, 710, 710, 270, 270, 290, 290, 230, 230, 340, 340]"
2020-10-26 06:30:00+00:00,55220,0,77.0,"[140, 140, 1200, 1200, 840, 840, 40, 40, 1040, 1040, 400, 400, 870, 870, 110, 110, 350, 350, 190, 190, 50, 50, 550, 550, 640, 640, 490, 490, 390, 390, 480, 480, 810, 810, 150, 150, 80, 80, 330, 330, 60, 60, 770, 770, 750, 480, 750, 480, 150, 150, 1520, 1520, 50, 50, 40, 40, 280, 280, 430, 430, 390, 390, 9790, 9790, 60, 60, 240, 240, 60, 880, 880, 2240, 2240, 170, 170, 130, 130]"
2020-10-26 06:35:00+00:00,54790,0,69.0,"[640, 640, 410, 410, 380, 380, 20, 20, 460, 460, 160, 160, 30, 30, 250, 250, 150, 390, 8430, 390, 8430, 80, 80, 120, 120, 420, 420, 330, 330, 560, 560, 110, 2140, 2140, 110, 240, 240, 1130, 240, 1130, 240, 760, 760, 520, 520, 280, 280, 910, 910, 290, 290, 710, 710, 70, 70, 360, 360, 5060, 5060, 80, 80, 460, 460, 170, 170, 50, 1060, 1060, 50]"
2020-10-26 06:40:00+00:00,23800,0,59.0,"[90, 90, 480, 480, 170, 170, 440, 440, 80, 80, 240, 240, 10, 10, 100, 100, 300, 300, 30, 30, 230, 230, 220, 640, 640, 340, 340, 1510, 1510, 490, 490, 1500, 1500, 890, 890, 150, 150, 100, 100, 70, 70, 180, 180, 60, 60, 40, 40, 80, 80, 1260, 1260, 180, 180, 450, 450, 1200, 1200, 480, 480]"
2020-10-26 06:45:00+00:00,24470,0,39.0,"[120, 120, 710, 710, 280, 280, 110, 110, 200, 200, 320, 810, 810, 320, 2230, 2230, 90, 90, 40, 40, 800, 800, 50, 50, 1310, 150, 150, 100, 100, 4230, 4230, 160, 160, 520, 520, 390, 390, 270, 270]"
2020-10-26 06:50:00+00:00,78820,0,59.0,"[1110, 1110, 1340, 1340, 1130, 1130, 150, 150, 130, 130, 470, 470, 380, 380, 580, 580, 250, 250, 1280, 1280, 560, 560, 70, 70, 190, 190, 300, 300, 340, 340, 70, 70, 16240, 420, 16240, 420, 690, 690, 4470, 4470, 250, 250, 60, 1100, 1100, 500, 500, 5910, 5910, 400, 400, 120, 120, 470, 470, 150, 150, 310, 310]"
2020-10-26 06:55:00+00:00,56200,0,66.0,"[140, 140, 540, 540, 520, 520, 1030, 1030, 130, 130, 6320, 6320, 340, 340, 20, 20, 80, 80, 340, 340, 1330, 1330, 10, 10, 1180, 1180, 420, 420, 290, 290, 20, 20, 680, 680, 40, 40, 800, 800, 110, 110, 190, 190, 800, 800, 80, 80, 620, 620, 190, 190, 1260, 1260, 250, 250, 210, 210, 540, 540, 80, 80, 240, 240, 9280, 9280, 20, 20]"
2020-10-26 07:00:00+00:00,54830,0,51.0,"[300, 300, 1190, 1190, 1550, 1550, 370, 370, 50, 50, 440, 440, 100, 100, 140, 140, 50, 50, 220, 220, 880, 880, 260, 9800, 260, 9800, 2430, 2430, 170, 1100, 1100, 1350, 1350, 580, 580, 80, 80, 440, 440, 40, 40, 70, 70, 430, 430, 40, 40, 5260, 5260, 160, 160]"
2020-10-26 07:05:00+00:00,31360,0,37.0,"[430, 430, 1940, 1940, 440, 440, 250, 250, 3920, 870, 870, 1300, 1300, 3000, 3000, 160, 160, 90, 90, 420, 420, 130, 130, 120, 100, 100, 60, 260, 260, 2800, 2800, 760, 760, 50, 50, 630, 630]"
2020-10-26 07:10:00+00:00,29000,0,50.0,"[220, 220, 1900, 1900, 200, 200, 510, 510, 740, 740, 1090, 1090, 210, 210, 260, 260, 1330, 1330, 60, 60, 240, 240, 340, 340, 580, 580, 250, 250, 180, 180, 420, 420, 70, 70, 30, 30, 990, 990, 70, 70, 660, 660, 1300, 1300, 1050, 1050, 240, 240, 1560, 1560]"
2020-10-26 07:15:00+00:00,94380,0,58.0,"[14130, 14130, 2600, 2600, 1220, 1220, 30, 30, 530, 530, 10500, 10500, 390, 390, 350, 350, 210, 210, 30, 30, 470, 470, 500, 500, 540, 540, 240, 240, 420, 420, 9540, 9540, 710, 710, 60, 60, 330, 330, 710, 710, 260, 260, 350, 350, 170, 170, 480, 480, 630, 630, 1530, 1530, 0, 0, 200, 200, 60, 60]"
2020-10-26 07:20:00+00:00,54480,0,57.0,"[690, 690, 70, 70, 190, 190, 10, 10, 340, 340, 1050, 1050, 940, 940, 150, 150, 440, 440, 70, 70, 220, 380, 380, 220, 10310, 10310, 630, 630, 550, 550, 4330, 4330, 190, 190, 260, 260, 100, 100, 140, 140, 250, 250, 620, 620, 660, 660, 1650, 1650, 1000, 170, 170, 40, 40, 1490, 1490, 800, 800]"
2020-10-26 07:25:00+00:00,37320,0,60.0,"[900, 900, 590, 590, 2630, 2630, 150, 150, 150, 150, 150, 150, 10, 10, 4580, 4580, 300, 300, 170, 170, 110, 110, 200, 200, 320, 1160, 320, 1160, 340, 340, 310, 310, 300, 300, 90, 90, 220, 220, 370, 370, 70, 70, 40, 40, 1900, 1900, 180, 180, 270, 270, 800, 800, 400, 400, 910, 910, 680, 680, 360, 360]"
2020-10-26 07:30:00+00:00,44380,0,70.0,"[650, 650, 160, 160, 190, 190, 460, 460, 6250, 6250, 330, 0, 0, 330, 380, 380, 380, 380, 470, 470, 1160, 1160, 980, 980, 290, 290, 150, 150, 1560, 1560, 160, 160, 580, 580, 190, 190, 100, 100, 510, 510, 40, 40, 400, 400, 930, 930, 160, 160, 110, 110, 330, 330, 990, 990, 0, 0, 960, 960, 130, 130, 160, 160, 60, 60, 50, 50, 380, 380, 2540, 2540]"
2020-10-26 07:35:00+00:00,42980,0,36.0,"[80, 80, 1280, 1280, 1340, 1340, 110, 110, 980, 980, 180, 180, 9820, 9820, 1060, 1060, 10, 10, 2000, 2000, 60, 60, 540, 540, 270, 270, 230, 230, 330, 330, 400, 400, 2430, 2430, 370, 370]"
2020-10-26 07:40:00+00:00,19940,0,41.0,"[120, 120, 310, 310, 280, 280, 750, 750, 240, 240, 70, 70, 10, 260, 10, 260, 440, 440, 190, 190, 550, 550, 90, 90, 260, 260, 2100, 2100, 580, 580, 70, 70, 880, 880, 340, 340, 2020, 2020, 0, 410, 410]"
2020-10-26 07:45:00+00:00,72880,0,54.0,"[540, 540, 400, 400, 1030, 1030, 320, 320, 280, 280, 1600, 1600, 60, 60, 1120, 1120, 50, 50, 8420, 8420, 1120, 1120, 750, 750, 160, 160, 160, 160, 1360, 1360, 3200, 9820, 3200, 9820, 520, 520, 260, 260, 20, 20, 1350, 1350, 350, 350, 230, 230, 580, 580, 740, 740, 1340, 1340, 660, 660]"
2020-10-26 07:50:00+00:00,27820,0,31.0,"[530, 530, 1470, 1470, 400, 400, 1400, 1400, 2640, 2640, 30, 30, 80, 80, 1020, 1020, 530, 530, 10, 10, 230, 230, 400, 400, 920, 160, 160, 340, 4210, 340, 4210]"
2020-10-26 07:55:00+00:00,107440,0,57.0,"[7170, 7170, 410, 5720, 410, 5720, 490, 490, 460, 460, 2270, 170, 2270, 170, 540, 540, 390, 390, 9680, 9680, 60, 60, 11050, 1670, 11050, 1670, 880, 880, 60, 60, 5320, 630, 630, 1120, 1120, 270, 270, 500, 500, 190, 190, 880, 880, 770, 770, 3230, 3230, 50, 50, 1170, 1170, 130, 130, 80, 80, 1020, 1020]"
2020-10-26 08:00:00+00:00,170310,0,39.0,"[3230, 430, 430, 40, 40, 8400, 8400, 760, 760, 630, 630, 1460, 1460, 420, 420, 130, 130, 190, 190, 240, 240, 22630, 22630, 10, 10, 830, 830, 1050, 1050, 730, 730, 850, 850, 43440, 43440, 380, 380, 920, 920]"
2020-10-26 08:05:00+00:00,75940,2,56.0,"[630, 630, 360, 360, 40, 40, 110, 110, 130, 130, 260, 260, 18740, 18740, 730, 730, 50, 50, 600, 600, 350, 350, 7820, 1080, 1080, 90, 90, 590, 590, 20, 20, 360, 360, 660, 260, 260, 660, 960, 960, 1620, 1620, 960, 960, 2330, 2330, 290, 290, 1130, 1130, 940, 130, 130, 330, 330, 780, 780]"
2020-10-26 08:10:00+00:00,49720,0,50.0,"[100, 100, 1370, 1370, 2100, 2100, 8340, 8340, 190, 190, 140, 140, 290, 290, 530, 530, 2290, 2290, 470, 470, 720, 720, 1020, 1020, 450, 450, 600, 600, 680, 680, 90, 90, 1410, 1410, 40, 40, 200, 200, 120, 120, 630, 630, 1730, 1730, 320, 320, 520, 520, 510, 510]"
2020-10-26 08:15:00+00:00,38020,0,50.0,"[100, 100, 310, 310, 320, 320, 40, 40, 10, 10, 160, 160, 830, 830, 0, 0, 11980, 11980, 500, 500, 20, 20, 690, 690, 180, 180, 420, 420, 420, 420, 280, 280, 460, 460, 160, 160, 380, 380, 490, 490, 140, 140, 30, 30, 460, 460, 140, 140, 490, 490]"
2020-10-26 08:20:00+00:00,44120,0,52.0,"[30, 30, 1370, 1370, 2080, 2080, 1620, 1620, 140, 140, 4810, 4810, 360, 360, 1320, 1320, 490, 490, 530, 530, 340, 340, 230, 230, 480, 480, 2180, 2180, 290, 290, 550, 550, 1350, 1350, 1350, 1350, 220, 220, 140, 140, 240, 240, 990, 990, 340, 340, 190, 190, 410, 410, 10, 10]"
2020-10-26 08:25:00+00:00,22920,0,39.0,"[40, 40, 320, 910, 910, 130, 130, 180, 180, 200, 200, 220, 220, 750, 750, 1820, 1820, 380, 380, 710, 710, 1010, 1010, 540, 540, 320, 320, 360, 360, 1380, 1380, 830, 830, 80, 80, 980, 980, 460, 460]"
2020-10-26 08:30:00+00:00,20950,0,37.0,"[750, 750, 180, 60, 60, 180, 780, 780, 60, 60, 1480, 1480, 60, 60, 2180, 2180, 810, 810, 1380, 1380, 700, 700, 90, 90, 10, 310, 310, 500, 500, 260, 260, 210, 210, 80, 80, 580, 580]"
2020-10-26 08:35:00+00:00,27100,0,32.0,"[750, 750, 4950, 4950, 1590, 1590, 310, 310, 960, 960, 130, 130, 340, 340, 1400, 1400, 670, 670, 850, 850, 30, 30, 10, 10, 520, 520, 10, 10, 900, 900, 130, 130]"
2020-10-26 08:40:00+00:00,50920,0,29.0,"[240, 240, 430, 430, 510, 510, 680, 680, 1370, 1370, 320, 320, 1920, 1920, 14290, 14290, 140, 140, 340, 340, 690, 690, 80, 820, 220, 220, 820, 3450, 3450]"
2020-10-26 08:45:00+00:00,66380,0,61.0,"[220, 220, 120, 120, 1280, 1120, 1280, 1120, 3560, 3560, 3450, 3450, 10, 10, 3610, 3610, 240, 240, 560, 560, 280, 280, 1690, 1690, 1000, 1000, 200, 4420, 4420, 1270, 1270, 60, 60, 740, 740, 470, 470, 360, 360, 270, 270, 2250, 2250, 310, 310, 780, 780, 90, 90, 1650, 1650, 1300, 1300, 320, 320, 440, 440, 980, 980, 240, 240]"
2020-10-26 08:50:00+00:00,23560,0,35.0,"[860, 860, 740, 740, 980, 980, 820, 120, 120, 820, 170, 170, 1660, 1660, 1190, 1190, 300, 300, 570, 570, 80, 80, 140, 140, 920, 920, 700, 700, 50, 50, 1440, 1140, 1140, 620, 620]"
2020-10-26 08:55:00+00:00,13200,0,32.0,"[140, 140, 120, 120, 910, 910, 490, 490, 190, 190, 460, 460, 40, 40, 1200, 1200, 180, 180, 750, 750, 560, 560, 400, 400, 650, 650, 260, 260, 110, 110, 140, 140]"
2020-10-26 09:00:00+00:00,17440,0,32.0,"[270, 270, 180, 180, 200, 200, 120, 120, 3330, 3330, 100, 100, 90, 90, 210, 210, 360, 360, 170, 170, 120, 120, 1340, 1340, 310, 310, 1740, 1740, 80, 80, 100, 100]"
2020-10-26 09:05:00+00:00,91300,0,31.0,"[290, 290, 740, 740, 160, 160, 2540, 2540, 850, 850, 2680, 2680, 1080, 1080, 30, 30, 31380, 31380, 490, 490, 80, 80, 3750, 3750, 680, 680, 680, 380, 380, 180, 180]"
2020-10-26 09:10:00+00:00,22700,0,21.0,"[1140, 1140, 680, 1010, 1010, 410, 410, 1670, 1670, 20, 20, 1820, 1820, 80, 80, 4630, 4630, 90, 90, 140, 140]"
2020-10-26 09:15:00+00:00,18700,0,20.0,"[1020, 1020, 50, 50, 240, 240, 490, 490, 10, 10, 90, 90, 1160, 1160, 5200, 5200, 890, 890, 200, 200]"
2020-10-26 09:20:00+00:00,32830,0,34.0,"[3510, 1690, 250, 1690, 250, 900, 60, 60, 50, 50, 780, 780, 50, 50, 380, 380, 800, 800, 360, 360, 0, 540, 270, 540, 270, 70, 70, 4470, 4470, 2130, 2130, 3140, 740, 740]"
2020-10-26 09:25:00+00:00,51200,0,26.0,"[730, 730, 260, 260, 120, 120, 1860, 1860, 650, 650, 14950, 14950, 1470, 1470, 100, 100, 310, 310, 1300, 1300, 2250, 2250, 340, 340, 1260, 1260]"
2020-10-26 09:30:00+00:00,211290,0,55.0,"[180, 180, 110, 110, 190, 190, 240, 240, 2850, 2850, 240, 240, 1530, 1530, 2070, 1320, 1320, 280, 280, 30, 30, 470, 470, 850, 140, 850, 140, 1140, 490, 490, 450, 7600, 7600, 1000, 600, 600, 140, 140, 280, 280, 460, 460, 31710, 180, 180, 360, 360, 13380, 240, 240, 1070, 1070, 210, 210]"
2020-10-26 09:35:00+00:00,33850,0,33.0,"[3100, 470, 470, 620, 620, 900, 390, 740, 2240, 440, 440, 860, 860, 840, 840, 730, 950, 570, 570, 4380, 200, 200, 120, 120, 530, 90, 90, 1440, 3800, 4350, 1080, 400, 400]"
2020-10-26 09:40:00+00:00,47700,0,46.0,"[1450, 1450, 1380, 1380, 380, 380, 2020, 510, 510, 1260, 1260, 1180, 1180, 450, 210, 210, 110, 110, 90, 610, 90, 610, 180, 180, 530, 530, 310, 310, 3190, 630, 630, 100, 100, 3730, 1160, 520, 520, 9710, 790, 3590, 110, 110, 1610, 1610, 360, 360]"
2020-10-26 09:45:00+00:00,60510,0,39.0,"[820, 820, 1120, 1120, 1500, 1500, 1970, 1970, 6280, 6280, 280, 280, 1270, 1270, 340, 340, 8770, 8770, 990, 990, 40, 40, 190, 190, 1150, 3100, 3100, 150, 150, 210, 210, 570, 570, 490, 490, 1010, 1010, 580, 580]"
2020-10-26 09:50:00+00:00,52730,0,40.0,"[130, 130, 460, 460, 4720, 4720, 70, 1210, 1210, 750, 750, 60, 2240, 1060, 1060, 230, 230, 220, 220, 380, 380, 6780, 6780, 4550, 480, 480, 680, 680, 1100, 1100, 470, 470, 10, 870, 870, 790, 790, 800, 2170, 2170]"
2020-10-26 09:55:00+00:00,25000,0,40.0,"[200, 200, 300, 300, 1400, 1400, 450, 450, 1400, 1400, 340, 340, 270, 270, 150, 150, 530, 530, 140, 140, 100, 100, 0, 0, 950, 950, 280, 270, 280, 270, 1060, 1060, 1280, 1280, 920, 920, 90, 90, 3880, 860]"
2020-10-26 10:00:00+00:00,108010,0,40.0,"[140, 140, 12770, 1670, 1670, 210, 210, 1400, 1400, 210, 210, 660, 660, 40, 40, 440, 440, 440, 440, 1380, 1380, 310, 310, 1240, 1240, 280, 280, 460, 460, 200, 200, 34750, 34750, 170, 170, 2340, 2340, 2420, 70, 70]"
2020-10-26 10:05:00+00:00,49680,0,44.0,"[3200, 610, 610, 280, 950, 950, 1700, 1700, 540, 540, 220, 220, 430, 430, 1850, 1850, 1020, 1020, 170, 170, 640, 640, 930, 930, 370, 370, 5150, 5150, 100, 100, 300, 300, 2460, 2460, 2540, 70, 70, 100, 100, 350, 350, 10, 10, 7720]"
2020-10-26 10:10:00+00:00,55000,0,55.0,"[720, 720, 290, 290, 1080, 1080, 540, 540, 310, 310, 110, 110, 3520, 3520, 1540, 1540, 2370, 2370, 70, 70, 580, 580, 790, 790, 150, 150, 340, 340, 1280, 1280, 8270, 8270, 3760, 480, 480, 90, 90, 400, 400, 80, 80, 150, 150, 490, 490, 480, 480, 490, 490, 110, 110, 800, 800, 90, 90]"
2020-10-26 10:15:00+00:00,35310,0,50.0,"[920, 920, 780, 780, 2050, 2050, 850, 590, 590, 2380, 50, 50, 1520, 1520, 480, 480, 1970, 1970, 30, 30, 550, 550, 2160, 2160, 310, 310, 160, 20, 20, 140, 140, 300, 300, 220, 930, 930, 520, 520, 700, 700, 130, 130, 430, 430, 400, 400, 850, 850, 20, 20]"
2020-10-26 10:20:00+00:00,21040,0,49.0,"[70, 70, 200, 200, 150, 150, 100, 100, 40, 40, 200, 200, 160, 160, 100, 100, 170, 170, 270, 270, 140, 140, 180, 760, 760, 490, 490, 70, 70, 100, 100, 760, 760, 330, 330, 1870, 1870, 70, 70, 380, 380, 620, 620, 1800, 1800, 960, 960, 620, 620]"
2020-10-26 10:25:00+00:00,61120,0,48.0,"[3620, 3620, 30, 30, 1910, 1910, 340, 340, 60, 60, 3620, 1090, 1360, 1360, 270, 270, 340, 350, 340, 350, 2000, 570, 3610, 260, 3610, 260, 70, 70, 1170, 1170, 970, 970, 8310, 8310, 70, 70, 420, 420, 80, 80, 90, 690, 90, 690, 1450, 1450, 1450, 1450]"
2020-10-26 10:30:00+00:00,10970,0,23.0,"[170, 40, 40, 1150, 1150, 40, 40, 10, 10, 30, 30, 2370, 2370, 40, 40, 750, 750, 600, 600, 60, 60, 310, 310]"
2020-10-26 10:35:00+00:00,11410,0,37.0,"[380, 380, 120, 120, 190, 190, 230, 230, 30, 30, 50, 50, 210, 20, 20, 200, 200, 720, 720, 270, 270, 100, 100, 420, 420, 1200, 400, 400, 100, 260, 260, 200, 200, 1180, 1180, 180, 180]"
2020-10-26 10:40:00+00:00,29520,0,39.0,"[720, 720, 40, 40, 0, 0, 100, 100, 100, 100, 180, 180, 180, 290, 290, 830, 830, 3510, 3510, 390, 390, 1370, 1370, 410, 410, 1420, 1420, 90, 90, 420, 420, 80, 80, 2340, 2340, 40, 40, 2340, 2340]"
2020-10-26 10:45:00+00:00,21280,0,27.0,"[490, 490, 6090, 6090, 10, 10, 190, 190, 1100, 1100, 160, 160, 20, 20, 740, 740, 220, 220, 460, 460, 880, 430, 430, 260, 260, 30, 30]"
2020-10-26 10:50:00+00:00,21880,0,34.0,"[2160, 2160, 1000, 1000, 1120, 1120, 160, 160, 200, 200, 80, 80, 1910, 1910, 250, 250, 470, 470, 1530, 1530, 750, 750, 80, 80, 70, 30, 70, 30, 560, 560, 180, 180, 390, 390]"
2020-10-26 10:55:00+00:00,60650,0,43.0,"[490, 490, 4780, 4780, 300, 300, 400, 400, 220, 220, 380, 380, 560, 560, 1090, 180, 180, 630, 630, 310, 310, 150, 150, 1360, 1360, 300, 300, 2400, 2400, 100, 100, 620, 620, 90, 90, 60, 60, 700, 15580, 15580, 700, 170, 170]"
2020-10-26 11:00:00+00:00,35220,0,43.0,"[1040, 1040, 220, 220, 1750, 1750, 1050, 1050, 260, 260, 510, 510, 6100, 170, 170, 600, 600, 200, 200, 190, 190, 10, 10, 2350, 2350, 1690, 1690, 90, 90, 170, 170, 400, 400, 1690, 1690, 300, 300, 940, 940, 340, 340, 590, 590]"
2020-10-26 11:05:00+00:00,24360,0,28.0,"[420, 420, 3400, 3400, 320, 320, 350, 350, 90, 90, 1020, 1020, 1370, 1370, 1390, 1390, 50, 50, 1090, 1090, 1670, 1670, 160, 160, 450, 400, 400, 450]"
2020-10-26 11:10:00+00:00,390760,0,51.0,"[220, 220, 150, 150, 10, 1110, 10, 1110, 510, 510, 340, 340, 1970, 1970, 1090, 1090, 0, 1400, 1400, 440, 440, 350, 350, 30, 30, 6460, 6460, 230, 230, 410, 410, 4490, 4490, 670, 670, 5590, 5590, 160, 160, 500, 500, 1380, 1380, 1310, 1310, 160, 160, 166390, 166390, 10, 10]"
2020-10-26 11:15:00+00:00,57790,0,51.0,"[5590, 5590, 30, 30, 6350, 80, 80, 0, 0, 420, 420, 680, 680, 980, 980, 590, 590, 290, 290, 1230, 1230, 5850, 330, 330, 200, 200, 6290, 1200, 1200, 690, 690, 70, 300, 300, 70, 920, 920, 4070, 4070, 310, 310, 150, 150, 250, 250, 270, 270, 1000, 1000, 0, 0]"
2020-10-26 11:20:00+00:00,63820,0,58.0,"[440, 440, 11490, 11490, 40, 40, 1140, 1140, 20, 20, 60, 60, 430, 430, 1090, 1090, 300, 300, 1360, 1360, 120, 120, 1560, 1560, 1560, 1560, 610, 610, 470, 470, 1790, 1790, 120, 120, 370, 370, 120, 120, 170, 170, 1220, 1220, 630, 630, 1520, 1520, 100, 100, 830, 830, 2520, 2520, 1320, 1320, 130, 380, 130, 380]"
2020-10-26 11:25:00+00:00,59520,0,42.0,"[450, 450, 3210, 200, 2200, 2200, 200, 890, 890, 500, 500, 320, 320, 10, 10, 30, 540, 540, 6600, 6600, 890, 890, 40, 40, 720, 720, 10, 10, 1150, 1150, 6850, 6850, 1060, 1060, 550, 200, 200, 1940, 1940, 500, 500, 5590]"
2020-10-26 11:30:00+00:00,32580,0,53.0,"[130, 130, 330, 330, 180, 180, 400, 400, 40, 410, 40, 410, 150, 150, 1210, 1210, 130, 130, 380, 380, 400, 400, 100, 100, 0, 0, 690, 690, 370, 370, 790, 20, 3600, 20, 3600, 790, 270, 270, 90, 90, 5960, 540, 540, 100, 100, 90, 90, 1480, 1480, 360, 360, 1050, 1050]"
2020-10-26 11:35:00+00:00,28020,0,52.0,"[460, 460, 180, 180, 3520, 520, 550, 550, 520, 40, 40, 10, 10, 270, 270, 1640, 810, 810, 80, 80, 1720, 1720, 190, 190, 1210, 1210, 280, 280, 160, 160, 480, 480, 450, 450, 540, 540, 10, 10, 220, 220, 190, 190, 100, 100, 300, 300, 1580, 1580, 120, 120, 960, 960]"
2020-10-26 11:40:00+00:00,99180,2,60.0,"[600, 600, 180, 180, 70, 70, 640, 640, 200, 900, 900, 200, 20, 20, 1040, 1040, 180, 180, 170, 170, 1300, 1300, 250, 250, 6170, 6170, 3730, 2040, 2040, 230, 230, 7670, 7670, 660, 660, 170, 170, 2380, 370, 370, 2380, 16200, 16200, 630, 630, 930, 930, 130, 130, 760, 760, 70, 380, 380, 10, 10, 3030, 3030, 380, 380]"
2020-10-26 11:45:00+00:00,34520,0,52.0,"[1420, 1420, 1000, 1000, 400, 400, 1560, 1560, 100, 100, 1610, 1610, 2960, 460, 460, 2960, 0, 0, 430, 430, 70, 70, 340, 340, 100, 100, 100, 100, 40, 40, 2900, 2900, 240, 240, 250, 250, 350, 350, 440, 440, 750, 750, 460, 180, 460, 180, 380, 380, 150, 150, 570, 570]"
2020-10-26 11:50:00+00:00,45890,0,67.0,"[570, 570, 200, 200, 1490, 1490, 730, 730, 770, 770, 300, 300, 2350, 2350, 30, 30, 640, 640, 210, 210, 590, 590, 320, 320, 750, 750, 330, 460, 460, 1140, 1140, 190, 190, 770, 770, 130, 50, 130, 50, 400, 400, 1400, 1400, 120, 120, 390, 390, 790, 790, 400, 400, 410, 410, 770, 770, 460, 460, 1740, 1740, 190, 190, 230, 230, 530, 530, 3260, 3260]"
2020-10-26 11:55:00+00:00,83360,0,60.0,"[20, 3290, 3290, 560, 560, 1360, 1360, 2960, 2960, 140, 140, 290, 290, 700, 130, 700, 130, 400, 90, 90, 400, 130, 130, 960, 960, 180, 180, 690, 690, 510, 510, 230, 230, 360, 360, 60, 60, 21940, 21940, 1420, 1420, 520, 380, 520, 2200, 2200, 220, 220, 510, 510, 40, 40, 770, 770, 180, 180, 460, 180, 180, 460]"
2020-10-26 12:00:00+00:00,160630,0,63.0,"[3460, 3460, 1380, 1380, 1500, 1500, 210, 210, 480, 480, 1150, 1150, 50, 50, 43580, 43580, 1240, 1240, 390, 390, 500, 500, 660, 660, 240, 240, 530, 530, 490, 490, 10, 10, 1920, 1920, 3150, 3150, 40, 40, 730, 730, 300, 300, 20, 20, 90, 90, 450, 450, 930, 930, 10750, 10750, 170, 170, 90, 90, 700, 700, 5890, 1330, 1330, 830, 830]"
2020-10-26 12:05:00+00:00,66960,0,88.0,"[1330, 1330, 1120, 1120, 250, 250, 210, 210, 1110, 1110, 760, 760, 390, 390, 140, 140, 80, 80, 1080, 1080, 180, 180, 7110, 7110, 200, 200, 60, 60, 620, 620, 50, 50, 490, 490, 20, 20, 80, 80, 600, 600, 190, 190, 310, 310, 3110, 3110, 130, 130, 120, 120, 1150, 1150, 540, 540, 430, 430, 290, 290, 530, 530, 510, 510, 40, 40, 30, 30, 270, 270, 210, 210, 140, 140, 50, 50, 1060, 1060, 3190, 3190, 160, 160, 140, 140, 2590, 2230, 2230, 180, 180, 2590]"
2020-10-26 12:10:00+00:00,62380,0,74.0,"[290, 290, 20, 20, 870, 870, 0, 0, 280, 280, 230, 230, 1110, 1110, 270, 270, 480, 480, 560, 560, 390, 390, 600, 600, 4440, 4440, 260, 260, 1400, 1400, 490, 490, 1220, 1220, 1870, 1870, 1040, 1040, 1540, 1540, 1310, 1310, 1120, 1120, 410, 410, 480, 480, 40, 40, 2720, 2720, 50, 50, 0, 0, 440, 440, 400, 400, 820, 820, 360, 360, 3920, 3920, 130, 130, 170, 170, 430, 430, 1030, 1030]"
2020-10-26 12:15:00+00:00,61590,0,84.0,"[700, 700, 790, 790, 290, 290, 600, 600, 240, 240, 770, 770, 40, 40, 2130, 2130, 210, 210, 770, 770, 20, 20, 240, 240, 190, 190, 630, 630, 1520, 1520, 860, 860, 420, 420, 340, 340, 160, 160, 810, 810, 520, 520, 870, 870, 100, 100, 270, 270, 460, 460, 2570, 2570, 60, 60, 150, 150, 490, 490, 850, 850, 190, 190, 1150, 1150, 1490, 2680, 1490, 130, 130, 230, 230, 710, 4940, 4940, 710, 230, 230, 390, 390, 1060, 1060, 150, 790, 790]"
2020-10-26 12:20:00+00:00,60720,0,91.0,"[810, 810, 480, 480, 570, 570, 2190, 2190, 540, 540, 170, 170, 160, 160, 330, 230, 330, 230, 80, 80, 450, 450, 400, 400, 1030, 1030, 790, 790, 2520, 2520, 110, 200, 110, 200, 260, 260, 1000, 1000, 330, 330, 300, 300, 1380, 1380, 710, 710, 4260, 4260, 160, 500, 160, 500, 160, 160, 130, 130, 310, 310, 110, 110, 40, 40, 200, 200, 1020, 1020, 140, 140, 100, 100, 360, 2840, 360, 2840, 1560, 1560, 280, 810, 280, 810, 70, 70, 40, 40, 40, 1220, 1220, 420, 420, 570, 570]"
2020-10-26 12:25:00+00:00,67440,0,74.0,"[50, 50, 1130, 1130, 1350, 1350, 1310, 1310, 390, 390, 20, 20, 140, 460, 140, 460, 1220, 1220, 190, 190, 1920, 1920, 240, 240, 540, 540, 180, 180, 160, 160, 720, 720, 80, 80, 440, 440, 180, 180, 170, 170, 2600, 2600, 730, 730, 8460, 8460, 2190, 2190, 260, 260, 100, 100, 230, 230, 510, 510, 30, 30, 860, 110, 860, 110, 2840, 2840, 480, 480, 130, 130, 0, 0, 1210, 2090, 2090, 1210]"
2020-10-26 12:30:00+00:00,50340,0,85.0,"[960, 960, 320, 320, 120, 120, 240, 240, 1440, 1440, 3630, 3630, 310, 310, 480, 480, 460, 460, 1000, 1000, 290, 290, 200, 200, 900, 900, 320, 320, 240, 240, 270, 270, 820, 820, 190, 190, 320, 320, 170, 170, 2550, 2550, 1080, 1080, 110, 110, 130, 610, 610, 130, 100, 100, 90, 90, 450, 450, 980, 980, 240, 240, 30, 30, 80, 80, 90, 90, 1800, 80, 80, 940, 940, 440, 440, 100, 100, 180, 180, 200, 200, 2680, 2680, 280, 280, 150, 150]"
2020-10-26 12:35:00+00:00,45500,0,80.0,"[730, 20, 20, 730, 820, 820, 100, 100, 60, 60, 170, 170, 640, 640, 220, 220, 360, 20, 360, 240, 240, 1900, 1900, 400, 400, 860, 660, 660, 860, 340, 340, 260, 260, 680, 680, 710, 710, 90, 90, 470, 470, 240, 240, 610, 610, 870, 870, 180, 180, 360, 360, 200, 200, 340, 340, 250, 250, 650, 500, 3220, 500, 650, 3220, 2300, 2300, 270, 270, 20, 140, 140, 60, 20, 60, 20, 310, 310, 660, 660, 1820, 1820]"
2020-10-26 12:40:00+00:00,74880,0,94.0,"[3480, 710, 710, 1350, 1350, 880, 880, 320, 320, 430, 430, 420, 420, 260, 260, 0, 0, 4020, 4020, 1100, 1100, 120, 120, 60, 60, 560, 560, 520, 520, 150, 400, 150, 400, 220, 220, 90, 550, 90, 550, 90, 220, 220, 90, 440, 440, 200, 200, 530, 530, 5920, 5920, 90, 40, 90, 40, 550, 550, 2540, 2540, 200, 200, 110, 110, 140, 140, 60, 60, 280, 280, 200, 200, 150, 150, 1360, 1240, 1360, 1240, 400, 900, 900, 460, 460, 150, 5440, 5440, 150, 790, 790, 770, 770, 180, 180, 290, 290]"
2020-10-26 12:45:00+00:00,84080,0,98.0,"[20, 20, 260, 260, 100, 100, 300, 300, 400, 400, 1040, 1040, 2550, 180, 2550, 180, 180, 180, 70, 70, 830, 830, 510, 510, 110, 110, 60, 60, 4440, 4440, 400, 1960, 400, 1960, 9700, 9700, 190, 190, 2140, 2140, 1620, 90, 1620, 90, 410, 410, 280, 280, 830, 830, 450, 450, 880, 880, 240, 240, 210, 210, 450, 450, 80, 80, 20, 20, 240, 240, 60, 60, 110, 1000, 1000, 130, 130, 340, 340, 230, 230, 2460, 2460, 1490, 200, 200, 520, 520, 1190, 1190, 140, 140, 560, 560, 2140, 2140, 140, 140, 350, 350, 540, 540]"
2020-10-26 12:50:00+00:00,114770,0,101.0,"[630, 630, 260, 260, 8410, 8410, 3370, 3370, 1110, 1110, 50, 50, 2070, 2070, 450, 450, 380, 380, 390, 390, 3520, 3520, 290, 1670, 290, 1670, 500, 500, 190, 190, 1320, 1320, 210, 210, 240, 240, 5250, 5250, 240, 240, 520, 520, 370, 370, 80, 2460, 80, 680, 680, 330, 330, 280, 280, 2900, 760, 170, 170, 760, 620, 14320, 14320, 620, 470, 470, 220, 220, 310, 310, 1030, 120, 1030, 120, 440, 440, 60, 60, 500, 500, 110, 110, 310, 110, 110, 460, 460, 160, 160, 50, 50, 170, 170, 430, 430, 230, 230, 70, 70, 840, 840, 90, 90]"
2020-10-26 12:55:00+00:00,87380,0,112.0,"[830, 830, 910, 910, 140, 140, 210, 210, 320, 320, 230, 230, 200, 200, 890, 890, 1090, 680, 680, 220, 220, 5600, 5600, 560, 560, 2120, 2120, 450, 450, 760, 760, 10, 710, 710, 400, 400, 120, 120, 1190, 1190, 460, 460, 40, 40, 490, 490, 70, 1580, 1580, 2300, 50, 50, 2300, 70, 260, 260, 780, 780, 150, 150, 590, 590, 460, 460, 20, 20, 1500, 1500, 1600, 1600, 180, 180, 570, 570, 2840, 2840, 2410, 2410, 120, 120, 200, 280, 200, 280, 1090, 1090, 960, 960, 170, 760, 760, 70, 70, 170, 620, 620, 1650, 410, 410, 1650, 60, 60, 430, 430, 260, 260, 1990, 1990, 820, 820, 360, 360]"
2020-10-26 13:00:00+00:00,130680,0,115.0,"[940, 940, 1030, 1030, 12970, 12970, 1760, 1760, 2780, 2780, 20, 20, 30, 30, 30, 310, 30, 310, 730, 730, 200, 200, 0, 0, 2530, 2530, 400, 400, 1510, 1510, 1600, 340, 340, 1600, 230, 230, 30, 30, 180, 180, 60, 60, 110, 110, 1500, 1500, 490, 490, 220, 220, 2800, 640, 640, 2800, 140, 140, 2300, 2300, 570, 570, 370, 370, 3810, 3810, 1000, 1000, 1060, 1770, 1770, 1060, 1810, 1810, 480, 480, 140, 140, 160, 2320, 2320, 160, 350, 350, 4300, 4300, 500, 500, 540, 540, 1530, 1530, 240, 240, 90, 90, 540, 190, 540, 190, 590, 590, 360, 360, 2000, 1360, 2000, 1360, 220, 220, 1960, 1960, 160, 860, 860, 260, 260]"
2020-10-26 13:05:00+00:00,86980,0,98.0,"[250, 250, 130, 700, 700, 130, 330, 330, 220, 220, 490, 490, 600, 600, 220, 220, 1170, 1170, 880, 340, 340, 880, 1930, 1930, 180, 180, 240, 240, 210, 210, 1190, 1190, 270, 270, 320, 50, 50, 320, 490, 490, 930, 930, 630, 630, 2590, 2590, 830, 830, 2680, 2680, 20, 240, 20, 240, 760, 760, 240, 240, 1630, 180, 1630, 180, 420, 420, 1490, 1490, 170, 170, 14050, 14050, 470, 470, 160, 160, 2450, 2450, 70, 70, 70, 70, 40, 40, 180, 180, 90, 90, 30, 30, 390, 390, 940, 940, 270, 270, 650, 650, 610, 610]"
2020-10-26 13:10:00+00:00,88270,0,138.0,"[10, 10, 470, 470, 3900, 3900, 1000, 1000, 250, 380, 380, 580, 580, 20, 620, 620, 740, 740, 1740, 1740, 850, 850, 120, 120, 1200, 1200, 2520, 2520, 3890, 130, 130, 3890, 30, 30, 50, 50, 380, 380, 80, 80, 1140, 1140, 390, 390, 190, 190, 620, 620, 1000, 1000, 220, 220, 170, 170, 40, 40, 810, 810, 510, 510, 350, 350, 120, 120, 180, 180, 620, 180, 620, 180, 90, 90, 550, 550, 100, 100, 1620, 1620, 290, 290, 0, 80, 80, 2680, 730, 730, 900, 900, 240, 240, 900, 600, 900, 600, 700, 700, 250, 250, 210, 210, 570, 570, 1390, 1390, 50, 50, 1110, 290, 290, 1110, 390, 390, 640, 640, 370, 370, 570, 570, 220, 220, 290, 290, 310, 310, 210, 210, 950, 950, 740, 640, 640, 740, 170, 170, 1120, 1120, 140, 140]"
2020-10-26 13:15:00+00:00,66190,0,103.0,"[210, 210, 440, 440, 320, 320, 1060, 1060, 180, 180, 450, 450, 470, 470, 1080, 1270, 1270, 140, 140, 270, 270, 480, 480, 510, 510, 1990, 1990, 120, 120, 130, 130, 30, 30, 460, 140, 100, 460, 140, 100, 250, 250, 390, 390, 1180, 180, 1180, 180, 180, 180, 630, 50, 50, 630, 1960, 1960, 180, 180, 60, 810, 810, 2940, 2940, 60, 60, 740, 740, 500, 500, 1710, 1710, 890, 890, 480, 480, 670, 740, 670, 740, 210, 210, 420, 420, 3070, 3070, 310, 280, 280, 1400, 1400, 50, 50, 190, 190, 390, 390, 470, 470, 1710, 1710, 330, 330, 540, 540]"
2020-10-26 13:20:00+00:00,68000,0,90.0,"[270, 270, 430, 430, 560, 560, 170, 170, 810, 810, 1200, 1200, 1290, 1290, 230, 230, 11660, 11660, 140, 140, 3320, 3320, 130, 130, 170, 230, 170, 230, 90, 90, 400, 70, 400, 70, 1400, 1400, 330, 330, 230, 230, 320, 320, 270, 270, 110, 110, 1140, 1140, 620, 620, 20, 20, 160, 160, 230, 100, 230, 100, 170, 170, 520, 520, 140, 140, 500, 500, 340, 340, 760, 760, 460, 460, 1540, 1540, 330, 330, 1520, 1520, 100, 100, 160, 160, 150, 150, 90, 90, 240, 240, 880, 880]"
2020-10-26 13:25:00+00:00,119950,2,105.0,"[440, 440, 1890, 1890, 90, 90, 960, 390, 390, 960, 100, 100, 870, 870, 720, 720, 1010, 1010, 1670, 1670, 29840, 550, 550, 230, 230, 400, 400, 810, 810, 240, 240, 3110, 3110, 370, 370, 80, 80, 1160, 1160, 560, 560, 2700, 2700, 200, 200, 620, 620, 270, 270, 1260, 1260, 280, 280, 170, 170, 430, 430, 230, 230, 720, 720, 1030, 1030, 290, 290, 280, 280, 730, 730, 140, 140, 170, 170, 50, 50, 6020, 6020, 310, 310, 1420, 1420, 320, 320, 300, 300, 2810, 2810, 70, 70, 640, 640, 460, 460, 3910, 3020, 410, 1290, 1290, 410, 1330, 1330, 640, 350, 350, 640]"
2020-10-26 13:30:00+00:00,64960,0,90.0,"[240, 240, 120, 120, 2570, 600, 2570, 600, 630, 630, 830, 830, 1030, 1030, 490, 490, 370, 370, 790, 790, 510, 510, 50, 50, 170, 170, 250, 250, 130, 130, 10, 10, 4050, 4050, 540, 540, 5290, 5290, 520, 520, 740, 740, 1010, 1010, 560, 560, 260, 260, 60, 60, 1220, 1220, 530, 530, 2280, 2280, 720, 780, 780, 720, 360, 360, 260, 260, 60, 30, 30, 60, 240, 240, 920, 920, 620, 620, 520, 520, 140, 140, 120, 120, 60, 60, 160, 160, 790, 790, 790, 60, 60, 790]"
2020-10-26 13:35:00+00:00,175440,0,147.0,"[190, 1410, 190, 1410, 70, 70, 40, 40, 1830, 1830, 430, 430, 670, 840, 670, 840, 80, 80, 7330, 7330, 760, 760, 720, 720, 1850, 1850, 540, 540, 1280, 1280, 200, 200, 540, 540, 1370, 1690, 1370, 1690, 260, 260, 380, 380, 560, 560, 100, 100, 20, 20, 750, 750, 2470, 2470, 3760, 3760, 370, 370, 20, 20, 530, 430, 430, 530, 460, 460, 280, 280, 100, 100, 710, 710, 280, 280, 120, 120, 270, 160, 270, 160, 500, 500, 100, 100, 140, 140, 450, 450, 600, 600, 1960, 1960, 1790, 1790, 1250, 1250, 460, 460, 910, 1640, 910, 400, 400, 300, 300, 2380, 2380, 970, 970, 14430, 14430, 950, 950, 40, 40, 40, 1860, 40, 1860, 40, 40, 400, 1860, 1860, 400, 2360, 2360, 14430, 14430, 120, 120, 20, 20, 700, 700, 160, 160, 1260, 1260, 180, 180, 930, 930, 460, 460, 150, 150, 430, 430]"
2020-10-26 13:40:00+00:00,135770,0,154.0,"[190, 190, 2770, 2770, 60, 150, 150, 60, 180, 140, 180, 140, 480, 2220, 9300, 9300, 480, 2220, 3150, 3150, 520, 520, 540, 540, 190, 190, 510, 510, 470, 470, 1340, 1340, 180, 180, 830, 270, 830, 270, 30, 30, 20, 860, 860, 370, 370, 70, 70, 1640, 1640, 300, 300, 3580, 3580, 260, 260, 4850, 4850, 420, 420, 360, 360, 240, 240, 700, 700, 870, 870, 420, 710, 420, 710, 550, 200, 270, 200, 270, 550, 550, 550, 550, 4390, 4390, 140, 140, 740, 740, 210, 210, 1170, 1170, 100, 100, 210, 210, 270, 270, 1220, 1220, 220, 220, 730, 730, 140, 140, 160, 160, 700, 700, 600, 600, 2360, 2360, 240, 240, 120, 120, 90, 510, 510, 1670, 1670, 200, 200, 740, 740, 330, 330, 270, 270, 200, 200, 1030, 1030, 790, 2800, 2800, 130, 130, 790, 790, 320, 320, 1510, 1510, 170, 70, 70, 170, 520, 520, 1230, 210, 1230, 210]"
2020-10-26 13:45:00+00:00,111860,0,110.0,"[1200, 1200, 370, 370, 60, 60, 180, 180, 400, 400, 1110, 1110, 180, 180, 800, 800, 4490, 2240, 4490, 2240, 820, 820, 1500, 1500, 1160, 1160, 70, 70, 1420, 1420, 730, 730, 150, 150, 810, 810, 240, 240, 1450, 1450, 2040, 2040, 380, 380, 210, 210, 200, 200, 3110, 3110, 210, 210, 1050, 1050, 60, 60, 150, 150, 210, 210, 1950, 1950, 40, 40, 180, 180, 1290, 270, 270, 920, 920, 800, 800, 460, 460, 100, 100, 440, 440, 1070, 1070, 330, 330, 220, 220, 120, 120, 600, 600, 370, 370, 230, 230, 4900, 4900, 6290, 60, 60, 1290, 1290, 3110, 3110, 70, 70, 440, 440, 610, 610, 6560, 6560]"
2020-10-26 13:50:00+00:00,147620,0,139.0,"[3790, 3790, 0, 300, 40, 300, 40, 630, 630, 310, 310, 3080, 3080, 300, 300, 2380, 2380, 190, 190, 20, 20, 560, 560, 360, 360, 850, 850, 370, 370, 290, 290, 90, 90, 420, 420, 2240, 2240, 0, 0, 800, 800, 170, 170, 330, 330, 10, 10, 80, 80, 290, 290, 520, 520, 580, 580, 290, 290, 270, 270, 760, 760, 1130, 1130, 6560, 6560, 140, 140, 630, 630, 1070, 1070, 1560, 1560, 630, 630, 80, 80, 10, 280, 280, 10, 110, 110, 150, 150, 50, 50, 460, 460, 4470, 4470, 1130, 1130, 660, 660, 1130, 1130, 4010, 4010, 340, 340, 530, 530, 820, 820, 500, 500, 460, 1260, 1260, 460, 400, 400, 1010, 1010, 1970, 1970, 1170, 1170, 600, 220, 600, 220, 380, 380, 300, 300, 90, 90, 1080, 1080, 17050, 17050, 840, 840, 30, 180, 30, 180]"
2020-10-26 13:55:00+00:00,372470,0,151.0,"[1640, 1640, 140, 140, 420, 420, 720, 720, 3040, 3040, 80, 80, 960, 960, 800, 800, 2110, 2110, 310, 310, 180, 180, 820, 820, 300, 300, 230, 230, 210, 210, 3540, 3540, 1240, 250, 310, 1240, 250, 310, 20, 20, 80, 80, 580, 580, 60, 60, 1290, 1290, 910, 910, 90, 90, 220, 220, 240, 240, 410, 410, 190, 190, 100, 100, 650, 650, 1820, 1820, 1340, 1340, 1340, 1430, 1340, 1430, 77200, 250, 77200, 250, 2040, 2040, 110, 4100, 110, 4100, 33020, 33020, 80, 80, 1160, 1160, 530, 1010, 530, 1010, 680, 680, 180, 180, 1150, 1150, 300, 300, 2800, 2800, 18950, 18950, 190, 190, 30, 920, 920, 290, 290, 180, 180, 230, 230, 1510, 1510, 1570, 1570, 580, 580, 450, 450, 210, 210, 450, 450, 2660, 2660, 40, 40, 600, 600, 350, 350, 280, 280, 300, 300, 580, 580, 680, 680, 140, 420, 140, 420, 1220, 1220, 740, 740]"
2020-10-26 14:00:00+00:00,242010,0,151.0,"[660, 1410, 4220, 510, 4220, 660, 1410, 510, 820, 820, 1440, 1440, 180, 180, 270, 800, 270, 800, 1650, 1650, 490, 490, 590, 590, 1400, 1400, 1230, 1230, 20430, 20430, 500, 500, 40, 40, 270, 270, 1530, 1530, 270, 270, 1010, 1010, 230, 230, 280, 280, 2290, 2290, 190, 300, 190, 300, 90, 90, 260, 650, 650, 260, 80, 80, 20, 20, 300, 300, 2220, 2220, 1290, 1290, 160, 160, 750, 120, 120, 130, 130, 250, 250, 18720, 18720, 310, 310, 1210, 130, 130, 2520, 2520, 300, 300, 560, 560, 1060, 1060, 4060, 4060, 790, 790, 6610, 6610, 540, 540, 50, 50, 1740, 1740, 490, 490, 540, 540, 110, 110, 1000, 1000, 2350, 6990, 300, 300, 2350, 1610, 1610, 730, 730, 140, 140, 380, 380, 970, 970, 410, 410, 100, 100, 20, 20, 1850, 1850, 20, 20, 9180, 9180, 160, 160, 1950, 140, 1950, 140, 6430, 6430, 90, 90, 1590, 1590]"
2020-10-26 14:05:00+00:00,125560,1,149.0,"[510, 510, 970, 970, 30, 30, 910, 910, 1280, 1280, 2520, 160, 160, 350, 350, 1450, 310, 310, 830, 830, 40, 40, 800, 800, 670, 670, 260, 260, 810, 810, 780, 780, 260, 260, 1290, 1290, 1480, 1480, 1720, 1720, 3450, 200, 200, 110, 110, 220, 220, 230, 230, 30, 260, 30, 260, 130, 130, 230, 230, 7580, 7580, 730, 730, 650, 70, 70, 650, 450, 450, 930, 930, 2680, 2680, 150, 150, 190, 190, 230, 230, 11190, 250, 250, 460, 460, 250, 250, 1470, 1470, 530, 530, 140, 140, 50, 1130, 50, 1130, 3240, 3240, 440, 440, 20, 20, 350, 350, 2470, 2470, 200, 200, 150, 150, 1610, 420, 420, 310, 310, 800, 800, 620, 620, 430, 500, 430, 500, 1390, 1390, 980, 980, 710, 710, 120, 120, 560, 560, 260, 260, 190, 190, 2000, 2000, 1380, 1380, 160, 160, 680, 680, 250, 250, 150, 150, 1080, 1080]"
2020-10-26 14:10:00+00:00,143250,1,163.0,"[2290, 2290, 1130, 20, 20, 10, 10, 460, 460, 280, 280, 110, 110, 380, 500, 340, 340, 500, 380, 300, 300, 6580, 6580, 880, 880, 10, 10, 440, 440, 400, 400, 460, 30, 30, 40, 40, 460, 100, 100, 80, 1080, 80, 1080, 3250, 3250, 870, 870, 120, 120, 1720, 1720, 320, 100, 100, 1330, 1330, 170, 170, 100, 100, 270, 330, 270, 330, 310, 130, 130, 910, 910, 830, 830, 210, 210, 700, 700, 150, 150, 3510, 3510, 120, 120, 2800, 840, 840, 2800, 70, 70, 390, 390, 70, 70, 260, 260, 950, 320, 950, 320, 890, 890, 710, 710, 1840, 1840, 540, 540, 4050, 190, 4050, 190, 290, 290, 140, 810, 810, 140, 3980, 140, 140, 250, 250, 620, 620, 650, 650, 250, 250, 110, 110, 1410, 1410, 2390, 2390, 770, 770, 580, 580, 320, 320, 1120, 1120, 790, 790, 1400, 1400, 1490, 1490, 1350, 1350, 0, 0, 150, 150, 950, 950, 2770, 2770, 960, 960, 410, 410, 2170, 2170, 5870]"
2020-10-26 14:15:00+00:00,129570,0,182.0,"[1620, 1620, 280, 280, 620, 200, 620, 200, 660, 660, 490, 490, 590, 590, 1760, 1760, 1210, 1210, 120, 120, 660, 660, 3970, 3970, 690, 690, 120, 500, 120, 500, 420, 420, 400, 400, 640, 640, 20, 440, 440, 320, 320, 550, 550, 260, 260, 130, 460, 130, 460, 950, 950, 220, 620, 860, 220, 330, 620, 860, 330, 4160, 1760, 1760, 4160, 320, 320, 530, 530, 100, 100, 390, 390, 240, 240, 20, 960, 960, 20, 120, 120, 320, 1140, 360, 360, 460, 460, 150, 150, 430, 430, 460, 460, 1400, 1400, 120, 120, 1200, 1200, 1520, 1520, 160, 160, 40, 40, 1560, 1560, 130, 130, 10, 10, 210, 210, 2840, 2840, 320, 320, 750, 2430, 2430, 750, 730, 730, 2000, 450, 2000, 450, 990, 990, 690, 690, 90, 90, 2200, 2200, 290, 330, 460, 460, 1820, 1820, 10, 10, 360, 360, 210, 210, 180, 180, 250, 420, 1100, 420, 250, 1100, 230, 230, 400, 400, 540, 540, 1190, 1190, 520, 520, 580, 310, 580, 310, 2920, 30, 2920, 30, 30, 30, 110, 30, 30, 280, 280, 980, 440, 980, 440]"
2020-10-26 14:20:00+00:00,108820,0,161.0,"[400, 400, 2000, 2000, 500, 500, 330, 330, 890, 890, 120, 120, 480, 480, 100, 100, 70, 70, 170, 170, 160, 160, 40, 40, 700, 700, 110, 110, 310, 310, 140, 140, 180, 180, 980, 980, 4870, 270, 190, 270, 190, 570, 570, 670, 670, 1050, 1050, 750, 750, 260, 260, 50, 50, 950, 950, 1020, 1020, 200, 200, 110, 110, 200, 200, 1760, 1060, 1060, 1760, 320, 320, 280, 950, 950, 390, 1080, 1080, 180, 180, 2360, 2360, 660, 660, 390, 390, 380, 380, 750, 750, 140, 140, 100, 420, 420, 630, 630, 310, 310, 310, 310, 610, 610, 380, 380, 60, 60, 140, 140, 80, 80, 420, 420, 600, 600, 1990, 1990, 320, 320, 460, 460, 30, 30, 80, 80, 210, 210, 1260, 1260, 440, 440, 2270, 2270, 610, 610, 510, 510, 1030, 1030, 180, 180, 1100, 1100, 580, 580, 200, 110, 110, 1600, 1600, 150, 150, 160, 160, 1410, 1410, 80, 80, 1260, 7270, 7270, 1260, 420, 420]"
2020-10-26 14:25:00+00:00,106410,0,138.0,"[40, 2340, 2340, 40, 500, 500, 560, 560, 290, 290, 900, 900, 190, 190, 440, 570, 440, 570, 2770, 2770, 190, 190, 3510, 3510, 1720, 1720, 370, 370, 2420, 2420, 50, 350, 350, 220, 220, 260, 260, 520, 520, 520, 520, 40, 40, 340, 340, 530, 2170, 530, 2170, 310, 310, 210, 210, 190, 190, 600, 600, 70, 70, 1110, 1110, 0, 520, 520, 1060, 1060, 1190, 1190, 20, 550, 550, 20, 1270, 1270, 440, 440, 8620, 8620, 110, 110, 400, 400, 560, 560, 1170, 1170, 210, 210, 140, 140, 150, 150, 1060, 1060, 110, 110, 210, 210, 1290, 1290, 1080, 1080, 990, 990, 240, 240, 240, 240, 110, 110, 360, 360, 500, 500, 430, 300, 430, 300, 420, 420, 230, 230, 140, 140, 400, 400, 1290, 1290, 200, 180, 200, 180, 1490, 1490, 730, 520, 520, 730]"
2020-10-26 14:30:00+00:00,188690,0,150.0,"[2080, 2080, 270, 270, 530, 530, 6260, 6260, 80, 80, 400, 400, 80, 80, 160, 40, 40, 230, 230, 1550, 1550, 440, 440, 190, 190, 70, 70, 70, 70, 350, 350, 690, 3990, 690, 3990, 560, 560, 500, 500, 60, 60, 14100, 14100, 190, 190, 4040, 1080, 4040, 1080, 600, 600, 3500, 3500, 540, 540, 2570, 2570, 90, 90, 3200, 3200, 340, 340, 640, 640, 300, 300, 880, 880, 1080, 1080, 160, 160, 60, 60, 1360, 1360, 1820, 1820, 250, 250, 840, 840, 8130, 60, 8130, 60, 960, 960, 340, 340, 1050, 1050, 740, 740, 220, 0, 220, 9650, 9650, 600, 600, 80, 80, 2120, 2120, 660, 660, 20, 20, 1130, 1130, 420, 420, 30, 960, 700, 30, 700, 960, 790, 790, 110, 110, 740, 740, 140, 140, 1300, 500, 500, 190, 700, 700, 30, 30, 610, 390, 390, 610, 380, 380, 750, 750, 3330, 3330, 660, 660, 440, 440]"
2020-10-26 14:35:00+00:00,117490,0,160.0,"[600, 600, 570, 570, 300, 300, 760, 760, 2020, 2020, 3700, 3700, 230, 230, 710, 770, 710, 770, 790, 790, 1270, 1270, 580, 580, 130, 130, 10, 10, 1570, 1570, 200, 200, 1470, 1470, 200, 200, 750, 750, 1060, 1060, 220, 1700, 220, 1700, 870, 870, 1000, 470, 470, 1000, 340, 340, 190, 190, 340, 340, 370, 370, 420, 420, 580, 3430, 3430, 280, 190, 580, 190, 580, 280, 340, 340, 20, 20, 890, 890, 140, 140, 1050, 1050, 170, 170, 1730, 1730, 1300, 1300, 360, 360, 1060, 360, 250, 250, 360, 1060, 1940, 1940, 2920, 920, 2920, 920, 880, 880, 1000, 740, 740, 1000, 270, 270, 270, 270, 300, 300, 340, 340, 1930, 1930, 500, 500, 1410, 1410, 90, 90, 750, 750, 80, 80, 30, 30, 190, 950, 190, 950, 420, 1490, 1490, 420, 190, 190, 700, 700, 140, 140, 120, 120, 50, 50, 80, 80, 470, 470, 760, 760, 1980, 1980, 20, 20, 50, 50, 510, 460, 460]"
2020-10-26 14:40:00+00:00,242310,0,213.0,"[40, 1110, 1110, 40, 100, 40, 40, 100, 200, 200, 590, 590, 510, 510, 450, 450, 60, 60, 320, 320, 2060, 400, 400, 2060, 270, 270, 250, 250, 1770, 1770, 2590, 2590, 1820, 1820, 360, 360, 70, 210, 70, 210, 1700, 1700, 2470, 2470, 120, 120, 380, 380, 350, 350, 860, 860, 970, 970, 2470, 310, 2470, 310, 10, 380, 380, 410, 410, 2590, 2590, 40, 40, 370, 370, 480, 480, 600, 790, 790, 600, 240, 240, 450, 450, 140, 140, 870, 870, 240, 240, 1020, 240, 1020, 240, 80, 80, 2700, 2700, 290, 290, 160, 160, 0, 0, 4410, 4410, 100, 100, 290, 290, 50, 50, 870, 870, 1170, 20, 1170, 20, 80, 80, 310, 310, 60, 60, 140, 1800, 140, 1800, 630, 630, 210, 210, 360, 360, 240, 290, 240, 290, 100, 100, 170, 170, 960, 960, 50, 50, 1700, 1700, 2060, 2060, 740, 740, 530, 100, 530, 100, 5280, 5280, 190, 190, 130, 130, 1220, 1220, 750, 750, 300, 300, 30, 2410, 2410, 30, 1080, 1080, 1240, 1240, 1090, 3270, 1090, 3270, 1010, 270, 1010, 270, 790, 790, 20, 20, 550, 550, 800, 800, 260, 260, 380, 2410, 380, 2410, 640, 640, 2560, 2560, 6520, 60, 6520, 60, 29290, 29290, 300, 300, 240, 400, 400, 240, 3530, 3530, 1750, 1750]"
2020-10-26 14:45:00+00:00,121360,0,169.0,"[220, 220, 40, 40, 370, 370, 270, 270, 150, 1350, 1350, 100, 100, 660, 660, 130, 130, 220, 220, 1140, 90, 90, 1140, 1040, 1040, 370, 370, 10, 90, 90, 20, 20, 630, 630, 50, 50, 740, 740, 4010, 290, 4010, 290, 80, 80, 10, 10, 60, 60, 270, 270, 320, 320, 360, 360, 260, 260, 2340, 2340, 100, 100, 2940, 2940, 50, 50, 5220, 5220, 1280, 1280, 1320, 1320, 360, 360, 980, 980, 480, 480, 4670, 4670, 1300, 2300, 1300, 2300, 560, 560, 560, 560, 2340, 2340, 300, 300, 20, 20, 340, 340, 1790, 1790, 50, 50, 1970, 1970, 1250, 1250, 280, 280, 440, 440, 420, 420, 800, 800, 50, 50, 640, 640, 380, 380, 220, 220, 420, 420, 190, 190, 280, 280, 460, 80, 80, 240, 240, 120, 550, 120, 550, 460, 460, 650, 650, 30, 30, 1350, 1350, 780, 780, 410, 410, 210, 210, 200, 200, 360, 360, 210, 210, 100, 100, 80, 80, 440, 440, 330, 330, 2910, 2910, 520, 520, 40, 40, 470, 470]"
2020-10-26 14:50:00+00:00,83870,0,175.0,"[560, 560, 240, 240, 460, 460, 340, 340, 1430, 1430, 660, 660, 90, 90, 2170, 160, 2170, 160, 340, 340, 1040, 1040, 530, 530, 430, 2010, 430, 2010, 270, 270, 2060, 2060, 20, 20, 190, 190, 410, 410, 290, 290, 260, 260, 660, 660, 1310, 1310, 40, 320, 320, 40, 660, 660, 620, 620, 2940, 2940, 60, 60, 100, 100, 350, 350, 500, 540, 500, 540, 440, 440, 720, 720, 1120, 1120, 870, 870, 220, 220, 30, 30, 330, 330, 120, 280, 280, 120, 390, 390, 650, 650, 160, 160, 410, 410, 270, 270, 50, 50, 350, 350, 80, 730, 80, 730, 30, 1140, 30, 1140, 300, 300, 1540, 1540, 260, 260, 230, 230, 660, 660, 480, 480, 940, 940, 370, 370, 70, 70, 160, 160, 560, 560, 0, 0, 400, 400, 210, 210, 40, 40, 170, 170, 60, 60, 50, 50, 110, 110, 2290, 240, 240, 2290, 10, 470, 470, 230, 230, 110, 110, 410, 410, 70, 70, 250, 250, 50, 50, 130, 130, 120, 120, 200, 200, 40, 40, 80, 80, 180, 180]"
2020-10-26 14:55:00+00:00,101200,0,140.0,"[30, 30, 2020, 2020, 490, 490, 500, 500, 4370, 4370, 350, 350, 130, 130, 930, 930, 4130, 4130, 1120, 1120, 840, 840, 30, 30, 2000, 2000, 430, 430, 450, 450, 1040, 2150, 1040, 2150, 90, 90, 1240, 1240, 1640, 1640, 350, 350, 330, 330, 240, 240, 720, 720, 1570, 1570, 660, 660, 540, 540, 520, 520, 120, 120, 100, 100, 100, 500, 100, 500, 240, 240, 250, 250, 500, 500, 1350, 1350, 620, 520, 520, 620, 640, 640, 90, 90, 420, 420, 820, 820, 100, 100, 140, 140, 820, 820, 420, 420, 480, 480, 630, 630, 60, 60, 280, 280, 940, 940, 1010, 1010, 120, 120, 460, 460, 310, 310, 240, 480, 240, 480, 430, 430, 1880, 1880, 240, 1880, 240, 1880, 120, 650, 120, 650, 430, 430, 170, 170, 160, 160, 60, 60, 560, 560, 2220, 2220, 130, 130]"
2020-10-26 15:00:00+00:00,108420,0,160.0,"[870, 870, 150, 150, 460, 460, 500, 500, 940, 940, 570, 570, 420, 420, 180, 180, 410, 410, 190, 190, 50, 50, 420, 1140, 1140, 420, 570, 1800, 570, 1800, 180, 180, 370, 320, 320, 370, 0, 1810, 130, 130, 0, 260, 260, 350, 350, 400, 400, 400, 400, 360, 580, 580, 360, 770, 770, 1910, 1910, 670, 670, 690, 690, 30, 30, 80, 80, 230, 230, 1380, 1380, 410, 410, 330, 330, 230, 230, 290, 290, 490, 490, 6120, 230, 6120, 230, 660, 660, 330, 330, 200, 200, 700, 700, 2130, 2130, 60, 60, 640, 640, 1520, 1520, 3050, 3050, 520, 520, 230, 230, 220, 220, 200, 200, 150, 150, 390, 390, 1040, 1040, 370, 370, 210, 210, 530, 530, 710, 710, 30, 30, 2570, 2570, 1040, 1040, 80, 80, 200, 200, 90, 90, 50, 4610, 110, 4610, 110, 110, 110, 450, 450, 1200, 130, 130, 1200, 460, 600, 600, 460, 140, 140, 400, 540, 540, 400, 780, 780]"
2020-10-26 15:05:00+00:00,193330,0,161.0,"[80, 80, 5040, 5040, 60, 60, 260, 260, 720, 720, 840, 840, 200, 200, 2430, 2430, 90, 90, 140, 140, 1320, 1320, 1110, 1110, 780, 780, 450, 450, 50, 50, 1030, 1030, 3130, 100, 100, 270, 130, 270, 130, 230, 230, 70, 70, 1150, 1150, 990, 150, 150, 990, 450, 450, 150, 150, 37560, 37560, 60, 60, 1580, 1580, 390, 130, 130, 840, 840, 2880, 2880, 3750, 490, 3750, 490, 440, 440, 4990, 4990, 180, 180, 290, 290, 1120, 1120, 1040, 1040, 1120, 1120, 530, 530, 10, 10, 1440, 1440, 210, 210, 500, 500, 510, 510, 590, 590, 120, 280, 120, 280, 240, 240, 20, 20, 300, 30, 300, 30, 190, 190, 280, 280, 440, 440, 460, 1120, 680, 680, 460, 1120, 440, 440, 160, 160, 410, 410, 950, 10, 950, 580, 580, 640, 640, 100, 100, 610, 880, 880, 610, 580, 510, 510, 580, 920, 920, 260, 260, 2470, 2470, 240, 240, 400, 400, 120, 120, 1690, 1690, 230, 230]"
2020-10-26 15:10:00+00:00,205020,0,195.0,"[560, 560, 830, 830, 560, 560, 80, 80, 40, 40, 120, 120, 40, 40, 40, 40, 90, 90, 360, 360, 380, 380, 200, 200, 790, 790, 2450, 2450, 160, 160, 1190, 1190, 320, 320, 10040, 10040, 160, 160, 340, 340, 70, 70, 700, 700, 120, 120, 900, 900, 380, 360, 380, 360, 1280, 1280, 280, 280, 4100, 1570, 1570, 4100, 1010, 1010, 140, 140, 410, 410, 60, 60, 440, 440, 250, 250, 200, 1280, 1280, 200, 240, 240, 13150, 13150, 450, 450, 240, 320, 240, 320, 1040, 2750, 1040, 2750, 90, 240, 90, 240, 520, 520, 140, 140, 480, 480, 860, 860, 520, 520, 1250, 1250, 610, 610, 820, 820, 220, 220, 130, 1010, 130, 1010, 410, 410, 60, 180, 180, 60, 100, 100, 530, 530, 210, 210, 640, 720, 640, 720, 250, 370, 370, 250, 640, 260, 260, 640, 840, 150, 840, 150, 330, 330, 280, 280, 80, 80, 2850, 2850, 210, 210, 4430, 4430, 6940, 6940, 40, 2140, 40, 2140, 340, 340, 20, 3830, 3830, 210, 210, 1620, 1620, 240, 240, 100, 10040, 100, 10040, 420, 420, 810, 810, 2190, 420, 420, 2190, 520, 520, 150, 150, 220, 220, 570, 570, 780, 780]"
2020-10-26 15:15:00+00:00,491990,6,193.0,"[50, 50, 550, 550, 30, 40, 40, 30, 50, 50, 150, 150, 870, 870, 430, 680, 680, 430, 500, 1730, 500, 1730, 40, 40, 390, 390, 50, 50, 410, 410, 1090, 1090, 290, 290, 570, 570, 5450, 5450, 390, 190, 240, 190, 390, 240, 630, 630, 250, 250, 50, 50, 540, 540, 1600, 1600, 1100, 1100, 20, 20, 250, 250, 40, 40, 100, 100, 360, 360, 640, 640, 1840, 1840, 340, 340, 140, 140, 500, 500, 580, 580, 200, 1430, 200, 1430, 120, 120, 2360, 2360, 190, 190, 1940, 1940, 160, 160, 9320, 9320, 4590, 4590, 520, 520, 20, 20, 450, 450, 560, 560, 130, 130, 840, 840, 140, 140, 17390, 17390, 220, 220, 770, 770, 140, 140, 500, 400, 500, 400, 70, 70, 420, 420, 1980, 1980, 1100, 1100, 410, 410, 190, 190, 170, 170, 4630, 700, 610, 700, 610, 3110, 3110, 160, 160, 8870, 8870, 1230, 1230, 120, 120, 1660, 1660, 60, 60, 520, 520, 1080, 1080, 230, 230, 240, 240, 390, 390, 560, 560, 280, 280, 50, 40, 50, 40, 740, 740, 30, 30, 760, 760, 800, 800, 50, 50, 150, 150, 70, 70]"
2020-10-26 15:20:00+00:00,322410,4,221.0,"[110, 110, 790, 790, 720, 720, 80, 80, 490, 570, 570, 490, 670, 670, 120, 120, 1330, 1330, 270, 270, 110, 30, 30, 110, 6250, 6250, 1550, 1550, 240, 240, 940, 940, 80, 80, 230, 230, 940, 280, 100, 280, 100, 400, 400, 2980, 2210, 230, 640, 230, 2980, 640, 2210, 80, 80, 80, 80, 480, 480, 190, 190, 920, 920, 860, 860, 100, 100, 10920, 10920, 210, 210, 700, 700, 410, 410, 670, 670, 590, 590, 1710, 380, 790, 790, 740, 740, 170, 170, 140, 140, 510, 510, 130, 1070, 1070, 130, 770, 770, 580, 580, 160, 160, 60, 60, 960, 960, 1030, 1030, 120, 120, 980, 980, 1750, 1750, 210, 210, 2770, 2770, 670, 830, 830, 670, 1490, 660, 1490, 660, 2170, 2170, 1340, 1340, 20, 20, 200, 200, 520, 520, 1730, 1730, 450, 450, 510, 20, 510, 2720, 2720, 540, 850, 540, 850, 270, 270, 210, 210, 1730, 1730, 4200, 4200, 20, 150, 20, 150, 80, 3360, 80, 3360, 100, 100, 440, 440, 600, 600, 600, 80, 80, 280, 280, 150, 150, 630, 630, 660, 660, 2920, 2920, 480, 480, 160, 160, 1870, 1870, 410, 410, 790, 790, 770, 770, 470, 470, 1230, 1230, 1060, 1060, 300, 300, 650, 650, 320, 320, 3680, 3680, 300, 300, 1600, 2880, 1600, 2880, 1630, 1630, 200, 200, 1260, 1260]"
2020-10-26 15:25:00+00:00,232930,4,225.0,"[900, 900, 410, 410, 260, 260, 190, 190, 50, 420, 50, 420, 500, 500, 600, 600, 680, 220, 680, 220, 380, 380, 180, 180, 720, 1070, 720, 1070, 320, 320, 160, 160, 690, 690, 23010, 23010, 80, 80, 710, 710, 590, 590, 600, 600, 160, 160, 230, 220, 640, 2280, 220, 640, 2280, 230, 1240, 1240, 1240, 1240, 230, 230, 630, 630, 750, 750, 130, 130, 140, 140, 330, 1110, 70, 70, 1110, 330, 940, 940, 320, 320, 380, 380, 720, 720, 860, 860, 1630, 1630, 650, 650, 700, 700, 1760, 1760, 290, 20, 20, 290, 810, 810, 210, 410, 410, 210, 110, 110, 310, 310, 180, 180, 300, 300, 1080, 1080, 220, 220, 350, 350, 1020, 240, 1020, 240, 120, 120, 1340, 1340, 270, 270, 370, 260, 250, 1180, 250, 1180, 120, 120, 510, 5240, 5240, 40, 40, 100, 390, 390, 100, 1200, 1200, 3440, 3440, 120, 120, 250, 500, 250, 500, 170, 640, 640, 170, 1140, 1140, 310, 880, 880, 310, 210, 210, 9730, 60, 9730, 60, 450, 450, 190, 190, 1140, 320, 1140, 320, 470, 470, 940, 320, 320, 140, 140, 930, 930, 130, 130, 720, 720, 4400, 4400, 20, 20, 1580, 1580, 320, 320, 10420, 10420, 280, 280, 470, 470, 320, 320, 320, 320, 380, 380, 450, 450, 740, 740, 310, 310, 100, 100, 3200, 290, 3200, 370, 370]"
2020-10-26 15:30:00+00:00,188270,0,212.0,"[240, 240, 1360, 1360, 180, 180, 640, 40, 40, 640, 110, 230, 230, 140, 470, 470, 140, 740, 1220, 1220, 740, 100, 100, 460, 120, 120, 460, 90, 90, 130, 130, 810, 810, 760, 760, 20, 20, 570, 570, 110, 1090, 1090, 110, 130, 130, 190, 190, 1320, 1320, 350, 350, 490, 490, 140, 630, 140, 630, 980, 280, 980, 280, 2240, 190, 170, 2240, 170, 190, 650, 650, 30, 30, 900, 900, 440, 580, 580, 50, 50, 910, 910, 650, 650, 1220, 1220, 830, 830, 2540, 2540, 460, 10470, 460, 10470, 5400, 1510, 5400, 1510, 2100, 10, 10, 1550, 2310, 270, 680, 1550, 2310, 680, 270, 1020, 150, 1020, 150, 400, 400, 990, 990, 240, 20, 20, 240, 1360, 1360, 330, 330, 1360, 2190, 1360, 2190, 560, 560, 540, 540, 940, 610, 610, 530, 530, 190, 190, 3850, 3850, 1440, 1440, 530, 530, 410, 410, 370, 370, 960, 960, 530, 530, 1120, 1120, 1530, 1530, 220, 220, 510, 510, 1330, 1330, 450, 450, 210, 210, 380, 380, 270, 270, 420, 420, 260, 260, 570, 570, 1830, 540, 1830, 540, 10, 10, 3580, 3580, 560, 560, 610, 670, 610, 670, 1130, 1130, 2300, 2300, 450, 450, 390, 390, 1920, 1920, 3360, 3360, 450, 450, 240, 240, 70, 210, 210, 70, 520, 520]"
2020-10-26 15:35:00+00:00,344040,0,219.0,"[1870, 1870, 2000, 2000, 270, 270, 220, 220, 950, 950, 1800, 1800, 970, 970, 190, 190, 100, 100, 210, 180, 180, 210, 710, 710, 300, 300, 640, 750, 750, 640, 930, 1370, 930, 1370, 2730, 2730, 1790, 1790, 860, 860, 1640, 1640, 790, 790, 990, 990, 760, 760, 1760, 630, 630, 1760, 230, 230, 1660, 1660, 350, 350, 410, 410, 10880, 10880, 660, 80, 660, 20, 20, 1890, 1890, 400, 1460, 400, 1460, 580, 580, 130, 190, 190, 620, 620, 100, 100, 1180, 1180, 1590, 130, 130, 3790, 3790, 760, 760, 540, 2590, 2590, 540, 7830, 7830, 460, 460, 160, 160, 620, 280, 620, 280, 430, 430, 290, 290, 920, 920, 370, 8760, 370, 8760, 20, 20, 230, 230, 1220, 1220, 170, 170, 4060, 470, 470, 4060, 150, 330, 330, 150, 1100, 1100, 260, 260, 1010, 1010, 780, 780, 1500, 1500, 360, 360, 370, 370, 250, 250, 630, 630, 560, 560, 1890, 550, 1890, 550, 870, 870, 130, 130, 2190, 120, 2190, 120, 120, 120, 490, 490, 1780, 960, 1780, 960, 1890, 1890, 440, 440, 490, 490, 140, 140, 50, 50, 370, 370, 280, 280, 470, 470, 1300, 1300, 1550, 1550, 1640, 1640, 3560, 3560, 50, 50, 280, 580, 90, 280, 580, 90, 2610, 2610, 1550, 680, 1550, 680, 51260, 51260, 1670, 1670, 760, 760, 2370, 2370, 500, 500]"
2020-10-26 15:40:00+00:00,209840,0,242.0,"[510, 2490, 2490, 5510, 40, 130, 2180, 130, 2180, 990, 310, 310, 420, 680, 420, 680, 430, 430, 620, 40, 620, 40, 670, 670, 220, 30, 2200, 2200, 350, 350, 1090, 1090, 350, 350, 270, 270, 520, 520, 390, 390, 1720, 1720, 570, 570, 660, 660, 580, 580, 3050, 3050, 1950, 1950, 420, 420, 360, 360, 870, 1470, 50, 870, 1470, 50, 1500, 1500, 2020, 2020, 580, 580, 40, 40, 620, 620, 5600, 5600, 500, 500, 170, 110, 170, 110, 2380, 2380, 170, 170, 340, 340, 70, 70, 780, 1480, 780, 1480, 130, 660, 660, 130, 40, 40, 150, 150, 150, 150, 2020, 110, 2020, 110, 240, 240, 880, 880, 240, 240, 150, 150, 640, 640, 780, 780, 220, 220, 860, 860, 300, 330, 300, 330, 180, 180, 260, 530, 530, 1480, 1480, 200, 200, 300, 340, 300, 340, 1450, 1450, 330, 330, 450, 450, 50, 50, 290, 290, 6380, 6380, 240, 340, 340, 140, 140, 210, 210, 60, 60, 190, 190, 690, 60, 690, 60, 1360, 280, 1360, 280, 60, 60, 30, 30, 170, 170, 750, 750, 340, 340, 440, 440, 290, 290, 420, 420, 990, 990, 220, 220, 70, 70, 2310, 680, 680, 2310, 1170, 1170, 760, 450, 760, 450, 80, 450, 80, 450, 770, 770, 20, 20, 90, 90, 630, 1620, 1620, 630, 970, 90, 90, 970, 1800, 1800, 6380, 6380, 810, 810, 7900, 7900, 260, 260, 250, 250, 370, 370, 1060, 1060, 1210, 1210, 2410, 290, 290, 2410]"
2020-10-26 15:45:00+00:00,160250,0,195.0,"[1220, 690, 690, 1220, 1100, 60, 60, 1100, 120, 4190, 4190, 120, 110, 110, 520, 520, 480, 480, 250, 250, 630, 400, 400, 630, 770, 770, 210, 210, 2070, 100, 2070, 100, 2960, 1120, 1120, 2960, 800, 1310, 800, 1310, 4360, 4360, 140, 140, 230, 230, 640, 640, 830, 830, 170, 70, 170, 70, 280, 280, 200, 1990, 1990, 200, 80, 80, 330, 330, 360, 360, 4100, 4100, 770, 770, 310, 310, 240, 320, 240, 320, 20, 20, 690, 690, 1680, 1680, 440, 440, 100, 470, 100, 470, 430, 430, 170, 170, 160, 160, 40, 40, 1710, 1710, 580, 580, 2060, 2060, 210, 210, 500, 500, 1210, 1210, 1010, 1010, 2660, 2660, 0, 0, 1650, 1650, 2060, 1070, 2340, 2060, 1070, 2340, 380, 380, 20, 20, 70, 70, 70, 1060, 1060, 920, 920, 150, 150, 540, 540, 2420, 2420, 630, 630, 1770, 1770, 550, 550, 90, 90, 80, 80, 410, 410, 760, 760, 1350, 1350, 410, 410, 1770, 1770, 50, 50, 3030, 3030, 210, 210, 320, 320, 640, 640, 100, 100, 1190, 370, 1190, 370, 650, 650, 230, 230, 800, 800, 1070, 1070, 160, 160, 760, 760, 730, 730, 50, 50, 120, 120, 440, 440]"
2020-10-26 15:50:00+00:00,205870,0,225.0,"[940, 940, 860, 860, 990, 250, 990, 250, 420, 420, 4060, 4060, 740, 740, 240, 240, 1000, 1000, 340, 340, 280, 280, 60, 60, 420, 500, 500, 420, 940, 940, 150, 150, 420, 420, 1350, 1350, 380, 380, 120, 120, 750, 750, 1580, 1580, 280, 280, 300, 300, 510, 510, 300, 300, 1030, 1030, 410, 410, 2260, 2260, 2830, 2830, 2510, 2510, 3800, 3800, 940, 940, 330, 330, 550, 320, 320, 550, 460, 460, 540, 540, 550, 550, 230, 230, 690, 690, 1710, 130, 130, 1710, 70, 70, 850, 850, 1160, 1160, 60, 60, 380, 380, 60, 60, 790, 790, 1050, 1380, 1380, 1050, 120, 120, 160, 160, 2960, 50, 2960, 70, 70, 60, 450, 60, 450, 190, 190, 1390, 1390, 20, 20, 570, 570, 130, 130, 100, 1380, 2590, 100, 2590, 1380, 450, 450, 360, 3530, 3530, 360, 240, 240, 140, 450, 140, 450, 2480, 310, 310, 2480, 570, 570, 340, 340, 450, 450, 530, 530, 240, 220, 240, 220, 50, 3000, 1380, 3000, 1380, 50, 90, 90, 430, 430, 440, 440, 140, 140, 4220, 490, 4220, 490, 120, 120, 180, 180, 570, 570, 530, 530, 1570, 1570, 680, 680, 1260, 1260, 5840, 5840, 1990, 1990, 130, 130, 140, 140, 1120, 1120, 840, 840, 1120, 1120, 180, 180, 140, 140, 370, 370, 3740, 3740, 5630, 5630, 920, 920, 580, 580, 670, 670, 580, 580]"
2020-10-26 15:55:00+00:00,231040,0,282.0,"[600, 600, 1370, 1370, 330, 140, 760, 330, 140, 50, 760, 50, 5630, 5630, 260, 140, 260, 140, 280, 280, 130, 130, 1830, 1830, 210, 210, 220, 220, 620, 620, 540, 540, 70, 70, 170, 230, 170, 230, 920, 920, 820, 1920, 820, 1920, 310, 1810, 1810, 1140, 1140, 810, 810, 320, 320, 180, 100, 380, 380, 180, 100, 160, 160, 300, 300, 90, 2850, 2850, 1350, 1350, 3540, 3540, 4680, 290, 570, 570, 290, 4680, 15000, 15000, 300, 300, 170, 120, 120, 170, 230, 230, 810, 370, 370, 810, 280, 280, 1160, 1160, 730, 730, 200, 1050, 200, 1050, 110, 110, 220, 3420, 220, 3420, 410, 410, 170, 170, 460, 460, 0, 550, 220, 220, 0, 550, 280, 280, 3250, 3250, 280, 280, 240, 240, 110, 110, 240, 240, 1260, 1260, 110, 110, 160, 160, 450, 450, 730, 1380, 60, 1380, 730, 60, 250, 250, 480, 480, 240, 240, 430, 430, 1940, 1940, 180, 290, 290, 180, 200, 200, 1030, 1030, 30, 930, 930, 30, 920, 920, 860, 590, 590, 420, 420, 2330, 2330, 230, 230, 810, 1610, 1610, 810, 20, 130, 130, 20, 140, 140, 230, 360, 1190, 360, 230, 1190, 270, 270, 30, 30, 1060, 40, 1060, 40, 220, 220, 2020, 2020, 1710, 1710, 770, 770, 20, 20, 460, 460, 1230, 40, 1230, 40, 280, 280, 1530, 1530, 230, 230, 1140, 1140, 480, 480, 120, 120, 1700, 170, 170, 1700, 240, 240, 230, 940, 940, 230, 170, 170, 270, 270, 200, 200, 200, 200, 1370, 1370, 100, 100, 0, 0, 1090, 1090, 360, 360, 900, 910, 900, 600, 910, 600, 130, 130, 200, 200, 200, 610, 610, 5080, 5080, 70, 70, 980, 980, 550, 580, 580, 550, 260, 260]"
2020-10-26 16:00:00+00:00,160970,0,237.0,"[1260, 1260, 310, 310, 140, 140, 660, 660, 730, 730, 70, 770, 70, 770, 60, 60, 1560, 1560, 50, 50, 380, 380, 50, 490, 490, 50, 670, 670, 370, 370, 430, 430, 960, 960, 150, 70, 70, 150, 270, 270, 0, 0, 90, 90, 2630, 2630, 490, 490, 680, 680, 400, 400, 300, 300, 350, 350, 3390, 3390, 210, 210, 360, 1800, 360, 1800, 320, 320, 730, 730, 2810, 2810, 2730, 2730, 590, 590, 140, 140, 200, 200, 260, 60, 60, 260, 750, 750, 230, 230, 980, 980, 240, 240, 200, 200, 1940, 1940, 100, 100, 1560, 1560, 40, 1960, 40, 1960, 40, 40, 1940, 1940, 50, 50, 860, 860, 1520, 1520, 500, 710, 500, 710, 370, 370, 1390, 1390, 570, 1020, 400, 1020, 400, 560, 560, 1020, 640, 1020, 640, 180, 180, 20, 20, 870, 870, 90, 200, 90, 200, 310, 310, 1070, 1070, 210, 210, 250, 250, 390, 390, 80, 80, 240, 240, 220, 220, 2670, 2670, 100, 100, 470, 470, 250, 250, 280, 130, 210, 280, 130, 210, 550, 550, 550, 550, 2410, 2410, 450, 450, 1200, 1200, 1810, 80, 80, 1810, 30, 30, 760, 470, 760, 470, 280, 280, 430, 430, 370, 370, 130, 130, 300, 300, 140, 140, 40, 1690, 40, 1690, 3060, 3060, 300, 300, 3290, 3290, 350, 350, 10, 10, 210, 210, 440, 440, 160, 160, 550, 550, 360, 1380, 360, 1380, 2160, 2160, 110, 440, 110, 440, 440, 440]"
2020-10-26 16:05:00+00:00,191040,2,238.0,"[80, 80, 540, 160, 160, 630, 630, 1550, 740, 740, 1550, 5400, 5400, 320, 320, 810, 810, 470, 470, 1280, 1280, 410, 410, 2160, 2160, 890, 890, 2410, 350, 350, 2410, 570, 340, 680, 680, 570, 340, 770, 770, 280, 880, 280, 880, 240, 480, 480, 240, 660, 220, 660, 220, 950, 1750, 1750, 950, 750, 750, 800, 800, 40, 440, 440, 270, 270, 560, 560, 1360, 1360, 160, 160, 130, 130, 1150, 1150, 750, 750, 910, 910, 960, 960, 280, 280, 40, 190, 190, 40, 140, 610, 70, 140, 70, 610, 90, 90, 480, 480, 450, 450, 460, 460, 230, 230, 750, 750, 400, 110, 110, 400, 330, 330, 430, 430, 2150, 2150, 250, 250, 120, 120, 210, 210, 40, 40, 1400, 1400, 350, 350, 140, 560, 560, 140, 890, 890, 190, 190, 2040, 2040, 30, 30, 1250, 1250, 60, 60, 1320, 150, 150, 1320, 40, 40, 170, 170, 180, 340, 180, 340, 240, 240, 650, 560, 650, 560, 100, 100, 890, 890, 720, 290, 290, 720, 400, 400, 290, 290, 140, 140, 60, 60, 1140, 1140, 170, 170, 140, 230, 140, 230, 1000, 1000, 610, 180, 180, 610, 280, 280, 510, 510, 1650, 1650, 430, 430, 190, 190, 670, 670, 2680, 2680, 620, 620, 23540, 23540, 180, 180, 110, 110, 170, 170, 300, 190, 300, 190, 630, 630, 340, 340, 120, 120, 790, 410, 190, 790, 410, 190, 570, 570, 430, 430, 1430, 330, 330, 1430]"
2020-10-26 16:10:00+00:00,171520,0,246.0,"[1960, 1960, 520, 520, 750, 750, 610, 610, 710, 710, 1470, 1470, 430, 530, 430, 530, 120, 120, 1690, 1690, 370, 370, 320, 320, 690, 690, 270, 270, 530, 530, 390, 390, 140, 140, 250, 400, 400, 250, 1520, 1520, 880, 880, 480, 480, 240, 240, 550, 220, 220, 550, 420, 420, 1240, 1240, 1650, 1650, 420, 420, 60, 60, 270, 270, 80, 80, 60, 60, 660, 660, 1160, 1800, 1160, 1800, 820, 40, 40, 820, 760, 760, 490, 490, 820, 820, 370, 370, 10, 10, 900, 900, 190, 190, 1980, 1980, 350, 350, 420, 40, 40, 420, 370, 370, 10, 70, 10, 70, 1150, 1150, 30, 30, 550, 550, 290, 290, 180, 590, 180, 590, 8100, 660, 660, 140, 140, 170, 170, 100, 100, 980, 980, 120, 120, 210, 210, 370, 370, 520, 520, 140, 490, 490, 140, 550, 550, 350, 350, 160, 160, 460, 460, 460, 460, 180, 180, 670, 670, 670, 670, 20, 20, 5850, 5850, 110, 110, 20, 110, 20, 110, 1520, 1520, 460, 460, 100, 240, 100, 240, 460, 460, 250, 250, 820, 820, 50, 50, 730, 730, 110, 110, 200, 200, 2000, 2000, 260, 260, 470, 470, 2970, 2970, 100, 100, 60, 5850, 60, 5850, 220, 220, 150, 150, 1110, 1110, 200, 200, 310, 310, 250, 250, 150, 150, 6210, 6210, 520, 820, 820, 520, 1290, 1290, 660, 660, 70, 70, 40, 170, 40, 170, 220, 220, 410, 170, 410, 170, 190, 190, 0, 1230, 1230, 2340, 2340, 530, 530]"
2020-10-26 16:15:00+00:00,113680,0,226.0,"[610, 610, 320, 320, 760, 760, 350, 350, 110, 110, 420, 420, 60, 60, 40, 40, 330, 330, 600, 540, 600, 540, 560, 560, 490, 490, 250, 250, 940, 940, 350, 240, 350, 240, 1360, 1360, 1450, 1450, 80, 80, 340, 340, 760, 760, 90, 160, 90, 160, 250, 250, 220, 220, 320, 320, 370, 370, 230, 230, 1140, 1140, 1570, 1570, 990, 990, 310, 310, 20, 20, 300, 560, 300, 390, 390, 270, 270, 410, 140, 410, 140, 2090, 250, 2090, 250, 470, 470, 540, 540, 220, 400, 400, 220, 340, 230, 340, 230, 90, 1910, 1910, 90, 650, 670, 650, 670, 220, 220, 660, 660, 220, 220, 490, 490, 1020, 1020, 60, 60, 560, 560, 100, 100, 60, 60, 310, 310, 450, 450, 360, 360, 4320, 4320, 620, 620, 770, 770, 400, 400, 440, 440, 800, 800, 40, 40, 160, 160, 410, 410, 380, 380, 130, 130, 220, 220, 110, 110, 240, 240, 230, 1140, 220, 100, 220, 100, 1140, 230, 1020, 1020, 340, 340, 150, 150, 300, 300, 20, 20, 650, 650, 1470, 1470, 750, 750, 310, 330, 330, 310, 300, 300, 1320, 1320, 70, 70, 860, 860, 590, 590, 60, 60, 810, 810, 630, 630, 230, 230, 450, 450, 580, 780, 320, 780, 320, 500, 500, 220, 220, 170, 170, 150, 300, 300, 150, 220, 220, 370, 370, 870, 470, 870, 470]"
2020-10-26 16:20:00+00:00,169130,0,191.0,"[470, 470, 280, 280, 350, 350, 1870, 1870, 790, 790, 110, 110, 990, 990, 90, 90, 450, 450, 490, 490, 940, 940, 870, 870, 70, 70, 1370, 1370, 1120, 1120, 290, 290, 300, 250, 250, 540, 540, 30, 1560, 30, 1560, 220, 220, 2490, 2490, 140, 140, 5390, 5390, 380, 380, 7330, 7330, 160, 160, 30, 150, 30, 150, 80, 80, 230, 230, 500, 500, 1110, 290, 290, 1110, 460, 230, 460, 230, 160, 160, 420, 590, 420, 590, 650, 650, 530, 530, 1200, 1200, 150, 150, 5220, 5220, 290, 290, 460, 460, 190, 190, 280, 280, 1470, 1470, 440, 440, 160, 160, 70, 130, 130, 70, 590, 530, 530, 60, 60, 1130, 1130, 30, 30, 1100, 1100, 310, 310, 260, 260, 3770, 3770, 420, 420, 490, 490, 140, 140, 1210, 1210, 5110, 5110, 250, 250, 1720, 1720, 1130, 1130, 1390, 1390, 280, 280, 850, 850, 140, 140, 590, 590, 80, 80, 540, 540, 230, 230, 1610, 410, 1610, 410, 770, 340, 770, 340, 350, 350, 420, 420, 150, 780, 15480, 780, 150, 240, 240, 320, 320, 140, 140, 530, 530, 700, 700, 980, 980, 720, 720, 1170, 1170, 460, 460]"
2020-10-26 16:25:00+00:00,148180,0,209.0,"[190, 190, 100, 220, 260, 260, 220, 100, 70, 70, 1110, 1110, 400, 400, 790, 790, 140, 160, 140, 160, 220, 220, 340, 340, 260, 260, 1170, 1170, 40, 40, 530, 530, 1070, 1070, 290, 290, 1340, 1340, 750, 750, 30, 880, 30, 880, 580, 580, 560, 560, 170, 170, 260, 270, 670, 670, 260, 270, 370, 370, 1100, 210, 210, 1100, 300, 300, 5220, 5220, 1050, 10, 10, 60, 60, 1380, 1380, 1770, 1770, 80, 80, 170, 170, 1540, 1540, 810, 810, 150, 150, 420, 640, 420, 640, 220, 220, 20, 1480, 1480, 730, 730, 250, 250, 590, 590, 250, 250, 600, 600, 980, 980, 60, 490, 60, 490, 210, 210, 590, 590, 70, 70, 1200, 220, 220, 20, 40, 40, 20, 420, 470, 420, 470, 210, 210, 2030, 2030, 390, 100, 100, 390, 110, 110, 820, 820, 8650, 840, 840, 50, 410, 50, 410, 300, 300, 620, 620, 1840, 1840, 610, 1760, 610, 1260, 1260, 8650, 8650, 1490, 1490, 930, 930, 360, 360, 260, 260, 110, 110, 420, 2300, 2300, 420, 340, 340, 780, 780, 540, 540, 930, 930, 360, 360, 140, 140, 340, 340, 910, 910, 1780, 1780, 160, 160, 700, 700, 240, 240, 590, 590, 240, 240, 130, 130, 530, 40, 40, 530, 100, 100]"
2020-10-26 16:30:00+00:00,185190,0,216.0,"[700, 700, 90, 90, 560, 560, 200, 200, 180, 180, 170, 170, 80, 80, 2670, 2670, 280, 280, 600, 730, 730, 600, 920, 100, 100, 920, 1100, 1100, 240, 240, 1420, 1420, 430, 3660, 3660, 430, 220, 220, 2750, 2750, 1580, 1580, 50, 160, 50, 160, 1390, 1390, 120, 120, 50, 50, 3660, 120, 120, 3660, 170, 170, 960, 960, 110, 110, 660, 660, 380, 1690, 380, 1690, 80, 80, 430, 430, 1120, 1120, 450, 450, 400, 400, 70, 220, 220, 70, 540, 540, 810, 810, 320, 320, 270, 3320, 3320, 270, 90, 90, 380, 380, 200, 200, 1400, 1400, 250, 250, 1550, 790, 790, 1550, 790, 790, 400, 400, 370, 370, 950, 950, 340, 590, 340, 590, 2180, 350, 350, 180, 180, 180, 180, 500, 500, 2110, 160, 160, 2120, 2120, 30, 30, 100, 100, 6990, 6990, 360, 360, 760, 760, 400, 400, 1320, 1320, 340, 340, 2120, 2120, 650, 650, 4360, 4360, 380, 380, 600, 600, 250, 940, 250, 940, 40, 40, 3210, 3210, 160, 160, 540, 540, 300, 7170, 7170, 300, 70, 70, 230, 230, 90, 90, 930, 930, 470, 470, 440, 440, 180, 180, 240, 240, 2450, 2450, 190, 190, 100, 100, 420, 420, 250, 70, 70, 250, 450, 450, 1020, 1020, 70, 10, 70, 10, 160, 160, 2350, 2350, 1420, 1420]"
2020-10-26 16:35:00+00:00,111580,0,215.0,"[760, 760, 320, 320, 1670, 1670, 200, 200, 490, 490, 270, 270, 140, 140, 220, 220, 1180, 1180, 270, 270, 440, 440, 290, 290, 1960, 1960, 90, 60, 60, 90, 320, 320, 470, 470, 140, 520, 520, 470, 470, 120, 120, 930, 930, 700, 700, 780, 780, 130, 130, 390, 390, 920, 920, 260, 260, 260, 260, 210, 210, 1190, 1190, 200, 200, 240, 490, 1600, 240, 1600, 490, 240, 240, 320, 320, 100, 120, 100, 120, 980, 980, 510, 690, 510, 690, 510, 510, 350, 350, 690, 690, 180, 180, 520, 520, 460, 590, 590, 460, 120, 120, 180, 180, 140, 140, 250, 250, 380, 380, 1250, 1250, 160, 160, 130, 920, 920, 80, 80, 80, 80, 530, 530, 480, 480, 130, 130, 150, 150, 5400, 5400, 200, 200, 180, 1860, 180, 1860, 1100, 1100, 640, 640, 270, 380, 1430, 1430, 270, 380, 370, 370, 120, 120, 470, 1980, 1980, 470, 80, 120, 120, 80, 90, 90, 450, 450, 1270, 1270, 550, 550, 280, 280, 160, 160, 1030, 370, 130, 1030, 370, 130, 570, 640, 640, 570, 80, 80, 140, 140, 220, 220, 610, 610, 420, 420, 270, 270, 270, 270, 340, 340, 140, 140, 310, 310, 140, 140, 410, 410, 230, 230, 120, 30, 120, 210, 210, 1100, 1100, 360, 360, 460, 460]"
2020-10-26 16:40:00+00:00,128730,0,217.0,"[920, 920, 360, 360, 350, 350, 60, 60, 450, 10, 450, 10, 270, 270, 340, 340, 90, 140, 90, 140, 1490, 220, 220, 1490, 40, 40, 1260, 1260, 1080, 1080, 560, 560, 640, 640, 140, 160, 160, 140, 1600, 1600, 420, 420, 160, 160, 450, 450, 540, 540, 640, 640, 330, 330, 1260, 2420, 2420, 1260, 510, 510, 740, 50, 50, 740, 680, 680, 470, 470, 100, 450, 100, 450, 280, 280, 110, 160, 160, 370, 370, 480, 480, 140, 140, 390, 390, 200, 200, 1170, 1170, 800, 800, 50, 50, 700, 700, 440, 440, 680, 680, 770, 770, 850, 850, 240, 240, 850, 850, 1020, 1020, 160, 150, 150, 160, 230, 230, 420, 420, 460, 460, 140, 140, 160, 60, 190, 160, 60, 160, 190, 160, 690, 690, 170, 170, 630, 630, 730, 910, 260, 170, 480, 910, 170, 730, 260, 480, 80, 80, 160, 160, 460, 460, 70, 70, 470, 470, 3460, 3460, 1420, 1420, 560, 560, 30, 80, 1960, 30, 1960, 80, 170, 170, 680, 1970, 680, 1970, 1250, 1250, 900, 900, 590, 590, 260, 260, 120, 3850, 120, 3850, 2780, 2780, 550, 550, 380, 380, 2200, 2200, 30, 30, 770, 770, 1120, 1120, 60, 60, 120, 120, 290, 290, 80, 80, 200, 410, 200, 410, 250, 250, 80, 80, 190, 190, 1100, 1100]"
2020-10-26 16:45:00+00:00,186790,0,235.0,"[2950, 2950, 470, 470, 120, 420, 420, 120, 500, 500, 290, 290, 1230, 1230, 1320, 90, 1320, 90, 900, 900, 220, 220, 200, 200, 70, 70, 3600, 3600, 970, 60, 60, 970, 220, 220, 280, 500, 500, 80, 80, 110, 110, 540, 540, 470, 470, 1820, 1820, 1560, 800, 1560, 800, 740, 740, 80, 340, 340, 390, 390, 160, 240, 240, 160, 520, 520, 120, 120, 840, 840, 960, 960, 420, 420, 580, 580, 490, 830, 490, 830, 1160, 1160, 1190, 1190, 1760, 1760, 140, 140, 1050, 1050, 280, 280, 370, 370, 1050, 1050, 660, 660, 370, 370, 1000, 370, 370, 1000, 1900, 1900, 300, 300, 570, 170, 570, 170, 650, 790, 790, 650, 260, 260, 1620, 1620, 540, 540, 11020, 150, 150, 11020, 170, 170, 270, 270, 270, 150, 150, 270, 120, 220, 120, 220, 570, 570, 3900, 3900, 60, 60, 480, 480, 60, 60, 290, 290, 310, 310, 120, 200, 200, 170, 120, 170, 730, 730, 40, 40, 80, 80, 390, 500, 390, 500, 440, 440, 2420, 2420, 200, 470, 200, 470, 460, 460, 3900, 3900, 80, 80, 720, 720, 220, 220, 1450, 1450, 370, 370, 70, 650, 650, 70, 70, 320, 320, 180, 180, 110, 110, 480, 480, 170, 170, 20, 20, 450, 980, 980, 450, 760, 760, 280, 280, 40, 40, 100, 100, 650, 650, 30, 30, 7300, 7300, 240, 240, 800, 800, 30, 3210, 3210, 30, 1910, 1910, 1060, 1060]"
2020-10-26 16:50:00+00:00,137480,0,209.0,"[250, 460, 250, 80, 80, 360, 360, 1340, 1340, 590, 590, 330, 330, 80, 80, 450, 1370, 1370, 450, 590, 590, 210, 620, 620, 210, 210, 160, 160, 100, 100, 230, 190, 230, 190, 120, 90, 70, 120, 70, 90, 490, 490, 520, 630, 520, 630, 350, 960, 1020, 350, 1020, 960, 40, 40, 1260, 1260, 700, 700, 1530, 1530, 310, 310, 90, 90, 180, 180, 410, 1090, 410, 1090, 200, 200, 270, 270, 630, 1450, 1450, 630, 730, 730, 530, 530, 790, 2330, 2330, 790, 300, 300, 360, 360, 150, 150, 380, 380, 370, 1490, 1490, 370, 640, 640, 180, 180, 880, 610, 610, 880, 280, 280, 210, 210, 180, 180, 190, 190, 370, 370, 960, 960, 3100, 3100, 1350, 1350, 290, 290, 190, 190, 170, 170, 3230, 3230, 960, 960, 350, 350, 730, 730, 2820, 2820, 1580, 60, 1580, 60, 150, 150, 430, 430, 290, 560, 560, 290, 230, 300, 230, 300, 400, 70, 70, 400, 220, 220, 1270, 330, 1270, 330, 860, 860, 520, 520, 2390, 2390, 80, 80, 190, 1730, 1730, 190, 3620, 3620, 1730, 1730, 530, 530, 170, 350, 170, 350, 1020, 1020, 830, 830, 380, 380, 770, 340, 340, 420, 100, 420, 100, 480, 690, 430, 480, 690, 430, 460, 460, 330, 330]"
2020-10-26 16:55:00+00:00,190140,0,254.0,"[510, 510, 1410, 1410, 210, 210, 920, 920, 530, 530, 230, 230, 380, 890, 890, 380, 70, 70, 480, 130, 480, 130, 360, 1700, 360, 1700, 190, 190, 140, 140, 1010, 1010, 120, 260, 120, 260, 100, 100, 50, 50, 800, 800, 760, 760, 3750, 3750, 90, 90, 160, 160, 200, 280, 280, 200, 70, 70, 90, 90, 40, 40, 400, 70, 1110, 1110, 70, 400, 330, 330, 1960, 1960, 360, 360, 200, 400, 200, 400, 360, 250, 250, 360, 1530, 1530, 10, 10, 3170, 3170, 640, 640, 780, 780, 870, 610, 870, 610, 400, 400, 650, 650, 330, 1220, 330, 1220, 280, 280, 3420, 3420, 220, 220, 720, 720, 520, 520, 190, 190, 700, 700, 350, 350, 50, 50, 470, 470, 870, 520, 870, 520, 2640, 2640, 240, 240, 1030, 1030, 360, 180, 180, 360, 2380, 2380, 400, 400, 180, 180, 560, 560, 360, 360, 3740, 3740, 330, 330, 520, 750, 380, 380, 750, 520, 500, 500, 880, 880, 380, 380, 0, 0, 170, 170, 730, 730, 640, 640, 2380, 2380, 50, 50, 90, 90, 270, 270, 1110, 1110, 1790, 110, 1790, 110, 240, 240, 1180, 1180, 1020, 1020, 240, 240, 4440, 4440, 50, 50, 120, 120, 20, 530, 530, 20, 200, 200, 320, 1920, 320, 1920, 180, 180, 260, 260, 1810, 1810, 170, 170, 120, 120, 140, 140, 3440, 3440, 920, 120, 920, 120, 690, 690, 540, 1410, 1410, 540, 740, 740, 380, 380, 260, 260, 90, 90, 2180, 2180, 870, 650, 130, 6160, 6160, 130, 650, 870, 290, 290, 200, 200]"
2020-10-26 17:00:00+00:00,160770,0,210.0,"[610, 180, 180, 610, 510, 510, 1520, 1520, 1410, 1410, 1690, 1690, 220, 220, 840, 840, 170, 1520, 1520, 1740, 1740, 13850, 13850, 140, 140, 120, 120, 320, 320, 740, 740, 90, 90, 750, 430, 380, 750, 430, 380, 500, 500, 660, 660, 500, 500, 10, 10, 240, 240, 720, 720, 260, 260, 3660, 3660, 300, 300, 160, 1450, 1450, 160, 260, 260, 70, 70, 250, 250, 340, 340, 200, 200, 640, 640, 1730, 1730, 170, 170, 1120, 1120, 450, 450, 1950, 1950, 620, 540, 540, 620, 320, 320, 120, 120, 560, 560, 210, 820, 820, 210, 170, 170, 490, 490, 290, 290, 540, 540, 1000, 1000, 300, 300, 1300, 1300, 120, 120, 240, 240, 160, 1390, 160, 1390, 400, 400, 320, 320, 240, 240, 1370, 1370, 420, 1120, 420, 1120, 90, 90, 120, 120, 410, 410, 850, 850, 70, 70, 430, 430, 310, 310, 640, 640, 670, 670, 530, 530, 10, 10, 480, 480, 400, 400, 110, 110, 2020, 2020, 240, 240, 100, 100, 110, 970, 970, 110, 360, 360, 320, 320, 300, 300, 130, 130, 2560, 660, 660, 6240, 6240, 360, 360, 280, 280, 110, 110, 350, 350, 500, 500, 250, 340, 250, 340, 920, 920, 90, 370, 370, 90, 920, 920, 30, 30, 530, 530, 1640, 1640]"
2020-10-26 17:05:00+00:00,152640,2,208.0,"[180, 180, 300, 300, 660, 660, 1860, 1860, 220, 220, 480, 480, 40, 40, 800, 800, 1040, 1040, 220, 220, 530, 530, 710, 1220, 710, 1220, 70, 740, 70, 140, 140, 2330, 2330, 300, 300, 40, 40, 390, 390, 1940, 1940, 20, 20, 840, 400, 840, 400, 1550, 220, 1550, 220, 80, 80, 1550, 700, 1550, 700, 2330, 200, 200, 2330, 810, 810, 1140, 360, 1610, 1140, 1610, 360, 350, 350, 1170, 1170, 150, 150, 810, 810, 470, 470, 160, 200, 160, 200, 150, 280, 150, 280, 280, 280, 1110, 1110, 340, 340, 510, 160, 160, 510, 1730, 480, 1730, 100, 480, 100, 840, 840, 60, 60, 280, 280, 180, 180, 0, 0, 540, 540, 70, 570, 70, 570, 260, 260, 550, 550, 320, 320, 650, 650, 410, 410, 670, 670, 90, 90, 2630, 2630, 90, 90, 250, 250, 310, 310, 1110, 1590, 1110, 1590, 12220, 12220, 870, 870, 1620, 1620, 810, 280, 280, 810, 320, 320, 470, 470, 170, 170, 270, 0, 0, 270, 320, 320, 550, 550, 240, 240, 340, 340, 2020, 2020, 350, 350, 140, 3120, 3120, 140, 490, 840, 490, 840, 380, 380, 440, 440, 510, 510, 140, 140, 780, 780, 400, 1550, 1550, 430, 430, 80, 80, 220, 220, 530, 530, 50, 50]"
2020-10-26 17:10:00+00:00,128660,0,218.0,"[350, 350, 270, 240, 270, 240, 920, 590, 590, 920, 620, 620, 60, 60, 250, 250, 690, 690, 300, 300, 50, 50, 490, 490, 130, 130, 330, 330, 320, 320, 320, 320, 210, 210, 970, 970, 240, 240, 260, 900, 900, 260, 800, 800, 570, 570, 500, 500, 420, 420, 200, 200, 620, 620, 160, 160, 440, 680, 440, 680, 450, 380, 450, 380, 620, 620, 60, 60, 460, 460, 110, 110, 580, 580, 650, 650, 430, 430, 1360, 1360, 200, 200, 370, 370, 320, 320, 400, 400, 1020, 1020, 730, 730, 3860, 3860, 400, 400, 30, 30, 180, 180, 1610, 1610, 2990, 2990, 1360, 1360, 770, 930, 930, 770, 140, 1020, 1020, 140, 180, 180, 450, 260, 260, 450, 4390, 4390, 600, 600, 270, 270, 130, 130, 550, 550, 270, 270, 140, 140, 280, 280, 380, 300, 300, 380, 920, 800, 920, 800, 120, 120, 450, 450, 440, 440, 410, 410, 100, 100, 180, 180, 780, 780, 600, 600, 270, 270, 110, 110, 4860, 4860, 10, 10, 70, 70, 1210, 1210, 980, 980, 420, 420, 470, 280, 400, 400, 280, 470, 660, 660, 150, 150, 100, 100, 190, 190, 700, 700, 360, 360, 470, 470, 540, 540, 1030, 1030, 840, 840, 1210, 1210, 670, 670, 530, 30, 530, 30, 160, 160, 80, 80, 70, 130, 70, 130]"
2020-10-26 17:15:00+00:00,174730,0,249.0,"[1660, 1660, 900, 900, 50, 110, 110, 50, 1330, 1330, 140, 140, 570, 980, 980, 570, 440, 100, 440, 780, 100, 780, 720, 720, 980, 470, 980, 470, 450, 8190, 8190, 450, 350, 350, 270, 340, 340, 270, 60, 60, 310, 310, 210, 70, 210, 70, 730, 730, 230, 230, 550, 550, 180, 1460, 180, 1460, 410, 410, 320, 320, 300, 300, 440, 320, 440, 320, 930, 1030, 930, 1600, 1030, 1600, 100, 580, 580, 100, 220, 220, 570, 900, 900, 270, 270, 100, 2310, 2310, 320, 320, 130, 660, 320, 660, 320, 130, 110, 110, 40, 40, 1040, 1040, 11860, 11860, 1240, 1240, 560, 560, 680, 680, 840, 130, 840, 130, 510, 3110, 510, 3110, 500, 450, 610, 450, 610, 120, 380, 120, 380, 520, 520, 450, 450, 320, 320, 630, 630, 960, 960, 340, 340, 160, 160, 180, 180, 470, 470, 790, 790, 280, 280, 260, 260, 590, 590, 260, 260, 1080, 1080, 950, 950, 1740, 1740, 460, 420, 420, 2120, 2120, 240, 240, 590, 590, 160, 160, 830, 830, 290, 290, 220, 220, 70, 70, 550, 470, 550, 470, 60, 470, 800, 800, 60, 470, 240, 240, 800, 800, 450, 450, 410, 410, 400, 400, 180, 180, 210, 210, 560, 320, 320, 0, 0, 620, 620, 280, 280, 260, 260, 130, 130, 160, 160, 100, 100, 3030, 3030, 550, 550, 290, 290, 720, 720, 780, 780, 560, 560, 490, 490, 80, 80, 740, 310, 740, 310, 240, 240, 180, 180, 30, 30, 600, 600, 370, 370]"
2020-10-26 17:20:00+00:00,140370,0,218.0,"[220, 220, 40, 40, 740, 740, 890, 890, 100, 100, 0, 0, 1270, 180, 180, 1270, 330, 330, 850, 850, 500, 500, 40, 40, 220, 220, 980, 980, 160, 160, 2130, 2130, 420, 420, 370, 370, 30, 30, 1800, 270, 270, 360, 360, 770, 770, 700, 700, 90, 580, 90, 580, 300, 300, 460, 460, 370, 370, 30, 530, 530, 30, 320, 320, 3090, 300, 3090, 300, 210, 210, 560, 560, 180, 180, 530, 530, 540, 540, 4730, 4730, 160, 160, 320, 320, 9450, 9450, 710, 120, 120, 710, 1230, 1230, 10, 10, 160, 70, 160, 70, 70, 70, 210, 210, 330, 330, 750, 750, 320, 320, 340, 340, 450, 450, 280, 280, 970, 980, 980, 970, 230, 230, 840, 840, 750, 700, 700, 200, 200, 270, 270, 900, 900, 720, 720, 400, 400, 130, 130, 440, 440, 620, 620, 90, 90, 1530, 1530, 1780, 1780, 20, 20, 4020, 4020, 130, 910, 910, 130, 810, 810, 130, 130, 150, 150, 640, 640, 370, 370, 620, 620, 180, 180, 220, 220, 1540, 1540, 30, 30, 150, 150, 780, 780, 120, 120, 650, 810, 810, 650, 960, 960, 100, 100, 70, 70, 200, 520, 520, 200, 1050, 1050, 490, 490, 890, 300, 890, 300, 180, 180, 440, 440, 100, 100, 200, 200, 280, 140, 200, 200, 140, 280, 340, 340]"
2020-10-26 17:25:00+00:00,151200,0,221.0,"[620, 620, 820, 920, 920, 820, 10, 10, 190, 190, 90, 550, 550, 90, 100, 100, 360, 360, 150, 150, 90, 90, 3430, 3430, 320, 320, 170, 230, 230, 170, 250, 250, 460, 460, 550, 550, 1070, 330, 1070, 330, 520, 1320, 1320, 520, 510, 510, 930, 930, 650, 1200, 2320, 2320, 1200, 650, 450, 450, 520, 520, 930, 930, 300, 300, 740, 740, 1550, 370, 30, 1550, 30, 370, 540, 540, 260, 5930, 5930, 310, 350, 310, 350, 100, 100, 500, 500, 290, 290, 260, 260, 210, 210, 140, 580, 140, 580, 320, 210, 210, 320, 870, 870, 510, 510, 750, 750, 7310, 7310, 480, 20, 480, 20, 840, 840, 720, 680, 680, 720, 440, 440, 380, 380, 40, 40, 160, 1020, 500, 500, 160, 1020, 2380, 2380, 1280, 1280, 180, 260, 260, 620, 180, 620, 950, 950, 220, 220, 1780, 1780, 1450, 1450, 590, 590, 890, 890, 700, 700, 590, 590, 490, 490, 810, 810, 160, 530, 160, 530, 1660, 1660, 240, 240, 520, 520, 340, 340, 30, 30, 490, 490, 120, 120, 130, 130, 390, 390, 220, 180, 220, 180, 580, 580, 1460, 1460, 400, 400, 370, 370, 540, 540, 250, 250, 40, 40, 250, 250, 1730, 1730, 200, 200, 160, 160, 180, 180, 140, 140, 960, 960, 780, 540, 540, 780, 150, 930, 930, 150, 100, 100]"
2020-10-26 17:30:00+00:00,162340,0,183.0,"[390, 390, 90, 400, 90, 400, 420, 420, 330, 330, 280, 280, 250, 250, 230, 230, 150, 2940, 150, 2940, 12040, 12040, 840, 840, 70, 70, 380, 380, 60, 60, 1210, 1210, 60, 60, 14200, 14200, 1310, 1310, 1080, 660, 660, 1080, 870, 190, 190, 870, 510, 510, 1170, 1170, 1250, 1250, 1420, 1420, 1720, 1720, 1720, 1720, 120, 120, 370, 2070, 2070, 370, 790, 790, 230, 230, 550, 70, 550, 70, 230, 250, 230, 250, 720, 720, 2940, 410, 410, 120, 120, 90, 140, 90, 140, 1120, 1120, 2020, 2020, 90, 90, 990, 990, 590, 590, 1590, 1590, 90, 90, 20, 690, 20, 440, 440, 40, 340, 40, 340, 210, 210, 440, 440, 600, 600, 940, 580, 940, 580, 280, 280, 1210, 1210, 1290, 1290, 1300, 1300, 140, 140, 100, 100, 560, 450, 560, 450, 320, 860, 320, 860, 350, 350, 100, 100, 70, 390, 390, 70, 970, 970, 340, 340, 1700, 1700, 470, 470, 440, 440, 380, 380, 1340, 1340, 1210, 310, 310, 240, 240, 100, 100, 170, 170, 300, 300, 110, 110, 430, 430, 440, 440, 880, 880, 210, 210]"
2020-10-26 17:35:00+00:00,98700,0,191.0,"[270, 270, 600, 600, 540, 540, 350, 350, 100, 100, 1780, 1780, 740, 740, 100, 440, 100, 440, 390, 390, 120, 120, 810, 810, 310, 690, 540, 490, 490, 540, 690, 1000, 310, 1000, 100, 100, 240, 240, 240, 240, 340, 340, 180, 180, 950, 950, 90, 90, 370, 370, 60, 60, 260, 260, 300, 300, 800, 800, 250, 250, 850, 850, 450, 450, 430, 660, 140, 660, 430, 140, 80, 470, 390, 80, 390, 470, 690, 690, 180, 230, 180, 230, 80, 80, 370, 370, 1460, 1460, 270, 270, 390, 390, 330, 330, 160, 160, 300, 300, 120, 370, 370, 120, 230, 230, 800, 800, 180, 180, 1860, 1860, 750, 750, 690, 690, 1270, 1270, 410, 410, 170, 270, 270, 170, 140, 140, 660, 660, 1200, 300, 1200, 360, 360, 430, 430, 220, 220, 770, 770, 40, 520, 40, 520, 170, 1590, 170, 1590, 400, 400, 230, 230, 1670, 1670, 210, 210, 290, 290, 1060, 1060, 110, 110, 2370, 2370, 960, 960, 540, 540, 90, 90, 360, 360, 570, 570, 410, 410, 820, 820, 890, 170, 890, 170, 430, 430, 70, 70, 220, 220, 40, 40, 2610, 2610, 80, 80]"
2020-10-26 17:40:00+00:00,121830,0,179.0,"[4800, 530, 4800, 530, 2110, 2110, 240, 240, 400, 400, 300, 260, 300, 260, 120, 160, 160, 120, 160, 160, 340, 340, 340, 340, 2100, 2100, 240, 240, 160, 160, 1970, 1970, 1000, 1000, 2030, 2030, 370, 370, 1390, 1390, 20, 730, 730, 20, 550, 130, 550, 690, 690, 1390, 1390, 220, 220, 300, 300, 70, 70, 820, 820, 210, 210, 240, 240, 180, 180, 340, 340, 230, 230, 190, 190, 60, 120, 60, 120, 120, 120, 530, 530, 1270, 1270, 80, 80, 370, 370, 920, 920, 330, 330, 200, 200, 210, 210, 430, 800, 800, 430, 170, 170, 220, 220, 90, 90, 1160, 1160, 80, 80, 80, 80, 430, 430, 1070, 1070, 690, 690, 390, 390, 1860, 1860, 330, 330, 1450, 1450, 230, 230, 40, 40, 280, 280, 190, 1200, 1200, 190, 190, 190, 290, 290, 70, 70, 140, 140, 240, 240, 7540, 7540, 220, 220, 260, 260, 270, 270, 440, 440, 170, 170, 180, 180, 90, 90, 230, 230, 360, 360, 310, 310, 320, 260, 260, 2130, 2130, 80, 80, 280, 280, 2750, 2750, 140, 3520, 3520]"
2020-10-26 17:45:00+00:00,189570,0,243.0,"[1920, 380, 1920, 380, 260, 260, 1290, 4060, 1290, 4060, 590, 590, 660, 660, 470, 470, 830, 830, 1250, 1250, 210, 210, 260, 260, 160, 160, 410, 410, 390, 390, 160, 60, 160, 60, 480, 480, 390, 390, 1490, 1490, 310, 310, 1260, 1260, 1180, 230, 230, 200, 200, 440, 440, 1180, 750, 750, 230, 230, 390, 390, 390, 390, 240, 240, 380, 380, 220, 220, 390, 390, 160, 1120, 1120, 160, 1240, 1240, 380, 16360, 16360, 670, 670, 240, 240, 1140, 1140, 450, 450, 270, 270, 250, 250, 100, 2030, 100, 2030, 160, 220, 160, 220, 120, 120, 550, 550, 100, 100, 200, 200, 880, 880, 1410, 1410, 360, 440, 440, 360, 130, 130, 1050, 1050, 240, 240, 180, 180, 940, 940, 150, 150, 340, 1900, 1900, 340, 5800, 5800, 1380, 1380, 1120, 80, 1120, 80, 300, 810, 300, 810, 100, 100, 470, 70, 760, 760, 470, 70, 470, 470, 1040, 370, 1040, 370, 460, 460, 320, 320, 420, 420, 520, 60, 520, 60, 440, 440, 150, 150, 110, 110, 220, 220, 1620, 1620, 500, 500, 900, 900, 4460, 4460, 20, 20, 660, 150, 150, 440, 440, 360, 360, 440, 440, 480, 230, 480, 400, 400, 190, 190, 480, 480, 900, 900, 180, 180, 30, 30, 2410, 2410, 410, 410, 460, 460, 250, 250, 770, 770, 60, 990, 60, 990, 340, 340, 260, 260, 30, 30, 1040, 1040, 300, 300, 330, 330, 690, 690, 210, 210, 680, 680, 50, 2120, 50, 2120]"
2020-10-26 17:50:00+00:00,163380,0,232.0,"[680, 680, 20, 950, 20, 950, 160, 160, 1020, 20, 170, 20, 1020, 170, 710, 710, 1540, 1540, 410, 410, 1230, 1230, 110, 210, 110, 210, 490, 490, 910, 910, 660, 660, 4160, 4160, 40, 40, 240, 240, 1780, 1780, 330, 330, 280, 280, 1320, 1320, 490, 490, 140, 140, 410, 2030, 2030, 410, 1040, 1040, 310, 390, 390, 100, 100, 560, 560, 1690, 1690, 470, 470, 300, 300, 20, 1630, 1630, 1060, 1060, 430, 430, 810, 810, 780, 780, 2030, 2030, 2670, 2670, 150, 3740, 3740, 150, 270, 270, 680, 680, 1820, 1820, 1290, 1290, 280, 280, 80, 80, 280, 280, 470, 220, 470, 220, 50, 50, 120, 120, 260, 260, 330, 330, 740, 740, 220, 220, 260, 1060, 1060, 260, 280, 1190, 280, 1190, 610, 90, 90, 610, 1970, 1970, 970, 970, 430, 210, 430, 210, 390, 390, 140, 140, 440, 440, 2120, 2120, 380, 380, 770, 770, 270, 270, 300, 420, 420, 300, 350, 350, 680, 380, 680, 380, 290, 560, 560, 290, 860, 860, 530, 530, 160, 160, 280, 280, 1020, 1020, 50, 50, 80, 80, 530, 530, 340, 340, 780, 780, 840, 480, 840, 480, 150, 150, 130, 130, 80, 80, 1250, 1250, 1520, 1520, 470, 470, 640, 640, 460, 460, 100, 100, 460, 1440, 460, 1440, 630, 630, 660, 790, 660, 790, 1130, 720, 1130, 720, 1250, 1250, 340, 340, 750, 570, 570, 910, 910, 2940]"
2020-10-26 17:55:00+00:00,193150,0,228.0,"[110, 110, 530, 530, 210, 210, 480, 480, 950, 980, 950, 980, 500, 500, 1780, 1780, 2960, 2960, 90, 130, 130, 90, 220, 220, 570, 190, 190, 570, 70, 70, 2100, 350, 350, 890, 890, 290, 290, 190, 190, 120, 120, 2100, 2100, 130, 130, 1530, 1530, 360, 360, 200, 110, 200, 110, 830, 830, 1050, 1050, 1160, 1160, 140, 140, 90, 380, 380, 90, 150, 510, 150, 800, 90, 510, 800, 90, 60, 1930, 1930, 230, 230, 190, 190, 170, 170, 530, 530, 790, 790, 9760, 120, 120, 570, 570, 280, 280, 250, 250, 70, 70, 360, 360, 220, 220, 880, 880, 370, 120, 370, 120, 1860, 1860, 1350, 1350, 810, 810, 80, 80, 380, 380, 500, 500, 110, 380, 110, 380, 400, 400, 280, 280, 700, 700, 240, 240, 380, 380, 24840, 620, 620, 310, 310, 1270, 1270, 80, 150, 150, 4250, 4250, 2860, 190, 13670, 450, 2860, 13670, 450, 190, 200, 200, 220, 350, 350, 220, 880, 790, 880, 790, 450, 450, 360, 360, 490, 490, 1740, 1740, 250, 250, 180, 180, 130, 130, 220, 220, 300, 300, 180, 180, 500, 500, 390, 390, 190, 190, 500, 500, 20, 20, 1060, 1060, 90, 4570, 320, 4570, 90, 320, 1040, 1040, 620, 620, 10, 10, 220, 220, 420, 420, 290, 290, 290, 290, 300, 300, 90, 90, 90, 90, 100, 100, 670, 670, 10, 70, 70]"
2020-10-26 18:00:00+00:00,142870,0,244.0,"[470, 470, 530, 1010, 530, 1010, 290, 570, 290, 570, 2970, 2970, 60, 60, 1750, 1750, 300, 300, 240, 1010, 240, 90, 90, 1200, 1200, 380, 380, 520, 520, 370, 370, 590, 590, 540, 540, 370, 370, 290, 290, 480, 480, 1490, 590, 1490, 590, 150, 150, 80, 80, 2550, 2550, 150, 150, 110, 110, 20, 20, 200, 200, 580, 580, 600, 600, 880, 880, 170, 170, 270, 270, 40, 340, 340, 1070, 120, 1070, 120, 120, 400, 120, 1620, 390, 390, 430, 430, 310, 790, 310, 810, 620, 300, 620, 300, 810, 120, 70, 120, 70, 340, 700, 340, 700, 100, 100, 1320, 1320, 470, 260, 260, 2740, 2740, 420, 420, 210, 710, 230, 210, 710, 230, 150, 150, 190, 190, 440, 310, 310, 440, 430, 430, 630, 630, 520, 520, 620, 620, 210, 210, 240, 240, 460, 460, 1080, 40, 40, 1080, 1020, 1150, 1000, 1150, 1000, 270, 270, 380, 380, 660, 660, 170, 170, 70, 70, 630, 630, 180, 250, 250, 180, 1250, 560, 1250, 250, 250, 150, 150, 240, 240, 460, 1460, 460, 1460, 260, 240, 260, 240, 610, 610, 90, 90, 490, 490, 760, 760, 270, 270, 390, 390, 340, 340, 170, 170, 320, 320, 1340, 1340, 180, 180, 420, 420, 510, 510, 650, 650, 240, 240, 1530, 1530, 1100, 1100, 10, 10, 220, 220, 2170, 2170, 1720, 1720, 80, 80, 180, 180, 100, 100, 4360, 4360, 150, 150, 330, 330, 1030, 1030, 810, 810, 460, 460, 470, 470]"
2020-10-26 18:05:00+00:00,169340,0,208.0,"[30, 30, 820, 820, 510, 510, 190, 190, 190, 190, 280, 280, 1310, 1310, 290, 290, 90, 90, 310, 310, 860, 780, 860, 780, 10, 10, 500, 1600, 500, 1600, 340, 340, 660, 660, 1070, 1070, 150, 150, 1260, 1260, 210, 210, 600, 600, 210, 210, 750, 750, 940, 940, 340, 340, 1200, 1390, 320, 1200, 1390, 320, 140, 140, 1470, 1470, 830, 540, 830, 540, 0, 1210, 1210, 0, 220, 220, 90, 120, 120, 390, 390, 620, 620, 170, 50, 50, 2700, 2700, 970, 480, 480, 970, 10, 10, 390, 390, 800, 800, 430, 430, 60, 130, 130, 60, 220, 220, 820, 820, 220, 220, 3260, 3260, 280, 280, 680, 680, 220, 420, 420, 220, 130, 130, 400, 400, 150, 150, 70, 70, 190, 190, 1460, 340, 1460, 340, 1080, 410, 1080, 410, 1880, 180, 670, 1880, 180, 670, 1170, 1170, 460, 460, 120, 120, 460, 460, 60, 60, 240, 240, 2070, 230, 2070, 230, 3210, 3210, 130, 130, 10090, 10090, 4570, 4570, 1620, 1620, 2290, 2290, 570, 570, 530, 530, 250, 250, 230, 230, 990, 990, 400, 400, 1020, 1020, 2680, 2680, 330, 330, 30, 30, 290, 290, 1140, 1140, 210, 210, 320, 320, 3770, 600, 600, 3770, 310, 310, 1380, 630, 1380, 630, 290, 290]"
2020-10-26 18:10:00+00:00,178410,0,226.0,"[320, 4190, 320, 4190, 50, 430, 50, 430, 4190, 4190, 590, 590, 1040, 1040, 260, 260, 700, 270, 270, 4010, 4010, 320, 320, 460, 460, 330, 330, 1160, 790, 1160, 790, 620, 620, 160, 160, 270, 270, 440, 440, 2100, 2100, 360, 360, 290, 540, 540, 90, 90, 680, 680, 980, 980, 270, 270, 1020, 530, 110, 530, 110, 130, 130, 5230, 5230, 1210, 1210, 130, 240, 240, 130, 320, 150, 150, 320, 380, 380, 450, 450, 220, 220, 970, 970, 840, 3680, 3680, 430, 430, 560, 560, 1060, 150, 1060, 150, 740, 450, 450, 740, 500, 500, 810, 340, 810, 340, 610, 610, 390, 390, 350, 350, 900, 900, 160, 160, 40, 40, 680, 680, 5390, 5390, 220, 220, 660, 560, 660, 560, 350, 350, 580, 580, 1330, 1330, 1810, 1810, 310, 310, 1180, 1180, 1880, 1880, 20, 20, 60, 420, 420, 570, 570, 490, 490, 80, 80, 270, 270, 220, 660, 660, 190, 190, 430, 430, 20, 20, 770, 1170, 1170, 770, 110, 80, 110, 80, 740, 740, 280, 280, 220, 220, 60, 60, 90, 90, 290, 290, 230, 230, 2180, 2180, 2410, 2410, 400, 400, 1400, 1400, 1760, 1760, 770, 420, 420, 770, 1290, 1290, 100, 100, 120, 120, 280, 280, 2590, 2590, 1130, 1130, 680, 680, 150, 150, 240, 50, 240, 50, 1740, 1740, 700, 590, 700, 590, 150, 150, 190, 190]"
2020-10-26 18:15:00+00:00,142670,0,227.0,"[800, 800, 890, 890, 370, 370, 400, 400, 430, 430, 400, 400, 1300, 1300, 1500, 370, 370, 1500, 1420, 1420, 810, 810, 600, 200, 290, 600, 200, 290, 1480, 1480, 2940, 240, 630, 630, 240, 230, 780, 780, 230, 410, 410, 920, 920, 110, 110, 260, 260, 10, 10, 560, 560, 420, 370, 370, 940, 940, 280, 280, 550, 550, 670, 670, 100, 100, 210, 210, 640, 640, 80, 80, 2250, 2250, 320, 320, 550, 170, 170, 550, 420, 230, 230, 270, 270, 270, 3480, 270, 3480, 270, 270, 340, 340, 490, 490, 7100, 200, 3930, 1340, 200, 3930, 1340, 360, 360, 200, 200, 250, 250, 360, 360, 280, 280, 50, 860, 1080, 50, 1080, 1230, 1230, 530, 530, 270, 460, 460, 180, 180, 140, 140, 120, 120, 30, 30, 110, 220, 110, 220, 1700, 1700, 70, 70, 430, 430, 600, 600, 720, 720, 210, 440, 440, 210, 440, 440, 600, 600, 390, 390, 320, 360, 320, 360, 210, 210, 1440, 150, 150, 1440, 3450, 3450, 480, 480, 820, 820, 390, 390, 640, 640, 170, 620, 620, 20, 20, 30, 30, 140, 330, 330, 690, 690, 80, 80, 130, 130, 120, 120, 90, 400, 400, 530, 530, 900, 900, 1540, 270, 1540, 270, 360, 360, 1420, 1420, 310, 310, 260, 260, 80, 80, 290, 420, 550, 550, 420, 290, 750, 180, 750, 180, 1900, 1900, 130, 130]"
2020-10-26 18:20:00+00:00,223800,0,230.0,"[410, 410, 940, 1070, 1070, 940, 970, 970, 320, 320, 680, 680, 320, 320, 60, 60, 180, 190, 190, 180, 130, 70, 70, 4460, 120, 4460, 120, 400, 400, 500, 230, 230, 500, 280, 1370, 280, 1370, 750, 750, 500, 500, 70, 70, 910, 910, 200, 200, 110, 110, 70, 70, 120, 1280, 120, 1280, 320, 320, 1120, 1120, 220, 220, 970, 970, 110, 770, 770, 940, 940, 50, 50, 100, 100, 340, 340, 220, 220, 270, 270, 720, 720, 370, 370, 100, 100, 3430, 3430, 470, 470, 2300, 2300, 120, 120, 1320, 1320, 280, 280, 240, 240, 140, 140, 3570, 3570, 540, 540, 760, 760, 290, 290, 410, 410, 800, 800, 120, 120, 420, 420, 280, 280, 200, 200, 890, 1030, 890, 1030, 70, 70, 940, 940, 1480, 1480, 40, 40, 490, 490, 70, 70, 640, 1530, 640, 1530, 150, 150, 330, 330, 90, 160, 90, 160, 270, 270, 480, 480, 80, 930, 80, 930, 2100, 2100, 50, 50, 180, 180, 140, 140, 1100, 1100, 810, 810, 420, 420, 1410, 1410, 660, 660, 100, 100, 180, 180, 430, 430, 1860, 1860, 480, 480, 560, 560, 240, 240, 870, 870, 90, 90, 50, 50, 240, 520, 240, 520, 490, 490, 11740, 11740, 70, 80, 80, 30190, 80, 80, 1430, 1430, 50, 50, 130, 300, 130, 300, 2620, 2620, 770, 770, 0, 0, 770, 770, 15820, 15820, 1220, 1220, 210, 210]"
2020-10-26 18:25:00+00:00,196650,2,215.0,"[200, 200, 320, 320, 120, 120, 400, 400, 100, 100, 260, 260, 10, 10, 130, 390, 130, 390, 670, 670, 390, 390, 20, 20, 60, 60, 120, 140, 120, 140, 500, 500, 190, 190, 830, 830, 240, 240, 680, 680, 160, 160, 200, 200, 40, 40, 450, 450, 660, 500, 500, 660, 340, 340, 200, 200, 30, 30, 620, 620, 2440, 2440, 450, 450, 160, 9470, 9470, 650, 650, 540, 390, 540, 2900, 2900, 1380, 1380, 400, 400, 3450, 3450, 190, 190, 500, 500, 220, 220, 580, 580, 250, 150, 250, 150, 350, 350, 6220, 6220, 740, 740, 100, 100, 2820, 270, 270, 2820, 140, 140, 140, 140, 210, 210, 500, 500, 290, 290, 420, 420, 100, 100, 0, 0, 230, 230, 290, 290, 2700, 760, 2700, 120, 120, 300, 320, 320, 300, 940, 280, 280, 940, 260, 260, 2880, 2880, 940, 940, 200, 200, 940, 940, 230, 230, 680, 680, 40, 40, 540, 540, 3590, 3590, 900, 900, 280, 280, 590, 390, 590, 390, 220, 140, 220, 140, 830, 830, 790, 790, 240, 360, 360, 240, 250, 250, 280, 630, 630, 280, 180, 180, 370, 370, 10, 10, 440, 440, 20350, 20350, 400, 400, 100, 100, 4320, 4320, 420, 420, 420, 420, 1400, 1400, 1160, 1160, 100, 100, 1130, 1130, 260, 390, 390, 260]"
2020-10-26 18:30:00+00:00,139350,0,206.0,"[290, 290, 140, 140, 150, 150, 530, 250, 530, 250, 290, 290, 1990, 1990, 90, 90, 120, 60, 120, 60, 450, 450, 360, 340, 360, 340, 2270, 170, 170, 2270, 3130, 3130, 350, 350, 140, 140, 310, 310, 40, 40, 3300, 3300, 250, 250, 60, 60, 90, 90, 180, 180, 1890, 1890, 150, 330, 150, 330, 310, 310, 7240, 7240, 230, 230, 360, 360, 90, 90, 360, 360, 1440, 1440, 880, 880, 900, 900, 290, 260, 290, 260, 6310, 6310, 1720, 1720, 80, 80, 350, 350, 170, 170, 580, 580, 420, 420, 130, 1100, 130, 1380, 1100, 1380, 60, 60, 620, 620, 130, 560, 560, 130, 430, 430, 450, 450, 170, 170, 80, 80, 5640, 5640, 1540, 1540, 490, 50, 50, 490, 60, 60, 930, 930, 170, 270, 270, 440, 440, 350, 520, 520, 350, 470, 470, 370, 370, 440, 440, 780, 790, 790, 780, 220, 220, 460, 460, 270, 270, 30, 140, 140, 30, 370, 460, 370, 460, 420, 420, 460, 1170, 1170, 190, 190, 1420, 370, 1420, 370, 270, 270, 80, 80, 610, 610, 440, 630, 630, 440, 110, 110, 310, 310, 70, 70, 120, 120, 200, 610, 200, 610, 110, 110, 940, 940, 190, 190, 210, 210, 120, 120, 660, 660, 200, 200]"
2020-10-26 18:35:00+00:00,104870,0,180.0,"[230, 230, 830, 830, 2310, 2310, 630, 630, 40, 40, 770, 770, 460, 460, 400, 400, 260, 260, 110, 110, 540, 540, 4560, 4560, 560, 560, 800, 800, 130, 130, 320, 320, 400, 400, 280, 280, 590, 590, 110, 110, 150, 150, 1170, 1170, 270, 270, 510, 510, 750, 750, 2100, 2100, 90, 90, 60, 230, 60, 230, 3210, 220, 220, 290, 650, 650, 290, 210, 210, 1090, 1090, 2430, 2430, 310, 310, 40, 40, 100, 100, 400, 400, 70, 70, 70, 70, 20, 40, 40, 40, 40, 610, 610, 700, 700, 270, 270, 130, 130, 380, 380, 210, 210, 200, 200, 60, 60, 120, 120, 770, 200, 770, 200, 640, 370, 640, 370, 240, 240, 780, 780, 1230, 850, 850, 1230, 1110, 1110, 60, 60, 490, 150, 150, 300, 300, 2490, 160, 160, 2490, 100, 100, 550, 160, 160, 640, 640, 470, 470, 120, 120, 560, 560, 30, 30, 30, 30, 980, 980, 230, 230, 1140, 1140, 610, 610, 110, 110, 80, 80, 250, 250, 590, 590, 640, 640, 110, 110, 3310, 3310, 690, 690, 1500, 1500, 300, 300]"
2020-10-26 18:40:00+00:00,121350,2,200.0,"[190, 190, 750, 750, 370, 370, 1110, 1110, 1700, 1700, 240, 240, 1400, 1400, 1300, 1300, 70, 70, 370, 370, 310, 310, 2740, 2740, 810, 810, 2400, 2400, 40, 40, 230, 230, 140, 140, 140, 10200, 140, 10200, 1690, 1690, 220, 220, 580, 580, 400, 400, 410, 410, 90, 90, 510, 510, 310, 310, 200, 120, 300, 300, 120, 340, 340, 160, 160, 50, 50, 320, 320, 300, 300, 460, 460, 810, 810, 460, 460, 20, 20, 240, 240, 930, 930, 550, 550, 390, 390, 130, 130, 170, 170, 130, 1620, 1620, 1260, 1260, 260, 260, 2780, 180, 2780, 180, 60, 60, 240, 290, 290, 240, 660, 660, 40, 40, 50, 50, 370, 370, 50, 50, 840, 840, 630, 60, 60, 630, 200, 200, 910, 340, 340, 910, 340, 340, 90, 90, 220, 220, 830, 830, 650, 650, 1380, 1380, 110, 300, 110, 300, 520, 520, 350, 350, 230, 230, 830, 830, 90, 90, 1300, 240, 240, 1300, 290, 290, 420, 420, 90, 90, 150, 150, 460, 460, 540, 540, 630, 630, 750, 750, 580, 580, 240, 60, 240, 60, 190, 190, 430, 430, 490, 490, 420, 420, 80, 80, 300, 300, 710, 710, 160, 160, 450, 450, 280, 280]"
2020-10-26 18:45:00+00:00,108670,0,201.0,"[230, 420, 420, 240, 240, 170, 170, 790, 790, 580, 580, 110, 110, 110, 110, 200, 200, 100, 100, 220, 220, 70, 70, 350, 350, 20, 20, 50, 50, 1460, 1460, 430, 430, 780, 780, 500, 500, 960, 960, 720, 720, 230, 230, 650, 1590, 1590, 650, 960, 960, 1880, 1880, 110, 110, 650, 650, 610, 610, 650, 650, 20, 20, 260, 260, 370, 180, 370, 180, 70, 70, 120, 120, 180, 180, 70, 70, 140, 140, 350, 350, 530, 530, 400, 400, 740, 140, 140, 740, 2950, 180, 2950, 180, 20, 20, 570, 570, 200, 200, 960, 960, 2610, 2610, 260, 260, 180, 180, 80, 80, 150, 150, 60, 60, 110, 110, 240, 240, 1400, 1400, 50, 50, 570, 570, 80, 80, 330, 330, 250, 250, 410, 410, 270, 270, 860, 860, 1040, 1040, 310, 2240, 310, 2240, 390, 390, 80, 80, 70, 70, 30, 30, 50, 50, 230, 230, 290, 290, 390, 390, 500, 500, 390, 390, 2520, 2520, 380, 380, 640, 640, 240, 240, 440, 440, 160, 160, 180, 180, 1920, 1920, 570, 570, 1100, 1100, 30, 30, 1180, 80, 1180, 80, 1520, 1520, 230, 230, 180, 180, 440, 440, 580, 580, 770, 770, 2700, 2700, 380, 380]"
2020-10-26 18:50:00+00:00,109140,0,199.0,"[180, 180, 400, 400, 590, 590, 800, 800, 200, 90, 90, 170, 170, 450, 450, 690, 690, 350, 350, 730, 730, 260, 260, 350, 350, 500, 500, 210, 210, 690, 280, 690, 280, 670, 500, 500, 670, 1570, 1570, 230, 230, 370, 370, 910, 910, 150, 150, 120, 310, 120, 310, 90, 90, 180, 180, 130, 130, 1180, 1180, 200, 200, 100, 370, 370, 100, 40, 40, 4440, 4440, 30, 30, 5500, 5500, 720, 720, 500, 170, 500, 170, 330, 330, 380, 380, 1380, 1380, 240, 240, 710, 710, 410, 410, 530, 530, 20, 20, 1660, 1660, 40, 40, 160, 160, 400, 400, 440, 440, 150, 150, 610, 610, 370, 90, 370, 90, 330, 330, 70, 70, 1310, 1310, 430, 270, 430, 270, 220, 280, 280, 220, 160, 160, 240, 240, 450, 450, 1200, 1200, 560, 560, 330, 700, 330, 700, 210, 210, 210, 210, 80, 80, 370, 700, 370, 700, 480, 480, 140, 140, 110, 4110, 110, 4110, 190, 190, 190, 190, 990, 990, 370, 370, 50, 50, 360, 360, 280, 280, 690, 690, 300, 510, 300, 510, 910, 400, 910, 400, 340, 340, 1010, 230, 230, 1010, 220, 90, 220, 90, 730, 730, 350, 350, 160, 160]"
2020-10-26 18:55:00+00:00,94280,0,183.0,"[360, 360, 950, 950, 220, 220, 680, 680, 1330, 1330, 750, 750, 730, 730, 90, 30, 90, 30, 170, 170, 550, 550, 3140, 3140, 280, 280, 600, 600, 60, 60, 150, 150, 370, 370, 140, 140, 2220, 2220, 430, 130, 430, 130, 460, 280, 100, 100, 1180, 1180, 100, 720, 100, 510, 510, 390, 190, 390, 190, 210, 210, 490, 70, 490, 70, 30, 30, 500, 220, 500, 220, 120, 120, 110, 110, 280, 280, 360, 360, 510, 510, 810, 290, 810, 290, 210, 210, 200, 200, 330, 330, 320, 320, 1320, 1320, 1100, 1100, 200, 200, 260, 260, 2220, 2220, 350, 180, 180, 300, 300, 440, 540, 440, 540, 450, 450, 1170, 1170, 300, 300, 320, 320, 160, 160, 1080, 1080, 720, 230, 20, 20, 230, 360, 360, 120, 120, 510, 90, 90, 570, 570, 50, 50, 860, 860, 2120, 2120, 730, 730, 260, 260, 170, 170, 1690, 1690, 420, 420, 770, 770, 960, 960, 390, 390, 640, 640, 490, 490, 350, 350, 50, 50, 940, 940, 180, 180, 520, 520, 640, 150, 150, 260, 260, 200, 200, 610, 150, 150, 610]"
2020-10-26 19:00:00+00:00,201080,0,202.0,"[200, 770, 210, 210, 850, 140, 850, 140, 1120, 1120, 120, 120, 190, 190, 330, 380, 380, 330, 10450, 10450, 150, 150, 1420, 1420, 100, 100, 630, 630, 320, 1340, 320, 1340, 930, 930, 480, 480, 2260, 2260, 70, 70, 150, 150, 660, 660, 120, 120, 1000, 1000, 800, 800, 500, 500, 460, 460, 600, 600, 26560, 80, 80, 26560, 500, 500, 9520, 9520, 760, 760, 440, 440, 40, 40, 250, 250, 990, 990, 1190, 1190, 260, 260, 40, 40, 320, 320, 30, 30, 70, 70, 780, 780, 50, 200, 500, 50, 500, 200, 1890, 1890, 230, 230, 270, 270, 360, 360, 170, 170, 60, 60, 0, 0, 870, 870, 1190, 480, 1190, 480, 1080, 1080, 420, 690, 690, 640, 640, 50, 850, 850, 50, 50, 210, 210, 1440, 60, 60, 1440, 70, 70, 100, 100, 290, 290, 140, 140, 800, 800, 170, 940, 940, 170, 430, 430, 340, 340, 120, 120, 820, 820, 200, 200, 540, 540, 0, 0, 40, 40, 260, 260, 830, 830, 310, 310, 1190, 1190, 550, 550, 900, 900, 1080, 1080, 3070, 3070, 100, 100, 640, 640, 1420, 1420, 240, 240, 100, 100, 370, 370, 310, 310, 760, 760, 1390, 1390, 430, 430, 710, 710, 1260, 1260]"
2020-10-26 19:05:00+00:00,187360,0,191.0,"[1100, 1100, 1310, 1310, 10, 10, 90, 90, 3190, 3190, 720, 720, 350, 350, 90, 90, 1260, 240, 1260, 240, 690, 690, 4090, 380, 4090, 380, 240, 240, 1040, 1040, 1280, 1280, 930, 930, 460, 460, 40, 40, 400, 400, 550, 550, 430, 430, 100, 100, 630, 1140, 1140, 610, 610, 240, 240, 30, 30, 300, 300, 380, 380, 3780, 3780, 280, 280, 1740, 1740, 280, 280, 430, 430, 280, 280, 680, 680, 30, 30, 510, 510, 740, 740, 340, 340, 320, 320, 450, 450, 1000, 1000, 2640, 2640, 340, 340, 200, 200, 2580, 2580, 30, 590, 590, 230, 230, 690, 690, 360, 360, 250, 250, 570, 570, 500, 320, 500, 320, 120, 120, 190, 190, 730, 730, 80, 80, 160, 160, 6830, 6830, 210, 630, 630, 60, 210, 60, 780, 20, 780, 20, 700, 700, 1500, 1500, 1940, 160, 1940, 160, 130, 130, 1290, 1290, 8930, 8930, 350, 350, 280, 280, 760, 760, 370, 370, 520, 520, 390, 520, 390, 520, 5940, 5940, 760, 760, 290, 290, 540, 540, 390, 60, 60, 390, 950, 950, 180, 210, 210, 160, 160, 210, 210, 280, 12660, 280, 12660, 600, 600, 740, 740]"
2020-10-26 19:10:00+00:00,149380,0,179.0,"[130, 130, 1440, 1440, 16800, 16800, 340, 340, 660, 660, 780, 780, 370, 370, 1030, 1030, 590, 590, 220, 220, 90, 90, 20, 380, 380, 20, 510, 510, 110, 110, 2870, 2870, 300, 870, 870, 160, 1190, 160, 1190, 210, 170, 170, 1520, 1520, 550, 1540, 1540, 30, 30, 780, 780, 240, 330, 330, 40, 40, 670, 600, 670, 600, 1110, 290, 290, 1110, 120, 120, 550, 550, 370, 370, 1080, 1080, 180, 370, 370, 180, 450, 450, 15920, 15920, 490, 490, 220, 220, 110, 110, 180, 10, 10, 680, 680, 20, 20, 640, 640, 120, 120, 240, 240, 460, 460, 640, 640, 60, 200, 60, 200, 70, 70, 430, 430, 110, 110, 230, 230, 80, 80, 1360, 1360, 630, 630, 2130, 10, 10, 640, 640, 130, 130, 150, 150, 20, 20, 280, 280, 160, 160, 340, 340, 560, 560, 150, 150, 490, 490, 20, 20, 280, 320, 280, 320, 1590, 1590, 150, 250, 250, 350, 350, 150, 1450, 150, 1450, 840, 840, 580, 580, 520, 520, 320, 320, 280, 280, 310, 310, 490, 490, 190, 190, 460, 460]"
2020-10-26 19:15:00+00:00,147940,0,191.0,"[860, 860, 320, 320, 590, 590, 1180, 1180, 40, 40, 340, 340, 60, 60, 1640, 1640, 6110, 170, 6110, 170, 440, 440, 170, 170, 310, 310, 250, 250, 200, 200, 130, 100, 100, 130, 540, 540, 690, 690, 2270, 2270, 1020, 1020, 210, 210, 120, 120, 460, 460, 400, 400, 560, 560, 4840, 4840, 170, 170, 1190, 1190, 260, 260, 240, 240, 600, 600, 450, 630, 450, 630, 450, 450, 230, 230, 120, 120, 850, 850, 10, 10, 310, 310, 130, 130, 1070, 1070, 1500, 1500, 720, 720, 2200, 2200, 320, 320, 250, 250, 260, 260, 460, 460, 460, 460, 290, 290, 470, 470, 190, 190, 300, 300, 810, 810, 880, 880, 170, 170, 740, 740, 130, 500, 130, 500, 400, 400, 40, 460, 460, 40, 40, 210, 210, 920, 920, 100, 100, 210, 210, 350, 350, 320, 320, 620, 620, 630, 630, 160, 160, 120, 120, 310, 310, 140, 140, 150, 160, 150, 160, 620, 620, 1330, 1330, 110, 60, 60, 110, 18150, 270, 270, 18150, 90, 90, 1610, 1610, 110, 110, 1730, 1730, 300, 300, 240, 240, 70, 70, 1490, 330, 330, 1490, 220, 220, 180, 180, 360, 360]"
2020-10-26 19:20:00+00:00,166130,0,210.0,"[12890, 12890, 120, 120, 480, 480, 460, 710, 660, 660, 710, 350, 350, 40, 40, 700, 700, 160, 160, 830, 830, 730, 730, 5360, 360, 5360, 360, 190, 190, 260, 260, 600, 600, 270, 270, 560, 560, 310, 310, 690, 690, 10, 10, 430, 430, 550, 550, 160, 160, 540, 330, 540, 330, 90, 90, 2410, 2410, 120, 120, 1840, 1840, 570, 570, 20, 20, 540, 540, 2040, 2040, 1060, 1060, 130, 130, 1280, 1280, 540, 540, 330, 330, 1140, 1140, 1350, 1350, 3410, 3410, 390, 390, 540, 540, 100, 100, 380, 380, 330, 330, 530, 530, 230, 230, 190, 190, 1010, 1010, 1100, 1100, 1440, 1440, 270, 270, 110, 110, 210, 190, 190, 210, 120, 120, 360, 360, 400, 400, 250, 210, 210, 900, 900, 150, 150, 1290, 1290, 370, 370, 120, 120, 90, 330, 90, 330, 340, 340, 30, 120, 140, 140, 120, 30, 20, 20, 1470, 1470, 1110, 1110, 300, 300, 1900, 1900, 1060, 400, 1060, 400, 320, 320, 3400, 3400, 440, 440, 260, 260, 1100, 1080, 1100, 1080, 210, 210, 40, 40, 1890, 1890, 960, 960, 4190, 460, 210, 210, 460, 4190, 600, 600, 420, 420, 1220, 1220, 190, 190, 240, 240, 70, 70, 130, 130, 120, 120, 650, 650, 350, 350, 590, 590, 160, 160]"
2020-10-26 19:25:00+00:00,127160,0,205.0,"[360, 980, 980, 360, 240, 240, 310, 310, 280, 1370, 280, 1370, 50, 50, 50, 50, 100, 100, 660, 660, 1060, 1060, 1880, 1880, 110, 110, 390, 390, 630, 630, 580, 580, 520, 520, 200, 200, 110, 110, 130, 130, 500, 500, 1080, 1080, 360, 360, 410, 410, 650, 650, 450, 470, 450, 310, 310, 100, 110, 100, 110, 410, 410, 800, 800, 300, 300, 4570, 4570, 850, 850, 60, 60, 80, 80, 220, 1540, 1540, 220, 1020, 1020, 390, 390, 350, 350, 110, 110, 790, 790, 880, 880, 130, 130, 3040, 3040, 110, 140, 140, 290, 290, 230, 230, 340, 340, 260, 340, 340, 260, 320, 320, 1130, 1000, 1000, 1130, 1620, 1620, 1080, 1080, 50, 460, 460, 50, 260, 260, 460, 460, 2870, 2870, 980, 980, 410, 410, 180, 180, 1910, 1910, 660, 660, 220, 220, 30, 30, 180, 180, 2200, 2200, 280, 280, 100, 100, 480, 480, 2160, 2160, 290, 290, 280, 280, 30, 30, 1740, 1740, 480, 480, 130, 130, 60, 60, 200, 1660, 820, 820, 200, 1660, 550, 550, 540, 540, 940, 940, 120, 120, 490, 490, 260, 260, 70, 70, 500, 500, 60, 60, 900, 710, 710, 1260, 1260, 30, 30, 280, 280, 60, 60, 360, 360, 760, 760]"
2020-10-26 19:30:00+00:00,98400,0,186.0,"[250, 250, 150, 150, 1030, 1030, 70, 70, 30, 30, 150, 150, 620, 620, 1070, 1070, 530, 530, 170, 170, 360, 360, 180, 180, 60, 270, 270, 60, 330, 330, 150, 150, 1000, 640, 640, 310, 310, 980, 980, 680, 680, 310, 310, 560, 560, 80, 80, 1090, 250, 1090, 250, 880, 880, 1180, 1180, 160, 160, 570, 570, 480, 200, 200, 310, 310, 360, 360, 370, 370, 350, 350, 590, 590, 160, 160, 240, 240, 30, 30, 300, 1250, 300, 1250, 480, 480, 1650, 1650, 220, 220, 770, 770, 140, 140, 390, 230, 390, 230, 880, 90, 880, 90, 50, 50, 20, 4080, 4080, 20, 160, 160, 230, 230, 1080, 1080, 210, 210, 110, 110, 570, 570, 80, 80, 750, 750, 430, 430, 70, 70, 680, 680, 1200, 1200, 140, 140, 280, 280, 60, 60, 930, 120, 930, 120, 90, 90, 1260, 1260, 640, 640, 300, 300, 480, 480, 620, 620, 2660, 2660, 710, 710, 150, 150, 110, 110, 600, 600, 1000, 290, 1000, 290, 160, 160, 4240, 160, 4240, 160, 360, 360, 150, 150, 410, 200, 200, 410, 280, 120, 120, 280, 100, 100]"
2020-10-26 19:35:00+00:00,96280,0,175.0,"[380, 380, 1280, 1280, 930, 930, 150, 150, 180, 180, 280, 1610, 280, 1610, 130, 130, 1280, 1280, 800, 800, 200, 200, 400, 400, 200, 200, 410, 410, 540, 540, 1250, 1250, 400, 400, 670, 670, 230, 230, 1020, 1020, 920, 920, 590, 590, 100, 530, 100, 530, 940, 940, 200, 50, 50, 320, 320, 40, 40, 20, 20, 130, 130, 570, 570, 1100, 1100, 110, 110, 110, 110, 370, 370, 80, 80, 970, 970, 170, 170, 80, 80, 2430, 2430, 390, 390, 260, 330, 330, 260, 410, 410, 1270, 1270, 160, 160, 0, 0, 350, 350, 470, 470, 190, 190, 110, 60, 110, 60, 340, 500, 500, 340, 150, 150, 300, 200, 200, 300, 1140, 1140, 1840, 1840, 420, 420, 420, 420, 200, 200, 50, 50, 1940, 2900, 1940, 2900, 560, 560, 330, 560, 560, 330, 2340, 470, 470, 2340, 180, 480, 180, 480, 130, 130, 470, 470, 120, 120, 160, 160, 160, 860, 860, 160, 30, 30, 100, 100, 110, 110, 390, 390, 760, 760, 290, 290, 650, 650, 1520, 1520, 1000, 1000]"
2020-10-26 19:40:00+00:00,167550,0,198.0,"[440, 440, 410, 410, 240, 240, 530, 180, 530, 180, 440, 440, 60, 60, 180, 180, 390, 390, 1580, 1580, 190, 120, 370, 190, 120, 370, 50, 50, 280, 770, 770, 280, 310, 310, 280, 280, 460, 460, 540, 540, 240, 240, 160, 160, 510, 510, 510, 510, 460, 460, 10340, 10340, 110, 110, 430, 430, 540, 540, 370, 370, 1330, 1330, 460, 30, 30, 460, 1530, 1530, 240, 240, 130, 130, 360, 360, 960, 960, 290, 290, 550, 290, 290, 550, 340, 420, 340, 420, 370, 370, 570, 570, 210, 180, 380, 380, 770, 770, 680, 680, 220, 220, 460, 460, 3440, 3440, 480, 480, 27160, 27160, 270, 270, 190, 190, 1140, 1140, 90, 90, 1040, 1040, 10, 10, 160, 160, 390, 390, 230, 230, 1240, 1240, 80, 80, 720, 720, 200, 200, 280, 280, 200, 200, 700, 700, 390, 390, 60, 60, 770, 770, 100, 100, 370, 80, 370, 80, 460, 480, 480, 460, 640, 640, 1080, 230, 1080, 230, 460, 460, 500, 510, 510, 500, 460, 460, 60, 60, 120, 200, 120, 200, 350, 350, 360, 190, 360, 190, 330, 330, 60, 60, 280, 380, 380, 280, 760, 760, 1180, 1180, 600, 600, 2230, 2230]"
2020-10-26 19:45:00+00:00,73060,0,153.0,"[480, 480, 340, 340, 2180, 2180, 90, 90, 440, 420, 440, 420, 570, 570, 130, 130, 390, 390, 1410, 1410, 930, 930, 390, 390, 510, 510, 500, 500, 660, 660, 430, 160, 430, 160, 1500, 350, 350, 70, 70, 350, 350, 170, 170, 860, 860, 300, 300, 60, 60, 1320, 1320, 210, 360, 210, 790, 790, 80, 80, 300, 300, 820, 820, 220, 220, 260, 650, 650, 260, 480, 270, 480, 30, 30, 270, 1300, 300, 300, 740, 740, 30, 30, 190, 190, 1800, 1800, 110, 110, 360, 360, 130, 130, 560, 560, 110, 110, 1850, 1850, 590, 590, 220, 200, 200, 370, 370, 180, 180, 80, 80, 1410, 1410, 420, 420, 340, 340, 400, 400, 370, 370, 320, 320, 500, 500, 390, 390, 700, 700, 220, 220, 310, 310, 250, 250, 570, 570, 1170, 1170, 110, 110, 240, 100, 100, 280, 280, 40, 40, 180, 180, 550, 550, 620, 620, 250, 250]"
2020-10-26 19:50:00+00:00,110080,0,211.0,"[850, 850, 60, 60, 120, 120, 60, 60, 140, 140, 180, 180, 40, 40, 160, 160, 1270, 160, 160, 1270, 90, 90, 220, 220, 230, 230, 70, 70, 600, 600, 1180, 1180, 450, 450, 740, 740, 210, 210, 640, 640, 2540, 2540, 20, 20, 60, 60, 210, 210, 20, 20, 320, 320, 280, 280, 380, 380, 770, 770, 530, 530, 1580, 1580, 400, 400, 300, 1150, 230, 230, 1150, 300, 920, 920, 100, 100, 330, 330, 70, 70, 420, 420, 1190, 1190, 120, 140, 140, 120, 630, 630, 90, 90, 460, 460, 620, 620, 1360, 1360, 760, 400, 760, 400, 220, 220, 1130, 1130, 260, 260, 110, 110, 340, 340, 270, 270, 1170, 1170, 70, 70, 810, 810, 460, 460, 990, 990, 270, 270, 320, 320, 720, 720, 60, 260, 260, 300, 300, 110, 110, 4830, 4830, 370, 370, 410, 410, 170, 1310, 1310, 60, 60, 360, 360, 150, 150, 580, 580, 1820, 1820, 40, 40, 20, 20, 390, 1480, 1480, 390, 30, 30, 260, 260, 310, 310, 790, 150, 150, 210, 210, 740, 740, 470, 470, 60, 60, 350, 350, 360, 360, 900, 900, 440, 440, 460, 460, 330, 330, 1240, 1240, 740, 740, 270, 270, 890, 890, 130, 130, 420, 420, 60, 640, 60, 640, 370, 370, 1200, 1200]"
2020-10-26 19:55:00+00:00,133670,2,179.0,"[1360, 1360, 820, 820, 330, 370, 370, 680, 60, 680, 1600, 70, 1600, 70, 1470, 1470, 470, 470, 120, 120, 420, 260, 420, 260, 10, 10, 50, 50, 550, 550, 17530, 17530, 460, 200, 460, 200, 80, 80, 680, 680, 580, 580, 2570, 2570, 100, 100, 530, 530, 1780, 90, 90, 1780, 340, 340, 70, 70, 40, 1680, 1680, 40, 270, 10, 10, 270, 1560, 1560, 110, 110, 220, 220, 740, 740, 240, 240, 140, 140, 360, 520, 360, 520, 1070, 1070, 100, 100, 320, 320, 210, 200, 200, 210, 540, 540, 170, 130, 130, 170, 110, 250, 250, 110, 180, 180, 940, 940, 170, 170, 140, 400, 400, 440, 440, 300, 300, 140, 140, 830, 830, 310, 310, 4900, 4900, 1410, 1410, 680, 680, 100, 100, 50, 50, 200, 200, 200, 200, 290, 290, 450, 450, 1340, 1340, 160, 160, 600, 600, 90, 90, 570, 570, 340, 340, 1260, 1260, 570, 570, 1020, 1020, 260, 260, 200, 200, 140, 140, 1840, 1840, 730, 730, 260, 260, 230, 230, 340, 340, 50, 50, 680, 680, 1390, 1390, 260, 260]"
2020-10-26 20:00:00+00:00,119320,0,184.0,"[530, 530, 240, 220, 240, 220, 390, 390, 250, 250, 600, 600, 260, 260, 220, 220, 380, 380, 260, 260, 170, 170, 60, 170, 60, 170, 360, 360, 450, 450, 460, 460, 180, 180, 310, 310, 870, 870, 40, 40, 400, 960, 960, 400, 2210, 2210, 100, 100, 80, 80, 470, 470, 240, 240, 50, 50, 110, 110, 260, 260, 300, 300, 410, 410, 50, 50, 370, 370, 70, 70, 190, 90, 250, 250, 90, 190, 1840, 1840, 380, 380, 320, 320, 11010, 11010, 500, 500, 1370, 1370, 330, 330, 180, 310, 310, 180, 80, 80, 20, 20, 8070, 480, 8070, 480, 120, 120, 800, 800, 260, 260, 500, 760, 500, 760, 200, 200, 990, 990, 250, 250, 640, 400, 640, 400, 80, 80, 580, 1770, 1770, 580, 340, 180, 180, 340, 1830, 1830, 800, 800, 390, 390, 380, 380, 190, 190, 180, 180, 590, 630, 300, 630, 300, 590, 710, 710, 400, 400, 400, 400, 320, 320, 420, 440, 420, 440, 440, 440, 1380, 1380, 160, 160, 250, 110, 110, 250, 510, 510, 320, 320, 1040, 1040, 160, 160, 1460, 1460, 60, 60]"
2020-10-26 20:05:00+00:00,113790,0,175.0,"[430, 430, 60, 60, 580, 580, 130, 530, 530, 130, 1510, 1510, 680, 680, 1020, 90, 90, 1020, 310, 310, 390, 1670, 1670, 140, 140, 490, 490, 1320, 1320, 40, 40, 400, 400, 350, 350, 280, 280, 400, 230, 2560, 230, 400, 2560, 100, 100, 1820, 1820, 1770, 1770, 330, 330, 370, 370, 320, 950, 950, 440, 440, 930, 930, 380, 380, 80, 80, 2050, 2050, 390, 390, 640, 640, 230, 50, 230, 50, 180, 180, 200, 200, 680, 680, 1080, 430, 1980, 340, 1080, 430, 1980, 340, 120, 120, 590, 590, 230, 230, 2480, 2480, 310, 310, 1380, 1380, 230, 230, 930, 930, 1100, 1100, 360, 360, 0, 0, 680, 680, 340, 340, 640, 640, 1810, 1810, 520, 520, 60, 60, 40, 40, 400, 190, 520, 190, 400, 520, 190, 190, 380, 380, 300, 300, 100, 100, 10, 10, 520, 4430, 4430, 660, 660, 260, 260, 180, 180, 2030, 2030, 490, 490, 380, 380, 130, 130, 250, 250, 640, 460, 640, 460, 740, 740, 750, 750, 480, 480, 270, 270, 280, 280, 1300, 1300]"
2020-10-26 20:10:00+00:00,172000,0,177.0,"[1310, 1310, 130, 130, 140, 140, 140, 140, 420, 420, 540, 540, 1520, 1520, 310, 310, 1380, 1380, 180, 180, 330, 330, 100, 100, 1120, 1120, 210, 210, 100, 100, 690, 690, 380, 380, 220, 220, 610, 610, 480, 480, 400, 400, 360, 360, 140, 140, 2710, 2710, 1990, 1990, 380, 380, 850, 850, 1140, 170, 170, 290, 290, 200, 480, 1320, 480, 1320, 200, 380, 380, 1200, 41420, 1200, 41420, 310, 310, 310, 310, 570, 570, 250, 250, 360, 360, 160, 220, 220, 360, 360, 640, 960, 960, 380, 380, 130, 130, 10, 10, 810, 810, 1270, 1270, 710, 380, 710, 380, 200, 200, 1470, 1470, 330, 330, 200, 200, 670, 670, 160, 160, 160, 160, 550, 550, 730, 730, 450, 450, 700, 700, 430, 180, 200, 430, 200, 180, 20, 20, 190, 190, 80, 80, 730, 730, 730, 730, 460, 460, 740, 740, 180, 180, 230, 230, 450, 450, 120, 120, 210, 210, 960, 960, 400, 400, 280, 280, 790, 270, 270, 790, 250, 250, 300, 300, 100, 100, 730, 730, 640, 640, 110, 110]"
2020-10-26 20:15:00+00:00,112470,0,151.0,"[1300, 1300, 140, 140, 560, 560, 370, 370, 250, 250, 1010, 1010, 70, 70, 460, 460, 960, 960, 220, 220, 250, 250, 1000, 1000, 680, 680, 480, 480, 80, 80, 610, 610, 100, 100, 150, 150, 180, 180, 130, 130, 210, 210, 210, 210, 210, 210, 160, 160, 610, 140, 610, 140, 290, 230, 230, 520, 240, 520, 240, 190, 190, 230, 230, 70, 70, 310, 310, 100, 100, 220, 220, 610, 220, 220, 20, 20, 590, 590, 250, 250, 220, 220, 770, 770, 40, 40, 110, 110, 15620, 15620, 300, 80, 80, 300, 280, 280, 1700, 1700, 170, 170, 7930, 7930, 570, 150, 460, 410, 570, 460, 150, 410, 1270, 1270, 210, 210, 800, 800, 80, 80, 440, 440, 220, 220, 130, 130, 430, 430, 1090, 1090, 60, 60, 250, 250, 550, 990, 500, 990, 500, 880, 1660, 880, 1660, 220, 220, 2680, 520, 520, 2680, 360, 360, 180, 180]"
2020-10-26 20:20:00+00:00,127500,0,172.0,"[360, 360, 710, 710, 250, 250, 60, 60, 130, 130, 510, 510, 120, 120, 470, 470, 820, 820, 1120, 1120, 250, 250, 1600, 180, 180, 1600, 0, 0, 650, 650, 550, 550, 340, 340, 190, 190, 300, 300, 5010, 5010, 260, 260, 660, 660, 840, 260, 260, 840, 1100, 1100, 2800, 190, 2800, 190, 460, 460, 190, 190, 50, 50, 340, 340, 140, 140, 150, 150, 210, 210, 1240, 1240, 190, 190, 160, 160, 50, 50, 600, 600, 360, 360, 290, 290, 170, 170, 120, 120, 830, 830, 1230, 150, 1230, 150, 230, 230, 480, 710, 480, 710, 1050, 1050, 270, 270, 2380, 2380, 200, 200, 340, 340, 80, 80, 120, 120, 2380, 1200, 2380, 1200, 240, 240, 650, 650, 140, 140, 50, 50, 820, 820, 390, 390, 320, 320, 17260, 360, 17260, 360, 130, 130, 1050, 300, 300, 1050, 70, 70, 540, 540, 180, 300, 300, 180, 130, 130, 270, 270, 0, 0, 560, 560, 300, 300, 100, 100, 60, 60, 200, 200, 1380, 1380, 560, 560, 190, 1100, 190, 1100]"
2020-10-26 20:25:00+00:00,140780,0,135.0,"[1880, 1880, 850, 850, 440, 440, 320, 320, 160, 160, 380, 380, 1620, 1620, 80, 80, 370, 370, 680, 680, 360, 360, 120, 120, 1260, 430, 430, 380, 380, 100, 100, 440, 440, 680, 680, 270, 270, 100, 100, 730, 730, 1140, 1140, 140, 140, 50, 50, 70, 70, 330, 330, 260, 920, 920, 270, 270, 270, 270, 300, 300, 80, 80, 210, 840, 210, 840, 170, 170, 770, 770, 970, 970, 200, 200, 560, 2500, 560, 2500, 710, 710, 60, 60, 90, 90, 220, 220, 520, 520, 240, 240, 1490, 1490, 4020, 4020, 690, 690, 220, 1200, 1200, 710, 710, 370, 370, 2390, 2390, 120, 120, 230, 230, 1340, 1340, 1180, 1180, 150, 150, 130, 130, 150, 150, 420, 60, 420, 60, 140, 140, 27480, 27480, 240, 240, 960, 960, 3770, 3770, 260, 260]"
2020-10-26 20:30:00+00:00,137210,0,189.0,"[120, 120, 4200, 4200, 100, 100, 430, 430, 2960, 2960, 1220, 1220, 90, 10, 10, 90, 270, 270, 100, 100, 1110, 1110, 80, 80, 90, 90, 240, 240, 670, 670, 890, 890, 660, 660, 1080, 70, 70, 1080, 530, 530, 20, 20, 1460, 420, 1460, 420, 1170, 5600, 200, 5600, 200, 1170, 100, 100, 60, 60, 20, 20, 230, 230, 410, 410, 1220, 1220, 1240, 1240, 20, 380, 380, 330, 330, 400, 400, 2240, 2240, 1940, 1940, 120, 120, 1460, 1460, 100, 300, 100, 300, 70, 70, 230, 230, 190, 190, 1050, 1420, 1050, 1420, 7850, 100, 100, 180, 180, 320, 320, 260, 260, 1630, 1630, 90, 90, 4700, 4700, 360, 360, 170, 170, 40, 60, 60, 140, 140, 30, 30, 410, 410, 110, 110, 670, 670, 50, 50, 280, 280, 80, 80, 90, 90, 10, 10, 820, 820, 540, 540, 1330, 1330, 80, 80, 240, 240, 4950, 4950, 150, 150, 730, 730, 1240, 1240, 140, 140, 700, 700, 90, 90, 0, 0, 600, 880, 600, 880, 1730, 1730, 220, 220, 140, 140, 660, 660, 980, 980, 640, 640, 90, 90, 260, 260, 130, 130, 230, 230, 40, 40]"
2020-10-26 20:35:00+00:00,104200,0,172.0,"[140, 750, 140, 750, 2690, 390, 2690, 390, 680, 680, 130, 130, 160, 160, 70, 70, 240, 240, 540, 540, 360, 50, 360, 50, 750, 750, 610, 610, 320, 320, 340, 340, 870, 870, 670, 670, 10, 10, 40, 40, 70, 70, 370, 370, 260, 260, 670, 670, 540, 540, 50, 50, 10890, 10890, 240, 240, 100, 100, 650, 650, 360, 360, 820, 820, 400, 400, 320, 320, 880, 880, 1390, 1390, 470, 470, 1050, 1050, 290, 290, 310, 310, 1490, 1490, 110, 110, 440, 440, 1180, 1180, 650, 650, 1180, 1180, 220, 220, 120, 120, 300, 300, 1370, 1370, 260, 260, 400, 400, 110, 110, 460, 300, 460, 300, 220, 220, 90, 90, 210, 210, 130, 130, 1720, 1720, 10, 10, 330, 330, 280, 280, 340, 340, 40, 40, 1130, 870, 1130, 870, 100, 100, 410, 410, 410, 920, 920, 410, 760, 760, 100, 100, 180, 180, 430, 430, 320, 320, 250, 250, 600, 600, 820, 820, 700, 700, 680, 100, 680, 100, 140, 140, 210, 210, 10, 10, 1060, 1060]"
2020-10-26 20:40:00+00:00,75980,0,145.0,"[1000, 1000, 50, 50, 310, 310, 170, 170, 430, 430, 370, 370, 240, 240, 290, 290, 40, 40, 470, 470, 220, 220, 380, 380, 30, 30, 260, 260, 410, 480, 480, 410, 510, 510, 490, 490, 490, 490, 130, 130, 120, 60, 60, 130, 130, 50, 50, 100, 100, 910, 1340, 910, 40, 40, 260, 260, 500, 500, 420, 420, 1380, 1380, 160, 190, 190, 230, 230, 150, 150, 1780, 1780, 410, 410, 20, 20, 260, 260, 2920, 290, 290, 2920, 780, 780, 250, 250, 800, 800, 700, 700, 200, 200, 310, 310, 430, 430, 330, 330, 4150, 4150, 830, 830, 510, 510, 450, 1030, 450, 1030, 2220, 2220, 190, 190, 70, 70, 180, 180, 280, 280, 310, 310, 290, 290, 320, 320, 350, 350, 20, 20, 40, 40, 210, 210, 550, 550, 150, 150, 600, 600, 1470, 1470, 1190, 1190, 1040, 1040, 60, 60]"
2020-10-26 20:45:00+00:00,107620,0,154.0,"[50, 50, 230, 230, 110, 110, 310, 310, 380, 380, 410, 410, 40, 40, 2270, 2270, 500, 500, 50, 50, 150, 150, 340, 170, 340, 170, 400, 400, 70, 70, 350, 350, 70, 70, 1740, 1740, 360, 360, 660, 360, 360, 40, 40, 400, 400, 630, 630, 570, 570, 540, 540, 590, 590, 10, 10, 410, 410, 40, 40, 460, 1970, 460, 1970, 3370, 3370, 170, 170, 420, 420, 30, 30, 1030, 1030, 900, 900, 180, 180, 3430, 3430, 350, 350, 120, 120, 1280, 1280, 1030, 1030, 790, 790, 580, 290, 290, 580, 520, 520, 2620, 2620, 1360, 1360, 3160, 3160, 50, 50, 130, 130, 590, 590, 10, 10, 70, 70, 250, 250, 200, 200, 40, 40, 1040, 1040, 590, 590, 250, 470, 470, 250, 280, 280, 7410, 7410, 230, 230, 2760, 2760, 30, 30, 160, 160, 700, 700, 110, 110, 700, 30, 120, 700, 30, 120, 360, 360, 60, 60, 320, 1030, 1030]"
2020-10-26 20:50:00+00:00,126520,0,141.0,"[1180, 1260, 1180, 1260, 170, 1080, 170, 1080, 800, 800, 390, 390, 570, 570, 620, 620, 2760, 2760, 50, 50, 300, 160, 160, 300, 480, 480, 450, 450, 500, 430, 500, 430, 470, 470, 620, 620, 160, 150, 150, 1180, 1180, 2660, 2660, 400, 400, 570, 570, 430, 430, 1810, 1810, 530, 530, 710, 710, 410, 410, 140, 140, 470, 470, 300, 300, 380, 380, 330, 330, 80, 80, 130, 130, 970, 970, 250, 300, 300, 250, 230, 190, 230, 190, 330, 330, 470, 470, 780, 780, 380, 380, 670, 670, 350, 350, 420, 420, 350, 350, 450, 450, 19000, 19000, 660, 660, 1100, 1100, 80, 2920, 2920, 80, 50, 50, 260, 260, 240, 240, 580, 580, 1340, 1340, 370, 370, 210, 210, 530, 530, 240, 240, 870, 870, 1000, 1000, 270, 270, 630, 630, 1800, 1800, 1560, 1560, 360, 360]"
2020-10-26 20:55:00+00:00,125560,0,164.0,"[2550, 2550, 620, 620, 340, 340, 380, 380, 210, 210, 160, 160, 180, 180, 160, 160, 1280, 1280, 260, 260, 80, 80, 400, 400, 170, 170, 160, 160, 490, 490, 480, 480, 110, 110, 750, 750, 140, 140, 120, 270, 100, 270, 100, 30, 30, 190, 190, 140, 490, 140, 490, 890, 890, 790, 790, 520, 410, 410, 520, 270, 270, 400, 400, 330, 270, 330, 270, 360, 360, 190, 190, 1920, 1920, 1520, 1520, 630, 630, 940, 940, 790, 790, 260, 260, 2200, 2200, 480, 480, 820, 820, 570, 570, 510, 7030, 510, 7030, 240, 240, 90, 90, 90, 440, 90, 440, 170, 170, 80, 80, 30, 30, 110, 110, 630, 630, 140, 140, 440, 440, 1890, 1890, 850, 850, 20, 20, 1500, 1500, 1490, 1490, 460, 1960, 460, 1960, 200, 70, 70, 1340, 1340, 1680, 1680, 1080, 1080, 460, 460, 2120, 2120, 120, 120, 820, 820, 10, 10, 230, 240, 240, 230, 10560, 10560, 250, 250, 90, 90, 660, 660, 20, 20]"
2020-10-26 21:00:00+00:00,84220,0,136.0,"[120, 120, 310, 310, 70, 70, 400, 400, 170, 680, 170, 680, 710, 710, 120, 120, 30, 30, 3060, 3060, 400, 400, 670, 670, 150, 150, 630, 380, 380, 630, 120, 120, 160, 160, 90, 90, 3710, 3710, 1670, 1670, 70, 70, 560, 560, 100, 100, 550, 550, 130, 130, 400, 400, 270, 270, 460, 150, 460, 150, 580, 580, 240, 1100, 1100, 240, 270, 270, 330, 330, 340, 340, 220, 220, 300, 300, 900, 900, 430, 430, 2290, 2290, 190, 190, 770, 770, 250, 250, 960, 960, 680, 680, 150, 150, 180, 180, 220, 400, 220, 400, 430, 430, 560, 560, 30, 30, 80, 80, 710, 80, 710, 80, 3150, 3150, 1540, 1540, 180, 180, 190, 190, 300, 300, 4800, 4800, 160, 160, 280, 290, 290, 280, 420, 420, 400, 400, 840, 840, 530, 530]"
2020-10-26 21:05:00+00:00,79810,0,163.0,"[680, 680, 30, 30, 260, 40, 260, 40, 280, 280, 680, 680, 350, 350, 570, 570, 80, 150, 780, 80, 780, 150, 630, 120, 630, 120, 260, 260, 1080, 1080, 140, 140, 200, 200, 580, 580, 230, 230, 520, 130, 520, 130, 180, 180, 590, 590, 580, 580, 380, 380, 700, 700, 590, 590, 150, 150, 980, 980, 330, 330, 1580, 1580, 770, 770, 1460, 1460, 150, 150, 740, 500, 500, 1290, 1290, 60, 60, 670, 670, 180, 180, 350, 110, 110, 430, 430, 260, 260, 1210, 1210, 70, 70, 450, 450, 410, 410, 220, 220, 100, 80, 100, 80, 340, 340, 260, 280, 280, 260, 190, 190, 200, 200, 1140, 1140, 960, 960, 1180, 1180, 690, 690, 280, 280, 240, 240, 160, 160, 440, 240, 240, 440, 560, 560, 60, 60, 310, 80, 310, 80, 290, 290, 280, 280, 280, 280, 1390, 1390, 1080, 3500, 3500, 100, 100, 370, 370, 370, 370, 280, 280, 1080, 1080, 360, 360, 560, 560, 80, 80]"
2020-10-26 21:10:00+00:00,75580,0,140.0,"[320, 320, 130, 120, 120, 130, 100, 100, 930, 930, 340, 340, 470, 470, 500, 500, 590, 590, 120, 120, 720, 720, 580, 580, 200, 200, 370, 370, 1190, 1190, 650, 650, 600, 600, 380, 110, 110, 440, 440, 190, 190, 300, 300, 400, 270, 400, 270, 360, 360, 190, 190, 230, 230, 360, 360, 250, 250, 1180, 1180, 6700, 6700, 190, 190, 190, 190, 300, 300, 260, 260, 300, 300, 280, 280, 1590, 1590, 80, 420, 80, 420, 1340, 1340, 190, 190, 1820, 1820, 190, 190, 190, 190, 110, 110, 460, 430, 430, 150, 150, 500, 500, 130, 130, 100, 100, 330, 330, 3670, 3670, 350, 350, 140, 140, 250, 250, 800, 800, 120, 120, 290, 290, 390, 390, 140, 140, 190, 190, 270, 270, 160, 160, 490, 490, 240, 240, 340, 430, 430, 340, 150, 150, 950, 950]"
2020-10-26 21:15:00+00:00,115540,0,129.0,"[360, 360, 140, 140, 2080, 2080, 150, 150, 230, 230, 220, 1860, 1860, 120, 120, 340, 340, 1330, 1330, 480, 480, 10, 10, 480, 480, 230, 230, 100, 100, 50, 50, 140, 140, 680, 680, 540, 540, 250, 250, 1500, 1500, 260, 480, 480, 260, 570, 570, 160, 160, 240, 240, 360, 360, 220, 220, 730, 730, 110, 110, 21940, 21940, 1980, 1980, 220, 220, 200, 200, 220, 220, 1980, 1980, 150, 150, 210, 590, 210, 590, 210, 830, 830, 210, 1020, 1020, 3280, 3280, 30, 30, 300, 300, 110, 110, 1710, 1710, 490, 490, 1280, 1280, 230, 230, 270, 270, 60, 60, 170, 170, 430, 430, 80, 80, 80, 80, 580, 580, 1150, 1150, 420, 420, 500, 500, 1300, 1300, 370, 370, 280, 280, 540, 540, 250, 250]"
2020-10-26 21:20:00+00:00,144270,0,175.0,"[410, 410, 580, 580, 480, 480, 50, 50, 20, 1170, 20, 1170, 160, 160, 210, 210, 170, 170, 1980, 1980, 300, 300, 430, 430, 190, 190, 2820, 2820, 530, 530, 550, 550, 300, 300, 1430, 1430, 110, 110, 150, 150, 140, 140, 80, 120, 120, 80, 460, 460, 540, 540, 120, 120, 1010, 1010, 460, 460, 1200, 1200, 1210, 1210, 140, 140, 70, 370, 70, 370, 710, 50, 710, 50, 1200, 1200, 390, 390, 1380, 1380, 1620, 1620, 440, 440, 2830, 280, 2830, 280, 3850, 3850, 40, 40, 3120, 3120, 150, 150, 440, 440, 390, 390, 770, 770, 140, 140, 690, 690, 140, 140, 320, 320, 40, 40, 200, 200, 2450, 2450, 340, 200, 200, 260, 260, 2050, 2050, 210, 210, 280, 280, 110, 110, 170, 170, 6980, 6980, 240, 240, 1270, 240, 240, 1270, 480, 210, 480, 210, 2540, 2540, 290, 210, 810, 290, 810, 210, 230, 230, 60, 60, 410, 410, 1160, 1160, 860, 860, 360, 360, 380, 380, 1530, 3090, 1250, 3090, 1250, 1180, 1180, 440, 670, 670, 3960, 3960, 1220, 1220]"
2020-10-26 21:25:00+00:00,141950,0,159.0,"[2920, 2920, 810, 810, 80, 80, 3060, 3060, 110, 110, 1370, 1370, 620, 620, 170, 170, 100, 470, 470, 720, 50, 720, 50, 200, 200, 30, 260, 30, 260, 1820, 1820, 50, 50, 10380, 10380, 310, 310, 670, 670, 250, 250, 230, 230, 1650, 1650, 680, 680, 1600, 1600, 1480, 1480, 100, 100, 50, 50, 700, 230, 700, 230, 260, 370, 260, 370, 250, 250, 210, 210, 910, 910, 270, 270, 200, 200, 1840, 1840, 100, 100, 530, 530, 390, 390, 160, 160, 440, 440, 230, 230, 14180, 14180, 310, 310, 430, 430, 110, 110, 140, 4500, 4500, 300, 300, 100, 100, 470, 470, 710, 710, 1190, 1190, 380, 380, 240, 240, 20, 20, 50, 50, 430, 430, 1440, 440, 440, 980, 440, 50, 440, 50, 430, 430, 710, 710, 160, 160, 440, 490, 490, 440, 1360, 1360, 850, 850, 370, 370, 240, 240, 20, 20, 890, 200, 200, 230, 230, 630, 630, 60, 60, 320, 320, 1110, 1110]"
2020-10-26 21:30:00+00:00,185880,0,158.0,"[3490, 230, 3490, 230, 1270, 1270, 540, 540, 1150, 1150, 350, 350, 370, 370, 270, 60, 60, 270, 770, 770, 70, 70, 620, 620, 50, 50, 200, 200, 60, 60, 810, 490, 810, 490, 1220, 1220, 0, 800, 800, 360, 360, 1090, 1090, 60, 80, 80, 60, 210, 210, 240, 240, 580, 580, 30, 30, 13140, 2090, 13140, 2090, 390, 390, 70, 70, 60, 60, 1050, 1050, 3320, 3320, 110, 110, 640, 640, 120, 120, 340, 340, 340, 120, 340, 120, 150, 150, 150, 150, 240, 240, 410, 410, 510, 510, 200, 200, 130, 130, 1700, 1700, 2170, 2170, 320, 180, 180, 240, 240, 3830, 3830, 1740, 1740, 830, 830, 630, 630, 1200, 1200, 280, 280, 4390, 4390, 130, 130, 860, 860, 40, 40, 120, 120, 1240, 1240, 60, 60, 4510, 4510, 530, 530, 80, 21810, 840, 80, 21810, 840, 990, 990, 140, 140, 520, 520, 1880, 1880, 500, 500, 600, 600, 1030, 1030, 320, 340, 340, 320]"
2020-10-26 21:35:00+00:00,118870,0,144.0,"[240, 240, 480, 480, 670, 670, 4510, 4510, 80, 80, 200, 200, 210, 210, 100, 100, 120, 120, 30, 30, 200, 200, 640, 640, 360, 360, 460, 460, 140, 140, 170, 170, 240, 240, 90, 90, 970, 1160, 970, 1160, 480, 390, 390, 480, 4510, 4510, 800, 800, 390, 390, 920, 920, 520, 520, 380, 380, 210, 210, 770, 770, 150, 150, 1600, 160, 160, 390, 390, 180, 180, 40, 40, 340, 340, 2340, 2340, 1220, 1220, 290, 290, 720, 720, 1310, 1310, 9030, 9030, 420, 420, 470, 470, 600, 600, 630, 630, 1360, 1360, 1360, 1360, 40, 40, 180, 180, 40, 40, 240, 240, 380, 380, 540, 540, 1110, 1110, 1970, 270, 1970, 270, 560, 1160, 1160, 560, 230, 810, 810, 400, 400, 540, 540, 600, 600, 200, 200, 50, 50, 1070, 1070, 2960, 2960, 300, 300, 560, 560, 2790, 2790, 300, 300]"
2020-10-26 21:40:00+00:00,112950,0,143.0,"[20, 20, 770, 770, 140, 140, 340, 340, 360, 360, 80, 80, 1930, 1930, 550, 550, 930, 170, 170, 930, 1300, 1300, 340, 340, 4040, 4040, 1300, 1300, 350, 350, 240, 240, 280, 280, 220, 220, 440, 440, 1490, 780, 1490, 780, 750, 750, 330, 320, 320, 300, 300, 560, 560, 300, 180, 180, 300, 2410, 2410, 290, 290, 620, 620, 810, 810, 180, 180, 70, 70, 290, 290, 200, 200, 640, 640, 240, 300, 60, 240, 60, 300, 700, 700, 1070, 1070, 1820, 1820, 2610, 2610, 1560, 1560, 790, 790, 880, 880, 510, 510, 660, 660, 150, 150, 1190, 1190, 610, 610, 600, 600, 390, 390, 1950, 680, 680, 1950, 750, 750, 350, 440, 350, 440, 130, 130, 660, 660, 640, 640, 640, 640, 480, 480, 930, 550, 180, 70, 930, 550, 70, 180, 9270, 9270, 70, 70, 340, 340, 50, 50]"
2020-10-26 21:45:00+00:00,105650,0,167.0,"[100, 570, 570, 100, 310, 310, 110, 110, 160, 890, 890, 420, 420, 220, 220, 980, 980, 220, 220, 190, 190, 280, 280, 250, 250, 410, 410, 470, 410, 410, 470, 150, 150, 60, 60, 140, 140, 470, 470, 280, 280, 1790, 1790, 560, 560, 440, 440, 420, 420, 610, 610, 210, 210, 300, 300, 290, 210, 290, 210, 20, 20, 290, 80, 80, 290, 460, 460, 220, 220, 710, 710, 140, 180, 180, 270, 270, 1030, 1030, 12120, 12120, 400, 400, 190, 190, 270, 270, 480, 480, 1180, 1180, 70, 70, 860, 180, 860, 180, 140, 140, 220, 220, 220, 220, 1160, 1160, 340, 1360, 340, 1360, 290, 260, 260, 80, 130, 130, 80, 0, 0, 1390, 1390, 510, 510, 430, 430, 500, 500, 400, 400, 200, 200, 510, 510, 660, 660, 390, 390, 430, 430, 350, 350, 30, 280, 280, 30, 90, 90, 520, 520, 290, 1680, 1680, 290, 90, 90, 1510, 1510, 3780, 420, 420, 3780, 670, 670, 1360, 1360, 1120, 1120, 240, 240]"
2020-10-26 21:50:00+00:00,97920,0,175.0,"[700, 700, 110, 110, 100, 1130, 1130, 100, 250, 80, 250, 320, 320, 670, 670, 190, 190, 160, 140, 200, 140, 200, 4200, 4200, 490, 490, 90, 90, 610, 610, 380, 380, 1670, 1670, 90, 90, 300, 300, 520, 520, 830, 830, 1310, 1310, 30, 30, 70, 70, 50, 50, 110, 110, 390, 140, 140, 390, 460, 460, 1160, 1160, 320, 320, 400, 400, 130, 130, 600, 430, 430, 600, 140, 140, 990, 990, 50, 50, 340, 340, 20, 20, 370, 370, 480, 480, 240, 240, 1140, 1140, 110, 110, 340, 340, 320, 320, 90, 90, 530, 530, 620, 620, 320, 320, 1370, 1370, 200, 200, 30, 30, 180, 180, 90, 90, 450, 450, 220, 220, 4540, 4540, 400, 400, 920, 920, 60, 60, 450, 450, 830, 830, 180, 60, 180, 30, 30, 380, 380, 540, 540, 620, 620, 60, 60, 5880, 5880, 620, 620, 170, 170, 220, 220, 350, 350, 330, 330, 280, 280, 60, 530, 530, 60, 400, 400, 1760, 1760, 390, 390, 440, 440, 180, 180, 190, 1150, 50, 50, 240, 240]"
2020-10-26 21:55:00+00:00,65720,0,130.0,"[220, 220, 180, 180, 300, 300, 360, 200, 360, 200, 290, 290, 310, 310, 110, 490, 110, 490, 300, 300, 280, 170, 280, 170, 3250, 3250, 1840, 1840, 1540, 1540, 420, 420, 220, 220, 340, 340, 320, 320, 20, 20, 160, 160, 550, 550, 200, 200, 300, 300, 640, 640, 80, 80, 460, 460, 440, 440, 450, 450, 150, 150, 170, 3250, 170, 3250, 240, 240, 240, 650, 240, 650, 40, 40, 670, 670, 80, 80, 40, 40, 340, 340, 530, 530, 170, 170, 230, 230, 240, 240, 560, 560, 460, 460, 2130, 2130, 1920, 80, 1920, 80, 30, 470, 170, 170, 540, 540, 200, 200, 550, 550, 110, 110, 770, 770, 650, 650, 420, 420, 560, 560, 120, 120, 500, 30, 500, 30, 610, 610, 340, 340, 410, 410]"
2020-10-26 22:00:00+00:00,75760,0,133.0,"[2050, 2050, 640, 640, 2050, 2050, 50, 50, 400, 400, 170, 170, 150, 1630, 150, 1630, 1020, 1020, 550, 550, 140, 140, 290, 290, 140, 140, 750, 750, 80, 80, 750, 290, 750, 290, 240, 240, 280, 280, 570, 570, 490, 490, 520, 520, 430, 140, 140, 430, 410, 410, 200, 200, 530, 530, 440, 440, 600, 600, 520, 520, 260, 260, 350, 120, 120, 350, 620, 620, 1220, 1220, 720, 720, 560, 560, 650, 650, 360, 360, 160, 160, 1110, 1110, 1260, 1260, 2150, 2150, 340, 340, 270, 270, 1000, 1000, 160, 80, 80, 230, 230, 420, 420, 80, 80, 260, 260, 150, 150, 150, 150, 960, 960, 780, 780, 2150, 2150, 1010, 1010, 620, 620, 980, 980, 620, 620, 50, 50, 210, 210, 500, 500, 80, 80, 160, 160, 640, 640]"
2020-10-26 22:05:00+00:00,111860,0,162.0,"[320, 320, 330, 330, 1310, 2050, 1310, 2050, 160, 160, 530, 530, 1660, 1660, 430, 360, 360, 680, 680, 430, 430, 190, 190, 420, 420, 470, 470, 760, 760, 90, 90, 410, 410, 430, 160, 160, 60, 60, 460, 460, 630, 630, 130, 130, 620, 310, 310, 620, 4580, 4580, 640, 640, 180, 180, 30, 30, 210, 210, 20, 20, 360, 360, 1520, 1520, 270, 270, 570, 570, 930, 930, 1750, 1750, 800, 800, 620, 620, 130, 130, 220, 240, 240, 220, 450, 450, 410, 410, 60, 60, 280, 280, 190, 740, 740, 190, 1220, 1220, 440, 440, 380, 380, 740, 740, 230, 230, 130, 130, 370, 370, 220, 220, 520, 520, 60, 60, 800, 800, 330, 330, 60, 80, 80, 60, 260, 260, 220, 220, 390, 390, 380, 380, 180, 1140, 180, 1140, 130, 130, 2830, 2830, 640, 640, 4250, 4250, 340, 340, 840, 680, 840, 680, 2770, 2770, 80, 80, 1910, 1910, 370, 370, 2060, 2060, 400, 2310, 2310, 400]"
2020-10-26 22:10:00+00:00,84230,0,129.0,"[220, 220, 770, 770, 120, 120, 6290, 6290, 600, 600, 210, 210, 830, 830, 900, 900, 40, 40, 100, 4660, 4660, 100, 340, 340, 280, 280, 710, 120, 710, 120, 70, 70, 60, 60, 340, 340, 480, 50, 480, 50, 380, 380, 30, 30, 110, 110, 430, 390, 420, 420, 430, 390, 240, 1170, 240, 1170, 710, 710, 190, 190, 130, 130, 670, 670, 540, 540, 640, 640, 370, 370, 600, 600, 400, 400, 1110, 2330, 2330, 100, 100, 140, 140, 170, 170, 320, 320, 260, 260, 1250, 1250, 780, 260, 780, 260, 400, 400, 380, 380, 1380, 1380, 1330, 4080, 1330, 4080, 460, 460, 90, 90, 10, 10, 40, 40, 160, 160, 930, 930, 390, 390, 240, 240, 440, 440, 60, 60, 80, 80, 790, 790, 80, 80]"
2020-10-26 22:15:00+00:00,172660,0,170.0,"[640, 640, 150, 240, 240, 30, 30, 170, 170, 220, 220, 80, 80, 210, 210, 380, 380, 180, 180, 200, 200, 210, 210, 320, 320, 1100, 1100, 160, 160, 460, 460, 110, 550, 110, 550, 230, 230, 120, 120, 470, 470, 390, 390, 3240, 3240, 170, 1110, 170, 1110, 340, 340, 130, 130, 1100, 1100, 2420, 2420, 270, 270, 350, 350, 300, 300, 460, 460, 460, 460, 240, 240, 50, 50, 1270, 1270, 1080, 1080, 60, 60, 300, 300, 290, 1340, 290, 1340, 670, 670, 200, 200, 8430, 750, 360, 360, 650, 650, 400, 400, 1120, 1120, 250, 250, 160, 160, 640, 640, 2090, 2090, 430, 430, 140, 140, 3300, 800, 800, 3300, 380, 1750, 1750, 380, 750, 750, 200, 200, 3790, 3790, 2040, 2040, 180, 180, 820, 820, 1040, 1040, 120, 120, 26090, 26090, 190, 190, 730, 730, 400, 400, 140, 140, 90, 40, 40, 820, 820, 520, 520, 170, 170, 380, 380, 2770, 2770, 1650, 1650, 1020, 1020, 490, 490, 1050, 1050, 1000, 1000, 350, 350, 80, 80]"
2020-10-26 22:20:00+00:00,115120,0,183.0,"[180, 180, 210, 210, 80, 80, 390, 390, 780, 530, 1100, 1100, 530, 1000, 1000, 1850, 1850, 510, 510, 60, 60, 2070, 2070, 1570, 1570, 2610, 2610, 700, 700, 10, 10, 460, 460, 310, 310, 100, 130, 100, 130, 190, 190, 500, 500, 210, 210, 160, 160, 190, 190, 70, 70, 10, 10, 110, 110, 60, 60, 1280, 1280, 160, 160, 170, 170, 740, 740, 590, 590, 1560, 230, 230, 1560, 420, 420, 510, 510, 3300, 3300, 60, 60, 350, 130, 350, 130, 500, 500, 260, 260, 530, 530, 820, 820, 2820, 2820, 420, 420, 630, 630, 150, 150, 1330, 1330, 400, 400, 240, 240, 480, 320, 480, 320, 300, 300, 880, 880, 40, 40, 1320, 1320, 770, 770, 190, 190, 0, 0, 5560, 570, 50, 50, 5560, 570, 220, 220, 380, 380, 370, 370, 220, 220, 1120, 1120, 140, 140, 200, 140, 140, 200, 470, 470, 40, 40, 250, 250, 660, 660, 540, 540, 40, 40, 210, 210, 450, 1340, 450, 1340, 70, 70, 70, 70, 410, 410, 90, 90, 4300, 4300, 1160, 1160, 120, 120, 120, 120, 370, 370, 220, 220]"
2020-10-26 22:25:00+00:00,110800,0,150.0,"[690, 690, 260, 60, 60, 260, 1140, 1140, 270, 390, 390, 270, 110, 110, 630, 630, 270, 270, 290, 290, 220, 220, 520, 500, 500, 520, 2470, 2470, 260, 260, 220, 220, 1140, 1140, 140, 1850, 1850, 140, 2640, 840, 840, 800, 800, 630, 340, 630, 340, 1660, 1660, 140, 140, 840, 840, 190, 190, 640, 640, 740, 740, 380, 380, 720, 720, 1700, 1700, 16210, 16210, 300, 300, 390, 390, 200, 200, 20, 20, 160, 160, 110, 110, 1070, 1070, 140, 140, 70, 70, 110, 10, 110, 10, 690, 690, 420, 420, 130, 130, 630, 630, 160, 40, 160, 220, 220, 10, 10, 930, 930, 1040, 1040, 130, 130, 100, 100, 320, 320, 900, 900, 670, 670, 210, 210, 960, 960, 220, 220, 780, 780, 670, 670, 80, 80, 260, 260, 560, 2010, 560, 2010, 10, 10, 1200, 1200, 120, 120, 180, 180, 340, 340, 10, 10, 260, 260]"
2020-10-26 22:30:00+00:00,87340,0,123.0,"[590, 10, 590, 10, 550, 550, 1060, 330, 330, 1060, 260, 260, 300, 300, 100, 100, 120, 120, 580, 580, 200, 200, 360, 360, 180, 180, 1690, 1690, 1150, 1150, 170, 170, 1300, 1300, 180, 180, 380, 380, 330, 330, 520, 520, 730, 730, 210, 210, 4800, 270, 4800, 270, 540, 540, 620, 620, 310, 310, 140, 140, 520, 520, 150, 150, 600, 600, 170, 170, 380, 380, 700, 700, 1430, 1430, 450, 450, 220, 220, 460, 790, 790, 690, 690, 350, 350, 340, 340, 590, 360, 590, 360, 3560, 3560, 2400, 620, 620, 2400, 2390, 2390, 230, 230, 200, 200, 170, 780, 170, 780, 100, 280, 100, 280, 220, 220, 1270, 1270, 2480, 2480, 400, 400, 1360, 1360, 490, 490, 770, 770]"
2020-10-26 22:35:00+00:00,72700,0,147.0,"[1050, 1050, 350, 350, 290, 290, 70, 70, 250, 250, 510, 510, 550, 550, 370, 370, 2730, 2730, 850, 850, 770, 770, 820, 740, 740, 1600, 1600, 100, 80, 100, 80, 740, 390, 740, 390, 690, 690, 1040, 1040, 120, 120, 700, 700, 140, 140, 680, 680, 10, 780, 10, 780, 200, 200, 540, 280, 540, 280, 550, 550, 10, 10, 80, 380, 80, 380, 310, 310, 540, 540, 540, 540, 330, 350, 350, 330, 310, 310, 780, 780, 310, 310, 460, 460, 410, 410, 160, 460, 160, 460, 160, 570, 160, 570, 2040, 2040, 360, 360, 240, 490, 240, 490, 240, 240, 330, 330, 140, 140, 110, 110, 1240, 1240, 170, 170, 0, 860, 860, 330, 330, 620, 910, 910, 140, 140, 320, 320, 210, 210, 370, 370, 460, 460, 410, 410, 120, 120, 100, 100, 550, 550, 220, 220, 840, 840, 470, 470, 630, 630]"
2020-10-26 22:40:00+00:00,72280,0,131.0,"[240, 30, 30, 240, 150, 150, 80, 80, 800, 800, 690, 640, 690, 640, 950, 950, 400, 400, 230, 230, 430, 1850, 1850, 430, 300, 300, 390, 390, 810, 810, 1340, 1340, 220, 220, 220, 220, 640, 640, 300, 380, 380, 300, 210, 210, 260, 260, 350, 350, 30, 30, 3460, 3460, 200, 200, 450, 450, 30, 30, 180, 180, 90, 90, 480, 480, 1810, 1810, 160, 160, 200, 200, 100, 100, 330, 420, 330, 270, 270, 610, 610, 180, 180, 180, 180, 60, 60, 10, 10, 400, 400, 400, 400, 350, 350, 300, 300, 90, 90, 160, 160, 440, 4720, 440, 4720, 480, 480, 240, 240, 1210, 1210, 370, 10, 10, 500, 500, 560, 560, 150, 150, 330, 330, 80, 80, 3370, 3370, 150, 480, 260, 480, 260, 400, 400]"
2020-10-26 22:45:00+00:00,117430,0,143.0,"[80, 80, 240, 240, 120, 120, 150, 150, 350, 350, 170, 170, 320, 320, 200, 200, 660, 660, 410, 1830, 1830, 410, 20, 20, 280, 280, 1110, 1110, 880, 110, 880, 110, 180, 940, 180, 940, 1060, 1060, 3460, 3460, 650, 650, 280, 280, 990, 990, 210, 210, 400, 400, 1190, 1190, 18790, 18790, 680, 680, 750, 750, 230, 350, 350, 230, 420, 420, 480, 480, 300, 300, 790, 790, 520, 630, 520, 630, 320, 320, 620, 620, 170, 170, 410, 410, 90, 90, 190, 190, 300, 300, 170, 170, 30, 30, 1080, 1080, 120, 360, 120, 360, 430, 430, 1320, 1320, 170, 170, 590, 590, 970, 970, 270, 270, 740, 740, 320, 320, 380, 380, 230, 230, 170, 130, 170, 140, 140, 200, 200, 0, 0, 200, 200, 1190, 1190, 490, 490, 90, 710, 710, 90, 1400, 1400, 850, 850, 3700, 3700]"
2020-10-26 22:50:00+00:00,79260,0,133.0,"[300, 300, 160, 160, 650, 650, 70, 70, 250, 250, 1000, 1000, 180, 180, 770, 770, 730, 730, 430, 430, 840, 840, 240, 240, 630, 630, 1300, 1300, 320, 320, 860, 860, 160, 160, 60, 60, 560, 560, 330, 440, 330, 440, 330, 330, 800, 800, 340, 340, 1350, 1350, 90, 90, 60, 60, 1100, 1120, 1120, 1100, 400, 400, 130, 130, 360, 360, 20, 20, 800, 800, 630, 630, 430, 2190, 140, 140, 730, 730, 410, 410, 520, 520, 590, 590, 150, 5170, 150, 190, 110, 190, 110, 2150, 2150, 200, 200, 400, 840, 400, 840, 470, 470, 3070, 3070, 130, 130, 260, 390, 390, 130, 1380, 1380, 100, 100, 770, 770, 980, 980, 260, 260, 170, 170, 590, 50, 590, 50, 130, 130, 1880, 1880, 90, 90, 450, 450, 390, 390]"
2020-10-26 22:55:00+00:00,97550,0,160.0,"[460, 460, 300, 300, 490, 490, 600, 600, 720, 720, 2790, 370, 370, 470, 470, 1240, 1240, 100, 100, 230, 230, 540, 540, 1130, 1130, 230, 230, 70, 70, 330, 250, 330, 250, 840, 840, 220, 220, 130, 570, 570, 270, 270, 690, 320, 660, 690, 320, 180, 660, 180, 340, 510, 340, 510, 640, 640, 210, 210, 320, 320, 790, 790, 1440, 1440, 570, 570, 230, 230, 750, 750, 570, 570, 530, 470, 530, 470, 300, 300, 3300, 3300, 350, 350, 230, 230, 380, 710, 710, 380, 220, 220, 150, 150, 120, 120, 230, 230, 280, 280, 630, 630, 560, 560, 260, 260, 600, 600, 90, 90, 170, 170, 600, 600, 940, 360, 940, 360, 210, 210, 400, 400, 940, 5010, 940, 20, 20, 550, 1590, 1130, 1590, 1130, 550, 900, 900, 40, 40, 1500, 1500, 210, 780, 780, 210, 920, 920, 1820, 1740, 1740, 230, 230, 280, 90, 280, 90, 330, 330, 660, 660, 270, 270, 1980, 1980]"
2020-10-26 23:00:00+00:00,95650,0,156.0,"[630, 630, 100, 100, 420, 420, 100, 100, 150, 150, 290, 290, 120, 120, 110, 110, 500, 500, 130, 130, 190, 190, 1070, 1070, 450, 150, 450, 150, 250, 250, 90, 90, 1240, 1240, 190, 190, 220, 220, 550, 550, 720, 310, 310, 720, 30, 700, 700, 30, 230, 230, 160, 160, 90, 90, 140, 140, 190, 190, 180, 180, 190, 190, 40, 40, 650, 650, 420, 420, 130, 130, 1620, 1620, 1830, 1830, 660, 660, 960, 960, 270, 270, 240, 240, 190, 190, 180, 180, 1830, 510, 1830, 510, 680, 680, 190, 190, 300, 350, 300, 350, 230, 230, 210, 210, 1770, 1770, 1480, 1480, 1610, 1610, 160, 160, 1040, 1040, 520, 520, 20, 20, 360, 360, 60, 420, 420, 560, 560, 610, 450, 450, 610, 590, 590, 260, 260, 7840, 7840, 510, 510, 450, 450, 600, 130, 130, 600, 270, 270, 670, 670, 270, 270, 180, 180, 140, 140, 110, 110, 30, 30]"
2020-10-26 23:05:00+00:00,97100,0,157.0,"[350, 350, 170, 170, 3740, 380, 380, 190, 190, 140, 140, 360, 360, 540, 540, 70, 70, 520, 2070, 520, 2070, 250, 250, 500, 500, 270, 270, 440, 440, 470, 470, 160, 160, 180, 180, 670, 670, 1980, 1980, 760, 760, 140, 140, 1090, 1090, 340, 340, 1060, 1060, 260, 260, 260, 260, 380, 150, 380, 150, 590, 590, 580, 580, 480, 480, 500, 500, 390, 390, 190, 190, 170, 170, 810, 810, 150, 150, 40, 40, 400, 400, 3130, 3130, 510, 510, 350, 350, 220, 220, 400, 400, 160, 160, 50, 50, 440, 620, 440, 620, 200, 200, 260, 260, 840, 840, 200, 200, 130, 130, 550, 550, 110, 110, 410, 250, 410, 250, 560, 560, 480, 480, 3620, 80, 80, 3620, 1990, 1990, 460, 460, 100, 100, 920, 920, 50, 50, 140, 140, 300, 300, 940, 940, 220, 220, 570, 570, 20, 20, 2070, 2070, 580, 580, 140, 140, 1040, 1040, 4740, 4740, 380, 380]"
2020-10-26 23:10:00+00:00,108670,0,172.0,"[50, 50, 160, 700, 160, 700, 1200, 1200, 260, 260, 1990, 2130, 1990, 2130, 940, 940, 180, 180, 220, 220, 160, 160, 1180, 0, 1180, 0, 630, 570, 300, 630, 300, 570, 220, 220, 210, 210, 480, 480, 1280, 1280, 180, 50, 180, 50, 580, 580, 1470, 1470, 60, 60, 440, 440, 1240, 270, 270, 1240, 80, 80, 340, 340, 90, 90, 160, 160, 80, 80, 390, 390, 5450, 5450, 490, 490, 160, 160, 510, 510, 380, 380, 270, 270, 1480, 1480, 260, 260, 150, 150, 110, 110, 1450, 1450, 750, 750, 160, 270, 160, 240, 290, 240, 290, 140, 140, 640, 640, 420, 420, 1710, 1710, 230, 230, 610, 940, 940, 610, 140, 280, 140, 280, 70, 70, 6520, 40, 40, 360, 360, 940, 940, 750, 750, 1350, 1350, 330, 330, 560, 560, 1190, 1190, 160, 160, 190, 190, 470, 470, 490, 490, 20, 20, 400, 400, 830, 830, 520, 520, 150, 150, 210, 210, 2170, 480, 2170, 480, 680, 680, 380, 940, 380, 940, 420, 420, 1060, 1060, 230, 230]"
2020-10-26 23:15:00+00:00,71930,0,139.0,"[410, 410, 500, 500, 60, 60, 2170, 2170, 330, 330, 380, 380, 660, 660, 550, 550, 1790, 1790, 300, 300, 1190, 1190, 440, 440, 60, 60, 780, 780, 330, 330, 70, 70, 440, 440, 460, 460, 800, 800, 10, 10, 120, 120, 230, 230, 270, 270, 1350, 1350, 920, 920, 50, 50, 20, 20, 170, 170, 680, 680, 120, 120, 90, 90, 140, 140, 420, 660, 420, 660, 90, 90, 450, 240, 240, 450, 4270, 4270, 30, 30, 130, 130, 490, 490, 600, 360, 360, 600, 230, 230, 4220, 4220, 400, 400, 140, 140, 900, 900, 0, 0, 150, 150, 20, 20, 20, 20, 460, 460, 220, 220, 210, 210, 150, 150, 160, 160, 190, 200, 200, 710, 710, 330, 330, 550, 550, 120, 480, 480, 120, 50, 50, 1220, 1220, 140, 140, 290, 290, 760, 110, 110, 760]"
2020-10-26 23:20:00+00:00,150000,0,144.0,"[140, 140, 200, 260, 260, 200, 80, 80, 2200, 2200, 50, 50, 280, 280, 210, 210, 220, 220, 450, 1700, 450, 1700, 220, 220, 1460, 1460, 550, 550, 380, 380, 240, 240, 940, 940, 20, 20, 490, 490, 430, 430, 20, 20, 450, 450, 240, 240, 200, 200, 340, 340, 400, 60, 60, 400, 560, 560, 1040, 1040, 110, 110, 340, 340, 390, 690, 390, 690, 410, 410, 680, 680, 590, 590, 120, 120, 290, 290, 540, 540, 310, 310, 70, 70, 80, 80, 60, 60, 400, 400, 800, 800, 430, 430, 210, 210, 37210, 80, 80, 37210, 1230, 1230, 170, 170, 50, 50, 150, 150, 190, 190, 720, 720, 120, 120, 2520, 2520, 20, 20, 120, 1560, 190, 1560, 120, 190, 160, 160, 30, 30, 370, 370, 640, 640, 1260, 1260, 2700, 2700, 250, 250, 250, 250, 340, 340, 3770, 3770, 550, 550]"
2020-10-26 23:25:00+00:00,101720,0,160.0,"[120, 120, 60, 360, 60, 360, 570, 570, 140, 140, 1140, 1140, 480, 90, 90, 480, 30, 30, 240, 240, 1260, 1260, 2150, 2150, 80, 80, 140, 140, 220, 220, 320, 320, 340, 340, 4980, 4980, 570, 570, 2780, 2780, 260, 260, 210, 210, 480, 480, 600, 230, 1310, 600, 230, 1310, 400, 400, 220, 220, 200, 200, 380, 380, 220, 220, 140, 140, 200, 200, 350, 350, 1210, 1210, 560, 560, 380, 380, 560, 560, 200, 200, 230, 230, 210, 210, 80, 80, 170, 170, 70, 70, 960, 960, 20, 20, 200, 200, 1260, 1260, 2860, 2860, 130, 130, 470, 470, 310, 310, 120, 120, 500, 500, 30, 30, 290, 290, 840, 840, 320, 590, 320, 590, 270, 270, 340, 340, 40, 40, 260, 260, 510, 510, 1470, 1470, 680, 680, 480, 310, 480, 310, 760, 760, 4150, 4150, 280, 280, 330, 330, 1480, 90, 1480, 90, 3840, 3840, 140, 140, 340, 340, 200, 200, 930, 930, 120, 120]"
2020-10-26 23:30:00+00:00,111100,0,181.0,"[850, 850, 2230, 2230, 20, 20, 2330, 2330, 160, 160, 160, 160, 700, 700, 40, 40, 850, 850, 30, 30, 2020, 2020, 150, 150, 880, 880, 350, 350, 260, 260, 430, 1860, 430, 1860, 140, 140, 260, 140, 140, 1490, 1490, 260, 260, 1210, 1210, 20, 20, 230, 230, 30, 30, 210, 210, 710, 710, 540, 540, 1490, 1490, 380, 380, 710, 710, 460, 460, 110, 110, 0, 0, 110, 110, 1040, 270, 1040, 270, 310, 310, 110, 110, 450, 450, 200, 200, 360, 360, 760, 760, 180, 180, 550, 1300, 550, 1300, 360, 360, 20, 20, 340, 340, 420, 420, 380, 380, 440, 440, 1300, 1300, 130, 60, 60, 130, 40, 80, 80, 40, 110, 110, 1390, 1390, 3970, 3970, 180, 180, 70, 70, 320, 320, 960, 960, 1250, 1250, 1880, 1880, 100, 100, 2720, 170, 170, 2720, 320, 320, 50, 50, 400, 400, 920, 920, 350, 350, 480, 480, 340, 340, 160, 160, 3710, 3710, 580, 580, 480, 480, 940, 940, 240, 170, 240, 170, 790, 790, 480, 480, 70, 70, 130, 150, 150, 130, 80, 80, 800, 800]"
2020-10-26 23:35:00+00:00,92540,0,154.0,"[180, 180, 310, 310, 130, 130, 6770, 6770, 360, 360, 300, 300, 550, 550, 1360, 1360, 450, 450, 210, 180, 180, 210, 4220, 4220, 410, 410, 250, 250, 550, 550, 700, 700, 790, 790, 550, 550, 2130, 2130, 180, 180, 130, 130, 280, 280, 140, 140, 1460, 1460, 370, 370, 270, 150, 150, 270, 90, 90, 940, 940, 350, 350, 140, 140, 110, 720, 720, 110, 660, 660, 390, 390, 650, 650, 320, 320, 50, 50, 480, 480, 230, 230, 220, 220, 150, 150, 160, 160, 230, 230, 1100, 1100, 820, 820, 130, 130, 540, 520, 540, 520, 260, 260, 240, 240, 750, 750, 380, 660, 380, 660, 120, 120, 330, 330, 500, 500, 100, 100, 100, 100, 950, 950, 340, 340, 1500, 1500, 340, 340, 50, 50, 250, 250, 650, 650, 490, 490, 1090, 1090, 1110, 1110, 440, 440, 1700, 1700, 110, 110, 190, 190, 160, 160, 230, 230, 540, 540, 310, 310]"
2020-10-26 23:40:00+00:00,90020,0,132.0,"[90, 90, 450, 450, 730, 730, 160, 160, 220, 220, 310, 310, 30, 30, 260, 260, 340, 340, 690, 690, 980, 310, 310, 980, 240, 240, 1540, 330, 330, 1540, 520, 520, 260, 260, 630, 630, 350, 350, 150, 150, 200, 200, 130, 130, 410, 40, 410, 40, 590, 590, 4760, 4760, 300, 300, 760, 760, 630, 530, 630, 530, 720, 720, 1180, 1180, 300, 300, 80, 80, 610, 610, 830, 830, 100, 100, 370, 370, 660, 660, 3080, 280, 470, 280, 470, 440, 440, 300, 300, 250, 250, 40, 40, 780, 780, 460, 140, 140, 370, 370, 290, 290, 0, 0, 300, 300, 390, 390, 600, 600, 70, 70, 80, 80, 240, 240, 970, 970, 740, 740, 320, 320, 12660, 12660, 120, 120, 650, 650, 260, 260, 440, 440, 250, 250]"
2020-10-26 23:45:00+00:00,143670,0,148.0,"[110, 110, 40, 40, 780, 780, 120, 120, 260, 260, 1330, 620, 1330, 620, 420, 420, 420, 420, 40, 40, 910, 910, 80, 80, 360, 360, 40, 40, 4250, 4250, 10, 10, 180, 180, 1780, 1780, 280, 280, 150, 150, 4330, 180, 1690, 180, 1690, 790, 790, 130, 130, 160, 160, 360, 360, 170, 170, 5380, 200, 5380, 200, 480, 480, 10300, 10300, 80, 80, 530, 530, 330, 330, 1290, 960, 960, 10300, 10300, 90, 90, 210, 210, 180, 180, 260, 260, 560, 560, 1180, 1180, 660, 160, 160, 550, 550, 410, 230, 1080, 230, 1080, 290, 290, 1250, 1250, 170, 170, 240, 240, 110, 110, 1140, 1140, 220, 340, 340, 240, 140, 140, 240, 650, 650, 30, 30, 360, 360, 70, 70, 500, 500, 130, 260, 130, 260, 700, 700, 430, 430, 3120, 3120, 500, 500, 350, 350, 1760, 1760, 110, 110, 140, 140, 1260, 1260]"
2020-10-26 23:50:00+00:00,118530,2,145.0,"[160, 160, 150, 150, 580, 580, 1900, 1900, 660, 660, 150, 150, 340, 340, 230, 230, 100, 300, 300, 2150, 2150, 90, 140, 160, 140, 160, 90, 310, 960, 310, 960, 760, 760, 180, 180, 140, 1060, 140, 1060, 140, 140, 400, 400, 1580, 1580, 960, 960, 210, 210, 220, 220, 610, 610, 270, 270, 300, 300, 320, 320, 190, 190, 760, 760, 220, 220, 40, 40, 460, 460, 350, 350, 30, 30, 440, 100, 440, 100, 220, 220, 790, 790, 10, 10, 540, 540, 80, 80, 2380, 2380, 350, 350, 130, 1140, 1290, 1290, 500, 500, 190, 190, 720, 2620, 720, 2620, 160, 720, 720, 230, 230, 260, 260, 2540, 2540, 580, 290, 460, 90, 90, 460, 580, 290, 14630, 14630, 1410, 1410, 220, 220, 140, 140, 1070, 1070, 460, 460, 310, 310, 390, 390, 360, 360, 30, 30, 850, 380, 850, 380]"
2020-10-26 23:55:00+00:00,90580,0,139.0,"[170, 170, 1430, 1430, 570, 570, 540, 540, 230, 230, 130, 130, 470, 470, 540, 540, 190, 190, 320, 320, 190, 190, 420, 420, 200, 200, 180, 180, 130, 130, 280, 280, 80, 80, 240, 240, 730, 730, 1600, 1600, 10, 10, 7870, 7870, 430, 430, 270, 270, 490, 490, 90, 90, 460, 520, 520, 460, 220, 220, 330, 330, 430, 130, 430, 130, 70, 70, 200, 200, 1690, 1690, 480, 480, 1000, 1000, 310, 310, 260, 260, 260, 260, 50, 50, 250, 250, 1240, 1240, 60, 60, 220, 220, 170, 170, 40, 40, 130, 130, 260, 260, 300, 300, 300, 300, 80, 80, 180, 180, 3480, 3480, 20, 400, 400, 270, 270, 7630, 7630, 220, 220, 400, 400, 110, 110, 120, 120, 520, 520, 420, 420, 500, 500, 460, 460, 980, 980, 830, 830, 1010, 1010, 490, 490]"
2020-10-27 00:00:00+00:00,184120,0,173.0,"[70, 5650, 70, 5650, 850, 850, 170, 170, 1720, 1720, 120, 350, 350, 100, 100, 1320, 1320, 150, 150, 5650, 1220, 5650, 1220, 1670, 350, 1670, 350, 120, 120, 260, 260, 250, 250, 350, 350, 800, 800, 30, 30, 230, 230, 60, 60, 150, 150, 330, 330, 290, 290, 220, 220, 4500, 4500, 2360, 2360, 210, 210, 210, 210, 400, 400, 1280, 1280, 1320, 1320, 220, 220, 1880, 300, 300, 260, 260, 1940, 1940, 1190, 1190, 2980, 2980, 2660, 2660, 560, 560, 350, 350, 80, 80, 4070, 4070, 560, 560, 310, 310, 390, 390, 400, 400, 520, 520, 890, 890, 410, 410, 360, 40, 360, 40, 380, 380, 2190, 2190, 400, 400, 350, 350, 1250, 1250, 570, 570, 60, 60, 110, 110, 740, 740, 10, 10, 170, 170, 5540, 5540, 1680, 290, 390, 390, 290, 250, 250, 180, 180, 9420, 7180, 7180, 9420, 350, 350, 130, 130, 1770, 1770, 330, 330, 580, 580, 160, 160, 2420, 1680, 600, 600, 2420, 1680, 100, 100, 240, 240, 130, 130, 60, 60, 730, 330, 730, 330]"
2020-10-27 00:05:00+00:00,86380,0,131.0,"[200, 200, 90, 90, 640, 640, 120, 120, 70, 70, 1200, 1200, 480, 480, 110, 110, 120, 120, 390, 360, 360, 7870, 7870, 1010, 1010, 470, 210, 470, 210, 1200, 1200, 210, 210, 160, 160, 1680, 1680, 190, 190, 580, 580, 100, 580, 580, 880, 880, 160, 160, 440, 130, 130, 440, 400, 400, 3790, 350, 350, 1220, 1220, 540, 540, 1300, 1300, 190, 190, 1130, 1130, 1720, 1720, 30, 30, 300, 300, 720, 720, 260, 260, 280, 240, 680, 680, 280, 240, 850, 850, 800, 800, 60, 60, 200, 200, 80, 80, 200, 200, 70, 70, 1920, 1920, 340, 340, 1760, 1760, 510, 510, 440, 440, 110, 110, 110, 110, 370, 370, 30, 30, 880, 880, 210, 210, 530, 530, 300, 300, 530, 530, 1070, 1070, 630, 630, 530, 530]"
2020-10-27 00:10:00+00:00,54600,0,101.0,"[530, 80, 530, 80, 100, 100, 490, 490, 290, 290, 110, 110, 20, 20, 380, 380, 150, 150, 90, 90, 280, 280, 660, 660, 30, 30, 90, 90, 230, 230, 1910, 1910, 990, 990, 2950, 2950, 80, 80, 660, 80, 660, 80, 110, 110, 1280, 50, 1280, 50, 190, 190, 320, 320, 530, 530, 80, 80, 440, 100, 100, 320, 320, 330, 760, 760, 330, 790, 790, 410, 410, 740, 360, 740, 360, 140, 140, 710, 710, 550, 550, 2270, 2270, 630, 630, 360, 360, 80, 80, 130, 130, 160, 160, 2220, 2220, 190, 190, 1030, 1030, 1840, 1840, 200, 200]"
2020-10-27 00:15:00+00:00,109530,0,149.0,"[420, 420, 160, 160, 380, 380, 650, 650, 830, 880, 20, 880, 830, 20, 1620, 1620, 140, 840, 840, 140, 20, 20, 920, 920, 280, 280, 470, 470, 1210, 1210, 110, 110, 2090, 2090, 60, 60, 1010, 1010, 710, 710, 180, 180, 470, 470, 110, 110, 2330, 2330, 620, 620, 130, 840, 840, 260, 260, 1530, 1530, 760, 760, 100, 100, 1110, 1110, 320, 320, 370, 370, 1110, 1110, 220, 220, 260, 260, 20, 20, 560, 560, 500, 500, 610, 610, 170, 170, 110, 110, 140, 140, 390, 390, 440, 440, 3330, 320, 320, 430, 430, 200, 200, 1100, 100, 100, 1100, 290, 290, 200, 200, 210, 210, 350, 350, 160, 160, 1350, 1350, 60, 60, 330, 330, 2030, 2030, 140, 140, 240, 240, 1980, 1980, 1810, 130, 130, 440, 440, 40, 40, 600, 600, 300, 300, 330, 330, 80, 80, 11720, 11720, 2400, 2400, 160, 160, 90, 90]"
2020-10-27 00:20:00+00:00,108180,0,174.0,"[590, 590, 50, 50, 1190, 1190, 1510, 1510, 290, 290, 1300, 1300, 690, 690, 100, 100, 1280, 1280, 910, 910, 450, 450, 600, 600, 4590, 4590, 240, 240, 810, 810, 530, 530, 920, 150, 920, 150, 190, 190, 760, 760, 120, 120, 150, 150, 260, 260, 640, 640, 1230, 1230, 370, 370, 70, 70, 170, 170, 270, 240, 270, 240, 80, 80, 2850, 2850, 80, 80, 860, 860, 520, 520, 120, 120, 680, 680, 220, 220, 280, 280, 1790, 1790, 920, 920, 330, 800, 330, 800, 930, 930, 760, 760, 80, 150, 80, 150, 280, 280, 140, 140, 160, 160, 1600, 1600, 580, 580, 220, 220, 880, 880, 520, 520, 420, 420, 510, 510, 340, 340, 220, 220, 570, 570, 790, 790, 420, 420, 220, 220, 140, 140, 100, 100, 320, 320, 230, 230, 820, 820, 690, 690, 2000, 2000, 1170, 1170, 1220, 1220, 220, 220, 300, 300, 280, 280, 220, 220, 390, 390, 10, 10, 790, 790, 160, 160, 620, 620, 90, 90, 670, 710, 1540, 980, 670, 710, 980, 1540, 430, 430]"
2020-10-27 00:25:00+00:00,102900,0,176.0,"[430, 430, 1080, 1080, 170, 170, 220, 220, 620, 620, 1600, 1600, 1420, 1420, 430, 430, 1530, 150, 1530, 150, 390, 390, 530, 530, 940, 940, 170, 170, 590, 590, 140, 140, 630, 630, 380, 380, 260, 740, 260, 740, 60, 60, 1010, 1010, 220, 220, 480, 480, 240, 240, 330, 330, 50, 50, 3890, 3890, 420, 420, 330, 330, 80, 100, 80, 100, 140, 140, 790, 790, 600, 600, 340, 340, 550, 550, 1070, 400, 400, 1070, 170, 170, 1860, 1860, 310, 310, 470, 470, 850, 850, 390, 390, 20, 20, 840, 840, 260, 260, 330, 330, 240, 240, 80, 80, 150, 150, 1290, 1290, 380, 380, 540, 540, 720, 720, 540, 170, 540, 170, 160, 160, 830, 830, 2080, 2080, 520, 520, 180, 180, 70, 70, 300, 300, 1090, 1090, 570, 570, 360, 360, 560, 560, 720, 720, 140, 140, 80, 330, 0, 0, 80, 330, 4470, 4470, 780, 330, 330, 780, 190, 190, 100, 120, 100, 120, 680, 680, 320, 320, 330, 330, 830, 830, 1330, 1330, 260, 260, 270, 270, 320, 320]"
2020-10-27 00:30:00+00:00,107360,0,188.0,"[30, 30, 310, 310, 410, 410, 60, 3630, 60, 3630, 460, 460, 130, 130, 240, 240, 180, 180, 1680, 1680, 580, 580, 460, 460, 200, 200, 460, 460, 410, 410, 140, 140, 60, 60, 730, 730, 1060, 1060, 420, 420, 70, 70, 450, 450, 50, 50, 450, 450, 980, 980, 100, 100, 470, 470, 40, 40, 1350, 1350, 190, 190, 520, 520, 150, 150, 160, 160, 100, 100, 1370, 1370, 180, 180, 70, 70, 130, 130, 480, 480, 30, 30, 100, 100, 1340, 1340, 270, 270, 70, 70, 320, 320, 430, 430, 350, 350, 1540, 1540, 70, 70, 830, 830, 340, 340, 250, 250, 140, 140, 1160, 1160, 180, 180, 160, 160, 1050, 1050, 310, 50, 310, 50, 980, 980, 660, 660, 280, 280, 600, 600, 180, 180, 4470, 80, 4470, 80, 120, 270, 270, 120, 1770, 1770, 380, 380, 180, 180, 90, 90, 1020, 1020, 500, 500, 1500, 1500, 280, 280, 1580, 1580, 640, 640, 1820, 1820, 510, 510, 340, 340, 500, 500, 420, 420, 210, 210, 680, 350, 680, 350, 880, 880, 170, 170, 40, 40, 1700, 1700, 70, 70, 1100, 1100, 380, 380, 980, 980]"
2020-10-27 00:35:00+00:00,99640,0,168.0,"[40, 40, 1440, 1440, 110, 110, 330, 330, 790, 780, 790, 780, 220, 920, 920, 220, 80, 80, 110, 590, 590, 110, 80, 80, 960, 960, 50, 50, 210, 210, 1060, 1060, 1210, 520, 520, 1210, 210, 210, 6710, 6710, 1320, 210, 1320, 210, 40, 40, 440, 440, 330, 330, 270, 270, 420, 420, 1020, 1250, 1020, 1250, 340, 190, 340, 190, 200, 200, 450, 450, 210, 210, 190, 190, 410, 410, 180, 180, 1820, 1820, 2290, 2290, 290, 290, 210, 210, 80, 440, 440, 80, 90, 320, 320, 90, 160, 160, 120, 120, 650, 650, 90, 90, 650, 650, 350, 350, 210, 210, 30, 30, 340, 340, 310, 310, 410, 410, 510, 510, 1400, 1400, 300, 300, 460, 460, 230, 230, 1040, 1040, 1940, 320, 1940, 320, 300, 300, 550, 550, 990, 80, 990, 80, 370, 370, 50, 50, 330, 330, 210, 210, 160, 160, 220, 220, 370, 370, 880, 880, 100, 100, 380, 380, 1070, 1070, 130, 130, 280, 280, 2300, 2300, 1760, 1760, 340, 340]"
2020-10-27 00:40:00+00:00,73260,0,136.0,"[340, 340, 610, 610, 390, 390, 80, 1890, 80, 1890, 840, 840, 490, 6800, 6800, 490, 250, 250, 250, 90, 250, 90, 500, 500, 1130, 130, 1130, 130, 390, 390, 140, 140, 230, 230, 170, 170, 750, 750, 740, 760, 760, 740, 320, 320, 1000, 1000, 240, 240, 250, 250, 300, 300, 210, 210, 350, 350, 180, 180, 100, 100, 240, 240, 210, 210, 520, 520, 360, 360, 450, 450, 440, 440, 70, 70, 180, 180, 710, 1020, 710, 1020, 280, 280, 740, 740, 130, 130, 350, 350, 1640, 1640, 380, 380, 1350, 1350, 430, 360, 430, 360, 90, 90, 620, 620, 520, 520, 160, 160, 70, 70, 370, 370, 1590, 20, 120, 120, 1590, 20, 220, 220, 780, 780, 980, 980, 60, 60, 530, 530, 330, 330, 100, 100, 90, 90, 60, 60, 140, 140]"
2020-10-27 00:45:00+00:00,112690,0,185.0,"[410, 410, 240, 240, 170, 170, 490, 490, 580, 580, 200, 200, 160, 160, 230, 230, 3140, 3140, 700, 700, 1190, 100, 1190, 100, 200, 200, 200, 200, 80, 80, 20, 30, 30, 20, 470, 310, 470, 310, 200, 200, 800, 800, 370, 370, 760, 760, 1110, 1900, 1110, 1900, 320, 320, 130, 130, 850, 850, 1280, 1280, 60, 60, 260, 260, 730, 640, 730, 640, 240, 240, 790, 790, 1100, 1100, 800, 120, 800, 120, 360, 360, 650, 650, 1170, 1170, 220, 220, 170, 240, 240, 150, 150, 1800, 1800, 280, 280, 380, 380, 140, 140, 190, 330, 190, 330, 170, 170, 690, 690, 760, 310, 310, 240, 240, 1980, 1980, 50, 3320, 3320, 50, 420, 420, 180, 180, 290, 950, 950, 290, 470, 470, 280, 30, 30, 260, 260, 60, 60, 1680, 1680, 120, 120, 100, 100, 1060, 1060, 460, 460, 240, 240, 360, 360, 570, 570, 340, 340, 90, 90, 260, 260, 90, 90, 270, 270, 520, 520, 210, 410, 410, 210, 110, 110, 2610, 2610, 780, 780, 540, 540, 460, 460, 1820, 1820, 2580, 2580, 1200, 1200, 510, 510, 1640, 1640]"
2020-10-27 00:50:00+00:00,89830,0,135.0,"[2270, 2270, 1910, 1910, 580, 580, 350, 380, 380, 1170, 1170, 120, 120, 580, 580, 440, 440, 1210, 1210, 2190, 2190, 1090, 1090, 380, 380, 240, 240, 1220, 150, 150, 1220, 260, 260, 480, 480, 640, 640, 960, 960, 110, 110, 470, 470, 170, 170, 100, 100, 460, 460, 160, 160, 1490, 1490, 900, 380, 380, 900, 120, 120, 310, 310, 320, 320, 650, 650, 300, 20, 300, 640, 360, 360, 640, 30, 30, 360, 360, 320, 320, 80, 80, 4270, 4270, 170, 170, 530, 530, 220, 220, 140, 140, 40, 910, 910, 460, 460, 130, 130, 50, 50, 240, 240, 120, 120, 400, 1040, 400, 1040, 400, 400, 430, 430, 160, 260, 160, 260, 350, 350, 900, 900, 300, 300, 150, 150, 270, 270, 300, 300, 1140, 1140, 3340, 3340, 690, 690, 3340, 3340]"
2020-10-27 00:55:00+00:00,99620,0,173.0,"[1040, 1040, 320, 320, 370, 370, 470, 470, 540, 540, 520, 520, 400, 400, 720, 180, 720, 180, 170, 170, 40, 40, 1270, 1270, 510, 510, 290, 290, 210, 210, 230, 230, 1010, 1010, 100, 100, 190, 190, 1050, 1050, 110, 110, 490, 490, 240, 240, 260, 260, 950, 280, 260, 280, 950, 260, 180, 180, 270, 270, 130, 130, 40, 40, 110, 110, 210, 460, 210, 460, 670, 670, 130, 130, 280, 280, 280, 280, 1330, 1330, 600, 600, 1720, 1720, 470, 470, 2430, 2430, 330, 330, 160, 160, 590, 590, 250, 250, 190, 190, 510, 510, 570, 570, 60, 490, 490, 420, 420, 110, 110, 210, 210, 60, 60, 270, 270, 570, 1240, 570, 1240, 350, 350, 610, 610, 300, 300, 150, 150, 240, 240, 50, 50, 280, 280, 150, 150, 130, 130, 430, 430, 230, 230, 940, 940, 410, 410, 400, 400, 130, 130, 1640, 1640, 250, 250, 2700, 2700, 200, 200, 6290, 6290, 860, 860, 260, 260, 420, 420, 470, 470, 1070, 1070, 110, 110, 2420, 2420, 790, 790]"
2020-10-27 01:00:00+00:00,166580,0,154.0,"[1550, 1550, 2880, 2880, 680, 680, 220, 220, 620, 620, 3070, 3070, 480, 480, 1130, 1130, 240, 240, 7410, 7410, 730, 390, 390, 730, 1260, 1260, 230, 840, 230, 840, 2040, 2040, 710, 710, 220, 220, 1380, 1380, 250, 250, 50, 340, 50, 340, 160, 160, 420, 420, 240, 360, 240, 360, 520, 520, 100, 40, 100, 40, 730, 730, 490, 490, 2560, 610, 2560, 610, 160, 160, 1070, 1070, 590, 590, 150, 150, 400, 400, 2130, 2130, 120, 120, 90, 90, 170, 170, 180, 500, 1030, 520, 180, 270, 520, 500, 1030, 270, 2180, 410, 410, 2180, 2080, 2080, 1220, 1220, 240, 240, 380, 380, 1350, 1350, 220, 220, 1720, 1720, 50, 50, 770, 770, 170, 170, 560, 560, 230, 230, 250, 250, 820, 820, 730, 730, 770, 770, 320, 320, 14720, 14720, 820, 820, 80, 80, 90, 90, 7090, 7090, 1410, 1520, 1520, 1410, 380, 380, 1240, 1240, 450, 450, 690, 690]"
2020-10-27 01:05:00+00:00,158300,0,192.0,"[170, 170, 1320, 1320, 330, 330, 610, 290, 580, 610, 290, 580, 140, 140, 1920, 1920, 280, 280, 690, 690, 440, 440, 160, 160, 120, 120, 600, 11260, 600, 11260, 140, 140, 490, 490, 630, 630, 1320, 1320, 1080, 1080, 330, 330, 920, 920, 610, 610, 200, 200, 310, 310, 810, 810, 170, 170, 450, 450, 390, 390, 210, 210, 300, 300, 860, 860, 670, 670, 180, 180, 200, 200, 1250, 1250, 720, 2080, 2080, 720, 640, 640, 220, 220, 180, 180, 270, 270, 540, 540, 700, 700, 320, 320, 80, 80, 280, 280, 190, 190, 210, 210, 70, 70, 2830, 2830, 80, 80, 3620, 320, 3620, 320, 80, 80, 1460, 1460, 10, 10, 1290, 460, 460, 1290, 4630, 4630, 350, 350, 250, 250, 1460, 1460, 100, 500, 100, 500, 400, 400, 1400, 1400, 220, 220, 420, 420, 140, 140, 1020, 1020, 30, 30, 400, 400, 320, 320, 1550, 170, 1550, 50, 50, 170, 130, 130, 320, 320, 300, 300, 160, 160, 900, 900, 1380, 1380, 130, 130, 470, 470, 1050, 1050, 30, 30, 140, 140, 200, 200, 2080, 2080, 100, 100, 10390, 10390, 170, 170, 350, 350, 230, 230, 130, 130]"
2020-10-27 01:10:00+00:00,132550,0,154.0,"[140, 140, 540, 540, 620, 620, 350, 350, 410, 490, 410, 490, 490, 490, 13380, 13380, 290, 290, 40, 40, 500, 560, 500, 560, 4430, 4430, 400, 400, 200, 110, 110, 200, 550, 550, 190, 190, 980, 980, 330, 330, 180, 180, 80, 80, 980, 980, 780, 4280, 780, 430, 4280, 430, 90, 90, 170, 170, 1520, 1520, 960, 960, 560, 280, 560, 280, 280, 280, 150, 150, 1180, 1180, 220, 220, 680, 680, 960, 960, 400, 400, 600, 600, 320, 320, 210, 280, 280, 0, 110, 430, 430, 110, 170, 170, 230, 230, 110, 110, 250, 250, 260, 260, 1360, 1360, 440, 690, 690, 440, 80, 80, 380, 380, 270, 270, 80, 80, 6070, 6070, 1630, 370, 1630, 370, 500, 500, 1070, 1070, 190, 190, 900, 900, 200, 200, 1240, 1240, 80, 80, 560, 510, 560, 510, 540, 540, 30, 30, 740, 740, 90, 90, 330, 330, 100, 100, 920, 920, 4860, 4860]"
2020-10-27 01:15:00+00:00,297510,0,226.0,"[630, 630, 100, 100, 890, 440, 440, 890, 20, 20, 370, 370, 280, 280, 370, 1760, 1760, 370, 100, 100, 8270, 8270, 150, 150, 340, 340, 180, 180, 170, 170, 90, 90, 8360, 400, 8360, 400, 150, 150, 220, 220, 320, 320, 530, 530, 120, 120, 550, 550, 530, 530, 2280, 860, 2280, 860, 940, 940, 70, 70, 770, 770, 59080, 310, 310, 630, 630, 1900, 1040, 210, 1040, 210, 1900, 1020, 1020, 1010, 7420, 7420, 1010, 210, 10, 10, 210, 3150, 3150, 60, 60, 200, 200, 840, 840, 630, 630, 720, 660, 720, 660, 2920, 2920, 160, 160, 910, 1040, 910, 1040, 610, 610, 6020, 6020, 980, 980, 510, 510, 2340, 2340, 150, 150, 500, 500, 320, 320, 980, 980, 290, 290, 670, 670, 600, 600, 370, 370, 390, 390, 1530, 1530, 4870, 4870, 160, 160, 1060, 1060, 10, 530, 10, 530, 680, 680, 490, 490, 80, 80, 1720, 1720, 1100, 1100, 2420, 2420, 240, 50, 240, 50, 190, 190, 1340, 1340, 160, 160, 2490, 2490, 1010, 1010, 4870, 4870, 1520, 1520, 550, 550, 280, 280, 350, 350, 330, 330, 420, 420, 2130, 2130, 720, 650, 720, 650, 300, 300, 310, 310, 1560, 1560, 870, 870, 260, 660, 260, 660, 390, 390, 670, 670, 1080, 1080, 890, 720, 720, 310, 310, 340, 400, 340, 400, 6600, 6600, 240, 240, 140, 140, 590, 1340, 590, 1340]"
2020-10-27 01:20:00+00:00,171120,0,169.0,"[690, 690, 460, 460, 200, 200, 310, 310, 2220, 2220, 340, 340, 4340, 4340, 2780, 2780, 270, 270, 180, 180, 770, 770, 4010, 4010, 1090, 1090, 170, 180, 170, 180, 300, 230, 300, 230, 1420, 1420, 1970, 1970, 790, 790, 140, 140, 70, 70, 260, 260, 130, 130, 6710, 6710, 1090, 1090, 410, 410, 290, 340, 340, 290, 1870, 1870, 2070, 2070, 180, 180, 570, 570, 30, 30, 30, 340, 30, 340, 400, 400, 430, 430, 540, 540, 1060, 1060, 340, 340, 410, 410, 1830, 1830, 690, 690, 30, 30, 210, 210, 140, 140, 160, 160, 1760, 1760, 480, 160, 160, 480, 500, 500, 10310, 10310, 880, 210, 210, 200, 200, 1650, 1650, 400, 400, 170, 170, 300, 300, 30, 30, 180, 510, 510, 2670, 2670, 280, 280, 320, 320, 140, 140, 990, 990, 100, 540, 540, 3280, 3280, 530, 5040, 5040, 530, 2550, 2550, 760, 760, 320, 280, 280, 320, 3660, 3660, 420, 420, 90, 90, 740, 740, 410, 410, 290, 290, 1190, 1190, 100, 100, 210, 210]"
2020-10-27 01:25:00+00:00,207990,0,213.0,"[370, 370, 50, 170, 170, 240, 240, 1030, 600, 600, 640, 640, 170, 170, 780, 780, 110, 110, 550, 550, 220, 220, 30, 30, 90, 90, 240, 240, 160, 160, 3670, 250, 3670, 250, 860, 860, 40, 40, 190, 190, 390, 390, 320, 320, 130, 130, 250, 530, 100, 530, 250, 100, 500, 500, 260, 260, 210, 210, 1070, 1070, 1350, 1350, 40, 40, 2510, 2510, 3670, 1000, 1000, 1060, 1060, 940, 940, 400, 400, 710, 620, 620, 710, 270, 270, 710, 710, 210, 210, 20, 1510, 20, 1510, 700, 700, 120, 120, 20, 20, 22310, 22310, 2210, 2210, 870, 870, 1070, 300, 300, 1070, 160, 160, 400, 400, 1190, 1190, 670, 670, 1020, 1020, 680, 560, 200, 680, 560, 200, 1340, 1340, 3070, 3070, 880, 880, 160, 160, 770, 770, 20, 20, 16710, 16710, 1140, 1140, 140, 140, 10, 10, 350, 350, 3090, 3090, 90, 90, 170, 170, 800, 800, 420, 210, 420, 210, 240, 240, 460, 460, 230, 230, 200, 200, 70, 70, 120, 120, 1380, 1380, 390, 390, 80, 80, 80, 110, 80, 110, 1800, 1800, 1780, 1780, 1280, 1280, 970, 970, 200, 230, 230, 200, 20, 20, 320, 320, 430, 430, 50, 50, 1050, 1050, 1240, 1240, 1160, 1160, 320, 320, 210, 420, 420, 210, 70, 70, 370, 370]"
2020-10-27 01:30:00+00:00,182210,0,214.0,"[3030, 710, 3030, 710, 340, 340, 1110, 1110, 210, 260, 210, 260, 1440, 1440, 410, 410, 250, 250, 90, 940, 940, 280, 280, 650, 650, 310, 310, 510, 510, 3340, 3340, 160, 920, 160, 920, 40, 40, 1270, 1270, 580, 580, 560, 560, 90, 90, 150, 150, 730, 730, 250, 250, 290, 290, 2650, 2650, 510, 510, 1200, 460, 460, 890, 890, 940, 940, 550, 320, 550, 320, 3260, 3260, 230, 230, 1000, 1000, 1290, 1290, 490, 490, 480, 480, 7900, 7900, 940, 940, 740, 740, 1080, 1160, 1160, 1080, 1970, 1970, 640, 640, 440, 440, 1130, 1130, 7900, 7900, 210, 210, 140, 140, 50, 50, 900, 900, 120, 390, 390, 530, 530, 30, 30, 340, 1540, 1540, 90, 90, 400, 50, 400, 50, 700, 700, 280, 280, 160, 160, 40, 40, 550, 550, 110, 110, 170, 170, 240, 240, 870, 870, 2040, 2040, 1320, 1320, 2060, 2120, 2120, 2060, 380, 380, 1060, 1060, 260, 260, 680, 680, 670, 670, 250, 250, 3380, 3380, 430, 430, 50, 50, 160, 160, 340, 340, 1010, 1010, 70, 70, 180, 180, 1050, 1050, 670, 670, 530, 530, 300, 300, 140, 140, 510, 510, 410, 410, 280, 280, 250, 250, 430, 430, 300, 300, 680, 680, 1230, 1230, 1220, 1220, 950, 800, 800, 950, 460, 460, 310, 310]"
2020-10-27 01:35:00+00:00,219180,0,232.0,"[160, 160, 520, 520, 290, 290, 2490, 2490, 2280, 2280, 1730, 140, 140, 1730, 330, 330, 90, 90, 300, 760, 300, 760, 1240, 1240, 680, 910, 910, 680, 1110, 1110, 620, 620, 730, 730, 1280, 1280, 370, 370, 210, 210, 160, 160, 330, 70, 530, 530, 70, 330, 1280, 800, 360, 800, 1280, 360, 230, 230, 110, 110, 580, 580, 320, 320, 170, 170, 240, 240, 770, 770, 700, 700, 90, 90, 80, 80, 900, 900, 12350, 12350, 1760, 1760, 70, 70, 530, 530, 540, 540, 0, 0, 190, 3360, 190, 3360, 370, 370, 770, 770, 300, 270, 380, 270, 300, 380, 370, 370, 410, 410, 1920, 1920, 470, 470, 1720, 10, 1720, 10, 190, 190, 390, 390, 17740, 17740, 770, 770, 10, 10, 360, 360, 100, 100, 780, 780, 170, 170, 2480, 290, 290, 1750, 1750, 430, 430, 20, 20, 100, 100, 420, 420, 440, 440, 1160, 1160, 570, 570, 160, 160, 720, 720, 130, 130, 600, 600, 1860, 1860, 1250, 1160, 1160, 1250, 550, 400, 550, 400, 700, 700, 1160, 1160, 3580, 3580, 260, 260, 420, 420, 2810, 2810, 1610, 1610, 340, 340, 270, 270, 260, 2300, 260, 2300, 390, 390, 1260, 520, 520, 690, 690, 90, 90, 210, 210, 1190, 10, 1190, 10, 460, 460, 240, 240, 1190, 1190, 140, 1120, 140, 1120, 2700, 420, 2700, 420, 820, 190, 820, 190, 150, 150, 60, 60, 210, 210, 940, 940]"
2020-10-27 01:40:00+00:00,179530,0,233.0,"[500, 500, 220, 220, 130, 130, 1040, 1040, 140, 140, 150, 370, 150, 370, 2160, 2160, 7900, 260, 260, 810, 810, 110, 110, 390, 390, 690, 690, 3920, 3920, 240, 1520, 1520, 240, 180, 180, 70, 470, 620, 470, 70, 620, 120, 120, 770, 270, 770, 270, 1260, 740, 1260, 740, 1320, 1320, 160, 160, 350, 350, 80, 80, 90, 90, 340, 340, 340, 90, 90, 340, 690, 690, 2790, 2790, 570, 570, 60, 60, 1440, 800, 800, 1440, 270, 270, 70, 70, 30, 7080, 30, 7080, 30, 30, 790, 790, 260, 340, 260, 250, 250, 50, 50, 440, 440, 550, 550, 1940, 1940, 40, 40, 240, 240, 130, 130, 500, 500, 1030, 1030, 2450, 2450, 210, 210, 6120, 1020, 6120, 1020, 80, 80, 240, 240, 670, 670, 80, 80, 400, 400, 340, 340, 390, 390, 20, 20, 8960, 8960, 110, 410, 410, 10, 10, 570, 190, 570, 190, 500, 500, 350, 350, 3230, 3230, 780, 170, 170, 190, 190, 150, 150, 290, 350, 290, 350, 80, 80, 40, 320, 290, 290, 320, 150, 290, 150, 290, 440, 440, 1380, 1380, 460, 460, 220, 610, 580, 580, 610, 220, 2960, 2960, 120, 120, 150, 150, 140, 140, 340, 340, 180, 180, 120, 120, 1870, 1870, 220, 220, 280, 280, 570, 570, 320, 320, 120, 120, 120, 100, 100, 120, 1530, 910, 910, 210, 1530, 210, 720, 720, 50, 1210, 50, 1210, 760, 760]"
2020-10-27 01:45:00+00:00,162960,0,208.0,"[2170, 2170, 1630, 620, 620, 1630, 1970, 1970, 340, 340, 530, 530, 40, 40, 460, 460, 490, 370, 330, 490, 370, 330, 40, 40, 2210, 2210, 1420, 1420, 3680, 3680, 600, 260, 600, 260, 130, 130, 440, 440, 260, 260, 230, 230, 620, 620, 2290, 2290, 890, 890, 270, 270, 130, 130, 470, 470, 630, 210, 630, 210, 890, 660, 890, 660, 460, 460, 630, 110, 630, 110, 580, 170, 580, 170, 2320, 2320, 700, 700, 570, 570, 380, 380, 1870, 1870, 190, 190, 320, 320, 0, 0, 40, 40, 570, 570, 630, 630, 1890, 1890, 320, 320, 260, 260, 620, 620, 90, 90, 370, 370, 100, 100, 630, 630, 1190, 1190, 780, 780, 680, 680, 900, 900, 200, 200, 740, 740, 190, 190, 690, 690, 240, 240, 110, 110, 250, 250, 600, 600, 1350, 1350, 550, 550, 110, 110, 80, 80, 1840, 1840, 11720, 11720, 1220, 1220, 500, 740, 740, 500, 410, 410, 140, 500, 510, 610, 510, 140, 500, 610, 660, 660, 4100, 4100, 360, 360, 810, 810, 770, 770, 140, 140, 180, 180, 100, 100, 770, 770, 210, 210, 1440, 1440, 160, 160, 40, 40, 480, 1450, 480, 1450, 110, 110, 890, 890, 440, 440, 830, 650, 830, 650, 360, 360, 330, 330, 250, 250]"
2020-10-27 01:50:00+00:00,115400,0,197.0,"[1600, 1600, 530, 530, 80, 80, 2780, 430, 430, 2780, 700, 700, 560, 560, 1700, 1700, 140, 140, 210, 1190, 210, 1190, 1210, 1210, 30, 30, 90, 380, 380, 90, 610, 610, 190, 190, 90, 370, 370, 90, 1230, 1230, 80, 80, 1280, 1280, 2010, 2010, 640, 640, 190, 190, 100, 100, 190, 500, 190, 410, 410, 160, 160, 300, 300, 580, 580, 320, 320, 140, 310, 140, 310, 100, 100, 250, 250, 380, 230, 230, 380, 390, 390, 390, 390, 320, 30, 320, 30, 200, 200, 110, 90, 110, 90, 950, 950, 480, 480, 140, 400, 400, 140, 1610, 1610, 340, 340, 160, 340, 340, 580, 580, 100, 100, 440, 440, 2610, 2610, 520, 520, 4010, 230, 4010, 230, 180, 180, 700, 700, 450, 450, 320, 320, 360, 360, 280, 280, 3320, 3320, 30, 30, 170, 170, 160, 160, 620, 620, 720, 60, 470, 60, 470, 2240, 2240, 20, 20, 460, 460, 160, 160, 330, 330, 110, 110, 440, 440, 350, 350, 3130, 3130, 260, 260, 230, 230, 180, 180, 1560, 1560, 540, 540, 270, 270, 120, 120, 450, 450, 130, 130, 260, 260, 570, 570, 340, 340, 840, 840, 370, 370, 220, 240, 220, 240]"
2020-10-27 01:55:00+00:00,108430,0,194.0,"[160, 160, 710, 710, 320, 320, 180, 180, 60, 630, 60, 630, 100, 100, 730, 730, 670, 670, 230, 230, 90, 90, 50, 50, 210, 210, 730, 730, 260, 260, 130, 130, 180, 180, 150, 150, 160, 160, 120, 120, 270, 270, 930, 450, 450, 930, 510, 510, 190, 190, 190, 190, 380, 380, 460, 460, 160, 160, 150, 80, 150, 80, 320, 1950, 320, 1950, 190, 190, 4060, 4060, 310, 310, 290, 290, 260, 420, 420, 280, 280, 180, 180, 1460, 1460, 210, 210, 850, 850, 1450, 1450, 30, 540, 540, 30, 3750, 3750, 360, 360, 180, 180, 100, 100, 390, 390, 520, 520, 110, 110, 720, 720, 460, 2990, 460, 2990, 900, 360, 130, 360, 130, 900, 440, 440, 210, 210, 320, 320, 560, 560, 1660, 1660, 130, 130, 660, 660, 210, 210, 150, 150, 280, 280, 400, 400, 430, 600, 390, 250, 430, 390, 250, 600, 790, 790, 270, 270, 60, 60, 80, 80, 170, 930, 930, 510, 510, 630, 1440, 1440, 630, 490, 490, 410, 410, 130, 130, 400, 400, 410, 410, 420, 420, 2700, 110, 2700, 110, 350, 350, 1700, 1700, 140, 300, 140, 300, 1340, 1340, 550, 550]"
2020-10-27 02:00:00+00:00,202420,0,198.0,"[390, 390, 90, 180, 180, 90, 250, 250, 120, 120, 70, 70, 130, 130, 580, 580, 90, 90, 410, 410, 1170, 1170, 170, 170, 630, 630, 150, 150, 30, 30, 290, 290, 630, 630, 860, 860, 240, 210, 210, 240, 360, 360, 300, 300, 760, 760, 170, 70, 70, 170, 640, 640, 480, 100, 480, 100, 280, 280, 780, 780, 180, 180, 0, 0, 650, 650, 50, 50, 360, 360, 350, 350, 110, 110, 1560, 1560, 540, 540, 1890, 1890, 250, 250, 510, 510, 170, 170, 350, 350, 400, 130, 400, 130, 590, 100, 590, 100, 90, 90, 40, 520, 520, 40, 360, 360, 600, 600, 340, 340, 400, 400, 320, 320, 160, 160, 390, 390, 260, 260, 780, 780, 110, 110, 620, 620, 920, 920, 1330, 1330, 3460, 3460, 7680, 140, 660, 660, 17100, 17100, 59080, 1410, 1410, 740, 740, 140, 140, 450, 450, 190, 190, 140, 140, 510, 510, 30, 30, 460, 460, 90, 90, 200, 200, 110, 110, 400, 400, 410, 430, 430, 410, 2090, 2090, 200, 200, 1770, 1770, 510, 510, 130, 130, 220, 220, 2910, 2910, 1700, 20, 1700, 20, 560, 560, 440, 440, 600, 2580, 2580, 1210, 1210, 90, 90, 40, 40]"
2020-10-27 02:05:00+00:00,126500,0,184.0,"[620, 620, 300, 300, 2440, 2440, 2440, 2440, 1530, 1530, 190, 190, 190, 190, 4540, 4540, 940, 940, 280, 280, 440, 500, 500, 440, 150, 150, 340, 340, 500, 500, 290, 290, 440, 440, 1080, 1080, 670, 670, 740, 740, 3460, 3460, 2390, 2390, 460, 460, 210, 210, 760, 760, 70, 480, 480, 70, 980, 440, 980, 440, 500, 500, 140, 140, 400, 400, 660, 660, 140, 140, 1470, 6180, 140, 6180, 140, 290, 290, 1140, 1140, 1440, 1440, 30, 30, 180, 180, 430, 430, 240, 240, 190, 190, 420, 420, 140, 80, 140, 80, 320, 320, 270, 270, 90, 70, 70, 290, 190, 290, 190, 260, 260, 520, 520, 270, 1190, 270, 1190, 500, 80, 80, 260, 260, 210, 210, 130, 130, 180, 160, 160, 180, 910, 910, 350, 350, 1000, 1000, 390, 320, 390, 320, 620, 620, 190, 190, 840, 840, 80, 80, 120, 120, 400, 400, 2230, 2230, 1990, 510, 510, 910, 910, 780, 780, 360, 360, 30, 360, 1340, 1340, 540, 540, 1900, 1900, 100, 760, 760, 90, 90, 20, 20, 0, 0, 0, 0, 500, 500, 80, 80, 1460]"
2020-10-27 02:10:00+00:00,102630,0,187.0,"[410, 410, 420, 420, 400, 400, 80, 80, 430, 430, 830, 830, 600, 600, 940, 940, 3460, 3460, 1330, 1330, 1070, 1070, 150, 150, 40, 40, 140, 140, 380, 380, 710, 710, 180, 170, 180, 170, 180, 180, 80, 80, 530, 530, 640, 640, 430, 430, 290, 290, 280, 280, 970, 970, 130, 130, 100, 100, 100, 100, 290, 290, 960, 960, 520, 520, 2220, 2220, 390, 390, 540, 220, 540, 220, 1910, 1910, 790, 790, 690, 2220, 690, 2220, 340, 340, 760, 760, 630, 630, 30, 30, 660, 660, 70, 680, 70, 680, 440, 440, 270, 270, 2220, 2220, 720, 720, 1820, 740, 1820, 740, 270, 270, 160, 160, 500, 500, 190, 190, 150, 150, 150, 150, 360, 360, 580, 630, 630, 580, 370, 530, 370, 530, 60, 60, 440, 440, 340, 340, 170, 150, 150, 120, 60, 60, 120, 190, 190, 110, 70, 70, 160, 160, 450, 450, 30, 30, 1910, 160, 160, 1910, 500, 500, 630, 630, 630, 630, 70, 70, 260, 260, 160, 160, 820, 820, 170, 170, 2170, 2170, 160, 160, 430, 430, 260, 260, 330, 330, 560, 560, 350, 220, 220]"
2020-10-27 02:15:00+00:00,119870,0,177.0,"[200, 200, 10, 10, 880, 880, 620, 620, 60, 60, 280, 280, 190, 190, 3600, 3600, 1280, 1280, 220, 220, 500, 500, 120, 120, 80, 80, 20, 20, 170, 170, 370, 370, 2020, 2020, 480, 480, 300, 300, 1340, 1340, 100, 100, 1730, 1730, 180, 180, 570, 570, 320, 320, 620, 620, 550, 550, 10, 10, 330, 330, 590, 590, 290, 260, 290, 260, 560, 560, 480, 480, 180, 870, 140, 180, 870, 140, 60, 60, 790, 790, 260, 260, 340, 340, 160, 170, 1390, 1390, 160, 420, 420, 5470, 5470, 380, 380, 470, 470, 1600, 1600, 190, 1610, 1610, 190, 230, 230, 220, 220, 350, 350, 260, 260, 0, 0, 180, 590, 590, 180, 280, 280, 140, 360, 140, 360, 100, 590, 590, 100, 110, 110, 200, 200, 260, 260, 1720, 1720, 2960, 2960, 1040, 1040, 1180, 1180, 1010, 1010, 140, 140, 200, 200, 480, 480, 620, 620, 3100, 3100, 110, 110, 860, 860, 410, 410, 280, 100, 20, 280, 20, 100, 740, 740, 130, 130, 150, 140, 140, 150, 5820, 5820, 130, 130, 980, 980]"
2020-10-27 02:20:00+00:00,106560,0,144.0,"[740, 740, 410, 410, 160, 160, 90, 90, 950, 950, 890, 890, 620, 620, 270, 270, 360, 360, 200, 200, 570, 570, 1330, 1330, 80, 80, 920, 920, 130, 130, 1350, 60, 1350, 60, 1300, 1300, 540, 520, 540, 520, 360, 360, 200, 200, 220, 220, 280, 280, 820, 820, 1120, 1120, 80, 80, 10430, 10430, 70, 70, 240, 240, 50, 50, 2780, 2780, 90, 90, 1370, 1370, 120, 120, 80, 80, 260, 260, 230, 230, 160, 160, 210, 210, 550, 550, 3120, 440, 440, 3120, 560, 350, 350, 560, 2780, 680, 520, 680, 520, 2780, 570, 500, 500, 570, 220, 220, 430, 430, 420, 420, 210, 210, 1800, 1800, 1960, 1960, 260, 260, 120, 120, 330, 330, 600, 600, 1380, 1380, 830, 830, 580, 580, 570, 570, 170, 170, 300, 300, 40, 40, 270, 270, 180, 90, 180, 90, 230, 230, 1560, 1560]"
2020-10-27 02:25:00+00:00,119950,0,166.0,"[550, 550, 200, 200, 590, 590, 2160, 2160, 90, 90, 130, 130, 900, 900, 130, 80, 80, 130, 80, 80, 250, 250, 500, 500, 2070, 2070, 11120, 11120, 570, 230, 230, 530, 530, 640, 640, 130, 130, 270, 270, 200, 200, 100, 100, 740, 740, 270, 270, 400, 660, 660, 400, 860, 860, 200, 200, 770, 770, 180, 180, 1690, 1690, 3500, 3500, 5460, 290, 290, 5460, 40, 40, 1710, 1710, 90, 90, 600, 600, 490, 490, 1070, 1070, 380, 380, 1140, 1140, 690, 690, 230, 230, 860, 860, 760, 760, 670, 670, 340, 340, 1110, 1110, 390, 390, 540, 540, 300, 300, 50, 50, 1020, 1020, 240, 240, 550, 550, 500, 500, 420, 420, 630, 630, 410, 410, 210, 210, 330, 330, 140, 140, 210, 210, 90, 740, 1930, 740, 1930, 90, 280, 280, 150, 150, 20, 20, 340, 560, 340, 560, 260, 260, 720, 720, 90, 90, 580, 110, 110, 530, 530, 140, 140, 240, 240, 60, 60, 70, 690, 70, 690, 290, 290]"
2020-10-27 02:30:00+00:00,94410,0,161.0,"[620, 620, 610, 610, 300, 300, 420, 420, 140, 140, 1040, 1040, 1500, 1500, 240, 240, 90, 90, 50, 980, 980, 350, 1900, 400, 350, 1900, 400, 290, 290, 700, 700, 500, 500, 340, 340, 1030, 1030, 630, 630, 370, 370, 90, 90, 430, 430, 2370, 2370, 410, 410, 1370, 1370, 1420, 660, 1420, 660, 360, 360, 260, 260, 380, 380, 2550, 2550, 930, 930, 2490, 2490, 530, 530, 390, 390, 450, 450, 340, 340, 280, 280, 770, 770, 350, 350, 1240, 100, 100, 110, 110, 310, 310, 1680, 1680, 730, 730, 640, 640, 170, 170, 1250, 1250, 140, 140, 280, 280, 120, 120, 410, 410, 1410, 1410, 80, 60, 60, 830, 830, 120, 120, 220, 220, 60, 60, 340, 340, 770, 770, 420, 420, 350, 350, 420, 420, 110, 110, 40, 40, 330, 330, 110, 110, 10, 10, 410, 410, 1930, 1930, 500, 500, 110, 110, 130, 130, 290, 290, 950, 950, 20, 20, 640, 640, 400, 400, 320, 320]"
2020-10-27 02:35:00+00:00,111160,0,161.0,"[130, 130, 530, 530, 110, 110, 210, 210, 760, 760, 60, 60, 230, 230, 700, 700, 240, 240, 790, 790, 220, 220, 250, 250, 2030, 2030, 340, 340, 640, 20, 640, 20, 1330, 1330, 190, 250, 190, 250, 320, 240, 320, 240, 800, 800, 920, 920, 660, 130, 130, 190, 190, 170, 170, 180, 180, 410, 410, 100, 560, 100, 560, 390, 390, 100, 100, 200, 200, 670, 670, 810, 810, 5300, 5300, 10, 10, 510, 510, 960, 960, 590, 590, 1330, 1330, 90, 90, 10540, 10540, 120, 120, 440, 440, 360, 190, 360, 360, 360, 190, 320, 320, 180, 180, 1700, 1700, 840, 840, 140, 140, 540, 540, 1030, 1030, 980, 980, 1510, 1510, 100, 100, 430, 430, 190, 190, 230, 230, 80, 80, 560, 560, 50, 2580, 50, 2580, 570, 570, 1520, 1520, 140, 140, 200, 200, 420, 420, 190, 380, 190, 380, 160, 160, 800, 800, 1580, 1580, 90, 90, 170, 170, 640, 640, 560, 560, 350, 350]"
2020-10-27 02:40:00+00:00,143810,0,153.0,"[200, 200, 200, 2300, 200, 2300, 100, 100, 310, 310, 1050, 1050, 11230, 90, 780, 90, 780, 11230, 340, 340, 350, 350, 250, 250, 420, 420, 170, 170, 210, 210, 220, 220, 1560, 1560, 2100, 2100, 1040, 1040, 270, 130, 270, 130, 840, 840, 50, 50, 200, 200, 140, 140, 180, 180, 160, 160, 120, 120, 480, 480, 120, 80, 120, 80, 1160, 1160, 910, 910, 120, 120, 1060, 1060, 400, 400, 520, 520, 2270, 2270, 510, 510, 120, 120, 210, 100, 100, 210, 500, 500, 300, 300, 280, 280, 470, 470, 6210, 1290, 1290, 430, 430, 8890, 20, 20, 8890, 2490, 2490, 260, 260, 710, 710, 540, 540, 330, 330, 800, 800, 420, 420, 1170, 1170, 690, 690, 470, 470, 1600, 1600, 1400, 1400, 0, 0, 440, 440, 540, 540, 7370, 7370, 70, 70, 380, 380, 440, 440, 1490, 1490, 380, 380, 130, 130, 840, 70, 370, 370, 70, 840, 150, 150]"
2020-10-27 02:45:00+00:00,103080,0,150.0,"[190, 190, 450, 450, 460, 460, 200, 200, 150, 150, 50, 50, 140, 140, 390, 390, 580, 580, 770, 770, 2210, 2210, 510, 230, 230, 130, 130, 350, 650, 350, 650, 150, 150, 450, 450, 110, 110, 320, 170, 320, 170, 820, 820, 5260, 5260, 860, 860, 410, 410, 1560, 1560, 690, 690, 370, 370, 200, 200, 140, 140, 140, 540, 540, 1360, 1360, 920, 220, 100, 920, 220, 100, 220, 220, 640, 640, 250, 250, 140, 140, 160, 160, 190, 190, 620, 620, 70, 70, 160, 160, 460, 460, 190, 190, 110, 110, 280, 540, 280, 540, 370, 370, 140, 140, 1270, 1270, 2540, 2540, 660, 180, 550, 660, 180, 550, 140, 840, 250, 840, 250, 3060, 3060, 200, 200, 1240, 320, 320, 1240, 500, 500, 280, 280, 500, 500, 210, 210, 450, 840, 840, 340, 340, 7180, 7180, 150, 150, 540, 540, 2620, 2620, 240, 240, 270, 270]"
2020-10-27 02:50:00+00:00,133920,0,171.0,"[540, 540, 300, 300, 440, 440, 130, 610, 910, 910, 130, 610, 510, 510, 1100, 1100, 2990, 710, 2990, 710, 310, 310, 450, 270, 270, 450, 600, 600, 600, 600, 70, 600, 70, 600, 80, 80, 960, 960, 2290, 2290, 270, 270, 170, 170, 230, 3550, 230, 3550, 420, 420, 80, 80, 430, 500, 430, 500, 1380, 1380, 180, 180, 600, 600, 130, 130, 240, 240, 1170, 1170, 300, 300, 190, 190, 1280, 1280, 940, 1380, 1380, 550, 550, 2680, 2680, 420, 830, 1980, 830, 1980, 420, 610, 610, 3140, 3140, 230, 230, 170, 400, 170, 400, 50, 120, 50, 120, 240, 240, 70, 70, 430, 240, 240, 430, 2480, 2480, 260, 260, 520, 520, 1780, 1780, 1660, 1660, 530, 530, 2370, 2370, 960, 960, 2780, 2780, 460, 460, 180, 180, 130, 130, 140, 140, 140, 140, 670, 670, 3270, 180, 3270, 180, 530, 530, 260, 260, 290, 290, 180, 180, 50, 50, 80, 80, 440, 440, 5240, 5240, 280, 280, 40, 40, 1020, 1020, 430, 430, 10, 10, 0, 0]"
2020-10-27 02:55:00+00:00,103240,0,187.0,"[700, 700, 790, 790, 60, 60, 970, 970, 440, 440, 1570, 1570, 460, 460, 860, 860, 920, 920, 180, 100, 100, 580, 270, 580, 270, 240, 240, 180, 1510, 140, 180, 140, 1510, 2150, 2150, 220, 220, 400, 400, 60, 60, 300, 300, 250, 250, 290, 950, 290, 950, 50, 50, 770, 770, 410, 410, 750, 750, 270, 270, 160, 2560, 160, 2560, 570, 570, 630, 630, 260, 260, 1720, 1720, 390, 390, 100, 100, 1330, 1330, 660, 660, 240, 240, 660, 660, 360, 360, 100, 230, 230, 100, 180, 180, 1200, 1200, 200, 200, 190, 190, 20, 20, 110, 110, 480, 480, 600, 600, 500, 500, 680, 680, 490, 490, 40, 160, 40, 160, 190, 190, 80, 80, 730, 310, 730, 310, 380, 380, 180, 180, 100, 100, 740, 740, 410, 410, 710, 710, 60, 50, 60, 50, 350, 1160, 1040, 1160, 350, 1040, 3200, 3200, 80, 80, 220, 220, 210, 210, 60, 300, 60, 590, 300, 590, 1100, 1100, 230, 230, 440, 120, 440, 120, 440, 440, 350, 350, 1280, 1280, 420, 420, 900, 900, 520, 520, 1690, 600, 600, 1690, 330, 330, 480, 480]"
2020-10-27 03:00:00+00:00,78300,0,132.0,"[150, 150, 1180, 1180, 540, 540, 860, 860, 30, 30, 860, 860, 40, 40, 470, 470, 460, 460, 440, 440, 3080, 3080, 80, 80, 250, 250, 220, 220, 2340, 2340, 1000, 50, 1000, 50, 50, 50, 50, 50, 110, 110, 410, 250, 410, 250, 1610, 1610, 50, 50, 100, 100, 1240, 1240, 180, 180, 40, 40, 160, 160, 370, 370, 380, 380, 340, 340, 50, 50, 630, 630, 4210, 4210, 140, 140, 910, 910, 180, 180, 230, 230, 440, 440, 490, 490, 4810, 850, 850, 4810, 460, 460, 400, 400, 240, 240, 80, 80, 170, 170, 1070, 1070, 100, 530, 100, 530, 160, 160, 140, 140, 160, 160, 330, 1040, 1040, 330, 460, 460, 210, 210, 450, 450, 290, 290, 880, 880, 150, 150, 30, 30, 420, 420, 880, 880, 170, 170]"
2020-10-27 03:05:00+00:00,104730,0,171.0,"[280, 630, 280, 630, 2670, 2670, 910, 910, 550, 550, 540, 50, 50, 540, 10, 10, 1160, 1160, 100, 430, 100, 430, 2740, 2740, 150, 150, 560, 560, 250, 250, 20, 20, 80, 80, 20, 20, 150, 150, 1420, 1420, 1600, 1600, 590, 590, 440, 440, 780, 780, 130, 130, 1040, 1040, 30, 340, 340, 30, 540, 540, 340, 340, 330, 330, 620, 620, 580, 40, 580, 40, 600, 600, 1050, 1050, 10, 10, 350, 350, 1410, 1410, 390, 390, 100, 230, 100, 230, 1270, 1270, 320, 320, 80, 80, 2190, 2190, 2230, 2230, 4660, 4660, 30, 30, 440, 440, 400, 400, 340, 160, 160, 340, 440, 440, 150, 150, 630, 100, 630, 100, 120, 120, 190, 190, 530, 2480, 2480, 530, 110, 110, 70, 130, 130, 70, 70, 220, 220, 950, 950, 160, 1190, 1190, 160, 160, 160, 390, 390, 500, 500, 130, 130, 120, 120, 530, 530, 290, 290, 250, 250, 500, 500, 1180, 1180, 2350, 2350, 460, 670, 460, 670, 250, 250, 170, 170, 160, 160, 370, 370]"
2020-10-27 03:10:00+00:00,44440,0,124.0,"[80, 80, 100, 100, 1580, 1580, 340, 340, 330, 330, 400, 400, 320, 320, 150, 150, 850, 850, 110, 110, 540, 800, 800, 540, 170, 170, 120, 120, 100, 100, 20, 20, 800, 800, 1120, 1120, 290, 290, 50, 50, 110, 110, 330, 330, 320, 320, 250, 250, 240, 570, 570, 240, 60, 60, 120, 120, 890, 890, 280, 280, 70, 70, 200, 200, 160, 160, 250, 250, 420, 420, 530, 530, 290, 290, 700, 700, 430, 430, 400, 1020, 360, 1020, 400, 360, 220, 220, 160, 160, 560, 560, 430, 430, 220, 220, 200, 200, 760, 760, 890, 890, 560, 560, 640, 640, 80, 110, 80, 110, 350, 350, 150, 150, 90, 90, 60, 60, 100, 100, 140, 140, 60, 60, 170, 170]"
2020-10-27 03:15:00+00:00,100540,0,120.0,"[290, 290, 190, 190, 400, 400, 220, 220, 60, 340, 60, 340, 5250, 5250, 80, 80, 260, 260, 880, 880, 3180, 3180, 1370, 1370, 210, 290, 290, 210, 660, 660, 580, 580, 840, 840, 990, 990, 160, 160, 1090, 1090, 90, 90, 180, 180, 300, 300, 30, 30, 220, 220, 13020, 13020, 390, 390, 2910, 2910, 90, 90, 120, 120, 1530, 1530, 3010, 3010, 90, 90, 170, 170, 240, 240, 440, 440, 1760, 1760, 110, 940, 110, 940, 320, 320, 470, 470, 230, 230, 50, 50, 100, 100, 250, 630, 630, 250, 280, 280, 230, 230, 160, 160, 320, 320, 200, 200, 40, 40, 50, 50, 600, 600, 230, 230, 160, 160, 50, 50, 2660, 2660, 80, 80, 180, 180]"
2020-10-27 03:20:00+00:00,65900,0,129.0,"[220, 220, 2700, 2700, 200, 200, 1000, 1000, 190, 250, 470, 250, 190, 470, 350, 350, 560, 80, 560, 80, 140, 140, 20, 20, 200, 200, 130, 130, 300, 300, 1170, 1170, 200, 200, 1110, 640, 1110, 640, 370, 370, 1150, 1150, 300, 580, 300, 580, 700, 700, 130, 130, 1660, 1660, 720, 720, 310, 310, 190, 1300, 190, 1300, 680, 680, 100, 100, 190, 190, 260, 260, 280, 280, 580, 580, 850, 850, 1890, 1890, 310, 310, 220, 220, 620, 910, 910, 40, 40, 150, 150, 1290, 1290, 790, 790, 50, 50, 240, 240, 220, 220, 170, 170, 110, 110, 210, 890, 210, 890, 280, 280, 50, 50, 460, 80, 460, 80, 470, 470, 310, 310, 130, 130, 80, 80, 1600, 1600, 220, 220, 270, 270, 920, 920]"
2020-10-27 03:25:00+00:00,78600,0,138.0,"[330, 330, 1060, 1060, 550, 550, 320, 320, 80, 80, 90, 90, 1480, 1480, 890, 890, 490, 490, 80, 80, 780, 780, 40, 40, 70, 70, 450, 450, 670, 670, 220, 220, 960, 240, 960, 240, 210, 210, 830, 830, 130, 130, 160, 160, 2740, 2740, 380, 380, 810, 810, 130, 130, 730, 730, 1540, 1540, 460, 460, 240, 240, 140, 140, 140, 140, 3720, 1130, 3720, 1130, 750, 750, 180, 180, 220, 840, 690, 220, 840, 690, 100, 100, 210, 210, 440, 440, 140, 140, 560, 560, 160, 160, 1080, 1080, 280, 280, 10, 10, 410, 410, 580, 580, 430, 250, 430, 250, 740, 740, 250, 250, 520, 520, 80, 80, 160, 160, 760, 760, 3030, 3030, 210, 210, 90, 90, 830, 830, 390, 390, 1150, 1150, 430, 430, 90, 90, 320, 320, 540, 540, 90, 90]"
2020-10-27 03:30:00+00:00,55680,0,125.0,"[1910, 1910, 150, 80, 150, 80, 260, 260, 40, 40, 240, 240, 1090, 140, 140, 1090, 300, 400, 400, 300, 600, 600, 40, 120, 40, 120, 340, 340, 510, 510, 250, 250, 140, 140, 210, 210, 90, 90, 310, 310, 260, 930, 260, 930, 720, 720, 180, 180, 10, 10, 140, 180, 120, 180, 120, 320, 320, 30, 390, 390, 1350, 1350, 270, 270, 260, 260, 280, 280, 100, 100, 320, 320, 750, 50, 50, 430, 430, 1870, 360, 360, 1870, 460, 460, 2270, 2270, 310, 310, 200, 200, 940, 940, 670, 670, 70, 70, 0, 0, 110, 110, 480, 480, 460, 460, 40, 40, 270, 270, 460, 1050, 460, 1050, 460, 460, 60, 60, 170, 170, 150, 150, 410, 410, 2300, 2300, 420, 420]"
2020-10-27 03:35:00+00:00,68270,0,145.0,"[5190, 5190, 230, 230, 490, 490, 330, 330, 270, 270, 700, 700, 50, 50, 210, 210, 1020, 1020, 390, 390, 170, 170, 30, 30, 820, 820, 210, 210, 180, 180, 410, 410, 1240, 1240, 80, 80, 120, 120, 310, 310, 220, 220, 280, 280, 90, 90, 560, 160, 160, 560, 240, 240, 2100, 120, 120, 2100, 80, 260, 80, 260, 480, 480, 500, 500, 480, 480, 380, 380, 330, 330, 230, 230, 190, 190, 800, 800, 240, 240, 50, 50, 420, 420, 310, 310, 380, 770, 770, 380, 230, 230, 140, 140, 360, 360, 10, 290, 290, 230, 230, 600, 600, 1230, 1230, 600, 600, 500, 500, 180, 180, 440, 440, 470, 470, 870, 870, 370, 370, 420, 420, 710, 710, 120, 120, 120, 120, 230, 230, 130, 130, 1690, 1690, 140, 140, 90, 90, 580, 200, 580, 200, 320, 320, 420, 420, 330, 330]"
2020-10-27 03:40:00+00:00,155640,0,118.0,"[240, 240, 240, 240, 250, 250, 39960, 39960, 50, 50, 320, 320, 960, 960, 3060, 3060, 100, 100, 350, 390, 390, 350, 1260, 1260, 80, 80, 680, 680, 1810, 1810, 1200, 1200, 100, 100, 520, 520, 120, 120, 170, 170, 130, 130, 30, 30, 240, 240, 650, 650, 3180, 3180, 390, 390, 920, 920, 2570, 2570, 740, 740, 40, 40, 390, 390, 240, 240, 3710, 270, 3710, 270, 40, 40, 1150, 1150, 260, 260, 860, 90, 470, 860, 470, 90, 130, 130, 120, 120, 50, 110, 50, 110, 1420, 240, 240, 1420, 160, 160, 2240, 2240, 300, 300, 230, 230, 170, 170, 90, 90, 1150, 1150, 700, 700, 50, 50, 160, 160, 320, 320, 1290, 1290, 660, 660]"
2020-10-27 03:45:00+00:00,78430,0,108.0,"[100, 100, 340, 340, 1700, 930, 930, 380, 380, 760, 320, 760, 320, 160, 160, 140, 140, 220, 220, 110, 110, 150, 150, 530, 530, 1090, 1090, 1100, 1100, 100, 100, 420, 420, 370, 370, 240, 240, 370, 370, 1030, 1030, 2540, 2540, 110, 110, 100, 100, 180, 180, 2650, 490, 2650, 490, 810, 810, 1160, 1160, 1410, 1410, 460, 30, 460, 30, 1180, 1180, 290, 290, 100, 100, 12190, 12190, 140, 140, 120, 120, 560, 560, 270, 270, 90, 90, 110, 270, 270, 110, 240, 240, 810, 780, 140, 810, 780, 140, 200, 200, 210, 210, 210, 210, 10, 110, 110, 490, 490, 980, 980, 70, 70]"
2020-10-27 03:50:00+00:00,61880,0,135.0,"[490, 490, 200, 200, 540, 540, 290, 290, 500, 500, 180, 140, 180, 520, 520, 610, 610, 150, 150, 260, 260, 220, 80, 220, 80, 840, 840, 1280, 1280, 390, 390, 220, 220, 360, 360, 120, 120, 150, 150, 250, 250, 1870, 1630, 1630, 1870, 530, 530, 650, 650, 80, 80, 1090, 1090, 220, 220, 20, 20, 500, 500, 360, 360, 160, 160, 120, 480, 480, 120, 330, 330, 240, 240, 460, 460, 180, 180, 1700, 1700, 160, 160, 250, 250, 200, 200, 70, 70, 180, 180, 1140, 1140, 210, 210, 330, 330, 1120, 1120, 960, 960, 210, 210, 280, 280, 230, 230, 680, 680, 300, 300, 20, 20, 340, 340, 190, 190, 80, 80, 1170, 1170, 280, 280, 10, 10, 1100, 1100, 750, 750, 70, 70, 210, 290, 210, 290, 1630, 1630, 140, 140]"
2020-10-27 03:55:00+00:00,51400,0,100.0,"[940, 940, 150, 150, 120, 120, 410, 410, 580, 580, 260, 260, 30, 100, 30, 100, 560, 560, 390, 390, 320, 320, 570, 570, 150, 150, 60, 60, 5040, 5040, 250, 760, 760, 250, 970, 970, 500, 500, 240, 310, 240, 310, 240, 240, 440, 440, 360, 360, 230, 230, 180, 180, 220, 220, 990, 210, 210, 990, 1260, 1260, 120, 120, 240, 240, 1140, 1140, 280, 280, 310, 310, 560, 560, 320, 320, 1290, 1290, 250, 250, 850, 850, 490, 220, 220, 490, 360, 360, 770, 770, 230, 230, 70, 70, 640, 640, 220, 220, 360, 360, 140, 140]"
2020-10-27 04:00:00+00:00,86440,0,128.0,"[80, 160, 80, 160, 580, 580, 200, 200, 250, 250, 120, 120, 100, 100, 130, 130, 180, 180, 180, 180, 150, 150, 2150, 2150, 440, 440, 270, 270, 40, 40, 540, 540, 60, 60, 360, 360, 260, 260, 80, 80, 220, 2210, 220, 2210, 140, 610, 610, 140, 240, 240, 330, 330, 610, 610, 1040, 1040, 100, 100, 80, 80, 600, 600, 1230, 1230, 70, 70, 480, 480, 190, 190, 670, 670, 1080, 550, 1080, 550, 630, 630, 3360, 6400, 120, 3360, 6400, 120, 60, 60, 60, 60, 320, 320, 730, 730, 540, 540, 230, 230, 790, 790, 150, 1670, 150, 1670, 7650, 7650, 890, 60, 890, 60, 80, 80, 310, 310, 100, 100, 60, 60, 580, 580, 220, 220, 370, 370, 230, 230, 320, 320, 510, 510]"
2020-10-27 04:05:00+00:00,114540,0,121.0,"[2580, 2580, 180, 180, 220, 220, 100, 100, 90, 90, 300, 300, 130, 130, 740, 740, 670, 200, 670, 200, 430, 430, 490, 110, 490, 110, 730, 730, 130, 1340, 130, 310, 310, 670, 670, 530, 530, 1080, 230, 710, 230, 710, 1080, 320, 320, 650, 650, 610, 610, 690, 690, 770, 770, 270, 270, 480, 480, 390, 390, 120, 120, 980, 980, 100, 100, 220, 220, 360, 360, 24710, 24710, 440, 440, 220, 220, 570, 280, 280, 570, 60, 60, 430, 430, 230, 4340, 230, 4340, 280, 280, 220, 220, 80, 80, 1220, 1220, 410, 410, 290, 270, 290, 270, 1300, 1300, 660, 660, 150, 150, 110, 110, 120, 120, 1430, 1430, 880, 880, 930, 930, 80, 80, 300, 300]"
2020-10-27 04:10:00+00:00,58440,0,125.0,"[1050, 1050, 200, 200, 240, 240, 580, 580, 90, 100, 90, 100, 160, 160, 880, 880, 110, 110, 360, 360, 980, 980, 2460, 2460, 120, 120, 70, 70, 160, 160, 140, 140, 70, 70, 210, 210, 290, 290, 100, 100, 810, 810, 810, 810, 320, 320, 710, 710, 50, 50, 420, 420, 440, 440, 310, 310, 1040, 1040, 40, 40, 40, 40, 590, 590, 1340, 1340, 1030, 1030, 360, 360, 340, 340, 480, 480, 1080, 1080, 160, 160, 1110, 1110, 760, 60, 760, 60, 10, 10, 700, 700, 190, 190, 420, 420, 20, 20, 400, 400, 130, 130, 3100, 3100, 330, 330, 880, 880, 170, 170, 120, 240, 120, 240, 200, 200, 380, 380, 160, 400, 400, 160, 80, 380, 380, 260, 260, 20, 20]"
2020-10-27 04:15:00+00:00,61460,0,110.0,"[220, 220, 820, 820, 190, 190, 540, 540, 270, 270, 480, 480, 40, 40, 70, 70, 140, 140, 60, 60, 250, 250, 120, 120, 140, 140, 80, 80, 100, 220, 100, 220, 170, 170, 340, 340, 230, 230, 1120, 1120, 120, 120, 410, 410, 330, 330, 1960, 220, 220, 1960, 690, 690, 660, 660, 210, 210, 50, 200, 200, 50, 220, 220, 350, 350, 60, 60, 40, 40, 3110, 3110, 510, 510, 170, 170, 5960, 5960, 270, 270, 320, 320, 1300, 1300, 560, 560, 1450, 1450, 50, 50, 220, 220, 220, 220, 530, 530, 200, 200, 520, 520, 720, 380, 380, 840, 1440, 1440, 420, 160, 160, 420, 1040, 1040]"
2020-10-27 04:20:00+00:00,60740,0,96.0,"[100, 100, 390, 1010, 720, 390, 720, 1010, 200, 200, 1440, 1440, 750, 750, 1010, 1010, 270, 270, 1130, 1130, 650, 1120, 650, 1120, 750, 750, 150, 150, 540, 1540, 1540, 380, 380, 170, 170, 230, 230, 620, 620, 250, 250, 110, 110, 560, 560, 750, 750, 1240, 1240, 250, 250, 280, 280, 10, 10, 4590, 4590, 130, 130, 720, 480, 680, 480, 680, 30, 30, 190, 190, 230, 230, 400, 400, 330, 330, 320, 320, 240, 240, 1130, 1130, 1660, 1660, 100, 100, 240, 240, 1240, 1240, 160, 160, 1230, 1230, 160, 160, 120, 120]"
2020-10-27 04:25:00+00:00,44710,0,99.0,"[1220, 1220, 340, 340, 150, 150, 200, 200, 200, 200, 290, 290, 90, 90, 60, 60, 310, 310, 60, 60, 60, 60, 340, 340, 460, 460, 800, 800, 190, 190, 440, 440, 1070, 1070, 320, 320, 260, 260, 70, 70, 260, 260, 40, 40, 480, 480, 10, 10, 100, 100, 250, 250, 720, 720, 710, 300, 710, 300, 1310, 1310, 30, 460, 460, 730, 730, 90, 90, 30, 30, 210, 210, 160, 160, 320, 320, 1640, 1640, 160, 340, 160, 340, 1730, 1730, 1020, 1020, 440, 440, 100, 100, 410, 410, 290, 2550, 2550, 290, 340, 340, 210, 210]"
2020-10-27 04:30:00+00:00,101740,0,136.0,"[50, 50, 730, 730, 90, 90, 620, 620, 500, 500, 390, 390, 780, 780, 290, 290, 520, 520, 660, 150, 660, 150, 410, 410, 250, 250, 910, 910, 160, 160, 310, 310, 440, 440, 70, 70, 130, 120, 120, 130, 310, 310, 490, 490, 470, 470, 80, 80, 30, 30, 1520, 1030, 1030, 1520, 1120, 1120, 360, 360, 140, 140, 520, 520, 2020, 2020, 770, 770, 170, 170, 20, 20, 1160, 1160, 70, 80, 80, 70, 510, 510, 70, 70, 330, 330, 850, 850, 2370, 2370, 870, 870, 260, 260, 190, 190, 420, 420, 660, 660, 890, 890, 540, 30, 540, 30, 160, 160, 17280, 17280, 950, 950, 640, 640, 510, 510, 30, 30, 220, 220, 200, 200, 230, 230, 270, 270, 180, 180, 310, 310, 700, 700, 1510, 1510, 550, 550, 310, 310, 890, 890]"
2020-10-27 04:35:00+00:00,41590,0,97.0,"[120, 120, 2110, 2110, 520, 520, 190, 190, 890, 890, 230, 230, 280, 280, 20, 20, 930, 930, 170, 170, 540, 540, 460, 460, 370, 370, 590, 590, 570, 570, 70, 70, 750, 750, 1910, 1910, 300, 300, 890, 890, 180, 180, 160, 160, 60, 60, 20, 20, 170, 170, 80, 80, 1010, 1010, 560, 560, 180, 180, 190, 190, 140, 140, 500, 500, 240, 240, 410, 410, 800, 800, 950, 950, 100, 100, 150, 150, 60, 60, 520, 520, 250, 250, 530, 200, 200, 500, 500, 160, 500, 500, 160, 180, 110, 110, 180, 240, 240]"
2020-10-27 04:40:00+00:00,58920,0,72.0,"[210, 210, 1020, 1020, 170, 170, 210, 210, 290, 290, 490, 490, 1360, 1360, 60, 270, 60, 250, 250, 260, 260, 1250, 1250, 260, 260, 110, 110, 350, 350, 280, 280, 300, 300, 740, 740, 60, 60, 130, 1220, 1220, 970, 970, 1040, 1040, 840, 840, 3030, 3030, 300, 300, 9630, 9630, 70, 70, 410, 410, 260, 260, 900, 900, 150, 150, 190, 190, 170, 170, 1580, 1580, 370, 370, 460, 460]"
2020-10-27 04:45:00+00:00,83060,0,101.0,"[550, 550, 800, 800, 2800, 2800, 530, 530, 640, 640, 210, 210, 80, 80, 200, 200, 1560, 1560, 200, 200, 140, 140, 700, 700, 13180, 13180, 200, 200, 160, 140, 150, 140, 150, 140, 140, 320, 320, 570, 570, 470, 60, 470, 60, 2660, 2660, 600, 600, 3020, 3020, 110, 110, 290, 50, 290, 50, 70, 70, 170, 170, 1050, 1050, 430, 430, 230, 230, 70, 70, 620, 620, 50, 50, 300, 300, 2610, 2610, 1850, 1850, 710, 710, 380, 380, 220, 220, 210, 210, 30, 30, 660, 660, 180, 180, 180, 180, 290, 290, 70, 70, 630, 630, 70, 70]"
2020-10-27 04:50:00+00:00,51130,0,111.0,"[10, 10, 60, 60, 180, 180, 270, 270, 170, 170, 100, 100, 160, 160, 540, 540, 60, 60, 230, 230, 120, 120, 200, 200, 410, 200, 200, 160, 160, 220, 220, 520, 520, 2490, 2490, 140, 140, 180, 180, 290, 210, 290, 210, 940, 240, 940, 240, 570, 570, 170, 170, 1110, 1110, 1280, 1280, 220, 340, 220, 340, 540, 540, 1020, 1020, 50, 50, 40, 40, 880, 880, 340, 340, 600, 600, 330, 330, 970, 970, 160, 160, 110, 110, 710, 710, 200, 200, 60, 60, 780, 780, 470, 470, 290, 290, 1600, 1600, 80, 80, 490, 490, 140, 140, 450, 450, 1540, 1540, 1370, 1370, 410, 410, 350, 350]"
2020-10-27 04:55:00+00:00,75270,0,108.0,"[1050, 1050, 690, 290, 290, 690, 500, 110, 500, 110, 1300, 1300, 40, 40, 210, 210, 3200, 1730, 3200, 7580, 3300, 3300, 60, 60, 160, 160, 230, 230, 320, 320, 150, 150, 50, 50, 340, 340, 290, 290, 120, 120, 340, 340, 2190, 2190, 150, 200, 100, 100, 150, 200, 810, 810, 440, 440, 200, 200, 770, 230, 770, 230, 230, 230, 100, 100, 680, 100, 100, 680, 210, 210, 1130, 1130, 500, 500, 40, 40, 1290, 1290, 650, 650, 590, 590, 920, 920, 190, 190, 1780, 1780, 900, 900, 940, 940, 420, 420, 90, 90, 300, 300, 80, 80, 540, 540, 810, 810, 1950, 1950, 700, 700]"
2020-10-27 05:00:00+00:00,44900,0,92.0,"[110, 110, 370, 680, 680, 370, 230, 230, 300, 300, 340, 340, 340, 340, 520, 520, 600, 600, 310, 310, 780, 780, 500, 500, 60, 60, 260, 260, 480, 480, 550, 550, 110, 110, 80, 80, 20, 20, 480, 480, 130, 130, 120, 120, 2360, 2360, 190, 190, 3370, 3370, 30, 30, 260, 260, 370, 170, 370, 170, 1890, 1890, 190, 190, 300, 300, 160, 160, 330, 330, 760, 760, 1420, 1420, 40, 40, 790, 790, 380, 380, 60, 60, 300, 300, 460, 460, 490, 490, 180, 180, 420, 420, 160, 160]"
2020-10-27 05:05:00+00:00,41630,0,91.0,"[370, 1180, 370, 1180, 800, 800, 230, 230, 100, 100, 620, 620, 130, 130, 870, 870, 70, 70, 200, 200, 450, 450, 680, 680, 450, 450, 1670, 760, 760, 250, 250, 50, 50, 150, 150, 530, 530, 220, 220, 140, 140, 660, 660, 130, 130, 1230, 1230, 1380, 330, 1380, 330, 210, 210, 170, 170, 450, 450, 120, 120, 300, 300, 150, 150, 720, 720, 150, 150, 250, 250, 350, 350, 170, 170, 870, 870, 580, 580, 1030, 1030, 790, 790, 590, 590, 240, 240, 200, 200, 270, 270, 390, 390]"
2020-10-27 05:10:00+00:00,144500,0,99.0,"[580, 580, 120, 120, 380, 380, 900, 900, 1190, 1190, 520, 520, 270, 90, 90, 270, 120, 120, 700, 700, 130, 130, 1700, 1700, 580, 580, 480, 480, 400, 400, 1460, 1460, 260, 260, 290, 290, 80, 80, 480, 480, 590, 590, 70, 70, 3580, 3580, 470, 470, 1270, 1270, 270, 270, 210, 210, 460, 460, 300, 300, 120, 120, 1290, 1290, 50, 50, 1400, 1400, 380, 380, 850, 850, 160, 160, 20, 20, 4110, 4110, 100, 100, 440, 440, 900, 900, 220, 220, 35410, 35410, 1050, 1050, 4040, 4040, 980, 980, 1240, 170, 170, 210, 210, 1780, 1780]"
2020-10-27 05:15:00+00:00,63660,0,102.0,"[1050, 1050, 370, 370, 830, 830, 140, 140, 320, 320, 120, 120, 860, 860, 720, 720, 280, 280, 870, 870, 1560, 1560, 140, 140, 700, 40, 700, 40, 1940, 1940, 70, 70, 360, 360, 1100, 1100, 470, 470, 490, 490, 100, 100, 80, 80, 200, 200, 870, 870, 640, 640, 1320, 1320, 270, 270, 1310, 1310, 490, 490, 200, 200, 1230, 1230, 1370, 1370, 450, 450, 730, 730, 1150, 1150, 1150, 1150, 1090, 1090, 120, 120, 620, 620, 180, 180, 350, 760, 350, 760, 100, 100, 330, 330, 2020, 2020, 340, 340, 140, 140, 70, 190, 190, 70, 220, 220, 1310, 1310]"
2020-10-27 05:20:00+00:00,61620,0,92.0,"[860, 860, 550, 460, 460, 550, 250, 250, 130, 130, 300, 300, 300, 300, 860, 860, 210, 210, 450, 450, 1080, 1080, 5160, 5160, 670, 670, 130, 130, 160, 160, 330, 330, 210, 210, 180, 180, 760, 760, 160, 160, 700, 700, 330, 330, 370, 370, 90, 90, 10, 10, 430, 130, 130, 430, 50, 50, 1170, 1170, 5060, 5060, 200, 200, 240, 240, 160, 160, 120, 120, 130, 130, 1990, 1990, 80, 80, 1200, 1200, 30, 30, 480, 480, 90, 90, 370, 370, 380, 380, 2700, 2700, 670, 670, 420, 420]"
2020-10-27 05:25:00+00:00,91720,0,104.0,"[350, 180, 180, 350, 1010, 1010, 230, 230, 190, 190, 290, 290, 1320, 1320, 440, 440, 550, 550, 90, 90, 1190, 1190, 620, 620, 3550, 3550, 670, 670, 1110, 1110, 960, 960, 250, 250, 370, 370, 370, 370, 200, 200, 300, 300, 120, 120, 1640, 1640, 640, 640, 220, 220, 2870, 2870, 150, 150, 400, 400, 10340, 10340, 580, 580, 100, 100, 2680, 2680, 470, 470, 920, 920, 1770, 1770, 450, 450, 100, 100, 440, 1140, 440, 1140, 670, 670, 310, 310, 60, 60, 100, 100, 1180, 90, 1180, 90, 140, 140, 1430, 1430, 710, 710, 310, 310, 920, 920, 580, 580, 90, 90]"
2020-10-27 05:30:00+00:00,59980,0,92.0,"[140, 140, 3280, 1300, 3280, 1300, 1230, 1230, 520, 520, 540, 540, 2500, 2500, 260, 260, 330, 2330, 2330, 330, 590, 590, 80, 80, 20, 20, 2840, 2840, 660, 660, 260, 260, 690, 690, 170, 170, 80, 80, 860, 860, 10, 10, 400, 2330, 2330, 400, 80, 80, 280, 280, 280, 280, 640, 640, 160, 160, 300, 300, 680, 680, 110, 110, 440, 440, 770, 770, 300, 300, 290, 290, 180, 50, 50, 180, 140, 140, 670, 670, 1580, 1580, 180, 180, 340, 340, 60, 60, 90, 90, 70, 70, 880, 880]"
2020-10-27 05:35:00+00:00,61320,0,72.0,"[3650, 640, 640, 3650, 190, 190, 160, 160, 1030, 1030, 90, 90, 290, 10, 290, 10, 560, 560, 380, 380, 380, 380, 560, 560, 1110, 1110, 960, 960, 60, 60, 240, 240, 60, 60, 410, 410, 500, 500, 290, 290, 1130, 1130, 320, 320, 11020, 11020, 170, 410, 170, 410, 270, 270, 1090, 1090, 350, 350, 260, 860, 260, 860, 390, 390, 120, 120, 60, 60, 160, 160, 250, 250, 2230, 2230]"
2020-10-27 05:40:00+00:00,31410,0,75.0,"[750, 750, 160, 160, 450, 450, 140, 140, 10, 10, 960, 960, 270, 270, 240, 240, 250, 250, 250, 250, 600, 600, 230, 230, 160, 160, 430, 240, 240, 1010, 1010, 810, 810, 360, 360, 640, 640, 400, 400, 100, 100, 560, 560, 480, 480, 120, 120, 1180, 90, 1180, 90, 730, 730, 350, 350, 600, 600, 270, 270, 480, 480, 430, 430, 90, 470, 470, 90, 560, 560, 310, 310, 470, 470, 270, 270]"
2020-10-27 05:45:00+00:00,37980,0,70.0,"[190, 190, 660, 660, 2030, 2030, 480, 460, 460, 480, 290, 290, 50, 50, 130, 130, 1450, 1450, 50, 50, 1610, 1610, 640, 640, 270, 270, 2610, 2610, 360, 360, 120, 120, 160, 160, 1120, 1120, 800, 800, 280, 280, 1330, 1330, 20, 20, 440, 440, 720, 550, 720, 550, 320, 320, 70, 70, 500, 500, 250, 250, 90, 90, 520, 520, 110, 110, 70, 70, 70, 70, 170, 170]"
2020-10-27 05:50:00+00:00,54480,0,70.0,"[220, 220, 90, 90, 240, 240, 210, 210, 460, 460, 1860, 1860, 130, 130, 270, 270, 130, 130, 440, 440, 280, 280, 290, 290, 250, 250, 150, 150, 860, 860, 240, 240, 290, 290, 710, 710, 250, 250, 340, 340, 1000, 1000, 1830, 1830, 700, 700, 280, 280, 280, 280, 230, 230, 210, 210, 190, 190, 670, 670, 370, 370, 70, 70, 30, 30, 400, 400, 130, 130, 13140, 13140]"
2020-10-27 05:55:00+00:00,45120,0,66.0,"[500, 500, 170, 170, 1690, 1690, 80, 80, 60, 60, 3370, 3370, 580, 580, 190, 190, 1480, 1480, 10, 10, 700, 40, 40, 700, 640, 640, 180, 180, 650, 650, 80, 80, 300, 300, 190, 190, 230, 230, 290, 290, 180, 180, 4140, 4140, 860, 860, 60, 60, 1180, 1180, 320, 320, 310, 310, 370, 370, 130, 130, 970, 970, 990, 990, 360, 360, 1260, 1260]"
2020-10-27 06:00:00+00:00,75220,0,90.0,"[260, 260, 140, 140, 660, 660, 220, 220, 4440, 4440, 200, 200, 360, 360, 50, 50, 2220, 2220, 220, 220, 2150, 2150, 1090, 1090, 350, 350, 370, 370, 120, 120, 620, 620, 3360, 3360, 1180, 1180, 320, 320, 70, 70, 340, 340, 4680, 4680, 130, 130, 3580, 3580, 3360, 3360, 90, 90, 30, 30, 40, 40, 200, 200, 530, 530, 400, 400, 330, 330, 110, 110, 100, 100, 150, 150, 310, 310, 1050, 1050, 320, 320, 1330, 1330, 330, 330, 470, 470, 200, 200, 160, 160, 430, 430, 540, 540]"
2020-10-27 06:05:00+00:00,21040,0,58.0,"[500, 500, 1140, 1140, 400, 400, 80, 80, 1420, 1420, 120, 150, 120, 150, 150, 150, 30, 30, 450, 450, 60, 60, 130, 130, 30, 30, 90, 90, 60, 60, 60, 60, 90, 90, 940, 940, 280, 280, 230, 230, 370, 370, 320, 320, 290, 290, 160, 160, 100, 100, 20, 20, 1430, 1430, 1050, 1050, 370, 370]"
2020-10-27 06:10:00+00:00,27700,0,54.0,"[380, 380, 330, 330, 490, 490, 140, 140, 200, 200, 740, 740, 640, 640, 230, 230, 200, 200, 410, 410, 90, 90, 590, 590, 460, 460, 280, 280, 420, 420, 460, 460, 440, 440, 200, 200, 200, 200, 760, 760, 1270, 1270, 500, 500, 1560, 1560, 3420, 50, 50, 490, 490, 40, 590, 590]"
2020-10-27 06:15:00+00:00,36330,0,59.0,"[90, 90, 150, 150, 3430, 3430, 2840, 2840, 390, 390, 680, 680, 500, 60, 500, 60, 1120, 1120, 30, 30, 400, 400, 180, 290, 290, 180, 690, 690, 680, 680, 310, 310, 350, 350, 80, 80, 360, 360, 390, 390, 220, 220, 450, 450, 750, 430, 430, 100, 100, 80, 80, 50, 50, 3130, 3130, 290, 290, 20, 20]"
2020-10-27 06:20:00+00:00,30500,0,64.0,"[370, 370, 1580, 1350, 1580, 1350, 320, 320, 400, 400, 90, 90, 150, 150, 200, 200, 80, 80, 370, 370, 460, 1160, 460, 1160, 2030, 2030, 700, 700, 370, 370, 180, 460, 460, 180, 20, 20, 260, 260, 50, 50, 130, 130, 320, 320, 630, 630, 210, 210, 120, 120, 430, 430, 250, 250, 970, 970, 780, 780, 160, 160, 120, 120, 530, 530]"
2020-10-27 06:25:00+00:00,36590,0,52.0,"[650, 650, 30, 30, 850, 850, 470, 470, 320, 320, 220, 220, 20, 20, 190, 190, 6550, 6550, 460, 460, 1460, 1460, 640, 40, 40, 150, 150, 130, 130, 480, 480, 320, 320, 60, 60, 500, 500, 510, 510, 2710, 2710, 700, 700, 130, 130, 390, 390, 120, 120, 430, 430, 170]"
2020-10-27 06:30:00+00:00,29840,0,54.0,"[20, 20, 140, 140, 150, 150, 1810, 1810, 1020, 1020, 100, 100, 190, 190, 50, 50, 150, 130, 130, 150, 210, 210, 110, 110, 2000, 2000, 1020, 1020, 240, 240, 710, 710, 330, 330, 2150, 2150, 300, 300, 120, 120, 160, 160, 0, 0, 20, 20, 1410, 1410, 230, 160, 230, 160, 1990, 1990]"
2020-10-27 06:35:00+00:00,23440,0,60.0,"[60, 60, 530, 530, 410, 270, 270, 410, 220, 220, 150, 150, 470, 470, 50, 50, 250, 250, 1750, 1750, 250, 250, 280, 280, 110, 110, 150, 150, 420, 420, 400, 400, 360, 360, 280, 600, 600, 280, 660, 660, 80, 80, 90, 90, 1270, 1270, 350, 350, 220, 220, 700, 700, 40, 40, 930, 930, 260, 260, 110, 110]"
2020-10-27 06:40:00+00:00,27260,0,52.0,"[60, 60, 260, 1890, 1890, 260, 330, 330, 430, 430, 90, 90, 70, 70, 640, 640, 40, 40, 760, 760, 310, 310, 460, 460, 1100, 1100, 360, 360, 760, 760, 80, 80, 100, 100, 180, 180, 680, 680, 430, 430, 340, 340, 220, 220, 90, 90, 1420, 1420, 2360, 2360, 170, 170]"
2020-10-27 06:45:00+00:00,22120,0,50.0,"[560, 560, 1010, 1010, 120, 120, 300, 300, 1650, 1650, 290, 290, 410, 410, 60, 60, 460, 460, 50, 50, 500, 500, 1230, 1230, 810, 810, 240, 240, 600, 600, 240, 240, 120, 120, 400, 90, 90, 400, 40, 40, 200, 200, 700, 700, 180, 180, 690, 690, 110, 110]"
2020-10-27 06:50:00+00:00,36960,0,50.0,"[250, 250, 170, 170, 300, 300, 740, 740, 1740, 1740, 160, 160, 160, 310, 160, 310, 190, 190, 1390, 1390, 340, 340, 290, 290, 520, 520, 210, 210, 450, 450, 8000, 8000, 220, 220, 620, 620, 240, 240, 200, 200, 330, 330, 940, 940, 460, 460, 190, 190, 60, 60]"
2020-10-27 06:55:00+00:00,36820,0,52.0,"[420, 420, 1930, 1930, 1210, 1210, 110, 110, 840, 840, 1140, 1140, 120, 120, 210, 210, 230, 230, 3470, 3470, 400, 400, 190, 190, 110, 110, 2250, 2250, 2560, 2560, 670, 670, 870, 870, 90, 90, 120, 120, 170, 170, 340, 340, 10, 10, 440, 440, 150, 150, 220, 220, 140, 140]"
2020-10-27 07:00:00+00:00,15800,0,32.0,"[140, 140, 80, 80, 200, 200, 500, 500, 170, 170, 120, 120, 750, 750, 90, 90, 70, 70, 180, 180, 1000, 1000, 230, 230, 1840, 1840, 700, 700, 100, 100, 1730, 1730]"
2020-10-27 07:05:00+00:00,17240,0,28.0,"[240, 240, 210, 210, 240, 750, 240, 750, 2320, 2320, 130, 130, 80, 80, 1820, 1820, 1030, 1030, 240, 240, 990, 90, 990, 90, 260, 260, 220, 220]"
2020-10-27 07:10:00+00:00,26400,0,46.0,"[610, 610, 1510, 1510, 410, 410, 900, 900, 270, 270, 130, 130, 630, 630, 270, 270, 100, 100, 810, 810, 140, 140, 320, 320, 2210, 2210, 390, 390, 970, 970, 580, 580, 270, 270, 390, 390, 200, 200, 670, 670, 1120, 1120, 240, 240, 60, 60]"
2020-10-27 07:15:00+00:00,26440,0,38.0,"[230, 230, 950, 950, 140, 140, 180, 180, 50, 50, 740, 740, 720, 720, 140, 140, 200, 200, 1550, 1550, 110, 110, 240, 240, 270, 270, 100, 100, 290, 290, 160, 160, 1210, 1210, 460, 460, 5480, 5480]"
2020-10-27 07:20:00+00:00,31540,0,38.0,"[100, 100, 620, 620, 270, 270, 560, 560, 280, 280, 290, 290, 6940, 6940, 510, 510, 670, 670, 1010, 1010, 1320, 1320, 200, 200, 290, 290, 270, 270, 1280, 1280, 100, 100, 120, 120, 730, 730, 210, 210]"
2020-10-27 07:25:00+00:00,11780,0,30.0,"[380, 380, 420, 420, 290, 290, 80, 80, 730, 730, 410, 410, 400, 400, 150, 220, 150, 220, 210, 210, 850, 850, 140, 140, 180, 180, 1340, 1340, 90, 90]"
2020-10-27 07:30:00+00:00,32690,0,35.0,"[560, 560, 520, 520, 70, 70, 3790, 3790, 80, 80, 2930, 2930, 170, 170, 7790, 60, 60, 1260, 1260, 120, 120, 400, 400, 510, 100, 510, 100, 140, 140, 370, 370, 1060, 1060, 310, 310]"
2020-10-27 07:35:00+00:00,31960,0,38.0,"[240, 240, 200, 200, 520, 520, 630, 630, 2580, 2580, 320, 320, 720, 720, 160, 160, 390, 390, 160, 160, 510, 510, 170, 170, 460, 460, 6120, 6120, 830, 830, 630, 630, 120, 120, 580, 580, 640, 640]"
2020-10-27 07:40:00+00:00,70050,0,51.0,"[410, 410, 360, 360, 270, 270, 80, 80, 560, 560, 1200, 1200, 40, 40, 980, 980, 150, 150, 690, 690, 210, 170, 170, 320, 320, 740, 740, 330, 330, 360, 360, 22130, 22130, 330, 330, 3520, 3520, 70, 70, 380, 380, 270, 270, 350, 350, 190, 190, 350, 350, 670, 670]"
2020-10-27 07:45:00+00:00,27960,0,44.0,"[600, 600, 120, 120, 530, 530, 100, 100, 1630, 1630, 290, 290, 250, 250, 240, 240, 1360, 1360, 250, 250, 2800, 2800, 140, 140, 50, 50, 120, 120, 540, 540, 1570, 1570, 1180, 1180, 240, 240, 660, 660, 150, 150, 320, 320, 840, 840]"
2020-10-27 07:50:00+00:00,19120,0,31.0,"[1520, 1520, 940, 940, 150, 150, 1200, 1200, 1250, 1250, 360, 360, 960, 960, 120, 120, 360, 360, 430, 430, 250, 250, 590, 590, 280, 530, 530, 130, 130, 630, 630]"
2020-10-27 07:55:00+00:00,23980,0,45.0,"[440, 700, 700, 170, 170, 410, 410, 240, 240, 700, 700, 200, 200, 460, 460, 260, 260, 1890, 1890, 1220, 1220, 200, 200, 120, 120, 240, 240, 240, 240, 180, 180, 100, 1010, 1010, 100, 520, 520, 130, 130, 580, 580, 1680, 1680, 520, 520]"
2020-10-27 08:00:00+00:00,28100,0,20.0,"[650, 650, 220, 220, 500, 500, 1190, 1190, 960, 960, 2470, 2470, 180, 180, 1700, 1700, 3090, 3090, 3090, 3090]"
2020-10-27 08:05:00+00:00,33880,0,52.0,"[3090, 3090, 440, 440, 1070, 1070, 220, 430, 430, 220, 150, 150, 260, 260, 430, 430, 370, 370, 360, 360, 40, 40, 510, 510, 2870, 2870, 280, 280, 260, 260, 220, 220, 250, 250, 180, 180, 60, 60, 2660, 2660, 430, 430, 270, 270, 430, 430, 220, 220, 840, 840, 600, 600]"
2020-10-27 08:10:00+00:00,32360,0,26.0,"[570, 570, 1440, 1440, 80, 80, 2050, 160, 160, 2050, 180, 180, 120, 120, 2840, 2840, 1160, 1160, 1380, 1380, 1960, 1960, 320, 320, 3920, 3920]"
2020-10-27 08:15:00+00:00,22430,0,39.0,"[1570, 1570, 200, 200, 100, 100, 1800, 1800, 10, 640, 640, 760, 760, 250, 250, 1090, 1090, 340, 380, 340, 380, 390, 390, 1640, 1640, 160, 210, 160, 210, 440, 440, 80, 80, 310, 310, 280, 280, 570, 570]"
2020-10-27 08:20:00+00:00,18780,0,24.0,"[70, 70, 310, 310, 4820, 4820, 2110, 2110, 460, 460, 40, 40, 90, 90, 790, 790, 50, 50, 50, 50, 540, 540, 60, 60]"
2020-10-27 08:25:00+00:00,51670,0,39.0,"[30, 30, 50, 50, 510, 510, 350, 350, 70, 70, 320, 320, 180, 180, 1040, 1040, 2350, 2350, 2610, 2610, 1420, 1420, 550, 550, 4140, 4140, 520, 520, 1960, 1960, 310, 160, 160, 80, 80, 620, 620, 8720, 8720]"
2020-10-27 08:30:00+00:00,36680,0,34.0,"[4050, 4050, 1280, 1280, 900, 900, 40, 40, 230, 230, 2190, 2190, 700, 700, 280, 280, 130, 130, 1420, 1420, 170, 170, 1060, 1060, 130, 130, 260, 260, 3160, 3160, 2240, 2240, 100, 100]"
2020-10-27 08:35:00+00:00,18660,0,20.0,"[470, 470, 320, 320, 240, 240, 4780, 4780, 140, 140, 620, 620, 1220, 1220, 170, 170, 170, 170, 1200, 1200]"
2020-10-27 08:40:00+00:00,12500,0,26.0,"[70, 70, 510, 510, 960, 960, 370, 370, 180, 180, 440, 440, 330, 330, 260, 260, 940, 940, 160, 160, 300, 300, 1230, 1230, 500, 500]"
2020-10-27 08:45:00+00:00,62900,0,30.0,"[230, 230, 200, 200, 290, 290, 4360, 4360, 310, 310, 1020, 1020, 16830, 16830, 390, 390, 280, 280, 240, 240, 320, 320, 710, 710, 40, 40, 320, 320, 5910, 5910]"
2020-10-27 08:50:00+00:00,6780,0,16.0,"[410, 410, 60, 60, 580, 580, 230, 230, 340, 340, 720, 720, 850, 850, 200, 200]"
2020-10-27 08:55:00+00:00,59400,0,36.0,"[1210, 1210, 200, 200, 520, 520, 120, 120, 4460, 4460, 950, 950, 420, 1210, 1210, 420, 440, 440, 320, 320, 440, 440, 300, 300, 2470, 2470, 380, 380, 380, 380, 14160, 14160, 450, 450, 1270, 1270]"
2020-10-27 09:00:00+00:00,10820,0,22.0,"[180, 180, 350, 350, 1000, 1000, 60, 60, 450, 450, 460, 460, 1600, 1600, 210, 210, 30, 30, 480, 480, 590, 590]"
2020-10-27 09:05:00+00:00,19820,0,22.0,"[1390, 1390, 780, 780, 340, 340, 620, 620, 1550, 1550, 630, 630, 1430, 1430, 270, 270, 2400, 2400, 220, 220, 280, 280]"
2020-10-27 09:10:00+00:00,42740,0,30.0,"[270, 270, 240, 240, 990, 990, 460, 460, 500, 500, 590, 590, 2420, 2420, 2010, 2010, 2420, 2420, 1440, 1440, 1050, 1050, 120, 120, 4020, 4020, 2420, 2420, 2420, 2420]"
2020-10-27 09:15:00+00:00,93960,0,34.0,"[340, 340, 570, 570, 27090, 27090, 410, 410, 6230, 6230, 1740, 1740, 2800, 2800, 1160, 1160, 2030, 2030, 150, 150, 500, 500, 750, 750, 120, 120, 390, 390, 120, 120, 780, 780, 1800, 1800]"
2020-10-27 09:20:00+00:00,24970,0,29.0,"[1320, 1320, 600, 600, 310, 310, 2690, 2690, 2690, 2690, 70, 70, 900, 900, 1830, 1830, 30, 30, 650, 650, 90, 90, 690, 690, 130, 280, 280, 270, 270]"
2020-10-27 09:25:00+00:00,38620,0,30.0,"[7050, 7050, 30, 30, 160, 160, 640, 640, 100, 100, 70, 70, 2870, 2870, 10, 10, 2270, 2270, 460, 460, 120, 120, 1040, 1040, 1990, 1990, 2180, 2180, 320, 320]"
2020-10-27 09:30:00+00:00,31880,0,32.0,"[60, 60, 170, 170, 4370, 4370, 590, 590, 4370, 4370, 1740, 1740, 50, 50, 240, 240, 590, 590, 270, 270, 480, 480, 1120, 1120, 220, 220, 70, 70, 1060, 1060, 540, 540]"
2020-10-27 09:35:00+00:00,8960,0,30.0,"[10, 10, 470, 470, 500, 500, 150, 150, 240, 240, 450, 450, 520, 520, 60, 60, 280, 280, 550, 550, 380, 380, 420, 420, 360, 360, 30, 30, 60, 60]"
2020-10-27 09:40:00+00:00,55800,0,24.0,"[900, 900, 4140, 4140, 710, 710, 140, 140, 700, 700, 300, 300, 8340, 8340, 3550, 3550, 2690, 2690, 180, 180, 2690, 2690, 3560, 3560]"
2020-10-27 09:45:00+00:00,30320,0,26.0,"[440, 440, 1140, 1140, 820, 820, 250, 250, 460, 460, 760, 760, 4980, 4980, 2340, 2340, 140, 140, 790, 790, 1760, 1760, 110, 110, 1170, 1170]"
2020-10-27 09:50:00+00:00,24700,0,18.0,"[5260, 5260, 2860, 2860, 1170, 1170, 910, 910, 130, 130, 1030, 1030, 30, 30, 480, 480, 480, 480]"
2020-10-27 09:55:00+00:00,24250,0,39.0,"[740, 740, 720, 720, 440, 440, 310, 310, 260, 260, 960, 960, 60, 60, 1300, 1300, 210, 210, 100, 100, 520, 520, 1270, 1270, 490, 10, 10, 2190, 2190, 210, 210, 350, 350, 370, 370, 960, 960, 900, 900]"
2020-10-27 10:00:00+00:00,6340,0,14.0,"[160, 160, 210, 210, 660, 660, 230, 230, 250, 250, 260, 260, 1400, 1400]"
2020-10-27 10:05:00+00:00,14100,0,28.0,"[200, 200, 200, 200, 270, 270, 250, 250, 250, 250, 2050, 2050, 330, 330, 90, 90, 300, 300, 300, 300, 370, 370, 100, 100, 1880, 1880, 460, 460]"
2020-10-27 10:10:00+00:00,90480,0,20.0,"[2440, 2440, 870, 870, 530, 530, 320, 320, 1220, 1220, 320, 320, 90, 90, 600, 600, 1650, 1650, 37200, 37200]"
2020-10-27 10:15:00+00:00,21240,0,31.0,"[560, 560, 1260, 1260, 220, 220, 1070, 1070, 130, 130, 390, 390, 180, 180, 4020, 4020, 1320, 490, 490, 280, 280, 110, 110, 430, 430, 380, 380, 140, 140, 300, 300]"
2020-10-27 10:20:00+00:00,28600,0,42.0,"[830, 830, 180, 300, 180, 300, 3100, 3100, 690, 690, 1550, 1550, 620, 620, 50, 50, 690, 690, 100, 100, 900, 900, 520, 520, 410, 410, 100, 100, 810, 810, 810, 810, 350, 350, 660, 660, 850, 850, 400, 400, 380, 380]"
2020-10-27 10:25:00+00:00,38380,0,32.0,"[410, 410, 340, 340, 340, 340, 0, 0, 100, 100, 380, 380, 20, 20, 410, 410, 6670, 6670, 6670, 6670, 640, 640, 130, 130, 280, 280, 500, 500, 2160, 2160, 140, 140]"
2020-10-27 10:30:00+00:00,20320,0,34.0,"[2420, 2420, 500, 500, 370, 370, 40, 40, 20, 20, 1020, 1020, 200, 200, 50, 50, 380, 380, 500, 500, 230, 230, 1520, 1520, 40, 40, 30, 30, 190, 190, 350, 350, 2300, 2300]"
2020-10-27 10:35:00+00:00,25820,0,28.0,"[130, 130, 940, 940, 100, 100, 160, 160, 1670, 1670, 480, 480, 330, 330, 1700, 1700, 460, 460, 160, 160, 180, 180, 220, 220, 6290, 6290, 90, 90]"
2020-10-27 10:40:00+00:00,14060,0,32.0,"[60, 60, 80, 80, 1090, 1090, 100, 100, 320, 320, 410, 410, 200, 200, 270, 270, 600, 600, 1320, 1320, 890, 890, 50, 1220, 1220, 50, 70, 70, 120, 120, 230, 230]"
2020-10-27 10:45:00+00:00,25220,0,22.0,"[140, 140, 1940, 1940, 250, 250, 1130, 1130, 3050, 3050, 1260, 1260, 1920, 1920, 880, 880, 1170, 1170, 300, 300, 570, 570]"
2020-10-27 10:50:00+00:00,12720,0,32.0,"[250, 250, 590, 590, 100, 100, 830, 830, 890, 890, 1550, 1550, 830, 830, 30, 30, 220, 220, 170, 170, 140, 140, 90, 90, 50, 50, 210, 210, 240, 240, 170, 170]"
2020-10-27 10:55:00+00:00,12200,0,22.0,"[370, 370, 260, 260, 620, 620, 230, 230, 2880, 2880, 290, 290, 50, 50, 260, 260, 300, 300, 540, 540, 300, 300]"
2020-10-27 11:00:00+00:00,13060,0,24.0,"[730, 730, 160, 160, 420, 420, 360, 360, 1310, 1310, 500, 500, 150, 150, 80, 80, 820, 820, 1280, 1280, 260, 260, 460, 460]"
2020-10-27 11:05:00+00:00,13620,0,18.0,"[600, 600, 360, 360, 270, 270, 160, 160, 720, 720, 1420, 1420, 180, 180, 120, 120, 2980, 2980]"
2020-10-27 11:10:00+00:00,32940,0,20.0,"[500, 500, 2090, 2090, 1160, 1160, 370, 370, 120, 120, 330, 330, 270, 270, 130, 130, 300, 300, 11200, 11200]"
2020-10-27 11:15:00+00:00,4160,0,16.0,"[170, 370, 170, 370, 100, 100, 300, 300, 150, 150, 130, 130, 70, 70, 790, 790]"
2020-10-27 11:20:00+00:00,15020,0,26.0,"[620, 620, 200, 200, 120, 120, 1010, 1010, 180, 180, 250, 250, 2000, 2000, 1960, 1960, 240, 240, 190, 190, 500, 500, 180, 180, 60, 60]"
2020-10-27 11:25:00+00:00,20100,0,32.0,"[420, 420, 400, 400, 200, 200, 1070, 1070, 530, 530, 1650, 1650, 1450, 1450, 410, 410, 1320, 1320, 300, 300, 180, 180, 280, 280, 40, 40, 240, 240, 200, 200, 1360, 1360]"
2020-10-27 11:30:00+00:00,13160,0,30.0,"[180, 180, 260, 260, 310, 310, 530, 530, 320, 320, 610, 610, 490, 490, 790, 790, 150, 150, 650, 650, 880, 880, 490, 490, 630, 630, 130, 130, 160, 160]"
2020-10-27 11:35:00+00:00,25880,0,38.0,"[400, 400, 800, 800, 1800, 1800, 510, 510, 4360, 4360, 1010, 1010, 70, 70, 330, 330, 100, 100, 230, 230, 320, 320, 1280, 1280, 530, 530, 50, 50, 490, 490, 190, 190, 350, 350, 70, 70, 50, 50]"
2020-10-27 11:40:00+00:00,41580,0,48.0,"[640, 540, 540, 370, 370, 700, 700, 570, 570, 970, 970, 110, 110, 830, 830, 1140, 1140, 680, 680, 40, 40, 180, 180, 4360, 880, 880, 4360, 930, 930, 120, 120, 880, 880, 1450, 1450, 1930, 1930, 60, 60, 120, 120, 1370, 1370, 360, 360, 1610, 1610, 540]"
2020-10-27 11:45:00+00:00,93320,0,44.0,"[29750, 29750, 610, 610, 90, 90, 890, 890, 250, 250, 110, 110, 1300, 1300, 760, 760, 310, 310, 320, 510, 320, 510, 280, 280, 1010, 1010, 720, 720, 330, 330, 210, 210, 780, 780, 100, 100, 390, 390, 7400, 490, 7400, 490, 50, 50]"
2020-10-27 11:50:00+00:00,47740,0,46.0,"[2060, 2060, 240, 240, 880, 880, 1990, 1990, 7720, 7720, 70, 70, 750, 750, 1110, 1110, 450, 450, 100, 100, 160, 160, 420, 420, 930, 930, 190, 190, 60, 60, 1250, 1250, 910, 910, 710, 960, 960, 710, 1140, 1140, 720, 720, 840, 840, 210, 210]"
2020-10-27 11:55:00+00:00,59840,0,44.0,"[2250, 2250, 510, 1620, 510, 1620, 1110, 1110, 50, 50, 630, 630, 750, 750, 290, 290, 1960, 1960, 1660, 1660, 130, 130, 630, 630, 2930, 2930, 6320, 6320, 300, 300, 420, 420, 80, 80, 120, 120, 2520, 2520, 1120, 1120, 400, 400, 4120, 4120]"
2020-10-27 12:00:00+00:00,61200,0,66.0,"[240, 240, 1150, 1150, 140, 140, 320, 320, 1150, 1150, 570, 570, 170, 170, 1520, 120, 120, 1520, 220, 220, 300, 300, 3630, 3630, 2220, 2220, 690, 690, 480, 480, 550, 550, 250, 250, 780, 780, 660, 660, 870, 870, 250, 250, 830, 830, 400, 400, 280, 280, 2510, 2510, 810, 810, 450, 450, 6460, 6460, 210, 210, 1230, 1230, 400, 400, 410, 410, 330, 330]"
2020-10-27 12:05:00+00:00,29120,0,49.0,"[120, 120, 210, 210, 420, 420, 20, 270, 270, 120, 120, 3280, 3280, 440, 440, 250, 250, 2910, 2910, 630, 630, 1240, 1240, 560, 560, 650, 650, 200, 200, 1140, 1140, 30, 30, 70, 70, 240, 240, 360, 360, 600, 600, 210, 210, 420, 420, 160, 160, 20, 20]"
2020-10-27 12:10:00+00:00,59520,0,80.0,"[660, 660, 220, 220, 120, 120, 640, 640, 410, 170, 170, 410, 80, 80, 870, 870, 340, 340, 2490, 2490, 820, 50, 820, 50, 30, 30, 120, 120, 170, 170, 720, 720, 440, 440, 420, 420, 660, 660, 230, 230, 100, 100, 820, 820, 660, 660, 490, 490, 180, 180, 660, 660, 1580, 1580, 1430, 1430, 50, 50, 370, 370, 2320, 2320, 6100, 6100, 210, 210, 920, 920, 350, 350, 1560, 1560, 400, 400, 0, 0, 1320, 1320, 580, 580]"
2020-10-27 12:15:00+00:00,35740,0,62.0,"[620, 620, 570, 570, 1510, 1510, 750, 750, 570, 570, 1490, 1490, 100, 100, 500, 500, 920, 920, 210, 210, 410, 410, 70, 70, 500, 500, 2260, 2260, 330, 330, 180, 180, 290, 290, 1330, 1330, 170, 170, 10, 10, 210, 210, 200, 200, 40, 40, 990, 990, 150, 1410, 150, 1410, 90, 90, 240, 240, 310, 310, 820, 820, 620, 620]"
2020-10-27 12:20:00+00:00,73910,0,89.0,"[620, 620, 110, 110, 300, 300, 300, 300, 700, 700, 390, 390, 1130, 1130, 210, 210, 490, 490, 1060, 250, 1060, 250, 60, 60, 820, 3050, 820, 3050, 390, 8530, 390, 8530, 110, 110, 740, 740, 10, 10, 270, 1850, 270, 590, 590, 1190, 380, 1190, 380, 5840, 5840, 730, 730, 3110, 3110, 310, 310, 100, 100, 110, 110, 290, 290, 90, 90, 140, 130, 140, 130, 380, 380, 320, 320, 310, 310, 270, 270, 320, 320, 500, 500, 110, 110, 670, 670, 50, 50, 90, 90, 460, 460]"
2020-10-27 12:25:00+00:00,81580,2,62.0,"[220, 220, 240, 240, 430, 430, 15280, 15280, 1440, 1440, 650, 650, 130, 130, 1040, 1040, 500, 500, 80, 80, 80, 80, 340, 340, 5610, 5610, 720, 720, 520, 520, 240, 240, 570, 570, 1190, 1190, 130, 130, 1230, 1230, 120, 120, 1210, 1210, 500, 500, 540, 540, 1590, 150, 1590, 150, 730, 730, 540, 540, 40, 700, 40, 700, 4030, 4030]"
2020-10-27 12:30:00+00:00,121480,2,50.0,"[440, 440, 490, 490, 540, 540, 770, 770, 90, 90, 1690, 1690, 170, 170, 120, 120, 980, 980, 1320, 1320, 660, 660, 100, 100, 50, 50, 170, 170, 640, 640, 120, 120, 750, 750, 760, 760, 1310, 1310, 30, 30, 1760, 1760, 44890, 44890, 2410, 2410, 340, 340, 140, 140]"
2020-10-27 12:35:00+00:00,24140,0,42.0,"[1020, 1020, 80, 80, 560, 560, 240, 240, 560, 560, 3060, 3060, 410, 410, 420, 420, 1200, 1200, 30, 30, 720, 720, 440, 440, 520, 520, 10, 10, 790, 790, 130, 130, 400, 400, 480, 480, 440, 440, 320, 320, 240, 240]"
2020-10-27 12:40:00+00:00,48620,0,56.0,"[970, 970, 8340, 8340, 360, 360, 570, 570, 2010, 2010, 230, 230, 150, 150, 690, 690, 110, 110, 10, 10, 270, 270, 2140, 2140, 190, 190, 380, 380, 450, 450, 160, 160, 540, 540, 650, 650, 630, 630, 190, 190, 330, 330, 70, 70, 30, 30, 890, 890, 740, 740, 980, 980, 2200, 2200, 30, 30]"
2020-10-27 12:45:00+00:00,32360,0,63.0,"[920, 920, 230, 230, 760, 760, 2860, 2860, 360, 360, 750, 750, 3720, 3720, 1200, 1200, 300, 300, 100, 100, 170, 170, 50, 50, 40, 40, 620, 620, 420, 420, 60, 100, 100, 110, 110, 110, 110, 100, 100, 310, 310, 280, 280, 60, 60, 100, 100, 160, 160, 50, 50, 340, 340, 400, 400, 20, 20, 720, 720, 350, 350, 440, 440]"
2020-10-27 12:50:00+00:00,28380,0,49.0,"[800, 800, 1240, 1240, 880, 880, 10, 10, 750, 750, 390, 390, 220, 220, 370, 370, 160, 160, 160, 2980, 2980, 280, 280, 230, 230, 110, 110, 340, 340, 620, 620, 880, 880, 110, 110, 180, 180, 690, 690, 870, 870, 350, 350, 600, 600, 570, 570, 480, 480]"
2020-10-27 12:55:00+00:00,157480,0,49.0,"[250, 250, 220, 220, 190, 190, 51340, 51340, 220, 220, 340, 340, 600, 600, 610, 610, 1730, 1730, 200, 200, 360, 360, 20, 20, 220, 470, 470, 100, 100, 330, 330, 740, 740, 18910, 18910, 180, 180, 220, 220, 50, 50, 150, 150, 140, 140, 940, 940, 320, 320]"
2020-10-27 13:00:00+00:00,77330,0,73.0,"[390, 390, 960, 960, 690, 690, 510, 510, 610, 610, 920, 920, 3900, 1110, 1110, 170, 170, 1210, 190, 1210, 190, 160, 160, 380, 380, 1300, 1300, 0, 0, 2960, 2960, 50, 50, 210, 210, 9120, 9120, 160, 160, 710, 500, 710, 60, 500, 60, 10, 280, 280, 1210, 1210, 4760, 540, 540, 390, 390, 10, 10, 140, 140, 4490, 4490, 120, 120, 240, 240, 1500, 1500, 640, 640, 1980, 1980, 420, 420]"
2020-10-27 13:05:00+00:00,218420,0,99.0,"[410, 410, 200, 200, 1500, 1500, 1970, 1970, 180, 180, 290, 290, 410, 140, 410, 140, 890, 890, 460, 460, 1780, 1780, 30, 30, 2440, 2440, 910, 910, 100, 100, 570, 570, 450, 450, 3940, 3940, 250, 250, 4590, 4590, 830, 830, 210, 210, 280, 310, 280, 310, 460, 460, 1260, 290, 290, 440, 440, 2500, 2500, 1140, 1140, 1430, 1430, 60, 60, 680, 680, 320, 320, 400, 400, 1430, 1430, 1880, 1880, 1140, 1140, 540, 540, 710, 710, 350, 350, 2010, 2010, 350, 350, 740, 740, 15750, 710, 260, 260, 710, 15750, 51340, 51340, 170, 340, 170, 340]"
2020-10-27 13:10:00+00:00,74140,0,81.0,"[630, 630, 320, 320, 410, 410, 3020, 3020, 180, 180, 300, 300, 890, 890, 1110, 1110, 420, 420, 110, 110, 130, 130, 1420, 1420, 110, 110, 1420, 370, 1420, 370, 120, 120, 11680, 11680, 590, 590, 400, 400, 40, 40, 800, 800, 630, 630, 1420, 1420, 110, 110, 710, 710, 900, 620, 620, 420, 420, 420, 420, 60, 60, 2300, 2300, 820, 820, 1740, 1740, 340, 340, 40, 40, 490, 490, 260, 260, 130, 130, 950, 950, 50, 50, 640, 640]"
2020-10-27 13:15:00+00:00,36280,0,64.0,"[540, 540, 90, 90, 60, 60, 720, 720, 1860, 1860, 90, 90, 510, 510, 300, 300, 730, 730, 880, 880, 420, 420, 240, 240, 370, 370, 910, 910, 440, 440, 140, 140, 580, 580, 50, 50, 130, 130, 260, 260, 550, 550, 160, 160, 1880, 1880, 1220, 1220, 260, 260, 460, 460, 580, 580, 470, 470, 580, 580, 360, 360, 1940, 1940, 360, 360]"
2020-10-27 13:20:00+00:00,44690,0,75.0,"[1940, 1940, 20, 20, 360, 360, 250, 250, 1000, 1000, 60, 60, 1030, 1030, 1700, 1700, 70, 390, 390, 210, 210, 960, 960, 1350, 1350, 1320, 1320, 1060, 1060, 180, 180, 430, 430, 220, 220, 320, 320, 270, 270, 480, 480, 1400, 1400, 300, 300, 120, 120, 40, 40, 260, 260, 360, 360, 240, 240, 560, 560, 320, 540, 320, 540, 100, 100, 620, 620, 430, 430, 590, 590, 520, 520, 1360, 1360, 1000, 1000]"
2020-10-27 13:25:00+00:00,71740,2,61.0,"[1730, 1730, 1090, 1480, 1090, 1480, 1570, 1570, 190, 190, 570, 570, 190, 190, 500, 500, 1730, 1730, 620, 620, 90, 90, 320, 320, 410, 410, 530, 530, 450, 450, 4120, 4120, 220, 220, 140, 140, 600, 600, 410, 410, 13570, 13570, 550, 550, 460, 460, 130, 130, 50, 760, 50, 760, 810, 2020, 810, 2020, 260, 260, 190, 190, 220]"
2020-10-27 13:30:00+00:00,71440,0,74.0,"[660, 660, 150, 150, 990, 990, 160, 160, 190, 190, 860, 860, 1540, 1540, 300, 300, 3180, 50, 3180, 50, 240, 240, 1320, 1320, 280, 280, 100, 100, 1290, 1290, 200, 5680, 200, 5680, 1390, 1390, 640, 5680, 5680, 640, 500, 500, 250, 250, 220, 430, 220, 430, 980, 980, 3750, 3750, 70, 70, 20, 20, 1100, 1100, 700, 700, 440, 440, 200, 200, 80, 80, 560, 700, 700, 560, 280, 280, 540, 540]"
2020-10-27 13:35:00+00:00,94720,0,81.0,"[1060, 1060, 280, 280, 500, 500, 280, 280, 90, 90, 260, 260, 1700, 1700, 280, 280, 770, 770, 60, 640, 640, 380, 380, 120, 120, 520, 520, 1210, 1210, 1360, 1360, 360, 360, 240, 150, 240, 150, 790, 790, 90, 90, 100, 100, 800, 800, 4970, 4970, 220, 220, 700, 700, 400, 400, 1140, 1140, 120, 120, 470, 470, 150, 210, 150, 210, 820, 820, 13730, 13730, 7030, 7030, 980, 980, 430, 430, 20, 20, 190, 190, 1840, 1840, 1930, 1930]"
2020-10-27 13:40:00+00:00,35180,0,50.0,"[340, 340, 3320, 3320, 260, 260, 1230, 1230, 160, 160, 1430, 1430, 750, 750, 340, 340, 1120, 1120, 1140, 1140, 310, 310, 40, 40, 270, 270, 410, 410, 730, 730, 230, 230, 200, 200, 1040, 1040, 2880, 2880, 240, 240, 410, 410, 50, 50, 90, 90, 140, 140, 460, 460]"
2020-10-27 13:45:00+00:00,64690,0,79.0,"[140, 140, 350, 350, 180, 180, 340, 340, 2360, 2360, 1060, 1060, 190, 190, 200, 200, 160, 160, 130, 360, 360, 130, 1110, 1110, 510, 510, 320, 320, 90, 90, 320, 320, 130, 130, 50, 50, 150, 150, 730, 730, 1810, 670, 670, 3900, 3900, 650, 650, 1960, 1960, 640, 640, 8360, 8360, 720, 720, 140, 140, 240, 240, 150, 150, 2360, 2360, 1130, 1130, 510, 510, 180, 430, 430, 180, 40, 40, 30, 30, 340, 340, 110, 110]"
2020-10-27 13:50:00+00:00,77680,0,72.0,"[1940, 1940, 150, 150, 660, 660, 660, 660, 2180, 2180, 720, 720, 340, 340, 1230, 1230, 450, 450, 30, 1590, 1590, 30, 100, 100, 880, 880, 400, 400, 1500, 1500, 640, 640, 540, 540, 120, 120, 180, 180, 2200, 2200, 290, 290, 1650, 1620, 1650, 1620, 12910, 12910, 90, 90, 290, 290, 20, 20, 1350, 1350, 1130, 1130, 180, 180, 200, 200, 540, 540, 100, 100, 500, 950, 500, 950, 510, 510]"
2020-10-27 13:55:00+00:00,36820,0,52.0,"[340, 340, 600, 600, 400, 400, 2610, 2610, 500, 500, 720, 720, 290, 290, 340, 340, 270, 450, 270, 450, 1280, 1280, 1050, 1050, 150, 150, 490, 490, 390, 390, 1480, 1480, 1890, 1890, 860, 860, 600, 600, 110, 280, 110, 280, 1400, 1400, 190, 190, 450, 450, 1060, 1060, 210, 210]"
2020-10-27 14:00:00+00:00,96480,0,64.0,"[680, 680, 230, 230, 400, 400, 110, 110, 880, 880, 600, 600, 30, 30, 2030, 2030, 17870, 17870, 1740, 1740, 410, 410, 200, 180, 180, 200, 440, 440, 120, 120, 890, 890, 660, 660, 340, 340, 310, 310, 160, 160, 1420, 1420, 1600, 580, 1600, 580, 340, 340, 700, 700, 640, 640, 4210, 4210, 180, 180, 8720, 8720, 1070, 360, 360, 1070, 140, 140]"
2020-10-27 14:05:00+00:00,106980,0,77.0,"[190, 190, 200, 200, 430, 430, 520, 520, 70, 70, 140, 140, 200, 200, 500, 500, 390, 390, 1250, 1250, 1360, 1360, 200, 780, 780, 200, 230, 230, 480, 480, 700, 700, 450, 450, 2430, 2430, 500, 500, 450, 450, 320, 300, 300, 740, 740, 260, 260, 1190, 1190, 690, 690, 400, 400, 1740, 1740, 180, 180, 340, 340, 1290, 1290, 250, 250, 16730, 16730, 720, 720, 16300, 16300, 80, 90, 80, 90, 160, 160, 400, 400]"
2020-10-27 14:10:00+00:00,73020,0,100.0,"[1610, 1610, 520, 520, 510, 510, 1700, 1700, 230, 230, 240, 240, 220, 220, 370, 370, 90, 90, 60, 60, 40, 1620, 40, 1620, 770, 770, 8040, 8040, 860, 860, 120, 120, 260, 260, 150, 150, 2890, 2890, 360, 360, 100, 100, 60, 60, 5110, 5110, 90, 90, 480, 60, 480, 60, 380, 380, 620, 1710, 1710, 620, 90, 90, 270, 270, 550, 550, 860, 860, 30, 30, 50, 50, 390, 390, 0, 0, 370, 370, 1010, 1010, 90, 90, 160, 160, 80, 80, 150, 150, 730, 730, 500, 500, 150, 150, 270, 270, 90, 90, 80, 1320, 1320, 80]"
2020-10-27 14:15:00+00:00,100240,0,90.0,"[20, 20, 450, 450, 20, 20, 120, 120, 300, 300, 3570, 3570, 50, 50, 220, 220, 280, 280, 15770, 15770, 220, 220, 360, 360, 1050, 1050, 110, 110, 3400, 3400, 890, 890, 1250, 1250, 1400, 1400, 1330, 1330, 280, 280, 1050, 1050, 540, 540, 500, 500, 370, 370, 140, 140, 400, 400, 1000, 1000, 20, 20, 160, 160, 270, 270, 910, 910, 1080, 1080, 880, 880, 570, 440, 440, 570, 3370, 680, 3370, 680, 300, 300, 880, 880, 80, 80, 140, 140, 5080, 5080, 130, 130, 20, 20, 20, 20]"
2020-10-27 14:20:00+00:00,36880,0,83.0,"[80, 80, 430, 430, 1180, 1180, 460, 460, 1450, 1450, 130, 130, 130, 130, 480, 480, 520, 520, 240, 240, 2530, 550, 550, 130, 130, 310, 70, 70, 100, 300, 300, 600, 600, 650, 650, 320, 320, 510, 510, 60, 60, 1020, 80, 1020, 80, 330, 330, 120, 150, 240, 150, 120, 240, 2200, 2200, 40, 40, 170, 170, 220, 220, 460, 460, 300, 300, 100, 100, 130, 130, 1090, 1090, 560, 560, 280, 280, 260, 260, 330, 330, 300, 300, 300, 300]"
2020-10-27 14:25:00+00:00,68660,0,90.0,"[460, 460, 220, 100, 220, 100, 600, 600, 430, 430, 4230, 4230, 30, 30, 230, 230, 540, 540, 270, 20, 20, 270, 810, 810, 1650, 1650, 1580, 1580, 180, 180, 660, 660, 330, 330, 310, 310, 80, 80, 130, 130, 100, 100, 460, 460, 300, 300, 920, 920, 1000, 1000, 50, 50, 160, 160, 470, 470, 20, 20, 40, 90, 90, 40, 5500, 5500, 290, 290, 130, 130, 50, 50, 1050, 1050, 1370, 320, 1370, 320, 7100, 7100, 120, 120, 140, 140, 250, 250, 180, 180, 660, 660, 700, 700]"
2020-10-27 14:30:00+00:00,36200,0,86.0,"[220, 220, 380, 380, 230, 230, 1390, 1390, 510, 510, 900, 900, 180, 180, 30, 30, 1090, 1090, 70, 70, 1010, 1010, 600, 600, 420, 420, 280, 280, 60, 60, 40, 40, 220, 220, 120, 120, 1200, 230, 1200, 230, 490, 490, 270, 270, 220, 220, 520, 520, 780, 490, 780, 490, 80, 80, 360, 360, 1090, 1090, 250, 250, 520, 520, 240, 240, 220, 220, 240, 240, 50, 50, 280, 280, 1120, 1120, 410, 410, 190, 190, 20, 20, 120, 120, 840, 840, 120, 120]"
2020-10-27 14:35:00+00:00,58780,0,86.0,"[190, 190, 500, 500, 240, 240, 270, 270, 320, 320, 620, 620, 7460, 7460, 40, 40, 80, 80, 500, 500, 10, 10, 100, 100, 610, 610, 80, 80, 180, 180, 50, 50, 570, 570, 870, 870, 340, 340, 310, 310, 620, 620, 770, 770, 50, 50, 1150, 1150, 1100, 340, 340, 70, 550, 70, 550, 610, 610, 250, 250, 130, 130, 840, 840, 100, 100, 100, 200, 100, 200, 540, 540, 520, 520, 310, 310, 510, 510, 220, 220, 720, 720, 2410, 2410, 4450, 4450, 80]"
2020-10-27 14:40:00+00:00,90780,0,124.0,"[820, 820, 450, 450, 470, 470, 140, 140, 170, 170, 350, 350, 60, 60, 240, 240, 90, 90, 580, 580, 1060, 1060, 1480, 1480, 20, 20, 1210, 1210, 890, 890, 350, 350, 740, 980, 980, 740, 3740, 3740, 1160, 1160, 990, 990, 200, 200, 9880, 9880, 560, 560, 1070, 1070, 150, 150, 20, 410, 410, 1380, 1380, 370, 370, 520, 520, 120, 480, 480, 320, 120, 320, 120, 130, 130, 120, 120, 190, 190, 3320, 3320, 120, 120, 360, 360, 270, 270, 280, 280, 130, 130, 1460, 1460, 20, 20, 360, 360, 610, 610, 510, 240, 510, 240, 1050, 1050, 40, 40, 510, 510, 1440, 1440, 160, 160, 140, 140, 430, 400, 20, 430, 580, 400, 20, 580, 120, 750, 120, 750, 110, 110]"
2020-10-27 14:45:00+00:00,99860,0,120.0,"[410, 410, 510, 510, 80, 80, 140, 140, 140, 140, 610, 610, 370, 370, 190, 870, 190, 870, 250, 250, 820, 820, 190, 190, 650, 650, 240, 240, 2080, 330, 2080, 330, 1070, 1070, 80, 80, 140, 140, 450, 450, 180, 180, 640, 90, 90, 640, 320, 320, 1650, 1650, 240, 240, 270, 270, 20, 20, 16800, 16800, 1290, 80, 80, 1290, 100, 100, 560, 560, 60, 60, 870, 610, 870, 610, 310, 310, 500, 160, 500, 160, 320, 320, 220, 220, 5240, 5240, 110, 110, 90, 1760, 1760, 90, 70, 70, 2740, 2740, 60, 60, 620, 620, 1220, 1220, 310, 310, 210, 210, 130, 130, 380, 380, 180, 180, 120, 120, 880, 880, 360, 360, 160, 160, 380, 380]"
2020-10-27 14:50:00+00:00,80080,0,111.0,"[370, 370, 610, 610, 120, 120, 610, 610, 940, 940, 1270, 1270, 570, 570, 5110, 5110, 80, 80, 180, 180, 100, 100, 170, 170, 170, 210, 210, 170, 80, 80, 1490, 1490, 1810, 60, 1810, 60, 1140, 1140, 990, 130, 130, 990, 790, 790, 500, 500, 750, 750, 40, 40, 280, 860, 280, 860, 1040, 460, 460, 460, 460, 320, 320, 490, 490, 810, 810, 160, 160, 90, 90, 370, 370, 150, 150, 1830, 1830, 4510, 4510, 220, 220, 3590, 3590, 670, 670, 230, 230, 60, 150, 150, 60, 210, 210, 690, 690, 60, 60, 310, 310, 480, 480, 400, 400, 690, 690, 290, 290, 550, 550, 820, 820, 1020, 1020]"
2020-10-27 14:55:00+00:00,49030,0,109.0,"[240, 240, 40, 40, 180, 150, 180, 150, 40, 40, 370, 370, 530, 530, 350, 350, 210, 1310, 210, 1310, 320, 320, 1120, 1120, 600, 600, 480, 480, 1080, 1080, 1940, 90, 90, 1940, 30, 270, 30, 270, 30, 160, 160, 120, 120, 300, 300, 290, 290, 480, 480, 1150, 1150, 740, 740, 150, 150, 240, 240, 450, 450, 400, 400, 440, 440, 1150, 1150, 80, 80, 370, 370, 350, 350, 310, 310, 240, 240, 980, 980, 90, 90, 240, 240, 980, 980, 300, 170, 170, 300, 120, 120, 60, 60, 640, 640, 400, 400, 60, 60, 380, 380, 710, 710, 660, 660, 260, 260, 180, 180, 1500, 1500]"
2020-10-27 15:00:00+00:00,69900,0,110.0,"[670, 670, 200, 200, 30, 30, 310, 310, 450, 450, 530, 530, 1740, 1740, 240, 240, 440, 440, 480, 480, 900, 900, 460, 460, 430, 430, 80, 80, 380, 380, 190, 190, 470, 470, 80, 80, 260, 260, 0, 0, 290, 290, 1040, 1040, 680, 680, 1000, 1410, 1000, 1410, 230, 440, 440, 90, 90, 510, 570, 570, 580, 580, 760, 760, 660, 660, 1220, 460, 1220, 460, 570, 570, 300, 300, 360, 360, 280, 280, 170, 170, 3040, 3040, 230, 230, 630, 630, 330, 2260, 330, 2260, 1510, 1510, 140, 140, 370, 370, 590, 320, 320, 590, 270, 270, 100, 100, 3790, 3790, 760, 760, 1010, 1010, 10, 10]"
2020-10-27 15:05:00+00:00,68720,0,105.0,"[140, 1070, 140, 1070, 1160, 1160, 140, 140, 460, 460, 400, 400, 260, 260, 970, 970, 140, 140, 170, 170, 60, 60, 30, 30, 120, 120, 2140, 2140, 1170, 1170, 130, 130, 560, 560, 870, 870, 220, 220, 100, 100, 410, 410, 1400, 1400, 50, 50, 90, 90, 1620, 100, 1620, 320, 320, 110, 110, 70, 70, 200, 200, 1010, 1010, 50, 50, 3380, 3380, 720, 720, 1450, 1450, 60, 60, 1220, 1220, 300, 300, 120, 120, 340, 340, 360, 360, 200, 200, 1170, 1170, 540, 540, 280, 280, 380, 380, 980, 980, 3650, 3650, 60, 60, 750, 750, 160, 160, 2470, 2470, 80, 80]"
2020-10-27 15:10:00+00:00,396400,0,106.0,"[2220, 2220, 280, 280, 310, 310, 360, 360, 210, 210, 200, 200, 690, 270, 270, 690, 800, 800, 800, 480, 480, 800, 110, 110, 130, 130, 670, 670, 1360, 1360, 310, 310, 1320, 1320, 940, 940, 590, 590, 400, 400, 190, 190, 1210, 1210, 400, 400, 10, 10, 210, 210, 180, 180, 400, 400, 120, 120, 310, 310, 20, 1100, 20, 1100, 810, 810, 160, 160, 1130, 1130, 173140, 173140, 190, 190, 540, 540, 220, 220, 120, 120, 760, 760, 420, 420, 230, 230, 280, 280, 10, 10, 80, 80, 200, 470, 200, 470, 50, 50, 120, 120, 350, 350, 270, 80, 1970, 270, 80, 1970]"
2020-10-27 15:15:00+00:00,81210,0,112.0,"[60, 60, 870, 80, 870, 80, 1000, 1000, 50, 50, 620, 620, 420, 420, 180, 180, 250, 1250, 340, 340, 1250, 160, 160, 70, 70, 1080, 1080, 620, 620, 520, 60, 60, 3380, 0, 0, 3380, 90, 90, 3650, 3650, 230, 230, 110, 110, 1350, 1350, 1290, 1290, 340, 510, 510, 620, 620, 3490, 3490, 40, 40, 0, 0, 2130, 2130, 80, 80, 110, 110, 370, 370, 420, 420, 1630, 1630, 130, 130, 60, 60, 310, 310, 290, 290, 1610, 1610, 300, 300, 1560, 1560, 3440, 3440, 270, 270, 830, 830, 50, 50, 340, 340, 380, 2240, 2240, 200, 200, 260, 630, 630, 260, 300, 300, 120, 120, 220, 220, 340, 340]"
2020-10-27 15:20:00+00:00,38590,0,107.0,"[210, 210, 30, 30, 210, 210, 70, 520, 520, 80, 80, 220, 220, 90, 90, 120, 120, 280, 280, 320, 320, 180, 180, 540, 540, 140, 140, 1210, 50, 50, 1210, 200, 200, 10, 10, 1040, 1040, 20, 20, 460, 460, 220, 220, 0, 0, 90, 90, 520, 520, 50, 50, 420, 420, 1320, 1320, 60, 60, 330, 330, 1220, 1220, 430, 430, 1360, 1360, 420, 420, 70, 70, 120, 120, 230, 230, 450, 450, 400, 400, 170, 170, 160, 160, 1680, 1680, 140, 140, 40, 40, 490, 490, 30, 100, 30, 100, 60, 60, 110, 110, 530, 530, 1530, 200, 1530, 200, 160, 160, 220, 220]"
2020-10-27 15:25:00+00:00,62910,0,128.0,"[810, 810, 850, 850, 670, 410, 410, 110, 380, 110, 60, 60, 160, 160, 480, 1000, 1000, 480, 430, 430, 300, 300, 250, 250, 660, 660, 790, 790, 170, 170, 10, 10, 840, 90, 840, 90, 80, 80, 140, 140, 540, 540, 300, 160, 300, 160, 1200, 1200, 870, 870, 140, 140, 3930, 3930, 220, 220, 290, 290, 10, 10, 1640, 1640, 20, 20, 230, 230, 10, 10, 310, 310, 920, 920, 520, 520, 330, 330, 520, 1070, 520, 1070, 130, 130, 1090, 1090, 150, 150, 290, 290, 780, 780, 1740, 1740, 320, 320, 30, 30, 960, 960, 370, 370, 310, 310, 360, 360, 70, 70, 110, 110, 130, 130, 780, 780, 70, 70, 910, 30, 910, 30, 350, 440, 440, 350, 50, 50, 350, 350, 240, 240]"
2020-10-27 15:30:00+00:00,58720,0,106.0,"[1100, 1100, 300, 300, 200, 200, 380, 380, 1460, 1460, 1490, 1490, 440, 440, 480, 480, 110, 110, 240, 240, 720, 720, 320, 320, 520, 520, 260, 260, 950, 950, 90, 90, 530, 530, 340, 340, 80, 250, 80, 250, 270, 120, 270, 120, 400, 400, 1270, 1270, 270, 270, 70, 70, 450, 450, 260, 460, 460, 260, 20, 20, 480, 480, 2340, 2340, 150, 150, 1570, 1570, 100, 100, 2110, 2110, 2080, 2080, 100, 100, 480, 480, 20, 20, 70, 70, 1250, 1250, 430, 430, 1270, 1270, 1220, 1220, 200, 200, 170, 170, 550, 550, 20, 20, 630, 630, 60, 60, 20, 20, 190, 190]"
2020-10-27 15:35:00+00:00,68520,0,110.0,"[1650, 1650, 370, 370, 2440, 2440, 250, 250, 20, 20, 680, 680, 70, 70, 1040, 1040, 440, 1070, 1070, 440, 50, 50, 40, 200, 40, 200, 1810, 1810, 250, 250, 190, 190, 340, 60, 60, 340, 540, 540, 60, 160, 60, 160, 800, 800, 310, 310, 240, 240, 300, 300, 430, 430, 860, 860, 150, 150, 1300, 1300, 1550, 1550, 110, 110, 450, 450, 130, 130, 390, 390, 1940, 1940, 110, 110, 440, 150, 150, 440, 260, 260, 130, 130, 110, 110, 2720, 2720, 100, 100, 760, 760, 190, 190, 50, 50, 120, 120, 4430, 4430, 1060, 1060, 700, 700, 360, 360, 300, 300, 40, 40, 800, 800, 740, 740]"
2020-10-27 15:40:00+00:00,66180,0,104.0,"[20, 20, 180, 180, 790, 790, 110, 110, 280, 280, 560, 560, 240, 240, 2300, 2300, 130, 460, 460, 130, 8680, 8680, 760, 760, 150, 150, 20, 20, 60, 60, 300, 300, 80, 80, 300, 300, 60, 50, 560, 60, 50, 560, 340, 340, 110, 110, 140, 140, 430, 430, 100, 100, 160, 160, 480, 480, 660, 660, 700, 700, 480, 480, 2280, 2280, 340, 340, 40, 40, 20, 20, 1080, 1080, 140, 140, 240, 240, 330, 330, 20, 4650, 20, 4650, 400, 800, 800, 400, 30, 30, 120, 120, 50, 50, 1460, 1460, 500, 500, 30, 30, 200, 200, 480, 190, 190, 480]"
2020-10-27 15:45:00+00:00,43260,0,100.0,"[150, 150, 480, 480, 20, 20, 110, 110, 440, 440, 310, 310, 100, 100, 750, 750, 220, 220, 100, 100, 510, 510, 80, 80, 140, 140, 40, 40, 810, 810, 120, 120, 200, 200, 190, 190, 100, 100, 240, 240, 300, 300, 60, 60, 650, 180, 650, 180, 280, 280, 150, 150, 120, 120, 730, 730, 20, 20, 610, 610, 240, 240, 730, 730, 1190, 1190, 4000, 4000, 630, 630, 680, 680, 640, 640, 150, 150, 1200, 1200, 170, 1070, 170, 1070, 320, 320, 110, 110, 90, 90, 910, 910, 20, 20, 760, 760, 230, 230, 150, 150, 130, 130]"
2020-10-27 15:50:00+00:00,101920,0,132.0,"[530, 530, 100, 100, 150, 150, 520, 520, 40, 40, 60, 60, 320, 320, 190, 190, 100, 100, 10, 10, 840, 840, 1050, 1050, 150, 150, 10, 10, 290, 290, 760, 30, 760, 30, 470, 470, 60, 60, 900, 900, 190, 190, 960, 960, 130, 130, 390, 390, 60, 60, 740, 740, 190, 190, 140, 140, 330, 330, 840, 680, 840, 680, 1660, 1660, 300, 300, 240, 370, 370, 240, 100, 100, 420, 420, 580, 580, 1280, 1280, 260, 260, 260, 260, 100, 100, 590, 590, 340, 340, 60, 60, 310, 310, 220, 220, 190, 190, 50, 50, 620, 620, 21410, 21410, 140, 150, 150, 140, 5060, 100, 100, 1380, 620, 620, 1700, 380, 1520, 1700, 380, 1520, 610, 610, 10, 10, 1210, 1210, 180, 180, 230, 230, 30, 30, 270, 270]"
2020-10-27 15:55:00+00:00,54480,0,116.0,"[1340, 1340, 250, 250, 960, 960, 30, 750, 750, 420, 420, 100, 100, 180, 180, 80, 80, 400, 400, 2770, 2770, 910, 910, 1240, 1240, 310, 310, 320, 320, 410, 410, 170, 170, 120, 120, 300, 300, 260, 260, 750, 750, 120, 120, 480, 480, 90, 90, 440, 440, 140, 140, 240, 240, 960, 960, 440, 440, 460, 460, 300, 300, 260, 260, 150, 150, 210, 210, 10, 10, 190, 190, 420, 280, 280, 420, 90, 90, 10, 10, 250, 250, 240, 490, 240, 490, 1620, 1620, 330, 330, 310, 310, 230, 230, 150, 210, 210, 380, 380, 400, 130, 400, 130, 670, 670, 1430, 1430, 1200, 1200, 1170, 1170, 320, 210, 320, 210, 230, 230]"
2020-10-27 16:00:00+00:00,163740,0,128.0,"[30, 30, 380, 380, 40, 190, 40, 190, 140, 140, 49520, 49520, 10, 10, 140, 140, 680, 680, 630, 630, 1260, 1260, 170, 170, 390, 390, 1250, 1250, 500, 500, 500, 310, 500, 310, 1090, 1090, 50, 50, 10, 10, 130, 130, 860, 860, 90, 350, 90, 350, 640, 640, 370, 370, 1310, 260, 1310, 260, 80, 80, 320, 320, 10, 180, 10, 180, 3260, 3260, 1320, 1320, 480, 480, 390, 390, 330, 330, 160, 160, 100, 100, 480, 480, 130, 130, 400, 400, 600, 600, 270, 270, 290, 290, 830, 830, 450, 450, 120, 120, 80, 80, 580, 580, 230, 1600, 1600, 230, 1100, 1100, 510, 510, 740, 740, 370, 370, 2010, 2010, 1430, 1430, 120, 120, 270, 270, 70, 70, 430, 430, 100, 100, 730, 730]"
2020-10-27 16:05:00+00:00,118370,0,169.0,"[1340, 1340, 30, 30, 670, 670, 100, 100, 670, 670, 170, 8370, 170, 8370, 400, 400, 240, 240, 170, 170, 370, 370, 80, 80, 350, 350, 670, 670, 300, 300, 120, 210, 210, 120, 290, 290, 2540, 2540, 3030, 3030, 250, 250, 110, 1010, 1010, 120, 120, 320, 320, 710, 710, 500, 500, 710, 710, 250, 250, 210, 210, 40, 490, 490, 40, 320, 320, 1100, 1100, 290, 290, 2070, 450, 2070, 450, 430, 440, 440, 430, 800, 800, 560, 560, 2100, 2100, 180, 670, 670, 180, 530, 530, 120, 120, 530, 3430, 530, 3430, 1120, 1120, 0, 0, 1150, 1150, 1190, 1190, 120, 260, 260, 120, 1870, 1870, 10, 10, 400, 400, 270, 270, 400, 400, 480, 410, 480, 410, 370, 370, 610, 610, 240, 240, 830, 830, 660, 660, 1000, 1000, 710, 710, 80, 60, 80, 60, 270, 270, 190, 190, 180, 180, 110, 230, 700, 110, 700, 230, 520, 520, 250, 250, 180, 180, 250, 250, 3360, 3360, 220, 220, 70, 70, 1050, 1050, 560, 560]"
2020-10-27 16:10:00+00:00,66600,0,110.0,"[70, 70, 200, 200, 1730, 1730, 160, 160, 310, 310, 50, 50, 180, 180, 200, 200, 1750, 1750, 40, 40, 10, 10, 550, 550, 410, 410, 150, 150, 390, 390, 120, 120, 270, 270, 200, 200, 1170, 1170, 140, 140, 120, 120, 210, 690, 690, 210, 140, 140, 230, 230, 290, 290, 450, 450, 630, 630, 80, 80, 1040, 110, 1040, 110, 820, 820, 320, 320, 210, 210, 970, 970, 190, 190, 2350, 2350, 3530, 3530, 1760, 420, 1760, 420, 1260, 1260, 560, 560, 660, 660, 440, 440, 1880, 360, 1880, 360, 1560, 1560, 460, 460, 80, 80, 110, 110, 1220, 1220, 770, 770, 120, 120, 310, 310, 850, 850]"
2020-10-27 16:15:00+00:00,170480,0,132.0,"[270, 270, 220, 220, 340, 340, 2480, 2480, 140, 140, 3320, 3320, 340, 340, 360, 360, 10, 10, 3610, 3610, 140, 140, 20, 20, 4620, 4620, 1930, 1930, 480, 90, 480, 90, 440, 440, 440, 440, 240, 240, 560, 560, 360, 360, 80, 80, 280, 280, 150, 150, 290, 290, 70, 70, 2470, 2470, 1270, 1270, 780, 1760, 1760, 780, 50, 50, 770, 770, 1040, 1040, 190, 190, 130, 130, 2750, 2750, 340, 340, 100, 100, 350, 350, 80, 80, 570, 570, 330, 330, 480, 480, 220, 220, 490, 490, 610, 610, 810, 810, 2220, 2220, 230, 230, 210, 210, 70, 70, 2020, 2020, 330, 1790, 1790, 330, 220, 220, 610, 610, 1660, 1660, 34310, 34310, 370, 370, 250, 250, 160, 160, 30, 120, 30, 120, 2470, 2470, 430, 430, 870, 870]"
2020-10-27 16:20:00+00:00,79300,0,112.0,"[350, 350, 290, 570, 290, 570, 4520, 4520, 500, 900, 500, 900, 20, 20, 2550, 2550, 60, 60, 140, 140, 50, 50, 590, 590, 350, 350, 170, 170, 1420, 1420, 980, 980, 830, 830, 220, 220, 80, 80, 500, 500, 290, 290, 480, 480, 370, 370, 1030, 1030, 800, 800, 60, 60, 970, 970, 480, 480, 170, 170, 130, 4190, 130, 4190, 500, 500, 290, 290, 140, 140, 210, 210, 70, 70, 740, 740, 40, 40, 160, 160, 160, 160, 4350, 4350, 1220, 1220, 330, 330, 160, 160, 1500, 1500, 2070, 670, 2070, 670, 820, 820, 90, 90, 860, 860, 100, 100, 240, 240, 130, 130, 190, 190, 260, 260, 290, 290]"
2020-10-27 16:25:00+00:00,93780,0,120.0,"[1080, 1080, 450, 450, 280, 60, 280, 60, 320, 320, 500, 500, 10, 10, 180, 180, 1380, 1380, 1340, 1340, 210, 210, 40, 40, 1590, 1590, 330, 330, 530, 530, 510, 510, 130, 250, 130, 250, 560, 560, 160, 160, 360, 360, 420, 420, 5940, 5940, 160, 160, 490, 490, 1210, 1210, 20, 20, 410, 410, 270, 190, 270, 190, 160, 620, 620, 120, 120, 180, 180, 360, 360, 70, 70, 430, 430, 520, 520, 890, 890, 410, 410, 480, 480, 60, 60, 1960, 1960, 110, 440, 110, 440, 550, 550, 210, 210, 50, 50, 950, 950, 2320, 2320, 1480, 1140, 1140, 4660, 4660, 410, 410, 180, 180, 1350, 1350, 1210, 3440, 3440, 1210, 3270, 3270, 240, 60, 60, 240]"
2020-10-27 16:30:00+00:00,120950,0,144.0,"[4990, 4990, 430, 430, 4990, 4990, 320, 320, 320, 320, 580, 580, 1070, 1070, 410, 410, 1100, 1100, 1630, 1630, 890, 890, 640, 640, 290, 290, 400, 780, 780, 1040, 780, 1040, 780, 480, 480, 1420, 420, 1420, 420, 470, 470, 300, 530, 300, 530, 370, 370, 250, 180, 250, 180, 20, 20, 1370, 1370, 390, 390, 1180, 40, 1180, 40, 30, 30, 120, 120, 20, 20, 1120, 1120, 610, 610, 310, 310, 310, 310, 2490, 180, 2490, 180, 1370, 1370, 1430, 1430, 4590, 4590, 890, 450, 890, 450, 200, 200, 140, 140, 540, 540, 110, 110, 1090, 1090, 480, 480, 230, 900, 230, 230, 900, 230, 1620, 1620, 150, 300, 300, 2310, 2310, 700, 700, 660, 660, 1480, 1480, 60, 60, 110, 110, 790, 790, 430, 430, 810, 810, 450, 450, 3410, 3410, 120, 120, 10, 10, 1140, 1140, 20, 20, 260, 260]"
2020-10-27 16:35:00+00:00,91260,0,129.0,"[920, 920, 30, 420, 420, 30, 170, 170, 360, 360, 800, 800, 1090, 1090, 590, 590, 810, 810, 3360, 3360, 90, 90, 280, 280, 850, 920, 920, 850, 540, 540, 440, 440, 400, 400, 680, 680, 1520, 1520, 1230, 1230, 760, 760, 40, 40, 1680, 1680, 480, 480, 340, 340, 760, 760, 240, 240, 270, 270, 2290, 2290, 50, 50, 20, 20, 340, 120, 120, 330, 330, 240, 250, 240, 250, 20, 20, 8280, 8280, 190, 190, 1350, 1350, 1020, 1020, 80, 80, 80, 80, 950, 950, 130, 130, 780, 780, 200, 200, 310, 310, 100, 100, 1080, 1080, 180, 180, 350, 350, 720, 400, 720, 400, 320, 320, 800, 800, 560, 560, 1050, 1050, 420, 420, 730, 730, 130, 130, 1280, 1280, 200, 120, 200, 120, 260, 260]"
2020-10-27 16:40:00+00:00,93600,0,127.0,"[290, 290, 40, 40, 190, 190, 880, 880, 770, 770, 400, 400, 810, 810, 330, 150, 330, 150, 1220, 1220, 370, 370, 120, 120, 430, 430, 80, 390, 390, 80, 200, 200, 790, 790, 30, 30, 1170, 160, 160, 1170, 850, 850, 130, 130, 2620, 2620, 960, 960, 2890, 2890, 320, 320, 850, 850, 60, 60, 1760, 1760, 120, 120, 550, 550, 170, 170, 160, 160, 1760, 1760, 120, 120, 70, 70, 260, 260, 220, 330, 220, 330, 540, 540, 460, 460, 750, 750, 7440, 390, 390, 430, 430, 5470, 5470, 830, 830, 860, 860, 520, 520, 350, 350, 550, 550, 3790, 440, 3790, 440, 140, 140, 480, 480, 330, 330, 350, 350, 470, 470, 260, 260, 470, 470, 180, 180, 930, 930, 130, 130, 940, 940]"
2020-10-27 16:45:00+00:00,116270,0,137.0,"[730, 730, 310, 310, 90, 90, 350, 350, 1460, 1460, 180, 20, 60, 20, 60, 180, 350, 350, 1380, 1380, 130, 220, 130, 220, 210, 210, 830, 830, 1460, 1460, 760, 760, 390, 190, 390, 2070, 2070, 920, 920, 40, 40, 140, 140, 50, 50, 190, 190, 190, 190, 50, 50, 890, 890, 160, 160, 540, 540, 90, 90, 240, 80, 80, 240, 100, 100, 40, 40, 570, 570, 1410, 1410, 25380, 25380, 1000, 1000, 40, 40, 520, 520, 10, 10, 160, 160, 150, 150, 520, 520, 580, 580, 350, 350, 1080, 1080, 60, 700, 60, 700, 20, 260, 260, 20, 40, 40, 70, 70, 340, 340, 490, 490, 650, 650, 890, 890, 20, 120, 20, 120, 1290, 1290, 70, 70, 270, 270, 2540, 2410, 2540, 2410, 300, 300, 390, 390, 180, 180, 50, 50, 390, 390]"
2020-10-27 16:50:00+00:00,60680,0,138.0,"[1220, 1220, 670, 670, 250, 250, 90, 90, 540, 540, 120, 120, 140, 140, 80, 80, 1670, 270, 1670, 270, 350, 350, 110, 110, 430, 430, 220, 220, 100, 100, 200, 200, 220, 680, 680, 220, 1710, 1710, 180, 180, 30, 250, 250, 140, 140, 230, 210, 230, 210, 120, 120, 730, 730, 330, 430, 430, 240, 240, 520, 520, 320, 240, 240, 320, 120, 120, 1160, 1160, 240, 240, 80, 80, 200, 200, 730, 730, 210, 210, 1720, 1720, 70, 70, 50, 50, 680, 500, 500, 680, 700, 700, 40, 40, 790, 790, 0, 0, 520, 520, 1020, 1020, 730, 730, 2380, 2380, 310, 290, 310, 290, 330, 330, 730, 730, 70, 70, 440, 440, 70, 230, 70, 230, 950, 950, 190, 190, 200, 200, 150, 150, 170, 170, 450, 450, 30, 30, 70, 70, 860, 860]"
2020-10-27 16:55:00+00:00,116850,0,131.0,"[380, 380, 330, 330, 560, 560, 80, 80, 240, 240, 220, 220, 500, 500, 790, 770, 770, 710, 710, 380, 380, 440, 480, 440, 480, 390, 390, 610, 610, 610, 610, 110, 110, 420, 580, 420, 580, 870, 870, 140, 140, 220, 220, 1280, 1280, 410, 410, 460, 460, 220, 220, 360, 360, 1960, 1960, 720, 720, 190, 190, 200, 200, 3360, 330, 330, 3360, 260, 260, 210, 210, 230, 230, 330, 210, 180, 330, 210, 180, 420, 420, 810, 810, 9820, 9820, 370, 370, 9820, 9820, 30, 30, 1970, 1970, 310, 310, 1260, 1260, 2210, 2210, 210, 210, 640, 640, 140, 140, 210, 210, 650, 650, 1150, 1150, 1150, 1150, 1610, 1610, 3210, 3210, 300, 300, 230, 230, 500, 500, 570, 570, 60, 60, 200, 200, 30, 200, 200, 30]"
2020-10-27 17:00:00+00:00,66000,0,108.0,"[950, 950, 340, 340, 290, 290, 100, 100, 1190, 1190, 1790, 1790, 1600, 1600, 610, 610, 840, 840, 340, 340, 870, 390, 870, 390, 500, 500, 460, 460, 90, 90, 920, 340, 340, 60, 60, 40, 40, 200, 200, 490, 490, 370, 370, 510, 510, 60, 170, 150, 150, 170, 1140, 1140, 210, 210, 340, 340, 790, 790, 110, 110, 330, 330, 100, 100, 160, 160, 340, 340, 150, 150, 1020, 1020, 1190, 1190, 1220, 1220, 120, 120, 130, 130, 500, 500, 560, 560, 220, 220, 4800, 4800, 20, 20, 520, 520, 190, 190, 210, 210, 300, 300, 140, 140, 2540, 2540, 1050, 1050, 320, 320, 1100, 1100]"
2020-10-27 17:05:00+00:00,60000,0,84.0,"[470, 470, 200, 200, 970, 970, 290, 290, 190, 190, 1360, 1360, 280, 280, 130, 130, 240, 240, 920, 920, 4200, 4200, 250, 250, 130, 420, 130, 420, 760, 70, 70, 760, 2000, 2000, 690, 690, 400, 400, 540, 540, 1340, 1340, 1340, 1340, 440, 440, 630, 630, 500, 500, 410, 410, 1310, 1310, 240, 240, 1180, 690, 690, 1180, 740, 740, 250, 250, 180, 180, 2540, 2540, 330, 330, 510, 510, 470, 470, 520, 520, 660, 660, 850, 850, 140, 140, 220, 220]"
2020-10-27 17:10:00+00:00,54430,0,102.0,"[340, 340, 720, 720, 140, 140, 80, 80, 330, 330, 230, 230, 540, 540, 100, 100, 1400, 1400, 340, 340, 420, 420, 620, 620, 740, 740, 360, 370, 370, 360, 480, 480, 80, 80, 730, 730, 1000, 1000, 50, 50, 180, 140, 140, 180, 440, 440, 40, 40, 230, 230, 350, 350, 320, 320, 710, 710, 200, 200, 390, 390, 580, 580, 130, 130, 520, 520, 400, 370, 370, 110, 110, 310, 310, 0, 0, 360, 360, 10, 10, 560, 560, 500, 500, 400, 400, 230, 230, 380, 380, 1960, 1960, 14110, 250, 250, 380, 100, 100, 380, 230, 230, 510, 510]"
2020-10-27 17:15:00+00:00,56260,0,105.0,"[250, 250, 130, 130, 300, 300, 10, 10, 280, 280, 660, 660, 240, 240, 360, 360, 320, 320, 50, 50, 700, 700, 450, 70, 450, 70, 830, 830, 170, 170, 180, 180, 260, 260, 1210, 1210, 40, 40, 1200, 1200, 2180, 2180, 680, 680, 40, 40, 330, 330, 6180, 6180, 1770, 1770, 670, 670, 170, 170, 480, 480, 50, 50, 240, 240, 280, 220, 220, 90, 90, 260, 260, 260, 260, 320, 320, 700, 700, 230, 230, 400, 400, 190, 190, 180, 760, 180, 760, 230, 230, 280, 280, 760, 760, 240, 240, 120, 120, 120, 900, 900, 120, 180, 180, 910, 910, 140, 140]"
2020-10-27 17:20:00+00:00,86470,0,141.0,"[30, 30, 280, 280, 50, 50, 630, 630, 2290, 2290, 1240, 1240, 120, 360, 120, 360, 350, 350, 620, 120, 620, 120, 120, 3450, 3450, 230, 230, 9150, 9150, 470, 470, 430, 430, 240, 240, 160, 160, 120, 120, 210, 210, 210, 470, 210, 470, 670, 300, 300, 670, 580, 580, 570, 570, 4750, 4750, 240, 240, 240, 240, 20, 20, 180, 180, 710, 190, 190, 710, 400, 90, 400, 90, 310, 310, 890, 890, 30, 30, 60, 60, 910, 690, 690, 480, 480, 1410, 690, 690, 1410, 80, 80, 1150, 1150, 320, 320, 330, 330, 280, 280, 270, 270, 180, 180, 520, 520, 450, 450, 100, 100, 330, 330, 620, 620, 130, 130, 440, 130, 440, 130, 40, 40, 20, 20, 350, 350, 290, 290, 60, 60, 260, 260, 220, 220, 200, 200, 200, 210, 210, 150, 150, 760, 760]"
2020-10-27 17:25:00+00:00,88060,0,115.0,"[120, 120, 290, 290, 1480, 1480, 1120, 1120, 1440, 250, 250, 1440, 4700, 4700, 340, 130, 340, 130, 180, 180, 620, 620, 880, 880, 360, 360, 330, 300, 1340, 1340, 300, 330, 860, 860, 6680, 6680, 1140, 1140, 640, 640, 1820, 1820, 310, 310, 1220, 60, 60, 170, 170, 50, 50, 10, 10, 490, 490, 280, 280, 1190, 1190, 120, 320, 120, 320, 360, 360, 40, 40, 600, 600, 200, 200, 260, 260, 190, 190, 240, 240, 120, 260, 260, 120, 510, 510, 200, 200, 190, 190, 200, 110, 200, 110, 1440, 2590, 2590, 1440, 1680, 1680, 2460, 2460, 210, 210, 650, 650, 380, 380, 60, 60, 70, 70, 370, 370, 1090, 1090, 920, 920]"
2020-10-27 17:30:00+00:00,96540,0,135.0,"[150, 570, 150, 570, 640, 640, 120, 120, 20, 20, 370, 370, 400, 400, 1110, 1110, 140, 140, 360, 360, 3180, 3180, 340, 40, 340, 40, 320, 320, 220, 220, 350, 350, 580, 580, 730, 40, 730, 40, 260, 260, 480, 480, 420, 420, 970, 970, 250, 250, 280, 280, 300, 70, 300, 70, 80, 3220, 3220, 70, 70, 250, 250, 160, 160, 200, 200, 200, 200, 14690, 14690, 610, 610, 500, 500, 400, 400, 300, 300, 510, 510, 240, 240, 230, 230, 660, 660, 320, 320, 380, 380, 200, 200, 80, 80, 710, 710, 1410, 430, 1410, 430, 2080, 2080, 190, 190, 510, 510, 1390, 1390, 90, 90, 960, 960, 910, 910, 710, 710, 120, 120, 320, 320, 220, 220, 730, 730, 500, 500, 190, 190, 120, 120, 20, 20, 620, 620, 70, 70]"
2020-10-27 17:35:00+00:00,52540,0,111.0,"[1200, 1200, 180, 180, 1410, 1410, 340, 340, 760, 760, 340, 340, 40, 40, 250, 250, 260, 260, 320, 320, 470, 470, 1120, 1120, 310, 310, 230, 230, 290, 290, 10, 540, 540, 10, 1090, 1090, 820, 820, 100, 100, 140, 140, 220, 220, 220, 220, 3900, 220, 220, 900, 900, 240, 240, 760, 760, 500, 500, 610, 610, 1490, 1490, 220, 220, 260, 260, 430, 430, 640, 640, 70, 70, 60, 210, 60, 550, 550, 210, 90, 90, 630, 630, 290, 290, 450, 450, 1200, 1200, 310, 310, 480, 480, 180, 180, 180, 180, 60, 60, 290, 290, 550, 550, 660, 660, 370, 130, 130, 370, 530, 530, 100, 100]"
2020-10-27 17:40:00+00:00,87890,0,154.0,"[430, 430, 1010, 1010, 420, 1570, 420, 1570, 1180, 1180, 370, 370, 270, 270, 110, 110, 690, 690, 40, 40, 10, 330, 330, 580, 580, 100, 100, 930, 930, 110, 110, 2760, 2760, 170, 170, 4280, 4280, 220, 220, 3350, 3350, 200, 200, 150, 150, 330, 330, 250, 250, 40, 40, 160, 160, 380, 110, 380, 110, 180, 180, 50, 50, 1730, 1730, 810, 810, 1040, 1040, 290, 290, 870, 870, 20, 20, 630, 630, 70, 70, 230, 230, 290, 290, 410, 410, 140, 140, 760, 760, 120, 120, 200, 200, 140, 140, 3970, 3970, 770, 770, 370, 370, 720, 720, 210, 210, 110, 110, 620, 210, 210, 620, 120, 120, 230, 230, 410, 410, 730, 730, 510, 510, 120, 120, 130, 130, 100, 100, 420, 420, 560, 560, 60, 60, 790, 790, 810, 810, 860, 190, 190, 860, 240, 240, 640, 340, 340, 160, 160, 160, 340, 160, 340, 700, 700, 140, 140]"
2020-10-27 17:45:00+00:00,65990,0,109.0,"[150, 150, 340, 340, 290, 290, 430, 430, 180, 180, 490, 490, 40, 40, 1370, 1370, 9880, 9880, 70, 70, 1680, 1680, 210, 210, 330, 330, 810, 810, 720, 720, 90, 90, 380, 380, 380, 380, 340, 340, 100, 100, 130, 130, 620, 620, 100, 100, 770, 770, 300, 300, 80, 80, 470, 840, 840, 190, 190, 460, 460, 590, 590, 660, 660, 240, 240, 250, 250, 550, 550, 100, 100, 300, 300, 140, 140, 380, 380, 240, 240, 230, 230, 1070, 1070, 370, 370, 740, 740, 480, 480, 240, 240, 170, 170, 490, 490, 120, 120, 650, 650, 350, 350, 410, 410, 30, 30, 470, 470, 1720, 1720]"
2020-10-27 17:50:00+00:00,68540,0,110.0,"[200, 200, 270, 270, 300, 300, 0, 0, 90, 90, 40, 40, 40, 40, 1380, 1380, 100, 100, 160, 160, 160, 160, 1330, 1330, 6850, 6850, 530, 530, 1250, 1250, 440, 440, 150, 150, 490, 490, 1120, 1120, 160, 160, 460, 460, 410, 410, 1330, 1330, 130, 130, 360, 360, 690, 690, 320, 130, 320, 130, 50, 50, 10, 10, 1090, 1090, 360, 360, 1060, 1060, 110, 110, 100, 100, 330, 330, 150, 150, 50, 50, 1540, 1540, 2250, 2250, 170, 170, 570, 580, 580, 570, 290, 290, 480, 480, 1340, 1340, 170, 170, 60, 60, 130, 130, 50, 100, 100, 50, 1000, 1000, 2010, 2010, 460, 460, 870, 870]"
2020-10-27 17:55:00+00:00,38490,0,91.0,"[160, 160, 350, 350, 250, 250, 380, 380, 650, 650, 190, 190, 440, 440, 390, 390, 340, 340, 380, 380, 430, 430, 30, 30, 80, 360, 360, 80, 450, 450, 370, 370, 330, 190, 330, 190, 870, 870, 450, 90, 90, 450, 920, 920, 170, 170, 40, 40, 260, 260, 70, 70, 210, 210, 580, 580, 340, 340, 380, 380, 180, 180, 150, 150, 1100, 1100, 3210, 3210, 250, 250, 750, 610, 750, 610, 60, 60, 20, 20, 40, 40, 490, 490, 840, 840, 990, 300, 300, 340, 340, 260, 260]"
2020-10-27 18:00:00+00:00,52360,0,102.0,"[210, 210, 930, 90, 90, 930, 350, 350, 210, 210, 30, 30, 230, 230, 350, 350, 520, 520, 440, 440, 530, 530, 950, 750, 750, 950, 170, 170, 10, 10, 550, 550, 460, 460, 2220, 2220, 250, 250, 190, 190, 760, 1280, 760, 1280, 170, 170, 430, 430, 920, 920, 530, 530, 110, 110, 730, 730, 180, 180, 1450, 1450, 120, 120, 580, 580, 790, 790, 680, 680, 390, 390, 310, 310, 890, 890, 620, 620, 380, 380, 370, 370, 1040, 1040, 470, 470, 490, 490, 20, 20, 100, 840, 100, 840, 220, 220, 650, 650, 590, 590, 460, 460, 170, 170]"
2020-10-27 18:05:00+00:00,132980,0,129.0,"[420, 420, 310, 310, 320, 320, 770, 11870, 11870, 770, 280, 280, 370, 370, 160, 160, 570, 570, 580, 580, 460, 16620, 460, 16620, 210, 210, 580, 580, 260, 260, 210, 210, 5290, 5290, 470, 470, 130, 130, 240, 240, 770, 770, 810, 810, 110, 110, 0, 0, 60, 60, 210, 210, 160, 160, 810, 810, 420, 170, 170, 420, 150, 150, 50, 50, 360, 360, 620, 620, 490, 490, 160, 160, 120, 120, 190, 190, 80, 80, 540, 540, 580, 580, 1480, 1480, 2130, 2130, 490, 490, 510, 510, 270, 270, 670, 670, 4200, 4200, 520, 520, 60, 60, 60, 350, 350, 350, 350, 1280, 1280, 140, 140, 800, 1030, 1030, 800, 900, 900, 590, 590, 310, 40, 310, 40, 1300, 1300, 280, 280, 1620, 1620, 160, 160]"
2020-10-27 18:10:00+00:00,59190,0,125.0,"[60, 60, 560, 560, 690, 690, 240, 240, 420, 420, 330, 330, 340, 340, 200, 200, 310, 880, 310, 880, 330, 330, 1220, 1220, 960, 960, 330, 340, 10, 10, 340, 330, 350, 350, 70, 70, 430, 430, 150, 150, 1640, 1640, 100, 100, 1940, 1940, 260, 260, 30, 30, 380, 380, 100, 110, 110, 100, 450, 450, 460, 460, 90, 90, 200, 50, 50, 200, 680, 680, 70, 140, 140, 220, 220, 270, 270, 410, 410, 840, 840, 520, 520, 140, 790, 790, 140, 570, 570, 440, 440, 370, 370, 100, 100, 1040, 1040, 220, 220, 310, 310, 720, 720, 150, 150, 970, 970, 170, 170, 130, 130, 210, 210, 3110, 3110, 200, 200, 290, 290, 160, 160, 1610, 1610, 660, 660, 90, 90]"
2020-10-27 18:15:00+00:00,53960,0,100.0,"[900, 900, 870, 870, 40, 40, 300, 300, 240, 240, 200, 200, 340, 340, 460, 460, 150, 150, 140, 140, 2900, 170, 2900, 170, 740, 740, 510, 510, 150, 150, 370, 370, 740, 740, 230, 230, 430, 430, 3480, 3480, 40, 40, 1920, 1920, 1500, 1500, 230, 230, 260, 260, 70, 70, 540, 540, 150, 150, 180, 180, 420, 420, 140, 140, 620, 620, 500, 500, 1080, 1080, 100, 100, 160, 160, 320, 320, 540, 540, 300, 300, 600, 600, 180, 180, 20, 20, 460, 460, 80, 80, 360, 360, 170, 60, 60, 450, 170, 450, 300, 300, 1870, 1870]"
2020-10-27 18:20:00+00:00,44800,0,80.0,"[330, 330, 240, 240, 320, 320, 160, 160, 500, 500, 110, 110, 360, 360, 190, 190, 190, 190, 110, 110, 460, 460, 130, 130, 150, 150, 620, 620, 320, 320, 170, 170, 100, 100, 1530, 1530, 320, 320, 340, 710, 710, 340, 1640, 1640, 1020, 440, 1020, 440, 140, 140, 730, 730, 4150, 4150, 1530, 1530, 200, 200, 370, 370, 690, 690, 640, 640, 150, 150, 400, 400, 450, 450, 50, 50, 610, 610, 190, 190, 730, 730, 910, 910]"
2020-10-27 18:25:00+00:00,58840,0,96.0,"[3020, 3020, 90, 90, 1010, 1010, 460, 460, 900, 900, 170, 170, 570, 570, 190, 190, 260, 260, 830, 830, 100, 100, 460, 460, 150, 150, 640, 640, 190, 190, 1960, 1960, 200, 200, 1090, 1090, 70, 70, 570, 570, 370, 400, 400, 370, 880, 880, 340, 340, 590, 590, 2020, 2020, 3220, 3220, 440, 440, 500, 500, 180, 180, 740, 740, 260, 260, 180, 180, 1100, 40, 1100, 40, 280, 280, 860, 320, 320, 860, 530, 530, 170, 170, 380, 380, 260, 260, 260, 260, 20, 20, 1530, 1530, 280, 280, 30, 30, 310, 310]"
2020-10-27 18:30:00+00:00,49720,0,100.0,"[50, 50, 440, 690, 440, 690, 260, 260, 720, 720, 300, 300, 330, 330, 260, 260, 770, 770, 470, 470, 360, 360, 90, 90, 20, 20, 140, 140, 330, 330, 880, 880, 740, 740, 360, 360, 100, 100, 170, 170, 4000, 4000, 40, 40, 1090, 1090, 30, 120, 30, 120, 150, 150, 420, 420, 170, 170, 350, 350, 240, 240, 120, 120, 330, 330, 510, 510, 230, 230, 1180, 1180, 480, 480, 610, 610, 660, 660, 430, 430, 420, 420, 40, 40, 1640, 1640, 10, 10, 430, 2180, 2180, 430, 420, 420, 260, 260, 100, 160, 160, 100, 560, 560]"
2020-10-27 18:35:00+00:00,52880,0,112.0,"[250, 250, 580, 580, 130, 130, 120, 120, 720, 720, 650, 650, 140, 140, 2420, 2420, 240, 240, 280, 280, 250, 250, 490, 490, 90, 1230, 1230, 670, 670, 380, 380, 200, 200, 2050, 390, 390, 210, 210, 800, 800, 100, 100, 140, 140, 470, 470, 520, 520, 250, 250, 380, 380, 280, 280, 600, 260, 260, 600, 810, 810, 70, 70, 220, 220, 90, 90, 80, 80, 220, 220, 40, 40, 330, 330, 160, 210, 160, 210, 1220, 1220, 110, 110, 1140, 1140, 50, 50, 980, 980, 90, 90, 280, 280, 200, 200, 310, 310, 480, 480, 1170, 1170, 230, 230, 320, 320, 760, 760, 60, 60, 2080, 2080, 510, 510]"
2020-10-27 18:40:00+00:00,100940,0,106.0,"[470, 470, 1730, 820, 690, 820, 690, 100, 100, 4270, 460, 460, 4270, 160, 160, 1190, 1190, 20, 20, 130, 130, 250, 250, 330, 330, 60, 60, 210, 210, 750, 750, 440, 440, 7860, 7860, 480, 480, 670, 670, 40, 40, 460, 460, 1870, 60, 1870, 60, 180, 180, 390, 390, 3240, 3240, 940, 940, 1520, 1520, 1200, 1200, 1100, 1100, 730, 2100, 2100, 730, 730, 730, 780, 780, 170, 240, 240, 320, 320, 3760, 3760, 500, 500, 480, 480, 310, 310, 3760, 3760, 740, 740, 550, 550, 10, 10, 150, 150, 1430, 1430, 210, 210, 180, 180, 510, 510, 1430, 1430, 200, 200, 40, 40]"
2020-10-27 18:45:00+00:00,76480,0,121.0,"[940, 940, 120, 120, 690, 690, 420, 420, 420, 420, 360, 360, 230, 230, 1030, 1030, 70, 70, 240, 240, 170, 170, 640, 640, 10, 10, 1310, 2000, 1310, 2000, 240, 240, 160, 160, 350, 350, 20, 1770, 1770, 300, 300, 70, 70, 680, 680, 640, 150, 150, 640, 210, 210, 480, 480, 280, 280, 750, 750, 370, 370, 350, 350, 2300, 530, 2300, 530, 170, 140, 140, 170, 490, 490, 720, 720, 820, 820, 1320, 1320, 720, 720, 320, 320, 380, 380, 290, 290, 180, 180, 1970, 1970, 2310, 2310, 790, 790, 2140, 60, 290, 2140, 60, 290, 230, 170, 190, 840, 840, 170, 190, 230, 1000, 1000, 2450, 2450, 470, 470, 340, 340, 220, 220, 450, 450, 480, 480]"
2020-10-27 18:50:00+00:00,27700,0,78.0,"[420, 420, 210, 210, 470, 150, 470, 150, 190, 190, 110, 110, 340, 340, 780, 780, 550, 550, 290, 290, 220, 220, 360, 360, 470, 470, 360, 360, 490, 490, 50, 50, 410, 410, 80, 80, 40, 40, 980, 980, 100, 100, 160, 160, 130, 130, 290, 90, 290, 90, 680, 680, 810, 810, 410, 410, 120, 120, 220, 220, 290, 290, 160, 370, 370, 160, 410, 410, 1050, 1050, 80, 80, 900, 900, 510, 510, 100, 100]"
2020-10-27 18:55:00+00:00,220700,0,88.0,"[330, 330, 500, 500, 20, 20, 450, 90, 450, 90, 85700, 85700, 40, 40, 240, 240, 670, 670, 1920, 1920, 1860, 1860, 780, 780, 230, 230, 40, 40, 160, 160, 820, 70, 70, 820, 580, 580, 350, 350, 210, 210, 820, 820, 1540, 1540, 860, 860, 730, 730, 500, 500, 180, 40, 40, 180, 670, 670, 550, 550, 180, 680, 180, 680, 4310, 4310, 300, 300, 480, 480, 250, 250, 50, 50, 150, 150, 370, 370, 70, 70, 40, 40, 230, 1180, 1180, 230, 680, 680, 430, 430]"
2020-10-27 19:00:00+00:00,64280,0,114.0,"[3380, 3380, 530, 530, 1680, 1680, 360, 360, 2090, 2090, 280, 280, 130, 130, 380, 120, 380, 120, 210, 210, 180, 180, 180, 180, 400, 400, 190, 190, 160, 160, 330, 330, 10, 10, 640, 640, 1720, 1720, 520, 520, 520, 520, 240, 240, 410, 410, 460, 460, 4040, 4040, 590, 200, 200, 590, 1970, 1970, 550, 550, 470, 470, 100, 100, 520, 520, 490, 490, 400, 400, 190, 190, 70, 70, 190, 190, 370, 370, 80, 80, 720, 720, 100, 100, 1360, 1360, 70, 70, 1030, 1030, 70, 70, 200, 200, 50, 50, 790, 790, 170, 170, 300, 300, 270, 270, 290, 290, 130, 130, 400, 400, 130, 130, 630, 630, 80, 80]"
2020-10-27 19:05:00+00:00,68320,0,92.0,"[280, 280, 350, 350, 20, 20, 170, 170, 1720, 1720, 600, 600, 280, 280, 310, 310, 230, 230, 370, 370, 250, 250, 430, 430, 750, 750, 940, 940, 190, 190, 1340, 1340, 840, 840, 290, 1270, 290, 1270, 630, 630, 170, 170, 110, 110, 220, 220, 1090, 1090, 820, 820, 570, 570, 370, 370, 970, 970, 590, 590, 970, 970, 550, 550, 580, 580, 1150, 1150, 50, 50, 1360, 1360, 130, 130, 240, 240, 200, 200, 290, 290, 10080, 10080, 160, 160, 900, 900, 0, 0, 390, 390, 750, 750, 190, 190]"
2020-10-27 19:10:00+00:00,40910,0,90.0,"[140, 140, 110, 110, 510, 510, 2620, 2620, 240, 590, 590, 240, 290, 290, 260, 260, 250, 250, 100, 100, 370, 370, 130, 130, 530, 530, 1170, 300, 300, 1360, 1360, 30, 30, 40, 40, 200, 200, 360, 360, 30, 30, 1700, 1700, 130, 130, 540, 540, 70, 70, 180, 180, 1340, 1340, 190, 190, 30, 30, 160, 160, 170, 170, 300, 300, 260, 260, 260, 260, 800, 800, 880, 880, 130, 130, 310, 310, 40, 40, 130, 130, 140, 140, 2900, 2900, 0, 150, 150, 190, 190, 410, 410]"
2020-10-27 19:15:00+00:00,42120,0,83.0,"[480, 480, 70, 70, 1200, 1200, 810, 260, 260, 810, 130, 130, 330, 330, 280, 280, 70, 70, 310, 310, 160, 160, 670, 670, 170, 170, 1190, 1190, 740, 740, 370, 370, 520, 520, 90, 90, 50, 50, 540, 540, 200, 200, 450, 450, 380, 380, 120, 120, 10, 10, 560, 560, 120, 280, 280, 150, 150, 290, 290, 4360, 70, 290, 290, 70, 4360, 1360, 1360, 0, 0, 30, 30, 460, 460, 2140, 2140, 20, 20, 1130, 1130, 140, 140, 120, 120]"
2020-10-27 19:20:00+00:00,30960,0,58.0,"[520, 60, 60, 520, 340, 340, 100, 100, 1080, 1080, 1730, 1730, 170, 170, 2060, 2060, 330, 330, 140, 140, 460, 460, 140, 140, 310, 310, 430, 430, 140, 140, 1410, 1410, 480, 480, 140, 140, 460, 460, 730, 730, 50, 50, 2620, 2620, 60, 60, 240, 240, 300, 300, 350, 350, 40, 40, 560, 560, 30, 30]"
2020-10-27 19:25:00+00:00,43280,0,86.0,"[300, 300, 540, 540, 250, 250, 360, 360, 50, 50, 100, 100, 1800, 1800, 0, 0, 30, 30, 140, 140, 1390, 1390, 160, 160, 550, 550, 1080, 1080, 360, 360, 720, 720, 180, 180, 1180, 1180, 190, 190, 170, 170, 360, 360, 640, 640, 190, 190, 200, 200, 290, 290, 820, 820, 50, 50, 90, 1030, 90, 1030, 1380, 1380, 360, 360, 1310, 1310, 230, 230, 140, 140, 850, 850, 160, 160, 1310, 1310, 10, 10, 580, 580, 280, 280, 940, 940, 30, 30, 840, 840]"
2020-10-27 19:30:00+00:00,46780,0,96.0,"[60, 60, 650, 650, 60, 60, 3560, 3560, 210, 210, 500, 500, 140, 140, 3560, 3560, 260, 260, 1310, 1310, 240, 240, 60, 40, 60, 40, 1220, 320, 1220, 320, 130, 130, 120, 120, 230, 230, 120, 120, 0, 0, 470, 470, 400, 400, 60, 60, 20, 20, 100, 100, 60, 60, 310, 310, 100, 100, 360, 100, 360, 100, 40, 40, 230, 230, 60, 60, 190, 190, 140, 140, 870, 870, 650, 650, 1470, 1470, 150, 150, 1400, 1400, 140, 140, 770, 770, 180, 180, 350, 350, 190, 190, 700, 700, 100, 100, 990, 990]"
2020-10-27 19:35:00+00:00,34680,0,68.0,"[170, 170, 290, 290, 480, 480, 1270, 1270, 160, 160, 50, 660, 50, 660, 1090, 1090, 750, 750, 540, 540, 200, 200, 110, 110, 70, 70, 470, 470, 1190, 1190, 500, 500, 50, 50, 360, 360, 430, 430, 130, 130, 340, 340, 2150, 2150, 160, 160, 300, 300, 110, 110, 230, 230, 180, 180, 970, 970, 500, 500, 840, 840, 1060, 1060, 870, 870, 510, 510, 150, 150]"
2020-10-27 19:40:00+00:00,52780,0,118.0,"[420, 420, 150, 150, 450, 450, 20, 20, 970, 970, 500, 500, 380, 380, 110, 110, 450, 450, 710, 710, 120, 4120, 120, 4120, 200, 200, 300, 300, 130, 130, 80, 340, 340, 80, 600, 600, 270, 270, 270, 270, 920, 440, 440, 920, 210, 250, 250, 210, 370, 370, 110, 110, 210, 210, 1300, 1300, 410, 410, 150, 150, 590, 590, 2280, 2280, 210, 210, 540, 540, 730, 730, 410, 410, 90, 90, 150, 150, 350, 350, 220, 220, 270, 270, 220, 220, 40, 40, 320, 320, 560, 560, 90, 120, 120, 90, 270, 270, 290, 290, 280, 280, 280, 280, 350, 350, 240, 240, 880, 880, 680, 680, 380, 380, 370, 370, 90, 90, 130, 130]"
2020-10-27 19:45:00+00:00,46310,0,89.0,"[410, 410, 330, 330, 310, 310, 550, 550, 280, 160, 280, 160, 390, 390, 3120, 3120, 1010, 1010, 890, 890, 150, 150, 490, 490, 1030, 1030, 690, 690, 390, 390, 50, 50, 60, 60, 610, 610, 160, 160, 670, 670, 20, 20, 200, 200, 460, 460, 470, 470, 250, 250, 980, 980, 610, 610, 190, 190, 170, 170, 510, 510, 1540, 1540, 220, 220, 480, 480, 30, 30, 250, 250, 520, 520, 220, 320, 320, 220, 120, 120, 1000, 330, 330, 1000, 190, 190, 570, 820, 820, 1220, 1220]"
2020-10-27 19:50:00+00:00,44440,0,65.0,"[3920, 3920, 290, 290, 220, 220, 420, 420, 90, 90, 250, 250, 120, 120, 700, 270, 920, 920, 270, 700, 390, 390, 640, 640, 3150, 3150, 1160, 1160, 190, 190, 900, 160, 160, 900, 900, 1050, 1050, 360, 360, 260, 260, 30, 30, 120, 120, 3380, 3380, 980, 980, 220, 220, 120, 120, 900, 900, 200, 200, 270, 270, 50, 50, 0, 0, 40, 40]"
2020-10-27 19:55:00+00:00,78120,0,90.0,"[620, 620, 230, 230, 100, 100, 160, 160, 110, 110, 830, 830, 3280, 3280, 80, 80, 70, 70, 10190, 10190, 920, 920, 280, 280, 30, 30, 500, 500, 590, 590, 250, 250, 240, 240, 280, 160, 280, 160, 480, 480, 840, 840, 30, 30, 340, 340, 140, 140, 260, 260, 280, 280, 450, 450, 140, 140, 710, 710, 860, 860, 400, 400, 440, 440, 920, 920, 5060, 5060, 60, 60, 2730, 240, 240, 2730, 400, 400, 2140, 2140, 40, 40, 1320, 1320, 610, 610, 510, 150, 590, 150, 590, 510]"
2020-10-27 20:00:00+00:00,48940,0,80.0,"[20, 20, 180, 80, 180, 80, 2060, 2060, 520, 520, 560, 560, 210, 210, 1170, 1170, 150, 300, 300, 150, 800, 800, 890, 890, 310, 310, 570, 570, 160, 160, 130, 130, 260, 260, 60, 60, 360, 360, 510, 510, 420, 420, 30, 30, 1560, 1560, 150, 150, 3660, 3660, 190, 190, 710, 710, 810, 810, 200, 200, 3030, 3030, 150, 150, 1580, 1580, 30, 30, 250, 250, 40, 40, 980, 980, 140, 140, 320, 320, 400, 400, 520, 520]"
2020-10-27 20:05:00+00:00,88590,0,82.0,"[650, 650, 340, 340, 260, 260, 170, 170, 60, 60, 370, 370, 360, 450, 450, 360, 5770, 5770, 630, 630, 110, 110, 160, 160, 0, 0, 280, 280, 160, 160, 130, 130, 510, 510, 200, 200, 0, 0, 4730, 610, 4730, 610, 600, 600, 120, 120, 340, 340, 180, 180, 2020, 2020, 170, 170, 1050, 1050, 80, 60, 60, 180, 180, 70, 70, 1640, 1640, 500, 500, 4450, 4450, 570, 570, 2550, 2550, 720, 720, 510, 510, 450, 450, 24210, 20, 20]"
2020-10-27 20:10:00+00:00,52620,0,88.0,"[150, 150, 10, 10, 150, 150, 20, 20, 20, 20, 350, 350, 570, 570, 390, 390, 830, 830, 1220, 1220, 140, 140, 290, 290, 80, 80, 1490, 1490, 350, 350, 140, 2120, 140, 2120, 40, 40, 820, 820, 890, 890, 160, 160, 50, 50, 290, 290, 2470, 2470, 60, 60, 50, 50, 260, 260, 710, 710, 4600, 4600, 320, 320, 710, 710, 290, 290, 100, 40, 100, 40, 210, 210, 1020, 1020, 1050, 1050, 210, 210, 1720, 1720, 560, 560, 700, 700, 310, 180, 180, 310, 170, 170]"
2020-10-27 20:15:00+00:00,42160,0,98.0,"[230, 230, 160, 160, 190, 190, 200, 200, 520, 520, 130, 130, 110, 110, 160, 160, 340, 340, 980, 980, 170, 170, 990, 990, 640, 640, 360, 360, 410, 410, 410, 410, 100, 100, 620, 620, 670, 670, 390, 390, 320, 320, 80, 80, 380, 380, 1510, 1510, 150, 150, 640, 640, 240, 240, 530, 530, 370, 370, 1030, 1030, 80, 80, 280, 80, 80, 280, 220, 220, 320, 320, 210, 210, 1030, 1030, 650, 650, 550, 550, 2130, 2130, 90, 90, 900, 900, 400, 400, 400, 400, 60, 60, 40, 40, 340, 340, 180, 180, 90, 90]"
2020-10-27 20:20:00+00:00,53420,0,79.0,"[340, 340, 10, 10, 750, 750, 920, 920, 5130, 5130, 310, 310, 40, 40, 330, 330, 730, 730, 250, 250, 360, 360, 240, 240, 880, 880, 460, 460, 1080, 1080, 530, 530, 2340, 2340, 160, 160, 370, 370, 430, 430, 120, 120, 150, 150, 3510, 3510, 1210, 1210, 470, 470, 230, 230, 50, 50, 370, 370, 100, 100, 160, 160, 780, 780, 250, 250, 1700, 1700, 120, 120, 210, 570, 570, 210, 340, 340, 280, 280, 200, 330, 330]"
2020-10-27 20:25:00+00:00,40230,0,76.0,"[240, 240, 450, 450, 280, 280, 530, 530, 1060, 1060, 280, 280, 830, 830, 470, 500, 470, 500, 1070, 1070, 340, 340, 90, 90, 50, 50, 250, 250, 10, 10, 130, 1930, 1930, 630, 630, 600, 600, 260, 260, 260, 260, 340, 340, 270, 270, 2120, 2120, 100, 100, 160, 160, 500, 500, 30, 30, 70, 70, 600, 600, 870, 870, 520, 20, 20, 170, 2340, 170, 2340, 160, 160, 850, 530, 530, 850, 530, 530]"
2020-10-27 20:30:00+00:00,27540,0,53.0,"[70, 70, 20, 20, 360, 360, 440, 440, 150, 150, 470, 470, 180, 180, 940, 940, 170, 170, 180, 180, 270, 270, 30, 30, 1730, 1730, 260, 260, 210, 210, 420, 670, 670, 350, 350, 830, 830, 70, 70, 140, 140, 2600, 2600, 90, 90, 400, 400, 300, 300, 2510, 2510, 120, 120]"
2020-10-27 20:35:00+00:00,29840,0,84.0,"[160, 160, 410, 410, 120, 120, 210, 210, 340, 340, 330, 330, 740, 740, 370, 370, 370, 370, 400, 400, 10, 10, 740, 740, 490, 490, 150, 150, 350, 350, 140, 140, 190, 190, 440, 440, 100, 100, 80, 80, 530, 530, 60, 60, 560, 560, 1050, 1050, 250, 250, 490, 490, 190, 190, 390, 390, 290, 290, 150, 150, 580, 580, 420, 420, 840, 840, 320, 320, 510, 510, 180, 180, 50, 50, 250, 250, 600, 600, 60, 60, 980, 980, 30, 30]"
2020-10-27 20:40:00+00:00,41560,0,84.0,"[20, 20, 40, 40, 290, 290, 330, 330, 190, 190, 70, 70, 90, 90, 40, 40, 300, 300, 680, 680, 680, 680, 1080, 1080, 1450, 1450, 260, 260, 240, 240, 240, 240, 2210, 2210, 140, 140, 640, 640, 220, 220, 1040, 1040, 1070, 1070, 180, 180, 560, 560, 780, 780, 1460, 1460, 140, 140, 110, 110, 140, 180, 850, 180, 140, 850, 370, 370, 500, 500, 1230, 1230, 170, 170, 60, 60, 100, 100, 480, 480, 390, 390, 80, 80, 240, 240, 1440, 1440]"
2020-10-27 20:45:00+00:00,56740,0,94.0,"[120, 120, 740, 740, 220, 220, 20, 20, 530, 530, 1440, 1440, 50, 50, 360, 360, 20, 740, 20, 740, 640, 640, 780, 1150, 1150, 780, 380, 380, 180, 180, 180, 180, 360, 360, 390, 390, 150, 150, 350, 350, 750, 750, 310, 310, 40, 40, 850, 850, 830, 830, 50, 50, 590, 590, 80, 80, 540, 540, 310, 310, 60, 330, 60, 330, 1400, 1400, 120, 120, 660, 660, 1730, 1730, 190, 190, 700, 700, 360, 360, 100, 100, 410, 410, 1170, 1170, 200, 200, 200, 200, 360, 360, 7030, 7030, 200, 200]"
2020-10-27 20:50:00+00:00,59590,0,115.0,"[280, 280, 1310, 1310, 50, 700, 700, 50, 910, 910, 150, 150, 200, 200, 150, 150, 80, 380, 380, 80, 660, 1080, 1080, 660, 20, 20, 420, 420, 640, 640, 110, 110, 450, 450, 350, 580, 580, 350, 700, 700, 390, 390, 20, 20, 380, 380, 120, 120, 1850, 1850, 380, 380, 100, 100, 1380, 1380, 470, 470, 580, 580, 420, 420, 190, 190, 690, 690, 200, 200, 70, 70, 440, 440, 80, 80, 1440, 1440, 590, 590, 980, 980, 360, 360, 690, 690, 230, 230, 260, 260, 950, 950, 70, 70, 280, 280, 200, 200, 1250, 1250, 220, 220, 960, 960, 1070, 1070, 760, 440, 440, 760, 310, 310, 950, 580, 700, 700, 580]"
2020-10-27 20:55:00+00:00,98360,0,92.0,"[350, 350, 140, 140, 800, 800, 960, 960, 1860, 1860, 410, 410, 110, 110, 540, 540, 2420, 2420, 190, 190, 2420, 2420, 240, 240, 690, 690, 160, 160, 100, 100, 530, 530, 50, 50, 310, 140, 140, 310, 50, 200, 50, 200, 550, 550, 160, 160, 80, 80, 12210, 12210, 920, 920, 660, 660, 1280, 1280, 280, 280, 440, 440, 540, 540, 240, 240, 11090, 11090, 670, 950, 670, 950, 930, 930, 190, 190, 1540, 1540, 520, 520, 620, 620, 180, 180, 520, 520, 190, 190, 500, 500, 460, 460, 790, 790]"
2020-10-27 21:00:00+00:00,33890,0,81.0,"[440, 440, 60, 60, 240, 240, 800, 800, 620, 620, 440, 440, 430, 430, 480, 480, 40, 800, 800, 40, 110, 110, 260, 260, 110, 120, 120, 110, 170, 170, 1130, 1130, 120, 120, 120, 120, 100, 2010, 100, 2010, 760, 760, 250, 250, 160, 160, 190, 190, 1090, 1090, 100, 100, 40, 40, 1050, 120, 120, 1050, 400, 400, 50, 50, 560, 560, 2190, 640, 640, 280, 280, 300, 300, 310, 310, 470, 470, 240, 240, 200, 200, 40, 40]"
2020-10-27 21:05:00+00:00,62300,0,86.0,"[440, 440, 1370, 1370, 6000, 6000, 80, 80, 1150, 1150, 280, 280, 640, 640, 880, 880, 360, 360, 690, 690, 1450, 370, 370, 1450, 470, 470, 1860, 1860, 260, 260, 660, 660, 70, 70, 610, 610, 680, 680, 520, 520, 150, 150, 590, 590, 270, 270, 220, 220, 220, 220, 660, 660, 220, 220, 2040, 2040, 50, 50, 70, 70, 230, 230, 2070, 850, 850, 2070, 240, 240, 170, 170, 730, 730, 1180, 1180, 840, 840, 160, 160, 370, 370, 230, 230, 270, 270, 480, 480]"
2020-10-27 21:10:00+00:00,29800,0,62.0,"[350, 350, 1310, 1310, 140, 140, 230, 230, 190, 190, 440, 440, 140, 140, 80, 80, 310, 310, 640, 640, 340, 340, 370, 370, 60, 60, 920, 1080, 920, 1080, 2050, 2050, 330, 330, 610, 610, 280, 280, 40, 40, 110, 110, 190, 190, 340, 340, 890, 890, 1680, 1680, 150, 150, 330, 330, 90, 90, 730, 50, 50, 730, 430, 430]"
2020-10-27 21:15:00+00:00,44900,0,73.0,"[1460, 1460, 1010, 1010, 870, 870, 480, 480, 120, 120, 350, 350, 4230, 4230, 530, 530, 1040, 1040, 150, 150, 90, 90, 170, 170, 1920, 1920, 210, 210, 450, 450, 360, 360, 650, 600, 650, 600, 410, 410, 220, 460, 460, 220, 470, 470, 1330, 1330, 20, 20, 130, 130, 830, 830, 510, 510, 40, 340, 340, 250, 250, 20, 20, 580, 580, 430, 430, 110, 110, 640, 640, 330, 330, 660, 660]"
2020-10-27 21:20:00+00:00,111250,0,109.0,"[900, 900, 210, 210, 14850, 14850, 260, 260, 30, 30, 110, 110, 390, 390, 320, 320, 440, 440, 760, 760, 580, 580, 320, 570, 570, 320, 2040, 2040, 50, 1090, 1090, 220, 220, 420, 420, 220, 220, 840, 840, 350, 360, 360, 350, 660, 660, 130, 130, 290, 290, 220, 220, 210, 210, 240, 240, 570, 570, 10, 410, 10, 410, 270, 510, 270, 510, 4800, 4800, 510, 3430, 3430, 510, 240, 240, 530, 530, 160, 420, 420, 160, 790, 790, 330, 330, 410, 4360, 410, 4360, 530, 530, 1940, 1940, 2450, 330, 2450, 330, 230, 230, 2200, 50, 50, 2200, 920, 920, 1130, 1130, 570, 570, 470, 470]"
2020-10-27 21:25:00+00:00,104560,0,94.0,"[60, 60, 600, 600, 190, 190, 1970, 1970, 400, 400, 280, 280, 740, 760, 760, 740, 180, 180, 110, 110, 200, 340, 200, 340, 170, 170, 640, 640, 120, 120, 270, 270, 790, 790, 570, 570, 210, 210, 80, 80, 20, 20, 260, 260, 1450, 1450, 730, 730, 560, 1200, 560, 1200, 140, 140, 20, 20, 430, 430, 120, 120, 1300, 1300, 480, 480, 250, 250, 2630, 2630, 350, 350, 260, 260, 50, 50, 310, 310, 30300, 30300, 690, 690, 130, 130, 420, 420, 420, 420, 240, 240, 280, 280, 180, 180, 380, 380]"
2020-10-27 21:30:00+00:00,36980,0,89.0,"[120, 120, 2380, 2380, 290, 290, 150, 150, 580, 580, 40, 40, 120, 120, 910, 910, 790, 790, 650, 650, 270, 270, 200, 200, 760, 760, 70, 70, 160, 160, 210, 210, 340, 340, 220, 220, 420, 420, 360, 360, 1900, 1900, 260, 260, 330, 330, 330, 330, 410, 410, 540, 200, 540, 580, 1090, 580, 1090, 70, 70, 380, 380, 310, 310, 180, 180, 180, 180, 160, 160, 420, 420, 120, 120, 330, 330, 40, 40, 220, 220, 220, 220, 190, 190, 280, 280, 150, 150, 660, 660]"
2020-10-27 21:35:00+00:00,131540,0,122.0,"[1160, 1160, 550, 550, 100, 220, 220, 100, 40, 40, 700, 700, 100, 100, 730, 730, 150, 150, 770, 770, 290, 290, 170, 170, 1410, 1410, 1110, 220, 1110, 220, 300, 300, 220, 220, 510, 510, 1170, 16730, 16730, 1170, 450, 840, 450, 840, 240, 240, 1040, 1040, 1760, 80, 1760, 80, 1040, 1040, 5050, 5050, 170, 170, 280, 280, 390, 390, 70, 70, 280, 280, 500, 500, 6040, 6040, 7470, 7470, 240, 240, 30, 30, 50, 50, 180, 880, 180, 880, 300, 300, 270, 270, 60, 60, 170, 170, 500, 500, 280, 280, 60, 60, 390, 390, 500, 500, 4600, 4600, 80, 80, 820, 820, 60, 60, 750, 750, 620, 620, 270, 270, 130, 1670, 130, 1670, 410, 410, 100, 100]"
2020-10-27 21:40:00+00:00,272620,0,120.0,"[210, 210, 730, 730, 820, 820, 280, 280, 80, 80, 180, 180, 900, 900, 530, 530, 250, 250, 590, 590, 510, 510, 1380, 1380, 340, 340, 290, 290, 590, 590, 200, 200, 510, 510, 230, 230, 240, 240, 130, 130, 70, 70, 540, 540, 900, 900, 460, 460, 180, 180, 230, 230, 70, 70, 50960, 50960, 440, 440, 560, 1220, 1220, 560, 470, 110, 470, 110, 290, 290, 350, 350, 1390, 1390, 180, 180, 450, 450, 350, 56160, 56160, 350, 580, 580, 1350, 1350, 1250, 1250, 260, 260, 370, 370, 1350, 1350, 440, 440, 40, 40, 620, 620, 250, 250, 240, 240, 370, 410, 370, 410, 1250, 1250, 260, 260, 200, 200, 850, 850, 980, 980, 560, 560, 310, 310]"
2020-10-27 21:45:00+00:00,131640,0,110.0,"[200, 230, 200, 230, 370, 370, 370, 370, 580, 150, 580, 150, 1210, 1210, 80, 80, 1330, 1330, 220, 220, 280, 280, 1300, 1300, 27300, 27300, 40, 40, 570, 570, 250, 250, 220, 220, 120, 120, 240, 240, 1300, 1300, 1020, 1020, 630, 630, 340, 340, 10620, 10620, 1840, 1840, 610, 610, 200, 180, 180, 200, 150, 150, 70, 70, 580, 580, 100, 100, 1100, 1100, 340, 340, 940, 940, 310, 310, 380, 380, 780, 780, 370, 370, 160, 160, 140, 140, 530, 530, 820, 820, 280, 280, 90, 90, 820, 820, 610, 1540, 1540, 610, 490, 490, 580, 580, 1190, 1190, 500, 500, 300, 300, 540, 540, 310, 310]"
2020-10-27 21:50:00+00:00,37940,0,92.0,"[660, 660, 240, 240, 430, 430, 560, 560, 330, 330, 2100, 2100, 430, 430, 280, 280, 980, 980, 380, 380, 230, 230, 150, 150, 280, 280, 500, 500, 130, 130, 20, 100, 100, 20, 490, 170, 490, 170, 220, 220, 310, 310, 190, 190, 200, 200, 290, 290, 550, 550, 410, 410, 420, 420, 130, 130, 130, 130, 300, 300, 1160, 1160, 600, 600, 190, 190, 100, 100, 180, 180, 250, 250, 170, 170, 770, 770, 1230, 1230, 210, 210, 870, 870, 110, 110, 960, 960, 100, 40, 100, 40, 420, 420]"
2020-10-27 21:55:00+00:00,51060,0,112.0,"[550, 550, 70, 70, 40, 40, 160, 160, 410, 410, 60, 60, 2600, 2600, 240, 240, 750, 750, 950, 950, 340, 340, 750, 750, 540, 540, 960, 960, 150, 150, 220, 220, 100, 100, 280, 280, 340, 340, 330, 330, 430, 430, 60, 60, 60, 60, 120, 120, 970, 970, 40, 40, 110, 110, 20, 20, 380, 380, 10, 10, 60, 60, 560, 560, 550, 550, 240, 240, 120, 120, 110, 110, 100, 100, 4080, 4080, 240, 240, 320, 320, 60, 60, 160, 160, 470, 470, 310, 1450, 310, 1450, 490, 490, 440, 440, 160, 160, 970, 970, 120, 120, 70, 70, 300, 300, 200, 200, 450, 450, 290, 290, 1170, 1170]"
2020-10-27 22:00:00+00:00,53260,0,98.0,"[110, 110, 280, 280, 570, 570, 440, 440, 920, 920, 2510, 2510, 270, 270, 360, 360, 570, 570, 10, 10, 1100, 1100, 140, 160, 140, 160, 610, 610, 230, 230, 290, 290, 880, 880, 260, 260, 620, 620, 360, 360, 180, 180, 490, 490, 180, 180, 320, 320, 60, 60, 350, 350, 230, 230, 510, 510, 7690, 7690, 380, 380, 40, 40, 630, 630, 150, 150, 470, 470, 290, 290, 200, 200, 140, 140, 180, 180, 320, 320, 620, 620, 370, 370, 600, 600, 40, 330, 40, 330, 80, 80, 160, 160, 160, 160, 160, 160, 610, 610]"
2020-10-27 22:05:00+00:00,52960,0,108.0,"[550, 550, 300, 300, 70, 70, 700, 700, 140, 140, 890, 890, 840, 840, 330, 330, 60, 60, 200, 200, 190, 190, 460, 460, 360, 1250, 1250, 360, 320, 320, 230, 230, 200, 200, 560, 560, 740, 740, 90, 90, 1430, 1120, 1430, 1120, 10, 10, 540, 540, 220, 220, 460, 460, 20, 190, 190, 20, 250, 250, 420, 420, 340, 340, 290, 290, 70, 70, 790, 790, 370, 370, 500, 500, 1970, 1970, 2520, 2520, 250, 250, 230, 760, 230, 760, 140, 140, 130, 130, 200, 200, 190, 190, 120, 120, 1280, 1280, 580, 580, 360, 360, 200, 200, 300, 300, 160, 160, 140, 140, 1450, 1450]"
2020-10-27 22:10:00+00:00,39420,0,86.0,"[480, 480, 680, 680, 480, 480, 440, 440, 240, 240, 420, 420, 420, 420, 30, 30, 220, 220, 780, 780, 280, 280, 810, 810, 150, 150, 1390, 1390, 430, 430, 290, 290, 100, 100, 480, 480, 50, 50, 850, 850, 160, 160, 580, 580, 40, 40, 1040, 1040, 730, 730, 250, 250, 200, 200, 20, 20, 130, 130, 1280, 1280, 110, 110, 40, 40, 620, 620, 550, 100, 550, 100, 180, 180, 350, 350, 180, 180, 420, 420, 3080, 3080, 200, 200, 260, 260, 170, 170]"
2020-10-27 22:15:00+00:00,51270,0,77.0,"[2020, 2020, 170, 170, 690, 690, 490, 550, 550, 490, 80, 80, 830, 830, 350, 580, 580, 410, 410, 30, 30, 440, 450, 440, 450, 270, 270, 160, 160, 480, 480, 310, 310, 250, 250, 690, 690, 330, 330, 190, 190, 2180, 2180, 920, 920, 1230, 1230, 2070, 2070, 220, 220, 400, 400, 490, 920, 490, 920, 330, 330, 480, 480, 520, 520, 1040, 1040, 1740, 1740, 300, 300, 560, 560, 1890, 1890, 130, 130, 620, 620]"
2020-10-27 22:20:00+00:00,56080,0,92.0,"[540, 540, 1360, 1360, 440, 440, 230, 230, 200, 200, 670, 670, 100, 100, 460, 460, 600, 600, 1890, 1890, 50, 50, 180, 180, 260, 260, 360, 360, 390, 390, 420, 420, 500, 500, 320, 160, 320, 160, 190, 190, 220, 50, 50, 220, 390, 390, 390, 390, 410, 410, 690, 690, 200, 200, 380, 380, 800, 800, 380, 380, 150, 150, 160, 160, 250, 250, 220, 220, 150, 150, 220, 220, 130, 130, 9030, 9030, 1270, 1270, 570, 570, 660, 660, 220, 220, 490, 490, 160, 160, 160, 160, 970, 970]"
2020-10-27 22:25:00+00:00,92480,0,96.0,"[300, 300, 100, 100, 50, 50, 90, 90, 230, 230, 200, 200, 570, 570, 5970, 5970, 700, 700, 480, 480, 1820, 1820, 100, 100, 230, 230, 110, 110, 50, 50, 250, 250, 230, 230, 8560, 520, 8560, 520, 990, 990, 320, 320, 190, 190, 210, 210, 250, 250, 4000, 4000, 760, 760, 430, 430, 330, 330, 290, 290, 1840, 340, 1840, 340, 750, 750, 1580, 1580, 380, 380, 250, 250, 240, 240, 770, 770, 4000, 4000, 600, 600, 50, 50, 250, 250, 180, 180, 1910, 1910, 330, 330, 2270, 2270, 410, 410, 860, 860, 900, 900]"
2020-10-27 22:30:00+00:00,67240,0,104.0,"[1140, 1140, 20, 20, 150, 350, 150, 350, 450, 450, 340, 340, 560, 560, 470, 470, 390, 390, 430, 430, 190, 190, 520, 520, 230, 230, 1700, 1700, 190, 190, 820, 820, 140, 140, 1700, 750, 750, 1700, 420, 420, 310, 310, 420, 420, 280, 280, 240, 240, 240, 240, 160, 160, 220, 220, 1140, 1140, 2170, 2170, 400, 400, 1810, 1810, 360, 360, 40, 40, 1740, 1740, 690, 690, 160, 160, 110, 110, 120, 120, 660, 1240, 660, 1240, 1650, 1650, 270, 270, 830, 570, 830, 570, 20, 20, 3440, 3440, 520, 520, 460, 1070, 1070, 460, 310, 310, 730, 730, 280, 280]"
2020-10-27 22:35:00+00:00,92980,0,96.0,"[140, 140, 580, 300, 580, 300, 340, 340, 2240, 2240, 1080, 1080, 300, 300, 1160, 1160, 250, 250, 1110, 1110, 670, 670, 50, 50, 460, 460, 340, 340, 1370, 1370, 170, 170, 1680, 1680, 150, 150, 13060, 13060, 1090, 1090, 760, 760, 840, 840, 360, 360, 1430, 1430, 210, 210, 300, 300, 410, 410, 240, 240, 570, 570, 160, 160, 510, 510, 200, 200, 660, 660, 580, 580, 50, 50, 730, 730, 600, 600, 1590, 1590, 110, 110, 100, 100, 20, 20, 180, 180, 710, 710, 1440, 1440, 670, 670, 280, 280, 50, 50, 6190, 6190]"
2020-10-27 22:40:00+00:00,48450,0,107.0,"[210, 210, 540, 540, 830, 830, 770, 770, 150, 150, 60, 60, 630, 630, 3860, 3860, 1320, 1320, 50, 50, 170, 1160, 170, 1160, 780, 780, 150, 270, 270, 150, 50, 50, 430, 430, 1840, 1840, 590, 590, 150, 150, 850, 850, 230, 230, 150, 150, 80, 80, 1460, 1460, 360, 360, 90, 90, 240, 240, 110, 110, 150, 40, 40, 510, 510, 290, 290, 1200, 1200, 310, 310, 150, 150, 210, 210, 130, 130, 110, 110, 330, 330, 210, 210, 140, 140, 640, 640, 150, 150, 200, 200, 140, 140, 160, 160, 160, 160, 540, 310, 540, 310, 30, 30, 250, 250, 170, 170, 190, 190]"
2020-10-27 22:45:00+00:00,48500,0,78.0,"[370, 370, 50, 50, 650, 650, 750, 750, 910, 910, 430, 430, 760, 760, 190, 190, 800, 590, 590, 800, 360, 360, 810, 810, 170, 170, 520, 520, 250, 250, 300, 300, 40, 40, 30, 30, 780, 780, 5780, 5780, 780, 780, 330, 330, 200, 200, 160, 160, 100, 100, 270, 270, 430, 430, 420, 280, 420, 280, 120, 120, 390, 390, 960, 960, 940, 940, 340, 340, 930, 930, 330, 330, 540, 540, 1680, 1680, 510, 510]"
2020-10-27 22:50:00+00:00,63020,0,84.0,"[120, 120, 1440, 1440, 60, 60, 540, 540, 70, 70, 40, 40, 460, 460, 4540, 4540, 480, 480, 180, 180, 700, 700, 470, 470, 340, 340, 250, 250, 260, 260, 70, 70, 90, 90, 560, 560, 120, 120, 1080, 1080, 340, 340, 370, 100, 370, 100, 210, 210, 370, 370, 2890, 2890, 800, 800, 10, 10, 190, 270, 270, 190, 1300, 1300, 100, 100, 760, 760, 7150, 7150, 320, 380, 320, 380, 1050, 1050, 80, 80, 430, 430, 1280, 1280, 120, 120, 1120, 1120]"
2020-10-27 22:55:00+00:00,49560,0,85.0,"[1640, 1640, 210, 210, 430, 430, 790, 790, 820, 820, 1100, 260, 1100, 260, 130, 130, 160, 160, 690, 690, 320, 320, 910, 910, 90, 90, 70, 70, 20, 20, 660, 660, 930, 930, 580, 580, 500, 500, 690, 690, 730, 730, 390, 220, 390, 220, 170, 170, 440, 440, 30, 30, 370, 730, 370, 730, 510, 510, 220, 1910, 220, 1910, 420, 420, 2550, 2550, 60, 60, 190, 190, 50, 50, 3480, 3480, 230, 230, 120, 250, 250, 260, 260, 300, 300, 210, 210]"
2020-10-27 23:00:00+00:00,75920,0,92.0,"[320, 320, 400, 400, 960, 960, 360, 360, 4230, 320, 320, 4230, 980, 980, 300, 300, 580, 580, 260, 260, 300, 300, 150, 150, 170, 170, 180, 340, 340, 180, 3900, 3900, 740, 740, 1960, 1960, 450, 450, 300, 300, 250, 250, 70, 370, 70, 370, 180, 180, 350, 450, 450, 350, 180, 180, 2360, 2360, 1110, 1110, 240, 240, 4970, 4970, 170, 170, 130, 130, 820, 820, 410, 410, 2280, 2280, 2820, 2820, 980, 60, 60, 980, 680, 680, 60, 60, 110, 110, 270, 270, 330, 330, 970, 970, 140, 140]"
2020-10-27 23:05:00+00:00,60140,0,106.0,"[1090, 1090, 1170, 1170, 1060, 1060, 460, 460, 680, 680, 170, 170, 1860, 1860, 0, 0, 270, 270, 190, 190, 1420, 1420, 430, 430, 520, 520, 400, 400, 130, 130, 90, 90, 280, 280, 360, 360, 100, 100, 410, 410, 460, 460, 120, 120, 1610, 1610, 250, 250, 1250, 1250, 980, 980, 340, 340, 930, 340, 340, 930, 170, 170, 180, 180, 280, 280, 660, 660, 520, 520, 720, 500, 110, 500, 720, 110, 340, 340, 140, 140, 160, 160, 2690, 2690, 310, 310, 1900, 1900, 430, 430, 500, 500, 500, 500, 70, 70, 120, 120, 320, 320, 310, 310, 1220, 60, 60, 1220, 490, 490]"
2020-10-27 23:10:00+00:00,63080,0,90.0,"[180, 180, 250, 250, 210, 210, 410, 410, 650, 650, 670, 670, 170, 170, 1390, 1390, 500, 500, 650, 650, 820, 840, 820, 840, 960, 960, 990, 990, 6020, 6020, 480, 480, 40, 40, 70, 70, 1580, 1580, 80, 80, 240, 240, 50, 50, 240, 240, 500, 500, 820, 820, 310, 310, 1390, 1390, 1330, 1330, 1370, 1370, 420, 420, 210, 210, 30, 30, 830, 830, 280, 280, 150, 150, 580, 580, 320, 320, 20, 20, 500, 500, 400, 400, 2580, 2580, 620, 620, 50, 50, 1330, 1330, 10, 10]"
2020-10-27 23:15:00+00:00,49730,0,91.0,"[480, 480, 890, 890, 120, 120, 610, 610, 1240, 1240, 110, 110, 70, 70, 690, 690, 1440, 1440, 100, 100, 1610, 1610, 120, 120, 420, 420, 130, 130, 180, 180, 300, 230, 300, 230, 500, 500, 130, 130, 10, 10, 180, 180, 90, 1530, 1530, 140, 140, 480, 480, 220, 220, 2000, 2000, 520, 520, 50, 50, 300, 300, 130, 130, 410, 410, 480, 480, 340, 340, 100, 100, 2890, 2890, 450, 450, 660, 660, 610, 610, 500, 500, 700, 1600, 700, 1600, 170, 170, 510, 510, 410, 60, 410, 60]"
2020-10-27 23:20:00+00:00,46060,0,94.0,"[100, 100, 20, 20, 300, 300, 1340, 1340, 120, 120, 10, 10, 510, 510, 380, 260, 260, 380, 350, 350, 200, 200, 330, 330, 2150, 260, 2150, 260, 80, 80, 1010, 1010, 360, 360, 350, 350, 310, 310, 860, 860, 4970, 4970, 420, 420, 210, 210, 130, 130, 100, 100, 330, 330, 110, 110, 40, 40, 110, 110, 150, 150, 430, 430, 450, 450, 400, 400, 270, 270, 140, 140, 1140, 1110, 1140, 1110, 970, 970, 120, 120, 560, 560, 230, 230, 130, 130, 190, 190, 80, 80, 420, 360, 420, 360, 160, 160]"
2020-10-27 23:25:00+00:00,33940,0,75.0,"[590, 590, 630, 630, 2320, 2320, 20, 20, 80, 80, 640, 1030, 1030, 1020, 1020, 1190, 1190, 210, 210, 370, 370, 830, 830, 200, 200, 140, 140, 100, 180, 100, 180, 170, 170, 250, 250, 470, 470, 100, 320, 320, 790, 790, 40, 40, 60, 60, 1670, 1670, 200, 200, 500, 730, 730, 210, 210, 500, 500, 100, 100, 620, 620, 350, 350, 20, 20, 0, 0, 280, 280, 300, 300, 310, 310, 50, 50]"
2020-10-27 23:30:00+00:00,63570,0,103.0,"[500, 500, 630, 630, 550, 550, 250, 250, 580, 580, 370, 370, 260, 260, 1120, 1120, 240, 240, 510, 510, 310, 310, 440, 440, 110, 400, 400, 110, 60, 60, 420, 420, 250, 250, 1270, 1270, 430, 430, 270, 270, 200, 200, 1210, 1210, 540, 540, 240, 240, 310, 310, 510, 510, 740, 740, 300, 300, 1960, 1960, 810, 810, 1340, 1340, 160, 160, 160, 160, 4980, 4980, 260, 260, 620, 620, 220, 220, 460, 460, 240, 240, 150, 150, 290, 290, 200, 200, 2540, 2540, 690, 690, 110, 110, 660, 660, 150, 150, 1450, 1450, 790, 790, 230, 160, 250, 160, 250]"
2020-10-27 23:35:00+00:00,34640,0,86.0,"[190, 190, 710, 710, 600, 600, 70, 70, 190, 190, 120, 120, 200, 200, 50, 50, 450, 450, 880, 880, 710, 710, 340, 340, 150, 50, 150, 50, 150, 150, 20, 20, 80, 80, 740, 740, 940, 940, 150, 150, 690, 690, 200, 200, 850, 850, 40, 40, 0, 0, 160, 160, 1460, 1460, 170, 170, 160, 160, 1140, 1140, 190, 190, 1230, 1230, 400, 400, 30, 30, 120, 290, 120, 290, 170, 170, 400, 400, 540, 540, 860, 860, 780, 780, 150, 150, 500, 500]"
2020-10-27 23:40:00+00:00,62960,0,73.0,"[390, 390, 770, 770, 20, 450, 450, 960, 960, 130, 130, 150, 150, 190, 190, 80, 80, 580, 580, 320, 320, 860, 860, 1500, 1500, 220, 220, 220, 220, 250, 250, 50, 50, 920, 920, 170, 170, 1580, 1580, 620, 620, 490, 490, 270, 270, 16460, 16460, 140, 140, 360, 360, 150, 230, 230, 150, 160, 160, 210, 210, 210, 210, 120, 120, 1010, 1010, 390, 390, 320, 320, 340, 340, 200, 200]"
2020-10-27 23:45:00+00:00,54520,0,86.0,"[720, 720, 1560, 1560, 200, 200, 170, 170, 200, 200, 730, 730, 620, 620, 140, 40, 140, 40, 60, 60, 570, 570, 1780, 1780, 880, 880, 1770, 1770, 1960, 1960, 290, 290, 3770, 3770, 180, 180, 130, 130, 740, 740, 150, 150, 1780, 1780, 1260, 1260, 310, 310, 1080, 1080, 250, 250, 480, 480, 360, 360, 260, 140, 260, 140, 440, 440, 30, 30, 780, 780, 210, 210, 120, 120, 250, 250, 260, 260, 150, 150, 280, 280, 400, 400, 150, 150, 1400, 1400, 210, 210]"
2020-10-27 23:50:00+00:00,41660,0,64.0,"[30, 30, 390, 390, 220, 220, 990, 990, 330, 330, 580, 580, 130, 130, 100, 100, 890, 890, 1550, 1550, 1830, 1830, 190, 190, 570, 570, 1550, 1550, 270, 270, 640, 640, 1830, 1830, 130, 130, 100, 100, 1060, 1060, 440, 440, 160, 160, 830, 830, 370, 370, 380, 1440, 1440, 380, 2440, 2440, 220, 220, 290, 290, 140, 140, 520, 520, 220, 220]"
2020-10-27 23:55:00+00:00,43000,0,76.0,"[480, 480, 360, 360, 120, 120, 90, 90, 1010, 1010, 410, 410, 620, 620, 360, 360, 200, 200, 870, 870, 110, 110, 570, 570, 200, 200, 380, 380, 1700, 1700, 160, 160, 70, 70, 90, 90, 380, 380, 750, 750, 460, 450, 450, 460, 670, 670, 4280, 4280, 190, 190, 300, 300, 1240, 1240, 80, 80, 260, 260, 630, 630, 740, 740, 70, 70, 110, 110, 560, 560, 310, 310, 760, 760, 750, 750, 710, 710]"
2020-10-28 00:00:00+00:00,32420,0,48.0,"[340, 340, 380, 380, 340, 340, 140, 140, 1720, 1720, 90, 90, 1570, 1570, 480, 480, 360, 360, 220, 220, 60, 60, 1510, 1510, 1510, 1510, 220, 220, 340, 340, 580, 580, 3380, 3380, 680, 680, 130, 130, 600, 600, 290, 290, 650, 650, 500, 500, 120, 120]"
2020-10-28 00:05:00+00:00,27420,0,56.0,"[160, 160, 630, 630, 3920, 3920, 440, 440, 140, 140, 370, 370, 330, 330, 450, 450, 140, 140, 1580, 1580, 200, 200, 180, 180, 20, 20, 270, 270, 360, 360, 20, 20, 560, 560, 1160, 1160, 200, 200, 80, 80, 500, 500, 80, 80, 340, 340, 160, 160, 770, 770, 180, 180, 330, 330, 140, 140]"
2020-10-28 00:10:00+00:00,25540,0,56.0,"[250, 250, 660, 660, 360, 360, 100, 100, 230, 230, 160, 160, 1260, 1260, 340, 400, 340, 400, 390, 390, 210, 210, 150, 150, 60, 60, 420, 420, 710, 710, 1110, 1110, 370, 370, 700, 700, 1020, 1020, 1380, 1380, 160, 160, 310, 310, 470, 470, 800, 800, 10, 10, 90, 90, 450, 450, 200, 200]"
2020-10-28 00:15:00+00:00,77430,0,85.0,"[1270, 1270, 40, 40, 1040, 1040, 540, 540, 180, 180, 680, 680, 120, 120, 250, 250, 280, 280, 560, 560, 40, 40, 380, 380, 760, 760, 60, 550, 60, 550, 2230, 2230, 200, 200, 390, 4360, 4360, 390, 140, 140, 80, 80, 11950, 11950, 390, 390, 270, 270, 360, 360, 560, 560, 160, 160, 180, 180, 360, 360, 70, 70, 100, 100, 40, 40, 130, 110, 110, 160, 160, 1340, 1340, 10, 10, 50, 50, 250, 250, 3730, 3730, 940, 3270, 3270, 940, 200, 200]"
2020-10-28 00:20:00+00:00,79960,0,114.0,"[0, 110, 0, 110, 30, 3730, 30, 3730, 130, 130, 400, 400, 30, 30, 210, 210, 500, 500, 3140, 3140, 2820, 2820, 270, 270, 170, 170, 320, 320, 310, 310, 80, 80, 1190, 1190, 370, 370, 40, 40, 670, 670, 4880, 4880, 160, 210, 210, 160, 1060, 1060, 50, 50, 200, 200, 280, 280, 20, 20, 70, 70, 40, 40, 410, 410, 190, 190, 130, 130, 480, 2250, 480, 2250, 2900, 2900, 610, 610, 2250, 2250, 170, 170, 480, 480, 820, 820, 340, 340, 130, 130, 710, 710, 400, 400, 130, 130, 760, 760, 100, 100, 470, 470, 1390, 1390, 1470, 700, 1470, 700, 290, 290, 540, 540, 310, 310, 30, 30, 30, 30]"
2020-10-28 00:25:00+00:00,464670,0,96.0,"[130, 130, 140, 140, 1410, 1410, 140, 140, 200, 200, 180, 180, 60, 30, 30, 50, 50, 620, 620, 610, 610, 1410, 250, 1410, 250, 460, 460, 590, 590, 110, 570, 570, 180, 180, 230, 230, 190, 190, 94770, 94770, 120, 120, 1670, 1670, 1680, 1680, 160, 160, 1090, 1090, 2120, 2120, 210, 210, 40, 40, 1600, 1600, 3310, 3310, 20, 20, 94770, 94770, 4080, 4080, 1570, 1570, 80, 80, 3360, 3360, 2280, 2280, 1150, 1150, 3870, 3870, 220, 220, 680, 680, 560, 560, 520, 520, 1560, 1560, 1260, 1260, 1210, 1210, 820, 820, 80, 80]"
2020-10-28 00:30:00+00:00,59410,0,87.0,"[40, 40, 110, 110, 630, 630, 1130, 440, 440, 190, 190, 630, 630, 100, 100, 2680, 2680, 510, 510, 2100, 2100, 170, 170, 1370, 1370, 110, 90, 110, 90, 2080, 2080, 280, 280, 240, 240, 790, 790, 1510, 1510, 1190, 1190, 80, 80, 220, 220, 2060, 2060, 370, 370, 2510, 2510, 290, 290, 520, 520, 130, 90, 130, 90, 130, 130, 130, 130, 110, 110, 1550, 1550, 40, 40, 300, 300, 60, 60, 3400, 3400, 290, 290, 740, 150, 740, 150, 420, 420, 130, 130, 160, 160]"
2020-10-28 00:35:00+00:00,60500,0,96.0,"[60, 60, 3870, 3870, 4180, 4180, 80, 80, 290, 290, 450, 450, 710, 710, 100, 100, 210, 210, 170, 170, 780, 780, 240, 240, 1000, 1000, 600, 600, 190, 190, 120, 120, 260, 260, 260, 260, 290, 290, 300, 210, 300, 210, 540, 540, 120, 120, 480, 480, 80, 80, 250, 250, 650, 650, 1230, 1230, 640, 640, 360, 360, 1390, 1390, 1390, 1390, 60, 60, 850, 850, 30, 30, 110, 110, 110, 110, 480, 670, 480, 300, 670, 300, 60, 60, 180, 180, 3690, 3690, 120, 120, 160, 160, 930, 930, 740, 740, 260, 260]"
2020-10-28 00:40:00+00:00,45740,0,92.0,"[510, 510, 810, 810, 100, 100, 500, 500, 610, 610, 950, 950, 1020, 1020, 160, 160, 320, 320, 220, 220, 430, 430, 610, 610, 180, 510, 510, 180, 600, 600, 410, 410, 440, 440, 680, 680, 160, 160, 410, 410, 350, 350, 300, 300, 270, 270, 440, 440, 260, 260, 350, 350, 2410, 2410, 620, 620, 300, 300, 170, 170, 390, 390, 1380, 1380, 1080, 1080, 180, 360, 360, 180, 180, 180, 440, 440, 150, 150, 300, 300, 1750, 1750, 260, 260, 120, 120, 300, 300, 300, 300, 80, 80, 500, 500]"
2020-10-28 00:45:00+00:00,54840,0,94.0,"[620, 620, 80, 80, 530, 530, 1460, 1460, 160, 160, 330, 330, 590, 590, 230, 230, 10, 10, 300, 300, 240, 1340, 1340, 240, 130, 130, 120, 120, 350, 350, 760, 760, 90, 90, 320, 320, 450, 450, 1450, 1450, 100, 100, 400, 400, 390, 390, 250, 250, 590, 590, 520, 520, 2260, 100, 2260, 100, 520, 520, 210, 210, 1450, 1450, 140, 140, 540, 540, 220, 220, 170, 170, 240, 240, 2100, 2100, 1750, 1750, 300, 300, 490, 490, 350, 350, 3640, 30, 30, 3640, 70, 70, 500, 500, 110, 110, 420, 420]"
2020-10-28 00:50:00+00:00,70490,0,100.0,"[220, 220, 80, 80, 2180, 670, 2180, 670, 270, 270, 2870, 2870, 40, 40, 1140, 1140, 80, 80, 460, 660, 660, 460, 2280, 2280, 620, 1320, 1320, 470, 470, 80, 80, 110, 110, 400, 400, 80, 80, 300, 300, 650, 650, 710, 710, 50, 50, 220, 220, 260, 260, 430, 430, 170, 170, 480, 480, 80, 80, 340, 340, 580, 580, 160, 160, 890, 890, 330, 330, 310, 310, 20, 20, 640, 640, 1320, 780, 1320, 780, 90, 1640, 1640, 2600, 2600, 1040, 1040, 90, 90, 2160, 2160, 300, 300, 80, 80, 90, 90, 1320, 1320, 1280, 1280, 2160, 2160]"
2020-10-28 00:55:00+00:00,27080,0,66.0,"[430, 430, 100, 100, 390, 390, 70, 70, 170, 170, 250, 250, 420, 420, 210, 210, 570, 570, 980, 980, 80, 80, 1060, 1060, 240, 240, 350, 380, 350, 380, 330, 330, 500, 500, 480, 480, 220, 220, 40, 40, 120, 650, 120, 650, 330, 330, 940, 940, 630, 630, 1360, 1360, 170, 170, 580, 580, 360, 360, 30, 30, 200, 200, 400, 400, 500, 500]"
2020-10-28 01:00:00+00:00,45820,0,76.0,"[1440, 1440, 4160, 4160, 540, 180, 540, 180, 870, 870, 200, 200, 250, 250, 460, 460, 400, 400, 60, 60, 530, 530, 150, 150, 200, 200, 800, 800, 130, 130, 370, 20, 370, 20, 260, 260, 780, 780, 770, 770, 140, 140, 210, 210, 250, 250, 40, 40, 340, 340, 500, 500, 840, 840, 420, 420, 420, 420, 1640, 1640, 0, 0, 1400, 1400, 1270, 1270, 360, 360, 1080, 1080, 440, 440, 120, 120, 870, 870]"
2020-10-28 01:05:00+00:00,61350,0,81.0,"[330, 330, 10350, 10350, 940, 940, 470, 470, 460, 460, 1350, 1350, 500, 500, 110, 140, 140, 850, 850, 290, 80, 290, 80, 1570, 1570, 350, 120, 400, 400, 120, 350, 1110, 1110, 560, 560, 230, 230, 40, 40, 220, 220, 500, 500, 250, 250, 150, 150, 1000, 1000, 200, 200, 630, 630, 70, 70, 380, 380, 860, 860, 240, 240, 360, 360, 70, 70, 0, 0, 1050, 60, 60, 1050, 510, 510, 630, 630, 560, 560, 2420, 2420, 320, 320]"
2020-10-28 01:10:00+00:00,40580,0,68.0,"[710, 710, 700, 700, 100, 100, 820, 820, 500, 500, 2420, 2420, 1100, 1100, 80, 80, 180, 180, 130, 130, 1680, 1680, 600, 600, 2080, 2080, 160, 160, 220, 220, 600, 600, 100, 100, 990, 990, 50, 50, 190, 190, 260, 260, 800, 800, 990, 990, 20, 20, 310, 310, 1280, 1280, 200, 200, 610, 610, 380, 380, 170, 170, 570, 570, 620, 620, 240, 240, 430, 430]"
2020-10-28 01:15:00+00:00,48680,0,91.0,"[40, 110, 40, 110, 30, 30, 170, 370, 170, 370, 240, 240, 1140, 1140, 340, 340, 3370, 3370, 80, 80, 560, 560, 920, 920, 220, 220, 890, 890, 490, 200, 490, 200, 1350, 1350, 150, 150, 230, 230, 1000, 1000, 120, 120, 560, 560, 1510, 1510, 40, 40, 40, 110, 110, 20, 20, 220, 220, 200, 200, 370, 370, 1640, 1640, 480, 480, 520, 520, 260, 150, 260, 150, 230, 230, 100, 100, 2060, 2060, 230, 230, 760, 760, 360, 360, 700, 700, 560, 560, 780, 780, 270, 270, 170, 170]"
2020-10-28 01:20:00+00:00,40100,0,108.0,"[850, 850, 220, 220, 490, 490, 50, 50, 190, 190, 340, 340, 600, 600, 600, 600, 220, 220, 500, 500, 840, 840, 200, 200, 290, 290, 200, 200, 190, 190, 70, 70, 900, 900, 60, 60, 310, 310, 1140, 1140, 160, 160, 100, 100, 530, 100, 170, 530, 170, 100, 310, 200, 310, 200, 260, 260, 310, 310, 470, 470, 20, 20, 1060, 1060, 50, 50, 140, 140, 200, 200, 60, 60, 380, 380, 120, 120, 1120, 1120, 130, 130, 780, 400, 210, 400, 780, 210, 740, 580, 580, 740, 220, 220, 920, 920, 570, 570, 40, 40, 220, 220, 260, 260, 490, 490, 220, 220, 250, 250]"
2020-10-28 01:25:00+00:00,33170,0,79.0,"[430, 430, 250, 250, 40, 40, 390, 390, 1200, 1200, 290, 140, 290, 140, 120, 120, 680, 680, 280, 280, 980, 110, 980, 530, 530, 140, 140, 580, 580, 60, 60, 1310, 1310, 750, 750, 860, 860, 70, 70, 1090, 1090, 350, 350, 190, 190, 320, 320, 630, 630, 440, 440, 700, 700, 310, 310, 50, 50, 410, 410, 320, 320, 90, 90, 180, 180, 320, 320, 130, 130, 1020, 1020, 200, 200, 80, 80, 590, 590, 10, 10]"
2020-10-28 01:30:00+00:00,20660,0,55.0,"[20, 260, 500, 260, 500, 1130, 1130, 440, 440, 820, 820, 470, 470, 130, 130, 70, 70, 130, 130, 270, 270, 40, 40, 420, 420, 260, 260, 680, 680, 300, 300, 240, 240, 140, 140, 780, 780, 30, 30, 560, 560, 240, 240, 410, 410, 500, 500, 470, 480, 470, 480, 310, 240, 240, 310]"
2020-10-28 01:35:00+00:00,32500,0,54.0,"[500, 500, 260, 260, 80, 80, 230, 230, 2520, 2520, 310, 310, 860, 860, 380, 380, 350, 350, 940, 940, 10, 10, 20, 20, 2820, 2820, 1880, 1880, 810, 810, 340, 340, 520, 520, 1760, 1760, 320, 320, 130, 130, 280, 280, 60, 60, 80, 80, 120, 120, 190, 190, 380, 380, 100, 100]"
2020-10-28 01:40:00+00:00,75820,0,66.0,"[640, 640, 110, 110, 310, 310, 300, 300, 300, 300, 100, 100, 40, 40, 1780, 1780, 650, 650, 430, 430, 430, 430, 22450, 22450, 550, 550, 270, 270, 210, 210, 1540, 1540, 440, 440, 580, 580, 20, 20, 100, 100, 210, 210, 330, 330, 690, 690, 130, 130, 310, 310, 1710, 1710, 230, 230, 120, 120, 1990, 1990, 280, 280, 310, 310, 200, 200, 150, 150]"
2020-10-28 01:45:00+00:00,40920,0,68.0,"[740, 740, 60, 370, 370, 60, 890, 890, 160, 160, 190, 190, 8700, 8700, 240, 240, 1110, 1110, 70, 80, 70, 80, 640, 640, 250, 70, 70, 250, 920, 920, 300, 300, 270, 270, 70, 70, 1040, 1040, 220, 220, 650, 650, 120, 120, 340, 340, 200, 200, 70, 70, 260, 260, 80, 80, 10, 10, 50, 50, 870, 870, 240, 240, 700, 700, 60, 60, 420, 420]"
2020-10-28 01:50:00+00:00,123980,0,84.0,"[340, 340, 340, 340, 920, 920, 1050, 1050, 480, 480, 100, 100, 160, 60, 160, 60, 320, 320, 190, 190, 620, 620, 660, 660, 140, 140, 90, 90, 990, 990, 1420, 1420, 640, 640, 140, 140, 530, 530, 320, 320, 100, 100, 160, 160, 600, 600, 150, 150, 25000, 25000, 280, 280, 1150, 1150, 630, 630, 420, 420, 330, 330, 120, 120, 80, 170, 80, 170, 1720, 1720, 770, 770, 360, 360, 20, 20, 240, 240, 1800, 1800, 460, 460, 17810, 17810, 110, 110]"
2020-10-28 01:55:00+00:00,39880,0,52.0,"[160, 160, 1120, 1120, 450, 450, 500, 500, 10120, 10120, 120, 120, 160, 160, 160, 160, 60, 60, 60, 60, 130, 130, 710, 710, 20, 20, 320, 320, 110, 110, 30, 30, 1950, 400, 400, 1950, 210, 210, 500, 500, 500, 500, 380, 380, 80, 80, 450, 450, 680, 680, 560, 560]"
2020-10-28 02:00:00+00:00,27400,0,66.0,"[360, 360, 40, 40, 140, 140, 270, 270, 240, 240, 180, 180, 370, 370, 290, 290, 650, 190, 190, 650, 1410, 1410, 370, 370, 320, 320, 140, 270, 270, 140, 350, 890, 890, 350, 1720, 1720, 260, 260, 300, 300, 180, 180, 740, 740, 70, 70, 470, 470, 620, 620, 620, 200, 620, 200, 530, 530, 220, 220, 240, 240, 340, 340, 350, 350, 360, 360]"
2020-10-28 02:05:00+00:00,34820,2,63.0,"[200, 200, 220, 220, 100, 100, 180, 180, 520, 520, 520, 520, 470, 470, 200, 200, 1130, 1130, 350, 350, 290, 290, 120, 120, 30, 80, 80, 30, 100, 0, 0, 720, 720, 380, 380, 830, 830, 1140, 1140, 1610, 1610, 330, 330, 230, 230, 960, 960, 300, 300, 280, 280, 90, 90, 150, 150, 720, 720, 230, 230, 1320, 1320, 3660, 3660]"
2020-10-28 02:10:00+00:00,30480,0,56.0,"[110, 110, 180, 180, 230, 230, 190, 190, 2060, 580, 580, 2060, 770, 770, 270, 270, 110, 110, 770, 770, 270, 270, 330, 330, 430, 430, 160, 160, 330, 330, 170, 170, 900, 1050, 900, 1050, 760, 760, 270, 270, 520, 520, 970, 970, 470, 470, 1420, 1420, 510, 510, 560, 560, 610, 610, 240, 240]"
2020-10-28 02:15:00+00:00,19500,0,54.0,"[1140, 1140, 20, 20, 270, 270, 1130, 1130, 900, 900, 380, 470, 290, 470, 380, 290, 800, 800, 350, 350, 150, 150, 40, 40, 180, 180, 350, 350, 530, 530, 20, 20, 210, 210, 80, 80, 290, 290, 460, 460, 340, 340, 280, 280, 290, 290, 150, 150, 300, 300, 30, 30, 300, 300]"
2020-10-28 02:20:00+00:00,39760,0,84.0,"[130, 130, 580, 580, 140, 140, 990, 990, 780, 780, 20, 20, 340, 340, 3060, 3060, 310, 310, 450, 450, 300, 300, 290, 290, 1240, 1240, 170, 170, 30, 30, 160, 160, 150, 150, 230, 230, 420, 420, 1450, 1450, 240, 240, 420, 420, 90, 90, 70, 70, 160, 160, 820, 820, 110, 110, 250, 250, 340, 340, 390, 390, 160, 160, 80, 80, 260, 260, 1340, 1340, 420, 420, 100, 100, 580, 580, 290, 290, 420, 420, 400, 400, 390, 390, 1310, 1310]"
2020-10-28 02:25:00+00:00,27300,0,62.0,"[390, 390, 310, 310, 310, 310, 380, 380, 110, 110, 800, 800, 150, 150, 410, 410, 280, 280, 1180, 1180, 250, 250, 810, 810, 100, 100, 120, 120, 150, 150, 670, 670, 40, 40, 80, 80, 150, 150, 80, 100, 80, 100, 490, 490, 1420, 1420, 580, 580, 580, 580, 220, 220, 1060, 1300, 1060, 1300, 480, 480, 500, 500, 150, 150]"
2020-10-28 02:30:00+00:00,19560,0,40.0,"[860, 860, 60, 60, 30, 30, 300, 80, 300, 80, 870, 870, 250, 250, 390, 390, 20, 20, 320, 320, 770, 770, 820, 820, 90, 90, 390, 390, 1730, 1730, 360, 360, 1150, 1150, 20, 20, 740, 740, 530, 530]"
2020-10-28 02:35:00+00:00,19840,0,44.0,"[480, 480, 180, 180, 320, 320, 40, 40, 1580, 1580, 100, 100, 130, 130, 160, 160, 150, 150, 150, 150, 330, 330, 1260, 1260, 190, 190, 940, 940, 240, 240, 100, 100, 1220, 1220, 290, 290, 270, 270, 1230, 1230, 560, 560, 0, 0]"
2020-10-28 02:40:00+00:00,13860,0,32.0,"[810, 810, 970, 970, 140, 140, 430, 430, 430, 430, 460, 460, 10, 10, 330, 330, 100, 100, 1050, 1050, 260, 260, 170, 170, 390, 390, 1230, 1230, 70, 70, 80, 80]"
2020-10-28 02:45:00+00:00,32660,0,52.0,"[250, 250, 80, 80, 270, 270, 2520, 2520, 250, 250, 440, 440, 270, 270, 370, 370, 250, 250, 390, 390, 1660, 1660, 300, 300, 180, 180, 220, 220, 230, 230, 180, 180, 1080, 1080, 90, 90, 80, 80, 1710, 1710, 1580, 1580, 180, 180, 1430, 1430, 140, 140, 1580, 1580, 600, 600]"
2020-10-28 02:50:00+00:00,104820,0,51.0,"[260, 260, 190, 190, 110, 110, 540, 540, 3160, 3160, 970, 970, 1080, 1080, 2630, 2630, 280, 280, 1260, 1260, 170, 170, 59100, 320, 320, 2490, 2490, 510, 510, 4170, 4170, 230, 230, 530, 530, 720, 720, 80, 80, 1340, 1340, 420, 420, 130, 130, 50, 50, 970, 970, 250, 250]"
2020-10-28 02:55:00+00:00,54720,0,78.0,"[670, 670, 130, 130, 360, 360, 1530, 1530, 120, 120, 70, 70, 1740, 1740, 260, 260, 950, 950, 80, 80, 470, 470, 230, 220, 220, 230, 340, 340, 1750, 1750, 230, 230, 70, 70, 800, 800, 1800, 1800, 320, 320, 210, 210, 1250, 1250, 290, 290, 1270, 1270, 260, 260, 320, 320, 1930, 1930, 300, 300, 330, 330, 430, 430, 450, 450, 560, 560, 440, 440, 50, 50, 3140, 3140, 560, 560, 120, 120, 2750, 2750, 560, 560]"
2020-10-28 03:00:00+00:00,34720,0,45.0,"[70, 70, 460, 760, 760, 280, 280, 700, 700, 370, 370, 1220, 1220, 480, 480, 240, 240, 360, 360, 330, 330, 240, 240, 60, 60, 20, 20, 390, 390, 40, 40, 90, 90, 140, 140, 1780, 8510, 8510, 1780, 270, 270, 340, 340, 440, 440]"
2020-10-28 03:05:00+00:00,19860,0,60.0,"[310, 310, 710, 710, 220, 220, 320, 320, 250, 250, 1430, 1430, 200, 200, 120, 120, 390, 390, 50, 610, 610, 50, 240, 240, 460, 460, 410, 140, 410, 140, 610, 610, 330, 330, 80, 80, 100, 100, 300, 300, 60, 60, 90, 90, 120, 120, 390, 390, 330, 330, 60, 60, 110, 110, 660, 660, 260, 260, 570, 570]"
2020-10-28 03:10:00+00:00,23640,0,38.0,"[120, 120, 580, 580, 180, 180, 80, 80, 690, 690, 800, 800, 590, 590, 180, 180, 390, 390, 90, 90, 740, 740, 180, 180, 740, 740, 120, 120, 870, 870, 200, 200, 1120, 1120, 220, 220, 3930, 3930]"
2020-10-28 03:15:00+00:00,22020,0,34.0,"[120, 120, 600, 270, 270, 600, 70, 70, 550, 550, 200, 200, 640, 640, 140, 140, 950, 950, 150, 150, 1210, 1210, 2170, 2170, 1180, 1180, 1480, 1480, 430, 430, 760, 760, 90, 90]"
2020-10-28 03:20:00+00:00,27740,0,48.0,"[1250, 1250, 650, 650, 640, 640, 420, 420, 1530, 1530, 240, 240, 780, 780, 200, 200, 1670, 1670, 1490, 1490, 140, 140, 200, 200, 390, 390, 80, 80, 240, 240, 350, 350, 290, 290, 60, 60, 1120, 1120, 740, 740, 320, 320, 320, 320, 660, 660, 90, 90]"
2020-10-28 03:25:00+00:00,16460,0,48.0,"[230, 230, 40, 40, 150, 150, 560, 190, 190, 560, 600, 600, 120, 120, 620, 620, 60, 60, 360, 360, 70, 70, 280, 280, 160, 160, 380, 380, 730, 730, 650, 650, 240, 240, 670, 440, 670, 440, 300, 300, 100, 100, 570, 570, 300, 300, 410, 410]"
2020-10-28 03:30:00+00:00,23460,0,59.0,"[210, 210, 1270, 1270, 120, 120, 130, 130, 430, 430, 220, 220, 60, 60, 620, 620, 150, 150, 1240, 1240, 500, 500, 610, 610, 610, 610, 80, 80, 190, 190, 330, 330, 1690, 1690, 100, 100, 210, 210, 410, 410, 670, 670, 40, 40, 180, 180, 460, 460, 210, 210, 180, 190, 190, 300, 300, 130, 130, 280, 280]"
2020-10-28 03:35:00+00:00,35860,0,48.0,"[290, 290, 310, 310, 150, 150, 290, 290, 1370, 1370, 2080, 2080, 300, 300, 1470, 1470, 3110, 3110, 1320, 1320, 180, 180, 60, 60, 450, 450, 1610, 1610, 730, 730, 590, 590, 150, 150, 10, 10, 840, 840, 790, 790, 330, 330, 1010, 1010, 300, 300, 190, 190]"
2020-10-28 03:40:00+00:00,35280,0,36.0,"[9880, 9880, 300, 300, 370, 370, 320, 320, 610, 610, 1060, 1060, 920, 920, 180, 180, 390, 390, 1140, 1140, 140, 140, 60, 60, 110, 110, 120, 120, 150, 150, 1020, 1020, 110, 110, 760, 760]"
2020-10-28 03:45:00+00:00,97320,0,44.0,"[240, 240, 540, 540, 170, 170, 640, 640, 140, 140, 180, 180, 70, 70, 230, 230, 70, 70, 7890, 7890, 760, 760, 190, 190, 340, 340, 200, 200, 120, 120, 450, 450, 17100, 17100, 17100, 17100, 580, 580, 790, 790, 800, 800, 60, 60]"
2020-10-28 03:50:00+00:00,20460,0,30.0,"[700, 700, 670, 670, 120, 120, 820, 820, 1490, 1490, 30, 30, 80, 80, 1480, 1480, 130, 130, 150, 150, 620, 620, 3040, 3040, 580, 580, 20, 20, 300, 300]"
2020-10-28 03:55:00+00:00,20680,0,40.0,"[790, 790, 210, 210, 250, 250, 260, 260, 1370, 1370, 970, 970, 350, 350, 180, 180, 1160, 1160, 250, 250, 1310, 1310, 520, 520, 160, 160, 170, 170, 1310, 1310, 420, 420, 190, 190, 200, 200, 30, 30, 240, 240]"
2020-10-28 04:00:00+00:00,18700,0,34.0,"[60, 60, 40, 40, 50, 50, 230, 230, 260, 260, 280, 280, 1380, 1380, 1080, 1080, 780, 780, 1560, 1560, 300, 300, 280, 280, 130, 130, 920, 920, 1440, 1440, 130, 430, 130, 430]"
2020-10-28 04:05:00+00:00,22120,0,48.0,"[700, 700, 290, 290, 550, 550, 290, 290, 540, 540, 910, 910, 950, 950, 280, 280, 340, 340, 160, 160, 1280, 1280, 80, 80, 580, 580, 190, 190, 480, 480, 410, 410, 460, 460, 230, 230, 400, 400, 840, 840, 100, 100, 330, 330, 280, 280, 390, 390]"
2020-10-28 04:10:00+00:00,47200,0,38.0,"[1570, 1570, 300, 300, 140, 140, 570, 570, 140, 140, 1100, 1100, 680, 680, 330, 330, 910, 910, 90, 90, 370, 370, 140, 140, 230, 230, 16320, 16320, 100, 100, 70, 70, 200, 200, 180, 180, 160, 160]"
2020-10-28 04:15:00+00:00,16500,0,38.0,"[1230, 1230, 1230, 1230, 40, 40, 380, 380, 120, 120, 600, 600, 30, 30, 40, 40, 110, 110, 240, 240, 1420, 1420, 630, 630, 150, 150, 270, 270, 270, 270, 510, 510, 320, 320, 640, 640, 20, 20]"
2020-10-28 04:20:00+00:00,20600,0,30.0,"[590, 590, 250, 250, 3010, 3010, 280, 280, 700, 700, 20, 20, 550, 550, 860, 860, 250, 250, 470, 470, 1640, 1640, 1370, 1370, 260, 260, 30, 30, 20, 20]"
2020-10-28 04:25:00+00:00,12720,0,30.0,"[180, 180, 310, 310, 1180, 1180, 130, 130, 950, 950, 110, 110, 250, 250, 50, 50, 780, 780, 780, 780, 300, 300, 120, 120, 420, 420, 560, 560, 240, 240]"
2020-10-28 04:30:00+00:00,13030,0,33.0,"[1740, 1740, 130, 130, 160, 160, 380, 380, 190, 190, 300, 300, 180, 180, 290, 290, 130, 130, 370, 370, 620, 620, 1110, 1110, 160, 160, 10, 160, 160, 270, 270, 320, 320]"
2020-10-28 04:35:00+00:00,10960,0,16.0,"[230, 230, 250, 250, 220, 220, 260, 260, 190, 190, 190, 190, 110, 110, 4030, 4030]"
2020-10-28 04:40:00+00:00,25250,0,41.0,"[120, 120, 40, 40, 800, 130, 800, 130, 540, 540, 180, 180, 6180, 6180, 80, 80, 330, 330, 120, 120, 310, 310, 320, 320, 230, 200, 200, 1740, 1740, 390, 390, 450, 450, 160, 160, 260, 260, 80, 80, 80, 80]"
2020-10-28 04:45:00+00:00,19880,0,32.0,"[680, 680, 90, 90, 310, 310, 370, 370, 1800, 1800, 380, 380, 150, 150, 1800, 1800, 780, 780, 100, 100, 320, 320, 1800, 1800, 220, 220, 80, 80, 640, 640, 420, 420]"
2020-10-28 04:50:00+00:00,40380,0,36.0,"[50, 50, 50, 50, 640, 640, 350, 350, 230, 230, 420, 420, 160, 3470, 3470, 430, 430, 120, 120, 650, 650, 160, 1330, 1330, 1630, 1630, 6350, 6350, 310, 310, 100, 100, 3710, 3710, 190, 190]"
2020-10-28 04:55:00+00:00,38230,0,35.0,"[6000, 6000, 330, 330, 1610, 1610, 440, 440, 1500, 1500, 1000, 1000, 90, 600, 600, 260, 260, 110, 110, 380, 380, 480, 480, 1400, 1400, 580, 580, 230, 230, 3620, 3620, 160, 160, 370, 370]"
2020-10-28 05:00:00+00:00,83410,0,53.0,"[170, 170, 160, 160, 1320, 1320, 480, 480, 1360, 1360, 100, 100, 120, 120, 1270, 1270, 20, 20, 200, 200, 300, 300, 1320, 1320, 410, 410, 750, 750, 20, 20, 4500, 4500, 11040, 160, 11040, 160, 810, 810, 640, 640, 710, 710, 40, 40, 1260, 1260, 13180, 13180, 430, 570, 570, 580, 580]"
2020-10-28 05:05:00+00:00,23960,0,40.0,"[230, 230, 520, 520, 320, 1280, 320, 1280, 510, 510, 290, 290, 170, 190, 170, 190, 170, 170, 240, 240, 840, 840, 2220, 2220, 20, 20, 140, 140, 70, 70, 1120, 1120, 600, 600, 2220, 2220, 450, 450, 380, 380]"
2020-10-28 05:10:00+00:00,16040,0,52.0,"[200, 200, 420, 420, 680, 680, 380, 380, 650, 650, 1090, 1090, 490, 490, 340, 340, 160, 160, 210, 210, 30, 30, 210, 210, 360, 360, 700, 700, 270, 270, 370, 370, 10, 10, 220, 220, 140, 140, 70, 70, 90, 90, 390, 390, 90, 90, 100, 100, 110, 110, 240, 240]"
2020-10-28 05:15:00+00:00,16420,0,32.0,"[270, 270, 260, 260, 320, 320, 220, 220, 540, 540, 200, 200, 880, 880, 80, 80, 880, 880, 120, 120, 1580, 1580, 110, 110, 350, 350, 300, 300, 1880, 1880, 220, 220]"
2020-10-28 05:20:00+00:00,14620,0,26.0,"[130, 130, 720, 720, 150, 150, 260, 260, 550, 550, 120, 120, 250, 250, 940, 940, 660, 660, 470, 470, 1850, 1850, 680, 680, 530, 530]"
2020-10-28 05:25:00+00:00,3390,0,19.0,"[130, 130, 10, 10, 70, 200, 200, 170, 170, 450, 450, 160, 230, 160, 230, 140, 140, 170, 170]"
2020-10-28 05:30:00+00:00,21240,0,30.0,"[220, 220, 190, 190, 210, 210, 420, 420, 800, 800, 140, 140, 100, 100, 360, 360, 1250, 1250, 3520, 3520, 610, 610, 540, 540, 910, 910, 410, 410, 940, 940]"
2020-10-28 05:35:00+00:00,7680,0,22.0,"[1100, 1100, 160, 160, 180, 180, 60, 60, 320, 320, 400, 400, 30, 30, 940, 940, 190, 190, 220, 220, 240, 240]"
2020-10-28 05:40:00+00:00,17370,0,37.0,"[50, 50, 390, 390, 30, 30, 60, 60, 1570, 1570, 440, 440, 60, 60, 470, 470, 330, 330, 280, 280, 560, 110, 110, 560, 600, 600, 110, 110, 190, 190, 2150, 2150, 750, 760, 760, 150, 150]"
2020-10-28 05:45:00+00:00,17440,0,28.0,"[60, 60, 300, 300, 330, 330, 60, 60, 4020, 4020, 330, 330, 20, 20, 820, 820, 680, 680, 370, 370, 580, 580, 300, 300, 170, 170, 680, 680]"
2020-10-28 05:50:00+00:00,9400,0,30.0,"[330, 330, 230, 230, 90, 90, 410, 410, 360, 360, 40, 40, 60, 60, 330, 330, 160, 160, 500, 500, 290, 290, 440, 440, 220, 220, 910, 910, 330, 330]"
2020-10-28 05:55:00+00:00,12460,0,24.0,"[980, 980, 70, 70, 260, 260, 850, 850, 30, 30, 230, 230, 150, 150, 120, 120, 660, 660, 230, 230, 260, 260, 2390, 2390]"
2020-10-28 06:00:00+00:00,17500,0,24.0,"[510, 510, 3280, 3280, 80, 80, 90, 90, 200, 200, 90, 90, 170, 170, 510, 510, 150, 150, 70, 70, 3260, 3260, 340, 340]"
2020-10-28 06:05:00+00:00,36440,0,24.0,"[160, 160, 10880, 10880, 550, 550, 140, 140, 300, 300, 150, 150, 130, 130, 3170, 3170, 340, 340, 1900, 1900, 140, 140, 360, 360]"
2020-10-28 06:10:00+00:00,14960,0,28.0,"[90, 90, 180, 180, 210, 210, 80, 80, 1680, 1680, 90, 90, 400, 400, 790, 790, 770, 770, 1060, 1060, 1160, 1160, 70, 70, 280, 280, 620, 620]"
2020-10-28 06:15:00+00:00,9920,0,22.0,"[220, 220, 90, 90, 150, 150, 760, 760, 120, 120, 570, 570, 500, 500, 510, 510, 80, 80, 620, 620, 1340, 1340]"
2020-10-28 06:20:00+00:00,7000,0,18.0,"[30, 30, 230, 230, 740, 740, 120, 120, 110, 110, 930, 930, 360, 360, 50, 50, 930, 930]"
2020-10-28 06:25:00+00:00,167580,0,26.0,"[970, 970, 330, 240, 240, 330, 280, 280, 110, 110, 380, 380, 240, 240, 90, 90, 210, 210, 65650, 65650, 850, 850, 14030, 14030, 410, 410]"
2020-10-28 06:30:00+00:00,19360,0,32.0,"[220, 220, 770, 770, 400, 400, 80, 80, 860, 2780, 860, 2780, 170, 170, 180, 180, 250, 250, 650, 650, 890, 890, 30, 30, 70, 70, 530, 530, 360, 360, 1440, 1440]"
2020-10-28 06:35:00+00:00,21960,0,32.0,"[300, 300, 370, 370, 1790, 1790, 1410, 1410, 60, 60, 360, 360, 80, 80, 1010, 1010, 130, 130, 3330, 3330, 340, 340, 200, 200, 80, 80, 840, 840, 280, 280, 400, 400]"
2020-10-28 06:40:00+00:00,6700,0,16.0,"[280, 280, 100, 100, 1120, 1120, 260, 260, 80, 80, 840, 840, 350, 350, 320, 320]"
2020-10-28 06:45:00+00:00,12500,0,26.0,"[120, 120, 140, 140, 140, 140, 1310, 190, 1310, 190, 170, 170, 290, 290, 1330, 1330, 910, 910, 730, 730, 90, 90, 750, 750, 80, 80]"
2020-10-28 06:50:00+00:00,7620,0,20.0,"[80, 80, 430, 430, 520, 520, 90, 90, 240, 240, 280, 280, 1610, 1610, 70, 70, 370, 370, 120, 120]"
2020-10-28 06:55:00+00:00,6340,0,18.0,"[530, 530, 140, 140, 840, 840, 20, 20, 20, 20, 500, 500, 390, 390, 580, 580, 150, 150]"
2020-10-28 07:00:00+00:00,2420,0,10.0,"[190, 190, 150, 150, 610, 610, 140, 140, 120, 120]"
2020-10-28 07:05:00+00:00,41020,0,26.0,"[170, 170, 950, 950, 140, 140, 480, 480, 310, 310, 16070, 16070, 290, 290, 560, 560, 270, 270, 140, 140, 300, 300, 240, 240, 590, 590]"
2020-10-28 07:10:00+00:00,3680,0,10.0,"[10, 10, 350, 350, 990, 990, 400, 400, 90, 90]"
2020-10-28 07:15:00+00:00,39900,0,12.0,"[1830, 1830, 40, 40, 17490, 17490, 260, 260, 260, 260, 70, 70]"
2020-10-28 07:20:00+00:00,5860,0,22.0,"[560, 560, 920, 920, 260, 260, 50, 50, 120, 120, 40, 40, 50, 50, 220, 220, 120, 120, 550, 550, 40, 40]"
2020-10-28 07:25:00+00:00,21800,0,22.0,"[290, 290, 760, 760, 5720, 5720, 270, 270, 560, 560, 950, 950, 290, 290, 640, 640, 950, 950, 140, 140, 330, 330]"
2020-10-28 07:30:00+00:00,7540,0,18.0,"[1140, 1140, 30, 30, 420, 420, 640, 640, 420, 420, 30, 30, 700, 700, 280, 280, 110, 110]"
2020-10-28 07:35:00+00:00,9040,0,12.0,"[20, 20, 2650, 2650, 280, 280, 1140, 1140, 300, 300, 130, 130]"
2020-10-28 07:40:00+00:00,4820,0,12.0,"[220, 220, 480, 480, 360, 360, 320, 320, 450, 450, 580, 580]"
2020-10-28 07:45:00+00:00,2620,0,12.0,"[280, 280, 380, 380, 220, 220, 100, 100, 270, 270, 60, 60]"
2020-10-28 07:50:00+00:00,2000,0,8.0,"[430, 430, 220, 220, 140, 140, 210, 210]"
2020-10-28 07:55:00+00:00,6800,0,20.0,"[360, 360, 540, 540, 220, 220, 70, 70, 160, 160, 20, 20, 1490, 1490, 100, 100, 310, 310, 130, 130]"
2020-10-28 08:00:00+00:00,40,0,2.0,"[20, 20]"
2020-10-28 08:05:00+00:00,540,0,4.0,"[140, 140, 130, 130]"
2020-10-28 08:10:00+00:00,10910,0,29.0,"[80, 80, 120, 120, 310, 110, 110, 260, 260, 1660, 1660, 500, 500, 40, 40, 20, 20, 440, 440, 100, 100, 50, 50, 320, 320, 40, 40, 1560, 1560]"
2020-10-28 08:15:00+00:00,4800,0,12.0,"[1550, 1550, 50, 50, 50, 50, 270, 270, 190, 190, 290, 290]"
2020-10-28 08:20:00+00:00,7540,0,6.0,"[350, 350, 930, 930, 2490, 2490]"
2020-10-28 08:25:00+00:00,9860,0,16.0,"[190, 190, 120, 120, 290, 290, 2720, 2720, 60, 60, 510, 510, 370, 670, 370, 670]"
2020-10-28 08:30:00+00:00,11170,0,14.0,"[370, 40, 2360, 2360, 100, 100, 850, 850, 170, 170, 1230, 1230, 670, 670]"
2020-10-28 08:35:00+00:00,8140,0,20.0,"[1060, 1060, 590, 590, 210, 210, 310, 310, 260, 260, 120, 120, 200, 200, 360, 360, 180, 180, 780, 780]"
2020-10-28 08:40:00+00:00,11780,0,12.0,"[2230, 2230, 140, 140, 700, 340, 700, 340, 2190, 2190, 290, 290]"
2020-10-28 08:45:00+00:00,5300,0,6.0,"[530, 530, 390, 390, 1730, 1730]"
2020-10-28 08:50:00+00:00,1780,0,8.0,"[170, 170, 180, 180, 190, 190, 350, 350]"
2020-10-28 08:55:00+00:00,6920,0,2.0,"[3460, 3460]"
2020-10-28 09:00:00+00:00,16680,0,14.0,"[210, 210, 70, 70, 7030, 7030, 160, 160, 810, 810, 30, 30, 30, 30]"
2020-10-28 09:05:00+00:00,680,0,6.0,"[200, 200, 70, 70, 70, 70]"
2020-10-28 09:10:00+00:00,20620,0,10.0,"[350, 350, 6480, 6480, 2090, 2090, 220, 220, 1170, 1170]"
2020-10-28 09:15:00+00:00,38240,0,24.0,"[4460, 4460, 100, 100, 270, 270, 100, 100, 570, 570, 1540, 1540, 4840, 4840, 3130, 3130, 60, 60, 1040, 1040, 2370, 2370, 640, 640]"
2020-10-28 09:20:00+00:00,16640,0,14.0,"[380, 380, 690, 690, 240, 240, 1920, 1920, 2750, 2750, 100, 100, 2240, 2240]"
2020-10-28 09:25:00+00:00,4160,0,10.0,"[960, 960, 360, 360, 280, 280, 360, 360, 120, 120]"
2020-10-28 09:30:00+00:00,8380,0,8.0,"[3340, 3340, 170, 170, 240, 240, 440, 440]"
2020-10-28 09:35:00+00:00,6240,0,10.0,"[1330, 1330, 80, 80, 280, 280, 550, 550, 880, 880]"
2020-10-28 09:40:00+00:00,9640,0,12.0,"[470, 470, 1750, 1750, 120, 120, 290, 290, 1940, 1940, 250, 250]"
2020-10-28 09:45:00+00:00,4260,0,6.0,"[570, 570, 1120, 1120, 440, 440]"
2020-10-28 09:50:00+00:00,11060,0,6.0,"[510, 510, 4950, 4950, 70, 70]"
2020-10-28 09:55:00+00:00,31360,0,10.0,"[2210, 2210, 1530, 1530, 11110, 11110, 190, 190, 640, 640]"
2020-10-28 10:00:00+00:00,8200,0,10.0,"[640, 640, 1210, 1210, 780, 780, 780, 780, 690, 690]"
2020-10-28 10:05:00+00:00,3260,0,10.0,"[140, 140, 430, 430, 460, 460, 50, 50, 550, 550]"
2020-10-28 10:10:00+00:00,1740,0,2.0,"[870, 870]"
2020-10-28 10:15:00+00:00,4180,0,10.0,"[190, 190, 590, 590, 660, 660, 240, 240, 410, 410]"
2020-10-28 10:20:00+00:00,7840,0,12.0,"[110, 110, 1140, 1140, 780, 780, 390, 390, 60, 60, 1440, 1440]"
2020-10-28 10:25:00+00:00,440,0,2.0,"[220, 220]"
2020-10-28 10:30:00+00:00,204460,2,18.0,"[92770, 92770, 140, 140, 1150, 1150, 450, 450, 420, 420, 170, 170, 340, 340, 5920, 5920, 870, 870]"
2020-10-28 10:35:00+00:00,13570,0,21.0,"[150, 150, 30, 30, 580, 580, 70, 70, 490, 490, 9490, 300, 300, 100, 100, 60, 60, 30, 30, 230, 230]"
2020-10-28 10:40:00+00:00,6160,0,8.0,"[1930, 1930, 150, 150, 320, 320, 680, 680]"
2020-10-28 10:45:00+00:00,10360,0,12.0,"[310, 310, 2080, 2080, 220, 220, 1820, 1820, 370, 370, 380, 380]"
2020-10-28 10:50:00+00:00,40360,2,20.0,"[17470, 17470, 70, 70, 430, 430, 270, 270, 40, 40, 20, 20, 360, 360, 910, 910, 190, 190, 420, 420]"
2020-10-28 10:55:00+00:00,10080,0,16.0,"[300, 300, 30, 30, 1490, 1490, 480, 480, 630, 630, 360, 360, 1250, 1250, 500, 500]"
2020-10-28 11:00:00+00:00,9860,0,20.0,"[400, 400, 270, 270, 360, 360, 1960, 1960, 50, 50, 160, 160, 40, 40, 130, 130, 1400, 1400, 160, 160]"
2020-10-28 11:05:00+00:00,12920,0,10.0,"[590, 590, 820, 820, 2860, 2860, 340, 340, 1850, 1850]"
2020-10-28 11:10:00+00:00,6380,0,10.0,"[850, 850, 580, 580, 300, 300, 200, 200, 1260, 1260]"
2020-10-28 11:15:00+00:00,2180,0,6.0,"[770, 770, 130, 130, 190, 190]"
2020-10-28 11:20:00+00:00,3320,0,12.0,"[200, 200, 40, 40, 640, 640, 630, 630, 70, 70, 80, 80]"
2020-10-28 11:25:00+00:00,12840,0,20.0,"[170, 170, 1690, 1690, 290, 290, 1420, 1420, 430, 430, 150, 150, 70, 70, 610, 610, 1540, 1540, 50, 50]"
2020-10-28 11:30:00+00:00,12580,0,16.0,"[540, 540, 360, 360, 120, 120, 80, 80, 480, 480, 1120, 1120, 3450, 3450, 140, 140]"
2020-10-28 11:35:00+00:00,14200,0,26.0,"[2740, 2740, 370, 370, 520, 520, 230, 230, 200, 200, 100, 100, 940, 940, 120, 120, 830, 830, 90, 90, 240, 240, 430, 430, 290, 290]"
2020-10-28 11:40:00+00:00,26960,0,12.0,"[5020, 5020, 780, 780, 330, 330, 5110, 5110, 1470, 1470, 770, 770]"
2020-10-28 11:45:00+00:00,15260,0,22.0,"[70, 70, 680, 680, 70, 70, 1590, 1590, 2490, 2490, 1420, 1420, 260, 260, 330, 330, 390, 390, 150, 150, 180, 180]"
2020-10-28 11:50:00+00:00,14420,0,15.0,"[290, 290, 620, 620, 2700, 430, 430, 3930, 3930, 380, 380, 150, 150, 60, 60]"
2020-10-28 11:55:00+00:00,36000,0,22.0,"[12540, 12540, 390, 390, 220, 220, 390, 390, 30, 30, 2960, 2960, 880, 880, 210, 210, 100, 100, 120, 120, 160, 160]"
2020-10-28 12:00:00+00:00,2360,0,4.0,"[560, 560, 620, 620]"
2020-10-28 12:05:00+00:00,14280,0,16.0,"[1080, 1080, 690, 690, 1860, 1860, 1860, 1860, 280, 280, 470, 470, 90, 90, 810, 810]"
2020-10-28 12:10:00+00:00,700,0,6.0,"[150, 150, 190, 190, 10, 10]"
2020-10-28 12:15:00+00:00,9600,0,12.0,"[190, 190, 120, 120, 3780, 3780, 260, 260, 360, 360, 90, 90]"
2020-10-28 12:20:00+00:00,20260,0,22.0,"[230, 230, 1940, 1940, 50, 50, 1060, 1060, 2480, 2480, 660, 660, 360, 360, 2220, 2220, 300, 300, 730, 730, 100, 100]"
2020-10-28 12:25:00+00:00,7440,0,18.0,"[460, 460, 170, 170, 460, 460, 60, 200, 60, 200, 580, 580, 250, 250, 1120, 1120, 420, 420]"
2020-10-28 12:30:00+00:00,7320,0,14.0,"[480, 480, 910, 910, 380, 380, 810, 810, 860, 860, 50, 50, 170, 170]"
2020-10-28 12:35:00+00:00,3160,0,14.0,"[390, 390, 110, 110, 240, 240, 590, 590, 10, 10, 90, 90, 150, 150]"
2020-10-28 12:40:00+00:00,9360,0,16.0,"[130, 130, 840, 840, 380, 380, 1320, 1320, 240, 240, 730, 730, 200, 200, 840, 840]"
2020-10-28 12:45:00+00:00,11360,0,26.0,"[220, 220, 310, 310, 0, 0, 1440, 1440, 920, 920, 970, 970, 160, 160, 60, 60, 430, 430, 190, 190, 110, 110, 280, 280, 590, 590]"
2020-10-28 12:50:00+00:00,25980,0,28.0,"[330, 330, 70, 70, 260, 260, 1530, 1530, 820, 820, 930, 930, 90, 90, 280, 280, 550, 550, 940, 940, 170, 170, 280, 280, 5600, 5600, 1140, 1140]"
2020-10-28 12:55:00+00:00,40880,0,36.0,"[800, 800, 2800, 2800, 570, 570, 460, 460, 160, 160, 960, 960, 40, 40, 90, 90, 1440, 1440, 80, 80, 220, 220, 10040, 10040, 80, 80, 410, 410, 220, 220, 1710, 1710, 230, 230, 130, 130]"
2020-10-28 13:00:00+00:00,15120,0,25.0,"[1570, 1570, 1820, 1820, 400, 400, 290, 290, 580, 200, 200, 220, 220, 990, 990, 10, 10, 180, 180, 590, 590, 610, 610, 390, 390]"
2020-10-28 13:05:00+00:00,16200,0,22.0,"[250, 250, 290, 290, 1500, 1500, 1160, 1160, 1080, 1080, 320, 320, 1970, 1970, 620, 620, 460, 460, 390, 390, 60, 60]"
2020-10-28 13:10:00+00:00,16000,0,28.0,"[640, 640, 360, 360, 610, 610, 1160, 1160, 360, 360, 380, 380, 710, 710, 1080, 1080, 60, 60, 1230, 1230, 1080, 1080, 90, 90, 100, 100, 140, 140]"
2020-10-28 13:15:00+00:00,18140,0,24.0,"[820, 820, 150, 150, 100, 100, 430, 430, 90, 90, 160, 160, 1040, 1040, 1000, 1690, 1690, 1000, 2320, 2320, 540, 540, 730, 730]"
2020-10-28 13:20:00+00:00,9960,0,16.0,"[450, 450, 1310, 1310, 40, 40, 210, 210, 120, 120, 2160, 2160, 420, 420, 270, 270]"
2020-10-28 13:25:00+00:00,21980,0,36.0,"[340, 340, 580, 580, 570, 570, 1210, 1210, 950, 950, 750, 750, 510, 510, 380, 380, 880, 880, 1510, 1510, 260, 260, 600, 600, 550, 550, 230, 230, 360, 360, 330, 330, 860, 860, 120, 120]"
2020-10-28 13:30:00+00:00,22220,0,40.0,"[240, 240, 280, 280, 70, 70, 20, 20, 1020, 1020, 200, 200, 160, 160, 1300, 1300, 860, 860, 340, 340, 370, 370, 280, 280, 210, 210, 810, 810, 720, 720, 2240, 2240, 70, 70, 590, 590, 450, 450, 880, 880]"
2020-10-28 13:35:00+00:00,15180,0,28.0,"[20, 20, 890, 890, 1040, 1040, 760, 760, 250, 250, 430, 290, 430, 290, 380, 380, 100, 100, 730, 730, 400, 400, 880, 880, 1330, 1330, 90, 90]"
2020-10-28 13:40:00+00:00,13920,0,36.0,"[310, 310, 50, 50, 390, 390, 620, 620, 340, 340, 40, 40, 240, 240, 380, 380, 580, 580, 1780, 1780, 380, 380, 200, 200, 190, 190, 120, 120, 310, 310, 330, 330, 350, 350, 350, 350]"
2020-10-28 13:45:00+00:00,12540,0,28.0,"[230, 230, 860, 860, 100, 100, 1180, 1180, 530, 530, 1190, 1190, 320, 320, 130, 130, 190, 190, 270, 270, 740, 740, 200, 200, 200, 200, 130, 130]"
2020-10-28 13:50:00+00:00,23580,0,32.0,"[20, 20, 140, 140, 380, 380, 420, 420, 380, 380, 1040, 1040, 1310, 1310, 230, 230, 440, 440, 420, 420, 1170, 1170, 3310, 3310, 110, 110, 1010, 1010, 660, 660, 750, 750]"
2020-10-28 13:55:00+00:00,16180,0,36.0,"[210, 210, 540, 540, 500, 500, 580, 580, 400, 400, 270, 270, 50, 50, 350, 350, 1110, 1110, 1160, 1160, 240, 240, 190, 190, 70, 70, 280, 280, 1860, 1860, 30, 30, 180, 180, 70, 70]"
2020-10-28 14:00:00+00:00,13020,0,28.0,"[630, 630, 1480, 1480, 1100, 1100, 110, 110, 570, 570, 170, 170, 170, 170, 250, 250, 600, 600, 320, 320, 420, 420, 60, 60, 360, 270, 270, 360]"
2020-10-28 14:05:00+00:00,11560,0,22.0,"[390, 390, 190, 190, 1240, 1240, 430, 430, 1510, 1510, 570, 570, 310, 310, 150, 150, 800, 800, 140, 140, 50, 50]"
2020-10-28 14:10:00+00:00,16020,0,30.0,"[260, 260, 470, 470, 70, 70, 1920, 1920, 140, 140, 470, 470, 50, 50, 550, 550, 230, 230, 1260, 1260, 160, 160, 380, 380, 120, 120, 400, 400, 1530, 1530]"
2020-10-28 14:15:00+00:00,17820,0,30.0,"[470, 470, 1550, 1550, 1250, 1250, 720, 720, 650, 650, 440, 440, 80, 80, 170, 170, 250, 250, 890, 890, 190, 190, 40, 40, 70, 70, 1250, 1250, 890, 890]"
2020-10-28 14:20:00+00:00,23580,0,34.0,"[1320, 1320, 1390, 1390, 1330, 1330, 400, 400, 310, 310, 1160, 1160, 2330, 2330, 670, 670, 440, 440, 120, 120, 410, 410, 280, 280, 160, 160, 200, 200, 620, 620, 500, 500, 150, 150]"
2020-10-28 14:25:00+00:00,33140,0,44.0,"[190, 190, 1010, 1010, 810, 810, 20, 20, 1080, 1080, 800, 800, 1410, 1410, 40, 40, 710, 710, 50, 50, 630, 630, 310, 310, 950, 950, 2340, 2340, 1290, 1290, 250, 250, 2400, 2400, 250, 250, 60, 60, 480, 480, 70, 70, 1420, 1420]"
2020-10-28 14:30:00+00:00,25360,0,30.0,"[350, 250, 350, 250, 1430, 1430, 1500, 1500, 50, 50, 480, 480, 520, 520, 510, 510, 700, 700, 180, 180, 2510, 2510, 1110, 1110, 260, 260, 2620, 2620, 210, 210]"
2020-10-28 14:35:00+00:00,86080,0,49.0,"[4760, 4760, 510, 410, 410, 510, 1150, 1150, 60, 60, 570, 570, 550, 550, 120, 1550, 120, 1550, 2360, 2360, 470, 470, 90, 90, 350, 350, 1220, 1220, 1660, 1660, 140, 140, 21290, 21290, 1390, 1390, 350, 350, 110, 110, 280, 280, 120, 120, 360, 360, 300, 300, 5740]"
2020-10-28 14:40:00+00:00,27570,0,43.0,"[880, 880, 30, 30, 590, 590, 140, 140, 660, 660, 490, 490, 2330, 2330, 150, 150, 800, 800, 170, 170, 1220, 1220, 20, 20, 620, 620, 70, 70, 4810, 1010, 1010, 880, 880, 80, 80, 490, 490, 330, 330, 250, 250, 170, 170]"
2020-10-28 14:45:00+00:00,36620,0,52.0,"[170, 170, 1060, 1060, 40, 40, 200, 200, 40, 40, 2290, 2290, 40, 40, 240, 240, 280, 280, 90, 90, 170, 170, 280, 280, 4000, 4000, 30, 3090, 3090, 30, 130, 130, 100, 100, 3090, 3090, 600, 600, 140, 140, 60, 60, 910, 910, 240, 240, 630, 630, 340, 340, 50, 50]"
2020-10-28 14:50:00+00:00,28300,0,44.0,"[580, 580, 510, 510, 120, 120, 1250, 1250, 90, 90, 140, 140, 360, 360, 10, 10, 1210, 1210, 240, 240, 220, 220, 380, 380, 1740, 1740, 80, 80, 320, 320, 940, 940, 1060, 50, 1060, 50, 90, 90, 90, 90, 4550, 4550, 120, 120]"
2020-10-28 14:55:00+00:00,10900,0,43.0,"[50, 50, 160, 160, 360, 360, 280, 280, 230, 230, 20, 20, 630, 630, 130, 130, 160, 220, 220, 160, 160, 400, 400, 10, 10, 350, 350, 1170, 1170, 160, 160, 200, 200, 110, 110, 80, 80, 60, 60, 470, 470, 120, 120]"
2020-10-28 15:00:00+00:00,5180,0,18.0,"[140, 140, 60, 60, 370, 370, 600, 600, 50, 50, 50, 50, 1030, 1030, 80, 80, 210, 210]"
2020-10-28 15:05:00+00:00,20040,0,32.0,"[950, 950, 1190, 1190, 990, 1190, 990, 1190, 110, 110, 20, 20, 580, 580, 70, 70, 200, 200, 310, 310, 200, 200, 740, 740, 440, 440, 2640, 2640, 250, 250, 140, 140]"
2020-10-28 15:10:00+00:00,21040,0,36.0,"[140, 140, 150, 150, 720, 720, 430, 430, 40, 40, 1930, 1930, 320, 320, 70, 70, 120, 120, 210, 210, 460, 460, 890, 890, 2230, 2230, 270, 270, 430, 430, 1030, 1030, 850, 850, 230, 230]"
2020-10-28 15:15:00+00:00,14740,0,32.0,"[100, 100, 460, 460, 120, 120, 1150, 1150, 90, 90, 140, 660, 660, 140, 340, 340, 1220, 1220, 160, 160, 200, 200, 1080, 1080, 260, 150, 150, 260, 720, 720, 520, 520]"
2020-10-28 15:20:00+00:00,5510,0,15.0,"[770, 770, 40, 40, 350, 350, 160, 160, 1360, 1360, 50, 50, 0, 0, 50]"
2020-10-28 15:25:00+00:00,27080,0,28.0,"[40, 40, 90, 90, 350, 350, 260, 260, 130, 130, 340, 340, 500, 500, 310, 310, 510, 510, 1360, 1360, 490, 490, 970, 970, 410, 410, 7780, 7780]"
2020-10-28 15:30:00+00:00,46420,0,40.0,"[1060, 1060, 720, 720, 5750, 5750, 1360, 1360, 620, 620, 520, 160, 520, 160, 1180, 1180, 600, 600, 660, 660, 4350, 4350, 260, 260, 330, 330, 2480, 2480, 520, 520, 260, 260, 470, 470, 80, 80, 260, 260, 1570, 1570]"
2020-10-28 15:35:00+00:00,24420,0,48.0,"[360, 360, 500, 500, 260, 260, 50, 50, 360, 360, 210, 210, 300, 300, 170, 170, 120, 120, 240, 240, 70, 70, 620, 620, 20, 20, 540, 540, 270, 270, 920, 920, 890, 890, 3360, 3360, 150, 150, 120, 120, 1300, 1300, 320, 320, 170, 170, 890, 890]"
2020-10-28 15:40:00+00:00,8210,0,25.0,"[80, 80, 350, 350, 480, 480, 200, 200, 500, 500, 250, 250, 170, 170, 40, 40, 490, 190, 190, 320, 320, 600, 600, 680, 680]"
2020-10-28 15:45:00+00:00,27520,0,34.0,"[220, 220, 230, 230, 2360, 2360, 80, 80, 580, 580, 110, 110, 2080, 2080, 400, 400, 450, 450, 320, 320, 1270, 1270, 390, 390, 590, 590, 200, 200, 1270, 740, 1270, 740, 2470, 2470]"
2020-10-28 15:50:00+00:00,17100,0,34.0,"[220, 220, 170, 170, 250, 250, 1280, 1280, 20, 20, 400, 400, 80, 80, 220, 220, 1500, 1500, 370, 370, 1100, 1100, 290, 290, 160, 160, 530, 20, 530, 20, 280, 280, 1660, 1660]"
2020-10-28 15:55:00+00:00,29040,0,53.0,"[1660, 1660, 30, 30, 230, 230, 1660, 90, 90, 20, 20, 140, 140, 260, 260, 140, 140, 1090, 1190, 1090, 1190, 1280, 1280, 80, 80, 290, 290, 290, 290, 520, 520, 510, 510, 260, 260, 560, 560, 360, 360, 360, 360, 170, 170, 260, 260, 380, 380, 300, 3120, 3120, 300, 100, 100]"
2020-10-28 16:00:00+00:00,12080,0,18.0,"[100, 100, 460, 460, 50, 50, 90, 90, 190, 190, 870, 870, 440, 440, 2420, 2420, 1420, 1420]"
2020-10-28 16:05:00+00:00,19180,0,42.0,"[120, 120, 490, 490, 260, 260, 650, 650, 390, 390, 300, 300, 350, 480, 350, 480, 1080, 1080, 900, 900, 150, 150, 340, 340, 1060, 1060, 620, 620, 400, 400, 140, 140, 200, 200, 390, 390, 530, 530, 530, 530, 210, 210]"
2020-10-28 16:10:00+00:00,51320,0,46.0,"[7110, 7110, 500, 500, 100, 100, 960, 960, 1000, 1000, 430, 430, 750, 750, 110, 110, 9460, 9460, 30, 30, 460, 460, 10, 10, 480, 480, 480, 480, 290, 290, 170, 170, 330, 330, 140, 140, 1030, 400, 1030, 400, 500, 730, 730, 70, 70, 740]"
2020-10-28 16:15:00+00:00,21000,0,36.0,"[470, 470, 880, 880, 20, 20, 3580, 3580, 830, 830, 860, 860, 660, 660, 110, 110, 300, 80, 300, 80, 500, 500, 110, 110, 50, 50, 1050, 1050, 180, 180, 180, 180, 360, 360, 280, 280]"
2020-10-28 16:20:00+00:00,17800,0,32.0,"[80, 80, 510, 510, 2430, 2430, 530, 530, 90, 90, 470, 470, 180, 180, 800, 800, 490, 490, 750, 750, 750, 750, 130, 130, 160, 160, 680, 680, 440, 440, 410, 410]"
2020-10-28 16:25:00+00:00,33480,0,34.0,"[660, 660, 30, 30, 810, 810, 290, 290, 830, 830, 1310, 1310, 100, 100, 1260, 1260, 310, 310, 520, 520, 400, 400, 240, 240, 630, 630, 7100, 7100, 1000, 1000, 900, 900, 350, 350]"
2020-10-28 16:30:00+00:00,14440,0,38.0,"[130, 130, 140, 140, 230, 230, 100, 800, 800, 100, 250, 250, 280, 280, 1300, 1300, 160, 160, 70, 70, 500, 500, 750, 750, 30, 980, 30, 980, 110, 110, 300, 300, 540, 540, 480, 480, 70, 70]"
2020-10-28 16:35:00+00:00,32890,0,31.0,"[310, 310, 1340, 1340, 290, 290, 560, 560, 150, 150, 150, 150, 7120, 7120, 390, 390, 2740, 2740, 200, 200, 250, 250, 940, 940, 450, 450, 1240, 1240, 110, 260, 260]"
2020-10-28 16:40:00+00:00,19420,0,34.0,"[330, 330, 360, 360, 330, 330, 390, 390, 30, 30, 400, 400, 40, 40, 260, 260, 200, 200, 3520, 3520, 280, 280, 1120, 1120, 110, 110, 880, 880, 160, 160, 20, 20, 1280, 1280]"
2020-10-28 16:45:00+00:00,28380,0,62.0,"[370, 370, 330, 330, 370, 370, 160, 160, 370, 370, 170, 170, 100, 100, 370, 370, 320, 320, 100, 100, 1370, 1370, 1810, 1810, 130, 130, 910, 910, 540, 540, 260, 260, 280, 280, 200, 200, 190, 190, 750, 750, 130, 130, 190, 190, 620, 620, 580, 580, 320, 320, 1840, 1840, 180, 180, 290, 290, 740, 740, 90, 90, 110, 110]"
2020-10-28 16:50:00+00:00,34080,0,40.0,"[40, 40, 40, 40, 260, 260, 2360, 2360, 590, 590, 250, 250, 70, 70, 4940, 4940, 290, 290, 190, 190, 430, 430, 350, 350, 980, 980, 1180, 1180, 270, 270, 190, 190, 160, 160, 1750, 1750, 2560, 2560, 140, 140]"
2020-10-28 16:55:00+00:00,12920,0,28.0,"[580, 580, 500, 500, 1480, 220, 220, 1480, 930, 930, 90, 90, 180, 180, 380, 380, 220, 820, 820, 220, 110, 110, 130, 130, 520, 520, 300, 300]"
2020-10-28 17:00:00+00:00,23680,0,39.0,"[1730, 1730, 1830, 1830, 310, 310, 2380, 0, 0, 770, 770, 220, 220, 370, 370, 390, 390, 390, 390, 540, 540, 80, 80, 670, 670, 2030, 2030, 260, 260, 40, 40, 190, 190, 60, 60, 290, 290, 480, 480]"
2020-10-28 17:05:00+00:00,11020,0,18.0,"[170, 170, 190, 190, 1620, 1620, 870, 870, 190, 190, 80, 80, 1550, 1550, 440, 440, 400, 400]"
2020-10-28 17:10:00+00:00,28900,0,36.0,"[830, 830, 70, 70, 200, 200, 60, 60, 260, 260, 740, 740, 230, 230, 980, 980, 100, 100, 250, 250, 680, 680, 550, 550, 90, 90, 910, 910, 1780, 1780, 1320, 1320, 380, 380, 5020, 5020]"
2020-10-28 17:15:00+00:00,28140,0,44.0,"[720, 720, 1160, 1160, 350, 350, 400, 400, 220, 220, 160, 160, 2940, 2940, 200, 200, 700, 700, 130, 130, 270, 270, 110, 110, 880, 880, 180, 180, 1090, 1090, 160, 160, 240, 240, 500, 500, 430, 430, 2370, 2370, 800, 800, 60, 60]"
2020-10-28 17:20:00+00:00,8560,0,20.0,"[200, 200, 420, 420, 1560, 1560, 240, 240, 310, 310, 440, 440, 530, 530, 190, 190, 160, 160, 230, 230]"
2020-10-28 17:25:00+00:00,5990,0,15.0,"[530, 530, 210, 210, 770, 770, 160, 160, 990, 990, 210, 170, 170, 60, 60]"
2020-10-28 17:30:00+00:00,19600,0,36.0,"[390, 390, 170, 170, 710, 710, 1040, 1040, 110, 110, 320, 320, 200, 200, 20, 20, 140, 140, 150, 150, 100, 100, 1670, 1670, 1040, 1040, 320, 320, 750, 750, 210, 210, 370, 370, 2090, 2090]"
2020-10-28 17:35:00+00:00,11080,0,24.0,"[530, 530, 840, 840, 590, 590, 50, 50, 10, 10, 330, 330, 780, 780, 940, 940, 350, 350, 70, 70, 800, 800, 250, 250]"
2020-10-28 17:40:00+00:00,14430,0,31.0,"[120, 120, 300, 300, 1380, 1380, 300, 300, 240, 240, 100, 100, 830, 830, 110, 110, 370, 580, 580, 220, 220, 280, 280, 640, 640, 540, 540, 220, 220, 1170, 1170]"
2020-10-28 17:45:00+00:00,14330,0,41.0,"[60, 60, 380, 380, 240, 240, 260, 260, 320, 320, 550, 550, 110, 110, 180, 180, 140, 140, 780, 780, 130, 450, 450, 1240, 1240, 300, 300, 110, 110, 110, 110, 10, 10, 510, 510, 510, 510, 460, 460, 380, 380]"
2020-10-28 17:50:00+00:00,21360,0,42.0,"[150, 150, 80, 80, 260, 260, 580, 580, 210, 210, 500, 500, 630, 630, 500, 500, 690, 690, 100, 100, 480, 480, 1450, 1450, 1450, 1450, 300, 300, 250, 250, 930, 930, 90, 90, 1180, 1180, 400, 400, 290, 290, 160, 160]"
2020-10-28 17:55:00+00:00,12540,0,26.0,"[310, 310, 170, 170, 310, 310, 830, 830, 660, 660, 180, 180, 260, 260, 180, 180, 240, 240, 1010, 1010, 490, 490, 460, 460, 1170, 1170]"
2020-10-28 18:00:00+00:00,7420,0,29.0,"[340, 340, 50, 50, 310, 310, 110, 110, 720, 720, 110, 110, 520, 520, 430, 430, 110, 110, 260, 260, 310, 310, 10, 10, 20, 260, 260, 160, 160]"
2020-10-28 18:05:00+00:00,5420,0,18.0,"[210, 210, 600, 600, 320, 320, 240, 240, 390, 390, 120, 120, 400, 400, 290, 290, 140, 140]"
2020-10-28 18:10:00+00:00,13880,0,30.0,"[60, 60, 470, 470, 10, 10, 250, 190, 250, 190, 480, 480, 410, 410, 250, 250, 1230, 1230, 200, 200, 420, 420, 200, 200, 50, 50, 2140, 2140, 580, 580]"
2020-10-28 18:15:00+00:00,7780,0,24.0,"[400, 400, 110, 110, 140, 140, 280, 280, 50, 50, 200, 200, 890, 890, 230, 230, 640, 640, 380, 380, 80, 80, 490, 490]"
2020-10-28 18:20:00+00:00,16200,0,28.0,"[210, 210, 20, 20, 1720, 1720, 10, 10, 280, 280, 2990, 2990, 50, 50, 360, 360, 450, 270, 450, 270, 1020, 1020, 80, 80, 480, 480, 160, 160]"
2020-10-28 18:25:00+00:00,13080,0,30.0,"[190, 190, 710, 710, 710, 710, 120, 120, 990, 990, 560, 560, 120, 120, 910, 910, 300, 300, 340, 340, 30, 30, 250, 250, 240, 240, 990, 990, 80, 80]"
2020-10-28 18:30:00+00:00,9030,0,23.0,"[20, 20, 540, 540, 270, 270, 720, 720, 310, 310, 180, 180, 750, 750, 750, 750, 70, 70, 240, 240, 560, 560, 210]"
2020-10-28 18:35:00+00:00,16240,0,41.0,"[150, 150, 160, 160, 970, 970, 220, 220, 250, 250, 410, 410, 70, 70, 470, 470, 400, 400, 340, 340, 230, 230, 120, 120, 350, 350, 150, 150, 190, 190, 1950, 1950, 540, 270, 270, 450, 450, 600, 600, 100, 100]"
2020-10-28 18:40:00+00:00,10010,0,29.0,"[60, 60, 140, 140, 550, 550, 220, 220, 120, 120, 410, 420, 420, 270, 270, 730, 730, 710, 710, 140, 140, 140, 140, 420, 420, 110, 110, 770, 770]"
2020-10-28 18:45:00+00:00,4820,0,20.0,"[70, 70, 620, 620, 390, 390, 200, 200, 70, 70, 70, 70, 280, 100, 280, 100, 490, 490, 120, 120]"
2020-10-28 18:50:00+00:00,11120,0,24.0,"[1390, 1390, 950, 950, 240, 240, 580, 580, 140, 140, 60, 60, 190, 190, 290, 290, 660, 720, 660, 720, 300, 300, 40, 40]"
2020-10-28 18:55:00+00:00,19660,0,19.0,"[2040, 2040, 880, 880, 620, 620, 340, 100, 100, 4780, 4780, 210, 210, 710, 710, 140, 140, 180, 180]"
2020-10-28 19:00:00+00:00,23140,0,24.0,"[1920, 1920, 870, 870, 500, 500, 330, 330, 3770, 3770, 120, 120, 1120, 1120, 40, 40, 780, 780, 120, 120, 520, 520, 1480, 1480]"
2020-10-28 19:05:00+00:00,19880,0,24.0,"[800, 800, 360, 360, 210, 210, 460, 460, 460, 460, 170, 170, 360, 360, 700, 700, 40, 40, 4080, 4080, 1220, 1220, 1080, 1080]"
2020-10-28 19:10:00+00:00,16460,0,26.0,"[280, 280, 400, 400, 1220, 1220, 1810, 1810, 460, 460, 480, 480, 660, 660, 250, 250, 1020, 1020, 430, 430, 510, 510, 660, 660, 50, 50]"
2020-10-28 19:15:00+00:00,41340,0,38.0,"[380, 380, 1260, 1260, 4320, 4320, 480, 480, 970, 970, 1120, 1120, 2190, 2190, 340, 340, 1020, 1020, 290, 290, 390, 390, 60, 60, 410, 410, 750, 750, 300, 1270, 1270, 80, 3770, 3770, 800, 800, 660, 660]"
2020-10-28 19:20:00+00:00,36540,0,42.0,"[480, 480, 190, 190, 10, 10, 5690, 5690, 110, 110, 540, 540, 70, 70, 660, 660, 260, 260, 360, 360, 950, 950, 440, 440, 2390, 2390, 310, 310, 1060, 1060, 2700, 2700, 100, 100, 1460, 80, 80, 1460, 130, 130, 280, 280]"
2020-10-28 19:25:00+00:00,12560,0,20.0,"[2700, 2700, 70, 70, 620, 620, 540, 540, 1200, 1200, 180, 180, 180, 180, 530, 530, 100, 100, 160, 160]"
2020-10-28 19:30:00+00:00,6900,0,20.0,"[790, 790, 260, 260, 440, 440, 70, 70, 400, 400, 410, 410, 210, 210, 100, 100, 300, 300, 470, 470]"
2020-10-28 19:35:00+00:00,122720,0,21.0,"[2140, 2140, 480, 480, 690, 690, 260, 350, 350, 650, 650, 900, 900, 53880, 53880, 170, 170, 1830, 140, 1830, 140]"
2020-10-28 19:40:00+00:00,19900,0,28.0,"[170, 170, 350, 350, 400, 400, 380, 380, 400, 400, 180, 180, 140, 140, 50, 50, 6100, 6100, 310, 310, 610, 610, 160, 160, 120, 120, 580, 580]"
2020-10-28 19:45:00+00:00,8020,0,20.0,"[20, 20, 260, 260, 760, 760, 270, 270, 620, 620, 110, 110, 310, 310, 620, 620, 690, 690, 350, 350]"
2020-10-28 19:50:00+00:00,7280,0,20.0,"[880, 880, 780, 780, 290, 290, 420, 420, 20, 20, 290, 290, 410, 410, 170, 170, 260, 260, 120, 120]"
2020-10-28 19:55:00+00:00,16700,0,22.0,"[1530, 1530, 140, 140, 630, 630, 630, 630, 890, 890, 2710, 2710, 50, 50, 580, 580, 900, 900, 130, 130, 160, 160]"
2020-10-28 20:00:00+00:00,6720,0,18.0,"[290, 290, 320, 320, 1060, 1060, 560, 560, 200, 200, 170, 170, 480, 480, 170, 170, 110, 110]"
2020-10-28 20:05:00+00:00,14940,0,20.0,"[270, 270, 240, 240, 270, 270, 160, 160, 460, 460, 260, 260, 1540, 1540, 260, 260, 40, 40, 3970, 3970]"
2020-10-28 20:10:00+00:00,13680,0,20.0,"[650, 3970, 3970, 650, 290, 290, 330, 330, 100, 100, 90, 90, 140, 140, 700, 700, 100, 100, 470, 470]"
2020-10-28 20:15:00+00:00,2700,0,20.0,"[0, 0, 350, 350, 40, 60, 40, 60, 160, 160, 60, 60, 110, 110, 250, 90, 90, 250, 230, 230]"
2020-10-28 20:20:00+00:00,7420,0,16.0,"[110, 110, 250, 250, 710, 710, 480, 480, 260, 260, 1740, 1740, 40, 40, 120, 120]"
2020-10-28 20:25:00+00:00,7120,0,14.0,"[1100, 1100, 1060, 1060, 120, 120, 120, 120, 140, 140, 740, 740, 280, 280]"
2020-10-28 20:30:00+00:00,9260,0,16.0,"[1240, 1240, 280, 280, 280, 280, 1430, 1430, 240, 240, 150, 150, 750, 750, 260, 260]"
2020-10-28 20:35:00+00:00,185020,0,11.0,"[310, 310, 440, 440, 180, 180, 0, 940, 940, 90640, 90640]"
2020-10-28 20:40:00+00:00,14660,0,40.0,"[50, 50, 290, 290, 220, 220, 90, 90, 320, 320, 720, 720, 1340, 1340, 200, 200, 70, 70, 750, 750, 300, 300, 250, 250, 160, 160, 300, 300, 30, 30, 1260, 1260, 20, 20, 380, 380, 380, 380, 200, 200]"
2020-10-28 20:45:00+00:00,21100,0,30.0,"[630, 630, 1620, 1620, 370, 370, 520, 520, 170, 170, 240, 240, 80, 80, 60, 60, 460, 460, 5350, 5350, 460, 460, 120, 120, 180, 180, 160, 160, 130, 130]"
2020-10-28 20:50:00+00:00,31800,0,30.0,"[250, 250, 250, 250, 590, 590, 220, 220, 80, 80, 70, 70, 80, 80, 0, 0, 250, 250, 10, 10, 330, 330, 660, 660, 12680, 12680, 50, 50, 380, 380]"
2020-10-28 20:55:00+00:00,23380,0,22.0,"[1070, 1070, 870, 870, 1690, 1690, 1570, 1570, 280, 280, 420, 420, 290, 290, 10, 10, 4880, 4880, 480, 480, 130, 130]"
2020-10-28 21:00:00+00:00,25000,0,26.0,"[270, 270, 340, 340, 100, 100, 800, 800, 1050, 1050, 7930, 7930, 500, 500, 370, 370, 50, 50, 40, 40, 80, 210, 80, 210, 760, 760]"
2020-10-28 21:05:00+00:00,5340,0,16.0,"[760, 760, 20, 20, 640, 640, 330, 330, 340, 340, 220, 220, 70, 70, 290, 290]"
2020-10-28 21:10:00+00:00,13560,0,30.0,"[350, 350, 50, 50, 350, 350, 100, 100, 10, 10, 890, 890, 100, 100, 1280, 1280, 520, 520, 310, 310, 1690, 1690, 220, 220, 520, 520, 170, 170, 220, 220]"
2020-10-28 21:15:00+00:00,6360,0,22.0,"[680, 680, 150, 150, 60, 60, 920, 920, 270, 270, 40, 40, 340, 340, 230, 230, 240, 240, 60, 60, 190, 190]"
2020-10-28 21:20:00+00:00,1880,0,12.0,"[210, 210, 250, 250, 360, 360, 10, 10, 100, 100, 10, 10]"
2020-10-28 21:25:00+00:00,6040,0,16.0,"[50, 50, 90, 90, 740, 740, 350, 350, 410, 410, 260, 260, 410, 410, 710, 710]"
2020-10-28 21:30:00+00:00,4640,0,12.0,"[60, 60, 250, 250, 680, 680, 730, 730, 470, 470, 130, 130]"
2020-10-28 21:35:00+00:00,15540,0,18.0,"[730, 730, 260, 260, 870, 870, 480, 480, 370, 370, 2240, 2240, 1160, 1160, 660, 660, 1000, 1000]"
2020-10-28 21:40:00+00:00,8140,0,18.0,"[140, 140, 520, 520, 360, 360, 1550, 1550, 220, 220, 40, 40, 510, 510, 550, 550, 180, 180]"
2020-10-28 21:45:00+00:00,8820,0,25.0,"[70, 70, 60, 240, 240, 630, 630, 280, 280, 120, 120, 230, 230, 380, 380, 840, 840, 710, 710, 480, 480, 130, 130, 270, 270]"
2020-10-28 21:50:00+00:00,16320,0,26.0,"[80, 80, 80, 80, 340, 340, 640, 640, 190, 190, 330, 330, 100, 100, 800, 800, 3240, 3240, 150, 150, 780, 780, 990, 990, 440, 440]"
2020-10-28 21:55:00+00:00,11760,0,20.0,"[900, 900, 520, 520, 860, 280, 860, 280, 1460, 1460, 1120, 1120, 230, 230, 130, 130, 60, 60, 320, 320]"
2020-10-28 22:00:00+00:00,37840,0,30.0,"[340, 340, 1060, 1060, 2410, 2410, 1660, 1660, 500, 500, 880, 880, 330, 330, 180, 180, 1970, 1970, 280, 280, 1380, 1380, 6840, 6840, 130, 130, 600, 600, 360, 360]"
2020-10-28 22:05:00+00:00,13600,0,18.0,"[330, 330, 880, 880, 820, 820, 30, 30, 210, 210, 260, 260, 70, 70, 3750, 3750, 450, 450]"
2020-10-28 22:10:00+00:00,6250,0,15.0,"[200, 200, 1330, 1330, 530, 270, 270, 530, 170, 170, 230, 230, 360, 360, 70]"
2020-10-28 22:15:00+00:00,8340,0,16.0,"[1120, 1120, 30, 30, 1730, 1730, 240, 240, 280, 280, 80, 80, 200, 200, 490, 490]"
2020-10-28 22:20:00+00:00,11820,0,20.0,"[1910, 1910, 110, 110, 430, 430, 130, 130, 180, 180, 610, 610, 300, 300, 1390, 1390, 270, 270, 580, 580]"
2020-10-28 22:25:00+00:00,4100,0,12.0,"[1230, 1230, 100, 100, 160, 160, 240, 240, 40, 40, 280, 280]"
2020-10-28 22:30:00+00:00,22720,0,18.0,"[460, 460, 210, 210, 280, 280, 600, 600, 20, 20, 400, 400, 130, 130, 740, 740, 8520, 8520]"
2020-10-28 22:35:00+00:00,19860,0,30.0,"[660, 660, 790, 790, 60, 60, 1020, 1020, 2120, 2120, 180, 180, 1130, 1130, 880, 880, 570, 570, 30, 30, 80, 80, 1100, 1100, 860, 860, 290, 290, 160, 160]"
2020-10-28 22:40:00+00:00,5760,0,6.0,"[260, 260, 2230, 2230, 390, 390]"
2020-10-28 22:45:00+00:00,13060,0,35.0,"[60, 60, 150, 150, 140, 140, 140, 140, 220, 260, 260, 550, 550, 1940, 1940, 210, 210, 350, 350, 80, 80, 410, 410, 210, 210, 640, 640, 230, 230, 280, 280, 400, 400, 370, 370]"
2020-10-28 22:50:00+00:00,20980,0,26.0,"[3750, 3750, 180, 180, 210, 210, 870, 870, 410, 410, 150, 150, 80, 80, 1980, 1980, 350, 350, 30, 30, 150, 150, 1310, 1310, 1020, 1020]"
2020-10-28 22:55:00+00:00,106980,0,27.0,"[16870, 16870, 1310, 1310, 20, 20, 20, 20, 270, 270, 220, 220, 50, 50, 230, 230, 330, 330, 16870, 16870, 140, 140, 240, 240, 16870, 16870, 100]"
2020-10-28 23:00:00+00:00,5060,0,12.0,"[880, 880, 10, 10, 1130, 1130, 220, 220, 220, 220, 70, 70]"
2020-10-28 23:05:00+00:00,6260,0,14.0,"[190, 190, 310, 310, 400, 400, 130, 130, 550, 550, 380, 380, 1170, 1170]"
2020-10-28 23:10:00+00:00,12660,0,18.0,"[150, 150, 910, 910, 570, 570, 150, 150, 1940, 1940, 760, 760, 350, 350, 80, 80, 1420, 1420]"
2020-10-28 23:15:00+00:00,3840,0,10.0,"[570, 570, 580, 580, 160, 160, 150, 150, 460, 460]"
2020-10-28 23:20:00+00:00,5940,0,18.0,"[470, 470, 170, 170, 470, 470, 320, 320, 350, 350, 90, 90, 210, 210, 530, 530, 360, 360]"
2020-10-28 23:25:00+00:00,9000,0,20.0,"[250, 70, 70, 250, 80, 80, 80, 80, 280, 280, 640, 640, 70, 70, 2340, 2340, 190, 190, 500, 500]"
2020-10-28 23:30:00+00:00,4620,0,10.0,"[200, 200, 470, 470, 170, 170, 1140, 1140, 330, 330]"
2020-10-28 23:35:00+00:00,3840,0,8.0,"[270, 270, 770, 770, 640, 640, 240, 240]"
2020-10-28 23:40:00+00:00,13080,0,18.0,"[610, 610, 110, 110, 150, 150, 220, 220, 20, 20, 150, 150, 1760, 1760, 1760, 1760, 1760, 1760]"
2020-10-28 23:45:00+00:00,17960,0,28.0,"[840, 840, 1910, 1910, 240, 240, 2790, 2790, 250, 250, 140, 140, 590, 590, 470, 470, 330, 330, 350, 350, 130, 130, 600, 600, 230, 230, 110, 110]"
2020-10-28 23:50:00+00:00,8100,0,16.0,"[730, 730, 60, 60, 1310, 1310, 400, 400, 270, 270, 230, 230, 650, 650, 400, 400]"
2020-10-28 23:55:00+00:00,4460,0,17.0,"[70, 70, 400, 400, 180, 180, 200, 300, 300, 210, 210, 30, 30, 880, 880, 60, 60]"
2020-10-29 00:00:00+00:00,9560,0,26.0,"[450, 450, 510, 510, 160, 160, 220, 220, 570, 570, 240, 240, 450, 450, 1030, 1030, 260, 260, 150, 150, 100, 100, 140, 140, 500, 500]"
2020-10-29 00:05:00+00:00,29640,0,18.0,"[12590, 12590, 360, 360, 210, 210, 230, 230, 380, 380, 30, 30, 170, 170, 560, 560, 290, 290]"
2020-10-29 00:10:00+00:00,14940,0,18.0,"[320, 320, 130, 130, 920, 920, 480, 480, 390, 4390, 4390, 390, 200, 200, 130, 130, 510, 510]"
2020-10-29 00:15:00+00:00,2380,0,10.0,"[120, 120, 120, 120, 580, 580, 150, 150, 220, 220]"
2020-10-29 00:20:00+00:00,2960,0,10.0,"[520, 520, 340, 340, 270, 270, 110, 110, 240, 240]"
2020-10-29 00:25:00+00:00,4420,0,14.0,"[60, 60, 370, 370, 250, 250, 750, 750, 350, 350, 280, 280, 150, 150]"
2020-10-29 00:30:00+00:00,9660,0,12.0,"[180, 180, 1840, 1840, 130, 130, 1330, 1330, 70, 70, 1280, 1280]"
2020-10-29 00:35:00+00:00,8820,0,18.0,"[620, 620, 500, 500, 140, 140, 460, 460, 700, 700, 470, 470, 290, 290, 700, 700, 530, 530]"
2020-10-29 00:40:00+00:00,2560,0,6.0,"[150, 150, 540, 540, 590, 590]"
2020-10-29 00:45:00+00:00,6700,0,6.0,"[3140, 3140, 140, 140, 70, 70]"
2020-10-29 00:50:00+00:00,11170,0,17.0,"[300, 300, 3140, 3140, 130, 130, 10, 10, 490, 490, 240, 240, 130, 130, 2110, 90, 90]"
2020-10-29 00:55:00+00:00,3580,0,6.0,"[630, 630, 620, 620, 540, 540]"
2020-10-29 01:00:00+00:00,6160,0,8.0,"[1770, 1770, 170, 170, 200, 200, 940, 940]"
2020-10-29 01:05:00+00:00,31480,0,12.0,"[1730, 1730, 1560, 1560, 220, 220, 100, 100, 10720, 10720, 1410, 1410]"
2020-10-29 01:10:00+00:00,10240,0,14.0,"[1260, 1260, 160, 160, 370, 370, 1540, 1540, 1140, 1140, 550, 550, 100, 100]"
2020-10-29 01:15:00+00:00,2880,0,8.0,"[670, 670, 70, 70, 440, 440, 260, 260]"
2020-10-29 01:20:00+00:00,2200,0,6.0,"[350, 350, 70, 70, 680, 680]"
2020-10-29 01:25:00+00:00,4660,0,13.0,"[110, 110, 90, 90, 290, 290, 1230, 1230, 30, 30, 580, 580, 0]"
2020-10-29 01:30:00+00:00,3540,0,10.0,"[230, 230, 180, 180, 1240, 1240, 50, 50, 70, 70]"
2020-10-29 01:35:00+00:00,6900,0,10.0,"[1460, 1460, 510, 510, 370, 370, 240, 240, 870, 870]"
2020-10-29 01:40:00+00:00,25960,0,18.0,"[280, 280, 3580, 3580, 230, 230, 880, 880, 820, 820, 170, 170, 5390, 5390, 610, 610, 1020, 1020]"
2020-10-29 01:45:00+00:00,13940,0,20.0,"[760, 760, 230, 230, 420, 420, 1460, 1460, 770, 770, 260, 260, 320, 320, 1060, 1060, 210, 210, 1480, 1480]"
2020-10-29 01:50:00+00:00,2960,0,10.0,"[40, 40, 110, 110, 90, 90, 370, 370, 870, 870]"
2020-10-29 01:55:00+00:00,1860,0,10.0,"[330, 330, 100, 100, 170, 170, 190, 190, 140, 140]"
2020-10-29 02:00:00+00:00,6200,0,12.0,"[1010, 1010, 20, 20, 720, 720, 220, 220, 480, 480, 650, 650]"
2020-10-29 02:05:00+00:00,7340,0,14.0,"[40, 40, 210, 210, 410, 410, 350, 350, 2260, 2260, 240, 240, 160, 160]"
2020-10-29 02:10:00+00:00,1800,0,4.0,"[640, 640, 260, 260]"
2020-10-29 02:15:00+00:00,6320,0,6.0,"[1790, 1790, 50, 50, 1320, 1320]"
2020-10-29 02:20:00+00:00,460,0,2.0,"[230, 230]"
2020-10-29 02:25:00+00:00,12440,0,12.0,"[1340, 1340, 1300, 1300, 90, 90, 2920, 2920, 180, 180, 390, 390]"
2020-10-29 02:30:00+00:00,4520,0,10.0,"[260, 260, 240, 240, 260, 260, 1460, 1460, 40, 40]"
2020-10-29 02:35:00+00:00,140,0,2.0,"[70, 70]"
2020-10-29 02:40:00+00:00,8380,0,8.0,"[100, 100, 2300, 2300, 280, 280, 1510, 1510]"
2020-10-29 02:45:00+00:00,5220,0,8.0,"[1120, 1120, 800, 800, 130, 130, 560, 560]"
2020-10-29 02:50:00+00:00,2600,0,10.0,"[520, 520, 60, 60, 340, 340, 40, 40, 340, 340]"
2020-10-29 02:55:00+00:00,24560,0,22.0,"[470, 470, 40, 40, 7260, 7260, 310, 310, 440, 440, 770, 770, 60, 60, 940, 940, 100, 100, 470, 470, 1420, 1420]"
2020-10-29 03:00:00+00:00,4300,0,10.0,"[30, 30, 30, 30, 1320, 1320, 530, 530, 240, 240]"
2020-10-29 03:05:00+00:00,9100,0,16.0,"[590, 590, 710, 710, 80, 80, 740, 740, 600, 600, 400, 400, 310, 310, 1120, 1120]"
2020-10-29 03:10:00+00:00,9420,0,18.0,"[770, 770, 840, 840, 540, 540, 600, 600, 730, 730, 480, 480, 390, 390, 150, 150, 210, 210]"
2020-10-29 03:15:00+00:00,8260,0,14.0,"[780, 510, 780, 510, 100, 100, 690, 690, 530, 530, 720, 720, 800, 800]"
2020-10-29 03:20:00+00:00,17150,0,27.0,"[2340, 2340, 760, 760, 580, 580, 200, 200, 190, 190, 220, 2100, 220, 2100, 170, 170, 80, 80, 40, 40, 410, 300, 300, 240, 240, 1150, 1150]"
2020-10-29 03:25:00+00:00,7660,0,12.0,"[370, 370, 820, 820, 2190, 2190, 120, 120, 130, 130, 200, 200]"
2020-10-29 03:30:00+00:00,8440,0,24.0,"[270, 270, 390, 390, 10, 10, 230, 230, 230, 230, 670, 670, 100, 100, 460, 600, 460, 600, 670, 670, 290, 290, 300, 300]"
2020-10-29 03:35:00+00:00,1280,0,6.0,"[140, 140, 190, 190, 310, 310]"
2020-10-29 03:40:00+00:00,2220,0,10.0,"[50, 50, 20, 20, 140, 140, 660, 660, 240, 240]"
2020-10-29 03:45:00+00:00,2820,0,12.0,"[150, 150, 90, 90, 280, 280, 430, 430, 180, 280, 180, 280]"
2020-10-29 03:50:00+00:00,5860,0,12.0,"[1210, 1210, 780, 780, 130, 130, 240, 240, 190, 190, 380, 380]"
2020-10-29 03:55:00+00:00,5760,0,12.0,"[370, 370, 480, 480, 760, 760, 1170, 1170, 60, 60, 40, 40]"
2020-10-29 04:00:00+00:00,5140,0,20.0,"[160, 160, 160, 160, 320, 320, 760, 760, 80, 80, 190, 190, 110, 110, 60, 60, 320, 320, 410, 410]"
2020-10-29 04:05:00+00:00,10040,0,22.0,"[170, 170, 190, 190, 1010, 1010, 190, 190, 140, 140, 610, 610, 600, 140, 600, 140, 710, 710, 200, 200, 1060, 1060]"
2020-10-29 04:10:00+00:00,15880,0,24.0,"[270, 270, 2410, 2410, 190, 190, 350, 350, 200, 200, 1570, 1570, 260, 260, 240, 240, 470, 470, 390, 390, 1420, 1420, 170, 170]"
2020-10-29 04:15:00+00:00,10940,0,22.0,"[370, 370, 380, 380, 860, 860, 230, 230, 430, 430, 1250, 1250, 120, 120, 330, 330, 1210, 1210, 30, 30, 260, 260]"
2020-10-29 04:20:00+00:00,33020,0,18.0,"[1640, 1640, 130, 130, 1340, 1340, 880, 880, 420, 420, 610, 610, 1300, 1300, 320, 320, 9870, 9870]"
2020-10-29 04:25:00+00:00,4840,0,11.0,"[1240, 1240, 460, 390, 390, 170, 170, 150, 150, 240, 240]"
2020-10-29 04:30:00+00:00,6200,0,12.0,"[850, 850, 420, 420, 680, 680, 630, 630, 310, 310, 210, 210]"
2020-10-29 04:35:00+00:00,3720,0,8.0,"[660, 660, 560, 560, 120, 520, 120, 520]"
2020-10-29 04:40:00+00:00,1640,0,4.0,"[570, 570, 250, 250]"
2020-10-29 04:45:00+00:00,4940,0,18.0,"[170, 170, 610, 610, 220, 220, 530, 530, 130, 130, 390, 390, 200, 200, 80, 80, 140, 140]"
2020-10-29 04:50:00+00:00,5840,0,15.0,"[240, 240, 660, 130, 130, 130, 130, 780, 780, 240, 240, 850, 850, 220, 220]"
2020-10-29 04:55:00+00:00,3340,0,10.0,"[230, 230, 300, 300, 280, 280, 610, 610, 250, 250]"
2020-10-29 05:00:00+00:00,4980,0,8.0,"[90, 90, 760, 760, 400, 400, 1240, 1240]"
2020-10-29 05:05:00+00:00,5400,0,11.0,"[320, 320, 560, 560, 20, 20, 0, 220, 220, 1580, 1580]"
2020-10-29 05:10:00+00:00,6140,0,16.0,"[320, 320, 120, 120, 320, 320, 240, 240, 940, 940, 150, 150, 370, 370, 610, 610]"
2020-10-29 05:15:00+00:00,5880,0,8.0,"[490, 490, 700, 700, 1370, 1370, 380, 380]"
2020-10-29 05:20:00+00:00,15540,0,15.0,"[880, 880, 1420, 1420, 980, 330, 330, 3830, 3830, 150, 150, 230, 230, 440, 440]"
2020-10-29 05:25:00+00:00,8900,0,12.0,"[2760, 2760, 800, 800, 470, 470, 140, 140, 220, 220, 60, 60]"
2020-10-29 05:30:00+00:00,2460,0,10.0,"[210, 210, 50, 50, 50, 50, 150, 150, 770, 770]"
2020-10-29 05:35:00+00:00,10580,0,18.0,"[40, 340, 40, 340, 240, 240, 3160, 3160, 210, 210, 50, 50, 110, 110, 370, 370, 770, 770]"
2020-10-29 05:40:00+00:00,1680,0,10.0,"[330, 330, 10, 10, 280, 280, 10, 10, 210, 210]"
2020-10-29 05:45:00+00:00,5120,0,16.0,"[10, 10, 200, 200, 210, 210, 770, 770, 460, 460, 770, 770, 40, 40, 100, 100]"
2020-10-29 05:50:00+00:00,1580,0,6.0,"[450, 450, 140, 140, 200, 200]"
2020-10-29 05:55:00+00:00,6780,0,8.0,"[230, 230, 830, 830, 1900, 1900, 430, 430]"
2020-10-29 06:00:00+00:00,4540,0,14.0,"[140, 140, 270, 270, 360, 360, 80, 80, 700, 700, 660, 660, 60, 60]"
2020-10-29 06:05:00+00:00,1000,0,4.0,"[460, 460, 40, 40]"
2020-10-29 06:10:00+00:00,4620,0,8.0,"[890, 890, 200, 200, 540, 540, 680, 680]"
2020-10-29 06:15:00+00:00,5840,0,8.0,"[2150, 2150, 110, 110, 430, 430, 230, 230]"
2020-10-29 06:20:00+00:00,14820,0,10.0,"[70, 70, 170, 170, 1580, 1580, 980, 980, 4610, 4610]"
2020-10-29 06:25:00+00:00,1900,0,4.0,"[750, 750, 200, 200]"
2020-10-29 06:30:00+00:00,260,0,2.0,"[130, 130]"
2020-10-29 06:35:00+00:00,8220,0,8.0,"[110, 110, 3640, 3640, 170, 170, 190, 190]"
2020-10-29 06:40:00+00:00,8880,0,10.0,"[20, 20, 210, 210, 1440, 1440, 1780, 1780, 990, 990]"
2020-10-29 06:45:00+00:00,3880,0,6.0,"[170, 170, 560, 560, 1210, 1210]"
2020-10-29 06:50:00+00:00,6720,0,8.0,"[290, 290, 1690, 1690, 1310, 1310, 70, 70]"
2020-10-29 06:55:00+00:00,640,0,4.0,"[100, 100, 220, 220]"
2020-10-29 07:00:00+00:00,2500,0,4.0,"[50, 50, 1200, 1200]"
2020-10-29 07:05:00+00:00,9280,0,8.0,"[40, 40, 410, 410, 3490, 3490, 700, 700]"
2020-10-29 07:10:00+00:00,1560,0,4.0,"[220, 220, 560, 560]"
2020-10-29 07:15:00+00:00,2100,0,6.0,"[90, 90, 420, 420, 540, 540]"
2020-10-29 07:20:00+00:00,840,0,6.0,"[30, 30, 200, 200, 190, 190]"
2020-10-29 07:25:00+00:00,1020,0,4.0,"[200, 200, 310, 310]"
2020-10-29 07:30:00+00:00,48240,0,2.0,"[24120, 24120]"
2020-10-29 07:35:00+00:00,1200,0,4.0,"[490, 490, 110, 110]"
2020-10-29 07:40:00+00:00,0,0,0.0,[]
2020-10-29 07:45:00+00:00,1240,0,6.0,"[200, 200, 260, 260, 160, 160]"
2020-10-29 07:50:00+00:00,680,0,2.0,"[340, 340]"
2020-10-29 07:55:00+00:00,1520,0,5.0,"[290, 290, 20, 460, 460]"
2020-10-29 08:00:00+00:00,220,0,2.0,"[110, 110]"
2020-10-29 08:05:00+00:00,220,0,4.0,"[70, 70, 40, 40]"
2020-10-29 08:10:00+00:00,2080,0,2.0,"[1040, 1040]"
2020-10-29 08:15:00+00:00,1260,0,4.0,"[460, 460, 170, 170]"
2020-10-29 08:20:00+00:00,360,0,2.0,"[180, 180]"
2020-10-29 08:25:00+00:00,2200,0,4.0,"[770, 770, 330, 330]"
2020-10-29 08:30:00+00:00,440,0,4.0,"[140, 140, 80, 80]"
2020-10-29 08:35:00+00:00,240,0,2.0,"[120, 120]"
2020-10-29 08:40:00+00:00,0,0,0.0,[]
2020-10-29 08:45:00+00:00,1340,0,6.0,"[110, 110, 370, 370, 190, 190]"
2020-10-29 08:50:00+00:00,960,0,2.0,"[480, 480]"
2020-10-29 08:55:00+00:00,2220,0,4.0,"[800, 800, 310, 310]"
2020-10-29 09:00:00+00:00,1260,0,4.0,"[450, 450, 180, 180]"
2020-10-29 09:05:00+00:00,1920,0,2.0,"[960, 960]"
2020-10-29 09:10:00+00:00,0,0,0.0,[]
2020-10-29 09:15:00+00:00,0,0,0.0,[]
2020-10-29 09:20:00+00:00,0,0,0.0,[]
2020-10-29 09:25:00+00:00,1460,0,2.0,"[730, 730]"
2020-10-29 09:30:00+00:00,0,0,0.0,[]
2020-10-29 09:35:00+00:00,400,0,2.0,"[200, 200]"
2020-10-29 09:40:00+00:00,0,0,0.0,[]
2020-10-29 09:45:00+00:00,3640,0,2.0,"[1820, 1820]"
2020-10-29 09:50:00+00:00,720,0,2.0,"[360, 360]"
2020-10-29 09:55:00+00:00,0,0,0.0,[]
2020-10-29 10:00:00+00:00,240,0,2.0,"[120, 120]"
2020-10-29 10:05:00+00:00,620,0,4.0,"[80, 80, 230, 230]"
2020-10-29 10:10:00+00:00,640,0,2.0,"[320, 320]"
2020-10-29 10:15:00+00:00,0,0,0.0,[]
2020-10-29 10:20:00+00:00,320,0,2.0,"[160, 160]"
2020-10-29 10:25:00+00:00,220,0,2.0,"[110, 110]"
2020-10-29 10:30:00+00:00,0,0,0.0,[]
2020-10-29 10:35:00+00:00,7680,0,8.0,"[80, 80, 3400, 3400, 60, 60, 300, 300]"
2020-10-29 10:40:00+00:00,840,0,4.0,"[200, 200, 220, 220]"
2020-10-29 10:45:00+00:00,5780,0,6.0,"[60, 60, 30, 30, 2800, 2800]"
2020-10-29 10:50:00+00:00,0,0,0.0,[]
2020-10-29 10:55:00+00:00,2220,0,2.0,"[1110, 1110]"
2020-10-29 11:00:00+00:00,1700,0,4.0,"[460, 460, 390, 390]"
2020-10-29 11:05:00+00:00,1580,0,2.0,"[790, 790]"
2020-10-29 11:10:00+00:00,2460,0,2.0,"[1230, 1230]"
2020-10-29 11:15:00+00:00,3440,0,8.0,"[790, 790, 280, 280, 510, 510, 140, 140]"
2020-10-29 11:20:00+00:00,1440,0,2.0,"[720, 720]"
2020-10-29 11:25:00+00:00,2000,0,4.0,"[520, 520, 480, 480]"
2020-10-29 11:30:00+00:00,2620,0,6.0,"[310, 310, 80, 80, 920, 920]"
2020-10-29 11:35:00+00:00,18360,0,4.0,"[1790, 1790, 7390, 7390]"
2020-10-29 11:40:00+00:00,80,0,2.0,"[40, 40]"
2020-10-29 11:45:00+00:00,0,0,0.0,[]
2020-10-29 11:50:00+00:00,3400,0,4.0,"[660, 660, 1040, 1040]"
2020-10-29 11:55:00+00:00,160,0,2.0,"[80, 80]"
2020-10-29 12:00:00+00:00,3780,0,2.0,"[1890, 1890]"
2020-10-29 12:05:00+00:00,2140,0,2.0,"[1070, 1070]"
2020-10-29 12:10:00+00:00,2600,0,6.0,"[80, 80, 110, 110, 1110, 1110]"
2020-10-29 12:15:00+00:00,460,0,2.0,"[230, 230]"
2020-10-29 12:20:00+00:00,3600,0,8.0,"[680, 680, 730, 730, 50, 50, 340, 340]"
2020-10-29 12:25:00+00:00,1900,0,6.0,"[460, 460, 330, 330, 160, 160]"
2020-10-29 12:30:00+00:00,780,0,2.0,"[390, 390]"
2020-10-29 12:35:00+00:00,3160,0,6.0,"[390, 390, 630, 630, 560, 560]"
2020-10-29 12:40:00+00:00,14540,0,10.0,"[60, 60, 390, 390, 60, 60, 630, 630, 6130, 6130]"
2020-10-29 12:45:00+00:00,14260,0,8.0,"[60, 60, 10, 10, 6130, 6130, 930, 930]"
2020-10-29 12:50:00+00:00,4620,0,14.0,"[240, 240, 920, 920, 410, 410, 390, 390, 60, 60, 40, 40, 250, 250]"
2020-10-29 12:55:00+00:00,1620,0,8.0,"[340, 340, 90, 90, 370, 370, 10, 10]"
2020-10-29 13:00:00+00:00,1080,0,6.0,"[120, 120, 180, 180, 240, 240]"
2020-10-29 13:05:00+00:00,220,0,2.0,"[110, 110]"
2020-10-29 13:10:00+00:00,2320,0,6.0,"[290, 290, 290, 290, 580, 580]"
2020-10-29 13:15:00+00:00,1280,0,6.0,"[320, 320, 140, 140, 180, 180]"
2020-10-29 13:20:00+00:00,23800,0,10.0,"[3990, 3990, 7190, 7190, 90, 90, 430, 430, 200, 200]"
2020-10-29 13:25:00+00:00,860,0,2.0,"[430, 430]"
2020-10-29 13:30:00+00:00,7560,0,10.0,"[110, 110, 220, 220, 430, 430, 60, 60, 2960, 2960]"
2020-10-29 13:35:00+00:00,3400,0,4.0,"[1410, 1410, 290, 290]"
2020-10-29 13:40:00+00:00,25240,0,16.0,"[1000, 1000, 830, 830, 560, 560, 1140, 1140, 3540, 3540, 1790, 1790, 320, 320, 3440, 3440]"
2020-10-29 13:45:00+00:00,2800,0,8.0,"[350, 350, 210, 210, 700, 700, 140, 140]"
2020-10-29 13:50:00+00:00,13120,0,8.0,"[2140, 2140, 3490, 3490, 360, 360, 570, 570]"
2020-10-29 13:55:00+00:00,28560,0,12.0,"[1800, 1800, 730, 730, 10140, 10140, 160, 160, 540, 540, 910, 910]"
2020-10-29 14:00:00+00:00,8640,0,14.0,"[910, 910, 450, 450, 30, 30, 1160, 1160, 300, 300, 940, 940, 530, 530]"
2020-10-29 14:05:00+00:00,3060,0,8.0,"[420, 420, 370, 370, 660, 660, 80, 80]"
2020-10-29 14:10:00+00:00,2410,0,7.0,"[210, 140, 140, 210, 210, 750, 750]"
2020-10-29 14:15:00+00:00,1670,0,5.0,"[500, 500, 90, 290, 290]"
2020-10-29 14:20:00+00:00,31180,0,14.0,"[400, 400, 400, 400, 1520, 1520, 680, 680, 480, 480, 1240, 1240, 10870, 10870]"
2020-10-29 14:25:00+00:00,7860,0,15.0,"[890, 890, 150, 150, 840, 840, 50, 50, 700, 700, 20, 1010, 1010, 280, 280]"
2020-10-29 14:30:00+00:00,4770,0,15.0,"[170, 170, 160, 160, 320, 320, 310, 1180, 1180, 80, 80, 60, 60, 260, 260]"
2020-10-29 14:35:00+00:00,4500,0,6.0,"[950, 950, 430, 430, 870, 870]"
2020-10-29 14:40:00+00:00,3020,0,10.0,"[290, 290, 280, 280, 440, 440, 250, 250, 250, 250]"
2020-10-29 14:45:00+00:00,1430,0,7.0,"[220, 220, 90, 310, 310, 140, 140]"
2020-10-29 14:50:00+00:00,4420,0,14.0,"[150, 150, 90, 20, 90, 20, 70, 70, 1620, 1620, 60, 60, 200, 200]"
2020-10-29 14:55:00+00:00,6560,0,18.0,"[80, 80, 460, 460, 80, 80, 80, 80, 360, 360, 60, 60, 520, 520, 240, 240, 1400, 1400]"
2020-10-29 15:00:00+00:00,10380,0,10.0,"[4190, 4190, 750, 750, 50, 50, 120, 120, 80, 80]"
2020-10-29 15:05:00+00:00,9580,0,10.0,"[140, 140, 2400, 2400, 1550, 290, 1550, 290, 410, 410]"
2020-10-29 15:10:00+00:00,6760,0,18.0,"[290, 290, 630, 630, 540, 370, 540, 370, 450, 450, 190, 190, 720, 720, 150, 150, 40, 40]"
2020-10-29 15:15:00+00:00,2080,0,6.0,"[460, 460, 410, 410, 170, 170]"
2020-10-29 15:20:00+00:00,3320,0,12.0,"[250, 250, 0, 0, 110, 110, 110, 110, 690, 690, 500, 500]"
2020-10-29 15:25:00+00:00,3940,0,8.0,"[600, 600, 450, 450, 140, 140, 780, 780]"
2020-10-29 15:30:00+00:00,6200,0,10.0,"[440, 440, 730, 730, 220, 220, 130, 130, 1580, 1580]"
2020-10-29 15:35:00+00:00,3780,0,12.0,"[150, 150, 190, 190, 160, 160, 460, 460, 570, 570, 360, 360]"
2020-10-29 15:40:00+00:00,8800,0,6.0,"[250, 250, 30, 30, 4120, 4120]"
2020-10-29 15:45:00+00:00,960,0,6.0,"[40, 40, 100, 100, 340, 340]"
2020-10-29 15:50:00+00:00,4880,0,8.0,"[320, 320, 290, 290, 1800, 1800, 30, 30]"
2020-10-29 15:55:00+00:00,940,0,4.0,"[190, 190, 280, 280]"
2020-10-29 16:00:00+00:00,14380,0,8.0,"[6230, 6230, 190, 190, 570, 570, 200, 200]"
2020-10-29 16:05:00+00:00,6140,0,20.0,"[40, 40, 810, 810, 350, 350, 60, 60, 70, 70, 450, 450, 540, 540, 10, 10, 310, 310, 430, 430]"
2020-10-29 16:10:00+00:00,10800,0,18.0,"[2090, 2090, 850, 850, 760, 760, 410, 410, 410, 410, 300, 300, 180, 180, 260, 260, 140, 140]"
2020-10-29 16:15:00+00:00,3440,0,4.0,"[1080, 1080, 640, 640]"
2020-10-29 16:20:00+00:00,2920,0,10.0,"[80, 80, 120, 120, 110, 110, 80, 80, 1070, 1070]"
2020-10-29 16:25:00+00:00,1760,0,10.0,"[190, 190, 80, 80, 320, 320, 250, 250, 40, 40]"
2020-10-29 16:30:00+00:00,5620,0,10.0,"[570, 570, 230, 230, 150, 150, 1580, 280, 280, 1580]"
2020-10-29 16:35:00+00:00,3280,0,8.0,"[410, 410, 170, 170, 460, 460, 600, 600]"
2020-10-29 16:40:00+00:00,3440,0,8.0,"[410, 410, 1050, 1050, 100, 100, 160, 160]"
2020-10-29 16:45:00+00:00,69840,0,13.0,"[70, 70, 31840, 31840, 1920, 1920, 210, 210, 500, 500, 190, 190, 380]"
2020-10-29 16:50:00+00:00,1720,0,7.0,"[410, 410, 20, 260, 260, 180, 180]"
2020-10-29 16:55:00+00:00,6820,0,16.0,"[660, 660, 970, 970, 0, 370, 370, 0, 500, 500, 670, 670, 50, 50, 190, 190]"
2020-10-29 17:00:00+00:00,4360,0,14.0,"[60, 60, 640, 640, 850, 850, 340, 340, 190, 190, 70, 70, 30, 30]"
2020-10-29 17:05:00+00:00,5820,0,12.0,"[920, 920, 50, 50, 350, 350, 280, 280, 790, 790, 520, 520]"
2020-10-29 17:10:00+00:00,7780,0,10.0,"[1720, 1720, 160, 160, 1150, 1150, 830, 830, 30, 30]"
2020-10-29 17:15:00+00:00,7680,0,16.0,"[320, 320, 60, 60, 750, 750, 180, 180, 780, 780, 400, 400, 830, 830, 520, 520]"
2020-10-29 17:20:00+00:00,8320,0,14.0,"[90, 90, 2170, 2170, 1180, 1180, 80, 80, 40, 40, 340, 340, 260, 260]"
2020-10-29 17:25:00+00:00,5680,0,10.0,"[370, 370, 420, 420, 1260, 1260, 140, 140, 650, 650]"
2020-10-29 17:30:00+00:00,2860,0,10.0,"[100, 100, 500, 500, 100, 100, 440, 440, 290, 290]"
2020-10-29 17:35:00+00:00,7000,0,14.0,"[500, 500, 660, 660, 700, 700, 200, 200, 320, 320, 200, 200, 920, 920]"
2020-10-29 17:40:00+00:00,1040,0,4.0,"[460, 460, 60, 60]"
2020-10-29 17:45:00+00:00,5460,0,14.0,"[280, 280, 490, 490, 480, 480, 150, 150, 500, 500, 470, 470, 360, 360]"
2020-10-29 17:50:00+00:00,6120,0,8.0,"[510, 510, 850, 850, 100, 100, 1600, 1600]"
2020-10-29 17:55:00+00:00,2300,0,5.0,"[500, 500, 560, 370, 370]"
2020-10-29 18:00:00+00:00,4760,0,10.0,"[680, 680, 570, 570, 610, 610, 280, 280, 240, 240]"
2020-10-29 18:05:00+00:00,2300,0,6.0,"[90, 90, 300, 300, 760, 760]"
2020-10-29 18:10:00+00:00,2520,0,10.0,"[350, 350, 100, 100, 50, 50, 230, 230, 530, 530]"
2020-10-29 18:15:00+00:00,2060,0,4.0,"[490, 490, 540, 540]"
2020-10-29 18:20:00+00:00,900,0,6.0,"[90, 90, 220, 220, 140, 140]"
2020-10-29 18:25:00+00:00,4020,0,14.0,"[920, 920, 150, 150, 130, 130, 30, 30, 160, 160, 480, 480, 140, 140]"
2020-10-29 18:30:00+00:00,3700,0,4.0,"[1330, 1330, 520, 520]"
2020-10-29 18:35:00+00:00,4340,0,8.0,"[770, 770, 310, 310, 550, 550, 540, 540]"
2020-10-29 18:40:00+00:00,2260,0,10.0,"[440, 440, 90, 90, 120, 120, 390, 390, 90, 90]"
2020-10-29 18:45:00+00:00,2240,0,8.0,"[180, 180, 290, 290, 350, 350, 300, 300]"
2020-10-29 18:50:00+00:00,380,0,4.0,"[100, 100, 90, 90]"
2020-10-29 18:55:00+00:00,17650,0,11.0,"[240, 240, 110, 110, 360, 360, 230, 310, 310, 7690, 7690]"
2020-10-29 19:00:00+00:00,11680,0,17.0,"[210, 210, 2820, 2820, 1080, 50, 50, 530, 530, 340, 340, 230, 230, 830, 830, 290, 290]"
2020-10-29 19:05:00+00:00,2280,0,10.0,"[540, 540, 170, 170, 70, 70, 60, 60, 300, 300]"
2020-10-29 19:10:00+00:00,3900,0,8.0,"[600, 600, 300, 300, 590, 590, 460, 460]"
2020-10-29 19:15:00+00:00,3640,0,8.0,"[870, 870, 200, 200, 460, 460, 290, 290]"
2020-10-29 19:20:00+00:00,5740,0,14.0,"[130, 130, 1810, 1810, 150, 150, 140, 140, 320, 320, 90, 90, 230, 230]"
2020-10-29 19:25:00+00:00,6470,0,9.0,"[140, 140, 70, 70, 1780, 1780, 1030, 730, 730]"
2020-10-29 19:30:00+00:00,720,0,2.0,"[360, 360]"
2020-10-29 19:35:00+00:00,720,0,4.0,"[130, 130, 230, 230]"
2020-10-29 19:40:00+00:00,4300,0,12.0,"[500, 500, 480, 480, 760, 760, 260, 260, 70, 70, 80, 80]"
2020-10-29 19:45:00+00:00,2940,0,8.0,"[170, 170, 560, 560, 530, 530, 210, 210]"
2020-10-29 19:50:00+00:00,2680,0,10.0,"[220, 220, 230, 230, 30, 30, 660, 660, 200, 200]"
2020-10-29 19:55:00+00:00,2360,0,12.0,"[140, 140, 240, 240, 110, 110, 240, 240, 30, 30, 420, 420]"
2020-10-29 20:00:00+00:00,540,0,2.0,"[270, 270]"
2020-10-29 20:05:00+00:00,2660,0,8.0,"[160, 130, 160, 130, 680, 680, 360, 360]"
2020-10-29 20:10:00+00:00,0,0,0.0,[]
2020-10-29 20:15:00+00:00,1130,0,3.0,"[180, 180, 770]"
2020-10-29 20:20:00+00:00,4700,0,10.0,"[770, 770, 90, 90, 120, 120, 530, 530, 840, 840]"
2020-10-29 20:25:00+00:00,0,0,0.0,[]
2020-10-29 20:30:00+00:00,5120,0,8.0,"[1240, 1240, 190, 190, 640, 640, 490, 490]"
2020-10-29 20:35:00+00:00,13320,0,8.0,"[300, 300, 480, 480, 5480, 5480, 400, 400]"
2020-10-29 20:40:00+00:00,4780,0,6.0,"[140, 140, 1110, 1110, 1140, 1140]"
2020-10-29 20:45:00+00:00,7320,0,12.0,"[120, 120, 220, 220, 2570, 2570, 540, 540, 60, 60, 150, 150]"
2020-10-29 20:50:00+00:00,1260,0,4.0,"[200, 200, 430, 430]"
2020-10-29 20:55:00+00:00,7220,0,6.0,"[60, 60, 1640, 1640, 1910, 1910]"
2020-10-29 21:00:00+00:00,3180,0,4.0,"[1450, 1450, 140, 140]"
2020-10-29 21:05:00+00:00,2480,0,6.0,"[510, 510, 170, 170, 560, 560]"
2020-10-29 21:10:00+00:00,2040,0,2.0,"[1020, 1020]"
2020-10-29 21:15:00+00:00,1740,0,2.0,"[870, 870]"
2020-10-29 21:20:00+00:00,11440,0,13.0,"[360, 1000, 1000, 980, 980, 1380, 1380, 1040, 1040, 280, 280, 860, 860]"
2020-10-29 21:25:00+00:00,5380,0,10.0,"[200, 200, 150, 150, 250, 250, 1310, 1310, 780, 780]"
2020-10-29 21:30:00+00:00,4400,0,4.0,"[1370, 1370, 830, 830]"
2020-10-29 21:35:00+00:00,48500,0,8.0,"[370, 370, 220, 220, 360, 360, 23300, 23300]"
2020-10-29 21:40:00+00:00,19360,0,12.0,"[350, 350, 6310, 6310, 360, 360, 1290, 1290, 1300, 1300, 70, 70]"
2020-10-29 21:45:00+00:00,1040,0,8.0,"[170, 170, 130, 130, 40, 40, 180, 180]"
2020-10-29 21:50:00+00:00,940,0,2.0,"[470, 470]"
2020-10-29 21:55:00+00:00,2610,0,9.0,"[450, 450, 190, 190, 550, 550, 30, 30, 170]"
2020-10-29 22:00:00+00:00,2120,0,2.0,"[1060, 1060]"
2020-10-29 22:05:00+00:00,1600,0,2.0,"[800, 800]"
2020-10-29 22:10:00+00:00,0,0,0.0,[]
2020-10-29 22:15:00+00:00,4260,0,2.0,"[2130, 2130]"
2020-10-29 22:20:00+00:00,60,0,1.0,[60]
2020-10-29 22:25:00+00:00,0,0,0.0,[]
2020-10-29 22:30:00+00:00,3880,0,8.0,"[240, 240, 520, 520, 520, 520, 660, 660]"
2020-10-29 22:35:00+00:00,2460,0,2.0,"[1230, 1230]"
2020-10-29 22:40:00+00:00,1160,0,4.0,"[570, 570, 10, 10]"
2020-10-29 22:45:00+00:00,1800,0,2.0,"[900, 900]"
2020-10-29 22:50:00+00:00,3120,0,10.0,"[600, 600, 290, 290, 40, 40, 520, 520, 110, 110]"
2020-10-29 22:55:00+00:00,4080,0,6.0,"[400, 400, 960, 960, 680, 680]"
2020-10-29 23:00:00+00:00,440,0,2.0,"[220, 220]"
2020-10-29 23:05:00+00:00,7880,0,12.0,"[580, 580, 560, 560, 650, 650, 90, 90, 280, 280, 1780, 1780]"
2020-10-29 23:10:00+00:00,540,0,4.0,"[10, 10, 260, 260]"
2020-10-29 23:15:00+00:00,2980,0,10.0,"[90, 90, 740, 740, 130, 130, 410, 410, 120, 120]"
2020-10-29 23:20:00+00:00,0,0,0.0,[]
2020-10-29 23:25:00+00:00,1460,0,4.0,"[330, 330, 400, 400]"
2020-10-29 23:30:00+00:00,4280,0,10.0,"[280, 280, 200, 200, 360, 360, 180, 180, 1120, 1120]"
2020-10-29 23:35:00+00:00,160,0,2.0,"[80, 80]"
2020-10-29 23:40:00+00:00,3200,0,8.0,"[330, 330, 440, 440, 620, 620, 210, 210]"
2020-10-29 23:45:00+00:00,2900,0,10.0,"[150, 150, 740, 740, 380, 380, 140, 140, 40, 40]"
2020-10-29 23:50:00+00:00,1700,0,4.0,"[280, 280, 570, 570]"
2020-10-29 23:55:00+00:00,0,0,0.0,[]
2020-10-30 00:00:00+00:00,2980,0,6.0,"[180, 180, 1050, 1050, 260, 260]"
2020-10-30 00:05:00+00:00,880,0,2.0,"[440, 440]"
2020-10-30 00:10:00+00:00,1520,0,2.0,"[760, 760]"
2020-10-30 00:15:00+00:00,2320,0,8.0,"[1000, 1000, 50, 50, 100, 100, 10, 10]"
2020-10-30 00:20:00+00:00,1400,0,4.0,"[470, 470, 230, 230]"
2020-10-30 00:25:00+00:00,3680,0,12.0,"[60, 60, 400, 400, 600, 600, 230, 230, 310, 310, 240, 240]"
2020-10-30 00:30:00+00:00,0,0,0.0,[]
2020-10-30 00:35:00+00:00,380,0,2.0,"[190, 190]"
2020-10-30 00:40:00+00:00,770,0,3.0,"[190, 290, 290]"
2020-10-30 00:45:00+00:00,320,0,2.0,"[160, 160]"
2020-10-30 00:50:00+00:00,1460,0,2.0,"[730, 730]"
2020-10-30 00:55:00+00:00,2560,0,8.0,"[270, 270, 150, 150, 570, 570, 290, 290]"
2020-10-30 01:00:00+00:00,2260,0,4.0,"[750, 750, 380, 380]"
2020-10-30 01:05:00+00:00,0,0,0.0,[]
2020-10-30 01:10:00+00:00,0,0,0.0,[]
2020-10-30 01:15:00+00:00,840,0,2.0,"[420, 420]"
2020-10-30 01:20:00+00:00,320,0,2.0,"[160, 160]"
2020-10-30 01:25:00+00:00,2780,0,4.0,"[80, 80, 1310, 1310]"
2020-10-30 01:30:00+00:00,0,0,0.0,[]
2020-10-30 01:35:00+00:00,0,0,0.0,[]
2020-10-30 01:40:00+00:00,20,0,2.0,"[10, 10]"
2020-10-30 01:45:00+00:00,770,0,3.0,"[10, 380, 380]"
2020-10-30 01:50:00+00:00,0,0,0.0,[]
2020-10-30 01:55:00+00:00,1260,0,2.0,"[630, 630]"
2020-10-30 02:00:00+00:00,160,0,2.0,"[80, 80]"
2020-10-30 02:05:00+00:00,1020,0,4.0,"[390, 390, 120, 120]"
2020-10-30 02:10:00+00:00,1420,0,4.0,"[320, 320, 390, 390]"
2020-10-30 02:15:00+00:00,360,0,4.0,"[110, 110, 70, 70]"
2020-10-30 02:20:00+00:00,420,0,2.0,"[210, 210]"
2020-10-30 02:25:00+00:00,1680,0,8.0,"[100, 100, 0, 0, 80, 80, 660, 660]"
2020-10-30 02:30:00+00:00,400,0,2.0,"[200, 200]"
2020-10-30 02:35:00+00:00,600,0,2.0,"[300, 300]"
2020-10-30 02:40:00+00:00,320,0,2.0,"[160, 160]"
2020-10-30 02:45:00+00:00,360,0,4.0,"[40, 40, 140, 140]"
2020-10-30 02:50:00+00:00,1020,0,2.0,"[510, 510]"
2020-10-30 02:55:00+00:00,520,0,2.0,"[260, 260]"
2020-10-30 03:00:00+00:00,480,0,2.0,"[240, 240]"
2020-10-30 03:05:00+00:00,760,0,2.0,"[380, 380]"
2020-10-30 03:10:00+00:00,3360,0,8.0,"[130, 130, 240, 240, 300, 300, 1010, 1010]"
2020-10-30 03:15:00+00:00,0,0,0.0,[]
2020-10-30 03:20:00+00:00,1260,0,2.0,"[630, 630]"
2020-10-30 03:25:00+00:00,0,0,0.0,[]
2020-10-30 03:30:00+00:00,460,0,4.0,"[180, 180, 50, 50]"
2020-10-30 03:35:00+00:00,0,0,0.0,[]
2020-10-30 03:40:00+00:00,200,0,2.0,"[100, 100]"
2020-10-30 03:45:00+00:00,340,0,2.0,"[170, 170]"
2020-10-30 03:50:00+00:00,20,0,4.0,"[0, 0, 10, 10]"
2020-10-30 03:55:00+00:00,1040,0,2.0,"[520, 520]"
2020-10-30 04:00:00+00:00,1100,0,6.0,"[280, 280, 30, 30, 240, 240]"
2020-10-30 04:05:00+00:00,1320,0,2.0,"[660, 660]"
2020-10-30 04:10:00+00:00,1040,0,2.0,"[520, 520]"
2020-10-30 04:15:00+00:00,700,0,2.0,"[350, 350]"
2020-10-30 04:20:00+00:00,880,0,4.0,"[350, 350, 90, 90]"
2020-10-30 04:25:00+00:00,0,0,0.0,[]
2020-10-30 04:30:00+00:00,1000,0,2.0,"[500, 500]"
2020-10-30 04:35:00+00:00,120,0,2.0,"[60, 60]"
2020-10-30 04:40:00+00:00,2660,0,10.0,"[20, 20, 220, 220, 720, 720, 110, 110, 260, 260]"
2020-10-30 04:45:00+00:00,0,0,0.0,[]
2020-10-30 04:50:00+00:00,280,0,2.0,"[140, 140]"
2020-10-30 04:55:00+00:00,780,0,2.0,"[390, 390]"
2020-10-30 05:00:00+00:00,0,0,0.0,[]
2020-10-30 05:05:00+00:00,1520,0,4.0,"[630, 630, 130, 130]"
2020-10-30 05:10:00+00:00,40,0,2.0,"[20, 20]"
2020-10-30 05:15:00+00:00,1620,0,6.0,"[350, 350, 410, 410, 50, 50]"
2020-10-30 05:20:00+00:00,1320,0,4.0,"[70, 70, 590, 590]"
2020-10-30 05:25:00+00:00,0,0,0.0,[]
2020-10-30 05:30:00+00:00,1960,0,4.0,"[520, 520, 460, 460]"
2020-10-30 05:35:00+00:00,0,0,0.0,[]
2020-10-30 05:40:00+00:00,0,0,0.0,[]
2020-10-30 05:45:00+00:00,0,0,0.0,[]
2020-10-30 05:50:00+00:00,5400,0,6.0,"[1970, 1970, 380, 380, 350, 350]"
2020-10-30 05:55:00+00:00,1620,0,6.0,"[360, 360, 360, 360, 90, 90]"
2020-10-30 06:00:00+00:00,240,0,2.0,"[120, 120]"
2020-10-30 06:05:00+00:00,560,0,4.0,"[90, 90, 190, 190]"
2020-10-30 06:10:00+00:00,0,0,0.0,[]
2020-10-30 06:15:00+00:00,0,0,0.0,[]
2020-10-30 06:20:00+00:00,860,0,2.0,"[430, 430]"
2020-10-30 06:25:00+00:00,1060,0,2.0,"[530, 530]"
2020-10-30 06:30:00+00:00,0,0,0.0,[]
2020-10-30 06:35:00+00:00,480,0,2.0,"[240, 240]"
2020-10-30 06:40:00+00:00,0,0,0.0,[]
2020-10-30 06:45:00+00:00,160,0,2.0,"[80, 80]"
2020-10-30 06:50:00+00:00,0,0,0.0,[]
2020-10-30 06:55:00+00:00,0,0,0.0,[]
2020-10-30 07:00:00+00:00,320,0,2.0,"[160, 160]"
2020-10-30 07:05:00+00:00,0,0,0.0,[]
2020-10-30 07:10:00+00:00,1320,0,2.0,"[660, 660]"
2020-10-30 07:15:00+00:00,0,0,0.0,[]
2020-10-30 07:20:00+00:00,380,0,2.0,"[190, 190]"
2020-10-30 07:25:00+00:00,0,0,0.0,[]
2020-10-30 07:30:00+00:00,480,0,2.0,"[240, 240]"
2020-10-30 07:35:00+00:00,0,0,0.0,[]
2020-10-30 07:40:00+00:00,0,0,0.0,[]
2020-10-30 07:45:00+00:00,380,0,2.0,"[190, 190]"
2020-10-30 07:50:00+00:00,0,0,0.0,[]
2020-10-30 07:55:00+00:00,260,0,2.0,"[130, 130]"
2020-10-30 08:00:00+00:00,0,0,0.0,[]
2020-10-30 08:05:00+00:00,0,0,0.0,[]
2020-10-30 08:10:00+00:00,0,0,0.0,[]
2020-10-30 08:15:00+00:00,420,0,2.0,"[210, 210]"
2020-10-30 08:20:00+00:00,0,0,0.0,[]
2020-10-30 08:25:00+00:00,0,0,0.0,[]
2020-10-30 08:30:00+00:00,0,0,0.0,[]
2020-10-30 08:35:00+00:00,0,0,0.0,[]
2020-10-30 08:40:00+00:00,340,0,2.0,"[170, 170]"
2020-10-30 08:45:00+00:00,0,0,2.0,"[0, 0]"
2020-10-30 08:50:00+00:00,420,0,2.0,"[210, 210]"
2020-10-30 08:55:00+00:00,0,0,0.0,[]
2020-10-30 09:00:00+00:00,0,0,0.0,[]
2020-10-30 09:05:00+00:00,20,0,2.0,"[10, 10]"
2020-10-30 09:10:00+00:00,0,0,0.0,[]
2020-10-30 09:15:00+00:00,0,0,0.0,[]
2020-10-30 09:20:00+00:00,0,0,0.0,[]
2020-10-30 09:25:00+00:00,540,0,2.0,"[270, 270]"
2020-10-30 09:30:00+00:00,0,0,0.0,[]
2020-10-30 09:35:00+00:00,0,0,0.0,[]
2020-10-30 09:40:00+00:00,0,0,0.0,[]
2020-10-30 09:45:00+00:00,0,0,0.0,[]
2020-10-30 09:50:00+00:00,0,0,0.0,[]
2020-10-30 09:55:00+00:00,0,0,0.0,[]
2020-10-30 10:00:00+00:00,0,0,0.0,[]
2020-10-30 10:05:00+00:00,0,0,0.0,[]
2020-10-30 10:10:00+00:00,420,0,2.0,"[210, 210]"
2020-10-30 10:15:00+00:00,2840,0,2.0,"[1420, 1420]"
2020-10-30 10:20:00+00:00,0,0,0.0,[]
2020-10-30 10:25:00+00:00,300,0,2.0,"[150, 150]"
2020-10-30 10:30:00+00:00,280,0,2.0,"[140, 140]"
2020-10-30 10:35:00+00:00,60,0,2.0,"[30, 30]"
2020-10-30 10:40:00+00:00,260,0,2.0,"[130, 130]"
2020-10-30 10:45:00+00:00,0,0,0.0,[]
2020-10-30 10:50:00+00:00,0,0,0.0,[]
2020-10-30 10:55:00+00:00,0,0,0.0,[]
2020-10-30 11:00:00+00:00,0,0,0.0,[]
2020-10-30 11:05:00+00:00,120,0,2.0,"[60, 60]"
2020-10-30 11:10:00+00:00,0,0,0.0,[]
2020-10-30 11:15:00+00:00,0,0,0.0,[]
2020-10-30 11:20:00+00:00,19060,0,1.0,[19060]
2020-10-30 11:25:00+00:00,0,0,0.0,[]
2020-10-30 11:30:00+00:00,0,0,0.0,[]
2020-10-30 11:35:00+00:00,0,0,0.0,[]
2020-10-30 11:40:00+00:00,0,0,0.0,[]
2020-10-30 11:45:00+00:00,900,0,4.0,"[300, 300, 150, 150]"
2020-10-30 11:50:00+00:00,0,0,0.0,[]
2020-10-30 11:55:00+00:00,0,0,0.0,[]
2020-10-30 12:00:00+00:00,2220,0,4.0,"[300, 300, 810, 810]"
2020-10-30 12:05:00+00:00,0,0,0.0,[]
2020-10-30 12:10:00+00:00,0,0,0.0,[]
2020-10-30 12:15:00+00:00,880,0,2.0,"[440, 440]"
2020-10-30 12:20:00+00:00,0,0,0.0,[]
2020-10-30 12:25:00+00:00,1200,0,2.0,"[600, 600]"
2020-10-30 12:30:00+00:00,140,0,2.0,"[70, 70]"
2020-10-30 12:35:00+00:00,0,0,0.0,[]
2020-10-30 12:40:00+00:00,0,0,0.0,[]
2020-10-30 12:45:00+00:00,160,0,2.0,"[80, 80]"
2020-10-30 12:50:00+00:00,1180,0,2.0,"[590, 590]"
2020-10-30 12:55:00+00:00,4800,0,4.0,"[80, 80, 2320, 2320]"
2020-10-30 13:00:00+00:00,0,0,0.0,[]
2020-10-30 13:05:00+00:00,360,0,2.0,"[180, 180]"
2020-10-30 13:10:00+00:00,6600,0,2.0,"[3300, 3300]"
2020-10-30 13:15:00+00:00,0,0,0.0,[]
2020-10-30 13:20:00+00:00,0,0,0.0,[]
2020-10-30 13:25:00+00:00,880,0,4.0,"[160, 160, 280, 280]"
2020-10-30 13:30:00+00:00,0,0,0.0,[]
2020-10-30 13:35:00+00:00,2760,0,4.0,"[1150, 1150, 230, 230]"
2020-10-30 13:40:00+00:00,0,0,0.0,[]
2020-10-30 13:45:00+00:00,640,0,2.0,"[320, 320]"
2020-10-30 13:50:00+00:00,80,0,2.0,"[40, 40]"
2020-10-30 13:55:00+00:00,420,0,4.0,"[10, 10, 200, 200]"
2020-10-30 14:00:00+00:00,860,0,2.0,"[430, 430]"
2020-10-30 14:05:00+00:00,51800,0,6.0,"[25570, 25570, 290, 290, 40, 40]"
2020-10-30 14:10:00+00:00,0,0,0.0,[]
2020-10-30 14:15:00+00:00,0,0,0.0,[]
2020-10-30 14:20:00+00:00,0,0,0.0,[]
2020-10-30 14:25:00+00:00,3120,0,2.0,"[1560, 1560]"
2020-10-30 14:30:00+00:00,1520,0,4.0,"[280, 280, 480, 480]"
2020-10-30 14:35:00+00:00,0,0,0.0,[]
2020-10-30 14:40:00+00:00,100,0,2.0,"[50, 50]"
2020-10-30 14:45:00+00:00,2080,0,4.0,"[950, 950, 90, 90]"
2020-10-30 14:50:00+00:00,189440,0,4.0,"[440, 440, 94280, 94280]"
2020-10-30 14:55:00+00:00,47380,0,22.0,"[1660, 1660, 740, 740, 1190, 1190, 2530, 2530, 12500, 12500, 1390, 1660, 1390, 1660, 1520, 1520, 210, 210, 20, 20, 20, 520]"
2020-10-30 15:00:00+00:00,17770,0,16.0,"[2780, 2780, 2540, 2540, 180, 180, 840, 840, 710, 710, 460, 550, 550, 130, 990, 990]"
2020-10-30 15:05:00+00:00,7620,0,6.0,"[840, 840, 320, 320, 2650, 2650]"
2020-10-30 15:10:00+00:00,80,0,2.0,"[40, 40]"
2020-10-30 15:15:00+00:00,6860,0,6.0,"[320, 320, 60, 60, 3050, 3050]"
2020-10-30 15:20:00+00:00,400,0,6.0,"[110, 110, 70, 70, 20, 20]"
2020-10-30 15:25:00+00:00,500,0,2.0,"[250, 250]"
2020-10-30 15:30:00+00:00,880,0,4.0,"[130, 130, 310, 310]"
2020-10-30 15:35:00+00:00,100,0,2.0,"[50, 50]"
2020-10-30 15:40:00+00:00,2780,0,4.0,"[200, 200, 1190, 1190]"
2020-10-30 15:45:00+00:00,520,0,2.0,"[260, 260]"
2020-10-30 15:50:00+00:00,2420,0,4.0,"[940, 940, 270, 270]"
2020-10-30 15:55:00+00:00,800,0,2.0,"[400, 400]"
2020-10-30 16:00:00+00:00,8240,0,4.0,"[3830, 3830, 290, 290]"
2020-10-30 16:05:00+00:00,40,0,2.0,"[20, 20]"
2020-10-30 16:10:00+00:00,6220,0,4.0,"[2810, 2810, 300, 300]"
2020-10-30 16:15:00+00:00,5280,0,4.0,"[740, 740, 1900, 1900]"
2020-10-30 16:20:00+00:00,200,0,2.0,"[100, 100]"
2020-10-30 16:25:00+00:00,0,0,0.0,[]
2020-10-30 16:30:00+00:00,200,0,2.0,"[100, 100]"
2020-10-30 16:35:00+00:00,340,0,4.0,"[120, 120, 50, 50]"
2020-10-30 16:40:00+00:00,2400,0,8.0,"[780, 780, 20, 20, 220, 220, 180, 180]"
2020-10-30 16:45:00+00:00,1840,0,4.0,"[800, 800, 120, 120]"
2020-10-30 16:50:00+00:00,160,0,2.0,"[80, 80]"
2020-10-30 16:55:00+00:00,0,0,0.0,[]
2020-10-30 17:00:00+00:00,2380,0,4.0,"[520, 520, 670, 670]"
2020-10-30 17:05:00+00:00,1500,0,2.0,"[750, 750]"
2020-10-30 17:10:00+00:00,0,0,0.0,[]
2020-10-30 17:15:00+00:00,540,0,1.0,[540]
2020-10-30 17:20:00+00:00,1020,0,2.0,"[510, 510]"
2020-10-30 17:25:00+00:00,3990,0,5.0,"[190, 1350, 1350, 550, 550]"
2020-10-30 17:30:00+00:00,1000,0,2.0,"[500, 500]"
2020-10-30 17:35:00+00:00,0,0,0.0,[]
2020-10-30 17:40:00+00:00,8840,0,6.0,"[3500, 3500, 250, 250, 670, 670]"
2020-10-30 17:45:00+00:00,0,0,0.0,[]
2020-10-30 17:50:00+00:00,200,0,2.0,"[100, 100]"
2020-10-30 17:55:00+00:00,25670,1,1.0,[25670]
2020-10-30 18:00:00+00:00,900,0,2.0,"[450, 450]"
2020-10-30 18:05:00+00:00,0,0,0.0,[]
2020-10-30 18:10:00+00:00,4660,0,6.0,"[1440, 1440, 470, 470, 420, 420]"
2020-10-30 18:15:00+00:00,1140,0,4.0,"[410, 410, 160, 160]"
2020-10-30 18:20:00+00:00,0,0,0.0,[]
2020-10-30 18:25:00+00:00,640,0,2.0,"[320, 320]"
2020-10-30 18:30:00+00:00,360,0,2.0,"[180, 180]"
2020-10-30 18:35:00+00:00,1120,0,2.0,"[560, 560]"
2020-10-30 18:40:00+00:00,240,0,2.0,"[120, 120]"
2020-10-30 18:45:00+00:00,5360,0,8.0,"[1810, 1810, 30, 30, 620, 620, 220, 220]"
2020-10-30 18:50:00+00:00,1620,0,4.0,"[710, 710, 100, 100]"
2020-10-30 18:55:00+00:00,0,0,0.0,[]
2020-10-30 19:00:00+00:00,180,0,4.0,"[20, 20, 70, 70]"
2020-10-30 19:05:00+00:00,660,0,3.0,"[280, 280, 100]"
2020-10-30 19:10:00+00:00,0,0,0.0,[]
2020-10-30 19:15:00+00:00,0,0,0.0,[]
2020-10-30 19:20:00+00:00,2800,0,2.0,"[1400, 1400]"
2020-10-30 19:25:00+00:00,0,0,0.0,[]
2020-10-30 19:30:00+00:00,2500,0,6.0,"[610, 610, 340, 340, 300, 300]"
2020-10-30 19:35:00+00:00,2750,0,5.0,"[810, 810, 300, 300, 530]"
2020-10-30 19:40:00+00:00,520,0,2.0,"[260, 260]"
2020-10-30 19:45:00+00:00,3780,0,8.0,"[480, 480, 610, 610, 800, 800, 0, 0]"
2020-10-30 19:50:00+00:00,0,0,0.0,[]
2020-10-30 19:55:00+00:00,640,0,2.0,"[320, 320]"
2020-10-30 20:00:00+00:00,780,0,4.0,"[130, 130, 260, 260]"
2020-10-30 20:05:00+00:00,5680,0,6.0,"[1090, 1090, 1090, 1090, 660, 660]"
2020-10-30 20:10:00+00:00,1940,0,4.0,"[680, 680, 290, 290]"
2020-10-30 20:15:00+00:00,220,0,1.0,[220]
2020-10-30 20:20:00+00:00,3280,0,4.0,"[1190, 1190, 450, 450]"
2020-10-30 20:25:00+00:00,120,0,2.0,"[60, 60]"
2020-10-30 20:30:00+00:00,280,0,2.0,"[140, 140]"
2020-10-30 20:35:00+00:00,0,0,0.0,[]
2020-10-30 20:40:00+00:00,1800,0,2.0,"[900, 900]"
2020-10-30 20:45:00+00:00,660,0,4.0,"[220, 220, 110, 110]"
2020-10-30 20:50:00+00:00,1020,0,2.0,"[510, 510]"
2020-10-30 20:55:00+00:00,1240,0,2.0,"[620, 620]"
2020-10-30 21:00:00+00:00,640,0,2.0,"[320, 320]"
2020-10-30 21:05:00+00:00,5880,0,4.0,"[280, 280, 2660, 2660]"
2020-10-30 21:10:00+00:00,2400,0,2.0,"[1200, 1200]"
2020-10-30 21:15:00+00:00,140,0,2.0,"[70, 70]"
2020-10-30 21:20:00+00:00,1540,0,4.0,"[70, 70, 700, 700]"
2020-10-30 21:25:00+00:00,0,0,0.0,[]
2020-10-30 21:30:00+00:00,0,0,0.0,[]
2020-10-30 21:35:00+00:00,5800,0,6.0,"[80, 80, 1870, 1870, 950, 950]"
2020-10-30 21:40:00+00:00,2940,0,8.0,"[210, 210, 310, 310, 800, 800, 150, 150]"
2020-10-30 21:45:00+00:00,0,0,0.0,[]
2020-10-30 21:50:00+00:00,1340,0,4.0,"[270, 270, 400, 400]"
2020-10-30 21:55:00+00:00,440,0,2.0,"[220, 220]"
2020-10-30 22:00:00+00:00,700,0,2.0,"[350, 350]"
2020-10-30 22:05:00+00:00,620,0,2.0,"[310, 310]"
2020-10-30 22:10:00+00:00,0,0,0.0,[]
2020-10-30 22:15:00+00:00,0,0,0.0,[]
2020-10-30 22:20:00+00:00,1620,0,2.0,"[810, 810]"
2020-10-30 22:25:00+00:00,0,0,0.0,[]
2020-10-30 22:30:00+00:00,0,0,0.0,[]
2020-10-30 22:35:00+00:00,0,0,0.0,[]
2020-10-30 22:40:00+00:00,840,0,2.0,"[420, 420]"
2020-10-30 22:45:00+00:00,2700,0,8.0,"[400, 400, 30, 30, 80, 80, 840, 840]"
2020-10-30 22:50:00+00:00,1460,0,2.0,"[730, 730]"
2020-10-30 22:55:00+00:00,0,0,0.0,[]
2020-10-30 23:00:00+00:00,1080,0,4.0,"[500, 500, 40, 40]"
2020-10-30 23:05:00+00:00,0,0,0.0,[]
2020-10-30 23:10:00+00:00,0,0,0.0,[]
2020-10-30 23:15:00+00:00,0,0,0.0,[]
2020-10-30 23:20:00+00:00,160,0,2.0,"[80, 80]"
2020-10-30 23:25:00+00:00,0,0,0.0,[]
2020-10-30 23:30:00+00:00,0,0,0.0,[]
2020-10-30 23:35:00+00:00,120,0,2.0,"[60, 60]"
2020-10-30 23:40:00+00:00,720,0,4.0,"[240, 240, 120, 120]"
2020-10-30 23:45:00+00:00,0,0,0.0,[]
2020-10-30 23:50:00+00:00,0,0,0.0,[]
2020-10-30 23:55:00+00:00,0,0,0.0,[]
2020-10-31 00:00:00+00:00,0,0,0.0,[]
2020-10-31 00:05:00+00:00,480,0,2.0,"[240, 240]"
2020-10-31 00:10:00+00:00,0,0,0.0,[]
2020-10-31 00:15:00+00:00,0,0,0.0,[]
2020-10-31 00:20:00+00:00,3600,0,2.0,"[1800, 1800]"
2020-10-31 00:25:00+00:00,640,0,2.0,"[320, 320]"
2020-10-31 00:30:00+00:00,440,0,2.0,"[220, 220]"
2020-10-31 00:35:00+00:00,120,0,2.0,"[60, 60]"
2020-10-31 00:40:00+00:00,300,0,2.0,"[150, 150]"
2020-10-31 00:45:00+00:00,2120,0,4.0,"[280, 280, 780, 780]"
2020-10-31 00:50:00+00:00,0,0,0.0,[]
2020-10-31 00:55:00+00:00,0,0,0.0,[]
2020-10-31 01:00:00+00:00,0,0,0.0,[]
2020-10-31 01:05:00+00:00,480,0,2.0,"[240, 240]"
2020-10-31 01:10:00+00:00,100,0,2.0,"[50, 50]"
2020-10-31 01:15:00+00:00,0,0,0.0,[]
2020-10-31 01:20:00+00:00,0,0,0.0,[]
2020-10-31 01:25:00+00:00,400,0,4.0,"[60, 60, 140, 140]"
2020-10-31 01:30:00+00:00,1580,0,4.0,"[770, 770, 20, 20]"
2020-10-31 01:35:00+00:00,0,0,0.0,[]
2020-10-31 01:40:00+00:00,680,0,2.0,"[340, 340]"
2020-10-31 01:45:00+00:00,680,0,2.0,"[340, 340]"
2020-10-31 01:50:00+00:00,760,0,2.0,"[380, 380]"
2020-10-31 01:55:00+00:00,0,0,0.0,[]
2020-10-31 02:00:00+00:00,80,0,2.0,"[40, 40]"
2020-10-31 02:05:00+00:00,0,0,0.0,[]
2020-10-31 02:10:00+00:00,5220,0,2.0,"[2610, 2610]"
2020-10-31 02:15:00+00:00,0,0,0.0,[]
2020-10-31 02:20:00+00:00,0,0,0.0,[]
2020-10-31 02:25:00+00:00,0,0,0.0,[]
2020-10-31 02:30:00+00:00,0,0,0.0,[]
2020-10-31 02:35:00+00:00,0,0,0.0,[]
2020-10-31 02:40:00+00:00,2430,0,5.0,"[460, 460, 490, 490, 530]"
2020-10-31 02:45:00+00:00,2700,0,2.0,"[1350, 1350]"
2020-10-31 02:50:00+00:00,0,0,0.0,[]
2020-10-31 02:55:00+00:00,440,0,2.0,"[220, 220]"
2020-10-31 03:00:00+00:00,0,0,0.0,[]
2020-10-31 03:05:00+00:00,0,0,0.0,[]
2020-10-31 03:10:00+00:00,0,0,0.0,[]
2020-10-31 03:15:00+00:00,980,0,2.0,"[490, 490]"
2020-10-31 03:20:00+00:00,0,0,0.0,[]
2020-10-31 03:25:00+00:00,0,0,0.0,[]
2020-10-31 03:30:00+00:00,0,0,0.0,[]
2020-10-31 03:35:00+00:00,0,0,0.0,[]
2020-10-31 03:40:00+00:00,44880,0,4.0,"[22080, 22080, 360, 360]"
2020-10-31 03:45:00+00:00,1240,0,4.0,"[310, 310, 310, 310]"
2020-10-31 03:50:00+00:00,0,0,0.0,[]
2020-10-31 03:55:00+00:00,1020,0,2.0,"[510, 510]"
2020-10-31 04:00:00+00:00,220,0,2.0,"[110, 110]"
2020-10-31 04:05:00+00:00,0,0,0.0,[]
2020-10-31 04:10:00+00:00,260,0,2.0,"[130, 130]"
2020-10-31 04:15:00+00:00,0,0,0.0,[]
2020-10-31 04:20:00+00:00,0,0,0.0,[]
2020-10-31 04:25:00+00:00,0,0,0.0,[]
2020-10-31 04:30:00+00:00,600,0,2.0,"[300, 300]"
2020-10-31 04:35:00+00:00,0,0,0.0,[]
2020-10-31 04:40:00+00:00,0,0,0.0,[]
2020-10-31 04:45:00+00:00,40,0,2.0,"[20, 20]"
2020-10-31 04:50:00+00:00,0,0,0.0,[]
2020-10-31 04:55:00+00:00,0,0,0.0,[]
2020-10-31 05:00:00+00:00,0,0,0.0,[]
2020-10-31 05:05:00+00:00,0,0,0.0,[]
2020-10-31 05:10:00+00:00,0,0,0.0,[]
2020-10-31 05:15:00+00:00,0,0,0.0,[]
2020-10-31 05:20:00+00:00,1340,0,4.0,"[290, 290, 380, 380]"
2020-10-31 05:25:00+00:00,0,0,0.0,[]
2020-10-31 05:30:00+00:00,0,0,0.0,[]
2020-10-31 05:35:00+00:00,0,0,0.0,[]
2020-10-31 05:40:00+00:00,0,0,0.0,[]
2020-10-31 05:45:00+00:00,0,0,0.0,[]
2020-10-31 05:50:00+00:00,0,0,0.0,[]
2020-10-31 05:55:00+00:00,0,0,0.0,[]
2020-10-31 06:00:00+00:00,0,0,0.0,[]
2020-10-31 06:05:00+00:00,0,0,0.0,[]
2020-10-31 06:10:00+00:00,0,0,0.0,[]
2020-10-31 06:15:00+00:00,2060,0,2.0,"[1030, 1030]"
2020-10-31 06:20:00+00:00,0,0,0.0,[]
2020-10-31 06:25:00+00:00,0,0,0.0,[]
2020-10-31 06:30:00+00:00,0,0,0.0,[]
2020-10-31 06:35:00+00:00,680,0,2.0,"[340, 340]"
2020-10-31 06:40:00+00:00,0,0,0.0,[]
2020-10-31 06:45:00+00:00,0,0,0.0,[]
2020-10-31 06:50:00+00:00,0,0,0.0,[]
2020-10-31 06:55:00+00:00,0,0,0.0,[]
2020-10-31 07:00:00+00:00,0,0,0.0,[]
2020-10-31 07:05:00+00:00,0,0,0.0,[]
2020-10-31 07:10:00+00:00,0,0,0.0,[]
2020-10-31 07:15:00+00:00,0,0,0.0,[]
2020-10-31 07:20:00+00:00,0,0,0.0,[]
2020-10-31 07:25:00+00:00,0,0,0.0,[]
2020-10-31 07:30:00+00:00,0,0,0.0,[]
2020-10-31 07:35:00+00:00,0,0,0.0,[]
2020-10-31 07:40:00+00:00,0,0,0.0,[]
2020-10-31 07:45:00+00:00,0,0,0.0,[]
2020-10-31 07:50:00+00:00,0,0,0.0,[]
2020-10-31 07:55:00+00:00,0,0,0.0,[]
2020-10-31 08:00:00+00:00,0,0,0.0,[]
2020-10-31 08:05:00+00:00,0,0,0.0,[]
2020-10-31 08:10:00+00:00,40,0,2.0,"[20, 20]"
2020-10-31 08:15:00+00:00,0,0,0.0,[]
2020-10-31 08:20:00+00:00,0,0,0.0,[]
2020-10-31 08:25:00+00:00,0,0,0.0,[]
2020-10-31 08:30:00+00:00,0,0,0.0,[]
2020-10-31 08:35:00+00:00,0,0,0.0,[]
2020-10-31 08:40:00+00:00,0,0,0.0,[]
2020-10-31 08:45:00+00:00,0,0,0.0,[]
2020-10-31 08:50:00+00:00,0,0,0.0,[]
2020-10-31 08:55:00+00:00,0,0,0.0,[]
2020-10-31 09:00:00+00:00,1600,0,2.0,"[800, 800]"
2020-10-31 09:05:00+00:00,0,0,0.0,[]
2020-10-31 09:10:00+00:00,20,0,2.0,"[10, 10]"
2020-10-31 09:15:00+00:00,0,0,0.0,[]
2020-10-31 09:20:00+00:00,0,0,0.0,[]
2020-10-31 09:25:00+00:00,0,0,0.0,[]
2020-10-31 09:30:00+00:00,0,0,0.0,[]
2020-10-31 09:35:00+00:00,0,0,0.0,[]
2020-10-31 09:40:00+00:00,0,0,0.0,[]
2020-10-31 09:45:00+00:00,0,0,0.0,[]
2020-10-31 09:50:00+00:00,0,0,0.0,[]
2020-10-31 09:55:00+00:00,0,0,0.0,[]
2020-10-31 10:00:00+00:00,340,0,2.0,"[170, 170]"
2020-10-31 10:05:00+00:00,0,0,0.0,[]
2020-10-31 10:10:00+00:00,0,0,0.0,[]
2020-10-31 10:15:00+00:00,0,0,0.0,[]
2020-10-31 10:20:00+00:00,0,0,0.0,[]
2020-10-31 10:25:00+00:00,0,0,0.0,[]
2020-10-31 10:30:00+00:00,0,0,0.0,[]
2020-10-31 10:35:00+00:00,520,0,2.0,"[260, 260]"
2020-10-31 10:40:00+00:00,1760,0,2.0,"[880, 880]"
2020-10-31 10:45:00+00:00,0,0,0.0,[]
2020-10-31 10:50:00+00:00,0,0,0.0,[]
2020-10-31 10:55:00+00:00,0,0,0.0,[]
2020-10-31 11:00:00+00:00,0,0,0.0,[]
2020-10-31 11:05:00+00:00,190,0,1.0,[190]
2020-10-31 11:10:00+00:00,760,0,2.0,"[380, 380]"
2020-10-31 11:15:00+00:00,0,0,0.0,[]
2020-10-31 11:20:00+00:00,0,0,0.0,[]
2020-10-31 11:25:00+00:00,0,0,0.0,[]
2020-10-31 11:30:00+00:00,0,0,0.0,[]
2020-10-31 11:35:00+00:00,0,0,0.0,[]
2020-10-31 11:40:00+00:00,0,0,0.0,[]
2020-10-31 11:45:00+00:00,0,0,0.0,[]
2020-10-31 11:50:00+00:00,0,0,0.0,[]
2020-10-31 11:55:00+00:00,0,0,0.0,[]
2020-10-31 12:00:00+00:00,0,0,0.0,[]
2020-10-31 12:05:00+00:00,0,0,0.0,[]
2020-10-31 12:10:00+00:00,940,0,2.0,"[470, 470]"
2020-10-31 12:15:00+00:00,0,0,0.0,[]
2020-10-31 12:20:00+00:00,0,0,0.0,[]
2020-10-31 12:25:00+00:00,40,0,2.0,"[20, 20]"
2020-10-31 12:30:00+00:00,1440,0,2.0,"[720, 720]"
2020-10-31 12:35:00+00:00,0,0,0.0,[]
2020-10-31 12:40:00+00:00,740,0,2.0,"[370, 370]"
2020-10-31 12:45:00+00:00,0,0,0.0,[]
2020-10-31 12:50:00+00:00,1480,0,2.0,"[740, 740]"
2020-10-31 12:55:00+00:00,220,0,2.0,"[110, 110]"
2020-10-31 13:00:00+00:00,0,0,0.0,[]
2020-10-31 13:05:00+00:00,3040,0,2.0,"[1520, 1520]"
2020-10-31 13:10:00+00:00,0,0,0.0,[]
2020-10-31 13:15:00+00:00,2040,0,2.0,"[1020, 1020]"
2020-10-31 13:20:00+00:00,0,0,0.0,[]
2020-10-31 13:25:00+00:00,1150,0,1.0,[1150]
2020-10-31 13:30:00+00:00,0,0,0.0,[]
2020-10-31 13:35:00+00:00,0,0,0.0,[]
2020-10-31 13:40:00+00:00,120,0,2.0,"[60, 60]"
2020-10-31 13:45:00+00:00,0,0,0.0,[]
2020-10-31 13:50:00+00:00,0,0,0.0,[]
2020-10-31 13:55:00+00:00,40,0,2.0,"[20, 20]"
2020-10-31 14:00:00+00:00,0,0,0.0,[]
2020-10-31 14:05:00+00:00,0,0,0.0,[]
2020-10-31 14:10:00+00:00,0,0,0.0,[]
2020-10-31 14:15:00+00:00,0,0,0.0,[]
2020-10-31 14:20:00+00:00,0,0,0.0,[]
2020-10-31 14:25:00+00:00,0,0,0.0,[]
2020-10-31 14:30:00+00:00,9420,0,2.0,"[4710, 4710]"
2020-10-31 14:35:00+00:00,120,0,2.0,"[60, 60]"
2020-10-31 14:40:00+00:00,0,0,0.0,[]
2020-10-31 14:45:00+00:00,0,0,0.0,[]
2020-10-31 14:50:00+00:00,0,0,0.0,[]
2020-10-31 14:55:00+00:00,0,0,0.0,[]
2020-10-31 15:00:00+00:00,0,0,0.0,[]
2020-10-31 15:05:00+00:00,0,0,0.0,[]
2020-10-31 15:10:00+00:00,0,0,0.0,[]
2020-10-31 15:15:00+00:00,10,0,1.0,[10]
2020-10-31 15:20:00+00:00,560,0,2.0,"[280, 280]"
2020-10-31 15:25:00+00:00,0,0,0.0,[]
2020-10-31 15:30:00+00:00,0,0,0.0,[]
2020-10-31 15:35:00+00:00,0,0,0.0,[]
2020-10-31 15:40:00+00:00,440,0,2.0,"[220, 220]"
2020-10-31 15:45:00+00:00,0,0,0.0,[]
2020-10-31 15:50:00+00:00,0,0,0.0,[]
2020-10-31 15:55:00+00:00,0,0,0.0,[]
2020-10-31 16:00:00+00:00,0,0,0.0,[]
2020-10-31 16:05:00+00:00,0,0,0.0,[]
2020-10-31 16:10:00+00:00,700,0,2.0,"[350, 350]"
2020-10-31 16:15:00+00:00,0,0,0.0,[]
2020-10-31 16:20:00+00:00,0,0,0.0,[]
2020-10-31 16:25:00+00:00,480,0,2.0,"[240, 240]"
2020-10-31 16:30:00+00:00,0,0,0.0,[]
2020-10-31 16:35:00+00:00,0,0,0.0,[]
2020-10-31 16:40:00+00:00,0,0,0.0,[]
2020-10-31 16:45:00+00:00,1100,0,2.0,"[550, 550]"
2020-10-31 16:50:00+00:00,520,0,2.0,"[260, 260]"
2020-10-31 16:55:00+00:00,59130,0,1.0,[59130]
2020-10-31 17:00:00+00:00,0,0,0.0,[]
2020-10-31 17:05:00+00:00,0,0,0.0,[]
2020-10-31 17:10:00+00:00,1880,0,4.0,"[330, 330, 610, 610]"
2020-10-31 17:15:00+00:00,0,0,0.0,[]
2020-10-31 17:20:00+00:00,0,0,0.0,[]
2020-10-31 17:25:00+00:00,360,0,2.0,"[180, 180]"
2020-10-31 17:30:00+00:00,0,0,0.0,[]
2020-10-31 17:35:00+00:00,980,0,2.0,"[490, 490]"
2020-10-31 17:40:00+00:00,0,0,0.0,[]
2020-10-31 17:45:00+00:00,0,0,0.0,[]
2020-10-31 17:50:00+00:00,700,0,4.0,"[230, 230, 120, 120]"
2020-10-31 17:55:00+00:00,0,0,0.0,[]
2020-10-31 18:00:00+00:00,180,0,2.0,"[90, 90]"
2020-10-31 18:05:00+00:00,20,0,2.0,"[10, 10]"
2020-10-31 18:10:00+00:00,0,0,0.0,[]
2020-10-31 18:15:00+00:00,1720,0,2.0,"[860, 860]"
2020-10-31 18:20:00+00:00,0,0,0.0,[]
2020-10-31 18:25:00+00:00,0,0,0.0,[]
2020-10-31 18:30:00+00:00,360,0,2.0,"[180, 180]"
2020-10-31 18:35:00+00:00,560,0,2.0,"[280, 280]"
2020-10-31 18:40:00+00:00,0,0,0.0,[]
2020-10-31 18:45:00+00:00,0,0,0.0,[]
2020-10-31 18:50:00+00:00,60,0,2.0,"[30, 30]"
2020-10-31 18:55:00+00:00,880,0,6.0,"[270, 270, 110, 110, 60, 60]"
2020-10-31 19:00:00+00:00,0,0,0.0,[]
2020-10-31 19:05:00+00:00,0,0,0.0,[]
2020-10-31 19:10:00+00:00,340,0,4.0,"[100, 100, 70, 70]"
2020-10-31 19:15:00+00:00,80,0,2.0,"[40, 40]"
2020-10-31 19:20:00+00:00,0,0,0.0,[]
2020-10-31 19:25:00+00:00,0,0,0.0,[]
2020-10-31 19:30:00+00:00,0,0,0.0,[]
2020-10-31 19:35:00+00:00,0,0,0.0,[]
2020-10-31 19:40:00+00:00,0,0,0.0,[]
2020-10-31 19:45:00+00:00,0,0,0.0,[]
2020-10-31 19:50:00+00:00,1500,0,2.0,"[750, 750]"
2020-10-31 19:55:00+00:00,0,0,0.0,[]
2020-10-31 20:00:00+00:00,0,0,0.0,[]
2020-10-31 20:05:00+00:00,0,0,0.0,[]
2020-10-31 20:10:00+00:00,540,0,2.0,"[270, 270]"
2020-10-31 20:15:00+00:00,4320,0,2.0,"[2160, 2160]"
2020-10-31 20:20:00+00:00,740,0,2.0,"[370, 370]"
2020-10-31 20:25:00+00:00,0,0,0.0,[]
2020-10-31 20:30:00+00:00,0,0,0.0,[]
2020-10-31 20:35:00+00:00,0,0,0.0,[]
2020-10-31 20:40:00+00:00,0,0,0.0,[]
2020-10-31 20:45:00+00:00,0,0,0.0,[]
2020-10-31 20:50:00+00:00,0,0,0.0,[]
2020-10-31 20:55:00+00:00,0,0,0.0,[]
2020-10-31 21:00:00+00:00,0,0,0.0,[]
2020-10-31 21:05:00+00:00,0,0,0.0,[]
2020-10-31 21:10:00+00:00,0,0,0.0,[]
2020-10-31 21:15:00+00:00,840,0,2.0,"[420, 420]"
2020-10-31 21:20:00+00:00,740,0,2.0,"[370, 370]"
2020-10-31 21:25:00+00:00,0,0,0.0,[]
2020-10-31 21:30:00+00:00,0,0,0.0,[]
2020-10-31 21:35:00+00:00,36160,0,4.0,"[190, 190, 17890, 17890]"
2020-10-31 21:40:00+00:00,0,0,0.0,[]
2020-10-31 21:45:00+00:00,180,0,2.0,"[90, 90]"
2020-10-31 21:50:00+00:00,110,0,1.0,[110]
2020-10-31 21:55:00+00:00,0,0,0.0,[]
2020-10-31 22:00:00+00:00,280,0,2.0,"[140, 140]"
2020-10-31 22:05:00+00:00,60,0,2.0,"[30, 30]"
2020-10-31 22:10:00+00:00,0,0,0.0,[]
2020-10-31 22:15:00+00:00,0,0,0.0,[]
2020-10-31 22:20:00+00:00,0,0,0.0,[]
2020-10-31 22:25:00+00:00,0,0,0.0,[]
2020-10-31 22:30:00+00:00,720,0,2.0,"[360, 360]"
2020-10-31 22:35:00+00:00,0,0,0.0,[]
2020-10-31 22:40:00+00:00,0,0,0.0,[]
2020-10-31 22:45:00+00:00,0,0,0.0,[]
2020-10-31 22:50:00+00:00,0,0,0.0,[]
2020-10-31 22:55:00+00:00,0,0,0.0,[]
2020-10-31 23:00:00+00:00,0,0,0.0,[]
2020-10-31 23:05:00+00:00,40,0,2.0,"[20, 20]"
2020-10-31 23:10:00+00:00,0,0,0.0,[]
2020-10-31 23:15:00+00:00,0,0,0.0,[]
2020-10-31 23:20:00+00:00,0,0,0.0,[]
2020-10-31 23:25:00+00:00,0,0,0.0,[]
2020-10-31 23:30:00+00:00,0,0,0.0,[]
2020-10-31 23:35:00+00:00,0,0,0.0,[]
2020-10-31 23:40:00+00:00,0,0,0.0,[]
2020-10-31 23:45:00+00:00,0,0,0.0,[]
2020-10-31 23:50:00+00:00,0,0,0.0,[]
2020-10-31 23:55:00+00:00,0,0,0.0,[]
2020-11-01 00:00:00+00:00,0,0,0.0,[]
2020-11-01 00:05:00+00:00,0,0,0.0,[]
2020-11-01 00:10:00+00:00,0,0,0.0,[]
2020-11-01 00:15:00+00:00,0,0,0.0,[]
2020-11-01 00:20:00+00:00,0,0,0.0,[]
2020-11-01 00:25:00+00:00,0,0,0.0,[]
2020-11-01 00:30:00+00:00,0,0,0.0,[]
2020-11-01 00:35:00+00:00,0,0,0.0,[]
2020-11-01 00:40:00+00:00,0,0,0.0,[]
2020-11-01 00:45:00+00:00,0,0,0.0,[]
2020-11-01 00:50:00+00:00,20,0,2.0,"[10, 10]"
2020-11-01 00:55:00+00:00,0,0,0.0,[]
2020-11-01 01:00:00+00:00,0,0,0.0,[]
2020-11-01 01:05:00+00:00,0,0,0.0,[]
2020-11-01 01:10:00+00:00,0,0,0.0,[]
2020-11-01 01:15:00+00:00,0,0,0.0,[]
2020-11-01 01:20:00+00:00,0,0,0.0,[]
2020-11-01 01:25:00+00:00,0,0,0.0,[]
2020-11-01 01:30:00+00:00,720,0,2.0,"[360, 360]"
2020-11-01 01:35:00+00:00,0,0,0.0,[]
2020-11-01 01:40:00+00:00,0,0,0.0,[]
2020-11-01 01:45:00+00:00,0,0,0.0,[]
2020-11-01 01:50:00+00:00,0,0,0.0,[]
2020-11-01 01:55:00+00:00,0,0,0.0,[]
2020-11-01 02:00:00+00:00,0,0,0.0,[]
2020-11-01 02:05:00+00:00,0,0,0.0,[]
2020-11-01 02:10:00+00:00,0,0,0.0,[]
2020-11-01 02:15:00+00:00,0,0,0.0,[]
2020-11-01 02:20:00+00:00,0,0,0.0,[]
2020-11-01 02:25:00+00:00,0,0,0.0,[]
2020-11-01 02:30:00+00:00,0,0,0.0,[]
2020-11-01 02:35:00+00:00,680,0,2.0,"[340, 340]"
2020-11-01 02:40:00+00:00,0,0,0.0,[]
2020-11-01 02:45:00+00:00,0,0,0.0,[]
2020-11-01 02:50:00+00:00,0,0,0.0,[]
2020-11-01 02:55:00+00:00,0,0,0.0,[]
2020-11-01 03:00:00+00:00,0,0,0.0,[]
2020-11-01 03:05:00+00:00,0,0,0.0,[]
2020-11-01 03:10:00+00:00,0,0,0.0,[]
2020-11-01 03:15:00+00:00,0,0,0.0,[]
2020-11-01 03:20:00+00:00,0,0,0.0,[]
2020-11-01 03:25:00+00:00,0,0,0.0,[]
2020-11-01 03:30:00+00:00,0,0,0.0,[]
2020-11-01 03:35:00+00:00,0,0,0.0,[]
2020-11-01 03:40:00+00:00,0,0,0.0,[]
2020-11-01 03:45:00+00:00,0,0,0.0,[]
2020-11-01 03:50:00+00:00,0,0,0.0,[]
2020-11-01 03:55:00+00:00,0,0,0.0,[]
2020-11-01 04:00:00+00:00,0,0,0.0,[]
2020-11-01 04:05:00+00:00,0,0,0.0,[]
2020-11-01 04:10:00+00:00,0,0,0.0,[]
2020-11-01 04:15:00+00:00,0,0,0.0,[]
2020-11-01 04:20:00+00:00,0,0,0.0,[]
2020-11-01 04:25:00+00:00,0,0,0.0,[]
2020-11-01 04:30:00+00:00,0,0,0.0,[]
2020-11-01 04:35:00+00:00,780,0,2.0,"[390, 390]"
2020-11-01 04:40:00+00:00,0,0,0.0,[]
2020-11-01 04:45:00+00:00,0,0,0.0,[]
2020-11-01 04:50:00+00:00,0,0,0.0,[]
2020-11-01 04:55:00+00:00,0,0,0.0,[]
2020-11-01 05:00:00+00:00,0,0,0.0,[]
2020-11-01 05:05:00+00:00,0,0,0.0,[]
2020-11-01 05:10:00+00:00,0,0,0.0,[]
2020-11-01 05:15:00+00:00,0,0,0.0,[]
2020-11-01 05:20:00+00:00,0,0,0.0,[]
2020-11-01 05:25:00+00:00,160,0,2.0,"[80, 80]"
2020-11-01 05:30:00+00:00,0,0,0.0,[]
2020-11-01 05:35:00+00:00,0,0,0.0,[]
2020-11-01 05:40:00+00:00,0,0,0.0,[]
2020-11-01 05:45:00+00:00,0,0,0.0,[]
2020-11-01 05:50:00+00:00,0,0,0.0,[]
2020-11-01 05:55:00+00:00,0,0,0.0,[]
2020-11-01 06:00:00+00:00,0,0,0.0,[]
2020-11-01 06:05:00+00:00,0,0,0.0,[]
2020-11-01 06:10:00+00:00,2100,0,2.0,"[1050, 1050]"
2020-11-01 06:15:00+00:00,0,0,0.0,[]
2020-11-01 06:20:00+00:00,0,0,0.0,[]
2020-11-01 06:25:00+00:00,0,0,0.0,[]
2020-11-01 06:30:00+00:00,0,0,0.0,[]
2020-11-01 06:35:00+00:00,0,0,0.0,[]
2020-11-01 06:40:00+00:00,0,0,0.0,[]
2020-11-01 06:45:00+00:00,0,0,0.0,[]
2020-11-01 06:50:00+00:00,0,0,0.0,[]
2020-11-01 06:55:00+00:00,140,0,2.0,"[70, 70]"
2020-11-01 07:00:00+00:00,1440,0,2.0,"[720, 720]"
2020-11-01 07:05:00+00:00,0,0,0.0,[]
2020-11-01 07:10:00+00:00,0,0,0.0,[]
2020-11-01 07:15:00+00:00,0,0,0.0,[]
2020-11-01 07:20:00+00:00,0,0,0.0,[]
2020-11-01 07:25:00+00:00,0,0,0.0,[]
2020-11-01 07:30:00+00:00,0,0,0.0,[]
2020-11-01 07:35:00+00:00,200,0,2.0,"[100, 100]"
2020-11-01 07:40:00+00:00,0,0,0.0,[]
2020-11-01 07:45:00+00:00,0,0,0.0,[]
2020-11-01 07:50:00+00:00,0,0,0.0,[]
2020-11-01 07:55:00+00:00,0,0,0.0,[]
2020-11-01 08:00:00+00:00,0,0,0.0,[]
2020-11-01 08:05:00+00:00,0,0,2.0,"[0, 0]"
2020-11-01 08:10:00+00:00,0,0,0.0,[]
2020-11-01 08:15:00+00:00,0,0,0.0,[]
2020-11-01 08:20:00+00:00,0,0,0.0,[]
2020-11-01 08:25:00+00:00,5640,0,2.0,"[2820, 2820]"
2020-11-01 08:30:00+00:00,0,0,0.0,[]
2020-11-01 08:35:00+00:00,0,0,0.0,[]
2020-11-01 08:40:00+00:00,0,0,0.0,[]
2020-11-01 08:45:00+00:00,0,0,0.0,[]
2020-11-01 08:50:00+00:00,0,0,0.0,[]
2020-11-01 08:55:00+00:00,0,0,0.0,[]
2020-11-01 09:00:00+00:00,0,0,0.0,[]
2020-11-01 09:05:00+00:00,0,0,0.0,[]
2020-11-01 09:10:00+00:00,0,0,0.0,[]
2020-11-01 09:15:00+00:00,0,0,0.0,[]
2020-11-01 09:20:00+00:00,0,0,0.0,[]
2020-11-01 09:25:00+00:00,0,0,0.0,[]
2020-11-01 09:30:00+00:00,0,0,0.0,[]
2020-11-01 09:35:00+00:00,0,0,0.0,[]
2020-11-01 09:40:00+00:00,0,0,0.0,[]
2020-11-01 09:45:00+00:00,0,0,0.0,[]
2020-11-01 09:50:00+00:00,0,0,0.0,[]
2020-11-01 09:55:00+00:00,0,0,0.0,[]
2020-11-01 10:00:00+00:00,0,0,0.0,[]
2020-11-01 10:05:00+00:00,400,0,2.0,"[200, 200]"
2020-11-01 10:10:00+00:00,0,0,0.0,[]
2020-11-01 10:15:00+00:00,0,0,0.0,[]
2020-11-01 10:20:00+00:00,0,0,0.0,[]
2020-11-01 10:25:00+00:00,0,0,0.0,[]
2020-11-01 10:30:00+00:00,0,0,0.0,[]
2020-11-01 10:35:00+00:00,0,0,0.0,[]
2020-11-01 10:40:00+00:00,0,0,0.0,[]
2020-11-01 10:45:00+00:00,0,0,0.0,[]
2020-11-01 10:50:00+00:00,0,0,0.0,[]
2020-11-01 10:55:00+00:00,0,0,0.0,[]
2020-11-01 11:00:00+00:00,0,0,0.0,[]
2020-11-01 11:05:00+00:00,0,0,0.0,[]
2020-11-01 11:10:00+00:00,3100,0,2.0,"[1550, 1550]"
2020-11-01 11:15:00+00:00,0,0,0.0,[]
2020-11-01 11:20:00+00:00,0,0,0.0,[]
2020-11-01 11:25:00+00:00,0,0,0.0,[]
2020-11-01 11:30:00+00:00,0,0,0.0,[]
2020-11-01 11:35:00+00:00,0,0,0.0,[]
2020-11-01 11:40:00+00:00,0,0,0.0,[]
2020-11-01 11:45:00+00:00,0,0,0.0,[]
2020-11-01 11:50:00+00:00,160,0,1.0,[160]
2020-11-01 11:55:00+00:00,0,0,0.0,[]
2020-11-01 12:00:00+00:00,0,0,0.0,[]
2020-11-01 12:05:00+00:00,360,0,2.0,"[180, 180]"
2020-11-01 12:10:00+00:00,0,0,0.0,[]
2020-11-01 12:15:00+00:00,0,0,0.0,[]
2020-11-01 12:20:00+00:00,0,0,0.0,[]
2020-11-01 12:25:00+00:00,0,0,0.0,[]
2020-11-01 12:30:00+00:00,0,0,0.0,[]
2020-11-01 12:35:00+00:00,0,0,0.0,[]
2020-11-01 12:40:00+00:00,0,0,0.0,[]
2020-11-01 12:45:00+00:00,0,0,0.0,[]
2020-11-01 12:50:00+00:00,0,0,0.0,[]
2020-11-01 12:55:00+00:00,0,0,0.0,[]
2020-11-01 13:00:00+00:00,0,0,0.0,[]
2020-11-01 13:05:00+00:00,0,0,0.0,[]
2020-11-01 13:10:00+00:00,0,0,0.0,[]
2020-11-01 13:15:00+00:00,0,0,0.0,[]
2020-11-01 13:20:00+00:00,0,0,0.0,[]
2020-11-01 13:25:00+00:00,0,0,0.0,[]
2020-11-01 13:30:00+00:00,3130,0,5.0,"[1300, 1300, 350, 90, 90]"
2020-11-01 13:35:00+00:00,0,0,0.0,[]
2020-11-01 13:40:00+00:00,0,0,0.0,[]
2020-11-01 13:45:00+00:00,0,0,0.0,[]
2020-11-01 13:50:00+00:00,0,0,0.0,[]
2020-11-01 13:55:00+00:00,0,0,0.0,[]
2020-11-01 14:00:00+00:00,0,0,0.0,[]
2020-11-01 14:05:00+00:00,0,0,0.0,[]
2020-11-01 14:10:00+00:00,0,0,0.0,[]
2020-11-01 14:15:00+00:00,0,0,0.0,[]
2020-11-01 14:20:00+00:00,0,0,0.0,[]
2020-11-01 14:25:00+00:00,0,0,0.0,[]
2020-11-01 14:30:00+00:00,0,0,0.0,[]
2020-11-01 14:35:00+00:00,0,0,0.0,[]
2020-11-01 14:40:00+00:00,0,0,0.0,[]
2020-11-01 14:45:00+00:00,0,0,0.0,[]
2020-11-01 14:50:00+00:00,0,0,0.0,[]
2020-11-01 14:55:00+00:00,0,0,0.0,[]
2020-11-01 15:00:00+00:00,1600,0,2.0,"[800, 800]"
2020-11-01 15:05:00+00:00,0,0,0.0,[]
2020-11-01 15:10:00+00:00,0,0,0.0,[]
2020-11-01 15:15:00+00:00,1780,0,2.0,"[890, 890]"
2020-11-01 15:20:00+00:00,0,0,0.0,[]
2020-11-01 15:25:00+00:00,1100,0,2.0,"[550, 550]"
2020-11-01 15:30:00+00:00,0,0,0.0,[]
2020-11-01 15:35:00+00:00,0,0,0.0,[]
2020-11-01 15:40:00+00:00,0,0,0.0,[]
2020-11-01 15:45:00+00:00,0,0,0.0,[]
2020-11-01 15:50:00+00:00,0,0,0.0,[]
2020-11-01 15:55:00+00:00,0,0,0.0,[]
2020-11-01 16:00:00+00:00,0,0,0.0,[]
2020-11-01 16:05:00+00:00,0,0,0.0,[]
2020-11-01 16:10:00+00:00,0,0,0.0,[]
2020-11-01 16:15:00+00:00,0,0,0.0,[]
2020-11-01 16:20:00+00:00,0,0,0.0,[]
2020-11-01 16:25:00+00:00,0,0,0.0,[]
2020-11-01 16:30:00+00:00,0,0,0.0,[]
2020-11-01 16:35:00+00:00,7470,0,2.0,"[10, 7460]"
2020-11-01 16:40:00+00:00,0,0,0.0,[]
2020-11-01 16:45:00+00:00,0,0,0.0,[]
2020-11-01 16:50:00+00:00,800,0,2.0,"[400, 400]"
2020-11-01 16:55:00+00:00,0,0,0.0,[]
2020-11-01 17:00:00+00:00,0,0,0.0,[]
2020-11-01 17:05:00+00:00,0,0,0.0,[]
2020-11-01 17:10:00+00:00,0,0,0.0,[]
2020-11-01 17:15:00+00:00,0,0,0.0,[]
2020-11-01 17:20:00+00:00,120,0,2.0,"[60, 60]"
2020-11-01 17:25:00+00:00,0,0,0.0,[]
2020-11-01 17:30:00+00:00,0,0,0.0,[]
2020-11-01 17:35:00+00:00,0,0,0.0,[]
2020-11-01 17:40:00+00:00,0,0,0.0,[]
2020-11-01 17:45:00+00:00,0,0,0.0,[]
2020-11-01 17:50:00+00:00,0,0,0.0,[]
2020-11-01 17:55:00+00:00,0,0,0.0,[]
2020-11-01 18:00:00+00:00,0,0,0.0,[]
2020-11-01 18:05:00+00:00,0,0,0.0,[]
2020-11-01 18:10:00+00:00,0,0,0.0,[]
2020-11-01 18:15:00+00:00,480,0,4.0,"[120, 120, 120, 120]"
2020-11-01 18:20:00+00:00,240,0,2.0,"[120, 120]"
2020-11-01 18:25:00+00:00,0,0,0.0,[]
2020-11-01 18:30:00+00:00,0,0,0.0,[]
2020-11-01 18:35:00+00:00,0,0,0.0,[]
2020-11-01 18:40:00+00:00,0,0,0.0,[]
2020-11-01 18:45:00+00:00,0,0,0.0,[]
2020-11-01 18:50:00+00:00,0,0,0.0,[]
2020-11-01 18:55:00+00:00,0,0,0.0,[]
2020-11-01 19:00:00+00:00,0,0,0.0,[]
2020-11-01 19:05:00+00:00,0,0,0.0,[]
2020-11-01 19:10:00+00:00,0,0,0.0,[]
2020-11-01 19:15:00+00:00,0,0,0.0,[]
2020-11-01 19:20:00+00:00,0,0,0.0,[]
2020-11-01 19:25:00+00:00,0,0,0.0,[]
2020-11-01 19:30:00+00:00,0,0,0.0,[]
2020-11-01 19:35:00+00:00,0,0,0.0,[]
2020-11-01 19:40:00+00:00,600,0,2.0,"[300, 300]"
2020-11-01 19:45:00+00:00,10920,0,2.0,"[5460, 5460]"
2020-11-01 19:50:00+00:00,5360,0,2.0,"[2680, 2680]"
2020-11-01 19:55:00+00:00,0,0,0.0,[]
2020-11-01 20:00:00+00:00,0,0,0.0,[]
2020-11-01 20:05:00+00:00,0,0,0.0,[]
2020-11-01 20:10:00+00:00,0,0,0.0,[]
2020-11-01 20:15:00+00:00,0,0,0.0,[]
2020-11-01 20:20:00+00:00,0,0,0.0,[]
2020-11-01 20:25:00+00:00,20,0,2.0,"[10, 10]"
2020-11-01 20:30:00+00:00,0,0,0.0,[]
2020-11-01 20:35:00+00:00,0,0,0.0,[]
2020-11-01 20:40:00+00:00,0,0,0.0,[]
2020-11-01 20:45:00+00:00,0,0,0.0,[]
2020-11-01 20:50:00+00:00,0,0,0.0,[]
2020-11-01 20:55:00+00:00,0,0,0.0,[]
2020-11-01 21:00:00+00:00,1620,0,1.0,[1620]
2020-11-01 21:05:00+00:00,0,0,0.0,[]
2020-11-01 21:10:00+00:00,0,0,0.0,[]
2020-11-01 21:15:00+00:00,0,0,0.0,[]
2020-11-01 21:20:00+00:00,0,0,0.0,[]
2020-11-01 21:25:00+00:00,0,0,0.0,[]
2020-11-01 21:30:00+00:00,9580,0,1.0,[9580]
2020-11-01 21:35:00+00:00,0,0,0.0,[]
2020-11-01 21:40:00+00:00,0,0,0.0,[]
2020-11-01 21:45:00+00:00,0,0,0.0,[]
2020-11-01 21:50:00+00:00,0,0,0.0,[]
2020-11-01 21:55:00+00:00,0,0,0.0,[]
2020-11-01 22:00:00+00:00,0,0,0.0,[]
2020-11-01 22:05:00+00:00,0,0,0.0,[]
2020-11-01 22:10:00+00:00,0,0,0.0,[]
2020-11-01 22:15:00+00:00,0,0,0.0,[]
2020-11-01 22:20:00+00:00,0,0,0.0,[]
2020-11-01 22:25:00+00:00,0,0,0.0,[]
2020-11-01 22:30:00+00:00,0,0,0.0,[]
2020-11-01 22:35:00+00:00,0,0,0.0,[]
2020-11-01 22:40:00+00:00,2380,0,2.0,"[1190, 1190]"
2020-11-01 22:45:00+00:00,480,0,2.0,"[240, 240]"
2020-11-01 22:50:00+00:00,3080,0,2.0,"[1540, 1540]"
2020-11-01 22:55:00+00:00,0,0,0.0,[]
2020-11-01 23:00:00+00:00,0,0,0.0,[]
2020-11-01 23:05:00+00:00,0,0,0.0,[]
2020-11-01 23:10:00+00:00,0,0,0.0,[]
2020-11-01 23:15:00+00:00,0,0,0.0,[]
2020-11-01 23:20:00+00:00,0,0,0.0,[]
2020-11-01 23:25:00+00:00,0,0,0.0,[]
2020-11-01 23:30:00+00:00,0,0,0.0,[]
2020-11-01 23:35:00+00:00,0,0,0.0,[]
2020-11-01 23:40:00+00:00,0,0,0.0,[]
2020-11-01 23:45:00+00:00,0,0,0.0,[]
2020-11-01 23:50:00+00:00,0,0,0.0,[]
2020-11-01 23:55:00+00:00,0,0,0.0,[]
2020-11-02 00:00:00+00:00,0,0,0.0,[]
2020-11-02 00:05:00+00:00,240,0,1.0,[240]
2020-11-02 00:10:00+00:00,0,0,0.0,[]
2020-11-02 00:15:00+00:00,0,0,0.0,[]
2020-11-02 00:20:00+00:00,0,0,0.0,[]
2020-11-02 00:25:00+00:00,0,0,0.0,[]
2020-11-02 00:30:00+00:00,0,0,0.0,[]
2020-11-02 00:35:00+00:00,0,0,0.0,[]
2020-11-02 00:40:00+00:00,0,0,0.0,[]
2020-11-02 00:45:00+00:00,0,0,0.0,[]
2020-11-02 00:50:00+00:00,0,0,0.0,[]
2020-11-02 00:55:00+00:00,0,0,0.0,[]
2020-11-02 01:00:00+00:00,0,0,0.0,[]
2020-11-02 01:05:00+00:00,0,0,0.0,[]
2020-11-02 01:10:00+00:00,0,0,0.0,[]
2020-11-02 01:15:00+00:00,0,0,0.0,[]
2020-11-02 01:20:00+00:00,0,0,0.0,[]
2020-11-02 01:25:00+00:00,230,0,1.0,[230]
2020-11-02 01:30:00+00:00,0,0,0.0,[]
2020-11-02 01:35:00+00:00,0,0,0.0,[]
2020-11-02 01:40:00+00:00,0,0,0.0,[]
2020-11-02 01:45:00+00:00,0,0,0.0,[]
2020-11-02 01:50:00+00:00,0,0,0.0,[]
2020-11-02 01:55:00+00:00,0,0,0.0,[]
2020-11-02 02:00:00+00:00,0,0,0.0,[]
2020-11-02 02:05:00+00:00,0,0,0.0,[]
2020-11-02 02:10:00+00:00,0,0,0.0,[]
2020-11-02 02:15:00+00:00,0,0,0.0,[]
2020-11-02 02:20:00+00:00,0,0,0.0,[]
2020-11-02 02:25:00+00:00,0,0,0.0,[]
2020-11-02 02:30:00+00:00,0,0,0.0,[]
2020-11-02 02:35:00+00:00,0,0,0.0,[]
2020-11-02 02:40:00+00:00,0,0,0.0,[]
2020-11-02 02:45:00+00:00,0,0,0.0,[]
2020-11-02 02:50:00+00:00,600,0,1.0,[600]
2020-11-02 02:55:00+00:00,0,0,0.0,[]
2020-11-02 03:00:00+00:00,0,0,0.0,[]
2020-11-02 03:05:00+00:00,370,0,1.0,[370]
2020-11-02 03:10:00+00:00,0,0,0.0,[]
2020-11-02 03:15:00+00:00,0,0,0.0,[]
2020-11-02 03:20:00+00:00,0,0,0.0,[]
2020-11-02 03:25:00+00:00,0,0,0.0,[]
2020-11-02 03:30:00+00:00,0,0,0.0,[]
2020-11-02 03:35:00+00:00,0,0,0.0,[]
2020-11-02 03:40:00+00:00,0,0,0.0,[]
2020-11-02 03:45:00+00:00,0,0,0.0,[]
2020-11-02 03:50:00+00:00,0,0,0.0,[]
2020-11-02 03:55:00+00:00,0,0,0.0,[]
2020-11-02 04:00:00+00:00,0,0,0.0,[]
2020-11-02 04:05:00+00:00,260,0,1.0,[260]
2020-11-02 04:10:00+00:00,0,0,0.0,[]
2020-11-02 04:15:00+00:00,0,0,0.0,[]
2020-11-02 04:20:00+00:00,0,0,0.0,[]
2020-11-02 04:25:00+00:00,0,0,0.0,[]
2020-11-02 04:30:00+00:00,0,0,0.0,[]
2020-11-02 04:35:00+00:00,670,0,1.0,[670]
2020-11-02 04:40:00+00:00,0,0,0.0,[]
2020-11-02 04:45:00+00:00,140,0,1.0,[140]
2020-11-02 04:50:00+00:00,0,0,0.0,[]
2020-11-02 04:55:00+00:00,0,0,0.0,[]
2020-11-02 05:00:00+00:00,0,0,0.0,[]
2020-11-02 05:05:00+00:00,0,0,0.0,[]
2020-11-02 05:10:00+00:00,0,0,0.0,[]
2020-11-02 05:15:00+00:00,0,0,0.0,[]
2020-11-02 05:20:00+00:00,0,0,0.0,[]
2020-11-02 05:25:00+00:00,810,0,1.0,[810]
2020-11-02 05:30:00+00:00,0,0,0.0,[]
2020-11-02 05:35:00+00:00,0,0,0.0,[]
2020-11-02 05:40:00+00:00,0,0,0.0,[]
2020-11-02 05:45:00+00:00,0,0,0.0,[]
2020-11-02 05:50:00+00:00,0,0,0.0,[]
2020-11-02 05:55:00+00:00,0,0,0.0,[]
2020-11-02 06:00:00+00:00,0,0,0.0,[]
2020-11-02 06:05:00+00:00,0,0,0.0,[]
2020-11-02 06:10:00+00:00,0,0,0.0,[]
2020-11-02 06:15:00+00:00,0,0,0.0,[]
2020-11-02 06:20:00+00:00,0,0,0.0,[]
2020-11-02 06:25:00+00:00,0,0,0.0,[]
2020-11-02 06:30:00+00:00,0,0,0.0,[]
2020-11-02 06:35:00+00:00,0,0,0.0,[]
2020-11-02 06:40:00+00:00,0,0,0.0,[]
2020-11-02 06:45:00+00:00,0,0,0.0,[]
2020-11-02 06:50:00+00:00,0,0,0.0,[]
2020-11-02 06:55:00+00:00,0,0,0.0,[]
2020-11-02 07:00:00+00:00,0,0,0.0,[]
2020-11-02 07:05:00+00:00,0,0,0.0,[]
2020-11-02 07:10:00+00:00,0,0,0.0,[]
2020-11-02 07:15:00+00:00,0,0,0.0,[]
2020-11-02 07:20:00+00:00,0,0,0.0,[]
2020-11-02 07:25:00+00:00,0,0,0.0,[]
2020-11-02 07:30:00+00:00,0,0,0.0,[]
2020-11-02 07:35:00+00:00,0,0,0.0,[]
2020-11-02 07:40:00+00:00,0,0,0.0,[]
2020-11-02 07:45:00+00:00,0,0,0.0,[]
2020-11-02 07:50:00+00:00,0,0,0.0,[]
2020-11-02 07:55:00+00:00,0,0,0.0,[]
2020-11-02 08:00:00+00:00,0,0,0.0,[]
2020-11-02 08:05:00+00:00,0,0,0.0,[]
2020-11-02 08:10:00+00:00,0,0,0.0,[]
2020-11-02 08:15:00+00:00,0,0,0.0,[]
2020-11-02 08:20:00+00:00,0,0,0.0,[]
2020-11-02 08:25:00+00:00,0,0,0.0,[]
2020-11-02 08:30:00+00:00,0,0,0.0,[]
2020-11-02 08:35:00+00:00,0,0,0.0,[]
2020-11-02 08:40:00+00:00,0,0,0.0,[]
2020-11-02 08:45:00+00:00,0,0,0.0,[]
2020-11-02 08:50:00+00:00,0,0,0.0,[]
2020-11-02 08:55:00+00:00,0,0,0.0,[]
2020-11-02 09:00:00+00:00,0,0,0.0,[]
2020-11-02 09:05:00+00:00,0,0,0.0,[]
2020-11-02 09:10:00+00:00,0,0,0.0,[]
2020-11-02 09:15:00+00:00,0,0,0.0,[]
2020-11-02 09:20:00+00:00,0,0,0.0,[]
2020-11-02 09:25:00+00:00,0,0,0.0,[]
2020-11-02 09:30:00+00:00,0,0,0.0,[]
2020-11-02 09:35:00+00:00,0,0,0.0,[]
2020-11-02 09:40:00+00:00,0,0,0.0,[]
2020-11-02 09:45:00+00:00,0,0,0.0,[]
2020-11-02 09:50:00+00:00,5740,0,1.0,[5740]
2020-11-02 09:55:00+00:00,0,0,0.0,[]
2020-11-02 10:00:00+00:00,0,0,0.0,[]
2020-11-02 10:05:00+00:00,0,0,0.0,[]
2020-11-02 10:10:00+00:00,0,0,0.0,[]
2020-11-02 10:15:00+00:00,0,0,0.0,[]
2020-11-02 10:20:00+00:00,0,0,0.0,[]
2020-11-02 10:25:00+00:00,0,0,0.0,[]
2020-11-02 10:30:00+00:00,0,0,0.0,[]
2020-11-02 10:35:00+00:00,0,0,0.0,[]
2020-11-02 10:40:00+00:00,0,0,0.0,[]
2020-11-02 10:45:00+00:00,0,0,0.0,[]
2020-11-02 10:50:00+00:00,0,0,0.0,[]
2020-11-02 10:55:00+00:00,0,0,0.0,[]
2020-11-02 11:00:00+00:00,0,0,0.0,[]
2020-11-02 11:05:00+00:00,0,0,0.0,[]
2020-11-02 11:10:00+00:00,950,0,1.0,[950]
2020-11-02 11:15:00+00:00,0,0,0.0,[]
2020-11-02 11:20:00+00:00,0,0,0.0,[]
2020-11-02 11:25:00+00:00,0,0,0.0,[]
2020-11-02 11:30:00+00:00,0,0,0.0,[]
2020-11-02 11:35:00+00:00,0,0,0.0,[]
2020-11-02 11:40:00+00:00,0,0,0.0,[]
2020-11-02 11:45:00+00:00,0,0,0.0,[]
2020-11-02 11:50:00+00:00,0,0,0.0,[]
2020-11-02 11:55:00+00:00,0,0,0.0,[]
2020-11-02 12:00:00+00:00,0,0,0.0,[]
2020-11-02 12:05:00+00:00,0,0,0.0,[]
2020-11-02 12:10:00+00:00,0,0,0.0,[]
2020-11-02 12:15:00+00:00,0,0,0.0,[]
2020-11-02 12:20:00+00:00,0,0,0.0,[]
2020-11-02 12:25:00+00:00,0,0,0.0,[]
2020-11-02 12:30:00+00:00,0,0,0.0,[]
2020-11-02 12:35:00+00:00,30,0,1.0,[30]
2020-11-02 12:40:00+00:00,0,0,0.0,[]
2020-11-02 12:45:00+00:00,0,0,0.0,[]
2020-11-02 12:50:00+00:00,190,0,1.0,[190]
2020-11-02 12:55:00+00:00,0,0,0.0,[]
2020-11-02 13:00:00+00:00,0,0,0.0,[]
2020-11-02 13:05:00+00:00,0,0,0.0,[]
2020-11-02 13:10:00+00:00,0,0,0.0,[]
2020-11-02 13:15:00+00:00,500,0,1.0,[500]
2020-11-02 13:20:00+00:00,0,0,0.0,[]
2020-11-02 13:25:00+00:00,0,0,0.0,[]
2020-11-02 13:30:00+00:00,0,0,0.0,[]
2020-11-02 13:35:00+00:00,0,0,0.0,[]
2020-11-02 13:40:00+00:00,0,0,0.0,[]
2020-11-02 13:45:00+00:00,0,0,0.0,[]
2020-11-02 13:50:00+00:00,0,0,0.0,[]
2020-11-02 13:55:00+00:00,0,0,0.0,[]
2020-11-02 14:00:00+00:00,0,0,0.0,[]
2020-11-02 14:05:00+00:00,0,0,0.0,[]
2020-11-02 14:10:00+00:00,0,0,0.0,[]
2020-11-02 14:15:00+00:00,0,0,0.0,[]
2020-11-02 14:20:00+00:00,0,0,0.0,[]
2020-11-02 14:25:00+00:00,0,0,0.0,[]
2020-11-02 14:30:00+00:00,190,0,1.0,[190]
2020-11-02 14:35:00+00:00,0,0,0.0,[]
2020-11-02 14:40:00+00:00,0,0,0.0,[]
2020-11-02 14:45:00+00:00,0,0,0.0,[]
2020-11-02 14:50:00+00:00,0,0,0.0,[]
2020-11-02 14:55:00+00:00,0,0,0.0,[]
2020-11-02 15:00:00+00:00,0,0,0.0,[]
2020-11-02 15:05:00+00:00,0,0,0.0,[]
2020-11-02 15:10:00+00:00,3350,0,1.0,[3350]
2020-11-02 15:15:00+00:00,0,0,0.0,[]
2020-11-02 15:20:00+00:00,0,0,0.0,[]
2020-11-02 15:25:00+00:00,0,0,0.0,[]
2020-11-02 15:30:00+00:00,0,0,0.0,[]
2020-11-02 15:35:00+00:00,0,0,0.0,[]
2020-11-02 15:40:00+00:00,0,0,0.0,[]
2020-11-02 15:45:00+00:00,0,0,0.0,[]
2020-11-02 15:50:00+00:00,0,0,0.0,[]
2020-11-02 15:55:00+00:00,0,0,0.0,[]
2020-11-02 16:00:00+00:00,0,0,0.0,[]
2020-11-02 16:05:00+00:00,0,0,0.0,[]
2020-11-02 16:10:00+00:00,0,0,0.0,[]
2020-11-02 16:15:00+00:00,0,0,0.0,[]
2020-11-02 16:20:00+00:00,0,0,0.0,[]
2020-11-02 16:25:00+00:00,0,0,0.0,[]
2020-11-02 16:30:00+00:00,0,0,0.0,[]
2020-11-02 16:35:00+00:00,70,0,1.0,[70]
2020-11-02 16:40:00+00:00,70,0,1.0,[70]
2020-11-02 16:45:00+00:00,0,0,0.0,[]
2020-11-02 16:50:00+00:00,250,0,1.0,[250]
2020-11-02 16:55:00+00:00,0,0,0.0,[]
2020-11-02 17:00:00+00:00,0,0,0.0,[]
2020-11-02 17:05:00+00:00,0,0,0.0,[]
2020-11-02 17:10:00+00:00,0,0,0.0,[]
2020-11-02 17:15:00+00:00,0,0,0.0,[]
2020-11-02 17:20:00+00:00,0,0,0.0,[]
2020-11-02 17:25:00+00:00,0,0,0.0,[]
2020-11-02 17:30:00+00:00,0,0,0.0,[]
2020-11-02 17:35:00+00:00,140,0,1.0,[140]
2020-11-02 17:40:00+00:00,0,0,0.0,[]
2020-11-02 17:45:00+00:00,0,0,0.0,[]
2020-11-02 17:50:00+00:00,0,0,0.0,[]
2020-11-02 17:55:00+00:00,0,0,0.0,[]
2020-11-02 18:00:00+00:00,0,0,0.0,[]
2020-11-02 18:05:00+00:00,0,0,0.0,[]
2020-11-02 18:10:00+00:00,0,0,0.0,[]
2020-11-02 18:15:00+00:00,0,0,0.0,[]
2020-11-02 18:20:00+00:00,0,0,0.0,[]
2020-11-02 18:25:00+00:00,0,0,0.0,[]
2020-11-02 18:30:00+00:00,0,0,0.0,[]
2020-11-02 18:35:00+00:00,0,0,0.0,[]
2020-11-02 18:40:00+00:00,0,0,0.0,[]
2020-11-02 18:45:00+00:00,320,0,1.0,[320]
2020-11-02 18:50:00+00:00,820,0,1.0,[820]
2020-11-02 18:55:00+00:00,0,0,0.0,[]
2020-11-02 19:00:00+00:00,0,0,0.0,[]
2020-11-02 19:05:00+00:00,0,0,0.0,[]
2020-11-02 19:10:00+00:00,0,0,0.0,[]
2020-11-02 19:15:00+00:00,250,0,1.0,[250]
2020-11-02 19:20:00+00:00,6150,0,1.0,[6150]
2020-11-02 19:25:00+00:00,0,0,0.0,[]
2020-11-02 19:30:00+00:00,1500,0,1.0,[1500]
2020-11-02 19:35:00+00:00,320,0,1.0,[320]
2020-11-02 19:40:00+00:00,0,0,0.0,[]
2020-11-02 19:45:00+00:00,350,0,1.0,[350]
2020-11-02 19:50:00+00:00,0,0,0.0,[]
2020-11-02 19:55:00+00:00,0,0,0.0,[]
2020-11-02 20:00:00+00:00,0,0,0.0,[]
2020-11-02 20:05:00+00:00,0,0,0.0,[]
2020-11-02 20:10:00+00:00,0,0,0.0,[]
2020-11-02 20:15:00+00:00,150,0,1.0,[150]
2020-11-02 20:20:00+00:00,0,0,0.0,[]
2020-11-02 20:25:00+00:00,0,0,0.0,[]
2020-11-02 20:30:00+00:00,0,0,0.0,[]
2020-11-02 20:35:00+00:00,0,0,0.0,[]
2020-11-02 20:40:00+00:00,0,0,0.0,[]
2020-11-02 20:45:00+00:00,0,0,0.0,[]
2020-11-02 20:50:00+00:00,0,0,0.0,[]
2020-11-02 20:55:00+00:00,30,0,1.0,[30]
2020-11-02 21:00:00+00:00,0,0,0.0,[]
2020-11-02 21:05:00+00:00,0,0,0.0,[]
2020-11-02 21:10:00+00:00,0,0,0.0,[]
2020-11-02 21:15:00+00:00,440,0,2.0,"[310, 130]"
2020-11-02 21:20:00+00:00,0,0,0.0,[]
2020-11-02 21:25:00+00:00,0,0,0.0,[]
2020-11-02 21:30:00+00:00,0,0,0.0,[]
2020-11-02 21:35:00+00:00,0,0,0.0,[]
2020-11-02 21:40:00+00:00,0,0,0.0,[]
2020-11-02 21:45:00+00:00,0,0,0.0,[]
2020-11-02 21:50:00+00:00,470,0,1.0,[470]
2020-11-02 21:55:00+00:00,0,0,0.0,[]
2020-11-02 22:00:00+00:00,1820,0,1.0,[1820]
2020-11-02 22:05:00+00:00,80,0,1.0,[80]
2020-11-02 22:10:00+00:00,5530,0,1.0,[5530]
2020-11-02 22:15:00+00:00,1120,0,2.0,"[800, 320]"
2020-11-02 22:20:00+00:00,0,0,0.0,[]
2020-11-02 22:25:00+00:00,0,0,0.0,[]
2020-11-02 22:30:00+00:00,0,0,0.0,[]
2020-11-02 22:35:00+00:00,0,0,0.0,[]
2020-11-02 22:40:00+00:00,0,0,0.0,[]
2020-11-02 22:45:00+00:00,0,0,0.0,[]
2020-11-02 22:50:00+00:00,0,0,0.0,[]
2020-11-02 22:55:00+00:00,0,0,0.0,[]
2020-11-02 23:00:00+00:00,0,0,0.0,[]
2020-11-02 23:05:00+00:00,0,0,0.0,[]
2020-11-02 23:10:00+00:00,0,0,0.0,[]
2020-11-02 23:15:00+00:00,0,0,0.0,[]
2020-11-02 23:20:00+00:00,0,0,0.0,[]
2020-11-02 23:25:00+00:00,0,0,0.0,[]
2020-11-02 23:30:00+00:00,90,0,1.0,[90]
2020-11-02 23:35:00+00:00,0,0,0.0,[]
2020-11-02 23:40:00+00:00,260,0,1.0,[260]
2020-11-02 23:45:00+00:00,0,0,0.0,[]
2020-11-02 23:50:00+00:00,0,0,0.0,[]
2020-11-02 23:55:00+00:00,0,0,0.0,[]
2020-11-03 00:00:00+00:00,430,0,1.0,[430]
2020-11-03 00:05:00+00:00,0,0,0.0,[]
2020-11-03 00:10:00+00:00,0,0,0.0,[]
2020-11-03 00:15:00+00:00,0,0,0.0,[]
2020-11-03 00:20:00+00:00,130,0,1.0,[130]
2020-11-03 00:25:00+00:00,0,0,0.0,[]
2020-11-03 00:30:00+00:00,0,0,0.0,[]
2020-11-03 00:35:00+00:00,0,0,0.0,[]
2020-11-03 00:40:00+00:00,160,0,1.0,[160]
2020-11-03 00:45:00+00:00,0,0,0.0,[]
2020-11-03 00:50:00+00:00,0,0,0.0,[]
2020-11-03 00:55:00+00:00,320,0,1.0,[320]
2020-11-03 01:00:00+00:00,0,0,0.0,[]
2020-11-03 01:05:00+00:00,0,0,0.0,[]
2020-11-03 01:10:00+00:00,0,0,0.0,[]
2020-11-03 01:15:00+00:00,0,0,0.0,[]
2020-11-03 01:20:00+00:00,0,0,0.0,[]
2020-11-03 01:25:00+00:00,190,0,1.0,[190]
2020-11-03 01:30:00+00:00,0,0,0.0,[]
2020-11-03 01:35:00+00:00,0,0,0.0,[]
2020-11-03 01:40:00+00:00,0,0,0.0,[]
2020-11-03 01:45:00+00:00,0,0,0.0,[]
2020-11-03 01:50:00+00:00,140,0,1.0,[140]
2020-11-03 01:55:00+00:00,0,0,0.0,[]
2020-11-03 02:00:00+00:00,0,0,0.0,[]
2020-11-03 02:05:00+00:00,0,0,0.0,[]
2020-11-03 02:10:00+00:00,0,0,0.0,[]
2020-11-03 02:15:00+00:00,0,0,0.0,[]
2020-11-03 02:20:00+00:00,0,0,0.0,[]
2020-11-03 02:25:00+00:00,180,0,1.0,[180]
2020-11-03 02:30:00+00:00,0,0,0.0,[]
2020-11-03 02:35:00+00:00,0,0,0.0,[]
2020-11-03 02:40:00+00:00,0,0,0.0,[]
2020-11-03 02:45:00+00:00,0,0,0.0,[]
2020-11-03 02:50:00+00:00,0,0,0.0,[]
2020-11-03 02:55:00+00:00,0,0,0.0,[]
2020-11-03 03:00:00+00:00,0,0,0.0,[]
2020-11-03 03:05:00+00:00,0,0,0.0,[]
2020-11-03 03:10:00+00:00,340,0,1.0,[340]
2020-11-03 03:15:00+00:00,390,0,1.0,[390]
2020-11-03 03:20:00+00:00,0,0,0.0,[]
2020-11-03 03:25:00+00:00,0,0,0.0,[]
2020-11-03 03:30:00+00:00,0,0,0.0,[]
2020-11-03 03:35:00+00:00,100,0,1.0,[100]
2020-11-03 03:40:00+00:00,0,0,0.0,[]
2020-11-03 03:45:00+00:00,0,0,1.0,[0]
2020-11-03 03:50:00+00:00,0,0,0.0,[]
2020-11-03 03:55:00+00:00,0,0,0.0,[]
2020-11-03 04:00:00+00:00,0,0,0.0,[]
2020-11-03 04:05:00+00:00,0,0,0.0,[]
2020-11-03 04:10:00+00:00,0,0,0.0,[]
2020-11-03 04:15:00+00:00,0,0,0.0,[]
2020-11-03 04:20:00+00:00,0,0,0.0,[]
2020-11-03 04:25:00+00:00,0,0,0.0,[]
2020-11-03 04:30:00+00:00,190,0,1.0,[190]
2020-11-03 04:35:00+00:00,220,0,1.0,[220]
2020-11-03 04:40:00+00:00,0,0,0.0,[]
2020-11-03 04:45:00+00:00,110,0,1.0,[110]
2020-11-03 04:50:00+00:00,0,0,0.0,[]
2020-11-03 04:55:00+00:00,0,0,0.0,[]
2020-11-03 05:00:00+00:00,0,0,0.0,[]
2020-11-03 05:05:00+00:00,0,0,0.0,[]
2020-11-03 05:10:00+00:00,0,0,0.0,[]
2020-11-03 05:15:00+00:00,0,0,0.0,[]
2020-11-03 05:20:00+00:00,0,0,0.0,[]
2020-11-03 05:25:00+00:00,0,0,0.0,[]
2020-11-03 05:30:00+00:00,0,0,0.0,[]
2020-11-03 05:35:00+00:00,50,0,1.0,[50]
2020-11-03 05:40:00+00:00,0,0,0.0,[]
2020-11-03 05:45:00+00:00,0,0,0.0,[]
2020-11-03 05:50:00+00:00,0,0,0.0,[]
2020-11-03 05:55:00+00:00,0,0,0.0,[]
2020-11-03 06:00:00+00:00,0,0,0.0,[]
2020-11-03 06:05:00+00:00,0,0,0.0,[]
2020-11-03 06:10:00+00:00,0,0,0.0,[]
2020-11-03 06:15:00+00:00,0,0,0.0,[]
2020-11-03 06:20:00+00:00,0,0,0.0,[]
2020-11-03 06:25:00+00:00,0,0,0.0,[]
2020-11-03 06:30:00+00:00,0,0,0.0,[]
2020-11-03 06:35:00+00:00,0,0,0.0,[]
2020-11-03 06:40:00+00:00,0,0,0.0,[]
2020-11-03 06:45:00+00:00,0,0,0.0,[]
2020-11-03 06:50:00+00:00,0,0,0.0,[]
2020-11-03 06:55:00+00:00,0,0,0.0,[]
2020-11-03 07:00:00+00:00,0,0,0.0,[]
2020-11-03 07:05:00+00:00,0,0,0.0,[]
2020-11-03 07:10:00+00:00,0,0,0.0,[]
2020-11-03 07:15:00+00:00,0,0,0.0,[]
2020-11-03 07:20:00+00:00,0,0,0.0,[]
2020-11-03 07:25:00+00:00,0,0,0.0,[]
2020-11-03 07:30:00+00:00,0,0,0.0,[]
2020-11-03 07:35:00+00:00,0,0,0.0,[]
2020-11-03 07:40:00+00:00,0,0,0.0,[]
2020-11-03 07:45:00+00:00,0,0,0.0,[]
2020-11-03 07:50:00+00:00,0,0,0.0,[]
2020-11-03 07:55:00+00:00,0,0,0.0,[]
2020-11-03 08:00:00+00:00,0,0,0.0,[]
2020-11-03 08:05:00+00:00,0,0,0.0,[]
2020-11-03 08:10:00+00:00,0,0,0.0,[]
2020-11-03 08:15:00+00:00,0,0,0.0,[]
2020-11-03 08:20:00+00:00,0,0,0.0,[]
2020-11-03 08:25:00+00:00,0,0,0.0,[]
2020-11-03 08:30:00+00:00,0,0,0.0,[]
2020-11-03 08:35:00+00:00,0,0,0.0,[]
2020-11-03 08:40:00+00:00,0,0,0.0,[]
2020-11-03 08:45:00+00:00,0,0,0.0,[]
2020-11-03 08:50:00+00:00,0,0,0.0,[]
2020-11-03 08:55:00+00:00,0,0,0.0,[]
2020-11-03 09:00:00+00:00,0,0,0.0,[]
2020-11-03 09:05:00+00:00,0,0,0.0,[]
2020-11-03 09:10:00+00:00,0,0,0.0,[]
2020-11-03 09:15:00+00:00,0,0,0.0,[]
2020-11-03 09:20:00+00:00,850,0,1.0,[850]
2020-11-03 09:25:00+00:00,140,0,1.0,[140]
2020-11-03 09:30:00+00:00,1270,0,1.0,[1270]
2020-11-03 09:35:00+00:00,0,0,0.0,[]
2020-11-03 09:40:00+00:00,0,0,0.0,[]
2020-11-03 09:45:00+00:00,0,0,0.0,[]
2020-11-03 09:50:00+00:00,0,0,0.0,[]
2020-11-03 09:55:00+00:00,0,0,0.0,[]
2020-11-03 10:00:00+00:00,0,0,0.0,[]
2020-11-03 10:05:00+00:00,0,0,0.0,[]
2020-11-03 10:10:00+00:00,0,0,0.0,[]
2020-11-03 10:15:00+00:00,0,0,0.0,[]
2020-11-03 10:20:00+00:00,0,0,0.0,[]
2020-11-03 10:25:00+00:00,0,0,0.0,[]
2020-11-03 10:30:00+00:00,0,0,0.0,[]
2020-11-03 10:35:00+00:00,0,0,0.0,[]
2020-11-03 10:40:00+00:00,0,0,0.0,[]
2020-11-03 10:45:00+00:00,0,0,0.0,[]
2020-11-03 10:50:00+00:00,0,0,0.0,[]
2020-11-03 10:55:00+00:00,0,0,0.0,[]
2020-11-03 11:00:00+00:00,0,0,0.0,[]
2020-11-03 11:05:00+00:00,0,0,0.0,[]
2020-11-03 11:10:00+00:00,0,0,0.0,[]
2020-11-03 11:15:00+00:00,0,0,0.0,[]
2020-11-03 11:20:00+00:00,0,0,0.0,[]
2020-11-03 11:25:00+00:00,0,0,0.0,[]
2020-11-03 11:30:00+00:00,0,0,0.0,[]
2020-11-03 11:35:00+00:00,0,0,0.0,[]
2020-11-03 11:40:00+00:00,0,0,0.0,[]
2020-11-03 11:45:00+00:00,0,0,0.0,[]
2020-11-03 11:50:00+00:00,0,0,0.0,[]
2020-11-03 11:55:00+00:00,0,0,0.0,[]
2020-11-03 12:00:00+00:00,0,0,0.0,[]
2020-11-03 12:05:00+00:00,0,0,0.0,[]
2020-11-03 12:10:00+00:00,0,0,0.0,[]
2020-11-03 12:15:00+00:00,0,0,0.0,[]
2020-11-03 12:20:00+00:00,0,0,0.0,[]
2020-11-03 12:25:00+00:00,0,0,0.0,[]
2020-11-03 12:30:00+00:00,0,0,0.0,[]
2020-11-03 12:35:00+00:00,0,0,0.0,[]
2020-11-03 12:40:00+00:00,0,0,0.0,[]
2020-11-03 12:45:00+00:00,0,0,0.0,[]
2020-11-03 12:50:00+00:00,0,0,0.0,[]
2020-11-03 12:55:00+00:00,0,0,0.0,[]
2020-11-03 13:00:00+00:00,920,0,2.0,"[460, 460]"
2020-11-03 13:05:00+00:00,6920,0,2.0,"[2660, 4260]"
2020-11-03 13:10:00+00:00,310,0,1.0,[310]
2020-11-03 13:15:00+00:00,0,0,0.0,[]
2020-11-03 13:20:00+00:00,0,0,0.0,[]
2020-11-03 13:25:00+00:00,0,0,0.0,[]
2020-11-03 13:30:00+00:00,0,0,0.0,[]
2020-11-03 13:35:00+00:00,0,0,0.0,[]
2020-11-03 13:40:00+00:00,260,0,1.0,[260]
2020-11-03 13:45:00+00:00,0,0,0.0,[]
2020-11-03 13:50:00+00:00,0,0,0.0,[]
2020-11-03 13:55:00+00:00,0,0,0.0,[]
2020-11-03 14:00:00+00:00,0,0,0.0,[]
2020-11-03 14:05:00+00:00,0,0,0.0,[]
2020-11-03 14:10:00+00:00,140,0,1.0,[140]
2020-11-03 14:15:00+00:00,0,0,0.0,[]
2020-11-03 14:20:00+00:00,0,0,0.0,[]
2020-11-03 14:25:00+00:00,430,0,1.0,[430]
2020-11-03 14:30:00+00:00,0,0,0.0,[]
2020-11-03 14:35:00+00:00,0,0,0.0,[]
2020-11-03 14:40:00+00:00,0,0,0.0,[]
2020-11-03 14:45:00+00:00,0,0,0.0,[]
2020-11-03 14:50:00+00:00,0,0,0.0,[]
2020-11-03 14:55:00+00:00,0,0,0.0,[]
2020-11-03 15:00:00+00:00,0,0,0.0,[]
2020-11-03 15:05:00+00:00,0,0,0.0,[]
2020-11-03 15:10:00+00:00,0,0,0.0,[]
2020-11-03 15:15:00+00:00,1230,0,1.0,[1230]
2020-11-03 15:20:00+00:00,950,0,2.0,"[560, 390]"
2020-11-03 15:25:00+00:00,0,0,0.0,[]
2020-11-03 15:30:00+00:00,0,0,0.0,[]
2020-11-03 15:35:00+00:00,1060,0,1.0,[1060]
2020-11-03 15:40:00+00:00,0,0,0.0,[]
2020-11-03 15:45:00+00:00,0,0,0.0,[]
2020-11-03 15:50:00+00:00,0,0,0.0,[]
2020-11-03 15:55:00+00:00,0,0,0.0,[]
2020-11-03 16:00:00+00:00,0,0,0.0,[]
2020-11-03 16:05:00+00:00,1770,0,1.0,[1770]
2020-11-03 16:10:00+00:00,600,0,1.0,[600]
2020-11-03 16:15:00+00:00,0,0,0.0,[]
2020-11-03 16:20:00+00:00,170,0,1.0,[170]
2020-11-03 16:25:00+00:00,0,0,0.0,[]
2020-11-03 16:30:00+00:00,0,0,0.0,[]
2020-11-03 16:35:00+00:00,0,0,0.0,[]
2020-11-03 16:40:00+00:00,0,0,0.0,[]
2020-11-03 16:45:00+00:00,0,0,0.0,[]
2020-11-03 16:50:00+00:00,0,0,0.0,[]
2020-11-03 16:55:00+00:00,100,0,1.0,[100]
2020-11-03 17:00:00+00:00,0,0,0.0,[]
2020-11-03 17:05:00+00:00,0,0,0.0,[]
2020-11-03 17:10:00+00:00,0,0,0.0,[]
2020-11-03 17:15:00+00:00,0,0,0.0,[]
2020-11-03 17:20:00+00:00,0,0,0.0,[]
2020-11-03 17:25:00+00:00,0,0,0.0,[]
2020-11-03 17:30:00+00:00,0,0,0.0,[]
2020-11-03 17:35:00+00:00,0,0,0.0,[]
2020-11-03 17:40:00+00:00,0,0,0.0,[]
2020-11-03 17:45:00+00:00,0,0,0.0,[]
2020-11-03 17:50:00+00:00,0,0,0.0,[]
2020-11-03 17:55:00+00:00,0,0,0.0,[]
2020-11-03 18:00:00+00:00,0,0,0.0,[]
2020-11-03 18:05:00+00:00,0,0,0.0,[]
2020-11-03 18:10:00+00:00,0,0,0.0,[]
2020-11-03 18:15:00+00:00,380,0,1.0,[380]
2020-11-03 18:20:00+00:00,0,0,0.0,[]
2020-11-03 18:25:00+00:00,0,0,0.0,[]
2020-11-03 18:30:00+00:00,0,0,0.0,[]
2020-11-03 18:35:00+00:00,0,0,0.0,[]
2020-11-03 18:40:00+00:00,0,0,0.0,[]
2020-11-03 18:45:00+00:00,0,0,0.0,[]
2020-11-03 18:50:00+00:00,1110,0,1.0,[1110]
2020-11-03 18:55:00+00:00,210,0,1.0,[210]
2020-11-03 19:00:00+00:00,0,0,0.0,[]
2020-11-03 19:05:00+00:00,0,0,0.0,[]
2020-11-03 19:10:00+00:00,0,0,0.0,[]
2020-11-03 19:15:00+00:00,0,0,0.0,[]
2020-11-03 19:20:00+00:00,0,0,0.0,[]
2020-11-03 19:25:00+00:00,0,0,0.0,[]
2020-11-03 19:30:00+00:00,0,0,0.0,[]
2020-11-03 19:35:00+00:00,0,0,0.0,[]
2020-11-03 19:40:00+00:00,0,0,0.0,[]
2020-11-03 19:45:00+00:00,0,0,0.0,[]
2020-11-03 19:50:00+00:00,0,0,0.0,[]
2020-11-03 19:55:00+00:00,0,0,0.0,[]
2020-11-03 20:00:00+00:00,390,0,1.0,[390]
2020-11-03 20:05:00+00:00,0,0,0.0,[]
2020-11-03 20:10:00+00:00,0,0,0.0,[]
2020-11-03 20:15:00+00:00,0,0,0.0,[]
2020-11-03 20:20:00+00:00,560,0,1.0,[560]
2020-11-03 20:25:00+00:00,550,0,1.0,[550]
2020-11-03 20:30:00+00:00,1150,0,2.0,"[760, 390]"
2020-11-03 20:35:00+00:00,0,0,0.0,[]
2020-11-03 20:40:00+00:00,0,0,0.0,[]
2020-11-03 20:45:00+00:00,0,0,0.0,[]
2020-11-03 20:50:00+00:00,0,0,0.0,[]
2020-11-03 20:55:00+00:00,800,0,1.0,[800]
2020-11-03 21:00:00+00:00,200,0,1.0,[200]
2020-11-03 21:05:00+00:00,0,0,0.0,[]
2020-11-03 21:10:00+00:00,0,0,0.0,[]
2020-11-03 21:15:00+00:00,0,0,0.0,[]
2020-11-03 21:20:00+00:00,0,0,0.0,[]
2020-11-03 21:25:00+00:00,0,0,0.0,[]
2020-11-03 21:30:00+00:00,40,0,1.0,[40]
2020-11-03 21:35:00+00:00,0,0,0.0,[]
2020-11-03 21:40:00+00:00,40,0,1.0,[40]
2020-11-03 21:45:00+00:00,400,0,1.0,[400]
2020-11-03 21:50:00+00:00,0,0,0.0,[]
2020-11-03 21:55:00+00:00,0,0,0.0,[]
2020-11-03 22:00:00+00:00,0,0,0.0,[]
2020-11-03 22:05:00+00:00,250,0,1.0,[250]
2020-11-03 22:10:00+00:00,0,0,0.0,[]
2020-11-03 22:15:00+00:00,0,0,0.0,[]
2020-11-03 22:20:00+00:00,0,0,0.0,[]
2020-11-03 22:25:00+00:00,0,0,0.0,[]
2020-11-03 22:30:00+00:00,0,0,0.0,[]
2020-11-03 22:35:00+00:00,0,0,0.0,[]
2020-11-03 22:40:00+00:00,0,0,0.0,[]
2020-11-03 22:45:00+00:00,0,0,0.0,[]
2020-11-03 22:50:00+00:00,0,0,0.0,[]
2020-11-03 22:55:00+00:00,0,0,0.0,[]
2020-11-03 23:00:00+00:00,0,0,0.0,[]
2020-11-03 23:05:00+00:00,0,0,0.0,[]
2020-11-03 23:10:00+00:00,0,0,0.0,[]
2020-11-03 23:15:00+00:00,0,0,0.0,[]
2020-11-03 23:20:00+00:00,0,0,0.0,[]
2020-11-03 23:25:00+00:00,0,0,0.0,[]
2020-11-03 23:30:00+00:00,0,0,0.0,[]
2020-11-03 23:35:00+00:00,850,0,1.0,[850]
2020-11-03 23:40:00+00:00,0,0,0.0,[]
2020-11-03 23:45:00+00:00,80,0,1.0,[80]
2020-11-03 23:50:00+00:00,0,0,0.0,[]
2020-11-03 23:55:00+00:00,0,0,0.0,[]
2020-11-04 00:00:00+00:00,480,0,1.0,[480]
2020-11-04 00:05:00+00:00,300,0,1.0,[300]
2020-11-04 00:10:00+00:00,0,0,0.0,[]
2020-11-04 00:15:00+00:00,0,0,0.0,[]
2020-11-04 00:20:00+00:00,0,0,0.0,[]
2020-11-04 00:25:00+00:00,0,0,0.0,[]
2020-11-04 00:30:00+00:00,0,0,0.0,[]
2020-11-04 00:35:00+00:00,0,0,0.0,[]
2020-11-04 00:40:00+00:00,0,0,0.0,[]
2020-11-04 00:45:00+00:00,700,0,1.0,[700]
2020-11-04 00:50:00+00:00,0,0,0.0,[]
2020-11-04 00:55:00+00:00,0,0,0.0,[]
2020-11-04 01:00:00+00:00,0,0,0.0,[]
2020-11-04 01:05:00+00:00,0,0,0.0,[]
2020-11-04 01:10:00+00:00,0,0,0.0,[]
2020-11-04 01:15:00+00:00,0,0,0.0,[]
2020-11-04 01:20:00+00:00,420,0,1.0,[420]
2020-11-04 01:25:00+00:00,0,0,0.0,[]
2020-11-04 01:30:00+00:00,0,0,0.0,[]
2020-11-04 01:35:00+00:00,0,0,0.0,[]
2020-11-04 01:40:00+00:00,0,0,0.0,[]
2020-11-04 01:45:00+00:00,0,0,0.0,[]
2020-11-04 01:50:00+00:00,0,0,0.0,[]
2020-11-04 01:55:00+00:00,0,0,0.0,[]
2020-11-04 02:00:00+00:00,0,0,0.0,[]
2020-11-04 02:05:00+00:00,200,0,1.0,[200]
2020-11-04 02:10:00+00:00,0,0,0.0,[]
2020-11-04 02:15:00+00:00,460,0,1.0,[460]
2020-11-04 02:20:00+00:00,0,0,0.0,[]
2020-11-04 02:25:00+00:00,0,0,0.0,[]
2020-11-04 02:30:00+00:00,0,0,0.0,[]
2020-11-04 02:35:00+00:00,0,0,0.0,[]
2020-11-04 02:40:00+00:00,0,0,0.0,[]
2020-11-04 02:45:00+00:00,0,0,0.0,[]
2020-11-04 02:50:00+00:00,0,0,0.0,[]
2020-11-04 02:55:00+00:00,0,0,0.0,[]
2020-11-04 03:00:00+00:00,0,0,0.0,[]
2020-11-04 03:05:00+00:00,0,0,0.0,[]
2020-11-04 03:10:00+00:00,0,0,0.0,[]
2020-11-04 03:15:00+00:00,0,0,0.0,[]
2020-11-04 03:20:00+00:00,0,0,0.0,[]
2020-11-04 03:25:00+00:00,0,0,0.0,[]
2020-11-04 03:30:00+00:00,0,0,0.0,[]
2020-11-04 03:35:00+00:00,0,0,0.0,[]
2020-11-04 03:40:00+00:00,0,0,0.0,[]
2020-11-04 03:45:00+00:00,0,0,0.0,[]
2020-11-04 03:50:00+00:00,0,0,0.0,[]
2020-11-04 03:55:00+00:00,0,0,0.0,[]
2020-11-04 04:00:00+00:00,0,0,0.0,[]
2020-11-04 04:05:00+00:00,0,0,0.0,[]
2020-11-04 04:10:00+00:00,0,0,0.0,[]
2020-11-04 04:15:00+00:00,0,0,0.0,[]
2020-11-04 04:20:00+00:00,0,0,0.0,[]
2020-11-04 04:25:00+00:00,0,0,0.0,[]
2020-11-04 04:30:00+00:00,0,0,0.0,[]
2020-11-04 04:35:00+00:00,0,0,0.0,[]
2020-11-04 04:40:00+00:00,0,0,0.0,[]
2020-11-04 04:45:00+00:00,0,0,0.0,[]
2020-11-04 04:50:00+00:00,0,0,0.0,[]
2020-11-04 04:55:00+00:00,0,0,0.0,[]
2020-11-04 05:00:00+00:00,0,0,0.0,[]
2020-11-04 05:05:00+00:00,0,0,0.0,[]
2020-11-04 05:10:00+00:00,0,0,0.0,[]
2020-11-04 05:15:00+00:00,0,0,0.0,[]
2020-11-04 05:20:00+00:00,0,0,0.0,[]
2020-11-04 05:25:00+00:00,0,0,0.0,[]
2020-11-04 05:30:00+00:00,0,0,0.0,[]
2020-11-04 05:35:00+00:00,0,0,0.0,[]
2020-11-04 05:40:00+00:00,0,0,0.0,[]
2020-11-04 05:45:00+00:00,0,0,0.0,[]
2020-11-04 05:50:00+00:00,0,0,0.0,[]
2020-11-04 05:55:00+00:00,0,0,0.0,[]
2020-11-04 06:00:00+00:00,0,0,0.0,[]
2020-11-04 06:05:00+00:00,0,0,0.0,[]
2020-11-04 06:10:00+00:00,0,0,0.0,[]
2020-11-04 06:15:00+00:00,0,0,0.0,[]
2020-11-04 06:20:00+00:00,130,0,1.0,[130]
2020-11-04 06:25:00+00:00,0,0,0.0,[]
2020-11-04 06:30:00+00:00,0,0,0.0,[]
2020-11-04 06:35:00+00:00,0,0,0.0,[]
2020-11-04 06:40:00+00:00,0,0,0.0,[]
2020-11-04 06:45:00+00:00,0,0,0.0,[]
2020-11-04 06:50:00+00:00,0,0,0.0,[]
2020-11-04 06:55:00+00:00,0,0,0.0,[]
2020-11-04 07:00:00+00:00,0,0,0.0,[]
2020-11-04 07:05:00+00:00,0,0,0.0,[]
2020-11-04 07:10:00+00:00,0,0,0.0,[]
2020-11-04 07:15:00+00:00,0,0,0.0,[]
2020-11-04 07:20:00+00:00,0,0,0.0,[]
2020-11-04 07:25:00+00:00,0,0,0.0,[]
2020-11-04 07:30:00+00:00,0,0,0.0,[]
2020-11-04 07:35:00+00:00,370,0,1.0,[370]
2020-11-04 07:40:00+00:00,0,0,0.0,[]
2020-11-04 07:45:00+00:00,0,0,0.0,[]
2020-11-04 07:50:00+00:00,0,0,0.0,[]
2020-11-04 07:55:00+00:00,0,0,0.0,[]
2020-11-04 08:00:00+00:00,0,0,0.0,[]
2020-11-04 08:05:00+00:00,0,0,0.0,[]
2020-11-04 08:10:00+00:00,0,0,0.0,[]
2020-11-04 08:15:00+00:00,0,0,0.0,[]
2020-11-04 08:20:00+00:00,0,0,0.0,[]
2020-11-04 08:25:00+00:00,0,0,0.0,[]
2020-11-04 08:30:00+00:00,0,0,0.0,[]
2020-11-04 08:35:00+00:00,0,0,0.0,[]
2020-11-04 08:40:00+00:00,0,0,0.0,[]
2020-11-04 08:45:00+00:00,0,0,0.0,[]
2020-11-04 08:50:00+00:00,0,0,0.0,[]
2020-11-04 08:55:00+00:00,0,0,0.0,[]
2020-11-04 09:00:00+00:00,0,0,0.0,[]
2020-11-04 09:05:00+00:00,0,0,0.0,[]
2020-11-04 09:10:00+00:00,0,0,0.0,[]
2020-11-04 09:15:00+00:00,0,0,0.0,[]
2020-11-04 09:20:00+00:00,0,0,0.0,[]
2020-11-04 09:25:00+00:00,0,0,0.0,[]
2020-11-04 09:30:00+00:00,0,0,0.0,[]
2020-11-04 09:35:00+00:00,0,0,0.0,[]
2020-11-04 09:40:00+00:00,0,0,0.0,[]
2020-11-04 09:45:00+00:00,0,0,0.0,[]
2020-11-04 09:50:00+00:00,0,0,0.0,[]
2020-11-04 09:55:00+00:00,0,0,0.0,[]
2020-11-04 10:00:00+00:00,0,0,0.0,[]
2020-11-04 10:05:00+00:00,0,0,0.0,[]
2020-11-04 10:10:00+00:00,0,0,0.0,[]
2020-11-04 10:15:00+00:00,0,0,0.0,[]
2020-11-04 10:20:00+00:00,0,0,0.0,[]
2020-11-04 10:25:00+00:00,0,0,0.0,[]
2020-11-04 10:30:00+00:00,0,0,0.0,[]
2020-11-04 10:35:00+00:00,0,0,0.0,[]
2020-11-04 10:40:00+00:00,0,0,0.0,[]
2020-11-04 10:45:00+00:00,0,0,0.0,[]
2020-11-04 10:50:00+00:00,0,0,0.0,[]
2020-11-04 10:55:00+00:00,0,0,0.0,[]
2020-11-04 11:00:00+00:00,0,0,0.0,[]
2020-11-04 11:05:00+00:00,0,0,0.0,[]
2020-11-04 11:10:00+00:00,0,0,0.0,[]
2020-11-04 11:15:00+00:00,0,0,0.0,[]
2020-11-04 11:20:00+00:00,0,0,0.0,[]
2020-11-04 11:25:00+00:00,0,0,0.0,[]
2020-11-04 11:30:00+00:00,0,0,0.0,[]
2020-11-04 11:35:00+00:00,0,0,0.0,[]
2020-11-04 11:40:00+00:00,0,0,0.0,[]
2020-11-04 11:45:00+00:00,0,0,0.0,[]
2020-11-04 11:50:00+00:00,0,0,0.0,[]
2020-11-04 11:55:00+00:00,0,0,0.0,[]
2020-11-04 12:00:00+00:00,0,0,0.0,[]
2020-11-04 12:05:00+00:00,0,0,0.0,[]
2020-11-04 12:10:00+00:00,0,0,0.0,[]
2020-11-04 12:15:00+00:00,0,0,0.0,[]
2020-11-04 12:20:00+00:00,0,0,0.0,[]
2020-11-04 12:25:00+00:00,0,0,0.0,[]
2020-11-04 12:30:00+00:00,270,0,1.0,[270]
2020-11-04 12:35:00+00:00,0,0,0.0,[]
2020-11-04 12:40:00+00:00,0,0,0.0,[]
2020-11-04 12:45:00+00:00,0,0,0.0,[]
2020-11-04 12:50:00+00:00,0,0,0.0,[]
2020-11-04 12:55:00+00:00,0,0,0.0,[]
2020-11-04 13:00:00+00:00,0,0,0.0,[]
2020-11-04 13:05:00+00:00,0,0,0.0,[]
2020-11-04 13:10:00+00:00,0,0,0.0,[]
2020-11-04 13:15:00+00:00,0,0,0.0,[]
2020-11-04 13:20:00+00:00,0,0,0.0,[]
2020-11-04 13:25:00+00:00,0,0,0.0,[]
2020-11-04 13:30:00+00:00,0,0,0.0,[]
2020-11-04 13:35:00+00:00,0,0,0.0,[]
2020-11-04 13:40:00+00:00,0,0,0.0,[]
2020-11-04 13:45:00+00:00,0,0,0.0,[]
2020-11-04 13:50:00+00:00,0,0,0.0,[]
2020-11-04 13:55:00+00:00,0,0,0.0,[]
2020-11-04 14:00:00+00:00,0,0,0.0,[]
2020-11-04 14:05:00+00:00,0,0,0.0,[]
2020-11-04 14:10:00+00:00,0,0,0.0,[]
2020-11-04 14:15:00+00:00,0,0,0.0,[]
2020-11-04 14:20:00+00:00,0,0,0.0,[]
2020-11-04 14:25:00+00:00,0,0,0.0,[]
2020-11-04 14:30:00+00:00,0,0,0.0,[]
2020-11-04 14:35:00+00:00,0,0,0.0,[]
2020-11-04 14:40:00+00:00,0,0,0.0,[]
2020-11-04 14:45:00+00:00,0,0,0.0,[]
2020-11-04 14:50:00+00:00,0,0,0.0,[]
2020-11-04 14:55:00+00:00,0,0,0.0,[]
2020-11-04 15:00:00+00:00,0,0,0.0,[]
2020-11-04 15:05:00+00:00,0,0,0.0,[]
2020-11-04 15:10:00+00:00,0,0,0.0,[]
2020-11-04 15:15:00+00:00,0,0,0.0,[]
2020-11-04 15:20:00+00:00,0,0,0.0,[]
2020-11-04 15:25:00+00:00,0,0,0.0,[]
2020-11-04 15:30:00+00:00,0,0,0.0,[]
2020-11-04 15:35:00+00:00,0,0,0.0,[]
2020-11-04 15:40:00+00:00,0,0,0.0,[]
2020-11-04 15:45:00+00:00,0,0,0.0,[]
2020-11-04 15:50:00+00:00,0,0,0.0,[]
2020-11-04 15:55:00+00:00,0,0,0.0,[]
2020-11-04 16:00:00+00:00,0,0,0.0,[]
2020-11-04 16:05:00+00:00,280,0,1.0,[280]
2020-11-04 16:10:00+00:00,0,0,0.0,[]
2020-11-04 16:15:00+00:00,0,0,0.0,[]
2020-11-04 16:20:00+00:00,10,0,1.0,[10]
2020-11-04 16:25:00+00:00,0,0,0.0,[]
2020-11-04 16:30:00+00:00,0,0,0.0,[]
2020-11-04 16:35:00+00:00,0,0,0.0,[]
2020-11-04 16:40:00+00:00,0,0,0.0,[]
2020-11-04 16:45:00+00:00,710,0,1.0,[710]
2020-11-04 16:50:00+00:00,0,0,0.0,[]
2020-11-04 16:55:00+00:00,0,0,0.0,[]
2020-11-04 17:00:00+00:00,0,0,0.0,[]
2020-11-04 17:05:00+00:00,0,0,0.0,[]
2020-11-04 17:10:00+00:00,0,0,0.0,[]
2020-11-04 17:15:00+00:00,0,0,0.0,[]
2020-11-04 17:20:00+00:00,0,0,0.0,[]
2020-11-04 17:25:00+00:00,0,0,0.0,[]
2020-11-04 17:30:00+00:00,0,0,0.0,[]
2020-11-04 17:35:00+00:00,0,0,0.0,[]
2020-11-04 17:40:00+00:00,1090,0,1.0,[1090]
2020-11-04 17:45:00+00:00,0,0,0.0,[]
2020-11-04 17:50:00+00:00,0,0,0.0,[]
2020-11-04 17:55:00+00:00,0,0,0.0,[]
2020-11-04 18:00:00+00:00,0,0,0.0,[]
2020-11-04 18:05:00+00:00,0,0,0.0,[]
2020-11-04 18:10:00+00:00,0,0,0.0,[]
2020-11-04 18:15:00+00:00,0,0,0.0,[]
2020-11-04 18:20:00+00:00,0,0,0.0,[]
2020-11-04 18:25:00+00:00,0,0,0.0,[]
2020-11-04 18:30:00+00:00,0,0,0.0,[]
2020-11-04 18:35:00+00:00,0,0,0.0,[]
2020-11-04 18:40:00+00:00,0,0,0.0,[]
2020-11-04 18:45:00+00:00,0,0,0.0,[]
2020-11-04 18:50:00+00:00,0,0,0.0,[]
2020-11-04 18:55:00+00:00,0,0,0.0,[]
2020-11-04 19:00:00+00:00,540,0,1.0,[540]
2020-11-04 19:05:00+00:00,0,0,0.0,[]
2020-11-04 19:10:00+00:00,0,0,0.0,[]
2020-11-04 19:15:00+00:00,0,0,0.0,[]
2020-11-04 19:20:00+00:00,0,0,0.0,[]
2020-11-04 19:25:00+00:00,0,0,0.0,[]
2020-11-04 19:30:00+00:00,0,0,0.0,[]
2020-11-04 19:35:00+00:00,0,0,0.0,[]
2020-11-04 19:40:00+00:00,0,0,0.0,[]
2020-11-04 19:45:00+00:00,0,0,0.0,[]
2020-11-04 19:50:00+00:00,2810,0,1.0,[2810]
2020-11-04 19:55:00+00:00,0,0,0.0,[]
2020-11-04 20:00:00+00:00,0,0,0.0,[]
2020-11-04 20:05:00+00:00,730,0,1.0,[730]
2020-11-04 20:10:00+00:00,0,0,0.0,[]
2020-11-04 20:15:00+00:00,0,0,0.0,[]
2020-11-04 20:20:00+00:00,0,0,0.0,[]
2020-11-04 20:25:00+00:00,0,0,0.0,[]
2020-11-04 20:30:00+00:00,0,0,0.0,[]
2020-11-04 20:35:00+00:00,0,0,0.0,[]
2020-11-04 20:40:00+00:00,0,0,0.0,[]
2020-11-04 20:45:00+00:00,0,0,0.0,[]
2020-11-04 20:50:00+00:00,0,0,0.0,[]
2020-11-04 20:55:00+00:00,0,0,0.0,[]
2020-11-04 21:00:00+00:00,0,0,0.0,[]
2020-11-04 21:05:00+00:00,0,0,0.0,[]
2020-11-04 21:10:00+00:00,0,0,0.0,[]
2020-11-04 21:15:00+00:00,0,0,0.0,[]
2020-11-04 21:20:00+00:00,0,0,0.0,[]
2020-11-04 21:25:00+00:00,0,0,0.0,[]
2020-11-04 21:30:00+00:00,0,0,0.0,[]
2020-11-04 21:35:00+00:00,0,0,0.0,[]
2020-11-04 21:40:00+00:00,0,0,0.0,[]
2020-11-04 21:45:00+00:00,0,0,0.0,[]
2020-11-04 21:50:00+00:00,0,0,0.0,[]
2020-11-04 21:55:00+00:00,0,0,0.0,[]
2020-11-04 22:00:00+00:00,0,0,0.0,[]
2020-11-04 22:05:00+00:00,0,0,0.0,[]
2020-11-04 22:10:00+00:00,0,0,0.0,[]
2020-11-04 22:15:00+00:00,0,0,0.0,[]
2020-11-04 22:20:00+00:00,0,0,0.0,[]
2020-11-04 22:25:00+00:00,310,0,1.0,[310]
2020-11-04 22:30:00+00:00,0,0,0.0,[]
2020-11-04 22:35:00+00:00,0,0,0.0,[]
2020-11-04 22:40:00+00:00,0,0,0.0,[]
2020-11-04 22:45:00+00:00,0,0,0.0,[]
2020-11-04 22:50:00+00:00,0,0,0.0,[]
2020-11-04 22:55:00+00:00,0,0,0.0,[]
2020-11-04 23:00:00+00:00,0,0,0.0,[]
2020-11-04 23:05:00+00:00,0,0,0.0,[]
2020-11-04 23:10:00+00:00,0,0,0.0,[]
2020-11-04 23:15:00+00:00,0,0,0.0,[]
2020-11-04 23:20:00+00:00,0,0,0.0,[]
2020-11-04 23:25:00+00:00,0,0,0.0,[]
2020-11-04 23:30:00+00:00,0,0,0.0,[]
2020-11-04 23:35:00+00:00,0,0,0.0,[]
2020-11-04 23:40:00+00:00,0,0,0.0,[]
2020-11-04 23:45:00+00:00,0,0,0.0,[]
2020-11-04 23:50:00+00:00,0,0,0.0,[]
2020-11-04 23:55:00+00:00,0,0,0.0,[]
2020-11-05 00:00:00+00:00,0,0,0.0,[]
2020-11-05 00:05:00+00:00,0,0,0.0,[]
2020-11-05 00:10:00+00:00,0,0,0.0,[]
2020-11-05 00:15:00+00:00,0,0,0.0,[]
2020-11-05 00:20:00+00:00,0,0,0.0,[]
2020-11-05 00:25:00+00:00,0,0,0.0,[]
2020-11-05 00:30:00+00:00,0,0,0.0,[]
2020-11-05 00:35:00+00:00,0,0,0.0,[]
2020-11-05 00:40:00+00:00,0,0,0.0,[]
2020-11-05 00:45:00+00:00,0,0,0.0,[]
2020-11-05 00:50:00+00:00,0,0,0.0,[]
2020-11-05 00:55:00+00:00,0,0,0.0,[]
2020-11-05 01:00:00+00:00,0,0,0.0,[]
2020-11-05 01:05:00+00:00,0,0,0.0,[]
2020-11-05 01:10:00+00:00,0,0,0.0,[]
2020-11-05 01:15:00+00:00,0,0,0.0,[]
2020-11-05 01:20:00+00:00,0,0,0.0,[]
2020-11-05 01:25:00+00:00,0,0,0.0,[]
2020-11-05 01:30:00+00:00,0,0,0.0,[]
2020-11-05 01:35:00+00:00,0,0,0.0,[]
2020-11-05 01:40:00+00:00,0,0,0.0,[]
2020-11-05 01:45:00+00:00,0,0,0.0,[]
2020-11-05 01:50:00+00:00,0,0,0.0,[]
2020-11-05 01:55:00+00:00,160,0,1.0,[160]
2020-11-05 02:00:00+00:00,0,0,0.0,[]
2020-11-05 02:05:00+00:00,0,0,0.0,[]
2020-11-05 02:10:00+00:00,0,0,0.0,[]
2020-11-05 02:15:00+00:00,0,0,0.0,[]
2020-11-05 02:20:00+00:00,0,0,0.0,[]
2020-11-05 02:25:00+00:00,0,0,0.0,[]
2020-11-05 02:30:00+00:00,0,0,0.0,[]
2020-11-05 02:35:00+00:00,0,0,0.0,[]
2020-11-05 02:40:00+00:00,0,0,0.0,[]
2020-11-05 02:45:00+00:00,0,0,0.0,[]
2020-11-05 02:50:00+00:00,0,0,0.0,[]
2020-11-05 02:55:00+00:00,0,0,0.0,[]
2020-11-05 03:00:00+00:00,0,0,0.0,[]
2020-11-05 03:05:00+00:00,0,0,0.0,[]
2020-11-05 03:10:00+00:00,0,0,0.0,[]
2020-11-05 03:15:00+00:00,0,0,0.0,[]
2020-11-05 03:20:00+00:00,0,0,0.0,[]
2020-11-05 03:25:00+00:00,0,0,0.0,[]
2020-11-05 03:30:00+00:00,0,0,0.0,[]
2020-11-05 03:35:00+00:00,0,0,0.0,[]
2020-11-05 03:40:00+00:00,90,0,1.0,[90]
2020-11-05 03:45:00+00:00,0,0,0.0,[]
2020-11-05 03:50:00+00:00,0,0,0.0,[]
2020-11-05 03:55:00+00:00,0,0,0.0,[]
2020-11-05 04:00:00+00:00,0,0,0.0,[]
2020-11-05 04:05:00+00:00,0,0,0.0,[]
2020-11-05 04:10:00+00:00,0,0,0.0,[]
2020-11-05 04:15:00+00:00,0,0,0.0,[]
2020-11-05 04:20:00+00:00,0,0,0.0,[]
2020-11-05 04:25:00+00:00,0,0,0.0,[]
2020-11-05 04:30:00+00:00,0,0,0.0,[]
2020-11-05 04:35:00+00:00,0,0,0.0,[]
2020-11-05 04:40:00+00:00,0,0,0.0,[]
2020-11-05 04:45:00+00:00,0,0,0.0,[]
2020-11-05 04:50:00+00:00,0,0,0.0,[]
2020-11-05 04:55:00+00:00,0,0,0.0,[]
2020-11-05 05:00:00+00:00,0,0,0.0,[]
2020-11-05 05:05:00+00:00,30,0,1.0,[30]
2020-11-05 05:10:00+00:00,0,0,0.0,[]
2020-11-05 05:15:00+00:00,0,0,0.0,[]
2020-11-05 05:20:00+00:00,0,0,0.0,[]
2020-11-05 05:25:00+00:00,0,0,0.0,[]
2020-11-05 05:30:00+00:00,0,0,0.0,[]
2020-11-05 05:35:00+00:00,0,0,0.0,[]
2020-11-05 05:40:00+00:00,0,0,0.0,[]
2020-11-05 05:45:00+00:00,0,0,0.0,[]
2020-11-05 05:50:00+00:00,0,0,0.0,[]
2020-11-05 05:55:00+00:00,0,0,0.0,[]
2020-11-05 06:00:00+00:00,0,0,0.0,[]
2020-11-05 06:05:00+00:00,0,0,0.0,[]
2020-11-05 06:10:00+00:00,0,0,0.0,[]
2020-11-05 06:15:00+00:00,0,0,0.0,[]
2020-11-05 06:20:00+00:00,1650,0,2.0,"[420, 1230]"
2020-11-05 06:25:00+00:00,0,0,0.0,[]
2020-11-05 06:30:00+00:00,0,0,0.0,[]
2020-11-05 06:35:00+00:00,0,0,0.0,[]
2020-11-05 06:40:00+00:00,0,0,0.0,[]
2020-11-05 06:45:00+00:00,0,0,0.0,[]
2020-11-05 06:50:00+00:00,0,0,0.0,[]
2020-11-05 06:55:00+00:00,0,0,0.0,[]
2020-11-05 07:00:00+00:00,0,0,0.0,[]
2020-11-05 07:05:00+00:00,0,0,0.0,[]
2020-11-05 07:10:00+00:00,80,0,1.0,[80]
2020-11-05 07:15:00+00:00,0,0,0.0,[]
2020-11-05 07:20:00+00:00,160,0,1.0,[160]
2020-11-05 07:25:00+00:00,0,0,0.0,[]
2020-11-05 07:30:00+00:00,0,0,0.0,[]
2020-11-05 07:35:00+00:00,0,0,0.0,[]
2020-11-05 07:40:00+00:00,0,0,0.0,[]
2020-11-05 07:45:00+00:00,0,0,0.0,[]
2020-11-05 07:50:00+00:00,0,0,0.0,[]
2020-11-05 07:55:00+00:00,0,0,0.0,[]
2020-11-05 08:00:00+00:00,0,0,0.0,[]
2020-11-05 08:05:00+00:00,0,0,0.0,[]
2020-11-05 08:10:00+00:00,0,0,0.0,[]
2020-11-05 08:15:00+00:00,360,0,1.0,[360]
2020-11-05 08:20:00+00:00,0,0,0.0,[]
2020-11-05 08:25:00+00:00,0,0,0.0,[]
2020-11-05 08:30:00+00:00,840,0,1.0,[840]
2020-11-05 08:35:00+00:00,0,0,0.0,[]
2020-11-05 08:40:00+00:00,0,0,0.0,[]
2020-11-05 08:45:00+00:00,470,0,1.0,[470]
2020-11-05 08:50:00+00:00,0,0,0.0,[]
2020-11-05 08:55:00+00:00,0,0,0.0,[]
2020-11-05 09:00:00+00:00,0,0,0.0,[]
2020-11-05 09:05:00+00:00,6600,0,1.0,[6600]
2020-11-05 09:10:00+00:00,0,0,0.0,[]
2020-11-05 09:15:00+00:00,0,0,0.0,[]
2020-11-05 09:20:00+00:00,0,0,0.0,[]
2020-11-05 09:25:00+00:00,0,0,0.0,[]
2020-11-05 09:30:00+00:00,0,0,0.0,[]
2020-11-05 09:35:00+00:00,0,0,0.0,[]
2020-11-05 09:40:00+00:00,0,0,0.0,[]
2020-11-05 09:45:00+00:00,0,0,0.0,[]
2020-11-05 09:50:00+00:00,0,0,0.0,[]
2020-11-05 09:55:00+00:00,0,0,0.0,[]
2020-11-05 10:00:00+00:00,0,0,0.0,[]
2020-11-05 10:05:00+00:00,0,0,0.0,[]
2020-11-05 10:10:00+00:00,0,0,0.0,[]
2020-11-05 10:15:00+00:00,0,0,0.0,[]
2020-11-05 10:20:00+00:00,0,0,0.0,[]
2020-11-05 10:25:00+00:00,0,0,0.0,[]
2020-11-05 10:30:00+00:00,0,0,0.0,[]
2020-11-05 10:35:00+00:00,0,0,0.0,[]
2020-11-05 10:40:00+00:00,40,0,1.0,[40]
2020-11-05 10:45:00+00:00,0,0,0.0,[]
2020-11-05 10:50:00+00:00,0,0,0.0,[]
2020-11-05 10:55:00+00:00,0,0,0.0,[]
2020-11-05 11:00:00+00:00,0,0,0.0,[]
2020-11-05 11:05:00+00:00,0,0,0.0,[]
2020-11-05 11:10:00+00:00,0,0,0.0,[]
2020-11-05 11:15:00+00:00,0,0,0.0,[]
2020-11-05 11:20:00+00:00,0,0,0.0,[]
2020-11-05 11:25:00+00:00,0,0,0.0,[]
2020-11-05 11:30:00+00:00,0,0,0.0,[]
2020-11-05 11:35:00+00:00,0,0,0.0,[]
2020-11-05 11:40:00+00:00,20,0,1.0,[20]
2020-11-05 11:45:00+00:00,0,0,0.0,[]
2020-11-05 11:50:00+00:00,0,0,0.0,[]
2020-11-05 11:55:00+00:00,0,0,0.0,[]
2020-11-05 12:00:00+00:00,0,0,0.0,[]
2020-11-05 12:05:00+00:00,0,0,0.0,[]
2020-11-05 12:10:00+00:00,0,0,0.0,[]
2020-11-05 12:15:00+00:00,0,0,0.0,[]
2020-11-05 12:20:00+00:00,0,0,0.0,[]
2020-11-05 12:25:00+00:00,0,0,0.0,[]
2020-11-05 12:30:00+00:00,0,0,0.0,[]
2020-11-05 12:35:00+00:00,0,0,0.0,[]
2020-11-05 12:40:00+00:00,0,0,0.0,[]
2020-11-05 12:45:00+00:00,0,0,0.0,[]
2020-11-05 12:50:00+00:00,0,0,0.0,[]
2020-11-05 12:55:00+00:00,0,0,0.0,[]
2020-11-05 13:00:00+00:00,0,0,0.0,[]
2020-11-05 13:05:00+00:00,0,0,0.0,[]
2020-11-05 13:10:00+00:00,0,0,0.0,[]
2020-11-05 13:15:00+00:00,0,0,0.0,[]
2020-11-05 13:20:00+00:00,0,0,0.0,[]
2020-11-05 13:25:00+00:00,0,0,0.0,[]
2020-11-05 13:30:00+00:00,0,0,0.0,[]
2020-11-05 13:35:00+00:00,0,0,0.0,[]
2020-11-05 13:40:00+00:00,0,0,0.0,[]
2020-11-05 13:45:00+00:00,0,0,0.0,[]
2020-11-05 13:50:00+00:00,0,0,0.0,[]
2020-11-05 13:55:00+00:00,0,0,0.0,[]
2020-11-05 14:00:00+00:00,0,0,0.0,[]
2020-11-05 14:05:00+00:00,0,0,0.0,[]
2020-11-05 14:10:00+00:00,0,0,0.0,[]
2020-11-05 14:15:00+00:00,0,0,0.0,[]
2020-11-05 14:20:00+00:00,0,0,0.0,[]
2020-11-05 14:25:00+00:00,0,0,0.0,[]
2020-11-05 14:30:00+00:00,0,0,0.0,[]
2020-11-05 14:35:00+00:00,0,0,0.0,[]
2020-11-05 14:40:00+00:00,0,0,0.0,[]
2020-11-05 14:45:00+00:00,0,0,0.0,[]
2020-11-05 14:50:00+00:00,0,0,0.0,[]
2020-11-05 14:55:00+00:00,0,0,0.0,[]
2020-11-05 15:00:00+00:00,0,0,0.0,[]
2020-11-05 15:05:00+00:00,0,0,0.0,[]
2020-11-05 15:10:00+00:00,0,0,0.0,[]
2020-11-05 15:15:00+00:00,0,0,0.0,[]
2020-11-05 15:20:00+00:00,0,0,0.0,[]
2020-11-05 15:25:00+00:00,0,0,0.0,[]
2020-11-05 15:30:00+00:00,0,0,0.0,[]
2020-11-05 15:35:00+00:00,0,0,0.0,[]
2020-11-05 15:40:00+00:00,0,0,0.0,[]
2020-11-05 15:45:00+00:00,0,0,0.0,[]
2020-11-05 15:50:00+00:00,0,0,0.0,[]
2020-11-05 15:55:00+00:00,0,0,0.0,[]
2020-11-05 16:00:00+00:00,0,0,0.0,[]
2020-11-05 16:05:00+00:00,0,0,0.0,[]
2020-11-05 16:10:00+00:00,0,0,0.0,[]
2020-11-05 16:15:00+00:00,0,0,0.0,[]
2020-11-05 16:20:00+00:00,0,0,0.0,[]
2020-11-05 16:25:00+00:00,0,0,0.0,[]
2020-11-05 16:30:00+00:00,0,0,0.0,[]
2020-11-05 16:35:00+00:00,0,0,0.0,[]
2020-11-05 16:40:00+00:00,0,0,0.0,[]
2020-11-05 16:45:00+00:00,0,0,0.0,[]
2020-11-05 16:50:00+00:00,0,0,0.0,[]
2020-11-05 16:55:00+00:00,0,0,0.0,[]
2020-11-05 17:00:00+00:00,0,0,0.0,[]
2020-11-05 17:05:00+00:00,0,0,0.0,[]
2020-11-05 17:10:00+00:00,0,0,0.0,[]
2020-11-05 17:15:00+00:00,0,0,0.0,[]
2020-11-05 17:20:00+00:00,0,0,0.0,[]
2020-11-05 17:25:00+00:00,0,0,0.0,[]
2020-11-05 17:30:00+00:00,0,0,0.0,[]
2020-11-05 17:35:00+00:00,0,0,0.0,[]
2020-11-05 17:40:00+00:00,0,0,0.0,[]
2020-11-05 17:45:00+00:00,0,0,0.0,[]
2020-11-05 17:50:00+00:00,160,0,2.0,"[80, 80]"
2020-11-05 17:55:00+00:00,0,0,0.0,[]
2020-11-05 18:00:00+00:00,0,0,0.0,[]
2020-11-05 18:05:00+00:00,0,0,0.0,[]
2020-11-05 18:10:00+00:00,0,0,0.0,[]
2020-11-05 18:15:00+00:00,0,0,0.0,[]
2020-11-05 18:20:00+00:00,0,0,0.0,[]
2020-11-05 18:25:00+00:00,0,0,0.0,[]
2020-11-05 18:30:00+00:00,0,0,0.0,[]
2020-11-05 18:35:00+00:00,0,0,0.0,[]
2020-11-05 18:40:00+00:00,0,0,0.0,[]
2020-11-05 18:45:00+00:00,0,0,0.0,[]
2020-11-05 18:50:00+00:00,0,0,0.0,[]
2020-11-05 18:55:00+00:00,0,0,0.0,[]
2020-11-05 19:00:00+00:00,0,0,0.0,[]
2020-11-05 19:05:00+00:00,0,0,0.0,[]
2020-11-05 19:10:00+00:00,0,0,0.0,[]
2020-11-05 19:15:00+00:00,350,0,1.0,[350]
2020-11-05 19:20:00+00:00,760,0,1.0,[760]
2020-11-05 19:25:00+00:00,0,0,0.0,[]
2020-11-05 19:30:00+00:00,0,0,0.0,[]
2020-11-05 19:35:00+00:00,0,0,0.0,[]
2020-11-05 19:40:00+00:00,0,0,0.0,[]
2020-11-05 19:45:00+00:00,0,0,0.0,[]
2020-11-05 19:50:00+00:00,0,0,0.0,[]
2020-11-05 19:55:00+00:00,0,0,0.0,[]
2020-11-05 20:00:00+00:00,0,0,0.0,[]
2020-11-05 20:05:00+00:00,0,0,0.0,[]
2020-11-05 20:10:00+00:00,0,0,0.0,[]
2020-11-05 20:15:00+00:00,0,0,0.0,[]
2020-11-05 20:20:00+00:00,0,0,0.0,[]
2020-11-05 20:25:00+00:00,830,0,1.0,[830]
2020-11-05 20:30:00+00:00,0,0,0.0,[]
2020-11-05 20:35:00+00:00,0,0,0.0,[]
2020-11-05 20:40:00+00:00,0,0,0.0,[]
2020-11-05 20:45:00+00:00,0,0,0.0,[]
2020-11-05 20:50:00+00:00,0,0,0.0,[]
2020-11-05 20:55:00+00:00,0,0,0.0,[]
2020-11-05 21:00:00+00:00,0,0,0.0,[]
2020-11-05 21:05:00+00:00,0,0,0.0,[]
2020-11-05 21:10:00+00:00,0,0,0.0,[]
2020-11-05 21:15:00+00:00,120,0,1.0,[120]
2020-11-05 21:20:00+00:00,0,0,0.0,[]
2020-11-05 21:25:00+00:00,0,0,0.0,[]
2020-11-05 21:30:00+00:00,0,0,0.0,[]
2020-11-05 21:35:00+00:00,0,0,0.0,[]
2020-11-05 21:40:00+00:00,0,0,0.0,[]
2020-11-05 21:45:00+00:00,0,0,0.0,[]
2020-11-05 21:50:00+00:00,0,0,0.0,[]
2020-11-05 21:55:00+00:00,0,0,0.0,[]
2020-11-05 22:00:00+00:00,0,0,0.0,[]
2020-11-05 22:05:00+00:00,0,0,0.0,[]
2020-11-05 22:10:00+00:00,0,0,0.0,[]
2020-11-05 22:15:00+00:00,0,0,0.0,[]
2020-11-05 22:20:00+00:00,0,0,0.0,[]
2020-11-05 22:25:00+00:00,0,0,0.0,[]
2020-11-05 22:30:00+00:00,0,0,0.0,[]
2020-11-05 22:35:00+00:00,0,0,1.0,[0]
2020-11-05 22:40:00+00:00,10,0,1.0,[10]
2020-11-05 22:45:00+00:00,0,0,0.0,[]
2020-11-05 22:50:00+00:00,0,0,0.0,[]
2020-11-05 22:55:00+00:00,0,0,0.0,[]
2020-11-05 23:00:00+00:00,0,0,0.0,[]
2020-11-05 23:05:00+00:00,0,0,0.0,[]
2020-11-05 23:10:00+00:00,0,0,0.0,[]
2020-11-05 23:15:00+00:00,0,0,0.0,[]
2020-11-05 23:20:00+00:00,220,0,1.0,[220]
2020-11-05 23:25:00+00:00,210,0,1.0,[210]
2020-11-05 23:30:00+00:00,0,0,0.0,[]
2020-11-05 23:35:00+00:00,0,0,0.0,[]
2020-11-05 23:40:00+00:00,0,0,0.0,[]
2020-11-05 23:45:00+00:00,0,0,0.0,[]
2020-11-05 23:50:00+00:00,0,0,0.0,[]
2020-11-05 23:55:00+00:00,0,0,0.0,[]
2020-11-06 00:00:00+00:00,470,0,1.0,[470]
2020-11-06 00:05:00+00:00,0,0,0.0,[]
2020-11-06 00:10:00+00:00,0,0,0.0,[]
2020-11-06 00:15:00+00:00,0,0,0.0,[]
2020-11-06 00:20:00+00:00,0,0,0.0,[]
2020-11-06 00:25:00+00:00,0,0,0.0,[]
2020-11-06 00:30:00+00:00,0,0,0.0,[]
2020-11-06 00:35:00+00:00,0,0,0.0,[]
2020-11-06 00:40:00+00:00,0,0,0.0,[]
2020-11-06 00:45:00+00:00,0,0,0.0,[]
2020-11-06 00:50:00+00:00,0,0,0.0,[]
2020-11-06 00:55:00+00:00,0,0,0.0,[]
2020-11-06 01:00:00+00:00,0,0,0.0,[]
2020-11-06 01:05:00+00:00,0,0,0.0,[]
2020-11-06 01:10:00+00:00,0,0,0.0,[]
2020-11-06 01:15:00+00:00,0,0,0.0,[]
2020-11-06 01:20:00+00:00,0,0,0.0,[]
2020-11-06 01:25:00+00:00,0,0,0.0,[]
2020-11-06 01:30:00+00:00,0,0,0.0,[]
2020-11-06 01:35:00+00:00,0,0,0.0,[]
2020-11-06 01:40:00+00:00,0,0,0.0,[]
2020-11-06 01:45:00+00:00,0,0,0.0,[]
2020-11-06 01:50:00+00:00,0,0,0.0,[]
2020-11-06 01:55:00+00:00,0,0,0.0,[]
2020-11-06 02:00:00+00:00,0,0,0.0,[]
2020-11-06 02:05:00+00:00,800,0,1.0,[800]
2020-11-06 02:10:00+00:00,0,0,0.0,[]
2020-11-06 02:15:00+00:00,0,0,0.0,[]
2020-11-06 02:20:00+00:00,0,0,0.0,[]
2020-11-06 02:25:00+00:00,0,0,0.0,[]
2020-11-06 02:30:00+00:00,0,0,0.0,[]
2020-11-06 02:35:00+00:00,1250,0,1.0,[1250]
2020-11-06 02:40:00+00:00,0,0,0.0,[]
2020-11-06 02:45:00+00:00,0,0,0.0,[]
2020-11-06 02:50:00+00:00,0,0,0.0,[]
2020-11-06 02:55:00+00:00,0,0,0.0,[]
2020-11-06 03:00:00+00:00,0,0,0.0,[]
2020-11-06 03:05:00+00:00,0,0,0.0,[]
2020-11-06 03:10:00+00:00,0,0,0.0,[]
2020-11-06 03:15:00+00:00,0,0,0.0,[]
2020-11-06 03:20:00+00:00,0,0,0.0,[]
2020-11-06 03:25:00+00:00,0,0,0.0,[]
2020-11-06 03:30:00+00:00,0,0,0.0,[]
2020-11-06 03:35:00+00:00,0,0,0.0,[]
2020-11-06 03:40:00+00:00,0,0,0.0,[]
2020-11-06 03:45:00+00:00,0,0,0.0,[]
2020-11-06 03:50:00+00:00,0,0,0.0,[]
2020-11-06 03:55:00+00:00,0,0,0.0,[]
2020-11-06 04:00:00+00:00,0,0,0.0,[]
2020-11-06 04:05:00+00:00,0,0,0.0,[]
2020-11-06 04:10:00+00:00,0,0,0.0,[]
2020-11-06 04:15:00+00:00,1260,0,1.0,[1260]
2020-11-06 04:20:00+00:00,0,0,0.0,[]
2020-11-06 04:25:00+00:00,0,0,0.0,[]
2020-11-06 04:30:00+00:00,0,0,0.0,[]
2020-11-06 04:35:00+00:00,0,0,0.0,[]
2020-11-06 04:40:00+00:00,0,0,0.0,[]
2020-11-06 04:45:00+00:00,0,0,0.0,[]
2020-11-06 04:50:00+00:00,0,0,0.0,[]
2020-11-06 04:55:00+00:00,0,0,0.0,[]
2020-11-06 05:00:00+00:00,0,0,0.0,[]
2020-11-06 05:05:00+00:00,0,0,0.0,[]
2020-11-06 05:10:00+00:00,0,0,0.0,[]
2020-11-06 05:15:00+00:00,0,0,0.0,[]
2020-11-06 05:20:00+00:00,0,0,0.0,[]
2020-11-06 05:25:00+00:00,0,0,0.0,[]
2020-11-06 05:30:00+00:00,0,0,0.0,[]
2020-11-06 05:35:00+00:00,0,0,0.0,[]
2020-11-06 05:40:00+00:00,0,0,0.0,[]
2020-11-06 05:45:00+00:00,1180,0,2.0,"[790, 390]"
2020-11-06 05:50:00+00:00,0,0,0.0,[]
2020-11-06 05:55:00+00:00,0,0,0.0,[]
2020-11-06 06:00:00+00:00,0,0,0.0,[]
2020-11-06 06:05:00+00:00,0,0,0.0,[]
2020-11-06 06:10:00+00:00,0,0,0.0,[]
2020-11-06 06:15:00+00:00,0,0,0.0,[]
2020-11-06 06:20:00+00:00,0,0,0.0,[]
2020-11-06 06:25:00+00:00,2540,0,2.0,"[2400, 140]"
2020-11-06 06:30:00+00:00,0,0,0.0,[]
2020-11-06 06:35:00+00:00,0,0,0.0,[]
2020-11-06 06:40:00+00:00,0,0,0.0,[]
2020-11-06 06:45:00+00:00,0,0,0.0,[]
2020-11-06 06:50:00+00:00,0,0,0.0,[]
2020-11-06 06:55:00+00:00,0,0,0.0,[]
2020-11-06 07:00:00+00:00,0,0,0.0,[]
2020-11-06 07:05:00+00:00,0,0,0.0,[]
2020-11-06 07:10:00+00:00,0,0,0.0,[]
2020-11-06 07:15:00+00:00,0,0,0.0,[]
2020-11-06 07:20:00+00:00,0,0,0.0,[]
2020-11-06 07:25:00+00:00,0,0,0.0,[]
2020-11-06 07:30:00+00:00,0,0,0.0,[]
2020-11-06 07:35:00+00:00,0,0,0.0,[]
2020-11-06 07:40:00+00:00,0,0,0.0,[]
2020-11-06 07:45:00+00:00,0,0,0.0,[]
2020-11-06 07:50:00+00:00,960,0,2.0,"[480, 480]"
2020-11-06 07:55:00+00:00,0,0,0.0,[]
2020-11-06 08:00:00+00:00,0,0,0.0,[]
2020-11-06 08:05:00+00:00,0,0,0.0,[]
2020-11-06 08:10:00+00:00,20,0,1.0,[20]
2020-11-06 08:15:00+00:00,0,0,0.0,[]
2020-11-06 08:20:00+00:00,0,0,0.0,[]
2020-11-06 08:25:00+00:00,0,0,0.0,[]
2020-11-06 08:30:00+00:00,0,0,0.0,[]
2020-11-06 08:35:00+00:00,0,0,0.0,[]
2020-11-06 08:40:00+00:00,0,0,0.0,[]
2020-11-06 08:45:00+00:00,0,0,0.0,[]
2020-11-06 08:50:00+00:00,0,0,0.0,[]
2020-11-06 08:55:00+00:00,0,0,0.0,[]
2020-11-06 09:00:00+00:00,0,0,0.0,[]
2020-11-06 09:05:00+00:00,0,0,0.0,[]
2020-11-06 09:10:00+00:00,0,0,0.0,[]
2020-11-06 09:15:00+00:00,0,0,0.0,[]
2020-11-06 09:20:00+00:00,0,0,0.0,[]
2020-11-06 09:25:00+00:00,0,0,0.0,[]
2020-11-06 09:30:00+00:00,0,0,0.0,[]
2020-11-06 09:35:00+00:00,0,0,0.0,[]
2020-11-06 09:40:00+00:00,0,0,0.0,[]
2020-11-06 09:45:00+00:00,0,0,0.0,[]
2020-11-06 09:50:00+00:00,0,0,0.0,[]
2020-11-06 09:55:00+00:00,0,0,0.0,[]
2020-11-06 10:00:00+00:00,0,0,0.0,[]
2020-11-06 10:05:00+00:00,0,0,0.0,[]
2020-11-06 10:10:00+00:00,0,0,0.0,[]
2020-11-06 10:15:00+00:00,0,0,0.0,[]
2020-11-06 10:20:00+00:00,0,0,0.0,[]
2020-11-06 10:25:00+00:00,0,0,0.0,[]
2020-11-06 10:30:00+00:00,0,0,0.0,[]
2020-11-06 10:35:00+00:00,0,0,0.0,[]
2020-11-06 10:40:00+00:00,0,0,0.0,[]
2020-11-06 10:45:00+00:00,0,0,0.0,[]
2020-11-06 10:50:00+00:00,0,0,0.0,[]
2020-11-06 10:55:00+00:00,0,0,0.0,[]
2020-11-06 11:00:00+00:00,0,0,0.0,[]
2020-11-06 11:05:00+00:00,0,0,0.0,[]
2020-11-06 11:10:00+00:00,0,0,0.0,[]
2020-11-06 11:15:00+00:00,0,0,0.0,[]
2020-11-06 11:20:00+00:00,0,0,0.0,[]
2020-11-06 11:25:00+00:00,0,0,0.0,[]
2020-11-06 11:30:00+00:00,0,0,0.0,[]
2020-11-06 11:35:00+00:00,0,0,0.0,[]
2020-11-06 11:40:00+00:00,20,0,1.0,[20]
2020-11-06 11:45:00+00:00,0,0,0.0,[]
2020-11-06 11:50:00+00:00,0,0,0.0,[]
2020-11-06 11:55:00+00:00,0,0,0.0,[]
2020-11-06 12:00:00+00:00,0,0,0.0,[]
2020-11-06 12:05:00+00:00,0,0,0.0,[]
2020-11-06 12:10:00+00:00,0,0,0.0,[]
2020-11-06 12:15:00+00:00,0,0,0.0,[]
2020-11-06 12:20:00+00:00,0,0,0.0,[]
2020-11-06 12:25:00+00:00,0,0,0.0,[]
2020-11-06 12:30:00+00:00,150,0,1.0,[150]
2020-11-06 12:35:00+00:00,0,0,0.0,[]
2020-11-06 12:40:00+00:00,0,0,0.0,[]
2020-11-06 12:45:00+00:00,0,0,0.0,[]
2020-11-06 12:50:00+00:00,0,0,0.0,[]
2020-11-06 12:55:00+00:00,0,0,0.0,[]
2020-11-06 13:00:00+00:00,0,0,0.0,[]
2020-11-06 13:05:00+00:00,0,0,0.0,[]
2020-11-06 13:10:00+00:00,0,0,0.0,[]
2020-11-06 13:15:00+00:00,0,0,0.0,[]
2020-11-06 13:20:00+00:00,0,0,0.0,[]
2020-11-06 13:25:00+00:00,0,0,0.0,[]
2020-11-06 13:30:00+00:00,0,0,0.0,[]
2020-11-06 13:35:00+00:00,90,0,1.0,[90]
2020-11-06 13:40:00+00:00,0,0,0.0,[]
2020-11-06 13:45:00+00:00,0,0,0.0,[]
2020-11-06 13:50:00+00:00,0,0,0.0,[]
2020-11-06 13:55:00+00:00,0,0,0.0,[]
2020-11-06 14:00:00+00:00,0,0,0.0,[]
2020-11-06 14:05:00+00:00,0,0,0.0,[]
2020-11-06 14:10:00+00:00,0,0,0.0,[]
2020-11-06 14:15:00+00:00,0,0,0.0,[]
2020-11-06 14:20:00+00:00,0,0,0.0,[]
2020-11-06 14:25:00+00:00,660,0,1.0,[660]
2020-11-06 14:30:00+00:00,0,0,0.0,[]
2020-11-06 14:35:00+00:00,0,0,0.0,[]
2020-11-06 14:40:00+00:00,0,0,0.0,[]
2020-11-06 14:45:00+00:00,0,0,0.0,[]
2020-11-06 14:50:00+00:00,0,0,0.0,[]
2020-11-06 14:55:00+00:00,0,0,0.0,[]
2020-11-06 15:00:00+00:00,0,0,0.0,[]
2020-11-06 15:05:00+00:00,0,0,0.0,[]
2020-11-06 15:10:00+00:00,0,0,0.0,[]
2020-11-06 15:15:00+00:00,0,0,0.0,[]
2020-11-06 15:20:00+00:00,0,0,0.0,[]
2020-11-06 15:25:00+00:00,0,0,0.0,[]
2020-11-06 15:30:00+00:00,0,0,0.0,[]
2020-11-06 15:35:00+00:00,0,0,0.0,[]
2020-11-06 15:40:00+00:00,0,0,0.0,[]
2020-11-06 15:45:00+00:00,0,0,0.0,[]
2020-11-06 15:50:00+00:00,0,0,0.0,[]
2020-11-06 15:55:00+00:00,0,0,0.0,[]
2020-11-06 16:00:00+00:00,0,0,0.0,[]
2020-11-06 16:05:00+00:00,0,0,0.0,[]
2020-11-06 16:10:00+00:00,0,0,0.0,[]
2020-11-06 16:15:00+00:00,0,0,0.0,[]
2020-11-06 16:20:00+00:00,4090,0,2.0,"[450, 3640]"
2020-11-06 16:25:00+00:00,0,0,0.0,[]
2020-11-06 16:30:00+00:00,0,0,0.0,[]
2020-11-06 16:35:00+00:00,0,0,0.0,[]
2020-11-06 16:40:00+00:00,0,0,0.0,[]
2020-11-06 16:45:00+00:00,0,0,0.0,[]
2020-11-06 16:50:00+00:00,0,0,0.0,[]
2020-11-06 16:55:00+00:00,260,0,1.0,[260]
2020-11-06 17:00:00+00:00,0,0,0.0,[]
2020-11-06 17:05:00+00:00,0,0,1.0,[0]
2020-11-06 17:10:00+00:00,0,0,0.0,[]
2020-11-06 17:15:00+00:00,0,0,0.0,[]
2020-11-06 17:20:00+00:00,0,0,0.0,[]
2020-11-06 17:25:00+00:00,0,0,0.0,[]
2020-11-06 17:30:00+00:00,0,0,0.0,[]
2020-11-06 17:35:00+00:00,180,0,1.0,[180]
2020-11-06 17:40:00+00:00,970,0,1.0,[970]
2020-11-06 17:45:00+00:00,0,0,0.0,[]
2020-11-06 17:50:00+00:00,0,0,0.0,[]
2020-11-06 17:55:00+00:00,0,0,0.0,[]
2020-11-06 18:00:00+00:00,2300,0,2.0,"[1150, 1150]"
2020-11-06 18:05:00+00:00,0,0,0.0,[]
2020-11-06 18:10:00+00:00,0,0,0.0,[]
2020-11-06 18:15:00+00:00,0,0,0.0,[]
2020-11-06 18:20:00+00:00,0,0,0.0,[]
2020-11-06 18:25:00+00:00,0,0,0.0,[]
2020-11-06 18:30:00+00:00,860,0,1.0,[860]
2020-11-06 18:35:00+00:00,0,0,0.0,[]
2020-11-06 18:40:00+00:00,0,0,0.0,[]
2020-11-06 18:45:00+00:00,0,0,0.0,[]
2020-11-06 18:50:00+00:00,0,0,0.0,[]
2020-11-06 18:55:00+00:00,0,0,0.0,[]
2020-11-06 19:00:00+00:00,0,0,0.0,[]
2020-11-06 19:05:00+00:00,0,0,0.0,[]
2020-11-06 19:10:00+00:00,140,0,1.0,[140]
2020-11-06 19:15:00+00:00,0,0,0.0,[]
2020-11-06 19:20:00+00:00,0,0,0.0,[]
2020-11-06 19:25:00+00:00,0,0,0.0,[]
2020-11-06 19:30:00+00:00,0,0,0.0,[]
2020-11-06 19:35:00+00:00,0,0,0.0,[]
2020-11-06 19:40:00+00:00,0,0,0.0,[]
2020-11-06 19:45:00+00:00,0,0,0.0,[]
2020-11-06 19:50:00+00:00,0,0,0.0,[]
2020-11-06 19:55:00+00:00,280,0,2.0,"[140, 140]"
2020-11-06 20:00:00+00:00,0,0,0.0,[]
2020-11-06 20:05:00+00:00,0,0,0.0,[]
2020-11-06 20:10:00+00:00,0,0,0.0,[]
2020-11-06 20:15:00+00:00,0,0,0.0,[]
2020-11-06 20:20:00+00:00,0,0,0.0,[]
2020-11-06 20:25:00+00:00,200,0,1.0,[200]
2020-11-06 20:30:00+00:00,0,0,0.0,[]
2020-11-06 20:35:00+00:00,780,0,1.0,[780]
2020-11-06 20:40:00+00:00,0,0,0.0,[]
2020-11-06 20:45:00+00:00,0,0,0.0,[]
2020-11-06 20:50:00+00:00,0,0,0.0,[]
2020-11-06 20:55:00+00:00,0,0,0.0,[]
2020-11-06 21:00:00+00:00,0,0,0.0,[]
2020-11-06 21:05:00+00:00,0,0,0.0,[]
2020-11-06 21:10:00+00:00,0,0,0.0,[]
2020-11-06 21:15:00+00:00,0,0,0.0,[]
2020-11-06 21:20:00+00:00,0,0,0.0,[]
2020-11-06 21:25:00+00:00,0,0,0.0,[]
2020-11-06 21:30:00+00:00,0,0,0.0,[]
2020-11-06 21:35:00+00:00,0,0,0.0,[]
2020-11-06 21:40:00+00:00,0,0,0.0,[]
2020-11-06 21:45:00+00:00,0,0,0.0,[]
2020-11-06 21:50:00+00:00,0,0,0.0,[]
2020-11-06 21:55:00+00:00,0,0,0.0,[]
2020-11-06 22:00:00+00:00,80,0,1.0,[80]
2020-11-06 22:05:00+00:00,0,0,0.0,[]
2020-11-06 22:10:00+00:00,0,0,0.0,[]
2020-11-06 22:15:00+00:00,0,0,0.0,[]
2020-11-06 22:20:00+00:00,0,0,0.0,[]
2020-11-06 22:25:00+00:00,0,0,0.0,[]
2020-11-06 22:30:00+00:00,0,0,0.0,[]
2020-11-06 22:35:00+00:00,0,0,0.0,[]
2020-11-06 22:40:00+00:00,0,0,0.0,[]
2020-11-06 22:45:00+00:00,0,0,0.0,[]
2020-11-06 22:50:00+00:00,0,0,0.0,[]
2020-11-06 22:55:00+00:00,0,0,0.0,[]
2020-11-06 23:00:00+00:00,700,0,1.0,[700]
2020-11-06 23:05:00+00:00,0,0,0.0,[]
2020-11-06 23:10:00+00:00,0,0,0.0,[]
2020-11-06 23:15:00+00:00,0,0,0.0,[]
2020-11-06 23:20:00+00:00,0,0,0.0,[]
2020-11-06 23:25:00+00:00,70,0,1.0,[70]
2020-11-06 23:30:00+00:00,0,0,0.0,[]
2020-11-06 23:35:00+00:00,0,0,0.0,[]
2020-11-06 23:40:00+00:00,0,0,0.0,[]
2020-11-06 23:45:00+00:00,0,0,0.0,[]
2020-11-06 23:50:00+00:00,0,0,0.0,[]
2020-11-06 23:55:00+00:00,0,0,0.0,[]
2020-11-07 00:00:00+00:00,0,0,0.0,[]
2020-11-07 00:05:00+00:00,0,0,0.0,[]
2020-11-07 00:10:00+00:00,0,0,0.0,[]
2020-11-07 00:15:00+00:00,0,0,0.0,[]
2020-11-07 00:20:00+00:00,0,0,0.0,[]
2020-11-07 00:25:00+00:00,0,0,0.0,[]
2020-11-07 00:30:00+00:00,0,0,0.0,[]
2020-11-07 00:35:00+00:00,730,0,1.0,[730]
2020-11-07 00:40:00+00:00,0,0,0.0,[]
2020-11-07 00:45:00+00:00,0,0,0.0,[]
2020-11-07 00:50:00+00:00,0,0,0.0,[]
2020-11-07 00:55:00+00:00,0,0,0.0,[]
2020-11-07 01:00:00+00:00,0,0,0.0,[]
2020-11-07 01:05:00+00:00,0,0,0.0,[]
2020-11-07 01:10:00+00:00,0,0,0.0,[]
2020-11-07 01:15:00+00:00,0,0,0.0,[]
2020-11-07 01:20:00+00:00,1090,0,1.0,[1090]
2020-11-07 01:25:00+00:00,0,0,0.0,[]
2020-11-07 01:30:00+00:00,0,0,0.0,[]
2020-11-07 01:35:00+00:00,0,0,0.0,[]
2020-11-07 01:40:00+00:00,0,0,0.0,[]
2020-11-07 01:45:00+00:00,0,0,0.0,[]
2020-11-07 01:50:00+00:00,0,0,0.0,[]
2020-11-07 01:55:00+00:00,0,0,0.0,[]
2020-11-07 02:00:00+00:00,0,0,0.0,[]
2020-11-07 02:05:00+00:00,0,0,0.0,[]
2020-11-07 02:10:00+00:00,0,0,0.0,[]
2020-11-07 02:15:00+00:00,0,0,0.0,[]
2020-11-07 02:20:00+00:00,0,0,0.0,[]
2020-11-07 02:25:00+00:00,0,0,0.0,[]
2020-11-07 02:30:00+00:00,0,0,0.0,[]
2020-11-07 02:35:00+00:00,0,0,0.0,[]
2020-11-07 02:40:00+00:00,0,0,0.0,[]
2020-11-07 02:45:00+00:00,0,0,0.0,[]
2020-11-07 02:50:00+00:00,0,0,0.0,[]
2020-11-07 02:55:00+00:00,0,0,0.0,[]
2020-11-07 03:00:00+00:00,0,0,0.0,[]
2020-11-07 03:05:00+00:00,0,0,0.0,[]
2020-11-07 03:10:00+00:00,0,0,0.0,[]
2020-11-07 03:15:00+00:00,0,0,0.0,[]
2020-11-07 03:20:00+00:00,0,0,0.0,[]
2020-11-07 03:25:00+00:00,60,0,1.0,[60]
2020-11-07 03:30:00+00:00,3090,0,3.0,"[2080, 110, 900]"
2020-11-07 03:35:00+00:00,3400,0,1.0,[3400]
2020-11-07 03:40:00+00:00,0,0,0.0,[]
2020-11-07 03:45:00+00:00,0,0,0.0,[]
2020-11-07 03:50:00+00:00,0,0,0.0,[]
2020-11-07 03:55:00+00:00,0,0,0.0,[]
2020-11-07 04:00:00+00:00,0,0,0.0,[]
2020-11-07 04:05:00+00:00,0,0,0.0,[]
2020-11-07 04:10:00+00:00,300,0,1.0,[300]
2020-11-07 04:15:00+00:00,0,0,0.0,[]
2020-11-07 04:20:00+00:00,0,0,0.0,[]
2020-11-07 04:25:00+00:00,0,0,0.0,[]
2020-11-07 04:30:00+00:00,0,0,0.0,[]
2020-11-07 04:35:00+00:00,0,0,0.0,[]
2020-11-07 04:40:00+00:00,0,0,0.0,[]
2020-11-07 04:45:00+00:00,0,0,0.0,[]
2020-11-07 04:50:00+00:00,30,0,1.0,[30]
2020-11-07 04:55:00+00:00,0,0,0.0,[]
2020-11-07 05:00:00+00:00,160,0,1.0,[160]
2020-11-07 05:05:00+00:00,0,0,0.0,[]
2020-11-07 05:10:00+00:00,0,0,0.0,[]
2020-11-07 05:15:00+00:00,220,0,1.0,[220]
2020-11-07 05:20:00+00:00,0,0,0.0,[]
2020-11-07 05:25:00+00:00,0,0,0.0,[]
2020-11-07 05:30:00+00:00,0,0,0.0,[]
2020-11-07 05:35:00+00:00,0,0,0.0,[]
2020-11-07 05:40:00+00:00,0,0,0.0,[]
2020-11-07 05:45:00+00:00,0,0,0.0,[]
2020-11-07 05:50:00+00:00,0,0,0.0,[]
2020-11-07 05:55:00+00:00,0,0,0.0,[]
2020-11-07 06:00:00+00:00,0,0,0.0,[]
2020-11-07 06:05:00+00:00,0,0,0.0,[]
2020-11-07 06:10:00+00:00,0,0,0.0,[]
2020-11-07 06:15:00+00:00,0,0,0.0,[]
2020-11-07 06:20:00+00:00,0,0,0.0,[]
2020-11-07 06:25:00+00:00,0,0,0.0,[]
2020-11-07 06:30:00+00:00,0,0,0.0,[]
2020-11-07 06:35:00+00:00,0,0,0.0,[]
2020-11-07 06:40:00+00:00,0,0,0.0,[]
2020-11-07 06:45:00+00:00,0,0,0.0,[]
2020-11-07 06:50:00+00:00,0,0,0.0,[]
2020-11-07 06:55:00+00:00,0,0,0.0,[]
2020-11-07 07:00:00+00:00,0,0,0.0,[]
2020-11-07 07:05:00+00:00,0,0,0.0,[]
2020-11-07 07:10:00+00:00,0,0,0.0,[]
2020-11-07 07:15:00+00:00,0,0,0.0,[]
2020-11-07 07:20:00+00:00,0,0,0.0,[]
2020-11-07 07:25:00+00:00,0,0,0.0,[]
2020-11-07 07:30:00+00:00,0,0,0.0,[]
2020-11-07 07:35:00+00:00,0,0,0.0,[]
2020-11-07 07:40:00+00:00,0,0,0.0,[]
2020-11-07 07:45:00+00:00,0,0,0.0,[]
2020-11-07 07:50:00+00:00,0,0,0.0,[]
2020-11-07 07:55:00+00:00,0,0,0.0,[]
2020-11-07 08:00:00+00:00,0,0,0.0,[]
2020-11-07 08:05:00+00:00,0,0,0.0,[]
2020-11-07 08:10:00+00:00,0,0,0.0,[]
2020-11-07 08:15:00+00:00,0,0,0.0,[]
2020-11-07 08:20:00+00:00,0,0,0.0,[]
2020-11-07 08:25:00+00:00,0,0,0.0,[]
2020-11-07 08:30:00+00:00,0,0,0.0,[]
2020-11-07 08:35:00+00:00,0,0,0.0,[]
2020-11-07 08:40:00+00:00,0,0,0.0,[]
2020-11-07 08:45:00+00:00,0,0,0.0,[]
2020-11-07 08:50:00+00:00,0,0,0.0,[]
2020-11-07 08:55:00+00:00,0,0,0.0,[]
2020-11-07 09:00:00+00:00,0,0,0.0,[]
2020-11-07 09:05:00+00:00,0,0,0.0,[]
2020-11-07 09:10:00+00:00,0,0,0.0,[]
2020-11-07 09:15:00+00:00,0,0,0.0,[]
2020-11-07 09:20:00+00:00,0,0,0.0,[]
2020-11-07 09:25:00+00:00,0,0,0.0,[]
2020-11-07 09:30:00+00:00,0,0,0.0,[]
2020-11-07 09:35:00+00:00,0,0,0.0,[]
2020-11-07 09:40:00+00:00,0,0,0.0,[]
2020-11-07 09:45:00+00:00,0,0,0.0,[]
2020-11-07 09:50:00+00:00,0,0,0.0,[]
2020-11-07 09:55:00+00:00,0,0,0.0,[]
2020-11-07 10:00:00+00:00,0,0,0.0,[]
2020-11-07 10:05:00+00:00,0,0,0.0,[]
2020-11-07 10:10:00+00:00,0,0,0.0,[]
2020-11-07 10:15:00+00:00,0,0,0.0,[]
2020-11-07 10:20:00+00:00,0,0,0.0,[]
2020-11-07 10:25:00+00:00,0,0,0.0,[]
2020-11-07 10:30:00+00:00,0,0,0.0,[]
2020-11-07 10:35:00+00:00,0,0,0.0,[]
2020-11-07 10:40:00+00:00,0,0,0.0,[]
2020-11-07 10:45:00+00:00,0,0,0.0,[]
2020-11-07 10:50:00+00:00,0,0,0.0,[]
2020-11-07 10:55:00+00:00,0,0,0.0,[]
2020-11-07 11:00:00+00:00,0,0,0.0,[]
2020-11-07 11:05:00+00:00,0,0,0.0,[]
2020-11-07 11:10:00+00:00,0,0,0.0,[]
2020-11-07 11:15:00+00:00,0,0,0.0,[]
2020-11-07 11:20:00+00:00,0,0,0.0,[]
2020-11-07 11:25:00+00:00,0,0,0.0,[]
2020-11-07 11:30:00+00:00,0,0,0.0,[]
2020-11-07 11:35:00+00:00,0,0,0.0,[]
2020-11-07 11:40:00+00:00,0,0,0.0,[]
2020-11-07 11:45:00+00:00,0,0,0.0,[]
2020-11-07 11:50:00+00:00,0,0,0.0,[]
2020-11-07 11:55:00+00:00,0,0,0.0,[]
2020-11-07 12:00:00+00:00,0,0,0.0,[]
2020-11-07 12:05:00+00:00,0,0,0.0,[]
2020-11-07 12:10:00+00:00,0,0,0.0,[]
2020-11-07 12:15:00+00:00,0,0,0.0,[]
2020-11-07 12:20:00+00:00,0,0,0.0,[]
2020-11-07 12:25:00+00:00,0,0,0.0,[]
2020-11-07 12:30:00+00:00,0,0,0.0,[]
2020-11-07 12:35:00+00:00,0,0,0.0,[]
2020-11-07 12:40:00+00:00,0,0,0.0,[]
2020-11-07 12:45:00+00:00,0,0,0.0,[]
2020-11-07 12:50:00+00:00,0,0,0.0,[]
2020-11-07 12:55:00+00:00,0,0,0.0,[]
2020-11-07 13:00:00+00:00,0,0,0.0,[]
2020-11-07 13:05:00+00:00,0,0,0.0,[]
2020-11-07 13:10:00+00:00,0,0,0.0,[]
2020-11-07 13:15:00+00:00,0,0,0.0,[]
2020-11-07 13:20:00+00:00,0,0,0.0,[]
2020-11-07 13:25:00+00:00,0,0,0.0,[]
2020-11-07 13:30:00+00:00,0,0,0.0,[]
2020-11-07 13:35:00+00:00,0,0,0.0,[]
2020-11-07 13:40:00+00:00,0,0,0.0,[]
2020-11-07 13:45:00+00:00,0,0,0.0,[]
2020-11-07 13:50:00+00:00,0,0,0.0,[]
2020-11-07 13:55:00+00:00,0,0,0.0,[]
2020-11-07 14:00:00+00:00,0,0,0.0,[]
2020-11-07 14:05:00+00:00,0,0,0.0,[]
2020-11-07 14:10:00+00:00,0,0,0.0,[]
2020-11-07 14:15:00+00:00,0,0,0.0,[]
2020-11-07 14:20:00+00:00,0,0,0.0,[]
2020-11-07 14:25:00+00:00,0,0,0.0,[]
2020-11-07 14:30:00+00:00,0,0,0.0,[]
2020-11-07 14:35:00+00:00,0,0,0.0,[]
2020-11-07 14:40:00+00:00,0,0,0.0,[]
2020-11-07 14:45:00+00:00,0,0,0.0,[]
2020-11-07 14:50:00+00:00,0,0,0.0,[]
2020-11-07 14:55:00+00:00,0,0,0.0,[]
2020-11-07 15:00:00+00:00,0,0,0.0,[]
2020-11-07 15:05:00+00:00,0,0,0.0,[]
2020-11-07 15:10:00+00:00,0,0,0.0,[]
2020-11-07 15:15:00+00:00,0,0,0.0,[]
2020-11-07 15:20:00+00:00,0,0,0.0,[]
2020-11-07 15:25:00+00:00,0,0,0.0,[]
2020-11-07 15:30:00+00:00,0,0,0.0,[]
2020-11-07 15:35:00+00:00,0,0,0.0,[]
2020-11-07 15:40:00+00:00,0,0,0.0,[]
2020-11-07 15:45:00+00:00,0,0,0.0,[]
2020-11-07 15:50:00+00:00,0,0,0.0,[]
2020-11-07 15:55:00+00:00,0,0,0.0,[]
2020-11-07 16:00:00+00:00,0,0,0.0,[]
2020-11-07 16:05:00+00:00,0,0,0.0,[]
2020-11-07 16:10:00+00:00,0,0,0.0,[]
2020-11-07 16:15:00+00:00,0,0,0.0,[]
2020-11-07 16:20:00+00:00,0,0,0.0,[]
2020-11-07 16:25:00+00:00,0,0,0.0,[]
2020-11-07 16:30:00+00:00,0,0,0.0,[]
2020-11-07 16:35:00+00:00,0,0,0.0,[]
2020-11-07 16:40:00+00:00,0,0,0.0,[]
2020-11-07 16:45:00+00:00,0,0,0.0,[]
2020-11-07 16:50:00+00:00,0,0,0.0,[]
2020-11-07 16:55:00+00:00,0,0,0.0,[]
2020-11-07 17:00:00+00:00,0,0,0.0,[]
2020-11-07 17:05:00+00:00,0,0,0.0,[]
2020-11-07 17:10:00+00:00,0,0,0.0,[]
2020-11-07 17:15:00+00:00,0,0,0.0,[]
2020-11-07 17:20:00+00:00,1040,0,1.0,[1040]
2020-11-07 17:25:00+00:00,170,0,1.0,[170]
2020-11-07 17:30:00+00:00,0,0,0.0,[]
2020-11-07 17:35:00+00:00,0,0,0.0,[]
2020-11-07 17:40:00+00:00,0,0,0.0,[]
2020-11-07 17:45:00+00:00,0,0,0.0,[]
2020-11-07 17:50:00+00:00,80,0,1.0,[80]
2020-11-07 17:55:00+00:00,0,0,0.0,[]
2020-11-07 18:00:00+00:00,0,0,0.0,[]
2020-11-07 18:05:00+00:00,0,0,0.0,[]
2020-11-07 18:10:00+00:00,0,0,0.0,[]
2020-11-07 18:15:00+00:00,430,0,1.0,[430]
2020-11-07 18:20:00+00:00,0,0,0.0,[]
2020-11-07 18:25:00+00:00,0,0,0.0,[]
2020-11-07 18:30:00+00:00,0,0,0.0,[]
2020-11-07 18:35:00+00:00,630,0,2.0,"[350, 280]"
2020-11-07 18:40:00+00:00,0,0,0.0,[]
2020-11-07 18:45:00+00:00,0,0,0.0,[]
2020-11-07 18:50:00+00:00,0,0,0.0,[]
2020-11-07 18:55:00+00:00,730,0,1.0,[730]
2020-11-07 19:00:00+00:00,0,0,0.0,[]
2020-11-07 19:05:00+00:00,0,0,0.0,[]
2020-11-07 19:10:00+00:00,0,0,0.0,[]
2020-11-07 19:15:00+00:00,480,0,3.0,"[160, 160, 160]"
2020-11-07 19:20:00+00:00,0,0,0.0,[]
2020-11-07 19:25:00+00:00,0,0,0.0,[]
2020-11-07 19:30:00+00:00,0,0,0.0,[]
2020-11-07 19:35:00+00:00,0,0,0.0,[]
2020-11-07 19:40:00+00:00,0,0,0.0,[]
2020-11-07 19:45:00+00:00,0,0,0.0,[]
2020-11-07 19:50:00+00:00,0,0,0.0,[]
2020-11-07 19:55:00+00:00,0,0,0.0,[]
2020-11-07 20:00:00+00:00,0,0,0.0,[]
2020-11-07 20:05:00+00:00,0,0,0.0,[]
2020-11-07 20:10:00+00:00,0,0,0.0,[]
2020-11-07 20:15:00+00:00,0,0,0.0,[]
2020-11-07 20:20:00+00:00,0,0,0.0,[]
2020-11-07 20:25:00+00:00,3590,0,2.0,"[1040, 2550]"
2020-11-07 20:30:00+00:00,80,0,1.0,[80]
2020-11-07 20:35:00+00:00,0,0,0.0,[]
2020-11-07 20:40:00+00:00,0,0,0.0,[]
2020-11-07 20:45:00+00:00,1120,0,2.0,"[560, 560]"
2020-11-07 20:50:00+00:00,0,0,0.0,[]
2020-11-07 20:55:00+00:00,0,0,0.0,[]
2020-11-07 21:00:00+00:00,0,0,0.0,[]
2020-11-07 21:05:00+00:00,0,0,0.0,[]
2020-11-07 21:10:00+00:00,0,0,0.0,[]
2020-11-07 21:15:00+00:00,0,0,0.0,[]
2020-11-07 21:20:00+00:00,1120,0,2.0,"[560, 560]"
2020-11-07 21:25:00+00:00,0,0,0.0,[]
2020-11-07 21:30:00+00:00,0,0,0.0,[]
2020-11-07 21:35:00+00:00,0,0,0.0,[]
2020-11-07 21:40:00+00:00,0,0,0.0,[]
2020-11-07 21:45:00+00:00,3840,0,1.0,[3840]
2020-11-07 21:50:00+00:00,0,0,0.0,[]
2020-11-07 21:55:00+00:00,0,0,0.0,[]
2020-11-07 22:00:00+00:00,260,0,1.0,[260]
2020-11-07 22:05:00+00:00,0,0,0.0,[]
2020-11-07 22:10:00+00:00,0,0,0.0,[]
2020-11-07 22:15:00+00:00,0,0,0.0,[]
2020-11-07 22:20:00+00:00,0,0,0.0,[]
2020-11-07 22:25:00+00:00,0,0,0.0,[]
2020-11-07 22:30:00+00:00,0,0,0.0,[]
2020-11-07 22:35:00+00:00,1780,0,2.0,"[1620, 160]"
2020-11-07 22:40:00+00:00,0,0,0.0,[]
2020-11-07 22:45:00+00:00,0,0,0.0,[]
2020-11-07 22:50:00+00:00,0,0,0.0,[]
2020-11-07 22:55:00+00:00,0,0,0.0,[]
2020-11-07 23:00:00+00:00,0,0,0.0,[]
2020-11-07 23:05:00+00:00,0,0,0.0,[]
2020-11-07 23:10:00+00:00,0,0,0.0,[]
2020-11-07 23:15:00+00:00,0,0,0.0,[]
2020-11-07 23:20:00+00:00,0,0,0.0,[]
2020-11-07 23:25:00+00:00,0,0,0.0,[]
2020-11-07 23:30:00+00:00,0,0,0.0,[]
2020-11-07 23:35:00+00:00,0,0,0.0,[]
2020-11-07 23:40:00+00:00,0,0,0.0,[]
2020-11-07 23:45:00+00:00,0,0,0.0,[]
2020-11-07 23:50:00+00:00,0,0,0.0,[]
2020-11-07 23:55:00+00:00,0,0,0.0,[]
2020-11-08 00:00:00+00:00,0,0,0.0,[]
2020-11-08 00:05:00+00:00,0,0,0.0,[]
2020-11-08 00:10:00+00:00,0,0,0.0,[]
2020-11-08 00:15:00+00:00,0,0,0.0,[]
2020-11-08 00:20:00+00:00,0,0,0.0,[]
2020-11-08 00:25:00+00:00,0,0,0.0,[]
2020-11-08 00:30:00+00:00,0,0,0.0,[]
2020-11-08 00:35:00+00:00,0,0,0.0,[]
2020-11-08 00:40:00+00:00,0,0,0.0,[]
2020-11-08 00:45:00+00:00,0,0,0.0,[]
2020-11-08 00:50:00+00:00,0,0,0.0,[]
2020-11-08 00:55:00+00:00,0,0,0.0,[]
2020-11-08 01:00:00+00:00,0,0,0.0,[]
2020-11-08 01:05:00+00:00,0,0,0.0,[]
2020-11-08 01:10:00+00:00,0,0,0.0,[]
2020-11-08 01:15:00+00:00,0,0,0.0,[]
2020-11-08 01:20:00+00:00,0,0,0.0,[]
2020-11-08 01:25:00+00:00,0,0,0.0,[]
2020-11-08 01:30:00+00:00,0,0,0.0,[]
2020-11-08 01:35:00+00:00,0,0,0.0,[]
2020-11-08 01:40:00+00:00,0,0,0.0,[]
2020-11-08 01:45:00+00:00,0,0,0.0,[]
2020-11-08 01:50:00+00:00,0,0,0.0,[]
2020-11-08 01:55:00+00:00,0,0,0.0,[]
2020-11-08 02:00:00+00:00,0,0,0.0,[]
2020-11-08 02:05:00+00:00,160,0,1.0,[160]
2020-11-08 02:10:00+00:00,320,0,2.0,"[160, 160]"
2020-11-08 02:15:00+00:00,160,0,1.0,[160]
2020-11-08 02:20:00+00:00,160,0,1.0,[160]
2020-11-08 02:25:00+00:00,5410,0,3.0,"[160, 160, 5090]"
2020-11-08 02:30:00+00:00,5090,0,1.0,[5090]
2020-11-08 02:35:00+00:00,0,0,0.0,[]
2020-11-08 02:40:00+00:00,0,0,0.0,[]
2020-11-08 02:45:00+00:00,460,0,1.0,[460]
2020-11-08 02:50:00+00:00,0,0,0.0,[]
2020-11-08 02:55:00+00:00,0,0,0.0,[]
2020-11-08 03:00:00+00:00,0,0,0.0,[]
2020-11-08 03:05:00+00:00,0,0,0.0,[]
2020-11-08 03:10:00+00:00,0,0,0.0,[]
2020-11-08 03:15:00+00:00,0,0,0.0,[]
2020-11-08 03:20:00+00:00,0,0,0.0,[]
2020-11-08 03:25:00+00:00,0,0,0.0,[]
2020-11-08 03:30:00+00:00,0,0,0.0,[]
2020-11-08 03:35:00+00:00,0,0,0.0,[]
2020-11-08 03:40:00+00:00,0,0,0.0,[]
2020-11-08 03:45:00+00:00,0,0,0.0,[]
2020-11-08 03:50:00+00:00,0,0,0.0,[]
2020-11-08 03:55:00+00:00,0,0,0.0,[]
2020-11-08 04:00:00+00:00,0,0,0.0,[]
2020-11-08 04:05:00+00:00,0,0,0.0,[]
2020-11-08 04:10:00+00:00,0,0,0.0,[]
2020-11-08 04:15:00+00:00,0,0,0.0,[]
2020-11-08 04:20:00+00:00,0,0,0.0,[]
2020-11-08 04:25:00+00:00,0,0,0.0,[]
2020-11-08 04:30:00+00:00,0,0,0.0,[]
2020-11-08 04:35:00+00:00,0,0,0.0,[]
2020-11-08 04:40:00+00:00,0,0,0.0,[]
2020-11-08 04:45:00+00:00,0,0,0.0,[]
2020-11-08 04:50:00+00:00,0,0,0.0,[]
2020-11-08 04:55:00+00:00,0,0,0.0,[]
2020-11-08 05:00:00+00:00,0,0,0.0,[]
2020-11-08 05:05:00+00:00,0,0,0.0,[]
2020-11-08 05:10:00+00:00,0,0,0.0,[]
2020-11-08 05:15:00+00:00,0,0,0.0,[]
2020-11-08 05:20:00+00:00,0,0,0.0,[]
2020-11-08 05:25:00+00:00,0,0,0.0,[]
2020-11-08 05:30:00+00:00,0,0,0.0,[]
2020-11-08 05:35:00+00:00,0,0,0.0,[]
2020-11-08 05:40:00+00:00,0,0,0.0,[]
2020-11-08 05:45:00+00:00,0,0,0.0,[]
2020-11-08 05:50:00+00:00,0,0,0.0,[]
2020-11-08 05:55:00+00:00,0,0,0.0,[]
2020-11-08 06:00:00+00:00,0,0,0.0,[]
2020-11-08 06:05:00+00:00,0,0,0.0,[]
2020-11-08 06:10:00+00:00,0,0,0.0,[]
2020-11-08 06:15:00+00:00,0,0,0.0,[]
2020-11-08 06:20:00+00:00,0,0,0.0,[]
2020-11-08 06:25:00+00:00,0,0,0.0,[]
2020-11-08 06:30:00+00:00,0,0,0.0,[]
2020-11-08 06:35:00+00:00,0,0,0.0,[]
2020-11-08 06:40:00+00:00,0,0,0.0,[]
2020-11-08 06:45:00+00:00,0,0,0.0,[]
2020-11-08 06:50:00+00:00,0,0,0.0,[]
2020-11-08 06:55:00+00:00,0,0,0.0,[]
2020-11-08 07:00:00+00:00,0,0,0.0,[]
2020-11-08 07:05:00+00:00,0,0,0.0,[]
2020-11-08 07:10:00+00:00,0,0,0.0,[]
2020-11-08 07:15:00+00:00,0,0,0.0,[]
2020-11-08 07:20:00+00:00,0,0,0.0,[]
2020-11-08 07:25:00+00:00,0,0,0.0,[]
2020-11-08 07:30:00+00:00,0,0,0.0,[]
2020-11-08 07:35:00+00:00,0,0,0.0,[]
2020-11-08 07:40:00+00:00,0,0,0.0,[]
2020-11-08 07:45:00+00:00,0,0,0.0,[]
2020-11-08 07:50:00+00:00,0,0,0.0,[]
2020-11-08 07:55:00+00:00,0,0,0.0,[]
2020-11-08 08:00:00+00:00,0,0,0.0,[]
2020-11-08 08:05:00+00:00,0,0,0.0,[]
2020-11-08 08:10:00+00:00,0,0,0.0,[]
2020-11-08 08:15:00+00:00,0,0,0.0,[]
2020-11-08 08:20:00+00:00,0,0,0.0,[]
2020-11-08 08:25:00+00:00,0,0,0.0,[]
2020-11-08 08:30:00+00:00,0,0,0.0,[]
2020-11-08 08:35:00+00:00,0,0,0.0,[]
2020-11-08 08:40:00+00:00,0,0,0.0,[]
2020-11-08 08:45:00+00:00,0,0,0.0,[]
2020-11-08 08:50:00+00:00,0,0,0.0,[]
2020-11-08 08:55:00+00:00,0,0,0.0,[]
2020-11-08 09:00:00+00:00,0,0,0.0,[]
2020-11-08 09:05:00+00:00,0,0,0.0,[]
2020-11-08 09:10:00+00:00,0,0,0.0,[]
2020-11-08 09:15:00+00:00,0,0,0.0,[]
2020-11-08 09:20:00+00:00,0,0,0.0,[]
2020-11-08 09:25:00+00:00,0,0,0.0,[]
2020-11-08 09:30:00+00:00,0,0,0.0,[]
2020-11-08 09:35:00+00:00,0,0,0.0,[]
2020-11-08 09:40:00+00:00,0,0,0.0,[]
2020-11-08 09:45:00+00:00,0,0,0.0,[]
2020-11-08 09:50:00+00:00,0,0,0.0,[]
2020-11-08 09:55:00+00:00,0,0,0.0,[]
2020-11-08 10:00:00+00:00,0,0,0.0,[]
2020-11-08 10:05:00+00:00,0,0,0.0,[]
2020-11-08 10:10:00+00:00,0,0,0.0,[]
2020-11-08 10:15:00+00:00,0,0,0.0,[]
2020-11-08 10:20:00+00:00,0,0,0.0,[]
2020-11-08 10:25:00+00:00,0,0,0.0,[]
2020-11-08 10:30:00+00:00,0,0,0.0,[]
2020-11-08 10:35:00+00:00,0,0,0.0,[]
2020-11-08 10:40:00+00:00,0,0,0.0,[]
2020-11-08 10:45:00+00:00,0,0,0.0,[]
2020-11-08 10:50:00+00:00,0,0,0.0,[]
2020-11-08 10:55:00+00:00,0,0,0.0,[]
2020-11-08 11:00:00+00:00,0,0,0.0,[]
2020-11-08 11:05:00+00:00,0,0,0.0,[]
2020-11-08 11:10:00+00:00,0,0,0.0,[]
2020-11-08 11:15:00+00:00,630,0,1.0,[630]
2020-11-08 11:20:00+00:00,0,0,0.0,[]
2020-11-08 11:25:00+00:00,0,0,0.0,[]
2020-11-08 11:30:00+00:00,0,0,0.0,[]
2020-11-08 11:35:00+00:00,0,0,0.0,[]
2020-11-08 11:40:00+00:00,0,0,0.0,[]
2020-11-08 11:45:00+00:00,0,0,0.0,[]
2020-11-08 11:50:00+00:00,0,0,0.0,[]
2020-11-08 11:55:00+00:00,0,0,0.0,[]
2020-11-08 12:00:00+00:00,0,0,0.0,[]
2020-11-08 12:05:00+00:00,0,0,0.0,[]
2020-11-08 12:10:00+00:00,0,0,0.0,[]
2020-11-08 12:15:00+00:00,0,0,0.0,[]
2020-11-08 12:20:00+00:00,0,0,0.0,[]
2020-11-08 12:25:00+00:00,0,0,0.0,[]
2020-11-08 12:30:00+00:00,0,0,0.0,[]
2020-11-08 12:35:00+00:00,0,0,0.0,[]
2020-11-08 12:40:00+00:00,0,0,0.0,[]
2020-11-08 12:45:00+00:00,0,0,0.0,[]
2020-11-08 12:50:00+00:00,0,0,0.0,[]
2020-11-08 12:55:00+00:00,0,0,0.0,[]
2020-11-08 13:00:00+00:00,0,0,0.0,[]
2020-11-08 13:05:00+00:00,0,0,0.0,[]
2020-11-08 13:10:00+00:00,0,0,0.0,[]
2020-11-08 13:15:00+00:00,0,0,0.0,[]
2020-11-08 13:20:00+00:00,0,0,0.0,[]
2020-11-08 13:25:00+00:00,0,0,0.0,[]
2020-11-08 13:30:00+00:00,0,0,0.0,[]
2020-11-08 13:35:00+00:00,0,0,0.0,[]
2020-11-08 13:40:00+00:00,0,0,0.0,[]
2020-11-08 13:45:00+00:00,0,0,0.0,[]
2020-11-08 13:50:00+00:00,0,0,0.0,[]
2020-11-08 13:55:00+00:00,0,0,0.0,[]
2020-11-08 14:00:00+00:00,0,0,0.0,[]
2020-11-08 14:05:00+00:00,0,0,0.0,[]
2020-11-08 14:10:00+00:00,0,0,0.0,[]
2020-11-08 14:15:00+00:00,0,0,0.0,[]
2020-11-08 14:20:00+00:00,0,0,0.0,[]
2020-11-08 14:25:00+00:00,0,0,0.0,[]
2020-11-08 14:30:00+00:00,0,0,0.0,[]
2020-11-08 14:35:00+00:00,0,0,0.0,[]
2020-11-08 14:40:00+00:00,0,0,0.0,[]
2020-11-08 14:45:00+00:00,0,0,0.0,[]
2020-11-08 14:50:00+00:00,0,0,0.0,[]
2020-11-08 14:55:00+00:00,0,0,0.0,[]
2020-11-08 15:00:00+00:00,0,0,0.0,[]
2020-11-08 15:05:00+00:00,0,0,0.0,[]
2020-11-08 15:10:00+00:00,0,0,0.0,[]
2020-11-08 15:15:00+00:00,0,0,0.0,[]
2020-11-08 15:20:00+00:00,0,0,0.0,[]
2020-11-08 15:25:00+00:00,0,0,0.0,[]
2020-11-08 15:30:00+00:00,0,0,0.0,[]
2020-11-08 15:35:00+00:00,0,0,0.0,[]
2020-11-08 15:40:00+00:00,0,0,0.0,[]
2020-11-08 15:45:00+00:00,0,0,0.0,[]
2020-11-08 15:50:00+00:00,0,0,0.0,[]
2020-11-08 15:55:00+00:00,0,0,0.0,[]
2020-11-08 16:00:00+00:00,0,0,0.0,[]
2020-11-08 16:05:00+00:00,0,0,0.0,[]
2020-11-08 16:10:00+00:00,0,0,0.0,[]
2020-11-08 16:15:00+00:00,0,0,0.0,[]
2020-11-08 16:20:00+00:00,0,0,0.0,[]
2020-11-08 16:25:00+00:00,0,0,0.0,[]
2020-11-08 16:30:00+00:00,0,0,0.0,[]
2020-11-08 16:35:00+00:00,0,0,0.0,[]
2020-11-08 16:40:00+00:00,150,0,1.0,[150]
2020-11-08 16:45:00+00:00,0,0,0.0,[]
2020-11-08 16:50:00+00:00,0,0,0.0,[]
2020-11-08 16:55:00+00:00,0,0,0.0,[]
2020-11-08 17:00:00+00:00,0,0,0.0,[]
2020-11-08 17:05:00+00:00,0,0,0.0,[]
2020-11-08 17:10:00+00:00,0,0,0.0,[]
2020-11-08 17:15:00+00:00,270,0,1.0,[270]
2020-11-08 17:20:00+00:00,0,0,0.0,[]
2020-11-08 17:25:00+00:00,0,0,0.0,[]
2020-11-08 17:30:00+00:00,0,0,0.0,[]
2020-11-08 17:35:00+00:00,0,0,0.0,[]
2020-11-08 17:40:00+00:00,0,0,0.0,[]
2020-11-08 17:45:00+00:00,0,0,0.0,[]
2020-11-08 17:50:00+00:00,0,0,0.0,[]
2020-11-08 17:55:00+00:00,0,0,0.0,[]
2020-11-08 18:00:00+00:00,0,0,0.0,[]
2020-11-08 18:05:00+00:00,0,0,0.0,[]
2020-11-08 18:10:00+00:00,0,0,0.0,[]
2020-11-08 18:15:00+00:00,0,0,0.0,[]
2020-11-08 18:20:00+00:00,0,0,0.0,[]
2020-11-08 18:25:00+00:00,0,0,0.0,[]
2020-11-08 18:30:00+00:00,0,0,0.0,[]
2020-11-08 18:35:00+00:00,40,0,2.0,"[20, 20]"
2020-11-08 18:40:00+00:00,0,0,0.0,[]
2020-11-08 18:45:00+00:00,0,0,0.0,[]
2020-11-08 18:50:00+00:00,170,0,1.0,[170]
2020-11-08 18:55:00+00:00,0,0,0.0,[]
2020-11-08 19:00:00+00:00,0,0,0.0,[]
2020-11-08 19:05:00+00:00,120,0,1.0,[120]
2020-11-08 19:10:00+00:00,0,0,0.0,[]
2020-11-08 19:15:00+00:00,0,0,0.0,[]
2020-11-08 19:20:00+00:00,0,0,0.0,[]
2020-11-08 19:25:00+00:00,0,0,0.0,[]
2020-11-08 19:30:00+00:00,0,0,0.0,[]
2020-11-08 19:35:00+00:00,0,0,0.0,[]
2020-11-08 19:40:00+00:00,0,0,0.0,[]
2020-11-08 19:45:00+00:00,0,0,0.0,[]
2020-11-08 19:50:00+00:00,0,0,0.0,[]
2020-11-08 19:55:00+00:00,0,0,0.0,[]
2020-11-08 20:00:00+00:00,0,0,0.0,[]
2020-11-08 20:05:00+00:00,760,0,1.0,[760]
2020-11-08 20:10:00+00:00,0,0,0.0,[]
2020-11-08 20:15:00+00:00,0,0,0.0,[]
2020-11-08 20:20:00+00:00,0,0,0.0,[]
2020-11-08 20:25:00+00:00,8600,0,2.0,"[4300, 4300]"
2020-11-08 20:30:00+00:00,1670,0,1.0,[1670]
2020-11-08 20:35:00+00:00,1760,0,3.0,"[1570, 70, 120]"
2020-11-08 20:40:00+00:00,60,0,2.0,"[30, 30]"
2020-11-08 20:45:00+00:00,0,0,0.0,[]
2020-11-08 20:50:00+00:00,80,0,1.0,[80]
2020-11-08 20:55:00+00:00,0,0,0.0,[]
2020-11-08 21:00:00+00:00,540,0,1.0,[540]
2020-11-08 21:05:00+00:00,0,0,0.0,[]
2020-11-08 21:10:00+00:00,0,0,0.0,[]
2020-11-08 21:15:00+00:00,0,0,0.0,[]
2020-11-08 21:20:00+00:00,0,0,0.0,[]
2020-11-08 21:25:00+00:00,0,0,0.0,[]
2020-11-08 21:30:00+00:00,0,0,0.0,[]
2020-11-08 21:35:00+00:00,0,0,0.0,[]
2020-11-08 21:40:00+00:00,0,0,0.0,[]
2020-11-08 21:45:00+00:00,0,0,0.0,[]
2020-11-08 21:50:00+00:00,210,0,1.0,[210]
2020-11-08 21:55:00+00:00,0,0,0.0,[]
2020-11-08 22:00:00+00:00,0,0,0.0,[]
2020-11-08 22:05:00+00:00,0,0,0.0,[]
2020-11-08 22:10:00+00:00,0,0,0.0,[]
2020-11-08 22:15:00+00:00,0,0,0.0,[]
2020-11-08 22:20:00+00:00,0,0,0.0,[]
2020-11-08 22:25:00+00:00,0,0,0.0,[]
2020-11-08 22:30:00+00:00,0,0,0.0,[]
2020-11-08 22:35:00+00:00,0,0,0.0,[]
2020-11-08 22:40:00+00:00,0,0,0.0,[]
2020-11-08 22:45:00+00:00,0,0,0.0,[]
2020-11-08 22:50:00+00:00,0,0,0.0,[]
2020-11-08 22:55:00+00:00,1220,0,2.0,"[50, 1170]"
2020-11-08 23:00:00+00:00,930,0,1.0,[930]
2020-11-08 23:05:00+00:00,0,0,0.0,[]
2020-11-08 23:10:00+00:00,0,0,0.0,[]
2020-11-08 23:15:00+00:00,0,0,0.0,[]
2020-11-08 23:20:00+00:00,0,0,0.0,[]
2020-11-08 23:25:00+00:00,0,0,0.0,[]
2020-11-08 23:30:00+00:00,0,0,0.0,[]
2020-11-08 23:35:00+00:00,0,0,0.0,[]
2020-11-08 23:40:00+00:00,0,0,0.0,[]
2020-11-08 23:45:00+00:00,0,0,0.0,[]
2020-11-08 23:50:00+00:00,0,0,0.0,[]
2020-11-08 23:55:00+00:00,0,0,0.0,[]
2020-11-09 00:00:00+00:00,0,0,0.0,[]
2020-11-09 00:05:00+00:00,0,0,0.0,[]
2020-11-09 00:10:00+00:00,0,0,0.0,[]
2020-11-09 00:15:00+00:00,0,0,0.0,[]
2020-11-09 00:20:00+00:00,0,0,0.0,[]
2020-11-09 00:25:00+00:00,0,0,0.0,[]
2020-11-09 00:30:00+00:00,0,0,0.0,[]
2020-11-09 00:35:00+00:00,0,0,0.0,[]
2020-11-09 00:40:00+00:00,0,0,0.0,[]
2020-11-09 00:45:00+00:00,0,0,0.0,[]
2020-11-09 00:50:00+00:00,0,0,0.0,[]
2020-11-09 00:55:00+00:00,0,0,0.0,[]
2020-11-09 01:00:00+00:00,0,0,1.0,[0]
2020-11-09 01:05:00+00:00,0,0,0.0,[]
2020-11-09 01:10:00+00:00,0,0,1.0,[0]
2020-11-09 01:15:00+00:00,0,0,0.0,[]
2020-11-09 01:20:00+00:00,0,0,0.0,[]
2020-11-09 01:25:00+00:00,0,0,0.0,[]
2020-11-09 01:30:00+00:00,0,0,0.0,[]
2020-11-09 01:35:00+00:00,430,0,1.0,[430]
2020-11-09 01:40:00+00:00,0,0,0.0,[]
2020-11-09 01:45:00+00:00,0,0,0.0,[]
2020-11-09 01:50:00+00:00,0,0,0.0,[]
2020-11-09 01:55:00+00:00,0,0,0.0,[]
2020-11-09 02:00:00+00:00,0,0,0.0,[]
2020-11-09 02:05:00+00:00,0,0,0.0,[]
2020-11-09 02:10:00+00:00,0,0,0.0,[]
2020-11-09 02:15:00+00:00,220,0,1.0,[220]
2020-11-09 02:20:00+00:00,0,0,0.0,[]
2020-11-09 02:25:00+00:00,200,0,1.0,[200]
2020-11-09 02:30:00+00:00,0,0,0.0,[]
2020-11-09 02:35:00+00:00,200,0,1.0,[200]
2020-11-09 02:40:00+00:00,0,0,0.0,[]
2020-11-09 02:45:00+00:00,0,0,0.0,[]
2020-11-09 02:50:00+00:00,0,0,0.0,[]
2020-11-09 02:55:00+00:00,0,0,0.0,[]
2020-11-09 03:00:00+00:00,0,0,0.0,[]
2020-11-09 03:05:00+00:00,0,0,0.0,[]
2020-11-09 03:10:00+00:00,200,0,1.0,[200]
2020-11-09 03:15:00+00:00,260,0,1.0,[260]
2020-11-09 03:20:00+00:00,0,0,0.0,[]
2020-11-09 03:25:00+00:00,0,0,0.0,[]
2020-11-09 03:30:00+00:00,0,0,0.0,[]
2020-11-09 03:35:00+00:00,0,0,0.0,[]
2020-11-09 03:40:00+00:00,0,0,0.0,[]
2020-11-09 03:45:00+00:00,0,0,0.0,[]
2020-11-09 03:50:00+00:00,0,0,0.0,[]
2020-11-09 03:55:00+00:00,0,0,0.0,[]
2020-11-09 04:00:00+00:00,0,0,0.0,[]
2020-11-09 04:05:00+00:00,0,0,0.0,[]
2020-11-09 04:10:00+00:00,0,0,0.0,[]
2020-11-09 04:15:00+00:00,0,0,0.0,[]
2020-11-09 04:20:00+00:00,0,0,0.0,[]
2020-11-09 04:25:00+00:00,0,0,0.0,[]
2020-11-09 04:30:00+00:00,0,0,0.0,[]
2020-11-09 04:35:00+00:00,0,0,0.0,[]
2020-11-09 04:40:00+00:00,0,0,0.0,[]
2020-11-09 04:45:00+00:00,440,0,1.0,[440]
2020-11-09 04:50:00+00:00,0,0,0.0,[]
2020-11-09 04:55:00+00:00,0,0,0.0,[]
2020-11-09 05:00:00+00:00,0,0,0.0,[]
2020-11-09 05:05:00+00:00,0,0,0.0,[]
2020-11-09 05:10:00+00:00,0,0,0.0,[]
2020-11-09 05:15:00+00:00,0,0,0.0,[]
2020-11-09 05:20:00+00:00,440,0,1.0,[440]
2020-11-09 05:25:00+00:00,0,0,0.0,[]
2020-11-09 05:30:00+00:00,0,0,0.0,[]
2020-11-09 05:35:00+00:00,20,0,1.0,[20]
2020-11-09 05:40:00+00:00,180,0,1.0,[180]
2020-11-09 05:45:00+00:00,0,0,0.0,[]
2020-11-09 05:50:00+00:00,0,0,0.0,[]
2020-11-09 05:55:00+00:00,0,0,0.0,[]
2020-11-09 06:00:00+00:00,0,0,0.0,[]
2020-11-09 06:05:00+00:00,0,0,0.0,[]
2020-11-09 06:10:00+00:00,0,0,0.0,[]
2020-11-09 06:15:00+00:00,0,0,0.0,[]
2020-11-09 06:20:00+00:00,0,0,0.0,[]
2020-11-09 06:25:00+00:00,0,0,0.0,[]
2020-11-09 06:30:00+00:00,0,0,0.0,[]
2020-11-09 06:35:00+00:00,0,0,0.0,[]
2020-11-09 06:40:00+00:00,0,0,0.0,[]
2020-11-09 06:45:00+00:00,0,0,0.0,[]
2020-11-09 06:50:00+00:00,0,0,0.0,[]
2020-11-09 06:55:00+00:00,0,0,0.0,[]
2020-11-09 07:00:00+00:00,0,0,0.0,[]
2020-11-09 07:05:00+00:00,0,0,0.0,[]
2020-11-09 07:10:00+00:00,0,0,0.0,[]
2020-11-09 07:15:00+00:00,0,0,0.0,[]
2020-11-09 07:20:00+00:00,0,0,0.0,[]
2020-11-09 07:25:00+00:00,0,0,0.0,[]
2020-11-09 07:30:00+00:00,0,0,0.0,[]
2020-11-09 07:35:00+00:00,0,0,0.0,[]
2020-11-09 07:40:00+00:00,0,0,0.0,[]
2020-11-09 07:45:00+00:00,0,0,0.0,[]
2020-11-09 07:50:00+00:00,0,0,0.0,[]
2020-11-09 07:55:00+00:00,0,0,0.0,[]
2020-11-09 08:00:00+00:00,0,0,0.0,[]
2020-11-09 08:05:00+00:00,0,0,0.0,[]
2020-11-09 08:10:00+00:00,0,0,0.0,[]
2020-11-09 08:15:00+00:00,0,0,0.0,[]
2020-11-09 08:20:00+00:00,0,0,0.0,[]
2020-11-09 08:25:00+00:00,30,0,1.0,[30]
2020-11-09 08:30:00+00:00,0,0,0.0,[]
2020-11-09 08:35:00+00:00,0,0,0.0,[]
2020-11-09 08:40:00+00:00,0,0,0.0,[]
2020-11-09 08:45:00+00:00,0,0,0.0,[]
2020-11-09 08:50:00+00:00,0,0,0.0,[]
2020-11-09 08:55:00+00:00,0,0,0.0,[]
2020-11-09 09:00:00+00:00,0,0,0.0,[]
2020-11-09 09:05:00+00:00,600,0,1.0,[600]
2020-11-09 09:10:00+00:00,0,0,0.0,[]
2020-11-09 09:15:00+00:00,0,0,0.0,[]
2020-11-09 09:20:00+00:00,0,0,0.0,[]
2020-11-09 09:25:00+00:00,0,0,0.0,[]
2020-11-09 09:30:00+00:00,0,0,0.0,[]
2020-11-09 09:35:00+00:00,0,0,0.0,[]
2020-11-09 09:40:00+00:00,0,0,0.0,[]
2020-11-09 09:45:00+00:00,0,0,0.0,[]
2020-11-09 09:50:00+00:00,0,0,0.0,[]
2020-11-09 09:55:00+00:00,0,0,0.0,[]
2020-11-09 10:00:00+00:00,0,0,0.0,[]
2020-11-09 10:05:00+00:00,0,0,0.0,[]
2020-11-09 10:10:00+00:00,3380,0,1.0,[3380]
2020-11-09 10:15:00+00:00,0,0,0.0,[]
2020-11-09 10:20:00+00:00,0,0,0.0,[]
2020-11-09 10:25:00+00:00,0,0,0.0,[]
2020-11-09 10:30:00+00:00,0,0,0.0,[]
2020-11-09 10:35:00+00:00,0,0,0.0,[]
2020-11-09 10:40:00+00:00,0,0,0.0,[]
2020-11-09 10:45:00+00:00,0,0,0.0,[]
2020-11-09 10:50:00+00:00,0,0,0.0,[]
2020-11-09 10:55:00+00:00,0,0,0.0,[]
2020-11-09 11:00:00+00:00,0,0,0.0,[]
2020-11-09 11:05:00+00:00,110,0,1.0,[110]
2020-11-09 11:10:00+00:00,0,0,0.0,[]
2020-11-09 11:15:00+00:00,0,0,0.0,[]
2020-11-09 11:20:00+00:00,0,0,0.0,[]
2020-11-09 11:25:00+00:00,0,0,0.0,[]
2020-11-09 11:30:00+00:00,0,0,0.0,[]
2020-11-09 11:35:00+00:00,6220,0,1.0,[6220]
2020-11-09 11:40:00+00:00,0,0,0.0,[]
2020-11-09 11:45:00+00:00,0,0,0.0,[]
2020-11-09 11:50:00+00:00,0,0,0.0,[]
2020-11-09 11:55:00+00:00,0,0,0.0,[]
2020-11-09 12:00:00+00:00,0,0,0.0,[]
2020-11-09 12:05:00+00:00,120,0,1.0,[120]
2020-11-09 12:10:00+00:00,0,0,0.0,[]
2020-11-09 12:15:00+00:00,0,0,0.0,[]
2020-11-09 12:20:00+00:00,0,0,0.0,[]
2020-11-09 12:25:00+00:00,0,0,0.0,[]
2020-11-09 12:30:00+00:00,0,0,0.0,[]
2020-11-09 12:35:00+00:00,0,0,0.0,[]
2020-11-09 12:40:00+00:00,0,0,0.0,[]
2020-11-09 12:45:00+00:00,0,0,0.0,[]
2020-11-09 12:50:00+00:00,0,0,0.0,[]
2020-11-09 12:55:00+00:00,0,0,0.0,[]
2020-11-09 13:00:00+00:00,0,0,0.0,[]
2020-11-09 13:05:00+00:00,0,0,0.0,[]
2020-11-09 13:10:00+00:00,0,0,0.0,[]
2020-11-09 13:15:00+00:00,0,0,0.0,[]
2020-11-09 13:20:00+00:00,0,0,0.0,[]
2020-11-09 13:25:00+00:00,0,0,0.0,[]
2020-11-09 13:30:00+00:00,0,0,0.0,[]
2020-11-09 13:35:00+00:00,0,0,0.0,[]
2020-11-09 13:40:00+00:00,0,0,0.0,[]
2020-11-09 13:45:00+00:00,0,0,0.0,[]
2020-11-09 13:50:00+00:00,0,0,0.0,[]
2020-11-09 13:55:00+00:00,0,0,0.0,[]
2020-11-09 14:00:00+00:00,0,0,0.0,[]
2020-11-09 14:05:00+00:00,0,0,0.0,[]
2020-11-09 14:10:00+00:00,0,0,0.0,[]
2020-11-09 14:15:00+00:00,0,0,0.0,[]
2020-11-09 14:20:00+00:00,0,0,0.0,[]
2020-11-09 14:25:00+00:00,0,0,0.0,[]
2020-11-09 14:30:00+00:00,0,0,0.0,[]
2020-11-09 14:35:00+00:00,0,0,0.0,[]
2020-11-09 14:40:00+00:00,0,0,0.0,[]
2020-11-09 14:45:00+00:00,0,0,0.0,[]
2020-11-09 14:50:00+00:00,0,0,0.0,[]
2020-11-09 14:55:00+00:00,1500,0,3.0,"[500, 500, 500]"
2020-11-09 15:00:00+00:00,0,0,0.0,[]
2020-11-09 15:05:00+00:00,0,0,0.0,[]
2020-11-09 15:10:00+00:00,0,0,0.0,[]
2020-11-09 15:15:00+00:00,0,0,0.0,[]
2020-11-09 15:20:00+00:00,0,0,0.0,[]
2020-11-09 15:25:00+00:00,0,0,0.0,[]
2020-11-09 15:30:00+00:00,0,0,0.0,[]
2020-11-09 15:35:00+00:00,0,0,0.0,[]
2020-11-09 15:40:00+00:00,0,0,0.0,[]
2020-11-09 15:45:00+00:00,0,0,0.0,[]
2020-11-09 15:50:00+00:00,0,0,0.0,[]
2020-11-09 15:55:00+00:00,0,0,0.0,[]
2020-11-09 16:00:00+00:00,0,0,0.0,[]
2020-11-09 16:05:00+00:00,0,0,0.0,[]
2020-11-09 16:10:00+00:00,0,0,0.0,[]
2020-11-09 16:15:00+00:00,0,0,0.0,[]
2020-11-09 16:20:00+00:00,0,0,0.0,[]
2020-11-09 16:25:00+00:00,0,0,0.0,[]
2020-11-09 16:30:00+00:00,0,0,0.0,[]
2020-11-09 16:35:00+00:00,0,0,0.0,[]
2020-11-09 16:40:00+00:00,0,0,0.0,[]
2020-11-09 16:45:00+00:00,0,0,0.0,[]
2020-11-09 16:50:00+00:00,0,0,0.0,[]
2020-11-09 16:55:00+00:00,0,0,0.0,[]
2020-11-09 17:00:00+00:00,0,0,0.0,[]
2020-11-09 17:05:00+00:00,0,0,0.0,[]
2020-11-09 17:10:00+00:00,0,0,0.0,[]
2020-11-09 17:15:00+00:00,0,0,0.0,[]
2020-11-09 17:20:00+00:00,0,0,0.0,[]
2020-11-09 17:25:00+00:00,0,0,0.0,[]
2020-11-09 17:30:00+00:00,0,0,0.0,[]
2020-11-09 17:35:00+00:00,0,0,0.0,[]
2020-11-09 17:40:00+00:00,0,0,0.0,[]
2020-11-09 17:45:00+00:00,0,0,0.0,[]
2020-11-09 17:50:00+00:00,0,0,0.0,[]
2020-11-09 17:55:00+00:00,0,0,0.0,[]
2020-11-09 18:00:00+00:00,0,0,0.0,[]
2020-11-09 18:05:00+00:00,0,0,0.0,[]
2020-11-09 18:10:00+00:00,0,0,0.0,[]
2020-11-09 18:15:00+00:00,0,0,0.0,[]
2020-11-09 18:20:00+00:00,0,0,0.0,[]
2020-11-09 18:25:00+00:00,0,0,0.0,[]
2020-11-09 18:30:00+00:00,0,0,0.0,[]
2020-11-09 18:35:00+00:00,0,0,0.0,[]
2020-11-09 18:40:00+00:00,780,0,2.0,"[390, 390]"
2020-11-09 18:45:00+00:00,0,0,0.0,[]
2020-11-09 18:50:00+00:00,0,0,0.0,[]
2020-11-09 18:55:00+00:00,0,0,0.0,[]
2020-11-09 19:00:00+00:00,0,0,0.0,[]
2020-11-09 19:05:00+00:00,0,0,0.0,[]
2020-11-09 19:10:00+00:00,0,0,0.0,[]
2020-11-09 19:15:00+00:00,0,0,0.0,[]
2020-11-09 19:20:00+00:00,0,0,0.0,[]
2020-11-09 19:25:00+00:00,0,0,0.0,[]
2020-11-09 19:30:00+00:00,0,0,0.0,[]
2020-11-09 19:35:00+00:00,0,0,0.0,[]
2020-11-09 19:40:00+00:00,0,0,0.0,[]
2020-11-09 19:45:00+00:00,0,0,0.0,[]
2020-11-09 19:50:00+00:00,0,0,0.0,[]
2020-11-09 19:55:00+00:00,0,0,0.0,[]
2020-11-09 20:00:00+00:00,0,0,0.0,[]
2020-11-09 20:05:00+00:00,0,0,0.0,[]
2020-11-09 20:10:00+00:00,0,0,0.0,[]
2020-11-09 20:15:00+00:00,0,0,0.0,[]
2020-11-09 20:20:00+00:00,0,0,0.0,[]
2020-11-09 20:25:00+00:00,240,0,1.0,[240]
2020-11-09 20:30:00+00:00,0,0,0.0,[]
2020-11-09 20:35:00+00:00,0,0,0.0,[]
2020-11-09 20:40:00+00:00,0,0,0.0,[]
2020-11-09 20:45:00+00:00,0,0,0.0,[]
2020-11-09 20:50:00+00:00,0,0,0.0,[]
2020-11-09 20:55:00+00:00,0,0,0.0,[]
2020-11-09 21:00:00+00:00,0,0,0.0,[]
2020-11-09 21:05:00+00:00,0,0,0.0,[]
2020-11-09 21:10:00+00:00,440,0,1.0,[440]
2020-11-09 21:15:00+00:00,0,0,0.0,[]
2020-11-09 21:20:00+00:00,0,0,0.0,[]
2020-11-09 21:25:00+00:00,0,0,1.0,[0]
2020-11-09 21:30:00+00:00,0,0,0.0,[]
2020-11-09 21:35:00+00:00,0,0,0.0,[]
2020-11-09 21:40:00+00:00,0,0,0.0,[]
2020-11-09 21:45:00+00:00,0,0,0.0,[]
2020-11-09 21:50:00+00:00,0,0,0.0,[]
2020-11-09 21:55:00+00:00,0,0,0.0,[]
2020-11-09 22:00:00+00:00,0,0,0.0,[]
2020-11-09 22:05:00+00:00,0,0,0.0,[]
2020-11-09 22:10:00+00:00,0,0,0.0,[]
2020-11-09 22:15:00+00:00,0,0,0.0,[]
2020-11-09 22:20:00+00:00,0,0,0.0,[]
2020-11-09 22:25:00+00:00,0,0,0.0,[]
2020-11-09 22:30:00+00:00,0,0,0.0,[]
2020-11-09 22:35:00+00:00,0,0,0.0,[]
2020-11-09 22:40:00+00:00,0,0,0.0,[]
2020-11-09 22:45:00+00:00,0,0,0.0,[]
2020-11-09 22:50:00+00:00,0,0,0.0,[]
2020-11-09 22:55:00+00:00,0,0,0.0,[]
2020-11-09 23:00:00+00:00,0,0,0.0,[]
2020-11-09 23:05:00+00:00,0,0,0.0,[]
2020-11-09 23:10:00+00:00,0,0,0.0,[]
2020-11-09 23:15:00+00:00,0,0,0.0,[]
2020-11-09 23:20:00+00:00,0,0,0.0,[]
2020-11-09 23:25:00+00:00,760,0,1.0,[760]
2020-11-09 23:30:00+00:00,0,0,0.0,[]
2020-11-09 23:35:00+00:00,0,0,0.0,[]
2020-11-09 23:40:00+00:00,940,0,1.0,[940]
2020-11-09 23:45:00+00:00,0,0,0.0,[]
2020-11-09 23:50:00+00:00,0,0,0.0,[]
2020-11-09 23:55:00+00:00,0,0,0.0,[]
2020-11-10 00:00:00+00:00,0,0,0.0,[]
2020-11-10 00:05:00+00:00,0,0,0.0,[]
2020-11-10 00:10:00+00:00,0,0,0.0,[]
2020-11-10 00:15:00+00:00,0,0,0.0,[]
2020-11-10 00:20:00+00:00,0,0,0.0,[]
2020-11-10 00:25:00+00:00,0,0,0.0,[]
2020-11-10 00:30:00+00:00,0,0,0.0,[]
2020-11-10 00:35:00+00:00,0,0,0.0,[]
2020-11-10 00:40:00+00:00,0,0,0.0,[]
2020-11-10 00:45:00+00:00,0,0,0.0,[]
2020-11-10 00:50:00+00:00,0,0,0.0,[]
2020-11-10 00:55:00+00:00,0,0,0.0,[]
2020-11-10 01:00:00+00:00,0,0,0.0,[]
2020-11-10 01:05:00+00:00,0,0,0.0,[]
2020-11-10 01:10:00+00:00,0,0,0.0,[]
2020-11-10 01:15:00+00:00,6760,0,2.0,"[3380, 3380]"
2020-11-10 01:20:00+00:00,0,0,0.0,[]
2020-11-10 01:25:00+00:00,0,0,0.0,[]
2020-11-10 01:30:00+00:00,0,0,0.0,[]
2020-11-10 01:35:00+00:00,0,0,0.0,[]
2020-11-10 01:40:00+00:00,90,0,1.0,[90]
2020-11-10 01:45:00+00:00,0,0,0.0,[]
2020-11-10 01:50:00+00:00,0,0,0.0,[]
2020-11-10 01:55:00+00:00,0,0,0.0,[]
2020-11-10 02:00:00+00:00,0,0,0.0,[]
2020-11-10 02:05:00+00:00,0,0,0.0,[]
2020-11-10 02:10:00+00:00,0,0,0.0,[]
2020-11-10 02:15:00+00:00,0,0,0.0,[]
2020-11-10 02:20:00+00:00,0,0,0.0,[]
2020-11-10 02:25:00+00:00,0,0,0.0,[]
2020-11-10 02:30:00+00:00,0,0,0.0,[]
2020-11-10 02:35:00+00:00,0,0,0.0,[]
2020-11-10 02:40:00+00:00,1480,0,1.0,[1480]
2020-11-10 02:45:00+00:00,0,0,0.0,[]
2020-11-10 02:50:00+00:00,0,0,0.0,[]
2020-11-10 02:55:00+00:00,0,0,0.0,[]
2020-11-10 03:00:00+00:00,1360,0,1.0,[1360]
2020-11-10 03:05:00+00:00,1360,0,1.0,[1360]
2020-11-10 03:10:00+00:00,0,0,0.0,[]
2020-11-10 03:15:00+00:00,0,0,0.0,[]
2020-11-10 03:20:00+00:00,0,0,0.0,[]
2020-11-10 03:25:00+00:00,0,0,0.0,[]
2020-11-10 03:30:00+00:00,0,0,0.0,[]
2020-11-10 03:35:00+00:00,0,0,0.0,[]
2020-11-10 03:40:00+00:00,0,0,0.0,[]
2020-11-10 03:45:00+00:00,0,0,0.0,[]
2020-11-10 03:50:00+00:00,0,0,0.0,[]
2020-11-10 03:55:00+00:00,0,0,0.0,[]
2020-11-10 04:00:00+00:00,0,0,0.0,[]
2020-11-10 04:05:00+00:00,0,0,0.0,[]
2020-11-10 04:10:00+00:00,0,0,0.0,[]
2020-11-10 04:15:00+00:00,0,0,0.0,[]
2020-11-10 04:20:00+00:00,8820,0,2.0,"[5220, 3600]"
2020-11-10 04:25:00+00:00,0,0,0.0,[]
2020-11-10 04:30:00+00:00,0,0,0.0,[]
2020-11-10 04:35:00+00:00,300,0,1.0,[300]
2020-11-10 04:40:00+00:00,0,0,0.0,[]
2020-11-10 04:45:00+00:00,0,0,0.0,[]
2020-11-10 04:50:00+00:00,0,0,0.0,[]
2020-11-10 04:55:00+00:00,0,0,0.0,[]
2020-11-10 05:00:00+00:00,0,0,0.0,[]
2020-11-10 05:05:00+00:00,0,0,0.0,[]
2020-11-10 05:10:00+00:00,0,0,0.0,[]
2020-11-10 05:15:00+00:00,0,0,0.0,[]
2020-11-10 05:20:00+00:00,0,0,0.0,[]
2020-11-10 05:25:00+00:00,0,0,0.0,[]
2020-11-10 05:30:00+00:00,0,0,0.0,[]
2020-11-10 05:35:00+00:00,0,0,0.0,[]
2020-11-10 05:40:00+00:00,0,0,0.0,[]
2020-11-10 05:45:00+00:00,0,0,0.0,[]
2020-11-10 05:50:00+00:00,0,0,0.0,[]
2020-11-10 05:55:00+00:00,0,0,0.0,[]
2020-11-10 06:00:00+00:00,0,0,0.0,[]
2020-11-10 06:05:00+00:00,0,0,0.0,[]
2020-11-10 06:10:00+00:00,0,0,0.0,[]
2020-11-10 06:15:00+00:00,0,0,0.0,[]
2020-11-10 06:20:00+00:00,0,0,0.0,[]
2020-11-10 06:25:00+00:00,0,0,0.0,[]
2020-11-10 06:30:00+00:00,0,0,0.0,[]
2020-11-10 06:35:00+00:00,0,0,0.0,[]
2020-11-10 06:40:00+00:00,0,0,0.0,[]
2020-11-10 06:45:00+00:00,0,0,0.0,[]
2020-11-10 06:50:00+00:00,0,0,0.0,[]
2020-11-10 06:55:00+00:00,0,0,0.0,[]
2020-11-10 07:00:00+00:00,0,0,0.0,[]
2020-11-10 07:05:00+00:00,0,0,0.0,[]
2020-11-10 07:10:00+00:00,0,0,0.0,[]
2020-11-10 07:15:00+00:00,0,0,0.0,[]
2020-11-10 07:20:00+00:00,0,0,0.0,[]
2020-11-10 07:25:00+00:00,0,0,0.0,[]
2020-11-10 07:30:00+00:00,0,0,0.0,[]
2020-11-10 07:35:00+00:00,0,0,0.0,[]
2020-11-10 07:40:00+00:00,0,0,0.0,[]
2020-11-10 07:45:00+00:00,0,0,0.0,[]
2020-11-10 07:50:00+00:00,0,0,0.0,[]
2020-11-10 07:55:00+00:00,0,0,0.0,[]
2020-11-10 08:00:00+00:00,0,0,0.0,[]
2020-11-10 08:05:00+00:00,0,0,0.0,[]
2020-11-10 08:10:00+00:00,0,0,0.0,[]
2020-11-10 08:15:00+00:00,0,0,0.0,[]
2020-11-10 08:20:00+00:00,0,0,0.0,[]
2020-11-10 08:25:00+00:00,0,0,0.0,[]
2020-11-10 08:30:00+00:00,0,0,0.0,[]
2020-11-10 08:35:00+00:00,0,0,0.0,[]
2020-11-10 08:40:00+00:00,0,0,0.0,[]
2020-11-10 08:45:00+00:00,0,0,0.0,[]
2020-11-10 08:50:00+00:00,0,0,0.0,[]
2020-11-10 08:55:00+00:00,0,0,0.0,[]
2020-11-10 09:00:00+00:00,0,0,0.0,[]
2020-11-10 09:05:00+00:00,0,0,0.0,[]
2020-11-10 09:10:00+00:00,0,0,0.0,[]
2020-11-10 09:15:00+00:00,0,0,0.0,[]
2020-11-10 09:20:00+00:00,0,0,0.0,[]
2020-11-10 09:25:00+00:00,0,0,0.0,[]
2020-11-10 09:30:00+00:00,0,0,0.0,[]
2020-11-10 09:35:00+00:00,0,0,0.0,[]
2020-11-10 09:40:00+00:00,0,0,0.0,[]
2020-11-10 09:45:00+00:00,0,0,0.0,[]
2020-11-10 09:50:00+00:00,0,0,0.0,[]
2020-11-10 09:55:00+00:00,0,0,0.0,[]
2020-11-10 10:00:00+00:00,0,0,0.0,[]
2020-11-10 10:05:00+00:00,0,0,0.0,[]
2020-11-10 10:10:00+00:00,0,0,0.0,[]
2020-11-10 10:15:00+00:00,0,0,0.0,[]
2020-11-10 10:20:00+00:00,0,0,0.0,[]
2020-11-10 10:25:00+00:00,0,0,0.0,[]
2020-11-10 10:30:00+00:00,0,0,0.0,[]
2020-11-10 10:35:00+00:00,0,0,0.0,[]
2020-11-10 10:40:00+00:00,0,0,0.0,[]
2020-11-10 10:45:00+00:00,0,0,0.0,[]
2020-11-10 10:50:00+00:00,0,0,0.0,[]
2020-11-10 10:55:00+00:00,0,0,0.0,[]
2020-11-10 11:00:00+00:00,0,0,0.0,[]
2020-11-10 11:05:00+00:00,0,0,0.0,[]
2020-11-10 11:10:00+00:00,0,0,0.0,[]
2020-11-10 11:15:00+00:00,0,0,0.0,[]
2020-11-10 11:20:00+00:00,0,0,0.0,[]
2020-11-10 11:25:00+00:00,0,0,0.0,[]
2020-11-10 11:30:00+00:00,0,0,0.0,[]
2020-11-10 11:35:00+00:00,0,0,0.0,[]
2020-11-10 11:40:00+00:00,0,0,0.0,[]
2020-11-10 11:45:00+00:00,0,0,0.0,[]
2020-11-10 11:50:00+00:00,0,0,0.0,[]
2020-11-10 11:55:00+00:00,0,0,0.0,[]
2020-11-10 12:00:00+00:00,0,0,0.0,[]
2020-11-10 12:05:00+00:00,0,0,0.0,[]
2020-11-10 12:10:00+00:00,0,0,0.0,[]
2020-11-10 12:15:00+00:00,550,0,1.0,[550]
2020-11-10 12:20:00+00:00,0,0,0.0,[]
2020-11-10 12:25:00+00:00,1180,0,1.0,[1180]
2020-11-10 12:30:00+00:00,200,0,1.0,[200]
2020-11-10 12:35:00+00:00,0,0,0.0,[]
2020-11-10 12:40:00+00:00,1110,0,1.0,[1110]
2020-11-10 12:45:00+00:00,0,0,0.0,[]
2020-11-10 12:50:00+00:00,0,0,0.0,[]
2020-11-10 12:55:00+00:00,0,0,0.0,[]
2020-11-10 13:00:00+00:00,0,0,0.0,[]
2020-11-10 13:05:00+00:00,0,0,0.0,[]
2020-11-10 13:10:00+00:00,0,0,0.0,[]
2020-11-10 13:15:00+00:00,0,0,0.0,[]
2020-11-10 13:20:00+00:00,0,0,0.0,[]
2020-11-10 13:25:00+00:00,0,0,0.0,[]
2020-11-10 13:30:00+00:00,0,0,0.0,[]
2020-11-10 13:35:00+00:00,0,0,0.0,[]
2020-11-10 13:40:00+00:00,0,0,0.0,[]
2020-11-10 13:45:00+00:00,0,0,0.0,[]
2020-11-10 13:50:00+00:00,0,0,0.0,[]
2020-11-10 13:55:00+00:00,0,0,0.0,[]
2020-11-10 14:00:00+00:00,0,0,0.0,[]
2020-11-10 14:05:00+00:00,0,0,0.0,[]
2020-11-10 14:10:00+00:00,0,0,0.0,[]
2020-11-10 14:15:00+00:00,0,0,0.0,[]
2020-11-10 14:20:00+00:00,0,0,0.0,[]
2020-11-10 14:25:00+00:00,0,0,0.0,[]
2020-11-10 14:30:00+00:00,0,0,0.0,[]
2020-11-10 14:35:00+00:00,0,0,0.0,[]
2020-11-10 14:40:00+00:00,1340,0,1.0,[1340]
2020-11-10 14:45:00+00:00,0,0,0.0,[]
2020-11-10 14:50:00+00:00,0,0,0.0,[]
2020-11-10 14:55:00+00:00,0,0,0.0,[]
2020-11-10 15:00:00+00:00,0,0,0.0,[]
2020-11-10 15:05:00+00:00,0,0,0.0,[]
2020-11-10 15:10:00+00:00,0,0,0.0,[]
2020-11-10 15:15:00+00:00,0,0,0.0,[]
2020-11-10 15:20:00+00:00,0,0,0.0,[]
2020-11-10 15:25:00+00:00,0,0,0.0,[]
2020-11-10 15:30:00+00:00,0,0,0.0,[]
2020-11-10 15:35:00+00:00,100,0,1.0,[100]
2020-11-10 15:40:00+00:00,0,0,0.0,[]
2020-11-10 15:45:00+00:00,0,0,0.0,[]
2020-11-10 15:50:00+00:00,0,0,0.0,[]
2020-11-10 15:55:00+00:00,0,0,0.0,[]
2020-11-10 16:00:00+00:00,0,0,0.0,[]
2020-11-10 16:05:00+00:00,0,0,0.0,[]
2020-11-10 16:10:00+00:00,0,0,0.0,[]
2020-11-10 16:15:00+00:00,0,0,0.0,[]
2020-11-10 16:20:00+00:00,0,0,0.0,[]
2020-11-10 16:25:00+00:00,0,0,0.0,[]
2020-11-10 16:30:00+00:00,0,0,0.0,[]
2020-11-10 16:35:00+00:00,0,0,0.0,[]
2020-11-10 16:40:00+00:00,0,0,0.0,[]
2020-11-10 16:45:00+00:00,0,0,0.0,[]
2020-11-10 16:50:00+00:00,0,0,0.0,[]
2020-11-10 16:55:00+00:00,0,0,0.0,[]
2020-11-10 17:00:00+00:00,0,0,0.0,[]
2020-11-10 17:05:00+00:00,0,0,0.0,[]
2020-11-10 17:10:00+00:00,0,0,0.0,[]
2020-11-10 17:15:00+00:00,0,0,0.0,[]
2020-11-10 17:20:00+00:00,0,0,0.0,[]
2020-11-10 17:25:00+00:00,0,0,0.0,[]
2020-11-10 17:30:00+00:00,0,0,0.0,[]
2020-11-10 17:35:00+00:00,20,0,1.0,[20]
2020-11-10 17:40:00+00:00,0,0,0.0,[]
2020-11-10 17:45:00+00:00,0,0,0.0,[]
2020-11-10 17:50:00+00:00,0,0,0.0,[]
2020-11-10 17:55:00+00:00,3750,0,3.0,"[360, 1290, 2100]"
2020-11-10 18:00:00+00:00,3850,0,3.0,"[2100, 110, 1640]"
2020-11-10 18:05:00+00:00,780,0,2.0,"[640, 140]"
2020-11-10 18:10:00+00:00,950,0,2.0,"[660, 290]"
2020-11-10 18:15:00+00:00,0,0,0.0,[]
2020-11-10 18:20:00+00:00,1230,0,2.0,"[290, 940]"
2020-11-10 18:25:00+00:00,740,0,2.0,"[50, 690]"
2020-11-10 18:30:00+00:00,0,0,0.0,[]
2020-11-10 18:35:00+00:00,420,0,1.0,[420]
2020-11-10 18:40:00+00:00,0,0,0.0,[]
2020-11-10 18:45:00+00:00,120,0,2.0,"[60, 60]"
2020-11-10 18:50:00+00:00,120,0,2.0,"[60, 60]"
2020-11-10 18:55:00+00:00,340,0,1.0,[340]
2020-11-10 19:00:00+00:00,290,0,1.0,[290]
2020-11-10 19:05:00+00:00,50,0,1.0,[50]
2020-11-10 19:10:00+00:00,760,0,2.0,"[340, 420]"
2020-11-10 19:15:00+00:00,0,0,0.0,[]
2020-11-10 19:20:00+00:00,1100,0,1.0,[1100]
2020-11-10 19:25:00+00:00,580,0,1.0,[580]
2020-11-10 19:30:00+00:00,0,0,0.0,[]
2020-11-10 19:35:00+00:00,300,0,1.0,[300]
2020-11-10 19:40:00+00:00,0,0,0.0,[]
2020-11-10 19:45:00+00:00,0,0,0.0,[]
2020-11-10 19:50:00+00:00,0,0,0.0,[]
2020-11-10 19:55:00+00:00,1110,0,2.0,"[650, 460]"
2020-11-10 20:00:00+00:00,0,0,0.0,[]
2020-11-10 20:05:00+00:00,0,0,0.0,[]
2020-11-10 20:10:00+00:00,0,0,0.0,[]
2020-11-10 20:15:00+00:00,0,0,0.0,[]
2020-11-10 20:20:00+00:00,0,0,0.0,[]
2020-11-10 20:25:00+00:00,0,0,0.0,[]
2020-11-10 20:30:00+00:00,0,0,0.0,[]
2020-11-10 20:35:00+00:00,140,0,1.0,[140]
2020-11-10 20:40:00+00:00,0,0,0.0,[]
2020-11-10 20:45:00+00:00,590,0,2.0,"[70, 520]"
2020-11-10 20:50:00+00:00,0,0,0.0,[]
2020-11-10 20:55:00+00:00,630,0,2.0,"[300, 330]"
2020-11-10 21:00:00+00:00,530,0,1.0,[530]
2020-11-10 21:05:00+00:00,660,0,2.0,"[570, 90]"
2020-11-10 21:10:00+00:00,500,0,1.0,[500]
2020-11-10 21:15:00+00:00,2000,0,4.0,"[500, 500, 500, 500]"
2020-11-10 21:20:00+00:00,300,0,1.0,[300]
2020-11-10 21:25:00+00:00,390,0,2.0,"[310, 80]"
2020-11-10 21:30:00+00:00,150,0,1.0,[150]
2020-11-10 21:35:00+00:00,320,0,1.0,[320]
2020-11-10 21:40:00+00:00,0,0,0.0,[]
2020-11-10 21:45:00+00:00,0,0,0.0,[]
2020-11-10 21:50:00+00:00,0,0,0.0,[]
2020-11-10 21:55:00+00:00,0,0,0.0,[]
2020-11-10 22:00:00+00:00,0,0,0.0,[]
2020-11-10 22:05:00+00:00,0,0,0.0,[]
2020-11-10 22:10:00+00:00,0,0,0.0,[]
2020-11-10 22:15:00+00:00,0,0,0.0,[]
2020-11-10 22:20:00+00:00,0,0,0.0,[]
2020-11-10 22:25:00+00:00,0,0,0.0,[]
2020-11-10 22:30:00+00:00,150,0,1.0,[150]
2020-11-10 22:35:00+00:00,0,0,0.0,[]
2020-11-10 22:40:00+00:00,0,0,0.0,[]
2020-11-10 22:45:00+00:00,0,0,0.0,[]
2020-11-10 22:50:00+00:00,0,0,0.0,[]
2020-11-10 22:55:00+00:00,0,0,0.0,[]
2020-11-10 23:00:00+00:00,0,0,0.0,[]
2020-11-10 23:05:00+00:00,0,0,0.0,[]
2020-11-10 23:10:00+00:00,0,0,0.0,[]
2020-11-10 23:15:00+00:00,0,0,0.0,[]
2020-11-10 23:20:00+00:00,410,0,1.0,[410]
2020-11-10 23:25:00+00:00,340,0,1.0,[340]
2020-11-10 23:30:00+00:00,0,0,0.0,[]
2020-11-10 23:35:00+00:00,0,0,0.0,[]
2020-11-10 23:40:00+00:00,0,0,0.0,[]
2020-11-10 23:45:00+00:00,0,0,0.0,[]
2020-11-10 23:50:00+00:00,0,0,0.0,[]
2020-11-10 23:55:00+00:00,0,0,0.0,[]
2020-11-11 00:00:00+00:00,0,0,0.0,[]
2020-11-11 00:05:00+00:00,0,0,0.0,[]
2020-11-11 00:10:00+00:00,0,0,0.0,[]
2020-11-11 00:15:00+00:00,0,0,0.0,[]
2020-11-11 00:20:00+00:00,0,0,0.0,[]
2020-11-11 00:25:00+00:00,0,0,0.0,[]
2020-11-11 00:30:00+00:00,0,0,0.0,[]
2020-11-11 00:35:00+00:00,2910,0,1.0,[2910]
2020-11-11 00:40:00+00:00,0,0,0.0,[]
2020-11-11 00:45:00+00:00,0,0,0.0,[]
2020-11-11 00:50:00+00:00,0,0,0.0,[]
2020-11-11 00:55:00+00:00,0,0,0.0,[]
2020-11-11 01:00:00+00:00,0,0,0.0,[]
2020-11-11 01:05:00+00:00,0,0,0.0,[]
2020-11-11 01:10:00+00:00,0,0,0.0,[]
2020-11-11 01:15:00+00:00,0,0,0.0,[]
2020-11-11 01:20:00+00:00,1000,0,1.0,[1000]
2020-11-11 01:25:00+00:00,0,0,0.0,[]
2020-11-11 01:30:00+00:00,0,0,0.0,[]
2020-11-11 01:35:00+00:00,0,0,0.0,[]
2020-11-11 01:40:00+00:00,0,0,0.0,[]
2020-11-11 01:45:00+00:00,0,0,0.0,[]
2020-11-11 01:50:00+00:00,0,0,0.0,[]
2020-11-11 01:55:00+00:00,0,0,0.0,[]
2020-11-11 02:00:00+00:00,0,0,0.0,[]
2020-11-11 02:05:00+00:00,0,0,0.0,[]
2020-11-11 02:10:00+00:00,0,0,0.0,[]
2020-11-11 02:15:00+00:00,0,0,0.0,[]
2020-11-11 02:20:00+00:00,0,0,0.0,[]
2020-11-11 02:25:00+00:00,0,0,0.0,[]
2020-11-11 02:30:00+00:00,0,0,0.0,[]
2020-11-11 02:35:00+00:00,0,0,0.0,[]
2020-11-11 02:40:00+00:00,0,0,0.0,[]
2020-11-11 02:45:00+00:00,0,0,0.0,[]
2020-11-11 02:50:00+00:00,0,0,0.0,[]
2020-11-11 02:55:00+00:00,0,0,0.0,[]
2020-11-11 03:00:00+00:00,0,0,0.0,[]
2020-11-11 03:05:00+00:00,0,0,0.0,[]
2020-11-11 03:10:00+00:00,0,0,0.0,[]
2020-11-11 03:15:00+00:00,0,0,0.0,[]
2020-11-11 03:20:00+00:00,0,0,0.0,[]
2020-11-11 03:25:00+00:00,0,0,0.0,[]
2020-11-11 03:30:00+00:00,0,0,0.0,[]
2020-11-11 03:35:00+00:00,0,0,0.0,[]
2020-11-11 03:40:00+00:00,0,0,0.0,[]
2020-11-11 03:45:00+00:00,0,0,0.0,[]
2020-11-11 03:50:00+00:00,0,0,0.0,[]
2020-11-11 03:55:00+00:00,0,0,0.0,[]
2020-11-11 04:00:00+00:00,0,0,0.0,[]
2020-11-11 04:05:00+00:00,0,0,0.0,[]
2020-11-11 04:10:00+00:00,60,0,1.0,[60]
2020-11-11 04:15:00+00:00,0,0,0.0,[]
2020-11-11 04:20:00+00:00,0,0,0.0,[]
2020-11-11 04:25:00+00:00,0,0,0.0,[]
2020-11-11 04:30:00+00:00,0,0,0.0,[]
2020-11-11 04:35:00+00:00,0,0,0.0,[]
2020-11-11 04:40:00+00:00,0,0,0.0,[]
2020-11-11 04:45:00+00:00,0,0,0.0,[]
2020-11-11 04:50:00+00:00,0,0,0.0,[]
2020-11-11 04:55:00+00:00,0,0,0.0,[]
2020-11-11 05:00:00+00:00,0,0,0.0,[]
2020-11-11 05:05:00+00:00,0,0,0.0,[]
2020-11-11 05:10:00+00:00,0,0,0.0,[]
2020-11-11 05:15:00+00:00,0,0,0.0,[]
2020-11-11 05:20:00+00:00,0,0,0.0,[]
2020-11-11 05:25:00+00:00,0,0,0.0,[]
2020-11-11 05:30:00+00:00,0,0,0.0,[]
2020-11-11 05:35:00+00:00,0,0,0.0,[]
2020-11-11 05:40:00+00:00,0,0,0.0,[]
2020-11-11 05:45:00+00:00,0,0,0.0,[]
2020-11-11 05:50:00+00:00,0,0,0.0,[]
2020-11-11 05:55:00+00:00,0,0,0.0,[]
2020-11-11 06:00:00+00:00,0,0,0.0,[]
2020-11-11 06:05:00+00:00,0,0,0.0,[]
2020-11-11 06:10:00+00:00,0,0,0.0,[]
2020-11-11 06:15:00+00:00,900,0,1.0,[900]
2020-11-11 06:20:00+00:00,0,0,0.0,[]
2020-11-11 06:25:00+00:00,0,0,0.0,[]
2020-11-11 06:30:00+00:00,0,0,0.0,[]
2020-11-11 06:35:00+00:00,0,0,0.0,[]
2020-11-11 06:40:00+00:00,0,0,0.0,[]
2020-11-11 06:45:00+00:00,0,0,0.0,[]
2020-11-11 06:50:00+00:00,0,0,0.0,[]
2020-11-11 06:55:00+00:00,0,0,0.0,[]
2020-11-11 07:00:00+00:00,0,0,0.0,[]
2020-11-11 07:05:00+00:00,0,0,0.0,[]
2020-11-11 07:10:00+00:00,0,0,0.0,[]
2020-11-11 07:15:00+00:00,0,0,0.0,[]
2020-11-11 07:20:00+00:00,0,0,0.0,[]
2020-11-11 07:25:00+00:00,0,0,0.0,[]
2020-11-11 07:30:00+00:00,0,0,0.0,[]
2020-11-11 07:35:00+00:00,0,0,0.0,[]
2020-11-11 07:40:00+00:00,0,0,0.0,[]
2020-11-11 07:45:00+00:00,0,0,0.0,[]
2020-11-11 07:50:00+00:00,0,0,0.0,[]
2020-11-11 07:55:00+00:00,0,0,0.0,[]
2020-11-11 08:00:00+00:00,0,0,0.0,[]
2020-11-11 08:05:00+00:00,0,0,0.0,[]
2020-11-11 08:10:00+00:00,0,0,0.0,[]
2020-11-11 08:15:00+00:00,0,0,0.0,[]
2020-11-11 08:20:00+00:00,0,0,0.0,[]
2020-11-11 08:25:00+00:00,0,0,0.0,[]
2020-11-11 08:30:00+00:00,0,0,0.0,[]
2020-11-11 08:35:00+00:00,0,0,0.0,[]
2020-11-11 08:40:00+00:00,0,0,0.0,[]
2020-11-11 08:45:00+00:00,0,0,0.0,[]
2020-11-11 08:50:00+00:00,0,0,0.0,[]
2020-11-11 08:55:00+00:00,0,0,0.0,[]
2020-11-11 09:00:00+00:00,0,0,0.0,[]
2020-11-11 09:05:00+00:00,0,0,0.0,[]
2020-11-11 09:10:00+00:00,0,0,0.0,[]
2020-11-11 09:15:00+00:00,0,0,0.0,[]
2020-11-11 09:20:00+00:00,0,0,0.0,[]
2020-11-11 09:25:00+00:00,0,0,0.0,[]
2020-11-11 09:30:00+00:00,0,0,0.0,[]
2020-11-11 09:35:00+00:00,0,0,0.0,[]
2020-11-11 09:40:00+00:00,0,0,0.0,[]
2020-11-11 09:45:00+00:00,0,0,0.0,[]
2020-11-11 09:50:00+00:00,20,0,1.0,[20]
2020-11-11 09:55:00+00:00,0,0,0.0,[]
2020-11-11 10:00:00+00:00,0,0,0.0,[]
2020-11-11 10:05:00+00:00,0,0,0.0,[]
2020-11-11 10:10:00+00:00,0,0,0.0,[]
2020-11-11 10:15:00+00:00,0,0,0.0,[]
2020-11-11 10:20:00+00:00,0,0,0.0,[]
2020-11-11 10:25:00+00:00,0,0,0.0,[]
2020-11-11 10:30:00+00:00,0,0,0.0,[]
2020-11-11 10:35:00+00:00,0,0,0.0,[]
2020-11-11 10:40:00+00:00,0,0,0.0,[]
2020-11-11 10:45:00+00:00,0,0,0.0,[]
2020-11-11 10:50:00+00:00,0,0,0.0,[]
2020-11-11 10:55:00+00:00,0,0,0.0,[]
2020-11-11 11:00:00+00:00,0,0,0.0,[]
2020-11-11 11:05:00+00:00,0,0,0.0,[]
2020-11-11 11:10:00+00:00,0,0,0.0,[]
2020-11-11 11:15:00+00:00,0,0,0.0,[]
2020-11-11 11:20:00+00:00,0,0,0.0,[]
2020-11-11 11:25:00+00:00,0,0,0.0,[]
2020-11-11 11:30:00+00:00,0,0,0.0,[]
2020-11-11 11:35:00+00:00,0,0,0.0,[]
2020-11-11 11:40:00+00:00,0,0,0.0,[]
2020-11-11 11:45:00+00:00,0,0,0.0,[]
2020-11-11 11:50:00+00:00,0,0,0.0,[]
2020-11-11 11:55:00+00:00,0,0,0.0,[]
2020-11-11 12:00:00+00:00,0,0,0.0,[]
2020-11-11 12:05:00+00:00,0,0,0.0,[]
2020-11-11 12:10:00+00:00,0,0,0.0,[]
2020-11-11 12:15:00+00:00,0,0,0.0,[]
2020-11-11 12:20:00+00:00,0,0,0.0,[]
2020-11-11 12:25:00+00:00,0,0,0.0,[]
2020-11-11 12:30:00+00:00,0,0,0.0,[]
2020-11-11 12:35:00+00:00,0,0,0.0,[]
2020-11-11 12:40:00+00:00,1000,0,2.0,"[500, 500]"
2020-11-11 12:45:00+00:00,0,0,0.0,[]
2020-11-11 12:50:00+00:00,500,0,1.0,[500]
2020-11-11 12:55:00+00:00,0,0,0.0,[]
2020-11-11 13:00:00+00:00,0,0,0.0,[]
2020-11-11 13:05:00+00:00,0,0,0.0,[]
2020-11-11 13:10:00+00:00,0,0,0.0,[]
2020-11-11 13:15:00+00:00,0,0,0.0,[]
2020-11-11 13:20:00+00:00,0,0,0.0,[]
2020-11-11 13:25:00+00:00,0,0,0.0,[]
2020-11-11 13:30:00+00:00,0,0,0.0,[]
2020-11-11 13:35:00+00:00,0,0,0.0,[]
2020-11-11 13:40:00+00:00,0,0,0.0,[]
2020-11-11 13:45:00+00:00,0,0,0.0,[]
2020-11-11 13:50:00+00:00,0,0,0.0,[]
2020-11-11 13:55:00+00:00,0,0,0.0,[]
2020-11-11 14:00:00+00:00,0,0,0.0,[]
2020-11-11 14:05:00+00:00,0,0,0.0,[]
2020-11-11 14:10:00+00:00,0,0,0.0,[]
2020-11-11 14:15:00+00:00,0,0,0.0,[]
2020-11-11 14:20:00+00:00,0,0,0.0,[]
2020-11-11 14:25:00+00:00,0,0,0.0,[]
2020-11-11 14:30:00+00:00,0,0,0.0,[]
2020-11-11 14:35:00+00:00,0,0,0.0,[]
2020-11-11 14:40:00+00:00,0,0,0.0,[]
2020-11-11 14:45:00+00:00,0,0,0.0,[]
2020-11-11 14:50:00+00:00,500,0,1.0,[500]
2020-11-11 14:55:00+00:00,0,0,0.0,[]
2020-11-11 15:00:00+00:00,0,0,0.0,[]
2020-11-11 15:05:00+00:00,0,0,0.0,[]
2020-11-11 15:10:00+00:00,0,0,0.0,[]
2020-11-11 15:15:00+00:00,340,0,1.0,[340]
2020-11-11 15:20:00+00:00,0,0,0.0,[]
2020-11-11 15:25:00+00:00,0,0,0.0,[]
2020-11-11 15:30:00+00:00,0,0,0.0,[]
2020-11-11 15:35:00+00:00,0,0,0.0,[]
2020-11-11 15:40:00+00:00,0,0,0.0,[]
2020-11-11 15:45:00+00:00,0,0,0.0,[]
2020-11-11 15:50:00+00:00,0,0,0.0,[]
2020-11-11 15:55:00+00:00,0,0,0.0,[]
2020-11-11 16:00:00+00:00,0,0,0.0,[]
2020-11-11 16:05:00+00:00,0,0,0.0,[]
2020-11-11 16:10:00+00:00,0,0,0.0,[]
2020-11-11 16:15:00+00:00,0,0,0.0,[]
2020-11-11 16:20:00+00:00,0,0,0.0,[]
2020-11-11 16:25:00+00:00,0,0,0.0,[]
2020-11-11 16:30:00+00:00,0,0,0.0,[]
2020-11-11 16:35:00+00:00,0,0,0.0,[]
2020-11-11 16:40:00+00:00,0,0,0.0,[]
2020-11-11 16:45:00+00:00,0,0,0.0,[]
2020-11-11 16:50:00+00:00,0,0,0.0,[]
2020-11-11 16:55:00+00:00,0,0,0.0,[]
2020-11-11 17:00:00+00:00,0,0,0.0,[]
2020-11-11 17:05:00+00:00,0,0,0.0,[]
2020-11-11 17:10:00+00:00,0,0,0.0,[]
2020-11-11 17:15:00+00:00,0,0,0.0,[]
2020-11-11 17:20:00+00:00,0,0,0.0,[]
2020-11-11 17:25:00+00:00,0,0,0.0,[]
2020-11-11 17:30:00+00:00,0,0,0.0,[]
2020-11-11 17:35:00+00:00,0,0,0.0,[]
2020-11-11 17:40:00+00:00,0,0,0.0,[]
2020-11-11 17:45:00+00:00,0,0,0.0,[]
2020-11-11 17:50:00+00:00,0,0,0.0,[]
2020-11-11 17:55:00+00:00,0,0,0.0,[]
2020-11-11 18:00:00+00:00,0,0,0.0,[]
2020-11-11 18:05:00+00:00,0,0,0.0,[]
2020-11-11 18:10:00+00:00,0,0,0.0,[]
2020-11-11 18:15:00+00:00,0,0,0.0,[]
2020-11-11 18:20:00+00:00,0,0,0.0,[]
2020-11-11 18:25:00+00:00,0,0,0.0,[]
2020-11-11 18:30:00+00:00,0,0,0.0,[]
2020-11-11 18:35:00+00:00,0,0,0.0,[]
2020-11-11 18:40:00+00:00,0,0,0.0,[]
2020-11-11 18:45:00+00:00,0,0,0.0,[]
2020-11-11 18:50:00+00:00,0,0,0.0,[]
2020-11-11 18:55:00+00:00,0,0,0.0,[]
2020-11-11 19:00:00+00:00,0,0,0.0,[]
2020-11-11 19:05:00+00:00,0,0,0.0,[]
2020-11-11 19:10:00+00:00,0,0,0.0,[]
2020-11-11 19:15:00+00:00,0,0,0.0,[]
2020-11-11 19:20:00+00:00,0,0,0.0,[]
2020-11-11 19:25:00+00:00,500,0,1.0,[500]
2020-11-11 19:30:00+00:00,2000,0,4.0,"[500, 500, 500, 500]"
2020-11-11 19:35:00+00:00,500,0,1.0,[500]
2020-11-11 19:40:00+00:00,0,0,0.0,[]
2020-11-11 19:45:00+00:00,0,0,0.0,[]
2020-11-11 19:50:00+00:00,0,0,0.0,[]
2020-11-11 19:55:00+00:00,0,0,0.0,[]
2020-11-11 20:00:00+00:00,0,0,0.0,[]
2020-11-11 20:05:00+00:00,0,0,0.0,[]
2020-11-11 20:10:00+00:00,0,0,0.0,[]
2020-11-11 20:15:00+00:00,0,0,0.0,[]
2020-11-11 20:20:00+00:00,0,0,0.0,[]
2020-11-11 20:25:00+00:00,0,0,0.0,[]
2020-11-11 20:30:00+00:00,0,0,0.0,[]
2020-11-11 20:35:00+00:00,0,0,0.0,[]
2020-11-11 20:40:00+00:00,0,0,0.0,[]
2020-11-11 20:45:00+00:00,0,0,0.0,[]
2020-11-11 20:50:00+00:00,0,0,0.0,[]
2020-11-11 20:55:00+00:00,0,0,0.0,[]
2020-11-11 21:00:00+00:00,0,0,0.0,[]
2020-11-11 21:05:00+00:00,0,0,0.0,[]
2020-11-11 21:10:00+00:00,0,0,0.0,[]
2020-11-11 21:15:00+00:00,0,0,0.0,[]
2020-11-11 21:20:00+00:00,0,0,0.0,[]
2020-11-11 21:25:00+00:00,0,0,0.0,[]
2020-11-11 21:30:00+00:00,0,0,0.0,[]
2020-11-11 21:35:00+00:00,0,0,0.0,[]
2020-11-11 21:40:00+00:00,0,0,0.0,[]
2020-11-11 21:45:00+00:00,100,0,1.0,[100]
2020-11-11 21:50:00+00:00,0,0,0.0,[]
2020-11-11 21:55:00+00:00,0,0,0.0,[]
2020-11-11 22:00:00+00:00,0,0,0.0,[]
2020-11-11 22:05:00+00:00,0,0,0.0,[]
2020-11-11 22:10:00+00:00,0,0,0.0,[]
2020-11-11 22:15:00+00:00,0,0,0.0,[]
2020-11-11 22:20:00+00:00,0,0,0.0,[]
2020-11-11 22:25:00+00:00,0,0,0.0,[]
2020-11-11 22:30:00+00:00,0,0,0.0,[]
2020-11-11 22:35:00+00:00,0,0,0.0,[]
2020-11-11 22:40:00+00:00,0,0,0.0,[]
2020-11-11 22:45:00+00:00,0,0,0.0,[]
2020-11-11 22:50:00+00:00,0,0,0.0,[]
2020-11-11 22:55:00+00:00,0,0,0.0,[]
2020-11-11 23:00:00+00:00,0,0,0.0,[]
2020-11-11 23:05:00+00:00,0,0,0.0,[]
2020-11-11 23:10:00+00:00,0,0,0.0,[]
2020-11-11 23:15:00+00:00,2190,0,3.0,"[1470, 360, 360]"
2020-11-11 23:20:00+00:00,720,0,2.0,"[360, 360]"
2020-11-11 23:25:00+00:00,0,0,0.0,[]
2020-11-11 23:30:00+00:00,0,0,0.0,[]
2020-11-11 23:35:00+00:00,0,0,0.0,[]
2020-11-11 23:40:00+00:00,0,0,0.0,[]
2020-11-11 23:45:00+00:00,2040,0,1.0,[2040]
2020-11-11 23:50:00+00:00,0,0,0.0,[]
2020-11-11 23:55:00+00:00,0,0,0.0,[]
2020-11-12 00:00:00+00:00,0,0,0.0,[]
2020-11-12 00:05:00+00:00,0,0,0.0,[]
2020-11-12 00:10:00+00:00,0,0,0.0,[]
2020-11-12 00:15:00+00:00,0,0,0.0,[]
2020-11-12 00:20:00+00:00,0,0,0.0,[]
2020-11-12 00:25:00+00:00,0,0,0.0,[]
2020-11-12 00:30:00+00:00,0,0,0.0,[]
2020-11-12 00:35:00+00:00,0,0,0.0,[]
2020-11-12 00:40:00+00:00,0,0,0.0,[]
2020-11-12 00:45:00+00:00,0,0,0.0,[]
2020-11-12 00:50:00+00:00,0,0,0.0,[]
2020-11-12 00:55:00+00:00,0,0,0.0,[]
2020-11-12 01:00:00+00:00,0,0,0.0,[]
2020-11-12 01:05:00+00:00,0,0,0.0,[]
2020-11-12 01:10:00+00:00,0,0,0.0,[]
2020-11-12 01:15:00+00:00,0,0,0.0,[]
2020-11-12 01:20:00+00:00,0,0,0.0,[]
2020-11-12 01:25:00+00:00,0,0,0.0,[]
2020-11-12 01:30:00+00:00,0,0,0.0,[]
2020-11-12 01:35:00+00:00,0,0,0.0,[]
2020-11-12 01:40:00+00:00,0,0,0.0,[]
2020-11-12 01:45:00+00:00,0,0,0.0,[]
2020-11-12 01:50:00+00:00,0,0,0.0,[]
2020-11-12 01:55:00+00:00,0,0,0.0,[]
2020-11-12 02:00:00+00:00,0,0,0.0,[]
2020-11-12 02:05:00+00:00,0,0,0.0,[]
2020-11-12 02:10:00+00:00,0,0,0.0,[]
2020-11-12 02:15:00+00:00,0,0,0.0,[]
2020-11-12 02:20:00+00:00,0,0,0.0,[]
2020-11-12 02:25:00+00:00,0,0,0.0,[]
2020-11-12 02:30:00+00:00,0,0,0.0,[]
2020-11-12 02:35:00+00:00,0,0,0.0,[]
2020-11-12 02:40:00+00:00,0,0,0.0,[]
2020-11-12 02:45:00+00:00,0,0,0.0,[]
2020-11-12 02:50:00+00:00,0,0,0.0,[]
2020-11-12 02:55:00+00:00,0,0,0.0,[]
2020-11-12 03:00:00+00:00,0,0,0.0,[]
2020-11-12 03:05:00+00:00,0,0,0.0,[]
2020-11-12 03:10:00+00:00,0,0,0.0,[]
2020-11-12 03:15:00+00:00,0,0,0.0,[]
2020-11-12 03:20:00+00:00,0,0,0.0,[]
2020-11-12 03:25:00+00:00,180,0,1.0,[180]
2020-11-12 03:30:00+00:00,0,0,0.0,[]
2020-11-12 03:35:00+00:00,0,0,0.0,[]
2020-11-12 03:40:00+00:00,0,0,0.0,[]
2020-11-12 03:45:00+00:00,0,0,0.0,[]
2020-11-12 03:50:00+00:00,90,0,1.0,[90]
2020-11-12 03:55:00+00:00,0,0,0.0,[]
2020-11-12 04:00:00+00:00,0,0,0.0,[]
2020-11-12 04:05:00+00:00,0,0,0.0,[]
2020-11-12 04:10:00+00:00,0,0,0.0,[]
2020-11-12 04:15:00+00:00,0,0,0.0,[]
2020-11-12 04:20:00+00:00,0,0,0.0,[]
2020-11-12 04:25:00+00:00,0,0,0.0,[]
2020-11-12 04:30:00+00:00,0,0,0.0,[]
2020-11-12 04:35:00+00:00,0,0,0.0,[]
2020-11-12 04:40:00+00:00,0,0,0.0,[]
2020-11-12 04:45:00+00:00,0,0,0.0,[]
2020-11-12 04:50:00+00:00,0,0,0.0,[]
2020-11-12 04:55:00+00:00,0,0,0.0,[]
2020-11-12 05:00:00+00:00,0,0,0.0,[]
2020-11-12 05:05:00+00:00,0,0,0.0,[]
2020-11-12 05:10:00+00:00,0,0,0.0,[]
2020-11-12 05:15:00+00:00,0,0,0.0,[]
2020-11-12 05:20:00+00:00,0,0,0.0,[]
2020-11-12 05:25:00+00:00,0,0,0.0,[]
2020-11-12 05:30:00+00:00,0,0,0.0,[]
2020-11-12 05:35:00+00:00,0,0,0.0,[]
2020-11-12 05:40:00+00:00,0,0,0.0,[]
2020-11-12 05:45:00+00:00,0,0,0.0,[]
2020-11-12 05:50:00+00:00,0,0,0.0,[]
2020-11-12 05:55:00+00:00,0,0,0.0,[]
2020-11-12 06:00:00+00:00,200,0,1.0,[200]
2020-11-12 06:05:00+00:00,0,0,0.0,[]
2020-11-12 06:10:00+00:00,0,0,0.0,[]
2020-11-12 06:15:00+00:00,0,0,0.0,[]
2020-11-12 06:20:00+00:00,310,0,1.0,[310]
2020-11-12 06:25:00+00:00,0,0,0.0,[]
2020-11-12 06:30:00+00:00,100,0,2.0,"[90, 10]"
2020-11-12 06:35:00+00:00,0,0,0.0,[]
2020-11-12 06:40:00+00:00,0,0,0.0,[]
2020-11-12 06:45:00+00:00,90,0,1.0,[90]
2020-11-12 06:50:00+00:00,0,0,0.0,[]
2020-11-12 06:55:00+00:00,0,0,0.0,[]
2020-11-12 07:00:00+00:00,0,0,0.0,[]
2020-11-12 07:05:00+00:00,0,0,0.0,[]
2020-11-12 07:10:00+00:00,0,0,0.0,[]
2020-11-12 07:15:00+00:00,0,0,0.0,[]
2020-11-12 07:20:00+00:00,0,0,0.0,[]
2020-11-12 07:25:00+00:00,0,0,0.0,[]
2020-11-12 07:30:00+00:00,0,0,0.0,[]
2020-11-12 07:35:00+00:00,0,0,0.0,[]
2020-11-12 07:40:00+00:00,0,0,0.0,[]
2020-11-12 07:45:00+00:00,0,0,0.0,[]
2020-11-12 07:50:00+00:00,0,0,0.0,[]
2020-11-12 07:55:00+00:00,0,0,0.0,[]
2020-11-12 08:00:00+00:00,0,0,0.0,[]
2020-11-12 08:05:00+00:00,0,0,0.0,[]
2020-11-12 08:10:00+00:00,0,0,0.0,[]
2020-11-12 08:15:00+00:00,0,0,0.0,[]
2020-11-12 08:20:00+00:00,0,0,0.0,[]
2020-11-12 08:25:00+00:00,0,0,0.0,[]
2020-11-12 08:30:00+00:00,0,0,0.0,[]
2020-11-12 08:35:00+00:00,0,0,0.0,[]
2020-11-12 08:40:00+00:00,0,0,0.0,[]
2020-11-12 08:45:00+00:00,0,0,0.0,[]
2020-11-12 08:50:00+00:00,0,0,0.0,[]
2020-11-12 08:55:00+00:00,0,0,0.0,[]
2020-11-12 09:00:00+00:00,0,0,0.0,[]
2020-11-12 09:05:00+00:00,0,0,0.0,[]
2020-11-12 09:10:00+00:00,0,0,0.0,[]
2020-11-12 09:15:00+00:00,0,0,0.0,[]
2020-11-12 09:20:00+00:00,0,0,0.0,[]
2020-11-12 09:25:00+00:00,0,0,0.0,[]
2020-11-12 09:30:00+00:00,0,0,0.0,[]
2020-11-12 09:35:00+00:00,0,0,0.0,[]
2020-11-12 09:40:00+00:00,0,0,0.0,[]
2020-11-12 09:45:00+00:00,0,0,0.0,[]
2020-11-12 09:50:00+00:00,0,0,0.0,[]
2020-11-12 09:55:00+00:00,0,0,0.0,[]
2020-11-12 10:00:00+00:00,0,0,0.0,[]
2020-11-12 10:05:00+00:00,0,0,0.0,[]
2020-11-12 10:10:00+00:00,0,0,0.0,[]
2020-11-12 10:15:00+00:00,0,0,0.0,[]
2020-11-12 10:20:00+00:00,0,0,0.0,[]
2020-11-12 10:25:00+00:00,70,0,1.0,[70]
2020-11-12 10:30:00+00:00,0,0,0.0,[]
2020-11-12 10:35:00+00:00,0,0,0.0,[]
2020-11-12 10:40:00+00:00,0,0,0.0,[]
2020-11-12 10:45:00+00:00,0,0,0.0,[]
2020-11-12 10:50:00+00:00,0,0,0.0,[]
2020-11-12 10:55:00+00:00,0,0,0.0,[]
2020-11-12 11:00:00+00:00,0,0,0.0,[]
2020-11-12 11:05:00+00:00,0,0,0.0,[]
2020-11-12 11:10:00+00:00,0,0,0.0,[]
2020-11-12 11:15:00+00:00,0,0,0.0,[]
2020-11-12 11:20:00+00:00,0,0,0.0,[]
2020-11-12 11:25:00+00:00,0,0,0.0,[]
2020-11-12 11:30:00+00:00,0,0,0.0,[]
2020-11-12 11:35:00+00:00,0,0,0.0,[]
2020-11-12 11:40:00+00:00,0,0,0.0,[]
2020-11-12 11:45:00+00:00,0,0,0.0,[]
2020-11-12 11:50:00+00:00,0,0,0.0,[]
2020-11-12 11:55:00+00:00,0,0,0.0,[]
2020-11-12 12:00:00+00:00,0,0,0.0,[]
2020-11-12 12:05:00+00:00,0,0,0.0,[]
2020-11-12 12:10:00+00:00,0,0,0.0,[]
2020-11-12 12:15:00+00:00,0,0,0.0,[]
2020-11-12 12:20:00+00:00,0,0,0.0,[]
2020-11-12 12:25:00+00:00,0,0,0.0,[]
2020-11-12 12:30:00+00:00,0,0,0.0,[]
2020-11-12 12:35:00+00:00,0,0,0.0,[]
2020-11-12 12:40:00+00:00,0,0,0.0,[]
2020-11-12 12:45:00+00:00,0,0,0.0,[]
2020-11-12 12:50:00+00:00,0,0,0.0,[]
2020-11-12 12:55:00+00:00,0,0,0.0,[]
2020-11-12 13:00:00+00:00,0,0,0.0,[]
2020-11-12 13:05:00+00:00,0,0,0.0,[]
2020-11-12 13:10:00+00:00,0,0,0.0,[]
2020-11-12 13:15:00+00:00,0,0,0.0,[]
2020-11-12 13:20:00+00:00,0,0,0.0,[]
2020-11-12 13:25:00+00:00,0,0,0.0,[]
2020-11-12 13:30:00+00:00,0,0,0.0,[]
2020-11-12 13:35:00+00:00,0,0,0.0,[]
2020-11-12 13:40:00+00:00,0,0,0.0,[]
2020-11-12 13:45:00+00:00,0,0,0.0,[]
2020-11-12 13:50:00+00:00,0,0,0.0,[]
2020-11-12 13:55:00+00:00,0,0,0.0,[]
2020-11-12 14:00:00+00:00,0,0,0.0,[]
2020-11-12 14:05:00+00:00,0,0,0.0,[]
2020-11-12 14:10:00+00:00,0,0,0.0,[]
2020-11-12 14:15:00+00:00,0,0,0.0,[]
2020-11-12 14:20:00+00:00,0,0,0.0,[]
2020-11-12 14:25:00+00:00,0,0,0.0,[]
2020-11-12 14:30:00+00:00,0,0,0.0,[]
2020-11-12 14:35:00+00:00,0,0,0.0,[]
2020-11-12 14:40:00+00:00,0,0,0.0,[]
2020-11-12 14:45:00+00:00,0,0,0.0,[]
2020-11-12 14:50:00+00:00,0,0,0.0,[]
2020-11-12 14:55:00+00:00,0,0,0.0,[]
2020-11-12 15:00:00+00:00,0,0,0.0,[]
2020-11-12 15:05:00+00:00,0,0,0.0,[]
2020-11-12 15:10:00+00:00,0,0,0.0,[]
2020-11-12 15:15:00+00:00,1430,0,3.0,"[500, 500, 430]"
2020-11-12 15:20:00+00:00,500,0,1.0,[500]
2020-11-12 15:25:00+00:00,0,0,0.0,[]
2020-11-12 15:30:00+00:00,0,0,0.0,[]
2020-11-12 15:35:00+00:00,0,0,0.0,[]
2020-11-12 15:40:00+00:00,0,0,0.0,[]
2020-11-12 15:45:00+00:00,0,0,0.0,[]
2020-11-12 15:50:00+00:00,0,0,0.0,[]
2020-11-12 15:55:00+00:00,500,0,1.0,[500]
2020-11-12 16:00:00+00:00,0,0,0.0,[]
2020-11-12 16:05:00+00:00,0,0,0.0,[]
2020-11-12 16:10:00+00:00,0,0,0.0,[]
2020-11-12 16:15:00+00:00,0,0,0.0,[]
2020-11-12 16:20:00+00:00,0,0,0.0,[]
2020-11-12 16:25:00+00:00,0,0,0.0,[]
2020-11-12 16:30:00+00:00,0,0,0.0,[]
2020-11-12 16:35:00+00:00,0,0,0.0,[]
2020-11-12 16:40:00+00:00,0,0,0.0,[]
2020-11-12 16:45:00+00:00,0,0,0.0,[]
2020-11-12 16:50:00+00:00,0,0,0.0,[]
2020-11-12 16:55:00+00:00,0,0,0.0,[]
2020-11-12 17:00:00+00:00,0,0,0.0,[]
2020-11-12 17:05:00+00:00,500,0,1.0,[500]
2020-11-12 17:10:00+00:00,2000,0,4.0,"[500, 500, 500, 500]"
2020-11-12 17:15:00+00:00,0,0,0.0,[]
2020-11-12 17:20:00+00:00,0,0,0.0,[]
2020-11-12 17:25:00+00:00,0,0,0.0,[]
2020-11-12 17:30:00+00:00,0,0,0.0,[]
2020-11-12 17:35:00+00:00,0,0,0.0,[]
2020-11-12 17:40:00+00:00,0,0,0.0,[]
2020-11-12 17:45:00+00:00,0,0,0.0,[]
2020-11-12 17:50:00+00:00,4320,0,1.0,[4320]
2020-11-12 17:55:00+00:00,0,0,0.0,[]
2020-11-12 18:00:00+00:00,0,0,0.0,[]
2020-11-12 18:05:00+00:00,0,0,0.0,[]
2020-11-12 18:10:00+00:00,0,0,0.0,[]
2020-11-12 18:15:00+00:00,0,0,0.0,[]
2020-11-12 18:20:00+00:00,0,0,0.0,[]
2020-11-12 18:25:00+00:00,0,0,0.0,[]
2020-11-12 18:30:00+00:00,0,0,0.0,[]
2020-11-12 18:35:00+00:00,0,0,0.0,[]
2020-11-12 18:40:00+00:00,0,0,0.0,[]
2020-11-12 18:45:00+00:00,0,0,0.0,[]
2020-11-12 18:50:00+00:00,0,0,0.0,[]
2020-11-12 18:55:00+00:00,0,0,0.0,[]
2020-11-12 19:00:00+00:00,0,0,0.0,[]
2020-11-12 19:05:00+00:00,0,0,0.0,[]
2020-11-12 19:10:00+00:00,0,0,0.0,[]
2020-11-12 19:15:00+00:00,0,0,0.0,[]
2020-11-12 19:20:00+00:00,0,0,0.0,[]
2020-11-12 19:25:00+00:00,0,0,0.0,[]
2020-11-12 19:30:00+00:00,0,0,0.0,[]
2020-11-12 19:35:00+00:00,0,0,0.0,[]
2020-11-12 19:40:00+00:00,0,0,0.0,[]
2020-11-12 19:45:00+00:00,0,0,0.0,[]
2020-11-12 19:50:00+00:00,0,0,0.0,[]
2020-11-12 19:55:00+00:00,0,0,0.0,[]
2020-11-12 20:00:00+00:00,0,0,0.0,[]
2020-11-12 20:05:00+00:00,0,0,0.0,[]
2020-11-12 20:10:00+00:00,0,0,0.0,[]
2020-11-12 20:15:00+00:00,0,0,0.0,[]
2020-11-12 20:20:00+00:00,0,0,0.0,[]
2020-11-12 20:25:00+00:00,0,0,0.0,[]
2020-11-12 20:30:00+00:00,0,0,0.0,[]
2020-11-12 20:35:00+00:00,0,0,0.0,[]
2020-11-12 20:40:00+00:00,0,0,0.0,[]
2020-11-12 20:45:00+00:00,0,0,0.0,[]
2020-11-12 20:50:00+00:00,0,0,0.0,[]
2020-11-12 20:55:00+00:00,0,0,0.0,[]
2020-11-12 21:00:00+00:00,0,0,0.0,[]
2020-11-12 21:05:00+00:00,0,0,0.0,[]
2020-11-12 21:10:00+00:00,0,0,0.0,[]
2020-11-12 21:15:00+00:00,0,0,0.0,[]
2020-11-12 21:20:00+00:00,0,0,0.0,[]
2020-11-12 21:25:00+00:00,0,0,0.0,[]
2020-11-12 21:30:00+00:00,0,0,0.0,[]
2020-11-12 21:35:00+00:00,0,0,0.0,[]
2020-11-12 21:40:00+00:00,0,0,0.0,[]
2020-11-12 21:45:00+00:00,0,0,0.0,[]
2020-11-12 21:50:00+00:00,0,0,0.0,[]
2020-11-12 21:55:00+00:00,0,0,0.0,[]
2020-11-12 22:00:00+00:00,0,0,0.0,[]
2020-11-12 22:05:00+00:00,0,0,0.0,[]
2020-11-12 22:10:00+00:00,0,0,0.0,[]
2020-11-12 22:15:00+00:00,0,0,0.0,[]
2020-11-12 22:20:00+00:00,0,0,0.0,[]
2020-11-12 22:25:00+00:00,0,0,0.0,[]
2020-11-12 22:30:00+00:00,0,0,0.0,[]
2020-11-12 22:35:00+00:00,0,0,0.0,[]
2020-11-12 22:40:00+00:00,0,0,0.0,[]
2020-11-12 22:45:00+00:00,0,0,0.0,[]
2020-11-12 22:50:00+00:00,0,0,0.0,[]
2020-11-12 22:55:00+00:00,0,0,0.0,[]
2020-11-12 23:00:00+00:00,0,0,0.0,[]
2020-11-12 23:05:00+00:00,0,0,0.0,[]
2020-11-12 23:10:00+00:00,0,0,0.0,[]
2020-11-12 23:15:00+00:00,0,0,0.0,[]
2020-11-12 23:20:00+00:00,0,0,0.0,[]
2020-11-12 23:25:00+00:00,0,0,0.0,[]
2020-11-12 23:30:00+00:00,0,0,0.0,[]
2020-11-12 23:35:00+00:00,0,0,0.0,[]
2020-11-12 23:40:00+00:00,0,0,0.0,[]
2020-11-12 23:45:00+00:00,0,0,0.0,[]
2020-11-12 23:50:00+00:00,0,0,0.0,[]
2020-11-12 23:55:00+00:00,0,0,0.0,[]
2020-11-13 00:00:00+00:00,0,0,0.0,[]
2020-11-13 00:05:00+00:00,0,0,0.0,[]
2020-11-13 00:10:00+00:00,0,0,0.0,[]
2020-11-13 00:15:00+00:00,0,0,0.0,[]
2020-11-13 00:20:00+00:00,0,0,0.0,[]
2020-11-13 00:25:00+00:00,0,0,0.0,[]
2020-11-13 00:30:00+00:00,0,0,0.0,[]
2020-11-13 00:35:00+00:00,0,0,0.0,[]
2020-11-13 00:40:00+00:00,0,0,0.0,[]
2020-11-13 00:45:00+00:00,0,0,0.0,[]
2020-11-13 00:50:00+00:00,0,0,0.0,[]
2020-11-13 00:55:00+00:00,0,0,0.0,[]
2020-11-13 01:00:00+00:00,0,0,0.0,[]
2020-11-13 01:05:00+00:00,0,0,0.0,[]
2020-11-13 01:10:00+00:00,0,0,0.0,[]
2020-11-13 01:15:00+00:00,0,0,0.0,[]
2020-11-13 01:20:00+00:00,0,0,0.0,[]
2020-11-13 01:25:00+00:00,0,0,0.0,[]
2020-11-13 01:30:00+00:00,0,0,0.0,[]
2020-11-13 01:35:00+00:00,0,0,0.0,[]
2020-11-13 01:40:00+00:00,0,0,0.0,[]
2020-11-13 01:45:00+00:00,0,0,0.0,[]
2020-11-13 01:50:00+00:00,0,0,0.0,[]
2020-11-13 01:55:00+00:00,0,0,0.0,[]
2020-11-13 02:00:00+00:00,0,0,0.0,[]
2020-11-13 02:05:00+00:00,0,0,0.0,[]
2020-11-13 02:10:00+00:00,0,0,0.0,[]
2020-11-13 02:15:00+00:00,0,0,0.0,[]
2020-11-13 02:20:00+00:00,0,0,0.0,[]
2020-11-13 02:25:00+00:00,0,0,0.0,[]
2020-11-13 02:30:00+00:00,0,0,0.0,[]
2020-11-13 02:35:00+00:00,0,0,0.0,[]
2020-11-13 02:40:00+00:00,0,0,0.0,[]
2020-11-13 02:45:00+00:00,0,0,0.0,[]
2020-11-13 02:50:00+00:00,0,0,0.0,[]
2020-11-13 02:55:00+00:00,0,0,0.0,[]
2020-11-13 03:00:00+00:00,0,0,0.0,[]
2020-11-13 03:05:00+00:00,0,0,0.0,[]
2020-11-13 03:10:00+00:00,0,0,0.0,[]
2020-11-13 03:15:00+00:00,0,0,0.0,[]
2020-11-13 03:20:00+00:00,0,0,0.0,[]
2020-11-13 03:25:00+00:00,0,0,0.0,[]
2020-11-13 03:30:00+00:00,0,0,0.0,[]
2020-11-13 03:35:00+00:00,0,0,0.0,[]
2020-11-13 03:40:00+00:00,0,0,0.0,[]
2020-11-13 03:45:00+00:00,0,0,0.0,[]
2020-11-13 03:50:00+00:00,0,0,0.0,[]
2020-11-13 03:55:00+00:00,0,0,0.0,[]
2020-11-13 04:00:00+00:00,0,0,0.0,[]
2020-11-13 04:05:00+00:00,0,0,0.0,[]
2020-11-13 04:10:00+00:00,0,0,0.0,[]
2020-11-13 04:15:00+00:00,0,0,0.0,[]
2020-11-13 04:20:00+00:00,0,0,0.0,[]
2020-11-13 04:25:00+00:00,0,0,0.0,[]
2020-11-13 04:30:00+00:00,0,0,0.0,[]
2020-11-13 04:35:00+00:00,0,0,0.0,[]
2020-11-13 04:40:00+00:00,0,0,0.0,[]
2020-11-13 04:45:00+00:00,0,0,0.0,[]
2020-11-13 04:50:00+00:00,0,0,0.0,[]
2020-11-13 04:55:00+00:00,0,0,0.0,[]
2020-11-13 05:00:00+00:00,0,0,0.0,[]
2020-11-13 05:05:00+00:00,0,0,0.0,[]
2020-11-13 05:10:00+00:00,0,0,0.0,[]
2020-11-13 05:15:00+00:00,0,0,0.0,[]
2020-11-13 05:20:00+00:00,0,0,0.0,[]
2020-11-13 05:25:00+00:00,0,0,0.0,[]
2020-11-13 05:30:00+00:00,0,0,0.0,[]
2020-11-13 05:35:00+00:00,0,0,0.0,[]
2020-11-13 05:40:00+00:00,0,0,0.0,[]
2020-11-13 05:45:00+00:00,0,0,0.0,[]
2020-11-13 05:50:00+00:00,0,0,0.0,[]
2020-11-13 05:55:00+00:00,0,0,0.0,[]
2020-11-13 06:00:00+00:00,0,0,0.0,[]
2020-11-13 06:05:00+00:00,0,0,0.0,[]
2020-11-13 06:10:00+00:00,0,0,0.0,[]
2020-11-13 06:15:00+00:00,0,0,0.0,[]
2020-11-13 06:20:00+00:00,0,0,0.0,[]
2020-11-13 06:25:00+00:00,0,0,0.0,[]
2020-11-13 06:30:00+00:00,0,0,0.0,[]
2020-11-13 06:35:00+00:00,0,0,0.0,[]
2020-11-13 06:40:00+00:00,0,0,0.0,[]
2020-11-13 06:45:00+00:00,0,0,0.0,[]
2020-11-13 06:50:00+00:00,0,0,0.0,[]
2020-11-13 06:55:00+00:00,0,0,0.0,[]
2020-11-13 07:00:00+00:00,0,0,0.0,[]
2020-11-13 07:05:00+00:00,0,0,0.0,[]
2020-11-13 07:10:00+00:00,0,0,0.0,[]
2020-11-13 07:15:00+00:00,0,0,0.0,[]
2020-11-13 07:20:00+00:00,0,0,0.0,[]
2020-11-13 07:25:00+00:00,0,0,0.0,[]
2020-11-13 07:30:00+00:00,0,0,0.0,[]
2020-11-13 07:35:00+00:00,0,0,0.0,[]
2020-11-13 07:40:00+00:00,0,0,0.0,[]
2020-11-13 07:45:00+00:00,0,0,0.0,[]
2020-11-13 07:50:00+00:00,0,0,0.0,[]
2020-11-13 07:55:00+00:00,0,0,0.0,[]
2020-11-13 08:00:00+00:00,0,0,0.0,[]
2020-11-13 08:05:00+00:00,0,0,0.0,[]
2020-11-13 08:10:00+00:00,0,0,0.0,[]
2020-11-13 08:15:00+00:00,0,0,0.0,[]
2020-11-13 08:20:00+00:00,0,0,0.0,[]
2020-11-13 08:25:00+00:00,0,0,0.0,[]
2020-11-13 08:30:00+00:00,0,0,0.0,[]
2020-11-13 08:35:00+00:00,0,0,0.0,[]
2020-11-13 08:40:00+00:00,0,0,0.0,[]
2020-11-13 08:45:00+00:00,0,0,0.0,[]
2020-11-13 08:50:00+00:00,0,0,0.0,[]
2020-11-13 08:55:00+00:00,0,0,0.0,[]
2020-11-13 09:00:00+00:00,0,0,0.0,[]
2020-11-13 09:05:00+00:00,0,0,0.0,[]
2020-11-13 09:10:00+00:00,0,0,0.0,[]
2020-11-13 09:15:00+00:00,0,0,0.0,[]
2020-11-13 09:20:00+00:00,0,0,0.0,[]
2020-11-13 09:25:00+00:00,0,0,0.0,[]
2020-11-13 09:30:00+00:00,0,0,0.0,[]
2020-11-13 09:35:00+00:00,0,0,0.0,[]
2020-11-13 09:40:00+00:00,0,0,0.0,[]
2020-11-13 09:45:00+00:00,0,0,0.0,[]
2020-11-13 09:50:00+00:00,0,0,0.0,[]
2020-11-13 09:55:00+00:00,0,0,0.0,[]
2020-11-13 10:00:00+00:00,0,0,0.0,[]
2020-11-13 10:05:00+00:00,0,0,0.0,[]
2020-11-13 10:10:00+00:00,0,0,0.0,[]
2020-11-13 10:15:00+00:00,0,0,0.0,[]
2020-11-13 10:20:00+00:00,0,0,0.0,[]
2020-11-13 10:25:00+00:00,0,0,0.0,[]
2020-11-13 10:30:00+00:00,0,0,0.0,[]
2020-11-13 10:35:00+00:00,0,0,0.0,[]
2020-11-13 10:40:00+00:00,0,0,0.0,[]
2020-11-13 10:45:00+00:00,0,0,0.0,[]
2020-11-13 10:50:00+00:00,0,0,0.0,[]
2020-11-13 10:55:00+00:00,0,0,0.0,[]
2020-11-13 11:00:00+00:00,0,0,0.0,[]
2020-11-13 11:05:00+00:00,0,0,0.0,[]
2020-11-13 11:10:00+00:00,0,0,0.0,[]
2020-11-13 11:15:00+00:00,0,0,0.0,[]
2020-11-13 11:20:00+00:00,0,0,0.0,[]
2020-11-13 11:25:00+00:00,0,0,0.0,[]
2020-11-13 11:30:00+00:00,0,0,0.0,[]
2020-11-13 11:35:00+00:00,0,0,0.0,[]
2020-11-13 11:40:00+00:00,0,0,0.0,[]
2020-11-13 11:45:00+00:00,0,0,0.0,[]
2020-11-13 11:50:00+00:00,0,0,0.0,[]
2020-11-13 11:55:00+00:00,0,0,0.0,[]
2020-11-13 12:00:00+00:00,0,0,0.0,[]
2020-11-13 12:05:00+00:00,0,0,0.0,[]
2020-11-13 12:10:00+00:00,0,0,0.0,[]
2020-11-13 12:15:00+00:00,0,0,0.0,[]
2020-11-13 12:20:00+00:00,0,0,0.0,[]
2020-11-13 12:25:00+00:00,0,0,0.0,[]
2020-11-13 12:30:00+00:00,0,0,0.0,[]
2020-11-13 12:35:00+00:00,0,0,0.0,[]
2020-11-13 12:40:00+00:00,0,0,0.0,[]
2020-11-13 12:45:00+00:00,0,0,0.0,[]
2020-11-13 12:50:00+00:00,0,0,0.0,[]
2020-11-13 12:55:00+00:00,0,0,0.0,[]
2020-11-13 13:00:00+00:00,0,0,0.0,[]
2020-11-13 13:05:00+00:00,0,0,0.0,[]
2020-11-13 13:10:00+00:00,0,0,0.0,[]
2020-11-13 13:15:00+00:00,0,0,0.0,[]
2020-11-13 13:20:00+00:00,0,0,0.0,[]
2020-11-13 13:25:00+00:00,0,0,0.0,[]
2020-11-13 13:30:00+00:00,0,0,0.0,[]
2020-11-13 13:35:00+00:00,0,0,0.0,[]
2020-11-13 13:40:00+00:00,0,0,0.0,[]
2020-11-13 13:45:00+00:00,0,0,0.0,[]
2020-11-13 13:50:00+00:00,0,0,0.0,[]
2020-11-13 13:55:00+00:00,0,0,0.0,[]
2020-11-13 14:00:00+00:00,0,0,0.0,[]
2020-11-13 14:05:00+00:00,0,0,0.0,[]
2020-11-13 14:10:00+00:00,0,0,0.0,[]
2020-11-13 14:15:00+00:00,0,0,0.0,[]
2020-11-13 14:20:00+00:00,0,0,0.0,[]
2020-11-13 14:25:00+00:00,0,0,0.0,[]
2020-11-13 14:30:00+00:00,0,0,0.0,[]
2020-11-13 14:35:00+00:00,0,0,0.0,[]
2020-11-13 14:40:00+00:00,0,0,0.0,[]
2020-11-13 14:45:00+00:00,0,0,0.0,[]
2020-11-13 14:50:00+00:00,0,0,0.0,[]
2020-11-13 14:55:00+00:00,0,0,0.0,[]
2020-11-13 15:00:00+00:00,0,0,0.0,[]
2020-11-13 15:05:00+00:00,0,0,0.0,[]
2020-11-13 15:10:00+00:00,0,0,0.0,[]
2020-11-13 15:15:00+00:00,0,0,0.0,[]
2020-11-13 15:20:00+00:00,0,0,0.0,[]
2020-11-13 15:25:00+00:00,0,0,0.0,[]
2020-11-13 15:30:00+00:00,0,0,0.0,[]
2020-11-13 15:35:00+00:00,0,0,0.0,[]
2020-11-13 15:40:00+00:00,0,0,0.0,[]
2020-11-13 15:45:00+00:00,0,0,0.0,[]
2020-11-13 15:50:00+00:00,0,0,0.0,[]
2020-11-13 15:55:00+00:00,0,0,0.0,[]
2020-11-13 16:00:00+00:00,0,0,0.0,[]
2020-11-13 16:05:00+00:00,0,0,0.0,[]
2020-11-13 16:10:00+00:00,0,0,0.0,[]
2020-11-13 16:15:00+00:00,0,0,0.0,[]
2020-11-13 16:20:00+00:00,0,0,0.0,[]
2020-11-13 16:25:00+00:00,0,0,0.0,[]
2020-11-13 16:30:00+00:00,0,0,0.0,[]
2020-11-13 16:35:00+00:00,0,0,0.0,[]
2020-11-13 16:40:00+00:00,0,0,0.0,[]
2020-11-13 16:45:00+00:00,0,0,0.0,[]
2020-11-13 16:50:00+00:00,0,0,0.0,[]
2020-11-13 16:55:00+00:00,0,0,0.0,[]
2020-11-13 17:00:00+00:00,0,0,0.0,[]
2020-11-13 17:05:00+00:00,0,0,0.0,[]
2020-11-13 17:10:00+00:00,0,0,0.0,[]
2020-11-13 17:15:00+00:00,0,0,0.0,[]
2020-11-13 17:20:00+00:00,0,0,0.0,[]
2020-11-13 17:25:00+00:00,0,0,0.0,[]
2020-11-13 17:30:00+00:00,0,0,0.0,[]
2020-11-13 17:35:00+00:00,7900,0,1.0,[7900]
2020-11-13 17:40:00+00:00,0,0,0.0,[]
2020-11-13 17:45:00+00:00,0,0,0.0,[]
2020-11-13 17:50:00+00:00,0,0,0.0,[]
2020-11-13 17:55:00+00:00,7900,0,1.0,[7900]
2020-11-13 18:00:00+00:00,0,0,0.0,[]
2020-11-13 18:05:00+00:00,0,0,0.0,[]
2020-11-13 18:10:00+00:00,0,0,0.0,[]
2020-11-13 18:15:00+00:00,0,0,0.0,[]
2020-11-13 18:20:00+00:00,0,0,0.0,[]
2020-11-13 18:25:00+00:00,0,0,0.0,[]
2020-11-13 18:30:00+00:00,0,0,0.0,[]
2020-11-13 18:35:00+00:00,0,0,0.0,[]
2020-11-13 18:40:00+00:00,0,0,0.0,[]
2020-11-13 18:45:00+00:00,0,0,0.0,[]
2020-11-13 18:50:00+00:00,0,0,0.0,[]
2020-11-13 18:55:00+00:00,0,0,0.0,[]
2020-11-13 19:00:00+00:00,0,0,0.0,[]
2020-11-13 19:05:00+00:00,0,0,0.0,[]
2020-11-13 19:10:00+00:00,0,0,0.0,[]
2020-11-13 19:15:00+00:00,0,0,0.0,[]
2020-11-13 19:20:00+00:00,0,0,0.0,[]
2020-11-13 19:25:00+00:00,0,0,0.0,[]
2020-11-13 19:30:00+00:00,0,0,0.0,[]
2020-11-13 19:35:00+00:00,0,0,0.0,[]
2020-11-13 19:40:00+00:00,0,0,0.0,[]
2020-11-13 19:45:00+00:00,0,0,0.0,[]
2020-11-13 19:50:00+00:00,0,0,0.0,[]
2020-11-13 19:55:00+00:00,0,0,0.0,[]
2020-11-13 20:00:00+00:00,0,0,0.0,[]
2020-11-13 20:05:00+00:00,0,0,0.0,[]
2020-11-13 20:10:00+00:00,0,0,0.0,[]
2020-11-13 20:15:00+00:00,0,0,0.0,[]
2020-11-13 20:20:00+00:00,0,0,0.0,[]
2020-11-13 20:25:00+00:00,0,0,0.0,[]
2020-11-13 20:30:00+00:00,0,0,0.0,[]
2020-11-13 20:35:00+00:00,0,0,0.0,[]
2020-11-13 20:40:00+00:00,0,0,0.0,[]
2020-11-13 20:45:00+00:00,0,0,0.0,[]
2020-11-13 20:50:00+00:00,0,0,0.0,[]
2020-11-13 20:55:00+00:00,0,0,0.0,[]
2020-11-13 21:00:00+00:00,0,0,0.0,[]
2020-11-13 21:05:00+00:00,0,0,0.0,[]
2020-11-13 21:10:00+00:00,0,0,0.0,[]
2020-11-13 21:15:00+00:00,0,0,0.0,[]
2020-11-13 21:20:00+00:00,0,0,0.0,[]
2020-11-13 21:25:00+00:00,0,0,0.0,[]
2020-11-13 21:30:00+00:00,0,0,0.0,[]
2020-11-13 21:35:00+00:00,0,0,0.0,[]
2020-11-13 21:40:00+00:00,0,0,0.0,[]
2020-11-13 21:45:00+00:00,0,0,0.0,[]
2020-11-13 21:50:00+00:00,0,0,0.0,[]
2020-11-13 21:55:00+00:00,0,0,0.0,[]
2020-11-13 22:00:00+00:00,0,0,0.0,[]
2020-11-13 22:05:00+00:00,0,0,0.0,[]
2020-11-13 22:10:00+00:00,0,0,0.0,[]
2020-11-13 22:15:00+00:00,0,0,0.0,[]
2020-11-13 22:20:00+00:00,0,0,0.0,[]
2020-11-13 22:25:00+00:00,0,0,0.0,[]
2020-11-13 22:30:00+00:00,0,0,0.0,[]
2020-11-13 22:35:00+00:00,0,0,0.0,[]
2020-11-13 22:40:00+00:00,0,0,0.0,[]
2020-11-13 22:45:00+00:00,0,0,0.0,[]
2020-11-13 22:50:00+00:00,0,0,0.0,[]
2020-11-13 22:55:00+00:00,0,0,0.0,[]
2020-11-13 23:00:00+00:00,0,0,0.0,[]
2020-11-13 23:05:00+00:00,0,0,0.0,[]
2020-11-13 23:10:00+00:00,0,0,0.0,[]
2020-11-13 23:15:00+00:00,0,0,0.0,[]
2020-11-13 23:20:00+00:00,0,0,0.0,[]
2020-11-13 23:25:00+00:00,0,0,0.0,[]
2020-11-13 23:30:00+00:00,0,0,0.0,[]
2020-11-13 23:35:00+00:00,0,0,0.0,[]
2020-11-13 23:40:00+00:00,0,0,0.0,[]
2020-11-13 23:45:00+00:00,0,0,0.0,[]
2020-11-13 23:50:00+00:00,0,0,0.0,[]
2020-11-13 23:55:00+00:00,0,0,0.0,[]
2020-11-14 00:00:00+00:00,0,0,0.0,[]
2020-11-14 00:05:00+00:00,0,0,0.0,[]
2020-11-14 00:10:00+00:00,0,0,0.0,[]
2020-11-14 00:15:00+00:00,0,0,0.0,[]
2020-11-14 00:20:00+00:00,0,0,0.0,[]
2020-11-14 00:25:00+00:00,0,0,0.0,[]
2020-11-14 00:30:00+00:00,80,0,1.0,[80]
2020-11-14 00:35:00+00:00,0,0,0.0,[]
2020-11-14 00:40:00+00:00,0,0,0.0,[]
2020-11-14 00:45:00+00:00,0,0,0.0,[]
2020-11-14 00:50:00+00:00,0,0,0.0,[]
2020-11-14 00:55:00+00:00,0,0,0.0,[]
2020-11-14 01:00:00+00:00,0,0,0.0,[]
2020-11-14 01:05:00+00:00,0,0,0.0,[]
2020-11-14 01:10:00+00:00,0,0,0.0,[]
2020-11-14 01:15:00+00:00,0,0,0.0,[]
2020-11-14 01:20:00+00:00,0,0,0.0,[]
2020-11-14 01:25:00+00:00,0,0,0.0,[]
2020-11-14 01:30:00+00:00,0,0,0.0,[]
2020-11-14 01:35:00+00:00,0,0,0.0,[]
2020-11-14 01:40:00+00:00,0,0,0.0,[]
2020-11-14 01:45:00+00:00,0,0,0.0,[]
2020-11-14 01:50:00+00:00,0,0,0.0,[]
2020-11-14 01:55:00+00:00,0,0,0.0,[]
2020-11-14 02:00:00+00:00,0,0,0.0,[]
2020-11-14 02:05:00+00:00,0,0,0.0,[]
2020-11-14 02:10:00+00:00,0,0,0.0,[]
2020-11-14 02:15:00+00:00,0,0,0.0,[]
2020-11-14 02:20:00+00:00,0,0,0.0,[]
2020-11-14 02:25:00+00:00,0,0,0.0,[]
2020-11-14 02:30:00+00:00,0,0,0.0,[]
2020-11-14 02:35:00+00:00,0,0,0.0,[]
2020-11-14 02:40:00+00:00,0,0,0.0,[]
2020-11-14 02:45:00+00:00,0,0,0.0,[]
2020-11-14 02:50:00+00:00,0,0,0.0,[]
2020-11-14 02:55:00+00:00,0,0,0.0,[]
2020-11-14 03:00:00+00:00,0,0,0.0,[]
2020-11-14 03:05:00+00:00,0,0,0.0,[]
2020-11-14 03:10:00+00:00,0,0,0.0,[]
2020-11-14 03:15:00+00:00,0,0,0.0,[]
2020-11-14 03:20:00+00:00,0,0,0.0,[]
2020-11-14 03:25:00+00:00,0,0,0.0,[]
2020-11-14 03:30:00+00:00,0,0,0.0,[]
2020-11-14 03:35:00+00:00,0,0,0.0,[]
2020-11-14 03:40:00+00:00,0,0,0.0,[]
2020-11-14 03:45:00+00:00,0,0,0.0,[]
2020-11-14 03:50:00+00:00,0,0,0.0,[]
2020-11-14 03:55:00+00:00,0,0,0.0,[]
2020-11-14 04:00:00+00:00,0,0,0.0,[]
2020-11-14 04:05:00+00:00,0,0,0.0,[]
2020-11-14 04:10:00+00:00,0,0,0.0,[]
2020-11-14 04:15:00+00:00,0,0,0.0,[]
2020-11-14 04:20:00+00:00,0,0,0.0,[]
2020-11-14 04:25:00+00:00,0,0,0.0,[]
2020-11-14 04:30:00+00:00,0,0,0.0,[]
2020-11-14 04:35:00+00:00,0,0,0.0,[]
2020-11-14 04:40:00+00:00,0,0,0.0,[]
2020-11-14 04:45:00+00:00,0,0,0.0,[]
2020-11-14 04:50:00+00:00,0,0,0.0,[]
2020-11-14 04:55:00+00:00,0,0,0.0,[]
2020-11-14 05:00:00+00:00,0,0,0.0,[]
2020-11-14 05:05:00+00:00,0,0,0.0,[]
2020-11-14 05:10:00+00:00,0,0,0.0,[]
2020-11-14 05:15:00+00:00,0,0,0.0,[]
2020-11-14 05:20:00+00:00,0,0,0.0,[]
2020-11-14 05:25:00+00:00,0,0,0.0,[]
2020-11-14 05:30:00+00:00,0,0,0.0,[]
2020-11-14 05:35:00+00:00,0,0,0.0,[]
2020-11-14 05:40:00+00:00,0,0,0.0,[]
2020-11-14 05:45:00+00:00,0,0,0.0,[]
2020-11-14 05:50:00+00:00,0,0,0.0,[]
2020-11-14 05:55:00+00:00,0,0,0.0,[]
2020-11-14 06:00:00+00:00,0,0,0.0,[]
2020-11-14 06:05:00+00:00,0,0,0.0,[]
2020-11-14 06:10:00+00:00,0,0,0.0,[]
2020-11-14 06:15:00+00:00,0,0,0.0,[]
2020-11-14 06:20:00+00:00,0,0,0.0,[]
2020-11-14 06:25:00+00:00,0,0,0.0,[]
2020-11-14 06:30:00+00:00,0,0,0.0,[]
2020-11-14 06:35:00+00:00,0,0,0.0,[]
2020-11-14 06:40:00+00:00,0,0,0.0,[]
2020-11-14 06:45:00+00:00,0,0,0.0,[]
2020-11-14 06:50:00+00:00,0,0,1.0,[0]
2020-11-14 06:55:00+00:00,0,0,1.0,[0]
2020-11-14 07:00:00+00:00,0,0,1.0,[0]
2020-11-14 07:05:00+00:00,0,0,0.0,[]
2020-11-14 07:10:00+00:00,0,0,0.0,[]
2020-11-14 07:15:00+00:00,0,0,0.0,[]
2020-11-14 07:20:00+00:00,0,0,0.0,[]
2020-11-14 07:25:00+00:00,0,0,0.0,[]
2020-11-14 07:30:00+00:00,0,0,0.0,[]
2020-11-14 07:35:00+00:00,0,0,0.0,[]
2020-11-14 07:40:00+00:00,0,0,0.0,[]
2020-11-14 07:45:00+00:00,0,0,0.0,[]
2020-11-14 07:50:00+00:00,0,0,0.0,[]
2020-11-14 07:55:00+00:00,0,0,0.0,[]
2020-11-14 08:00:00+00:00,0,0,0.0,[]
2020-11-14 08:05:00+00:00,0,0,0.0,[]
2020-11-14 08:10:00+00:00,0,0,0.0,[]
2020-11-14 08:15:00+00:00,0,0,0.0,[]
2020-11-14 08:20:00+00:00,0,0,0.0,[]
2020-11-14 08:25:00+00:00,0,0,0.0,[]
2020-11-14 08:30:00+00:00,0,0,0.0,[]
2020-11-14 08:35:00+00:00,0,0,0.0,[]
2020-11-14 08:40:00+00:00,0,0,0.0,[]
2020-11-14 08:45:00+00:00,0,0,0.0,[]
2020-11-14 08:50:00+00:00,0,0,0.0,[]
2020-11-14 08:55:00+00:00,0,0,0.0,[]
2020-11-14 09:00:00+00:00,0,0,0.0,[]
2020-11-14 09:05:00+00:00,0,0,0.0,[]
2020-11-14 09:10:00+00:00,0,0,0.0,[]
2020-11-14 09:15:00+00:00,0,0,0.0,[]
2020-11-14 09:20:00+00:00,0,0,0.0,[]
2020-11-14 09:25:00+00:00,0,0,0.0,[]
2020-11-14 09:30:00+00:00,0,0,0.0,[]
2020-11-14 09:35:00+00:00,0,0,0.0,[]
2020-11-14 09:40:00+00:00,0,0,0.0,[]
2020-11-14 09:45:00+00:00,0,0,0.0,[]
2020-11-14 09:50:00+00:00,0,0,0.0,[]
2020-11-14 09:55:00+00:00,0,0,0.0,[]
2020-11-14 10:00:00+00:00,0,0,0.0,[]
2020-11-14 10:05:00+00:00,0,0,0.0,[]
2020-11-14 10:10:00+00:00,0,0,0.0,[]
2020-11-14 10:15:00+00:00,0,0,0.0,[]
2020-11-14 10:20:00+00:00,0,0,0.0,[]
2020-11-14 10:25:00+00:00,0,0,0.0,[]
2020-11-14 10:30:00+00:00,0,0,0.0,[]
2020-11-14 10:35:00+00:00,0,0,0.0,[]
2020-11-14 10:40:00+00:00,0,0,0.0,[]
2020-11-14 10:45:00+00:00,0,0,0.0,[]
2020-11-14 10:50:00+00:00,0,0,0.0,[]
2020-11-14 10:55:00+00:00,0,0,0.0,[]
2020-11-14 11:00:00+00:00,0,0,0.0,[]
2020-11-14 11:05:00+00:00,0,0,0.0,[]
2020-11-14 11:10:00+00:00,0,0,0.0,[]
2020-11-14 11:15:00+00:00,0,0,0.0,[]
2020-11-14 11:20:00+00:00,0,0,0.0,[]
2020-11-14 11:25:00+00:00,0,0,0.0,[]
2020-11-14 11:30:00+00:00,0,0,0.0,[]
2020-11-14 11:35:00+00:00,0,0,0.0,[]
2020-11-14 11:40:00+00:00,0,0,0.0,[]
2020-11-14 11:45:00+00:00,0,0,0.0,[]
2020-11-14 11:50:00+00:00,0,0,0.0,[]
2020-11-14 11:55:00+00:00,0,0,0.0,[]
2020-11-14 12:00:00+00:00,0,0,0.0,[]
2020-11-14 12:05:00+00:00,0,0,0.0,[]
2020-11-14 12:10:00+00:00,0,0,0.0,[]
2020-11-14 12:15:00+00:00,0,0,0.0,[]
2020-11-14 12:20:00+00:00,0,0,0.0,[]
2020-11-14 12:25:00+00:00,0,0,0.0,[]
2020-11-14 12:30:00+00:00,0,0,0.0,[]
2020-11-14 12:35:00+00:00,0,0,0.0,[]
2020-11-14 12:40:00+00:00,0,0,0.0,[]
2020-11-14 12:45:00+00:00,0,0,0.0,[]
2020-11-14 12:50:00+00:00,0,0,0.0,[]
2020-11-14 12:55:00+00:00,0,0,0.0,[]
2020-11-14 13:00:00+00:00,0,0,0.0,[]
2020-11-14 13:05:00+00:00,0,0,0.0,[]
2020-11-14 13:10:00+00:00,0,0,0.0,[]
2020-11-14 13:15:00+00:00,0,0,0.0,[]
2020-11-14 13:20:00+00:00,0,0,0.0,[]
2020-11-14 13:25:00+00:00,0,0,0.0,[]
2020-11-14 13:30:00+00:00,0,0,0.0,[]
2020-11-14 13:35:00+00:00,0,0,0.0,[]
2020-11-14 13:40:00+00:00,0,0,0.0,[]
2020-11-14 13:45:00+00:00,0,0,0.0,[]
2020-11-14 13:50:00+00:00,0,0,0.0,[]
2020-11-14 13:55:00+00:00,0,0,0.0,[]
2020-11-14 14:00:00+00:00,0,0,0.0,[]
2020-11-14 14:05:00+00:00,0,0,0.0,[]
2020-11-14 14:10:00+00:00,0,0,0.0,[]
2020-11-14 14:15:00+00:00,0,0,0.0,[]
2020-11-14 14:20:00+00:00,0,0,0.0,[]
2020-11-14 14:25:00+00:00,0,0,0.0,[]
2020-11-14 14:30:00+00:00,0,0,0.0,[]
2020-11-14 14:35:00+00:00,0,0,0.0,[]
2020-11-14 14:40:00+00:00,0,0,0.0,[]
2020-11-14 14:45:00+00:00,0,0,0.0,[]
2020-11-14 14:50:00+00:00,100,0,1.0,[100]
2020-11-14 14:55:00+00:00,0,0,0.0,[]
2020-11-14 15:00:00+00:00,0,0,0.0,[]
2020-11-14 15:05:00+00:00,0,0,0.0,[]
2020-11-14 15:10:00+00:00,0,0,0.0,[]
2020-11-14 15:15:00+00:00,0,0,0.0,[]
2020-11-14 15:20:00+00:00,0,0,0.0,[]
2020-11-14 15:25:00+00:00,0,0,0.0,[]
2020-11-14 15:30:00+00:00,0,0,0.0,[]
2020-11-14 15:35:00+00:00,0,0,0.0,[]
2020-11-14 15:40:00+00:00,0,0,0.0,[]
2020-11-14 15:45:00+00:00,0,0,0.0,[]
2020-11-14 15:50:00+00:00,0,0,0.0,[]
2020-11-14 15:55:00+00:00,0,0,0.0,[]
2020-11-14 16:00:00+00:00,0,0,0.0,[]
2020-11-14 16:05:00+00:00,0,0,0.0,[]
2020-11-14 16:10:00+00:00,0,0,0.0,[]
2020-11-14 16:15:00+00:00,0,0,0.0,[]
2020-11-14 16:20:00+00:00,0,0,0.0,[]
2020-11-14 16:25:00+00:00,0,0,0.0,[]
2020-11-14 16:30:00+00:00,0,0,0.0,[]
2020-11-14 16:35:00+00:00,0,0,0.0,[]
2020-11-14 16:40:00+00:00,0,0,0.0,[]
2020-11-14 16:45:00+00:00,0,0,0.0,[]
2020-11-14 16:50:00+00:00,0,0,0.0,[]
2020-11-14 16:55:00+00:00,1000,0,2.0,"[500, 500]"
2020-11-14 17:00:00+00:00,3000,0,6.0,"[500, 500, 500, 500, 500, 500]"
2020-11-14 17:05:00+00:00,0,0,0.0,[]
2020-11-14 17:10:00+00:00,0,0,0.0,[]
2020-11-14 17:15:00+00:00,0,0,0.0,[]
2020-11-14 17:20:00+00:00,1010,0,1.0,[1010]
2020-11-14 17:25:00+00:00,1010,0,1.0,[1010]
2020-11-14 17:30:00+00:00,0,0,0.0,[]
2020-11-14 17:35:00+00:00,0,0,0.0,[]
2020-11-14 17:40:00+00:00,0,0,0.0,[]
2020-11-14 17:45:00+00:00,0,0,0.0,[]
2020-11-14 17:50:00+00:00,0,0,0.0,[]
2020-11-14 17:55:00+00:00,0,0,0.0,[]
2020-11-14 18:00:00+00:00,0,0,0.0,[]
2020-11-14 18:05:00+00:00,0,0,0.0,[]
2020-11-14 18:10:00+00:00,0,0,0.0,[]
2020-11-14 18:15:00+00:00,0,0,0.0,[]
2020-11-14 18:20:00+00:00,0,0,0.0,[]
2020-11-14 18:25:00+00:00,0,0,0.0,[]
2020-11-14 18:30:00+00:00,0,0,0.0,[]
2020-11-14 18:35:00+00:00,0,0,0.0,[]
2020-11-14 18:40:00+00:00,500,0,1.0,[500]
2020-11-14 18:45:00+00:00,2000,0,4.0,"[500, 500, 500, 500]"
2020-11-14 18:50:00+00:00,0,0,0.0,[]
2020-11-14 18:55:00+00:00,0,0,0.0,[]
2020-11-14 19:00:00+00:00,0,0,0.0,[]
2020-11-14 19:05:00+00:00,0,0,0.0,[]
2020-11-14 19:10:00+00:00,0,0,0.0,[]
2020-11-14 19:15:00+00:00,0,0,0.0,[]
2020-11-14 19:20:00+00:00,0,0,0.0,[]
2020-11-14 19:25:00+00:00,0,0,0.0,[]
2020-11-14 19:30:00+00:00,0,0,0.0,[]
2020-11-14 19:35:00+00:00,0,0,0.0,[]
2020-11-14 19:40:00+00:00,0,0,0.0,[]
2020-11-14 19:45:00+00:00,0,0,0.0,[]
2020-11-14 19:50:00+00:00,0,0,0.0,[]
2020-11-14 19:55:00+00:00,0,0,0.0,[]
2020-11-14 20:00:00+00:00,0,0,0.0,[]
2020-11-14 20:05:00+00:00,0,0,0.0,[]
2020-11-14 20:10:00+00:00,0,0,0.0,[]
2020-11-14 20:15:00+00:00,0,0,0.0,[]
2020-11-14 20:20:00+00:00,0,0,0.0,[]
2020-11-14 20:25:00+00:00,0,0,0.0,[]
2020-11-14 20:30:00+00:00,0,0,0.0,[]
2020-11-14 20:35:00+00:00,0,0,0.0,[]
2020-11-14 20:40:00+00:00,0,0,0.0,[]
2020-11-14 20:45:00+00:00,0,0,0.0,[]
2020-11-14 20:50:00+00:00,0,0,0.0,[]
2020-11-14 20:55:00+00:00,0,0,0.0,[]
2020-11-14 21:00:00+00:00,0,0,0.0,[]
2020-11-14 21:05:00+00:00,0,0,0.0,[]
2020-11-14 21:10:00+00:00,0,0,0.0,[]
2020-11-14 21:15:00+00:00,0,0,0.0,[]
2020-11-14 21:20:00+00:00,15670,0,2.0,"[12390, 3280]"
2020-11-14 21:25:00+00:00,0,0,0.0,[]
2020-11-14 21:30:00+00:00,0,0,0.0,[]
2020-11-14 21:35:00+00:00,0,0,0.0,[]
2020-11-14 21:40:00+00:00,0,0,0.0,[]
2020-11-14 21:45:00+00:00,0,0,0.0,[]
2020-11-14 21:50:00+00:00,0,0,0.0,[]
2020-11-14 21:55:00+00:00,0,0,0.0,[]
2020-11-14 22:00:00+00:00,0,0,0.0,[]
2020-11-14 22:05:00+00:00,0,0,0.0,[]
2020-11-14 22:10:00+00:00,0,0,0.0,[]
2020-11-14 22:15:00+00:00,0,0,0.0,[]
2020-11-14 22:20:00+00:00,0,0,0.0,[]
2020-11-14 22:25:00+00:00,0,0,0.0,[]
2020-11-14 22:30:00+00:00,0,0,0.0,[]
2020-11-14 22:35:00+00:00,0,0,0.0,[]
2020-11-14 22:40:00+00:00,0,0,0.0,[]
2020-11-14 22:45:00+00:00,0,0,0.0,[]
2020-11-14 22:50:00+00:00,0,0,0.0,[]
2020-11-14 22:55:00+00:00,0,0,0.0,[]
2020-11-14 23:00:00+00:00,0,0,0.0,[]
2020-11-14 23:05:00+00:00,0,0,0.0,[]
2020-11-14 23:10:00+00:00,0,0,0.0,[]
2020-11-14 23:15:00+00:00,0,0,0.0,[]
2020-11-14 23:20:00+00:00,0,0,0.0,[]
2020-11-14 23:25:00+00:00,0,0,0.0,[]
2020-11-14 23:30:00+00:00,0,0,0.0,[]
2020-11-14 23:35:00+00:00,0,0,0.0,[]
2020-11-14 23:40:00+00:00,0,0,0.0,[]
2020-11-14 23:45:00+00:00,0,0,0.0,[]
2020-11-14 23:50:00+00:00,0,0,0.0,[]
2020-11-14 23:55:00+00:00,0,0,0.0,[]
2020-11-15 00:00:00+00:00,0,0,0.0,[]
2020-11-15 00:05:00+00:00,0,0,0.0,[]
2020-11-15 00:10:00+00:00,0,0,0.0,[]
2020-11-15 00:15:00+00:00,0,0,0.0,[]
2020-11-15 00:20:00+00:00,0,0,0.0,[]
2020-11-15 00:25:00+00:00,0,0,0.0,[]
2020-11-15 00:30:00+00:00,0,0,0.0,[]
2020-11-15 00:35:00+00:00,0,0,0.0,[]
2020-11-15 00:40:00+00:00,0,0,0.0,[]
2020-11-15 00:45:00+00:00,0,0,0.0,[]
2020-11-15 00:50:00+00:00,0,0,0.0,[]
2020-11-15 00:55:00+00:00,0,0,0.0,[]
2020-11-15 01:00:00+00:00,0,0,0.0,[]
2020-11-15 01:05:00+00:00,0,0,0.0,[]
2020-11-15 01:10:00+00:00,0,0,0.0,[]
2020-11-15 01:15:00+00:00,0,0,0.0,[]
2020-11-15 01:20:00+00:00,0,0,0.0,[]
2020-11-15 01:25:00+00:00,0,0,0.0,[]
2020-11-15 01:30:00+00:00,180,0,1.0,[180]
2020-11-15 01:35:00+00:00,0,0,0.0,[]
2020-11-15 01:40:00+00:00,0,0,0.0,[]
2020-11-15 01:45:00+00:00,0,0,0.0,[]
2020-11-15 01:50:00+00:00,0,0,0.0,[]
2020-11-15 01:55:00+00:00,0,0,0.0,[]
2020-11-15 02:00:00+00:00,0,0,0.0,[]
2020-11-15 02:05:00+00:00,0,0,0.0,[]
2020-11-15 02:10:00+00:00,0,0,0.0,[]
2020-11-15 02:15:00+00:00,0,0,0.0,[]
2020-11-15 02:20:00+00:00,0,0,0.0,[]
2020-11-15 02:25:00+00:00,0,0,0.0,[]
2020-11-15 02:30:00+00:00,0,0,0.0,[]
2020-11-15 02:35:00+00:00,0,0,0.0,[]
2020-11-15 02:40:00+00:00,0,0,0.0,[]
2020-11-15 02:45:00+00:00,0,0,0.0,[]
2020-11-15 02:50:00+00:00,0,0,0.0,[]
2020-11-15 02:55:00+00:00,0,0,0.0,[]
2020-11-15 03:00:00+00:00,0,0,0.0,[]
2020-11-15 03:05:00+00:00,0,0,0.0,[]
2020-11-15 03:10:00+00:00,0,0,0.0,[]
2020-11-15 03:15:00+00:00,0,0,0.0,[]
2020-11-15 03:20:00+00:00,0,0,0.0,[]
2020-11-15 03:25:00+00:00,0,0,0.0,[]
2020-11-15 03:30:00+00:00,0,0,0.0,[]
2020-11-15 03:35:00+00:00,0,0,0.0,[]
2020-11-15 03:40:00+00:00,0,0,0.0,[]
2020-11-15 03:45:00+00:00,0,0,0.0,[]
2020-11-15 03:50:00+00:00,0,0,0.0,[]
2020-11-15 03:55:00+00:00,0,0,0.0,[]
2020-11-15 04:00:00+00:00,0,0,0.0,[]
2020-11-15 04:05:00+00:00,0,0,0.0,[]
2020-11-15 04:10:00+00:00,0,0,0.0,[]
2020-11-15 04:15:00+00:00,0,0,0.0,[]
2020-11-15 04:20:00+00:00,0,0,0.0,[]
2020-11-15 04:25:00+00:00,0,0,0.0,[]
2020-11-15 04:30:00+00:00,0,0,0.0,[]
2020-11-15 04:35:00+00:00,0,0,0.0,[]
2020-11-15 04:40:00+00:00,0,0,0.0,[]
2020-11-15 04:45:00+00:00,0,0,0.0,[]
2020-11-15 04:50:00+00:00,0,0,0.0,[]
2020-11-15 04:55:00+00:00,0,0,0.0,[]
2020-11-15 05:00:00+00:00,0,0,0.0,[]
2020-11-15 05:05:00+00:00,0,0,0.0,[]
2020-11-15 05:10:00+00:00,0,0,0.0,[]
2020-11-15 05:15:00+00:00,0,0,0.0,[]
2020-11-15 05:20:00+00:00,0,0,0.0,[]
2020-11-15 05:25:00+00:00,0,0,0.0,[]
2020-11-15 05:30:00+00:00,0,0,0.0,[]
2020-11-15 05:35:00+00:00,0,0,0.0,[]
2020-11-15 05:40:00+00:00,0,0,0.0,[]
2020-11-15 05:45:00+00:00,0,0,0.0,[]
2020-11-15 05:50:00+00:00,0,0,0.0,[]
2020-11-15 05:55:00+00:00,0,0,0.0,[]
2020-11-15 06:00:00+00:00,0,0,0.0,[]
2020-11-15 06:05:00+00:00,0,0,0.0,[]
2020-11-15 06:10:00+00:00,0,0,0.0,[]
2020-11-15 06:15:00+00:00,0,0,0.0,[]
2020-11-15 06:20:00+00:00,0,0,0.0,[]
2020-11-15 06:25:00+00:00,0,0,0.0,[]
2020-11-15 06:30:00+00:00,0,0,0.0,[]
2020-11-15 06:35:00+00:00,0,0,0.0,[]
2020-11-15 06:40:00+00:00,0,0,0.0,[]
2020-11-15 06:45:00+00:00,0,0,0.0,[]
2020-11-15 06:50:00+00:00,0,0,0.0,[]
2020-11-15 06:55:00+00:00,0,0,1.0,[0]
2020-11-15 07:00:00+00:00,0,0,0.0,[]
2020-11-15 07:05:00+00:00,0,0,0.0,[]
2020-11-15 07:10:00+00:00,0,0,0.0,[]
2020-11-15 07:15:00+00:00,0,0,0.0,[]
2020-11-15 07:20:00+00:00,0,0,0.0,[]
2020-11-15 07:25:00+00:00,0,0,0.0,[]
2020-11-15 07:30:00+00:00,0,0,0.0,[]
2020-11-15 07:35:00+00:00,0,0,0.0,[]
2020-11-15 07:40:00+00:00,0,0,0.0,[]
2020-11-15 07:45:00+00:00,0,0,0.0,[]
2020-11-15 07:50:00+00:00,0,0,0.0,[]
2020-11-15 07:55:00+00:00,0,0,0.0,[]
2020-11-15 08:00:00+00:00,0,0,0.0,[]
2020-11-15 08:05:00+00:00,0,0,0.0,[]
2020-11-15 08:10:00+00:00,0,0,0.0,[]
2020-11-15 08:15:00+00:00,0,0,0.0,[]
2020-11-15 08:20:00+00:00,0,0,0.0,[]
2020-11-15 08:25:00+00:00,0,0,0.0,[]
2020-11-15 08:30:00+00:00,0,0,0.0,[]
2020-11-15 08:35:00+00:00,0,0,0.0,[]
2020-11-15 08:40:00+00:00,0,0,0.0,[]
2020-11-15 08:45:00+00:00,0,0,0.0,[]
2020-11-15 08:50:00+00:00,0,0,0.0,[]
2020-11-15 08:55:00+00:00,0,0,0.0,[]
2020-11-15 09:00:00+00:00,0,0,0.0,[]
2020-11-15 09:05:00+00:00,0,0,0.0,[]
2020-11-15 09:10:00+00:00,0,0,0.0,[]
2020-11-15 09:15:00+00:00,0,0,0.0,[]
2020-11-15 09:20:00+00:00,0,0,0.0,[]
2020-11-15 09:25:00+00:00,0,0,0.0,[]
2020-11-15 09:30:00+00:00,0,0,0.0,[]
2020-11-15 09:35:00+00:00,0,0,0.0,[]
2020-11-15 09:40:00+00:00,0,0,0.0,[]
2020-11-15 09:45:00+00:00,0,0,0.0,[]
2020-11-15 09:50:00+00:00,0,0,0.0,[]
2020-11-15 09:55:00+00:00,0,0,0.0,[]
2020-11-15 10:00:00+00:00,0,0,0.0,[]
2020-11-15 10:05:00+00:00,0,0,0.0,[]
2020-11-15 10:10:00+00:00,0,0,0.0,[]
2020-11-15 10:15:00+00:00,0,0,0.0,[]
2020-11-15 10:20:00+00:00,0,0,0.0,[]
2020-11-15 10:25:00+00:00,0,0,0.0,[]
2020-11-15 10:30:00+00:00,0,0,0.0,[]
2020-11-15 10:35:00+00:00,0,0,0.0,[]
2020-11-15 10:40:00+00:00,0,0,0.0,[]
2020-11-15 10:45:00+00:00,0,0,0.0,[]
2020-11-15 10:50:00+00:00,0,0,0.0,[]
2020-11-15 10:55:00+00:00,0,0,0.0,[]
2020-11-15 11:00:00+00:00,0,0,0.0,[]
2020-11-15 11:05:00+00:00,0,0,0.0,[]
2020-11-15 11:10:00+00:00,0,0,0.0,[]
2020-11-15 11:15:00+00:00,0,0,0.0,[]
2020-11-15 11:20:00+00:00,0,0,0.0,[]
2020-11-15 11:25:00+00:00,0,0,0.0,[]
2020-11-15 11:30:00+00:00,0,0,0.0,[]
2020-11-15 11:35:00+00:00,0,0,0.0,[]
2020-11-15 11:40:00+00:00,0,0,0.0,[]
2020-11-15 11:45:00+00:00,0,0,0.0,[]
2020-11-15 11:50:00+00:00,0,0,0.0,[]
2020-11-15 11:55:00+00:00,0,0,0.0,[]
2020-11-15 12:00:00+00:00,0,0,0.0,[]
2020-11-15 12:05:00+00:00,0,0,0.0,[]
2020-11-15 12:10:00+00:00,0,0,0.0,[]
2020-11-15 12:15:00+00:00,0,0,0.0,[]
2020-11-15 12:20:00+00:00,0,0,0.0,[]
2020-11-15 12:25:00+00:00,0,0,0.0,[]
2020-11-15 12:30:00+00:00,0,0,0.0,[]
2020-11-15 12:35:00+00:00,0,0,0.0,[]
2020-11-15 12:40:00+00:00,0,0,0.0,[]
2020-11-15 12:45:00+00:00,0,0,0.0,[]
2020-11-15 12:50:00+00:00,0,0,0.0,[]
2020-11-15 12:55:00+00:00,0,0,0.0,[]
2020-11-15 13:00:00+00:00,0,0,0.0,[]
2020-11-15 13:05:00+00:00,0,0,0.0,[]
2020-11-15 13:10:00+00:00,0,0,0.0,[]
2020-11-15 13:15:00+00:00,0,0,0.0,[]
2020-11-15 13:20:00+00:00,0,0,0.0,[]
2020-11-15 13:25:00+00:00,0,0,0.0,[]
2020-11-15 13:30:00+00:00,0,0,0.0,[]
2020-11-15 13:35:00+00:00,0,0,0.0,[]
2020-11-15 13:40:00+00:00,0,0,0.0,[]
2020-11-15 13:45:00+00:00,0,0,0.0,[]
2020-11-15 13:50:00+00:00,0,0,0.0,[]
2020-11-15 13:55:00+00:00,0,0,0.0,[]
2020-11-15 14:00:00+00:00,0,0,0.0,[]
2020-11-15 14:05:00+00:00,0,0,0.0,[]
2020-11-15 14:10:00+00:00,0,0,0.0,[]
2020-11-15 14:15:00+00:00,0,0,0.0,[]
2020-11-15 14:20:00+00:00,0,0,0.0,[]
2020-11-15 14:25:00+00:00,0,0,0.0,[]
2020-11-15 14:30:00+00:00,0,0,0.0,[]
2020-11-15 14:35:00+00:00,0,0,0.0,[]
2020-11-15 14:40:00+00:00,0,0,0.0,[]
2020-11-15 14:45:00+00:00,0,0,0.0,[]
2020-11-15 14:50:00+00:00,0,0,0.0,[]
2020-11-15 14:55:00+00:00,0,0,0.0,[]
2020-11-15 15:00:00+00:00,1500,0,3.0,"[500, 500, 500]"
2020-11-15 15:05:00+00:00,1000,0,2.0,"[500, 500]"
2020-11-15 15:10:00+00:00,0,0,0.0,[]
2020-11-15 15:15:00+00:00,0,0,0.0,[]
2020-11-15 15:20:00+00:00,0,0,0.0,[]
2020-11-15 15:25:00+00:00,0,0,0.0,[]
2020-11-15 15:30:00+00:00,0,0,0.0,[]
2020-11-15 15:35:00+00:00,0,0,0.0,[]
2020-11-15 15:40:00+00:00,0,0,0.0,[]
2020-11-15 15:45:00+00:00,0,0,0.0,[]
2020-11-15 15:50:00+00:00,0,0,0.0,[]
2020-11-15 15:55:00+00:00,0,0,0.0,[]
2020-11-15 16:00:00+00:00,0,0,0.0,[]
2020-11-15 16:05:00+00:00,0,0,0.0,[]
2020-11-15 16:10:00+00:00,0,0,0.0,[]
2020-11-15 16:15:00+00:00,0,0,0.0,[]
2020-11-15 16:20:00+00:00,0,0,0.0,[]
2020-11-15 16:25:00+00:00,0,0,0.0,[]
2020-11-15 16:30:00+00:00,0,0,0.0,[]
2020-11-15 16:35:00+00:00,0,0,0.0,[]
2020-11-15 16:40:00+00:00,0,0,0.0,[]
2020-11-15 16:45:00+00:00,0,0,0.0,[]
2020-11-15 16:50:00+00:00,0,0,0.0,[]
2020-11-15 16:55:00+00:00,0,0,0.0,[]
2020-11-15 17:00:00+00:00,0,0,0.0,[]
2020-11-15 17:05:00+00:00,0,0,0.0,[]
2020-11-15 17:10:00+00:00,0,0,0.0,[]
2020-11-15 17:15:00+00:00,0,0,0.0,[]
2020-11-15 17:20:00+00:00,0,0,0.0,[]
2020-11-15 17:25:00+00:00,0,0,0.0,[]
2020-11-15 17:30:00+00:00,0,0,0.0,[]
2020-11-15 17:35:00+00:00,0,0,0.0,[]
2020-11-15 17:40:00+00:00,0,0,0.0,[]
2020-11-15 17:45:00+00:00,0,0,0.0,[]
2020-11-15 17:50:00+00:00,0,0,0.0,[]
2020-11-15 17:55:00+00:00,0,0,0.0,[]
2020-11-15 18:00:00+00:00,0,0,0.0,[]
2020-11-15 18:05:00+00:00,0,0,0.0,[]
2020-11-15 18:10:00+00:00,0,0,0.0,[]
2020-11-15 18:15:00+00:00,0,0,0.0,[]
2020-11-15 18:20:00+00:00,0,0,0.0,[]
2020-11-15 18:25:00+00:00,0,0,0.0,[]
2020-11-15 18:30:00+00:00,0,0,0.0,[]
2020-11-15 18:35:00+00:00,0,0,0.0,[]
2020-11-15 18:40:00+00:00,0,0,0.0,[]
2020-11-15 18:45:00+00:00,0,0,0.0,[]
2020-11-15 18:50:00+00:00,0,0,0.0,[]
2020-11-15 18:55:00+00:00,0,0,0.0,[]
2020-11-15 19:00:00+00:00,500,0,1.0,[500]
2020-11-15 19:05:00+00:00,0,0,0.0,[]
2020-11-15 19:10:00+00:00,0,0,0.0,[]
2020-11-15 19:15:00+00:00,0,0,0.0,[]
2020-11-15 19:20:00+00:00,0,0,0.0,[]
2020-11-15 19:25:00+00:00,0,0,0.0,[]
2020-11-15 19:30:00+00:00,0,0,0.0,[]
2020-11-15 19:35:00+00:00,0,0,0.0,[]
2020-11-15 19:40:00+00:00,0,0,0.0,[]
2020-11-15 19:45:00+00:00,0,0,0.0,[]
2020-11-15 19:50:00+00:00,0,0,0.0,[]
2020-11-15 19:55:00+00:00,0,0,0.0,[]
2020-11-15 20:00:00+00:00,0,0,0.0,[]
2020-11-15 20:05:00+00:00,0,0,0.0,[]
2020-11-15 20:10:00+00:00,0,0,0.0,[]
2020-11-15 20:15:00+00:00,0,0,0.0,[]
2020-11-15 20:20:00+00:00,0,0,0.0,[]
2020-11-15 20:25:00+00:00,0,0,0.0,[]
2020-11-15 20:30:00+00:00,0,0,0.0,[]
2020-11-15 20:35:00+00:00,0,0,0.0,[]
2020-11-15 20:40:00+00:00,0,0,0.0,[]
2020-11-15 20:45:00+00:00,0,0,0.0,[]
2020-11-15 20:50:00+00:00,0,0,0.0,[]
2020-11-15 20:55:00+00:00,0,0,0.0,[]
2020-11-15 21:00:00+00:00,0,0,0.0,[]
2020-11-15 21:05:00+00:00,0,0,0.0,[]
2020-11-15 21:10:00+00:00,0,0,0.0,[]
2020-11-15 21:15:00+00:00,0,0,0.0,[]
2020-11-15 21:20:00+00:00,0,0,0.0,[]
2020-11-15 21:25:00+00:00,0,0,0.0,[]
2020-11-15 21:30:00+00:00,0,0,0.0,[]
2020-11-15 21:35:00+00:00,0,0,0.0,[]
2020-11-15 21:40:00+00:00,0,0,0.0,[]
2020-11-15 21:45:00+00:00,0,0,0.0,[]
2020-11-15 21:50:00+00:00,0,0,0.0,[]
2020-11-15 21:55:00+00:00,0,0,0.0,[]
2020-11-15 22:00:00+00:00,0,0,0.0,[]
2020-11-15 22:05:00+00:00,0,0,0.0,[]
2020-11-15 22:10:00+00:00,0,0,0.0,[]
2020-11-15 22:15:00+00:00,0,0,0.0,[]
2020-11-15 22:20:00+00:00,0,0,0.0,[]
2020-11-15 22:25:00+00:00,0,0,0.0,[]
2020-11-15 22:30:00+00:00,0,0,0.0,[]
2020-11-15 22:35:00+00:00,0,0,0.0,[]
2020-11-15 22:40:00+00:00,0,0,0.0,[]
2020-11-15 22:45:00+00:00,0,0,0.0,[]
2020-11-15 22:50:00+00:00,0,0,0.0,[]
2020-11-15 22:55:00+00:00,0,0,0.0,[]
2020-11-15 23:00:00+00:00,0,0,0.0,[]
2020-11-15 23:05:00+00:00,0,0,0.0,[]
2020-11-15 23:10:00+00:00,0,0,0.0,[]
2020-11-15 23:15:00+00:00,0,0,0.0,[]
2020-11-15 23:20:00+00:00,0,0,0.0,[]
2020-11-15 23:25:00+00:00,0,0,0.0,[]
2020-11-15 23:30:00+00:00,0,0,0.0,[]
2020-11-15 23:35:00+00:00,0,0,0.0,[]
2020-11-15 23:40:00+00:00,0,0,0.0,[]
2020-11-15 23:45:00+00:00,0,0,0.0,[]
2020-11-15 23:50:00+00:00,0,0,0.0,[]
2020-11-15 23:55:00+00:00,0,0,0.0,[]
2020-11-16 00:00:00+00:00,0,0,0.0,[]
2020-11-16 00:05:00+00:00,0,0,0.0,[]
2020-11-16 00:10:00+00:00,0,0,0.0,[]
2020-11-16 00:15:00+00:00,0,0,0.0,[]
2020-11-16 00:20:00+00:00,0,0,0.0,[]
2020-11-16 00:25:00+00:00,0,0,0.0,[]
2020-11-16 00:30:00+00:00,0,0,0.0,[]
2020-11-16 00:35:00+00:00,0,0,0.0,[]
2020-11-16 00:40:00+00:00,0,0,0.0,[]
2020-11-16 00:45:00+00:00,0,0,0.0,[]
2020-11-16 00:50:00+00:00,0,0,0.0,[]
2020-11-16 00:55:00+00:00,0,0,0.0,[]
2020-11-16 01:00:00+00:00,0,0,0.0,[]
2020-11-16 01:05:00+00:00,0,0,0.0,[]
2020-11-16 01:10:00+00:00,0,0,0.0,[]
2020-11-16 01:15:00+00:00,0,0,0.0,[]
2020-11-16 01:20:00+00:00,0,0,0.0,[]
2020-11-16 01:25:00+00:00,0,0,0.0,[]
2020-11-16 01:30:00+00:00,0,0,0.0,[]
2020-11-16 01:35:00+00:00,0,0,0.0,[]
2020-11-16 01:40:00+00:00,0,0,0.0,[]
2020-11-16 01:45:00+00:00,0,0,0.0,[]
2020-11-16 01:50:00+00:00,0,0,0.0,[]
2020-11-16 01:55:00+00:00,0,0,0.0,[]
2020-11-16 02:00:00+00:00,0,0,0.0,[]
2020-11-16 02:05:00+00:00,0,0,0.0,[]
2020-11-16 02:10:00+00:00,0,0,0.0,[]
2020-11-16 02:15:00+00:00,0,0,0.0,[]
2020-11-16 02:20:00+00:00,0,0,0.0,[]
2020-11-16 02:25:00+00:00,0,0,0.0,[]
2020-11-16 02:30:00+00:00,0,0,0.0,[]
2020-11-16 02:35:00+00:00,0,0,0.0,[]
2020-11-16 02:40:00+00:00,0,0,0.0,[]
2020-11-16 02:45:00+00:00,0,0,0.0,[]
2020-11-16 02:50:00+00:00,0,0,0.0,[]
2020-11-16 02:55:00+00:00,0,0,0.0,[]
2020-11-16 03:00:00+00:00,0,0,0.0,[]
2020-11-16 03:05:00+00:00,0,0,0.0,[]
2020-11-16 03:10:00+00:00,0,0,0.0,[]
2020-11-16 03:15:00+00:00,0,0,0.0,[]
2020-11-16 03:20:00+00:00,0,0,0.0,[]
2020-11-16 03:25:00+00:00,0,0,0.0,[]
2020-11-16 03:30:00+00:00,0,0,0.0,[]
2020-11-16 03:35:00+00:00,0,0,0.0,[]
2020-11-16 03:40:00+00:00,0,0,0.0,[]
2020-11-16 03:45:00+00:00,0,0,0.0,[]
2020-11-16 03:50:00+00:00,0,0,0.0,[]
2020-11-16 03:55:00+00:00,0,0,0.0,[]
2020-11-16 04:00:00+00:00,0,0,0.0,[]
2020-11-16 04:05:00+00:00,0,0,0.0,[]
2020-11-16 04:10:00+00:00,0,0,0.0,[]
2020-11-16 04:15:00+00:00,0,0,0.0,[]
2020-11-16 04:20:00+00:00,0,0,0.0,[]
2020-11-16 04:25:00+00:00,0,0,0.0,[]
2020-11-16 04:30:00+00:00,0,0,0.0,[]
2020-11-16 04:35:00+00:00,0,0,0.0,[]
2020-11-16 04:40:00+00:00,0,0,0.0,[]
2020-11-16 04:45:00+00:00,0,0,0.0,[]
2020-11-16 04:50:00+00:00,0,0,0.0,[]
2020-11-16 04:55:00+00:00,0,0,0.0,[]
2020-11-16 05:00:00+00:00,0,0,0.0,[]
2020-11-16 05:05:00+00:00,0,0,0.0,[]
2020-11-16 05:10:00+00:00,0,0,0.0,[]
2020-11-16 05:15:00+00:00,0,0,0.0,[]
2020-11-16 05:20:00+00:00,0,0,0.0,[]
2020-11-16 05:25:00+00:00,0,0,0.0,[]
2020-11-16 05:30:00+00:00,0,0,0.0,[]
2020-11-16 05:35:00+00:00,0,0,0.0,[]
2020-11-16 05:40:00+00:00,0,0,0.0,[]
2020-11-16 05:45:00+00:00,0,0,0.0,[]
2020-11-16 05:50:00+00:00,0,0,0.0,[]
2020-11-16 05:55:00+00:00,0,0,0.0,[]
2020-11-16 06:00:00+00:00,0,0,0.0,[]
2020-11-16 06:05:00+00:00,0,0,0.0,[]
2020-11-16 06:10:00+00:00,0,0,0.0,[]
2020-11-16 06:15:00+00:00,0,0,0.0,[]
2020-11-16 06:20:00+00:00,0,0,0.0,[]
2020-11-16 06:25:00+00:00,0,0,0.0,[]
2020-11-16 06:30:00+00:00,0,0,0.0,[]
2020-11-16 06:35:00+00:00,0,0,0.0,[]
2020-11-16 06:40:00+00:00,0,0,0.0,[]
2020-11-16 06:45:00+00:00,0,0,0.0,[]
2020-11-16 06:50:00+00:00,0,0,0.0,[]
2020-11-16 06:55:00+00:00,0,0,0.0,[]
2020-11-16 07:00:00+00:00,0,0,0.0,[]
2020-11-16 07:05:00+00:00,0,0,0.0,[]
2020-11-16 07:10:00+00:00,0,0,0.0,[]
2020-11-16 07:15:00+00:00,0,0,0.0,[]
2020-11-16 07:20:00+00:00,0,0,0.0,[]
2020-11-16 07:25:00+00:00,0,0,0.0,[]
2020-11-16 07:30:00+00:00,0,0,0.0,[]
2020-11-16 07:35:00+00:00,170,0,1.0,[170]
2020-11-16 07:40:00+00:00,0,0,0.0,[]
2020-11-16 07:45:00+00:00,0,0,0.0,[]
2020-11-16 07:50:00+00:00,0,0,0.0,[]
2020-11-16 07:55:00+00:00,0,0,0.0,[]
2020-11-16 08:00:00+00:00,0,0,0.0,[]
2020-11-16 08:05:00+00:00,0,0,0.0,[]
2020-11-16 08:10:00+00:00,0,0,0.0,[]
2020-11-16 08:15:00+00:00,0,0,0.0,[]
2020-11-16 08:20:00+00:00,0,0,0.0,[]
2020-11-16 08:25:00+00:00,0,0,0.0,[]
2020-11-16 08:30:00+00:00,0,0,0.0,[]
2020-11-16 08:35:00+00:00,0,0,0.0,[]
2020-11-16 08:40:00+00:00,0,0,0.0,[]
2020-11-16 08:45:00+00:00,0,0,0.0,[]
2020-11-16 08:50:00+00:00,0,0,0.0,[]
2020-11-16 08:55:00+00:00,0,0,0.0,[]
2020-11-16 09:00:00+00:00,0,0,0.0,[]
2020-11-16 09:05:00+00:00,0,0,0.0,[]
2020-11-16 09:10:00+00:00,0,0,0.0,[]
2020-11-16 09:15:00+00:00,0,0,0.0,[]
2020-11-16 09:20:00+00:00,0,0,0.0,[]
2020-11-16 09:25:00+00:00,0,0,0.0,[]
2020-11-16 09:30:00+00:00,0,0,0.0,[]
2020-11-16 09:35:00+00:00,0,0,0.0,[]
2020-11-16 09:40:00+00:00,0,0,0.0,[]
2020-11-16 09:45:00+00:00,0,0,0.0,[]
2020-11-16 09:50:00+00:00,0,0,0.0,[]
2020-11-16 09:55:00+00:00,0,0,0.0,[]
2020-11-16 10:00:00+00:00,0,0,0.0,[]
2020-11-16 10:05:00+00:00,0,0,0.0,[]
2020-11-16 10:10:00+00:00,0,0,0.0,[]
2020-11-16 10:15:00+00:00,0,0,0.0,[]
2020-11-16 10:20:00+00:00,0,0,0.0,[]
2020-11-16 10:25:00+00:00,0,0,0.0,[]
2020-11-16 10:30:00+00:00,0,0,0.0,[]
2020-11-16 10:35:00+00:00,0,0,0.0,[]
2020-11-16 10:40:00+00:00,0,0,0.0,[]
2020-11-16 10:45:00+00:00,0,0,0.0,[]
2020-11-16 10:50:00+00:00,0,0,0.0,[]
2020-11-16 10:55:00+00:00,0,0,0.0,[]
2020-11-16 11:00:00+00:00,0,0,0.0,[]
2020-11-16 11:05:00+00:00,0,0,0.0,[]
2020-11-16 11:10:00+00:00,0,0,0.0,[]
2020-11-16 11:15:00+00:00,0,0,0.0,[]
2020-11-16 11:20:00+00:00,0,0,0.0,[]
2020-11-16 11:25:00+00:00,0,0,0.0,[]
2020-11-16 11:30:00+00:00,0,0,0.0,[]
2020-11-16 11:35:00+00:00,0,0,0.0,[]
2020-11-16 11:40:00+00:00,500,0,1.0,[500]
2020-11-16 11:45:00+00:00,0,0,0.0,[]
2020-11-16 11:50:00+00:00,0,0,0.0,[]
2020-11-16 11:55:00+00:00,0,0,0.0,[]
2020-11-16 12:00:00+00:00,0,0,0.0,[]
2020-11-16 12:05:00+00:00,0,0,0.0,[]
2020-11-16 12:10:00+00:00,0,0,0.0,[]
2020-11-16 12:15:00+00:00,0,0,0.0,[]
2020-11-16 12:20:00+00:00,0,0,0.0,[]
2020-11-16 12:25:00+00:00,0,0,0.0,[]
2020-11-16 12:30:00+00:00,0,0,0.0,[]
2020-11-16 12:35:00+00:00,0,0,0.0,[]
2020-11-16 12:40:00+00:00,0,0,0.0,[]
2020-11-16 12:45:00+00:00,0,0,0.0,[]
2020-11-16 12:50:00+00:00,0,0,0.0,[]
2020-11-16 12:55:00+00:00,0,0,0.0,[]
2020-11-16 13:00:00+00:00,0,0,0.0,[]
2020-11-16 13:05:00+00:00,0,0,0.0,[]
2020-11-16 13:10:00+00:00,0,0,0.0,[]
2020-11-16 13:15:00+00:00,0,0,0.0,[]
2020-11-16 13:20:00+00:00,0,0,0.0,[]
2020-11-16 13:25:00+00:00,0,0,0.0,[]
2020-11-16 13:30:00+00:00,0,0,0.0,[]
2020-11-16 13:35:00+00:00,0,0,0.0,[]
2020-11-16 13:40:00+00:00,0,0,0.0,[]
2020-11-16 13:45:00+00:00,0,0,0.0,[]
2020-11-16 13:50:00+00:00,0,0,0.0,[]
2020-11-16 13:55:00+00:00,0,0,0.0,[]
2020-11-16 14:00:00+00:00,0,0,0.0,[]
2020-11-16 14:05:00+00:00,0,0,0.0,[]
2020-11-16 14:10:00+00:00,0,0,0.0,[]
2020-11-16 14:15:00+00:00,0,0,0.0,[]
2020-11-16 14:20:00+00:00,0,0,0.0,[]
2020-11-16 14:25:00+00:00,0,0,0.0,[]
2020-11-16 14:30:00+00:00,0,0,0.0,[]
2020-11-16 14:35:00+00:00,100,0,1.0,[100]
2020-11-16 14:40:00+00:00,0,0,0.0,[]
2020-11-16 14:45:00+00:00,0,0,0.0,[]
2020-11-16 14:50:00+00:00,0,0,0.0,[]
2020-11-16 14:55:00+00:00,0,0,0.0,[]
2020-11-16 15:00:00+00:00,0,0,0.0,[]
2020-11-16 15:05:00+00:00,0,0,0.0,[]
2020-11-16 15:10:00+00:00,0,0,0.0,[]
2020-11-16 15:15:00+00:00,0,0,0.0,[]
2020-11-16 15:20:00+00:00,0,0,0.0,[]
2020-11-16 15:25:00+00:00,0,0,0.0,[]
2020-11-16 15:30:00+00:00,0,0,0.0,[]
2020-11-16 15:35:00+00:00,0,0,0.0,[]
2020-11-16 15:40:00+00:00,0,0,0.0,[]
2020-11-16 15:45:00+00:00,0,0,0.0,[]
2020-11-16 15:50:00+00:00,0,0,0.0,[]
2020-11-16 15:55:00+00:00,0,0,0.0,[]
2020-11-16 16:00:00+00:00,0,0,0.0,[]
2020-11-16 16:05:00+00:00,0,0,0.0,[]
2020-11-16 16:10:00+00:00,0,0,0.0,[]
2020-11-16 16:15:00+00:00,0,0,0.0,[]
2020-11-16 16:20:00+00:00,0,0,0.0,[]
2020-11-16 16:25:00+00:00,0,0,0.0,[]
2020-11-16 16:30:00+00:00,0,0,0.0,[]
2020-11-16 16:35:00+00:00,0,0,0.0,[]
2020-11-16 16:40:00+00:00,0,0,0.0,[]
2020-11-16 16:45:00+00:00,0,0,0.0,[]
2020-11-16 16:50:00+00:00,0,0,0.0,[]
2020-11-16 16:55:00+00:00,0,0,0.0,[]
2020-11-16 17:00:00+00:00,0,0,0.0,[]
2020-11-16 17:05:00+00:00,0,0,0.0,[]
2020-11-16 17:10:00+00:00,0,0,0.0,[]
2020-11-16 17:15:00+00:00,0,0,0.0,[]
2020-11-16 17:20:00+00:00,0,0,0.0,[]
2020-11-16 17:25:00+00:00,0,0,0.0,[]
2020-11-16 17:30:00+00:00,0,0,0.0,[]
2020-11-16 17:35:00+00:00,0,0,0.0,[]
2020-11-16 17:40:00+00:00,0,0,0.0,[]
2020-11-16 17:45:00+00:00,0,0,0.0,[]
2020-11-16 17:50:00+00:00,0,0,0.0,[]
2020-11-16 17:55:00+00:00,0,0,0.0,[]
2020-11-16 18:00:00+00:00,0,0,0.0,[]
2020-11-16 18:05:00+00:00,0,0,0.0,[]
2020-11-16 18:10:00+00:00,0,0,0.0,[]
2020-11-16 18:15:00+00:00,0,0,0.0,[]
2020-11-16 18:20:00+00:00,0,0,0.0,[]
2020-11-16 18:25:00+00:00,0,0,0.0,[]
2020-11-16 18:30:00+00:00,0,0,0.0,[]
2020-11-16 18:35:00+00:00,0,0,0.0,[]
2020-11-16 18:40:00+00:00,0,0,0.0,[]
2020-11-16 18:45:00+00:00,0,0,0.0,[]
2020-11-16 18:50:00+00:00,0,0,0.0,[]
2020-11-16 18:55:00+00:00,0,0,0.0,[]
2020-11-16 19:00:00+00:00,0,0,0.0,[]
2020-11-16 19:05:00+00:00,0,0,0.0,[]
2020-11-16 19:10:00+00:00,0,0,0.0,[]
2020-11-16 19:15:00+00:00,0,0,0.0,[]
2020-11-16 19:20:00+00:00,0,0,0.0,[]
2020-11-16 19:25:00+00:00,0,0,0.0,[]
2020-11-16 19:30:00+00:00,0,0,0.0,[]
2020-11-16 19:35:00+00:00,0,0,0.0,[]
2020-11-16 19:40:00+00:00,0,0,0.0,[]
2020-11-16 19:45:00+00:00,0,0,0.0,[]
2020-11-16 19:50:00+00:00,0,0,0.0,[]
2020-11-16 19:55:00+00:00,0,0,0.0,[]
2020-11-16 20:00:00+00:00,0,0,0.0,[]
2020-11-16 20:05:00+00:00,0,0,0.0,[]
2020-11-16 20:10:00+00:00,0,0,0.0,[]
2020-11-16 20:15:00+00:00,0,0,0.0,[]
2020-11-16 20:20:00+00:00,0,0,0.0,[]
2020-11-16 20:25:00+00:00,0,0,0.0,[]
2020-11-16 20:30:00+00:00,0,0,0.0,[]
2020-11-16 20:35:00+00:00,0,0,0.0,[]
2020-11-16 20:40:00+00:00,0,0,0.0,[]
2020-11-16 20:45:00+00:00,0,0,0.0,[]
2020-11-16 20:50:00+00:00,0,0,0.0,[]
2020-11-16 20:55:00+00:00,0,0,0.0,[]
2020-11-16 21:00:00+00:00,0,0,0.0,[]
2020-11-16 21:05:00+00:00,0,0,0.0,[]
2020-11-16 21:10:00+00:00,0,0,0.0,[]
2020-11-16 21:15:00+00:00,0,0,0.0,[]
2020-11-16 21:20:00+00:00,0,0,0.0,[]
2020-11-16 21:25:00+00:00,0,0,0.0,[]
2020-11-16 21:30:00+00:00,0,0,0.0,[]
2020-11-16 21:35:00+00:00,0,0,0.0,[]
2020-11-16 21:40:00+00:00,0,0,0.0,[]
2020-11-16 21:45:00+00:00,0,0,0.0,[]
2020-11-16 21:50:00+00:00,7900,0,1.0,[7900]
2020-11-16 21:55:00+00:00,0,0,0.0,[]
2020-11-16 22:00:00+00:00,0,0,0.0,[]
2020-11-16 22:05:00+00:00,0,0,0.0,[]
2020-11-16 22:10:00+00:00,0,0,0.0,[]
2020-11-16 22:15:00+00:00,0,0,0.0,[]
2020-11-16 22:20:00+00:00,0,0,0.0,[]
2020-11-16 22:25:00+00:00,0,0,0.0,[]
2020-11-16 22:30:00+00:00,0,0,0.0,[]
2020-11-16 22:35:00+00:00,0,0,0.0,[]
2020-11-16 22:40:00+00:00,0,0,0.0,[]
2020-11-16 22:45:00+00:00,0,0,0.0,[]
2020-11-16 22:50:00+00:00,0,0,0.0,[]
2020-11-16 22:55:00+00:00,0,0,0.0,[]
2020-11-16 23:00:00+00:00,0,0,0.0,[]
2020-11-16 23:05:00+00:00,0,0,0.0,[]
2020-11-16 23:10:00+00:00,0,0,0.0,[]
2020-11-16 23:15:00+00:00,0,0,0.0,[]
2020-11-16 23:20:00+00:00,0,0,0.0,[]
2020-11-16 23:25:00+00:00,0,0,0.0,[]
2020-11-16 23:30:00+00:00,0,0,0.0,[]
2020-11-16 23:35:00+00:00,0,0,0.0,[]
2020-11-16 23:40:00+00:00,0,0,0.0,[]
2020-11-16 23:45:00+00:00,0,0,0.0,[]
2020-11-16 23:50:00+00:00,0,0,0.0,[]
2020-11-16 23:55:00+00:00,0,0,0.0,[]
2020-11-17 00:00:00+00:00,0,0,0.0,[]
2020-11-17 00:05:00+00:00,0,0,0.0,[]
2020-11-17 00:10:00+00:00,0,0,0.0,[]
2020-11-17 00:15:00+00:00,450,0,1.0,[450]
2020-11-17 00:20:00+00:00,0,0,0.0,[]
2020-11-17 00:25:00+00:00,0,0,0.0,[]
2020-11-17 00:30:00+00:00,0,0,0.0,[]
2020-11-17 00:35:00+00:00,0,0,0.0,[]
2020-11-17 00:40:00+00:00,0,0,0.0,[]
2020-11-17 00:45:00+00:00,0,0,0.0,[]
2020-11-17 00:50:00+00:00,0,0,0.0,[]
2020-11-17 00:55:00+00:00,0,0,0.0,[]
2020-11-17 01:00:00+00:00,0,0,0.0,[]
2020-11-17 01:05:00+00:00,0,0,0.0,[]
2020-11-17 01:10:00+00:00,0,0,0.0,[]
2020-11-17 01:15:00+00:00,0,0,0.0,[]
2020-11-17 01:20:00+00:00,0,0,0.0,[]
2020-11-17 01:25:00+00:00,0,0,0.0,[]
2020-11-17 01:30:00+00:00,0,0,0.0,[]
2020-11-17 01:35:00+00:00,0,0,0.0,[]
2020-11-17 01:40:00+00:00,0,0,0.0,[]
2020-11-17 01:45:00+00:00,0,0,0.0,[]
2020-11-17 01:50:00+00:00,0,0,0.0,[]
2020-11-17 01:55:00+00:00,0,0,0.0,[]
2020-11-17 02:00:00+00:00,0,0,0.0,[]
2020-11-17 02:05:00+00:00,0,0,0.0,[]
2020-11-17 02:10:00+00:00,0,0,0.0,[]
2020-11-17 02:15:00+00:00,0,0,0.0,[]
2020-11-17 02:20:00+00:00,0,0,0.0,[]
2020-11-17 02:25:00+00:00,0,0,0.0,[]
2020-11-17 02:30:00+00:00,0,0,0.0,[]
2020-11-17 02:35:00+00:00,0,0,0.0,[]
2020-11-17 02:40:00+00:00,0,0,0.0,[]
2020-11-17 02:45:00+00:00,0,0,0.0,[]
2020-11-17 02:50:00+00:00,0,0,0.0,[]
2020-11-17 02:55:00+00:00,0,0,0.0,[]
2020-11-17 03:00:00+00:00,0,0,0.0,[]
2020-11-17 03:05:00+00:00,0,0,0.0,[]
2020-11-17 03:10:00+00:00,0,0,0.0,[]
2020-11-17 03:15:00+00:00,0,0,0.0,[]
2020-11-17 03:20:00+00:00,0,0,0.0,[]
2020-11-17 03:25:00+00:00,0,0,0.0,[]
2020-11-17 03:30:00+00:00,0,0,0.0,[]
2020-11-17 03:35:00+00:00,0,0,0.0,[]
2020-11-17 03:40:00+00:00,0,0,0.0,[]
2020-11-17 03:45:00+00:00,0,0,0.0,[]
2020-11-17 03:50:00+00:00,0,0,0.0,[]
2020-11-17 03:55:00+00:00,0,0,0.0,[]
2020-11-17 04:00:00+00:00,0,0,0.0,[]
2020-11-17 04:05:00+00:00,0,0,0.0,[]
2020-11-17 04:10:00+00:00,0,0,0.0,[]
2020-11-17 04:15:00+00:00,0,0,0.0,[]
2020-11-17 04:20:00+00:00,0,0,0.0,[]
2020-11-17 04:25:00+00:00,0,0,0.0,[]
2020-11-17 04:30:00+00:00,0,0,0.0,[]
2020-11-17 04:35:00+00:00,0,0,0.0,[]
2020-11-17 04:40:00+00:00,0,0,0.0,[]
2020-11-17 04:45:00+00:00,0,0,0.0,[]
2020-11-17 04:50:00+00:00,0,0,0.0,[]
2020-11-17 04:55:00+00:00,0,0,0.0,[]
2020-11-17 05:00:00+00:00,0,0,0.0,[]
2020-11-17 05:05:00+00:00,0,0,0.0,[]
2020-11-17 05:10:00+00:00,0,0,0.0,[]
2020-11-17 05:15:00+00:00,0,0,0.0,[]
2020-11-17 05:20:00+00:00,0,0,0.0,[]
2020-11-17 05:25:00+00:00,0,0,0.0,[]
2020-11-17 05:30:00+00:00,0,0,0.0,[]
2020-11-17 05:35:00+00:00,0,0,0.0,[]
2020-11-17 05:40:00+00:00,0,0,0.0,[]
2020-11-17 05:45:00+00:00,0,0,0.0,[]
2020-11-17 05:50:00+00:00,0,0,0.0,[]
2020-11-17 05:55:00+00:00,0,0,0.0,[]
2020-11-17 06:00:00+00:00,0,0,0.0,[]
2020-11-17 06:05:00+00:00,0,0,0.0,[]
2020-11-17 06:10:00+00:00,0,0,0.0,[]
2020-11-17 06:15:00+00:00,0,0,0.0,[]
2020-11-17 06:20:00+00:00,0,0,0.0,[]
2020-11-17 06:25:00+00:00,0,0,0.0,[]
2020-11-17 06:30:00+00:00,0,0,0.0,[]
2020-11-17 06:35:00+00:00,0,0,0.0,[]
2020-11-17 06:40:00+00:00,0,0,0.0,[]
2020-11-17 06:45:00+00:00,0,0,0.0,[]
2020-11-17 06:50:00+00:00,0,0,0.0,[]
2020-11-17 06:55:00+00:00,0,0,0.0,[]
2020-11-17 07:00:00+00:00,0,0,0.0,[]
2020-11-17 07:05:00+00:00,0,0,0.0,[]
2020-11-17 07:10:00+00:00,0,0,0.0,[]
2020-11-17 07:15:00+00:00,0,0,0.0,[]
2020-11-17 07:20:00+00:00,0,0,0.0,[]
2020-11-17 07:25:00+00:00,0,0,0.0,[]
2020-11-17 07:30:00+00:00,0,0,0.0,[]
2020-11-17 07:35:00+00:00,0,0,0.0,[]
2020-11-17 07:40:00+00:00,0,0,0.0,[]
2020-11-17 07:45:00+00:00,0,0,0.0,[]
2020-11-17 07:50:00+00:00,0,0,0.0,[]
2020-11-17 07:55:00+00:00,0,0,0.0,[]
2020-11-17 08:00:00+00:00,0,0,0.0,[]
2020-11-17 08:05:00+00:00,0,0,0.0,[]
2020-11-17 08:10:00+00:00,0,0,0.0,[]
2020-11-17 08:15:00+00:00,0,0,0.0,[]
2020-11-17 08:20:00+00:00,0,0,0.0,[]
2020-11-17 08:25:00+00:00,0,0,0.0,[]
2020-11-17 08:30:00+00:00,0,0,0.0,[]
2020-11-17 08:35:00+00:00,0,0,0.0,[]
2020-11-17 08:40:00+00:00,0,0,0.0,[]
2020-11-17 08:45:00+00:00,0,0,0.0,[]
2020-11-17 08:50:00+00:00,0,0,0.0,[]
2020-11-17 08:55:00+00:00,0,0,0.0,[]
2020-11-17 09:00:00+00:00,0,0,0.0,[]
2020-11-17 09:05:00+00:00,0,0,0.0,[]
2020-11-17 09:10:00+00:00,0,0,0.0,[]
2020-11-17 09:15:00+00:00,0,0,0.0,[]
2020-11-17 09:20:00+00:00,0,0,0.0,[]
2020-11-17 09:25:00+00:00,0,0,0.0,[]
2020-11-17 09:30:00+00:00,0,0,0.0,[]
2020-11-17 09:35:00+00:00,0,0,0.0,[]
2020-11-17 09:40:00+00:00,0,0,0.0,[]
2020-11-17 09:45:00+00:00,0,0,0.0,[]
2020-11-17 09:50:00+00:00,0,0,0.0,[]
2020-11-17 09:55:00+00:00,0,0,0.0,[]
2020-11-17 10:00:00+00:00,0,0,0.0,[]
2020-11-17 10:05:00+00:00,0,0,0.0,[]
2020-11-17 10:10:00+00:00,0,0,0.0,[]
2020-11-17 10:15:00+00:00,0,0,0.0,[]
2020-11-17 10:20:00+00:00,0,0,0.0,[]
2020-11-17 10:25:00+00:00,0,0,0.0,[]
2020-11-17 10:30:00+00:00,0,0,0.0,[]
2020-11-17 10:35:00+00:00,0,0,0.0,[]
2020-11-17 10:40:00+00:00,0,0,0.0,[]
2020-11-17 10:45:00+00:00,0,0,0.0,[]
2020-11-17 10:50:00+00:00,0,0,0.0,[]
2020-11-17 10:55:00+00:00,0,0,0.0,[]
2020-11-17 11:00:00+00:00,0,0,0.0,[]
2020-11-17 11:05:00+00:00,0,0,0.0,[]
2020-11-17 11:10:00+00:00,0,0,0.0,[]
2020-11-17 11:15:00+00:00,0,0,0.0,[]
2020-11-17 11:20:00+00:00,0,0,0.0,[]
2020-11-17 11:25:00+00:00,0,0,0.0,[]
2020-11-17 11:30:00+00:00,0,0,0.0,[]
2020-11-17 11:35:00+00:00,0,0,0.0,[]
2020-11-17 11:40:00+00:00,0,0,0.0,[]
2020-11-17 11:45:00+00:00,0,0,0.0,[]
2020-11-17 11:50:00+00:00,0,0,0.0,[]
2020-11-17 11:55:00+00:00,0,0,0.0,[]
2020-11-17 12:00:00+00:00,0,0,0.0,[]
2020-11-17 12:05:00+00:00,0,0,0.0,[]
2020-11-17 12:10:00+00:00,0,0,0.0,[]
2020-11-17 12:15:00+00:00,0,0,0.0,[]
2020-11-17 12:20:00+00:00,0,0,0.0,[]
2020-11-17 12:25:00+00:00,0,0,0.0,[]
2020-11-17 12:30:00+00:00,0,0,0.0,[]
2020-11-17 12:35:00+00:00,0,0,0.0,[]
2020-11-17 12:40:00+00:00,0,0,0.0,[]
2020-11-17 12:45:00+00:00,0,0,0.0,[]
2020-11-17 12:50:00+00:00,0,0,0.0,[]
2020-11-17 12:55:00+00:00,0,0,0.0,[]
2020-11-17 13:00:00+00:00,0,0,0.0,[]
2020-11-17 13:05:00+00:00,0,0,0.0,[]
2020-11-17 13:10:00+00:00,0,0,0.0,[]
2020-11-17 13:15:00+00:00,0,0,0.0,[]
2020-11-17 13:20:00+00:00,0,0,0.0,[]
2020-11-17 13:25:00+00:00,0,0,0.0,[]
2020-11-17 13:30:00+00:00,0,0,0.0,[]
2020-11-17 13:35:00+00:00,0,0,0.0,[]
2020-11-17 13:40:00+00:00,0,0,0.0,[]
2020-11-17 13:45:00+00:00,0,0,0.0,[]
2020-11-17 13:50:00+00:00,0,0,0.0,[]
2020-11-17 13:55:00+00:00,0,0,0.0,[]
2020-11-17 14:00:00+00:00,0,0,0.0,[]
2020-11-17 14:05:00+00:00,0,0,0.0,[]
2020-11-17 14:10:00+00:00,0,0,0.0,[]
2020-11-17 14:15:00+00:00,0,0,0.0,[]
2020-11-17 14:20:00+00:00,0,0,0.0,[]
2020-11-17 14:25:00+00:00,0,0,0.0,[]
2020-11-17 14:30:00+00:00,0,0,0.0,[]
2020-11-17 14:35:00+00:00,0,0,0.0,[]
2020-11-17 14:40:00+00:00,0,0,0.0,[]
2020-11-17 14:45:00+00:00,0,0,0.0,[]
2020-11-17 14:50:00+00:00,0,0,0.0,[]
2020-11-17 14:55:00+00:00,0,0,0.0,[]
2020-11-17 15:00:00+00:00,0,0,0.0,[]
2020-11-17 15:05:00+00:00,0,0,0.0,[]
2020-11-17 15:10:00+00:00,0,0,0.0,[]
2020-11-17 15:15:00+00:00,0,0,0.0,[]
2020-11-17 15:20:00+00:00,0,0,0.0,[]
2020-11-17 15:25:00+00:00,0,0,0.0,[]
2020-11-17 15:30:00+00:00,0,0,0.0,[]
2020-11-17 15:35:00+00:00,0,0,0.0,[]
2020-11-17 15:40:00+00:00,0,0,0.0,[]
2020-11-17 15:45:00+00:00,0,0,0.0,[]
2020-11-17 15:50:00+00:00,0,0,0.0,[]
2020-11-17 15:55:00+00:00,0,0,0.0,[]
2020-11-17 16:00:00+00:00,0,0,0.0,[]
2020-11-17 16:05:00+00:00,0,0,0.0,[]
2020-11-17 16:10:00+00:00,0,0,0.0,[]
2020-11-17 16:15:00+00:00,0,0,0.0,[]
2020-11-17 16:20:00+00:00,0,0,0.0,[]
2020-11-17 16:25:00+00:00,0,0,0.0,[]
2020-11-17 16:30:00+00:00,0,0,0.0,[]
2020-11-17 16:35:00+00:00,0,0,0.0,[]
2020-11-17 16:40:00+00:00,0,0,0.0,[]
2020-11-17 16:45:00+00:00,0,0,0.0,[]
2020-11-17 16:50:00+00:00,0,0,0.0,[]
2020-11-17 16:55:00+00:00,0,0,0.0,[]
2020-11-17 17:00:00+00:00,0,0,0.0,[]
2020-11-17 17:05:00+00:00,0,0,0.0,[]
2020-11-17 17:10:00+00:00,0,0,0.0,[]
2020-11-17 17:15:00+00:00,0,0,0.0,[]
2020-11-17 17:20:00+00:00,0,0,0.0,[]
2020-11-17 17:25:00+00:00,0,0,0.0,[]
2020-11-17 17:30:00+00:00,0,0,0.0,[]
2020-11-17 17:35:00+00:00,0,0,0.0,[]
2020-11-17 17:40:00+00:00,0,0,0.0,[]
2020-11-17 17:45:00+00:00,0,0,0.0,[]
2020-11-17 17:50:00+00:00,0,0,0.0,[]
2020-11-17 17:55:00+00:00,0,0,0.0,[]
2020-11-17 18:00:00+00:00,0,0,0.0,[]
2020-11-17 18:05:00+00:00,0,0,0.0,[]
2020-11-17 18:10:00+00:00,0,0,0.0,[]
2020-11-17 18:15:00+00:00,0,0,0.0,[]
2020-11-17 18:20:00+00:00,0,0,0.0,[]
2020-11-17 18:25:00+00:00,0,0,0.0,[]
2020-11-17 18:30:00+00:00,0,0,0.0,[]
2020-11-17 18:35:00+00:00,0,0,0.0,[]
2020-11-17 18:40:00+00:00,0,0,0.0,[]
2020-11-17 18:45:00+00:00,0,0,0.0,[]
2020-11-17 18:50:00+00:00,0,0,0.0,[]
2020-11-17 18:55:00+00:00,0,0,0.0,[]
2020-11-17 19:00:00+00:00,0,0,0.0,[]
2020-11-17 19:05:00+00:00,0,0,0.0,[]
2020-11-17 19:10:00+00:00,0,0,0.0,[]
2020-11-17 19:15:00+00:00,0,0,0.0,[]
2020-11-17 19:20:00+00:00,0,0,0.0,[]
2020-11-17 19:25:00+00:00,0,0,0.0,[]
2020-11-17 19:30:00+00:00,0,0,0.0,[]
2020-11-17 19:35:00+00:00,0,0,0.0,[]
2020-11-17 19:40:00+00:00,0,0,0.0,[]
2020-11-17 19:45:00+00:00,0,0,0.0,[]
2020-11-17 19:50:00+00:00,0,0,0.0,[]
2020-11-17 19:55:00+00:00,0,0,0.0,[]
2020-11-17 20:00:00+00:00,0,0,0.0,[]
2020-11-17 20:05:00+00:00,0,0,0.0,[]
2020-11-17 20:10:00+00:00,0,0,0.0,[]
2020-11-17 20:15:00+00:00,0,0,0.0,[]
2020-11-17 20:20:00+00:00,0,0,0.0,[]
2020-11-17 20:25:00+00:00,0,0,0.0,[]
2020-11-17 20:30:00+00:00,0,0,0.0,[]
2020-11-17 20:35:00+00:00,0,0,0.0,[]
2020-11-17 20:40:00+00:00,0,0,0.0,[]
2020-11-17 20:45:00+00:00,0,0,0.0,[]
2020-11-17 20:50:00+00:00,0,0,0.0,[]
2020-11-17 20:55:00+00:00,0,0,0.0,[]
2020-11-17 21:00:00+00:00,0,0,0.0,[]
2020-11-17 21:05:00+00:00,0,0,0.0,[]
2020-11-17 21:10:00+00:00,0,0,0.0,[]
2020-11-17 21:15:00+00:00,0,0,0.0,[]
2020-11-17 21:20:00+00:00,0,0,0.0,[]
2020-11-17 21:25:00+00:00,0,0,0.0,[]
2020-11-17 21:30:00+00:00,0,0,0.0,[]
2020-11-17 21:35:00+00:00,0,0,0.0,[]
2020-11-17 21:40:00+00:00,0,0,0.0,[]
2020-11-17 21:45:00+00:00,0,0,0.0,[]
2020-11-17 21:50:00+00:00,0,0,0.0,[]
2020-11-17 21:55:00+00:00,0,0,0.0,[]
2020-11-17 22:00:00+00:00,0,0,0.0,[]
2020-11-17 22:05:00+00:00,0,0,0.0,[]
2020-11-17 22:10:00+00:00,0,0,0.0,[]
2020-11-17 22:15:00+00:00,0,0,0.0,[]
2020-11-17 22:20:00+00:00,0,0,0.0,[]
2020-11-17 22:25:00+00:00,0,0,0.0,[]
2020-11-17 22:30:00+00:00,0,0,0.0,[]
2020-11-17 22:35:00+00:00,0,0,0.0,[]
2020-11-17 22:40:00+00:00,0,0,0.0,[]
2020-11-17 22:45:00+00:00,0,0,0.0,[]
2020-11-17 22:50:00+00:00,0,0,0.0,[]
2020-11-17 22:55:00+00:00,0,0,0.0,[]
2020-11-17 23:00:00+00:00,0,0,0.0,[]
2020-11-17 23:05:00+00:00,0,0,0.0,[]
2020-11-17 23:10:00+00:00,0,0,0.0,[]
2020-11-17 23:15:00+00:00,0,0,0.0,[]
2020-11-17 23:20:00+00:00,0,0,0.0,[]
2020-11-17 23:25:00+00:00,0,0,0.0,[]
2020-11-17 23:30:00+00:00,0,0,0.0,[]
2020-11-17 23:35:00+00:00,0,0,0.0,[]
2020-11-17 23:40:00+00:00,0,0,0.0,[]
2020-11-17 23:45:00+00:00,0,0,0.0,[]
2020-11-17 23:50:00+00:00,0,0,0.0,[]
2020-11-17 23:55:00+00:00,0,0,0.0,[]
2020-11-18 00:00:00+00:00,0,0,0.0,[]
2020-11-18 00:05:00+00:00,0,0,0.0,[]
2020-11-18 00:10:00+00:00,0,0,0.0,[]
2020-11-18 00:15:00+00:00,0,0,0.0,[]
2020-11-18 00:20:00+00:00,0,0,0.0,[]
2020-11-18 00:25:00+00:00,0,0,0.0,[]
2020-11-18 00:30:00+00:00,0,0,0.0,[]
2020-11-18 00:35:00+00:00,0,0,0.0,[]
2020-11-18 00:40:00+00:00,0,0,0.0,[]
2020-11-18 00:45:00+00:00,0,0,0.0,[]
2020-11-18 00:50:00+00:00,0,0,0.0,[]
2020-11-18 00:55:00+00:00,0,0,0.0,[]
2020-11-18 01:00:00+00:00,0,0,0.0,[]
2020-11-18 01:05:00+00:00,0,0,0.0,[]
2020-11-18 01:10:00+00:00,0,0,0.0,[]
2020-11-18 01:15:00+00:00,0,0,0.0,[]
2020-11-18 01:20:00+00:00,0,0,0.0,[]
2020-11-18 01:25:00+00:00,0,0,0.0,[]
2020-11-18 01:30:00+00:00,0,0,0.0,[]
2020-11-18 01:35:00+00:00,0,0,0.0,[]
2020-11-18 01:40:00+00:00,0,0,0.0,[]
2020-11-18 01:45:00+00:00,0,0,0.0,[]
2020-11-18 01:50:00+00:00,0,0,0.0,[]
2020-11-18 01:55:00+00:00,0,0,0.0,[]
2020-11-18 02:00:00+00:00,0,0,0.0,[]
2020-11-18 02:05:00+00:00,0,0,0.0,[]
2020-11-18 02:10:00+00:00,0,0,0.0,[]
2020-11-18 02:15:00+00:00,0,0,0.0,[]
2020-11-18 02:20:00+00:00,0,0,0.0,[]
2020-11-18 02:25:00+00:00,0,0,0.0,[]
2020-11-18 02:30:00+00:00,0,0,0.0,[]
2020-11-18 02:35:00+00:00,0,0,0.0,[]
2020-11-18 02:40:00+00:00,0,0,0.0,[]
2020-11-18 02:45:00+00:00,0,0,0.0,[]
2020-11-18 02:50:00+00:00,0,0,0.0,[]
2020-11-18 02:55:00+00:00,0,0,0.0,[]
2020-11-18 03:00:00+00:00,0,0,0.0,[]
2020-11-18 03:05:00+00:00,0,0,0.0,[]
2020-11-18 03:10:00+00:00,0,0,0.0,[]
2020-11-18 03:15:00+00:00,0,0,0.0,[]
2020-11-18 03:20:00+00:00,0,0,0.0,[]
2020-11-18 03:25:00+00:00,0,0,0.0,[]
2020-11-18 03:30:00+00:00,0,0,0.0,[]
2020-11-18 03:35:00+00:00,0,0,0.0,[]
2020-11-18 03:40:00+00:00,0,0,0.0,[]
2020-11-18 03:45:00+00:00,0,0,0.0,[]
2020-11-18 03:50:00+00:00,0,0,0.0,[]
2020-11-18 03:55:00+00:00,0,0,0.0,[]
2020-11-18 04:00:00+00:00,0,0,0.0,[]
2020-11-18 04:05:00+00:00,0,0,0.0,[]
2020-11-18 04:10:00+00:00,0,0,0.0,[]
2020-11-18 04:15:00+00:00,0,0,0.0,[]
2020-11-18 04:20:00+00:00,0,0,0.0,[]
2020-11-18 04:25:00+00:00,0,0,0.0,[]
2020-11-18 04:30:00+00:00,0,0,0.0,[]
2020-11-18 04:35:00+00:00,0,0,0.0,[]
2020-11-18 04:40:00+00:00,0,0,0.0,[]
2020-11-18 04:45:00+00:00,0,0,0.0,[]
2020-11-18 04:50:00+00:00,0,0,0.0,[]
2020-11-18 04:55:00+00:00,0,0,0.0,[]
2020-11-18 05:00:00+00:00,0,0,0.0,[]
2020-11-18 05:05:00+00:00,0,0,0.0,[]
2020-11-18 05:10:00+00:00,0,0,0.0,[]
2020-11-18 05:15:00+00:00,0,0,0.0,[]
2020-11-18 05:20:00+00:00,0,0,0.0,[]
2020-11-18 05:25:00+00:00,0,0,0.0,[]
2020-11-18 05:30:00+00:00,0,0,0.0,[]
2020-11-18 05:35:00+00:00,0,0,0.0,[]
2020-11-18 05:40:00+00:00,0,0,0.0,[]
2020-11-18 05:45:00+00:00,0,0,0.0,[]
2020-11-18 05:50:00+00:00,0,0,0.0,[]
2020-11-18 05:55:00+00:00,0,0,0.0,[]
2020-11-18 06:00:00+00:00,0,0,0.0,[]
2020-11-18 06:05:00+00:00,0,0,0.0,[]
2020-11-18 06:10:00+00:00,0,0,0.0,[]
2020-11-18 06:15:00+00:00,0,0,0.0,[]
2020-11-18 06:20:00+00:00,0,0,0.0,[]
2020-11-18 06:25:00+00:00,0,0,0.0,[]
2020-11-18 06:30:00+00:00,0,0,0.0,[]
2020-11-18 06:35:00+00:00,0,0,0.0,[]
2020-11-18 06:40:00+00:00,0,0,0.0,[]
2020-11-18 06:45:00+00:00,0,0,0.0,[]
2020-11-18 06:50:00+00:00,0,0,0.0,[]
2020-11-18 06:55:00+00:00,0,0,0.0,[]
2020-11-18 07:00:00+00:00,0,0,0.0,[]
2020-11-18 07:05:00+00:00,0,0,0.0,[]
2020-11-18 07:10:00+00:00,0,0,0.0,[]
2020-11-18 07:15:00+00:00,0,0,0.0,[]
2020-11-18 07:20:00+00:00,0,0,0.0,[]
2020-11-18 07:25:00+00:00,0,0,0.0,[]
2020-11-18 07:30:00+00:00,0,0,0.0,[]
2020-11-18 07:35:00+00:00,0,0,0.0,[]
2020-11-18 07:40:00+00:00,0,0,0.0,[]
2020-11-18 07:45:00+00:00,0,0,0.0,[]
2020-11-18 07:50:00+00:00,0,0,0.0,[]
2020-11-18 07:55:00+00:00,0,0,0.0,[]
2020-11-18 08:00:00+00:00,0,0,0.0,[]
2020-11-18 08:05:00+00:00,0,0,0.0,[]
2020-11-18 08:10:00+00:00,0,0,0.0,[]
2020-11-18 08:15:00+00:00,0,0,0.0,[]
2020-11-18 08:20:00+00:00,0,0,0.0,[]
2020-11-18 08:25:00+00:00,0,0,0.0,[]
2020-11-18 08:30:00+00:00,0,0,0.0,[]
2020-11-18 08:35:00+00:00,0,0,0.0,[]
2020-11-18 08:40:00+00:00,0,0,0.0,[]
2020-11-18 08:45:00+00:00,0,0,0.0,[]
2020-11-18 08:50:00+00:00,0,0,0.0,[]
2020-11-18 08:55:00+00:00,0,0,0.0,[]
2020-11-18 09:00:00+00:00,0,0,0.0,[]
2020-11-18 09:05:00+00:00,0,0,0.0,[]
2020-11-18 09:10:00+00:00,0,0,0.0,[]
2020-11-18 09:15:00+00:00,0,0,0.0,[]
2020-11-18 09:20:00+00:00,0,0,0.0,[]
2020-11-18 09:25:00+00:00,0,0,0.0,[]
2020-11-18 09:30:00+00:00,0,0,0.0,[]
2020-11-18 09:35:00+00:00,0,0,0.0,[]
2020-11-18 09:40:00+00:00,0,0,0.0,[]
2020-11-18 09:45:00+00:00,0,0,0.0,[]
2020-11-18 09:50:00+00:00,0,0,0.0,[]
2020-11-18 09:55:00+00:00,0,0,0.0,[]
2020-11-18 10:00:00+00:00,0,0,0.0,[]
2020-11-18 10:05:00+00:00,0,0,0.0,[]
2020-11-18 10:10:00+00:00,0,0,0.0,[]
2020-11-18 10:15:00+00:00,0,0,0.0,[]
2020-11-18 10:20:00+00:00,0,0,0.0,[]
2020-11-18 10:25:00+00:00,0,0,0.0,[]
2020-11-18 10:30:00+00:00,0,0,0.0,[]
2020-11-18 10:35:00+00:00,0,0,0.0,[]
2020-11-18 10:40:00+00:00,0,0,0.0,[]
2020-11-18 10:45:00+00:00,0,0,0.0,[]
2020-11-18 10:50:00+00:00,0,0,0.0,[]
2020-11-18 10:55:00+00:00,0,0,0.0,[]
2020-11-18 11:00:00+00:00,0,0,0.0,[]
2020-11-18 11:05:00+00:00,0,0,0.0,[]
2020-11-18 11:10:00+00:00,0,0,0.0,[]
2020-11-18 11:15:00+00:00,0,0,0.0,[]
2020-11-18 11:20:00+00:00,0,0,0.0,[]
2020-11-18 11:25:00+00:00,0,0,0.0,[]
2020-11-18 11:30:00+00:00,0,0,0.0,[]
2020-11-18 11:35:00+00:00,0,0,0.0,[]
2020-11-18 11:40:00+00:00,0,0,0.0,[]
2020-11-18 11:45:00+00:00,0,0,0.0,[]
2020-11-18 11:50:00+00:00,0,0,0.0,[]
2020-11-18 11:55:00+00:00,0,0,0.0,[]
2020-11-18 12:00:00+00:00,0,0,0.0,[]
2020-11-18 12:05:00+00:00,0,0,0.0,[]
2020-11-18 12:10:00+00:00,0,0,0.0,[]
2020-11-18 12:15:00+00:00,0,0,0.0,[]
2020-11-18 12:20:00+00:00,0,0,0.0,[]
2020-11-18 12:25:00+00:00,0,0,0.0,[]
2020-11-18 12:30:00+00:00,0,0,0.0,[]
2020-11-18 12:35:00+00:00,0,0,0.0,[]
2020-11-18 12:40:00+00:00,0,0,0.0,[]
2020-11-18 12:45:00+00:00,0,0,0.0,[]
2020-11-18 12:50:00+00:00,0,0,0.0,[]
2020-11-18 12:55:00+00:00,0,0,0.0,[]
2020-11-18 13:00:00+00:00,0,0,0.0,[]
2020-11-18 13:05:00+00:00,0,0,0.0,[]
2020-11-18 13:10:00+00:00,0,0,0.0,[]
2020-11-18 13:15:00+00:00,0,0,0.0,[]
2020-11-18 13:20:00+00:00,0,0,0.0,[]
2020-11-18 13:25:00+00:00,0,0,0.0,[]
2020-11-18 13:30:00+00:00,0,0,0.0,[]
2020-11-18 13:35:00+00:00,0,0,0.0,[]
2020-11-18 13:40:00+00:00,0,0,0.0,[]
2020-11-18 13:45:00+00:00,0,0,0.0,[]
2020-11-18 13:50:00+00:00,0,0,0.0,[]
2020-11-18 13:55:00+00:00,0,0,0.0,[]
2020-11-18 14:00:00+00:00,0,0,0.0,[]
2020-11-18 14:05:00+00:00,0,0,0.0,[]
2020-11-18 14:10:00+00:00,0,0,0.0,[]
2020-11-18 14:15:00+00:00,0,0,0.0,[]
2020-11-18 14:20:00+00:00,0,0,0.0,[]
2020-11-18 14:25:00+00:00,0,0,0.0,[]
2020-11-18 14:30:00+00:00,0,0,0.0,[]
2020-11-18 14:35:00+00:00,0,0,0.0,[]
2020-11-18 14:40:00+00:00,0,0,0.0,[]
2020-11-18 14:45:00+00:00,0,0,0.0,[]
2020-11-18 14:50:00+00:00,0,0,0.0,[]
2020-11-18 14:55:00+00:00,0,0,0.0,[]
2020-11-18 15:00:00+00:00,0,0,0.0,[]
2020-11-18 15:05:00+00:00,0,0,0.0,[]
2020-11-18 15:10:00+00:00,0,0,0.0,[]
2020-11-18 15:15:00+00:00,0,0,0.0,[]
2020-11-18 15:20:00+00:00,0,0,0.0,[]
2020-11-18 15:25:00+00:00,0,0,0.0,[]
2020-11-18 15:30:00+00:00,0,0,0.0,[]
2020-11-18 15:35:00+00:00,0,0,0.0,[]
2020-11-18 15:40:00+00:00,0,0,0.0,[]
2020-11-18 15:45:00+00:00,0,0,0.0,[]
2020-11-18 15:50:00+00:00,0,0,0.0,[]
2020-11-18 15:55:00+00:00,0,0,0.0,[]
2020-11-18 16:00:00+00:00,0,0,0.0,[]
2020-11-18 16:05:00+00:00,0,0,0.0,[]
2020-11-18 16:10:00+00:00,0,0,0.0,[]
2020-11-18 16:15:00+00:00,0,0,0.0,[]
2020-11-18 16:20:00+00:00,0,0,0.0,[]
2020-11-18 16:25:00+00:00,0,0,0.0,[]
2020-11-18 16:30:00+00:00,0,0,0.0,[]
2020-11-18 16:35:00+00:00,0,0,0.0,[]
2020-11-18 16:40:00+00:00,0,0,0.0,[]
2020-11-18 16:45:00+00:00,0,0,0.0,[]
2020-11-18 16:50:00+00:00,0,0,0.0,[]
2020-11-18 16:55:00+00:00,0,0,0.0,[]
2020-11-18 17:00:00+00:00,0,0,0.0,[]
2020-11-18 17:05:00+00:00,0,0,0.0,[]
2020-11-18 17:10:00+00:00,0,0,0.0,[]
2020-11-18 17:15:00+00:00,0,0,0.0,[]
2020-11-18 17:20:00+00:00,0,0,0.0,[]
2020-11-18 17:25:00+00:00,0,0,0.0,[]
2020-11-18 17:30:00+00:00,0,0,0.0,[]
2020-11-18 17:35:00+00:00,0,0,0.0,[]
2020-11-18 17:40:00+00:00,0,0,0.0,[]
2020-11-18 17:45:00+00:00,0,0,0.0,[]
2020-11-18 17:50:00+00:00,0,0,0.0,[]
2020-11-18 17:55:00+00:00,0,0,0.0,[]
2020-11-18 18:00:00+00:00,0,0,0.0,[]
2020-11-18 18:05:00+00:00,0,0,0.0,[]
2020-11-18 18:10:00+00:00,0,0,0.0,[]
2020-11-18 18:15:00+00:00,0,0,0.0,[]
2020-11-18 18:20:00+00:00,0,0,0.0,[]
2020-11-18 18:25:00+00:00,0,0,0.0,[]
2020-11-18 18:30:00+00:00,0,0,0.0,[]
2020-11-18 18:35:00+00:00,0,0,0.0,[]
2020-11-18 18:40:00+00:00,0,0,0.0,[]
2020-11-18 18:45:00+00:00,0,0,0.0,[]
2020-11-18 18:50:00+00:00,0,0,0.0,[]
2020-11-18 18:55:00+00:00,0,0,0.0,[]
2020-11-18 19:00:00+00:00,0,0,0.0,[]
2020-11-18 19:05:00+00:00,0,0,0.0,[]
2020-11-18 19:10:00+00:00,0,0,0.0,[]
2020-11-18 19:15:00+00:00,0,0,0.0,[]
2020-11-18 19:20:00+00:00,0,0,0.0,[]
2020-11-18 19:25:00+00:00,0,0,0.0,[]
2020-11-18 19:30:00+00:00,0,0,0.0,[]
2020-11-18 19:35:00+00:00,0,0,0.0,[]
2020-11-18 19:40:00+00:00,0,0,0.0,[]
2020-11-18 19:45:00+00:00,0,0,0.0,[]
2020-11-18 19:50:00+00:00,0,0,0.0,[]
2020-11-18 19:55:00+00:00,0,0,0.0,[]
2020-11-18 20:00:00+00:00,0,0,0.0,[]
2020-11-18 20:05:00+00:00,0,0,0.0,[]
2020-11-18 20:10:00+00:00,0,0,0.0,[]
2020-11-18 20:15:00+00:00,0,0,0.0,[]
2020-11-18 20:20:00+00:00,0,0,0.0,[]
2020-11-18 20:25:00+00:00,0,0,0.0,[]
2020-11-18 20:30:00+00:00,0,0,0.0,[]
2020-11-18 20:35:00+00:00,0,0,0.0,[]
2020-11-18 20:40:00+00:00,0,0,0.0,[]
2020-11-18 20:45:00+00:00,0,0,0.0,[]
2020-11-18 20:50:00+00:00,0,0,0.0,[]
2020-11-18 20:55:00+00:00,0,0,0.0,[]
2020-11-18 21:00:00+00:00,0,0,0.0,[]
2020-11-18 21:05:00+00:00,0,0,0.0,[]
2020-11-18 21:10:00+00:00,0,0,0.0,[]
2020-11-18 21:15:00+00:00,0,0,0.0,[]
2020-11-18 21:20:00+00:00,0,0,0.0,[]
2020-11-18 21:25:00+00:00,40,0,1.0,[40]
2020-11-18 21:30:00+00:00,0,0,0.0,[]
2020-11-18 21:35:00+00:00,0,0,0.0,[]
2020-11-18 21:40:00+00:00,0,0,0.0,[]
2020-11-18 21:45:00+00:00,0,0,0.0,[]
2020-11-18 21:50:00+00:00,0,0,0.0,[]
2020-11-18 21:55:00+00:00,0,0,0.0,[]
2020-11-18 22:00:00+00:00,0,0,0.0,[]
2020-11-18 22:05:00+00:00,0,0,0.0,[]
2020-11-18 22:10:00+00:00,0,0,0.0,[]
2020-11-18 22:15:00+00:00,0,0,0.0,[]
2020-11-18 22:20:00+00:00,0,0,0.0,[]
2020-11-18 22:25:00+00:00,0,0,0.0,[]
2020-11-18 22:30:00+00:00,0,0,0.0,[]
2020-11-18 22:35:00+00:00,0,0,0.0,[]
2020-11-18 22:40:00+00:00,0,0,0.0,[]
2020-11-18 22:45:00+00:00,0,0,0.0,[]
2020-11-18 22:50:00+00:00,0,0,0.0,[]
2020-11-18 22:55:00+00:00,0,0,0.0,[]
2020-11-18 23:00:00+00:00,0,0,0.0,[]
2020-11-18 23:05:00+00:00,0,0,0.0,[]
2020-11-18 23:10:00+00:00,0,0,0.0,[]
2020-11-18 23:15:00+00:00,0,0,0.0,[]
2020-11-18 23:20:00+00:00,0,0,0.0,[]
2020-11-18 23:25:00+00:00,0,0,0.0,[]
2020-11-18 23:30:00+00:00,0,0,0.0,[]
2020-11-18 23:35:00+00:00,0,0,0.0,[]
2020-11-18 23:40:00+00:00,0,0,0.0,[]
2020-11-18 23:45:00+00:00,0,0,0.0,[]
2020-11-18 23:50:00+00:00,0,0,0.0,[]
2020-11-18 23:55:00+00:00,0,0,0.0,[]
2020-11-19 00:00:00+00:00,0,0,0.0,[]
2020-11-19 00:05:00+00:00,0,0,0.0,[]
2020-11-19 00:10:00+00:00,0,0,0.0,[]
2020-11-19 00:15:00+00:00,0,0,0.0,[]
2020-11-19 00:20:00+00:00,0,0,0.0,[]
2020-11-19 00:25:00+00:00,0,0,0.0,[]
2020-11-19 00:30:00+00:00,0,0,0.0,[]
2020-11-19 00:35:00+00:00,0,0,0.0,[]
2020-11-19 00:40:00+00:00,0,0,0.0,[]
2020-11-19 00:45:00+00:00,0,0,0.0,[]
2020-11-19 00:50:00+00:00,0,0,0.0,[]
2020-11-19 00:55:00+00:00,0,0,0.0,[]
2020-11-19 01:00:00+00:00,0,0,0.0,[]
2020-11-19 01:05:00+00:00,0,0,0.0,[]
2020-11-19 01:10:00+00:00,0,0,0.0,[]
2020-11-19 01:15:00+00:00,0,0,0.0,[]
2020-11-19 01:20:00+00:00,0,0,0.0,[]
2020-11-19 01:25:00+00:00,0,0,0.0,[]
2020-11-19 01:30:00+00:00,0,0,0.0,[]
2020-11-19 01:35:00+00:00,0,0,0.0,[]
2020-11-19 01:40:00+00:00,0,0,0.0,[]
2020-11-19 01:45:00+00:00,0,0,0.0,[]
2020-11-19 01:50:00+00:00,0,0,0.0,[]
2020-11-19 01:55:00+00:00,0,0,0.0,[]
2020-11-19 02:00:00+00:00,0,0,0.0,[]
2020-11-19 02:05:00+00:00,0,0,0.0,[]
2020-11-19 02:10:00+00:00,0,0,0.0,[]
2020-11-19 02:15:00+00:00,0,0,0.0,[]
2020-11-19 02:20:00+00:00,0,0,0.0,[]
2020-11-19 02:25:00+00:00,0,0,0.0,[]
2020-11-19 02:30:00+00:00,0,0,0.0,[]
2020-11-19 02:35:00+00:00,0,0,0.0,[]
2020-11-19 02:40:00+00:00,0,0,0.0,[]
2020-11-19 02:45:00+00:00,0,0,0.0,[]
2020-11-19 02:50:00+00:00,0,0,0.0,[]
2020-11-19 02:55:00+00:00,0,0,0.0,[]
2020-11-19 03:00:00+00:00,0,0,0.0,[]
2020-11-19 03:05:00+00:00,0,0,0.0,[]
2020-11-19 03:10:00+00:00,0,0,0.0,[]
2020-11-19 03:15:00+00:00,0,0,0.0,[]
2020-11-19 03:20:00+00:00,0,0,0.0,[]
2020-11-19 03:25:00+00:00,0,0,0.0,[]
2020-11-19 03:30:00+00:00,0,0,0.0,[]
2020-11-19 03:35:00+00:00,0,0,0.0,[]
2020-11-19 03:40:00+00:00,0,0,0.0,[]
2020-11-19 03:45:00+00:00,0,0,0.0,[]
2020-11-19 03:50:00+00:00,0,0,0.0,[]
2020-11-19 03:55:00+00:00,0,0,0.0,[]
2020-11-19 04:00:00+00:00,0,0,0.0,[]
2020-11-19 04:05:00+00:00,0,0,0.0,[]
2020-11-19 04:10:00+00:00,0,0,0.0,[]
2020-11-19 04:15:00+00:00,0,0,0.0,[]
2020-11-19 04:20:00+00:00,0,0,0.0,[]
2020-11-19 04:25:00+00:00,0,0,0.0,[]
2020-11-19 04:30:00+00:00,0,0,0.0,[]
2020-11-19 04:35:00+00:00,0,0,0.0,[]
2020-11-19 04:40:00+00:00,0,0,0.0,[]
2020-11-19 04:45:00+00:00,0,0,0.0,[]
2020-11-19 04:50:00+00:00,0,0,0.0,[]
2020-11-19 04:55:00+00:00,0,0,0.0,[]
2020-11-19 05:00:00+00:00,0,0,0.0,[]
2020-11-19 05:05:00+00:00,0,0,0.0,[]
2020-11-19 05:10:00+00:00,0,0,0.0,[]
2020-11-19 05:15:00+00:00,0,0,0.0,[]
2020-11-19 05:20:00+00:00,0,0,0.0,[]
2020-11-19 05:25:00+00:00,0,0,0.0,[]
2020-11-19 05:30:00+00:00,0,0,0.0,[]
2020-11-19 05:35:00+00:00,0,0,0.0,[]
2020-11-19 05:40:00+00:00,0,0,0.0,[]
2020-11-19 05:45:00+00:00,0,0,0.0,[]
2020-11-19 05:50:00+00:00,0,0,0.0,[]
2020-11-19 05:55:00+00:00,0,0,0.0,[]
2020-11-19 06:00:00+00:00,0,0,0.0,[]
2020-11-19 06:05:00+00:00,0,0,0.0,[]
2020-11-19 06:10:00+00:00,0,0,0.0,[]
2020-11-19 06:15:00+00:00,0,0,0.0,[]
2020-11-19 06:20:00+00:00,0,0,0.0,[]
2020-11-19 06:25:00+00:00,0,0,0.0,[]
2020-11-19 06:30:00+00:00,0,0,0.0,[]
2020-11-19 06:35:00+00:00,0,0,0.0,[]
2020-11-19 06:40:00+00:00,0,0,0.0,[]
2020-11-19 06:45:00+00:00,0,0,0.0,[]
2020-11-19 06:50:00+00:00,0,0,0.0,[]
2020-11-19 06:55:00+00:00,0,0,0.0,[]
2020-11-19 07:00:00+00:00,0,0,0.0,[]
2020-11-19 07:05:00+00:00,0,0,0.0,[]
2020-11-19 07:10:00+00:00,0,0,0.0,[]
2020-11-19 07:15:00+00:00,0,0,0.0,[]
2020-11-19 07:20:00+00:00,0,0,0.0,[]
2020-11-19 07:25:00+00:00,0,0,0.0,[]
2020-11-19 07:30:00+00:00,0,0,0.0,[]
2020-11-19 07:35:00+00:00,0,0,0.0,[]
2020-11-19 07:40:00+00:00,0,0,0.0,[]
2020-11-19 07:45:00+00:00,0,0,0.0,[]
2020-11-19 07:50:00+00:00,0,0,0.0,[]
2020-11-19 07:55:00+00:00,0,0,0.0,[]
2020-11-19 08:00:00+00:00,0,0,0.0,[]
2020-11-19 08:05:00+00:00,0,0,0.0,[]
2020-11-19 08:10:00+00:00,0,0,0.0,[]
2020-11-19 08:15:00+00:00,0,0,0.0,[]
2020-11-19 08:20:00+00:00,0,0,0.0,[]
2020-11-19 08:25:00+00:00,0,0,0.0,[]
2020-11-19 08:30:00+00:00,0,0,0.0,[]
2020-11-19 08:35:00+00:00,0,0,0.0,[]
2020-11-19 08:40:00+00:00,0,0,0.0,[]
2020-11-19 08:45:00+00:00,0,0,0.0,[]
2020-11-19 08:50:00+00:00,0,0,0.0,[]
2020-11-19 08:55:00+00:00,0,0,0.0,[]
2020-11-19 09:00:00+00:00,0,0,0.0,[]
2020-11-19 09:05:00+00:00,0,0,0.0,[]
2020-11-19 09:10:00+00:00,0,0,0.0,[]
2020-11-19 09:15:00+00:00,0,0,0.0,[]
2020-11-19 09:20:00+00:00,0,0,0.0,[]
2020-11-19 09:25:00+00:00,0,0,0.0,[]
2020-11-19 09:30:00+00:00,0,0,0.0,[]
2020-11-19 09:35:00+00:00,0,0,0.0,[]
2020-11-19 09:40:00+00:00,0,0,0.0,[]
2020-11-19 09:45:00+00:00,0,0,0.0,[]
2020-11-19 09:50:00+00:00,0,0,0.0,[]
2020-11-19 09:55:00+00:00,0,0,0.0,[]
2020-11-19 10:00:00+00:00,0,0,0.0,[]
2020-11-19 10:05:00+00:00,0,0,0.0,[]
2020-11-19 10:10:00+00:00,0,0,0.0,[]
2020-11-19 10:15:00+00:00,0,0,0.0,[]
2020-11-19 10:20:00+00:00,0,0,0.0,[]
2020-11-19 10:25:00+00:00,0,0,0.0,[]
2020-11-19 10:30:00+00:00,0,0,0.0,[]
2020-11-19 10:35:00+00:00,0,0,0.0,[]
2020-11-19 10:40:00+00:00,0,0,0.0,[]
2020-11-19 10:45:00+00:00,0,0,0.0,[]
2020-11-19 10:50:00+00:00,0,0,0.0,[]
2020-11-19 10:55:00+00:00,0,0,0.0,[]
2020-11-19 11:00:00+00:00,0,0,0.0,[]
2020-11-19 11:05:00+00:00,0,0,0.0,[]
2020-11-19 11:10:00+00:00,0,0,0.0,[]
2020-11-19 11:15:00+00:00,0,0,0.0,[]
2020-11-19 11:20:00+00:00,0,0,0.0,[]
2020-11-19 11:25:00+00:00,0,0,0.0,[]
2020-11-19 11:30:00+00:00,0,0,0.0,[]
2020-11-19 11:35:00+00:00,0,0,0.0,[]
2020-11-19 11:40:00+00:00,0,0,0.0,[]
2020-11-19 11:45:00+00:00,0,0,0.0,[]
2020-11-19 11:50:00+00:00,0,0,0.0,[]
2020-11-19 11:55:00+00:00,0,0,0.0,[]
2020-11-19 12:00:00+00:00,0,0,0.0,[]
2020-11-19 12:05:00+00:00,0,0,0.0,[]
2020-11-19 12:10:00+00:00,0,0,0.0,[]
2020-11-19 12:15:00+00:00,0,0,0.0,[]
2020-11-19 12:20:00+00:00,0,0,0.0,[]
2020-11-19 12:25:00+00:00,0,0,0.0,[]
2020-11-19 12:30:00+00:00,0,0,0.0,[]
2020-11-19 12:35:00+00:00,0,0,0.0,[]
2020-11-19 12:40:00+00:00,0,0,0.0,[]
2020-11-19 12:45:00+00:00,0,0,0.0,[]
2020-11-19 12:50:00+00:00,0,0,0.0,[]
2020-11-19 12:55:00+00:00,0,0,0.0,[]
2020-11-19 13:00:00+00:00,0,0,0.0,[]
2020-11-19 13:05:00+00:00,0,0,0.0,[]
2020-11-19 13:10:00+00:00,0,0,0.0,[]
2020-11-19 13:15:00+00:00,0,0,0.0,[]
2020-11-19 13:20:00+00:00,0,0,0.0,[]
2020-11-19 13:25:00+00:00,0,0,0.0,[]
2020-11-19 13:30:00+00:00,0,0,0.0,[]
2020-11-19 13:35:00+00:00,0,0,0.0,[]
2020-11-19 13:40:00+00:00,0,0,0.0,[]
2020-11-19 13:45:00+00:00,0,0,0.0,[]
2020-11-19 13:50:00+00:00,0,0,0.0,[]
2020-11-19 13:55:00+00:00,0,0,0.0,[]
2020-11-19 14:00:00+00:00,0,0,0.0,[]
2020-11-19 14:05:00+00:00,0,0,0.0,[]
2020-11-19 14:10:00+00:00,0,0,0.0,[]
2020-11-19 14:15:00+00:00,0,0,0.0,[]
2020-11-19 14:20:00+00:00,0,0,0.0,[]
2020-11-19 14:25:00+00:00,0,0,0.0,[]
2020-11-19 14:30:00+00:00,0,0,0.0,[]
2020-11-19 14:35:00+00:00,0,0,0.0,[]
2020-11-19 14:40:00+00:00,0,0,0.0,[]
2020-11-19 14:45:00+00:00,0,0,0.0,[]
2020-11-19 14:50:00+00:00,0,0,0.0,[]
2020-11-19 14:55:00+00:00,0,0,0.0,[]
2020-11-19 15:00:00+00:00,0,0,0.0,[]
2020-11-19 15:05:00+00:00,0,0,0.0,[]
2020-11-19 15:10:00+00:00,0,0,0.0,[]
2020-11-19 15:15:00+00:00,0,0,0.0,[]
2020-11-19 15:20:00+00:00,0,0,0.0,[]
2020-11-19 15:25:00+00:00,0,0,0.0,[]
2020-11-19 15:30:00+00:00,0,0,0.0,[]
2020-11-19 15:35:00+00:00,0,0,0.0,[]
2020-11-19 15:40:00+00:00,0,0,0.0,[]
2020-11-19 15:45:00+00:00,0,0,0.0,[]
2020-11-19 15:50:00+00:00,0,0,0.0,[]
2020-11-19 15:55:00+00:00,0,0,0.0,[]
2020-11-19 16:00:00+00:00,0,0,0.0,[]
2020-11-19 16:05:00+00:00,0,0,0.0,[]
2020-11-19 16:10:00+00:00,0,0,0.0,[]
2020-11-19 16:15:00+00:00,0,0,0.0,[]
2020-11-19 16:20:00+00:00,0,0,0.0,[]
2020-11-19 16:25:00+00:00,0,0,0.0,[]
2020-11-19 16:30:00+00:00,0,0,0.0,[]
2020-11-19 16:35:00+00:00,0,0,0.0,[]
2020-11-19 16:40:00+00:00,0,0,0.0,[]
2020-11-19 16:45:00+00:00,0,0,0.0,[]
2020-11-19 16:50:00+00:00,0,0,0.0,[]
2020-11-19 16:55:00+00:00,0,0,0.0,[]
2020-11-19 17:00:00+00:00,0,0,0.0,[]
2020-11-19 17:05:00+00:00,0,0,0.0,[]
2020-11-19 17:10:00+00:00,0,0,0.0,[]
2020-11-19 17:15:00+00:00,0,0,0.0,[]
2020-11-19 17:20:00+00:00,0,0,0.0,[]
2020-11-19 17:25:00+00:00,0,0,0.0,[]
2020-11-19 17:30:00+00:00,0,0,0.0,[]
2020-11-19 17:35:00+00:00,0,0,0.0,[]
2020-11-19 17:40:00+00:00,0,0,0.0,[]
2020-11-19 17:45:00+00:00,0,0,0.0,[]
2020-11-19 17:50:00+00:00,0,0,0.0,[]
2020-11-19 17:55:00+00:00,0,0,0.0,[]
2020-11-19 18:00:00+00:00,0,0,0.0,[]
2020-11-19 18:05:00+00:00,0,0,0.0,[]
2020-11-19 18:10:00+00:00,0,0,0.0,[]
2020-11-19 18:15:00+00:00,0,0,0.0,[]
2020-11-19 18:20:00+00:00,0,0,0.0,[]
2020-11-19 18:25:00+00:00,0,0,0.0,[]
2020-11-19 18:30:00+00:00,0,0,0.0,[]
2020-11-19 18:35:00+00:00,0,0,0.0,[]
2020-11-19 18:40:00+00:00,0,0,0.0,[]
2020-11-19 18:45:00+00:00,0,0,0.0,[]
2020-11-19 18:50:00+00:00,0,0,0.0,[]
2020-11-19 18:55:00+00:00,0,0,0.0,[]
2020-11-19 19:00:00+00:00,0,0,0.0,[]
2020-11-19 19:05:00+00:00,0,0,0.0,[]
2020-11-19 19:10:00+00:00,0,0,0.0,[]
2020-11-19 19:15:00+00:00,0,0,0.0,[]
2020-11-19 19:20:00+00:00,0,0,0.0,[]
2020-11-19 19:25:00+00:00,0,0,0.0,[]
2020-11-19 19:30:00+00:00,0,0,0.0,[]
2020-11-19 19:35:00+00:00,0,0,0.0,[]
2020-11-19 19:40:00+00:00,0,0,0.0,[]
2020-11-19 19:45:00+00:00,0,0,0.0,[]
2020-11-19 19:50:00+00:00,0,0,0.0,[]
2020-11-19 19:55:00+00:00,0,0,0.0,[]
2020-11-19 20:00:00+00:00,0,0,0.0,[]
2020-11-19 20:05:00+00:00,0,0,0.0,[]
2020-11-19 20:10:00+00:00,0,0,0.0,[]
2020-11-19 20:15:00+00:00,0,0,0.0,[]
2020-11-19 20:20:00+00:00,0,0,0.0,[]
2020-11-19 20:25:00+00:00,0,0,0.0,[]
2020-11-19 20:30:00+00:00,0,0,0.0,[]
2020-11-19 20:35:00+00:00,0,0,0.0,[]
2020-11-19 20:40:00+00:00,0,0,0.0,[]
2020-11-19 20:45:00+00:00,0,0,0.0,[]
2020-11-19 20:50:00+00:00,0,0,0.0,[]
2020-11-19 20:55:00+00:00,0,0,0.0,[]
2020-11-19 21:00:00+00:00,0,0,0.0,[]
2020-11-19 21:05:00+00:00,0,0,0.0,[]
2020-11-19 21:10:00+00:00,0,0,0.0,[]
2020-11-19 21:15:00+00:00,0,0,0.0,[]
2020-11-19 21:20:00+00:00,0,0,0.0,[]
2020-11-19 21:25:00+00:00,0,0,0.0,[]
2020-11-19 21:30:00+00:00,0,0,0.0,[]
2020-11-19 21:35:00+00:00,0,0,0.0,[]
2020-11-19 21:40:00+00:00,0,0,0.0,[]
2020-11-19 21:45:00+00:00,0,0,0.0,[]
2020-11-19 21:50:00+00:00,0,0,0.0,[]
2020-11-19 21:55:00+00:00,0,0,0.0,[]
2020-11-19 22:00:00+00:00,0,0,0.0,[]
2020-11-19 22:05:00+00:00,0,0,0.0,[]
2020-11-19 22:10:00+00:00,0,0,0.0,[]
2020-11-19 22:15:00+00:00,0,0,0.0,[]
2020-11-19 22:20:00+00:00,0,0,0.0,[]
2020-11-19 22:25:00+00:00,0,0,0.0,[]
2020-11-19 22:30:00+00:00,0,0,0.0,[]
2020-11-19 22:35:00+00:00,0,0,0.0,[]
2020-11-19 22:40:00+00:00,0,0,0.0,[]
2020-11-19 22:45:00+00:00,0,0,0.0,[]
2020-11-19 22:50:00+00:00,0,0,0.0,[]
2020-11-19 22:55:00+00:00,0,0,0.0,[]
2020-11-19 23:00:00+00:00,0,0,0.0,[]
2020-11-19 23:05:00+00:00,0,0,0.0,[]
2020-11-19 23:10:00+00:00,0,0,0.0,[]
2020-11-19 23:15:00+00:00,0,0,0.0,[]
2020-11-19 23:20:00+00:00,0,0,0.0,[]
2020-11-19 23:25:00+00:00,0,0,0.0,[]
2020-11-19 23:30:00+00:00,0,0,0.0,[]
2020-11-19 23:35:00+00:00,0,0,0.0,[]
2020-11-19 23:40:00+00:00,0,0,0.0,[]
2020-11-19 23:45:00+00:00,0,0,0.0,[]
2020-11-19 23:50:00+00:00,0,0,0.0,[]
2020-11-19 23:55:00+00:00,0,0,0.0,[]
2020-11-20 00:00:00+00:00,0,0,0.0,[]
2020-11-20 00:05:00+00:00,0,0,0.0,[]
2020-11-20 00:10:00+00:00,0,0,0.0,[]
2020-11-20 00:15:00+00:00,0,0,0.0,[]
2020-11-20 00:20:00+00:00,0,0,0.0,[]
2020-11-20 00:25:00+00:00,0,0,0.0,[]
2020-11-20 00:30:00+00:00,0,0,0.0,[]
2020-11-20 00:35:00+00:00,0,0,0.0,[]
2020-11-20 00:40:00+00:00,0,0,0.0,[]
2020-11-20 00:45:00+00:00,0,0,0.0,[]
2020-11-20 00:50:00+00:00,0,0,0.0,[]
2020-11-20 00:55:00+00:00,0,0,0.0,[]
2020-11-20 01:00:00+00:00,0,0,0.0,[]
2020-11-20 01:05:00+00:00,0,0,0.0,[]
2020-11-20 01:10:00+00:00,0,0,0.0,[]
2020-11-20 01:15:00+00:00,0,0,0.0,[]
2020-11-20 01:20:00+00:00,0,0,0.0,[]
2020-11-20 01:25:00+00:00,0,0,0.0,[]
2020-11-20 01:30:00+00:00,0,0,0.0,[]
2020-11-20 01:35:00+00:00,0,0,0.0,[]
2020-11-20 01:40:00+00:00,0,0,0.0,[]
2020-11-20 01:45:00+00:00,0,0,0.0,[]
2020-11-20 01:50:00+00:00,0,0,0.0,[]
2020-11-20 01:55:00+00:00,0,0,0.0,[]
2020-11-20 02:00:00+00:00,0,0,0.0,[]
2020-11-20 02:05:00+00:00,0,0,0.0,[]
2020-11-20 02:10:00+00:00,0,0,0.0,[]
2020-11-20 02:15:00+00:00,0,0,0.0,[]
2020-11-20 02:20:00+00:00,0,0,0.0,[]
2020-11-20 02:25:00+00:00,0,0,0.0,[]
2020-11-20 02:30:00+00:00,0,0,0.0,[]
2020-11-20 02:35:00+00:00,0,0,0.0,[]
2020-11-20 02:40:00+00:00,0,0,0.0,[]
2020-11-20 02:45:00+00:00,0,0,0.0,[]
2020-11-20 02:50:00+00:00,0,0,0.0,[]
2020-11-20 02:55:00+00:00,0,0,0.0,[]
2020-11-20 03:00:00+00:00,0,0,0.0,[]
2020-11-20 03:05:00+00:00,0,0,0.0,[]
2020-11-20 03:10:00+00:00,0,0,0.0,[]
2020-11-20 03:15:00+00:00,0,0,0.0,[]
2020-11-20 03:20:00+00:00,0,0,0.0,[]
2020-11-20 03:25:00+00:00,0,0,0.0,[]
2020-11-20 03:30:00+00:00,0,0,0.0,[]
2020-11-20 03:35:00+00:00,0,0,0.0,[]
2020-11-20 03:40:00+00:00,0,0,0.0,[]
2020-11-20 03:45:00+00:00,0,0,0.0,[]
2020-11-20 03:50:00+00:00,0,0,0.0,[]
2020-11-20 03:55:00+00:00,0,0,0.0,[]
2020-11-20 04:00:00+00:00,0,0,0.0,[]
2020-11-20 04:05:00+00:00,0,0,0.0,[]
2020-11-20 04:10:00+00:00,0,0,0.0,[]
2020-11-20 04:15:00+00:00,0,0,0.0,[]
2020-11-20 04:20:00+00:00,0,0,0.0,[]
2020-11-20 04:25:00+00:00,0,0,0.0,[]
2020-11-20 04:30:00+00:00,0,0,0.0,[]
2020-11-20 04:35:00+00:00,0,0,0.0,[]
2020-11-20 04:40:00+00:00,0,0,0.0,[]
2020-11-20 04:45:00+00:00,0,0,0.0,[]
2020-11-20 04:50:00+00:00,0,0,0.0,[]
2020-11-20 04:55:00+00:00,0,0,0.0,[]
2020-11-20 05:00:00+00:00,0,0,0.0,[]
2020-11-20 05:05:00+00:00,0,0,0.0,[]
2020-11-20 05:10:00+00:00,0,0,0.0,[]
2020-11-20 05:15:00+00:00,0,0,0.0,[]
2020-11-20 05:20:00+00:00,0,0,0.0,[]
2020-11-20 05:25:00+00:00,0,0,0.0,[]
2020-11-20 05:30:00+00:00,0,0,0.0,[]
2020-11-20 05:35:00+00:00,0,0,0.0,[]
2020-11-20 05:40:00+00:00,0,0,0.0,[]
2020-11-20 05:45:00+00:00,0,0,0.0,[]
2020-11-20 05:50:00+00:00,0,0,0.0,[]
2020-11-20 05:55:00+00:00,0,0,0.0,[]
2020-11-20 06:00:00+00:00,0,0,0.0,[]
2020-11-20 06:05:00+00:00,0,0,0.0,[]
2020-11-20 06:10:00+00:00,0,0,0.0,[]
2020-11-20 06:15:00+00:00,0,0,0.0,[]
2020-11-20 06:20:00+00:00,0,0,0.0,[]
2020-11-20 06:25:00+00:00,0,0,0.0,[]
2020-11-20 06:30:00+00:00,0,0,0.0,[]
2020-11-20 06:35:00+00:00,0,0,0.0,[]
2020-11-20 06:40:00+00:00,0,0,0.0,[]
2020-11-20 06:45:00+00:00,0,0,0.0,[]
2020-11-20 06:50:00+00:00,0,0,0.0,[]
2020-11-20 06:55:00+00:00,0,0,0.0,[]
2020-11-20 07:00:00+00:00,0,0,0.0,[]
2020-11-20 07:05:00+00:00,0,0,0.0,[]
2020-11-20 07:10:00+00:00,0,0,0.0,[]
2020-11-20 07:15:00+00:00,0,0,0.0,[]
2020-11-20 07:20:00+00:00,210,0,1.0,[210]
