created_at,user_followers_count,user_verified,total_tweets,follower_distribution
2020-10-24 01:55:00+00:00,260,0,1.0,[260]
2020-10-24 02:00:00+00:00,0,0,0.0,[]
2020-10-24 02:05:00+00:00,2280,0,1.0,[2280]
2020-10-24 02:10:00+00:00,0,0,0.0,[]
2020-10-24 02:15:00+00:00,0,0,0.0,[]
2020-10-24 02:20:00+00:00,0,0,0.0,[]
2020-10-24 02:25:00+00:00,0,0,0.0,[]
2020-10-24 02:30:00+00:00,0,0,0.0,[]
2020-10-24 02:35:00+00:00,0,0,0.0,[]
2020-10-24 02:40:00+00:00,0,0,0.0,[]
2020-10-24 02:45:00+00:00,0,0,0.0,[]
2020-10-24 02:50:00+00:00,0,0,0.0,[]
2020-10-24 02:55:00+00:00,0,0,0.0,[]
2020-10-24 03:00:00+00:00,0,0,0.0,[]
2020-10-24 03:05:00+00:00,0,0,0.0,[]
2020-10-24 03:10:00+00:00,0,0,0.0,[]
2020-10-24 03:15:00+00:00,0,0,0.0,[]
2020-10-24 03:20:00+00:00,0,0,0.0,[]
2020-10-24 03:25:00+00:00,0,0,0.0,[]
2020-10-24 03:30:00+00:00,0,0,0.0,[]
2020-10-24 03:35:00+00:00,0,0,0.0,[]
2020-10-24 03:40:00+00:00,0,0,0.0,[]
2020-10-24 03:45:00+00:00,0,0,0.0,[]
2020-10-24 03:50:00+00:00,0,0,0.0,[]
2020-10-24 03:55:00+00:00,0,0,0.0,[]
2020-10-24 04:00:00+00:00,0,0,0.0,[]
2020-10-24 04:05:00+00:00,0,0,0.0,[]
2020-10-24 04:10:00+00:00,0,0,0.0,[]
2020-10-24 04:15:00+00:00,0,0,0.0,[]
2020-10-24 04:20:00+00:00,0,0,0.0,[]
2020-10-24 04:25:00+00:00,0,0,0.0,[]
2020-10-24 04:30:00+00:00,0,0,0.0,[]
2020-10-24 04:35:00+00:00,0,0,0.0,[]
2020-10-24 04:40:00+00:00,0,0,0.0,[]
2020-10-24 04:45:00+00:00,0,0,0.0,[]
2020-10-24 04:50:00+00:00,0,0,0.0,[]
2020-10-24 04:55:00+00:00,0,0,0.0,[]
2020-10-24 05:00:00+00:00,0,0,0.0,[]
2020-10-24 05:05:00+00:00,0,0,0.0,[]
2020-10-24 05:10:00+00:00,0,0,0.0,[]
2020-10-24 05:15:00+00:00,0,0,0.0,[]
2020-10-24 05:20:00+00:00,0,0,0.0,[]
2020-10-24 05:25:00+00:00,0,0,0.0,[]
2020-10-24 05:30:00+00:00,0,0,0.0,[]
2020-10-24 05:35:00+00:00,0,0,0.0,[]
2020-10-24 05:40:00+00:00,0,0,0.0,[]
2020-10-24 05:45:00+00:00,0,0,0.0,[]
2020-10-24 05:50:00+00:00,0,0,0.0,[]
2020-10-24 05:55:00+00:00,0,0,0.0,[]
2020-10-24 06:00:00+00:00,0,0,0.0,[]
2020-10-24 06:05:00+00:00,0,0,0.0,[]
2020-10-24 06:10:00+00:00,0,0,0.0,[]
2020-10-24 06:15:00+00:00,0,0,0.0,[]
2020-10-24 06:20:00+00:00,0,0,0.0,[]
2020-10-24 06:25:00+00:00,0,0,0.0,[]
2020-10-24 06:30:00+00:00,0,0,0.0,[]
2020-10-24 06:35:00+00:00,0,0,0.0,[]
2020-10-24 06:40:00+00:00,0,0,0.0,[]
2020-10-24 06:45:00+00:00,0,0,0.0,[]
2020-10-24 06:50:00+00:00,0,0,0.0,[]
2020-10-24 06:55:00+00:00,0,0,0.0,[]
2020-10-24 07:00:00+00:00,0,0,0.0,[]
2020-10-24 07:05:00+00:00,0,0,0.0,[]
2020-10-24 07:10:00+00:00,0,0,0.0,[]
2020-10-24 07:15:00+00:00,0,0,0.0,[]
2020-10-24 07:20:00+00:00,0,0,0.0,[]
2020-10-24 07:25:00+00:00,0,0,0.0,[]
2020-10-24 07:30:00+00:00,0,0,0.0,[]
2020-10-24 07:35:00+00:00,0,0,0.0,[]
2020-10-24 07:40:00+00:00,680,0,1.0,[680]
2020-10-24 07:45:00+00:00,0,0,0.0,[]
2020-10-24 07:50:00+00:00,0,0,0.0,[]
2020-10-24 07:55:00+00:00,0,0,0.0,[]
2020-10-24 08:00:00+00:00,0,0,0.0,[]
2020-10-24 08:05:00+00:00,0,0,0.0,[]
2020-10-24 08:10:00+00:00,0,0,0.0,[]
2020-10-24 08:15:00+00:00,0,0,0.0,[]
2020-10-24 08:20:00+00:00,0,0,0.0,[]
2020-10-24 08:25:00+00:00,0,0,0.0,[]
2020-10-24 08:30:00+00:00,0,0,0.0,[]
2020-10-24 08:35:00+00:00,0,0,0.0,[]
2020-10-24 08:40:00+00:00,0,0,0.0,[]
2020-10-24 08:45:00+00:00,0,0,0.0,[]
2020-10-24 08:50:00+00:00,0,0,0.0,[]
2020-10-24 08:55:00+00:00,0,0,0.0,[]
2020-10-24 09:00:00+00:00,0,0,0.0,[]
2020-10-24 09:05:00+00:00,0,0,0.0,[]
2020-10-24 09:10:00+00:00,0,0,0.0,[]
2020-10-24 09:15:00+00:00,0,0,0.0,[]
2020-10-24 09:20:00+00:00,0,0,0.0,[]
2020-10-24 09:25:00+00:00,0,0,0.0,[]
2020-10-24 09:30:00+00:00,0,0,0.0,[]
2020-10-24 09:35:00+00:00,0,0,0.0,[]
2020-10-24 09:40:00+00:00,0,0,0.0,[]
2020-10-24 09:45:00+00:00,0,0,0.0,[]
2020-10-24 09:50:00+00:00,0,0,0.0,[]
2020-10-24 09:55:00+00:00,0,0,0.0,[]
2020-10-24 10:00:00+00:00,0,0,0.0,[]
2020-10-24 10:05:00+00:00,0,0,0.0,[]
2020-10-24 10:10:00+00:00,0,0,0.0,[]
2020-10-24 10:15:00+00:00,0,0,0.0,[]
2020-10-24 10:20:00+00:00,0,0,0.0,[]
2020-10-24 10:25:00+00:00,0,0,0.0,[]
2020-10-24 10:30:00+00:00,0,0,0.0,[]
2020-10-24 10:35:00+00:00,0,0,0.0,[]
2020-10-24 10:40:00+00:00,0,0,0.0,[]
2020-10-24 10:45:00+00:00,0,0,0.0,[]
2020-10-24 10:50:00+00:00,0,0,0.0,[]
2020-10-24 10:55:00+00:00,0,0,0.0,[]
2020-10-24 11:00:00+00:00,0,0,0.0,[]
2020-10-24 11:05:00+00:00,0,0,0.0,[]
2020-10-24 11:10:00+00:00,0,0,0.0,[]
2020-10-24 11:15:00+00:00,3330,0,1.0,[3330]
2020-10-24 11:20:00+00:00,0,0,0.0,[]
2020-10-24 11:25:00+00:00,0,0,0.0,[]
2020-10-24 11:30:00+00:00,0,0,0.0,[]
2020-10-24 11:35:00+00:00,0,0,0.0,[]
2020-10-24 11:40:00+00:00,0,0,0.0,[]
2020-10-24 11:45:00+00:00,0,0,0.0,[]
2020-10-24 11:50:00+00:00,0,0,0.0,[]
2020-10-24 11:55:00+00:00,0,0,0.0,[]
2020-10-24 12:00:00+00:00,0,0,0.0,[]
2020-10-24 12:05:00+00:00,0,0,0.0,[]
2020-10-24 12:10:00+00:00,0,0,0.0,[]
2020-10-24 12:15:00+00:00,0,0,0.0,[]
2020-10-24 12:20:00+00:00,0,0,0.0,[]
2020-10-24 12:25:00+00:00,0,0,0.0,[]
2020-10-24 12:30:00+00:00,0,0,0.0,[]
2020-10-24 12:35:00+00:00,0,0,0.0,[]
2020-10-24 12:40:00+00:00,0,0,0.0,[]
2020-10-24 12:45:00+00:00,0,0,0.0,[]
2020-10-24 12:50:00+00:00,0,0,0.0,[]
2020-10-24 12:55:00+00:00,0,0,0.0,[]
2020-10-24 13:00:00+00:00,0,0,0.0,[]
2020-10-24 13:05:00+00:00,0,0,0.0,[]
2020-10-24 13:10:00+00:00,0,0,0.0,[]
2020-10-24 13:15:00+00:00,0,0,0.0,[]
2020-10-24 13:20:00+00:00,0,0,0.0,[]
2020-10-24 13:25:00+00:00,0,0,0.0,[]
2020-10-24 13:30:00+00:00,0,0,0.0,[]
2020-10-24 13:35:00+00:00,0,0,0.0,[]
2020-10-24 13:40:00+00:00,0,0,0.0,[]
2020-10-24 13:45:00+00:00,0,0,0.0,[]
2020-10-24 13:50:00+00:00,0,0,0.0,[]
2020-10-24 13:55:00+00:00,0,0,0.0,[]
2020-10-24 14:00:00+00:00,0,0,0.0,[]
2020-10-24 14:05:00+00:00,0,0,0.0,[]
2020-10-24 14:10:00+00:00,0,0,0.0,[]
2020-10-24 14:15:00+00:00,0,0,0.0,[]
2020-10-24 14:20:00+00:00,0,0,0.0,[]
2020-10-24 14:25:00+00:00,0,0,0.0,[]
2020-10-24 14:30:00+00:00,0,0,0.0,[]
2020-10-24 14:35:00+00:00,440,0,1.0,[440]
2020-10-24 14:40:00+00:00,0,0,0.0,[]
2020-10-24 14:45:00+00:00,0,0,0.0,[]
2020-10-24 14:50:00+00:00,0,0,0.0,[]
2020-10-24 14:55:00+00:00,0,0,0.0,[]
2020-10-24 15:00:00+00:00,0,0,0.0,[]
2020-10-24 15:05:00+00:00,0,0,0.0,[]
2020-10-24 15:10:00+00:00,0,0,0.0,[]
2020-10-24 15:15:00+00:00,0,0,0.0,[]
2020-10-24 15:20:00+00:00,0,0,0.0,[]
2020-10-24 15:25:00+00:00,0,0,0.0,[]
2020-10-24 15:30:00+00:00,0,0,0.0,[]
2020-10-24 15:35:00+00:00,0,0,0.0,[]
2020-10-24 15:40:00+00:00,0,0,0.0,[]
2020-10-24 15:45:00+00:00,0,0,0.0,[]
2020-10-24 15:50:00+00:00,0,0,0.0,[]
2020-10-24 15:55:00+00:00,0,0,0.0,[]
2020-10-24 16:00:00+00:00,0,0,0.0,[]
2020-10-24 16:05:00+00:00,0,0,0.0,[]
2020-10-24 16:10:00+00:00,2230,0,1.0,[2230]
2020-10-24 16:15:00+00:00,0,0,0.0,[]
2020-10-24 16:20:00+00:00,0,0,0.0,[]
2020-10-24 16:25:00+00:00,0,0,0.0,[]
2020-10-24 16:30:00+00:00,0,0,0.0,[]
2020-10-24 16:35:00+00:00,0,0,0.0,[]
2020-10-24 16:40:00+00:00,0,0,0.0,[]
2020-10-24 16:45:00+00:00,0,0,0.0,[]
2020-10-24 16:50:00+00:00,10170,0,2.0,"[400, 9770]"
2020-10-24 16:55:00+00:00,0,0,0.0,[]
2020-10-24 17:00:00+00:00,0,0,0.0,[]
2020-10-24 17:05:00+00:00,0,0,0.0,[]
2020-10-24 17:10:00+00:00,0,0,0.0,[]
2020-10-24 17:15:00+00:00,0,0,0.0,[]
2020-10-24 17:20:00+00:00,0,0,0.0,[]
2020-10-24 17:25:00+00:00,0,0,0.0,[]
2020-10-24 17:30:00+00:00,0,0,0.0,[]
2020-10-24 17:35:00+00:00,0,0,0.0,[]
2020-10-24 17:40:00+00:00,0,0,0.0,[]
2020-10-24 17:45:00+00:00,0,0,0.0,[]
2020-10-24 17:50:00+00:00,11960,0,12.0,"[4170, 4170, 60, 60, 50, 50, 10, 10, 1060, 1060, 630, 630]"
2020-10-24 17:55:00+00:00,6640,0,16.0,"[190, 190, 1010, 1010, 1010, 520, 1010, 520, 20, 20, 100, 100, 100, 100, 370, 370]"
2020-10-24 18:00:00+00:00,181830,0,40.0,"[270, 270, 360, 360, 190, 190, 340, 340, 16280, 16280, 2370, 2370, 16280, 16280, 1700, 1700, 1790, 1790, 15150, 15150, 3280, 3280, 510, 510, 80, 80, 1540, 1540, 7550, 7550, 11350, 50, 50, 16280, 16280, 600, 600, 1040, 100, 100]"
2020-10-24 18:05:00+00:00,170850,2,58.0,"[3490, 3490, 90, 90, 3440, 16280, 16280, 720, 720, 180, 180, 3490, 3490, 2820, 2820, 270, 400, 400, 250, 250, 39310, 39310, 250, 250, 380, 380, 50, 50, 600, 600, 2070, 2070, 10, 10, 70, 70, 1090, 1090, 5850, 5850, 1150, 1150, 1260, 1260, 240, 240, 210, 210, 20, 20, 700, 700, 2040, 2040, 210, 210, 340, 340]"
2020-10-24 18:10:00+00:00,92570,3,66.0,"[7360, 310, 310, 170, 170, 700, 150, 700, 150, 360, 360, 60, 60, 20, 20, 1880, 1880, 50, 50, 1360, 1360, 370, 370, 810, 690, 690, 1930, 1930, 250, 250, 340, 340, 320, 320, 20, 20, 150, 150, 60, 60, 3450, 3450, 1130, 90, 90, 17260, 1080, 1080, 650, 470, 470, 120, 120, 1320, 1320, 1480, 930, 930, 140, 140, 640, 640, 200, 200]"
2020-10-24 18:15:00+00:00,78930,0,71.0,"[240, 240, 70, 70, 170, 170, 160, 160, 900, 900, 1330, 1330, 8290, 8290, 250, 250, 60, 60, 2040, 2040, 180, 180, 1060, 1060, 450, 450, 130, 130, 3020, 3020, 1470, 1470, 3210, 3210, 410, 910, 410, 910, 550, 0, 0, 490, 490, 550, 550, 500, 500, 660, 660, 860, 860, 260, 260, 1230, 1230, 270, 270, 3240, 3240, 1410, 1410, 940, 940, 2290, 2290, 120, 120, 1080, 1080, 940, 940]"
2020-10-24 18:20:00+00:00,115920,0,75.0,"[6340, 6340, 820, 820, 200, 200, 2480, 330, 330, 310, 310, 80, 80, 130, 130, 1970, 1610, 1970, 1610, 940, 940, 30, 1630, 30, 1630, 210, 210, 7140, 7140, 170, 170, 570, 570, 3710, 3710, 1560, 1560, 70, 70, 480, 480, 3430, 3430, 5560, 5560, 3620, 3620, 1530, 1530, 480, 480, 2580, 2580, 440, 440, 1170, 1170, 180, 180, 5040, 5040, 2170, 2170, 520, 520, 300, 300, 820, 820, 60, 60, 120, 120, 400, 400]"
2020-10-24 18:25:00+00:00,97150,0,98.0,"[1710, 1710, 160, 160, 2730, 2730, 580, 580, 110, 110, 1170, 1170, 1230, 1230, 520, 150, 150, 140, 140, 1760, 1760, 400, 400, 360, 360, 120, 120, 640, 640, 320, 320, 120, 120, 1210, 1210, 230, 120, 230, 120, 1690, 1690, 2120, 2120, 380, 380, 780, 780, 510, 510, 80, 80, 1130, 1130, 1180, 1180, 140, 140, 60, 60, 210, 210, 450, 50, 50, 160, 160, 110, 110, 210, 210, 630, 630, 230, 230, 210, 210, 280, 280, 630, 630, 2660, 2660, 190, 190, 360, 360, 390, 390, 280, 280, 590, 590, 17160, 17160, 1630, 1630, 780, 780]"
2020-10-24 18:30:00+00:00,491100,2,134.0,"[50, 50, 630, 630, 980, 980, 21810, 21810, 510, 510, 210, 210, 2540, 2540, 120, 1070, 1070, 120, 50, 50, 310, 310, 390, 390, 170, 40, 40, 170, 200, 200, 240, 1800, 1800, 240, 2270, 2270, 1180, 1180, 5420, 5420, 390, 390, 1270, 1270, 2830, 2830, 130, 130, 820, 820, 650, 650, 1560, 1560, 30, 30, 1100, 1100, 450, 450, 2590, 3110, 3110, 5820, 5650, 5650, 90, 90, 330, 5690, 5690, 130, 130, 50, 50, 700, 700, 18160, 18160, 3400, 150, 150, 14420, 420, 420, 130, 130, 190, 190, 890, 890, 480, 480, 280, 280, 1110, 1110, 570, 3420, 3420, 2380, 2380, 40, 40, 560, 100, 100, 220, 220, 830, 2600, 2600, 130, 890, 130, 130, 780, 780, 50, 57100, 57100, 110, 110, 1850, 2300, 730, 1850, 2300, 730, 66730, 66730, 70, 70, 11490]"
2020-10-24 18:35:00+00:00,1256270,6,216.0,"[900, 900, 220, 220, 700, 700, 360, 360, 20240, 20240, 320, 100, 100, 70, 70, 170, 490, 140, 140, 220, 220, 1050, 1050, 40, 490, 490, 710, 40, 40, 15420, 15420, 34960, 34960, 4070, 4070, 50, 30, 30, 320, 6890, 6890, 320, 320, 790, 210, 210, 570, 570, 6980, 6980, 60, 60, 1400, 1410, 1400, 1410, 80, 80, 40, 40, 360, 360, 980, 1840, 1270, 1840, 1270, 300, 3630, 300, 120, 120, 400, 400, 60, 4080, 4080, 45010, 45010, 130, 130, 160, 160, 30, 250, 250, 3630, 3630, 350, 700, 350, 700, 1990, 1430, 1430, 20, 20, 190, 190, 2170, 2170, 550, 940, 940, 1470, 900, 900, 820, 820, 270, 360, 360, 1520, 1520, 100, 100, 2220, 2220, 1470, 1470, 550, 550, 70, 70, 1590, 260, 260, 140, 860, 140, 860, 380, 20, 380, 20, 920, 280, 440, 280, 440, 270, 270, 2220, 770, 2220, 770, 930, 300, 430, 430, 930, 90, 90, 50, 50, 240, 240, 250, 2480, 80, 80, 2710, 450, 450, 70, 70, 940, 1740, 510, 510, 2520, 520, 890, 240, 890, 240, 660, 660, 380, 860, 860, 580, 580, 6860, 6860, 40, 40, 70, 70, 30, 30, 320, 320, 770, 770, 10080, 130, 10080, 40, 40, 90, 90, 20, 20, 40, 20, 40, 20, 70, 70, 300, 300, 1310, 1310]"
2020-10-24 18:40:00+00:00,1724100,12,314.0,"[390, 390, 2980, 2980, 1240, 6940, 6940, 100, 100, 360, 360, 170, 170, 130, 1160, 1160, 130, 400, 400, 130, 130, 1240, 1240, 60, 60, 430, 430, 800, 800, 20, 20, 310, 310, 340, 340, 1040, 1040, 190, 190, 150, 150, 350, 350, 80, 80, 820, 820, 1670, 1670, 1180, 1180, 1400, 1400, 4190, 4190, 70, 1670, 2070, 2070, 200, 130, 130, 340, 340, 480, 480, 9640, 9640, 750, 1020, 510, 510, 40, 40, 20, 20, 0, 0, 260, 260, 2050, 2050, 850, 850, 2120, 2120, 140, 140, 290, 290, 1670, 20, 270, 270, 20, 1000, 41280, 1000, 41280, 880, 880, 50, 110, 110, 1540, 1540, 200, 200, 2540, 2540, 80, 80, 730, 730, 520, 520, 3100, 520, 400, 400, 520, 240, 240, 610, 230, 230, 1180, 1180, 1330, 1330, 3030, 3030, 156360, 156360, 380, 380, 20, 20, 1550, 1550, 280, 280, 200, 200, 110, 110, 190, 190, 330, 270, 330, 0, 80, 80, 300, 9860, 350, 9860, 350, 550, 550, 190, 190, 1100, 1100, 160, 160, 450, 2290, 450, 2290, 120, 120, 2100, 2100, 30, 30, 91590, 91590, 350, 350, 160, 160, 990, 990, 1010, 1010, 110, 176660, 110, 176660, 580, 580, 176660, 176660, 960, 960, 14320, 14320, 470, 560, 560, 260, 260, 300, 50, 50, 910, 1010, 20800, 1010, 910, 20800, 380, 380, 60, 60, 610, 610, 230, 230, 240, 1050, 240, 1050, 1440, 1440, 220, 220, 520, 850, 850, 520, 19140, 19140, 190, 190, 210, 210, 300, 300, 770, 410, 770, 410, 170, 360, 170, 360, 400, 400, 250, 250, 70, 70, 310, 310, 1340, 310, 310, 810, 1490, 1650, 680, 1650, 810, 1490, 680, 1340, 1340, 380, 380, 60, 130, 1910, 1910, 60, 130, 390, 390, 4880, 330, 4880, 330, 310, 310, 920, 920, 1340, 1340, 4090, 4090, 30, 30, 23400, 6680, 1620, 2580, 23400, 6680, 810, 2580, 810, 1690, 560, 1690, 560, 680, 370, 680, 370, 120, 120, 5680]"
2020-10-24 18:45:00+00:00,2804060,20,541.0,"[420, 420, 1330, 1330, 140, 140, 100, 100, 1300, 1300, 230, 230, 2160, 170, 170, 2160, 2000, 2000, 770, 280, 280, 2060, 2060, 510, 510, 40, 820, 820, 40, 2210, 2210, 1320, 1320, 9740, 20, 20, 1020, 1020, 160, 35670, 180, 35670, 160, 180, 1750, 500, 500, 160, 160, 1750, 770, 910, 910, 1010, 1010, 20, 20, 20, 2590, 2590, 410, 410, 2620, 2620, 190, 190, 290, 290, 680, 680, 40, 40, 450, 450, 1620, 1620, 110, 50, 110, 40, 40, 130, 130, 160, 280, 280, 220, 220, 50, 50, 4220, 4220, 20, 20, 1040, 1040, 4220, 4220, 300, 300, 1650, 810, 1650, 20, 810, 20, 180, 180, 270, 270, 50, 50, 91020, 91020, 260, 260, 410, 690, 410, 690, 120, 120, 1040, 1040, 990, 990, 520, 1360, 670, 1360, 670, 520, 10, 10, 910, 190, 190, 360, 360, 1100, 1520, 1100, 1520, 450, 10, 450, 10, 420, 420, 720, 90, 5620, 90, 720, 5620, 320, 320, 840, 850, 840, 90, 90, 90, 90, 910, 90, 90, 910, 400, 400, 30, 30, 60, 60, 540, 540, 1380, 110, 110, 290, 1460, 2550, 1460, 2550, 11440, 820, 820, 50, 50, 560, 560, 60, 340, 340, 220, 220, 110, 110, 3380, 3380, 200, 430, 200, 430, 1290, 170, 170, 300, 300, 1400, 1400, 240, 240, 1750, 1750, 190, 60, 60, 490, 490, 7330, 3190, 7330, 3190, 3820, 3820, 140, 140, 3780, 3780, 90510, 90510, 4220, 510, 510, 4220, 460, 460, 390, 390, 460, 460, 130, 3190, 3190, 430, 430, 970, 3760, 970, 840, 840, 1400, 670, 1400, 2380, 2380, 670, 730, 120, 4140, 4140, 730, 140, 140, 100, 100, 340, 340, 1100, 1100, 820, 820, 910, 910, 20, 20, 560, 560, 3940, 3940, 1330, 1330, 150, 150, 630, 630, 120, 140, 72220, 120, 140, 250, 72220, 250, 1060, 1060, 50, 210, 210, 90, 90, 730, 2680, 2680, 730, 100, 100, 120, 120, 760, 760, 180, 250, 250, 180, 650, 650, 1090, 30, 110, 740, 30, 110, 740, 800, 422940, 422940, 110, 800, 800, 5470, 110, 5470, 50, 50, 20, 20, 3920, 3920, 1010, 1010, 2230, 2230, 440, 7100, 440, 7100, 320, 320, 310, 890, 890, 310, 80, 20, 80, 20, 300, 30, 300, 1630, 30, 1630, 360, 420, 420, 360, 1900, 1900, 110, 110, 1000, 450, 90, 90, 450, 820, 200, 200, 820, 120, 120, 2590, 140, 2590, 140, 750, 480, 750, 480, 11860, 11860, 540, 540, 100, 100, 110, 210, 860, 860, 110, 210, 1900, 100, 1900, 100, 440, 440, 20, 20, 340, 340, 1880, 1100, 6780, 1100, 6780, 1880, 1600, 190, 1600, 530, 190, 530, 80, 400, 80, 80, 80, 400, 30, 30, 830, 830, 500, 500, 980, 980, 1310, 550, 1310, 1860, 150, 1490, 1860, 1240, 150, 1240, 1490, 370, 370, 140, 140, 680, 680, 460, 460, 1300, 1300, 1120, 800, 180, 800, 450, 180, 550, 550, 650, 650, 450, 100, 100, 220, 930, 410, 930, 220, 410, 330, 330, 3160, 3160, 20, 20, 1200, 1770, 290, 1200, 1770, 290, 2370, 2370, 520, 520, 110, 2300, 110, 1610, 2300, 1610, 4550, 15010, 15010, 4550, 7730, 2390, 2390, 7730, 1800, 1070, 1800, 1070, 110, 110, 110, 110, 60, 760, 60, 1030, 760, 590, 10, 590, 10, 140, 100, 140, 2720, 2720, 100, 270, 270]"
2020-10-24 18:50:00+00:00,2624210,19,1053.0,"[660, 660, 380, 380, 380, 760, 760, 30, 30, 1860, 1480, 1860, 1480, 2210, 2210, 450, 450, 940, 940, 950, 950, 70, 70, 190, 1970, 810, 190, 810, 1970, 2680, 50, 2680, 120, 120, 2420, 50, 2420, 110, 110, 1510, 1510, 100, 800, 100, 800, 2300, 140, 2300, 1410, 140, 1410, 120, 120, 140, 2170, 140, 860, 960, 960, 860, 500, 480, 500, 480, 530, 40, 530, 40, 350, 40, 40, 350, 210, 210, 1300, 1250, 190, 190, 1250, 210, 210, 110, 610, 110, 610, 40, 40, 40, 350, 40, 350, 100, 100, 1560, 210, 210, 1560, 9070, 9070, 220, 220, 100, 100, 20, 120, 1590, 120, 1590, 20, 1840, 80, 70, 320, 320, 230, 230, 350, 350, 690, 30, 690, 30, 530, 510, 510, 110, 30, 110, 530, 30, 70, 70, 230, 40, 110, 230, 110, 40, 220, 220, 210, 1460, 1460, 210, 100, 1760, 1760, 100, 320, 320, 60, 410, 2040, 30, 2040, 200, 410, 30, 60, 200, 230, 210, 230, 210, 120, 960, 960, 120, 3290, 3290, 60, 1180, 720, 1180, 720, 60, 60, 60, 870, 870, 290, 2280, 940, 290, 2280, 940, 150, 150, 1480, 260, 3760, 260, 3760, 1480, 680, 500, 720, 500, 940, 680, 940, 720, 750, 750, 140, 140, 140, 140, 80, 560, 80, 560, 640, 640, 180, 180, 160, 360, 3590, 160, 140, 360, 140, 3590, 5960, 2680, 230, 1670, 1670, 230, 110, 2370, 110, 2370, 420, 420, 50, 230, 1420, 80, 230, 380, 50, 380, 230, 80, 230, 1420, 90, 190, 70, 190, 80, 80, 90, 290, 290, 160, 160, 40, 40, 940, 510, 510, 940, 1140, 5330, 1140, 410, 410, 290, 1860, 50, 50, 1860, 2680, 290, 160, 100, 100, 2480, 160, 2480, 100, 120, 120, 4190, 4190, 4720, 4720, 90, 90, 370, 370, 250, 60, 60, 250, 180, 3360, 240, 180, 3360, 1380, 600, 1240, 1380, 600, 1240, 960, 960, 2680, 2680, 100, 100, 7210, 130, 130, 7210, 130, 170, 760, 760, 170, 130, 4300, 2010, 4300, 2010, 80, 80, 560, 560, 310, 820, 310, 410, 820, 410, 250, 100, 100, 670, 350, 290, 250, 181540, 350, 290, 670, 181540, 4340, 4340, 1170, 1170, 1790, 80, 250, 1790, 5620, 5620, 80, 80, 8000, 8000, 110, 80, 80, 110, 110, 110, 940, 940, 270, 270, 600, 600, 2140, 2140, 110, 780, 780, 1840, 1840, 240, 240, 390, 390, 500, 520, 240, 500, 240, 520, 140, 140, 500, 2530, 500, 2530, 80, 410, 410, 80, 520, 520, 790, 1520, 790, 1520, 140, 250, 140, 250, 10, 10, 20, 20, 15240, 870, 100, 870, 100, 15240, 1290, 1290, 210, 170, 170, 210, 470, 470, 170, 310, 1430, 1430, 90, 500, 90, 500, 170, 310, 140, 30, 140, 30, 400, 400, 630, 170, 630, 170, 350, 350, 8980, 230, 8980, 290, 760, 290, 760, 520, 520, 2810, 260, 180, 2810, 260, 190, 190, 180, 10, 400, 10, 400, 450, 10, 450, 450, 10, 290, 290, 1010, 140, 410, 140, 410, 400, 400, 6230, 6230, 160, 460, 160, 460, 130, 560, 130, 20, 80, 80, 20, 2140, 2140, 3420, 1320, 170, 120, 1320, 250, 170, 250, 120, 3420, 650, 650, 50, 640, 640, 50, 330, 330, 440, 140, 440, 140, 1650, 130, 130, 370, 7760, 50, 7760, 50, 370, 1270, 200, 1270, 200, 6720, 6720, 420, 420, 1000, 1000, 490, 1590, 810, 810, 1590, 490, 1380, 1000, 940, 3700, 500, 2450, 1000, 1380, 500, 2450, 940, 20, 20, 1600, 1600, 230, 740, 9820, 490, 9820, 570, 490, 740, 230, 150, 190, 3610, 190, 3610, 150, 2840, 2840, 50, 50, 20, 2810, 2810, 1110, 1110, 230, 230, 590, 30, 590, 30, 490, 490, 240, 240, 1040, 410, 1040, 410, 1290, 530, 1290, 530, 410, 340, 80, 80, 30, 290, 290, 340, 80, 80, 30, 150, 150, 280, 280, 170, 210, 170, 210, 180, 190, 180, 190, 2440, 2440, 14760, 14760, 170, 170, 60, 60, 120, 80, 150, 80, 150, 270, 270, 230, 510, 230, 510, 370, 310, 210, 370, 310, 210, 710, 710, 80, 80, 780, 2080, 2080, 780, 6780, 6780, 3980, 200, 3980, 720, 720, 70, 150, 150, 130, 280, 280, 290, 1370, 70, 290, 1370, 70, 840, 840, 190, 190, 750, 750, 4840, 430, 4840, 430, 260, 460, 460, 1630, 1630, 260, 1008990, 6810, 3180, 3180, 6810, 10, 10, 450, 30, 450, 30, 780, 780, 70, 110, 110, 70, 240, 210, 240, 210, 910, 120, 910, 120, 210, 210, 290, 290, 450, 200, 200, 170, 170, 260, 120, 260, 620, 620, 60, 290, 60, 290, 1390, 180, 180, 1390, 7350, 40, 150, 7350, 40, 150, 1630, 1630, 680, 600, 2510, 680, 2510, 600, 150, 150, 320, 6780, 320, 450, 450, 310, 310, 820, 820, 1980, 1980, 740, 40, 370, 40, 740, 370, 1950, 630, 9590, 630, 1950, 470, 470, 60, 60, 120, 580, 490, 490, 580, 60, 60, 130, 130, 5780, 570, 470, 470, 890, 1110, 1420, 1630, 1420, 1630, 1110, 230, 230, 240, 240, 360, 260, 260, 1600, 1600, 350, 350, 430, 430, 0, 310, 350, 100, 100, 350, 220, 40, 220, 40, 80, 80, 610, 510, 860, 110, 80, 80, 110, 360, 14320, 50, 14320, 70, 50, 70, 280, 280, 970, 710, 1910, 970, 150, 430, 710, 150, 1910, 80470, 610, 610, 2050, 3380, 700, 2050, 3380, 700, 430, 320, 320, 430, 3420, 3420, 80, 130, 130, 80, 420, 80, 0, 490, 420, 0, 80, 490, 190, 450, 450, 3090, 50, 3090, 250, 50, 250, 980, 60, 980, 2160, 10, 2160, 10, 60, 560, 5180, 560, 20, 130, 2850, 20, 210, 210, 280, 280, 31550, 330, 330, 570, 1020, 1020, 570, 2770, 400, 2770, 400, 360, 320, 320, 350, 2160, 70, 350, 2160, 520, 660, 520, 10, 10, 660, 300, 810, 140, 170, 140, 170, 540, 300, 540, 90, 90, 650, 650, 430, 430, 120, 420, 1180, 120, 370, 1180, 420, 370, 80, 2320, 970, 970, 2320, 80, 230, 1550, 230, 130, 230, 1550, 130, 220, 220, 520, 7180, 1630, 1630, 7180, 80, 790, 110, 80, 790, 2150, 110, 120, 420, 630, 120, 630, 420, 20, 20, 610, 710, 710, 150, 260, 260, 610, 370, 370, 60, 70, 70, 4230, 15500, 15500, 730, 40, 40, 450, 100, 930, 100, 450, 460, 2610, 5070, 300, 5070, 300, 2610, 460, 890, 2080, 890, 2080, 580, 680, 680, 580, 31320, 31320, 2040, 2040, 830, 1210, 1210, 180, 100, 60, 100, 180, 12460, 60, 12460, 940]"
2020-10-24 18:55:00+00:00,5184750,27,1392.0,"[220, 350, 220, 80, 260, 260, 80, 560, 560, 20, 20, 820, 820, 30, 60, 2430, 520, 60, 2430, 30, 2160, 560, 330, 40, 270, 40, 560, 330, 520, 400, 520, 1600, 1600, 890, 80, 80, 1530, 40, 1530, 300, 300, 160, 160, 780, 5730, 5730, 3050, 30, 350, 350, 30, 90, 90, 1720, 1720, 190, 190, 1700, 1700, 7760, 7760, 470, 470, 880, 650, 880, 150, 10, 440, 650, 150, 290, 350, 730, 290, 350, 730, 290, 490, 370, 490, 990, 370, 990, 150, 150, 1260, 100, 100, 830, 830, 210, 210, 3650, 140, 200, 5150, 3650, 200, 60, 5150, 780, 280, 1220, 1220, 280, 3210, 3210, 1190, 980, 130, 1190, 980, 920, 920, 1710, 1710, 180, 180, 890, 890, 630, 710, 630, 70, 70, 380, 140, 360, 1270, 380, 250, 140, 0, 0, 360, 1270, 130, 130, 660, 980, 1730, 22450, 1730, 22450, 360, 710, 70, 72990, 710, 72990, 70, 510, 600, 19990, 600, 510, 2840, 90, 19990, 2840, 80, 90, 90, 530, 90, 100, 200, 530, 50, 320, 310, 310, 20, 20, 170, 170, 60, 3120, 3120, 200, 30, 200, 30, 430, 130, 430, 130, 170, 170, 20, 920, 400, 140, 400, 140, 920, 520, 520, 740, 20, 20, 740, 180, 1810, 1340, 1810, 180, 5520, 5520, 1770, 1770, 420, 180, 230, 230, 180, 6730, 420, 150, 210, 150, 210, 120, 210, 120, 540, 880, 940, 940, 450, 450, 540, 640, 640, 80, 80, 1240, 20, 1240, 70, 10, 10, 20, 1070, 1070, 460, 80, 170, 160, 250, 420, 80, 170, 250, 420, 160, 300, 300, 11460, 11460, 3770, 3770, 360, 950, 80, 360, 40, 820, 820, 80, 80, 270, 1880, 270, 1880, 410, 390, 410, 390, 240, 160, 240, 7820, 160, 7820, 110, 0, 50, 50, 570, 2160, 1220, 0, 1220, 570, 290, 30, 30, 290, 10, 18450, 18450, 10, 420, 420, 170, 2150, 260, 170, 280, 2150, 1510, 2250, 2250, 1510, 2820, 750, 2820, 750, 2550, 2680, 2550, 2680, 720, 360, 360, 720, 300, 1410, 1410, 300, 1950, 330, 330, 130, 4620, 4620, 1150, 1410, 1150, 270, 270, 40, 40, 360, 360, 90, 90, 2380, 990, 150, 2380, 170, 990, 150, 170, 850, 850, 700, 230, 820, 430, 820, 230, 430, 1170, 1170, 770, 250, 310, 4200, 4200, 310, 1990, 1990, 420, 240, 1370, 4350, 240, 1370, 240, 250, 1200, 7800, 7800, 560, 30, 310, 620, 620, 120, 3280, 120, 310, 3280, 11680, 4060, 320, 90, 610, 600, 4060, 610, 90, 600, 320, 11680, 270, 2800, 300, 520, 2800, 270, 370, 1690, 920, 780, 780, 1690, 370, 920, 340, 20, 60, 60, 1080, 340, 20, 520, 110, 850, 850, 110, 110, 30, 110, 30, 120, 1950, 120, 1950, 140, 140, 360, 360, 400, 950, 400, 950, 3980, 230, 230, 130, 3980, 440, 370, 2940, 620, 440, 370, 2940, 200, 240, 200, 240, 280, 60, 2020, 280, 60, 2020, 210, 460, 340, 1850, 1850, 1110, 340, 30, 280, 30, 310, 310, 390, 3300, 3300, 520, 390, 520, 400, 410, 400, 250, 250, 1800, 1800, 200, 120, 100, 120, 100, 250, 10, 250, 300, 10, 60, 240, 190, 140, 30, 460, 30, 190, 460, 930, 40, 60, 40, 60, 480, 480, 70, 1530, 1220, 1220, 130, 14960, 14960, 600, 440, 150, 100, 440, 600, 100, 150, 200, 40, 200, 40, 1180, 310, 310, 1180, 1460, 1360, 520, 10, 450, 450, 5420, 10, 1360, 520, 820, 560, 560, 750, 1350, 1350, 1730, 340, 340, 290, 20, 220, 190, 540, 630, 290, 20, 220, 540, 630, 190, 170, 170, 220, 100, 820, 230, 1760, 230, 820, 100, 1760, 570, 380, 40, 570, 510, 100, 100, 20, 20, 1310, 2680, 470, 150, 150, 2680, 200, 1310, 200, 2800, 2800, 470, 400, 400, 670, 100, 730, 670, 730, 40, 2410, 220, 220, 270, 40, 2410, 270, 24600, 24600, 119280, 119280, 780, 1130, 150, 1990, 780, 1990, 320, 2010, 420, 1830, 600, 1830, 2010, 420, 320, 600, 140, 410, 290, 290, 410, 590, 590, 50, 580, 40, 370, 370, 40, 2020, 2020, 4090, 280, 40, 40, 410, 130, 410, 280, 50, 300, 200, 300, 50, 70, 1540, 1600, 70, 1600, 1540, 450, 520, 450, 520, 1050, 1050, 800, 40, 120, 120, 800, 340, 40, 1060, 1060, 660, 200, 200, 760, 110, 30, 30, 110, 760, 520, 520, 4090, 4090, 150, 1065110, 40, 400, 40, 1065110, 400, 150, 950, 950, 240, 700, 240, 590, 320, 700, 320, 90, 100, 440, 280, 440, 280, 100, 2760, 2760, 140, 40, 1940, 190, 190, 890, 10, 320, 320, 10, 890, 940, 950, 160, 160, 600, 940, 600, 950, 90, 660, 660, 90, 20, 130, 20, 130, 210, 1330, 380, 1330, 210, 380, 4090, 60, 4090, 60, 930, 930, 170, 1220, 1220, 170, 130, 130, 1690, 160, 1800, 160, 1800, 1690, 140, 140, 340, 110, 340, 110, 1410, 260, 120, 20, 320, 1410, 260, 120, 20, 350, 350, 260, 260, 700, 780, 780, 700, 120, 380, 120, 40, 40, 130, 280, 160, 130, 160, 1800, 300, 1800, 300, 250, 3310, 70, 3310, 400, 530, 360, 300, 530, 540, 540, 400, 1160, 520, 980, 980, 520, 1390, 1390, 390, 670, 20, 390, 670, 20, 430, 790, 790, 1630, 560, 700, 700, 60, 60, 460, 70, 70, 460, 820, 6670, 620, 300, 820, 620, 6670, 260, 300, 1740, 420, 80, 80, 30, 420, 210, 390, 150, 390, 210, 150, 50, 400, 420, 410, 420, 30, 420, 420, 840, 840, 1510, 1510, 40, 440, 40, 3690, 20, 90, 20, 300, 90, 3690, 200, 300, 660, 660, 2340, 2340, 780, 780, 60, 460, 60, 7690, 270, 460, 20, 460, 20, 1600, 7690, 1600, 270, 60, 30, 980, 30, 150, 150, 400, 210, 400, 210, 910, 910, 20, 20, 980, 980, 110, 110, 20, 20, 130, 2030, 320, 1280, 1280, 2030, 130, 320, 400, 400, 90, 670, 1070, 670, 1070, 90, 340, 620, 80, 50, 340, 50, 520, 80, 620, 230, 550, 550, 130, 10210, 230, 130, 10210, 250, 20, 140, 20, 250, 140, 420, 350, 820, 730, 820, 440, 590, 420, 350, 730, 630, 30, 630, 30, 360, 5620, 5620, 360, 130, 130, 200, 130, 130, 320, 320, 200, 400, 400, 270, 20, 360, 270, 210, 360, 210, 1110, 20, 1110, 1760, 1760, 1840, 1840, 170, 170, 770, 300, 770, 300, 100, 160, 60, 210, 60, 1090, 1090, 210, 1130, 1130, 1010, 1010, 2150, 620, 2150, 620, 140, 1990, 20, 140, 1990, 29040, 29040, 210, 580, 580, 870, 870, 560, 560, 120, 120, 3640, 620, 620, 3640, 180, 180, 320, 620, 620, 320, 360, 360, 6380, 50, 580, 580, 6380, 50, 590, 2900, 480, 480, 2900, 180, 180, 590, 480, 2180, 480, 3770, 40, 2180, 440, 440, 140, 400, 90, 690, 960, 690, 120, 960, 80, 80, 2620, 550, 70, 70, 2620, 230, 160, 210, 230, 370, 160, 550, 370, 210, 70, 70, 50, 4410, 870, 410, 4410, 870, 50, 410, 260, 260, 880, 450, 880, 450, 160, 160, 20, 20, 20, 20, 570, 570, 1220, 1220, 20, 30, 30, 10, 10, 460, 130, 130, 460, 900, 710, 710, 900, 3530, 70, 70, 3530, 180, 160, 160, 220, 390, 380, 390, 570, 220, 570, 380, 2690, 7760, 3290, 510, 510, 2690, 7760, 3290, 820, 20, 300, 60, 4310, 300, 820, 20, 60, 800, 70, 870, 800, 70, 870, 40, 720, 20, 720, 20, 420, 340, 420, 750, 340, 80, 80, 750, 140, 2730, 140, 2730, 3710, 3710, 280, 230, 280, 80, 230, 80, 620, 890, 620, 890, 360, 1530, 360, 40, 530, 1290, 240, 1290, 530, 40, 2320, 2320, 240, 230, 230, 40, 590, 590, 40, 230, 230, 50, 50, 740, 50, 50, 740, 1910, 30, 30, 590, 200, 1910, 590, 200, 50, 520, 520, 290, 140, 290, 140, 1290, 1290, 310, 7600, 780, 780, 7600, 720, 310, 720, 820, 100, 10, 10, 100, 360, 360, 230, 188050, 450, 450, 260, 3410, 188050, 510, 510, 130, 1580, 130, 670, 750, 1530, 750, 1580, 670, 1530, 3970, 80, 1620, 3970, 80, 760, 3920, 480, 480, 1540, 760, 3920, 1540, 1090, 470, 240, 1090, 470, 240, 450, 60, 510, 90, 160, 510, 90, 160, 60, 110, 660, 450, 480, 660, 110, 2290, 730, 2290, 30, 730, 190, 190, 950, 2110, 950, 2110, 580, 580, 50, 450, 260, 460, 460, 260, 450, 4670, 50, 4670, 100, 100, 180, 0, 0, 180, 1260, 1260, 120, 120, 103960, 510, 640, 100, 510, 103960, 100, 60, 2750, 2750, 60, 200, 200]"
2020-10-24 19:00:00+00:00,10258030,38,1504.0,"[3050, 550, 550, 11520, 3050, 380, 280, 150, 370, 460, 380, 370, 460, 40, 40, 1600, 1600, 2980, 3140, 3140, 2980, 9890, 9890, 160, 280, 160, 60, 3240, 1540, 60, 3240, 230, 350, 230, 350, 560, 3170, 560, 9530, 9530, 3170, 950, 180, 28060, 120, 120, 28060, 180, 2790, 2790, 20, 420, 180, 2380, 580, 420, 180, 580, 2380, 3970, 910, 910, 170, 1960, 50, 50, 960, 1960, 960, 170, 230, 520, 230, 520, 20, 30, 30, 4100, 30, 3960, 1430, 280, 280, 200, 4100, 1430, 3960, 20, 800, 260, 370, 380, 270, 380, 800, 310, 260, 270, 310, 370, 100, 100, 400, 400, 2650, 2650, 40, 40, 630, 3390, 3390, 630, 300, 470, 300, 300, 1600, 1600, 470, 250, 700, 810, 700, 810, 0, 0, 1060, 1060, 110, 270, 110, 1880, 270, 1880, 70, 70, 570, 840, 40, 960, 80, 570, 390, 840, 3580, 40, 960, 80, 390, 3580, 280, 3790, 3790, 80, 520, 4810, 80, 520, 4810, 1190, 1190, 480, 480, 50, 100, 720, 50, 740, 840, 720, 960, 280, 840, 160, 160, 960, 280, 490, 50, 490, 740, 620, 300, 22450, 300, 22450, 620, 60, 60, 620, 1910, 940, 3440, 3440, 40, 2120, 2120, 1910, 940, 3400, 320, 3400, 280, 280, 320, 880, 480, 880, 480, 1090, 210, 1090, 140, 3260, 200, 140, 3260, 210, 200, 810, 300, 520, 520, 300, 280, 280, 640, 9530, 9530, 640, 290, 290, 1140, 1140, 60, 60, 10, 10, 700, 180, 700, 180, 270, 270, 30, 290, 290, 280, 280, 600, 20, 430, 20, 600, 430, 80, 130, 80, 200, 200, 16860, 480, 16860, 480, 10, 40, 40, 10, 80, 70, 70, 80, 110, 190, 200, 190, 110, 1180, 200, 30, 240, 40, 30, 180, 190, 180, 190, 1880, 1880, 500, 160, 500, 160, 150, 150, 160, 640, 40, 170, 300, 160, 40, 300, 640, 810, 970, 170, 40, 2420, 110, 40, 2420, 110, 1030, 170, 1030, 170, 510, 510, 730, 410, 730, 70, 230, 230, 70, 1890, 3580, 3580, 1890, 190, 190, 480, 760, 760, 680, 480, 680, 360, 70, 360, 140, 70, 2150, 2150, 40, 380, 190, 190, 380, 40, 360, 360, 420, 340, 340, 760, 760, 150, 2860, 120, 1100, 2860, 120, 500, 320, 140, 320, 140, 500, 250, 490, 70, 490, 450, 450, 250, 300, 990, 1590, 1710, 300, 1590, 990, 1710, 150, 150, 60, 170, 20, 480, 20, 170, 480, 60, 210, 210, 1040, 110, 110, 1150, 150, 30, 710, 980, 150, 710, 1150, 30, 600, 980, 600, 20, 1230, 80, 70, 1410, 140, 70, 1410, 250, 250, 350, 350, 760, 760, 940, 10, 940, 10, 3320, 3320, 170, 170, 90, 90, 1760, 350, 480, 1760, 3410, 900, 170, 170, 350, 480, 3410, 320, 980, 980, 530, 1960, 1960, 240, 240, 210, 410, 16200, 16200, 10, 230, 10, 230, 18360, 18360, 4090, 20, 2170, 4090, 20, 2170, 580, 190, 210, 180, 210, 180, 190, 2410, 400, 230, 2410, 230, 400, 30, 6020, 30, 510, 7040, 510, 2500, 10, 2500, 7040, 970, 10, 2610, 630, 70, 240, 240, 70, 790, 790, 200, 180, 180, 220, 11460, 800, 220, 11460, 800, 210, 80, 2030, 80, 2030, 80, 110, 110, 80, 40, 40, 30, 50, 240, 50, 30, 240, 20, 20, 680, 1780, 320, 680, 1780, 170, 4410, 170, 150, 4410, 150, 90, 80, 80, 90, 500, 40, 500, 280, 40, 280, 5240, 440, 370, 8950, 690, 330, 330, 440, 690, 5240, 8950, 370, 60, 70, 6020, 80, 70, 60, 6020, 90, 90, 80, 100, 430, 100, 80, 540, 540, 180, 180, 380, 980, 930, 310, 560, 930, 10, 980, 330, 380, 840, 560, 840, 310, 140, 380, 1560, 980, 380, 140, 980, 1560, 240, 240, 80, 100, 100, 590, 400, 590, 780, 780, 240, 240, 400, 320, 1740, 320, 1740, 860, 10, 860, 10, 500, 500, 530, 530, 80, 2150, 280, 80, 2150, 280, 420, 520, 520, 200, 200, 29000, 29000, 190, 1980, 190, 90, 3460, 550, 1020, 550, 1020, 90, 3460, 600, 90, 660, 90, 600, 110, 110, 660, 900, 200, 320, 2590, 7690, 2590, 200, 320, 7690, 19680, 19680, 460, 740, 460, 1130, 1130, 340, 740, 1350, 80, 200, 1350, 140, 80, 140, 200, 230, 1710, 1710, 230, 130, 330, 130, 330, 2870, 490, 2870, 490, 350, 180, 360, 140, 350, 920, 140, 920, 360, 180, 1130, 220, 1130, 170, 60, 60, 170, 220, 11440, 11440, 420, 420, 3650, 1760, 1760, 270, 600, 600, 270, 280, 12740, 280, 12740, 290, 940, 650, 360, 940, 650, 360, 520, 520, 390, 1560, 2370, 830, 650, 560, 2370, 650, 560, 830, 1560, 2600, 2600, 120, 120, 40, 3640, 910, 910, 3640, 870, 1990, 1990, 340, 340, 1050, 1900, 1900, 10, 10, 110, 110, 60, 60, 810, 230, 160, 2700, 810, 160, 230, 180, 1360, 180, 1360, 2100, 800, 400, 520, 2100, 360, 400, 800, 90, 360, 520, 2600, 4470, 2600, 980, 980, 130, 310, 310, 130, 1270, 40, 590, 1270, 590, 380, 40, 380, 1090, 1090, 40, 40, 580, 80, 1580, 140, 140, 1580, 580, 80, 2280, 2280, 380, 730, 380, 730, 150, 790, 20, 150, 790, 20, 1980, 30, 30, 1980, 10, 220, 10, 220, 80, 980, 400, 150, 400, 150, 80, 980, 240, 240, 30, 30, 5600, 920, 130, 5600, 920, 130, 1460, 200, 1440, 1270, 110, 1270, 110, 1460, 820, 820, 820, 1990, 820, 1990, 1460, 200, 450, 1460, 280, 450, 280, 200, 830, 60, 130, 20, 1710, 20, 130, 1710, 60, 10, 690, 690, 1240, 1240, 1870, 110, 1870, 1660, 110, 1660, 7790, 3180, 1050, 320, 810, 1050, 810, 320, 3180, 110, 530, 110, 530, 230, 230, 3240, 3240, 1530, 120, 380, 58360, 300, 1530, 58360, 300, 120, 380, 1560, 590, 910, 460, 430, 460, 1880, 910, 1880, 1560, 590, 860, 1180, 1180, 860, 40, 100, 280, 360, 100, 40, 360, 280, 560, 380, 380, 560, 1100, 1100, 70, 70, 40, 40, 110, 6800, 10, 1310, 1310, 230, 10, 6800, 110, 860, 210, 860, 210, 40, 40, 170, 60, 60, 170, 200, 200, 200, 520, 200, 520, 100, 100, 70, 1620, 400, 9030, 9030, 1620, 400, 5430, 120, 120, 5430, 400, 590, 900, 900, 400, 590, 6040, 30, 460, 1970, 840, 230, 3670, 30, 200, 460, 6040, 1970, 230, 200, 840, 3670, 980, 920, 100, 980, 100, 920, 310, 1160, 820, 310, 2850, 820, 1160, 790, 490, 790, 3190, 3190, 40, 510, 510, 4600, 300, 300, 3680, 2788920, 3680, 2788920, 4600, 1710, 460, 460, 460, 1600, 360, 460, 360, 1600, 220, 1120, 2070, 1120, 2070, 310, 920, 920, 40, 40, 310, 100, 220, 100, 220, 10, 440, 10, 440, 60, 1470, 30, 570, 30, 570, 60, 6980, 2510, 2510, 6980, 10, 10, 40, 490, 490, 800, 800, 40, 1880, 220, 1880, 110, 1650, 1650, 220, 110, 20, 17410, 880, 17410, 880, 20, 260, 320, 260, 130, 130, 320, 50, 110, 500, 500, 50, 110, 1100, 440, 1100, 440, 1540, 170, 1380, 330, 170, 330, 1380, 13150, 560, 80, 13150, 1450, 630, 1450, 560, 80, 630, 210, 340, 20, 1110, 300, 340, 20, 1110, 210, 200, 1140, 90, 2820, 2820, 90, 2960, 1450, 330, 2960, 1450, 3310, 280, 850, 3310, 280, 850, 660, 2080, 2080, 660, 840, 3740, 3740, 110, 280, 160, 280, 16140, 16140, 280, 280, 160, 120, 120, 270, 270, 2420, 2420, 20, 3500, 3500, 300, 300, 0, 150, 150, 0, 2790, 440, 2790, 440, 490, 240, 240, 490, 1020, 10060, 570, 810, 70, 10060, 160, 160, 1020, 570, 810, 2380, 70, 60, 410, 60, 410, 600, 4450, 330, 80, 80, 4450, 330, 33470, 1330, 270, 1330, 33470, 270, 610, 100, 41800, 41800, 230, 1480, 1480, 400, 1130, 270, 270, 130, 400, 1130, 340, 820, 2920, 460, 2920, 460, 820, 340, 2960, 60, 40, 40, 90, 2960, 60, 90, 990, 990, 70, 2380, 2380, 470, 340, 4000, 40, 340, 9500, 40, 4000, 20, 240, 240, 20, 120, 340, 9390, 130, 9390, 130, 1080, 1080, 560, 560, 420, 420, 40, 40, 1560, 610, 410, 180, 610, 180, 1500, 430, 1940, 1940, 1500, 430, 750, 1520, 1520, 750, 1950, 130, 300, 130, 1950, 300, 1820, 1900, 22530, 1900, 22530, 1820, 920, 920, 780, 20, 2010, 20, 2010, 490, 100, 100, 490, 10, 10, 1470, 1470, 2740, 5700, 5700, 890, 890, 410, 820, 580, 20, 410, 820, 580, 20, 1600, 4090, 280, 4090, 380, 2360, 710, 710, 310, 310, 330, 330, 1350, 1350, 1610, 1610, 660, 30, 30, 660, 22330, 22330, 370, 440, 80, 440, 80, 610, 370, 2370, 60, 220, 2370, 220, 610, 370, 60, 910, 910, 190, 190, 1100, 630, 1100, 10, 100, 130, 10, 130, 490, 170, 160, 490, 10, 160, 10, 170, 30, 30, 310, 310, 910, 910, 1350, 780, 280, 780, 280, 390, 1350, 390, 280, 280, 60, 60, 70, 70, 1160, 1160, 80, 440, 100, 190, 3630, 3630, 70, 70, 190, 680, 500, 60, 680, 500, 60, 380, 380, 190, 190, 0, 1110, 150, 0, 1110, 150, 490, 3640, 30, 490, 30, 3640, 3680, 1550, 730, 3680, 730, 1550, 150, 740, 380, 560, 740, 150, 560, 380, 140, 110, 50, 110, 50, 150, 820, 30, 150, 450, 450, 740, 740, 820]"
2020-10-24 19:05:00+00:00,2021390,31,1555.0,"[170, 90, 50, 50, 170, 1260, 90, 60, 60, 140, 370, 140, 370, 370, 160, 370, 160, 1210, 1210, 350, 1540, 80, 350, 1540, 560, 560, 80, 430, 2120, 430, 2120, 210, 210, 320, 430, 430, 320, 50, 320, 430, 430, 320, 50, 120, 120, 1300, 1600, 1300, 1600, 580, 580, 3300, 380, 1700, 3300, 500, 380, 500, 1500, 1500, 1700, 2210, 190, 2210, 3820, 190, 3820, 100, 310, 910, 240, 3710, 240, 910, 3710, 310, 240, 240, 680, 330, 1170, 1170, 680, 330, 160, 1090, 740, 1100, 1090, 740, 1100, 160, 90, 1200, 1200, 90, 840, 840, 1310, 2300, 1310, 2300, 380, 3500, 770, 1680, 380, 740, 440, 3910, 180, 770, 3910, 740, 1680, 3500, 40, 1280, 60, 1280, 40, 60, 1310, 720, 1310, 890, 720, 890, 6150, 6150, 170, 270, 370, 270, 170, 370, 550, 480, 480, 300, 300, 550, 60, 180, 180, 60, 180, 180, 1930, 840, 110, 1930, 840, 110, 2090, 2090, 4410, 4410, 620, 50, 620, 110, 110, 50, 0, 0, 6150, 990, 770, 6150, 870, 260, 770, 260, 1690, 2120, 1690, 2120, 750, 750, 130, 5830, 130, 5830, 710, 660, 710, 40, 100, 210, 100, 1200, 210, 40, 1200, 120, 120, 1940, 2050, 1940, 1950, 2050, 1950, 140, 190, 140, 180, 180, 60, 460, 780, 780, 60, 460, 60, 60, 1180, 200, 1270, 200, 2950, 2950, 1180, 1270, 630, 630, 140, 80, 60, 140, 1870, 60, 300, 12900, 80, 300, 12900, 1870, 640, 60, 460, 90, 640, 1930, 60, 1930, 90, 460, 630, 390, 390, 630, 9760, 9760, 1050, 1050, 210, 110, 210, 110, 460, 40, 220, 110, 40, 460, 1310, 120, 220, 110, 120, 1310, 150, 670, 670, 1010, 490, 490, 1010, 150, 100, 180, 280, 180, 280, 110, 110, 130, 130, 260, 1380, 100, 20, 100, 500, 260, 100, 100, 20, 500, 1220, 750, 3470, 1220, 750, 3470, 420, 1550, 600, 1550, 270, 80, 270, 80, 600, 420, 3040, 3040, 600, 160, 600, 860, 860, 160, 160, 200, 110, 340, 160, 2090, 340, 200, 110, 2090, 1250, 750, 490, 490, 1250, 450, 70, 450, 110, 70, 110, 130, 60, 60, 130, 440, 440, 860, 560, 860, 560, 1930, 140, 130, 380, 140, 380, 390, 130, 320, 580, 360, 580, 360, 320, 850, 1740, 1520, 1520, 1740, 150, 150, 850, 410, 1050, 740, 410, 5830, 5830, 1050, 740, 440, 2620, 440, 5470, 2620, 570, 1220, 570, 1280, 1220, 2030, 2030, 1280, 5820, 5820, 80, 80, 620, 620, 860, 860, 250, 540, 540, 40, 40, 1520, 20, 2960, 1520, 2960, 20, 220, 2990, 140, 220, 140, 2990, 500, 12020, 2290, 3500, 3500, 2290, 12020, 500, 120, 5530, 1530, 1530, 120, 110, 110, 5530, 3990, 2860, 3990, 2860, 3510, 3510, 160, 160, 1880, 100, 1880, 100, 1200, 30, 30, 590, 1370, 1370, 590, 1100, 940, 40, 340, 340, 940, 130, 130, 40, 1170, 1070, 150, 1170, 1070, 30, 30, 2880, 200, 1990, 1530, 200, 2880, 1990, 1530, 520, 60, 520, 190, 790, 60, 1030, 20, 770, 770, 2520, 2520, 20, 1030, 60, 2740, 420, 4850, 420, 4850, 570, 110, 110, 570, 6150, 6150, 470, 510, 470, 510, 6150, 1080, 870, 870, 1080, 30, 280, 280, 1170, 1170, 170, 120, 120, 170, 100, 100, 10, 5640, 10, 5640, 40, 1710, 80, 40, 1710, 380, 80, 380, 2040, 4410, 2040, 4410, 1580, 580, 580, 1810, 1580, 130, 130, 1110, 1110, 3470, 950, 580, 700, 580, 700, 950, 110, 4980, 110, 1900, 360, 1900, 360, 650, 4980, 650, 180, 180, 7410, 7410, 290, 290, 260, 260, 1380, 1380, 320, 320, 110, 400, 320, 110, 600, 600, 150, 400, 150, 320, 1110, 10, 1110, 10, 9430, 180, 2860, 10, 180, 9430, 10, 2860, 370, 190, 190, 370, 4330, 280, 170, 280, 36100, 280, 4330, 280, 1270, 36100, 1270, 170, 510, 250, 250, 510, 340, 430, 35580, 1000, 260, 35580, 260, 1000, 840, 840, 340, 430, 350, 760, 340, 350, 60, 1190, 760, 1190, 60, 340, 340, 340, 120, 70, 120, 180, 70, 200, 180, 140, 80, 60, 140, 60, 30, 80, 30, 250, 250, 150, 150, 30, 1690, 1090, 1090, 1690, 3300, 260, 70, 500, 260, 3300, 70, 530, 250, 530, 250, 170, 430, 430, 3650, 110, 170, 140, 110, 140, 120, 2590, 610, 50, 590, 2590, 410, 610, 50, 120, 410, 590, 20, 780, 20, 780, 780, 780, 200, 850, 200, 850, 400, 400, 80, 300, 80, 300, 270, 1780, 1780, 270, 10, 10, 1460, 1460, 90, 90, 2350, 2350, 1090, 150, 150, 3190, 1200, 7680, 340, 120, 1200, 7680, 1640, 3190, 2340, 340, 2340, 1640, 120, 50, 50, 50, 50, 530, 530, 210, 210, 60, 60, 300, 300, 450, 450, 600, 600, 9530, 5500, 470, 5500, 470, 560, 9530, 560, 3790, 430, 120, 2510, 120, 430, 2510, 760, 30, 760, 1500, 300, 30, 1580, 1020, 180, 2180, 180, 1020, 700, 1580, 700, 2180, 8720, 8720, 440, 560, 440, 560, 15740, 15740, 470, 470, 270, 90, 4930, 270, 90, 30, 30, 4930, 90, 670, 190, 370, 90, 670, 370, 190, 930, 930, 240, 240, 270, 560, 560, 140, 140, 250, 250, 40, 380, 40, 210, 380, 210, 110, 30, 70, 280, 110, 60, 280, 60, 30, 70, 70, 70, 180, 60, 1640, 180, 140, 60, 1640, 510, 1590, 9660, 1590, 510, 5330, 140, 9660, 440, 1460, 1800, 440, 1800, 1460, 140, 110, 140, 1820, 140, 20, 80, 1820, 20, 140, 900, 1020, 870, 870, 310, 310, 5230, 5230, 220, 610, 220, 1460, 610, 190, 20, 1460, 270, 270, 270, 4770, 270, 4770, 40, 40, 140, 130, 140, 240, 240, 280, 280, 360, 2410, 1620, 2410, 1620, 130, 130, 300, 300, 2640, 16860, 2640, 16860, 30, 270, 270, 1490, 30, 5310, 5310, 270, 260, 270, 260, 270, 270, 390, 5030, 390, 5030, 1680, 220, 300, 220, 3900, 300, 1680, 3900, 470, 470, 150, 590, 590, 230, 520, 80, 230, 130, 130, 520, 80, 110, 3900, 110, 310, 40, 3900, 40, 570, 570, 150, 40, 40, 150, 1240, 210, 3420, 270, 270, 210, 1240, 3420, 1670, 0, 730, 0, 730, 60, 60, 240, 240, 210, 40, 210, 40, 720, 2750, 720, 2750, 490, 490, 230, 380, 380, 230, 1620, 1820, 3310, 60, 260, 1620, 3310, 260, 1820, 60, 14320, 14320, 100, 40, 680, 40, 100, 10, 10, 680, 160, 900, 40, 670, 670, 40, 900, 160, 110, 200, 180, 240, 180, 0, 110, 200, 240, 130, 60, 80, 4400, 4400, 740, 740, 570, 570, 50, 190, 90, 50, 190, 90, 11270, 11270, 510, 130, 510, 1880, 910, 1880, 500, 730, 730, 500, 120, 190, 120, 530, 190, 530, 30, 90, 620, 30, 350, 90, 620, 350, 120, 970, 20, 400, 970, 300, 360, 400, 300, 360, 20, 920, 280, 280, 920, 2130, 2130, 1060, 4050, 630, 510, 4050, 510, 520, 520, 630, 760, 760, 60, 70, 70, 60, 420, 170, 420, 170, 160, 120, 160, 160, 20, 120, 320, 320, 250, 350, 390, 590, 590, 40, 180, 120, 120, 700, 700, 30, 30, 40, 1790, 40, 130, 130, 740, 1900, 740, 1900, 40, 420, 2830, 420, 300, 300, 40, 170, 40, 170, 2530, 30, 30, 2530, 160, 2030, 160, 800, 2030, 1130, 1130, 760, 240, 280, 180, 280, 760, 180, 240, 20, 330, 330, 20, 1200, 460, 5740, 1430, 460, 1430, 5740, 1200, 15050, 15050, 2440, 460, 460, 2440, 910, 150, 210, 910, 150, 360, 150, 360, 150, 210, 90, 850, 90, 520, 900, 1260, 980, 980, 850, 520, 1260, 900, 6150, 32060, 4460, 32060, 590, 560, 2150, 2150, 6150, 560, 4460, 590, 1310, 260, 1310, 260, 260, 260, 280, 280, 680, 680, 130, 280, 140, 170, 670, 280, 670, 660, 170, 140, 660, 1540, 0, 1540, 0, 1080, 1080, 320, 100, 50, 100, 320, 50, 230, 750, 1640, 230, 1640, 750, 1510, 160, 1810, 1510, 1810, 1310, 1310, 160, 160, 70, 2060, 70, 2060, 130, 160, 130, 6150, 6150, 780, 840, 2480, 640, 840, 90, 2480, 90, 40, 780, 40, 640, 140, 40, 140, 180, 3940, 180, 3940, 130, 130, 90, 300, 100, 300, 100, 4020, 60, 4020, 240, 640, 460, 520, 240, 640, 460, 520, 500, 840, 920, 840, 0, 500, 120, 150, 0, 120, 540, 540, 2170, 110, 110, 2170, 2640, 200, 40, 40, 200, 2640, 650, 650, 1090, 470, 1090, 470, 110, 3160, 2680, 110, 3160, 2680, 200, 900, 900, 1590, 420, 200, 420, 170, 170, 5360, 5360, 1260, 1260, 60, 4780, 970, 4780, 970, 590, 590, 60, 250, 160, 100, 250, 160, 300, 300, 1700, 1700, 80, 1090, 80, 130, 1090, 130, 210, 120, 240, 240, 210, 100, 100, 470, 470, 410, 2040, 410, 2040, 1220, 1220, 20, 0, 520, 400, 520, 400, 20, 0, 28440, 28440, 220, 1820, 1820, 140, 130, 2500, 130, 140, 2500, 700, 700, 60, 480, 550, 530, 60, 480, 550, 530, 340, 340, 160, 160, 80, 260, 370, 80, 260, 370, 760, 760, 1080, 1740, 60, 3400, 1080, 1740, 60, 3400, 390, 390, 2600, 450, 490, 270, 490, 2600, 40, 450, 40, 3280, 1090, 1090, 3280, 240, 360, 240, 360, 280, 280, 10, 170, 280, 170, 280, 10, 1140, 240, 1140, 240, 260, 20, 20, 260, 50, 370, 320, 13060, 50, 370, 320, 13060, 270, 420, 630, 630, 270, 420, 490, 150, 40, 50, 630, 490, 150, 580, 50, 580, 630, 240, 80, 80, 140, 260, 540, 170, 30, 140, 170, 240, 30, 260, 540, 110, 200, 200, 110, 60, 3100, 60, 3100, 740, 320, 320, 740]"
2020-10-24 19:10:00+00:00,1967030,9,1403.0,"[280, 280, 20, 20, 240, 390, 790, 390, 240, 150, 150, 910, 910, 1350, 1350, 690, 1360, 500, 1360, 500, 1180, 1180, 690, 450, 330, 450, 330, 250, 1680, 2160, 250, 1680, 2160, 260, 1110, 260, 1110, 230, 160, 560, 350, 370, 350, 230, 160, 350, 370, 560, 350, 50, 460, 240, 950, 240, 950, 380, 50, 380, 460, 1070, 1100, 1070, 1100, 120, 120, 3140, 280, 280, 100, 3140, 100, 3150, 3150, 590, 30, 30, 590, 140, 390, 30, 30, 390, 140, 850, 850, 750, 340, 1220, 1220, 340, 1080, 1280, 1080, 1280, 590, 60, 370, 590, 800, 800, 370, 60, 140, 260, 60, 440, 140, 260, 440, 630, 630, 70, 2600, 4020, 70, 60, 2600, 50, 60, 4020, 1450, 1450, 50, 10, 4030, 20, 4030, 10, 20, 1040, 1040, 240, 720, 240, 60, 60, 200, 550, 550, 60, 160, 160, 200, 230, 60, 90, 140, 220, 90, 60, 140, 230, 220, 100, 1240, 610, 10, 610, 1240, 10, 100, 5160, 60, 5160, 60, 180, 3950, 180, 3950, 260, 260, 50, 1050, 50, 10, 1020, 70, 10, 1050, 1020, 1390, 1290, 1390, 1290, 50, 50, 960, 960, 50, 60, 60, 350, 350, 520, 520, 210, 610, 210, 610, 4000, 760, 4100, 4000, 760, 4100, 7930, 190, 1080, 40, 7930, 1080, 40, 190, 190, 190, 100, 100, 120, 100, 100, 120, 1120, 220, 60, 1120, 220, 60, 1780, 1780, 490, 740, 740, 490, 370, 110, 1660, 1660, 1140, 1400, 390, 70, 1400, 70, 390, 80, 1310, 80, 1310, 120, 1920, 120, 810, 590, 340, 340, 590, 1920, 810, 280, 140, 280, 3410, 330, 3410, 330, 110, 1770, 80, 4760, 110, 80, 1090, 1090, 4760, 1770, 220, 270, 220, 270, 20, 20, 900, 960, 1200, 960, 1200, 900, 1560, 1560, 170, 170, 330, 840, 1410, 330, 1410, 840, 80, 80, 1500, 1680, 520, 1500, 520, 1680, 1070, 1070, 170, 170, 110, 110, 810, 810, 90, 250, 250, 90, 820, 820, 120, 120, 690, 60, 690, 270, 250, 270, 60, 250, 920, 1230, 140, 400, 920, 290, 290, 400, 140, 1210, 1230, 230, 230, 4100, 4100, 610, 610, 170, 510, 270, 140, 510, 170, 130300, 140, 130300, 270, 1220, 1220, 3110, 740, 740, 250, 10, 1130, 250, 960, 80, 1130, 960, 80, 190, 10, 50, 500, 5390, 250, 500, 420, 250, 70, 50, 5390, 420, 2020, 100, 100, 2080, 2080, 90, 2750, 9430, 2750, 90, 9430, 6300, 120, 120, 6300, 240, 1130, 1220, 110, 110, 1130, 240, 1220, 120, 1070, 120, 240, 420, 240, 10, 420, 1320, 1320, 1410, 1600, 1410, 1890, 1600, 1890, 250, 1230, 1230, 280, 280, 320, 250, 270, 190, 190, 23340, 23340, 270, 740, 740, 710, 480, 860, 480, 860, 710, 1660, 40, 50, 1660, 220, 40, 50, 330, 2280, 240, 330, 100, 240, 100, 2280, 780, 780, 670, 670, 1050, 1810, 1050, 1810, 70, 100, 70, 490, 100, 490, 520, 520, 7350, 7350, 890, 890, 140, 440, 440, 140, 860, 30, 860, 30, 40, 390, 170, 170, 390, 70, 40, 70, 280, 280, 2420, 740, 390, 210, 2420, 740, 390, 210, 640, 640, 450, 450, 380, 1240, 1240, 330, 330, 390, 230, 430, 230, 10, 130, 190, 10, 130, 190, 330, 920, 330, 920, 680, 680, 9160, 6780, 6780, 220, 880, 220, 40, 100, 1070, 40, 60, 100, 60, 2940, 2940, 260, 260, 4980, 4980, 310, 5230, 310, 5230, 320, 70, 320, 120, 120, 170, 170, 2890, 2890, 3050, 3050, 370, 210, 210, 40, 970, 970, 40, 2950, 320, 320, 440, 440, 10, 590, 10, 590, 530, 190, 530, 150, 190, 4660, 150, 4660, 30, 330, 330, 30, 230, 2490, 560, 80, 230, 2490, 740, 80, 560, 740, 120, 130, 120, 130, 430, 430, 470, 1380, 500, 2330, 130, 1380, 500, 1420, 210, 2330, 130, 470, 780, 290, 890, 1170, 290, 1170, 890, 80, 650, 80, 650, 150, 1170, 1170, 520, 400, 520, 400, 150, 1380, 650, 40, 7100, 7100, 20, 650, 40, 720, 720, 1380, 860, 450, 450, 860, 880, 350, 880, 3850, 350, 240, 240, 3850, 1210, 1210, 2360, 2360, 800, 520, 520, 800, 1620, 1090, 1170, 1620, 1090, 230, 230, 1170, 60, 60, 80, 80, 110, 110, 1320, 2200, 2850, 1320, 2200, 260, 330, 180, 330, 1210, 1210, 260, 190, 8000, 8000, 190, 210, 210, 190, 200, 30, 140, 240, 30, 150, 200, 150, 240, 140, 320, 30, 10, 30, 840, 2080, 440, 2080, 10, 840, 1110, 1110, 20, 20, 2420, 70, 2420, 850, 70, 850, 40, 170, 160, 80, 170, 40, 80, 160, 200, 670, 310, 670, 200, 70, 70, 340, 310, 340, 210, 210, 200, 750, 660, 200, 160, 750, 160, 190, 130, 130, 180, 180, 190, 630, 260, 630, 260, 170, 140, 170, 140, 350, 880, 880, 820, 820, 350, 530, 530, 10, 2600, 10, 2600, 50, 140, 660, 90, 660, 140, 90, 50, 130, 960, 130, 960, 160, 2380, 160, 2380, 100, 500, 500, 100, 420, 400, 310, 380, 520, 80, 300, 420, 400, 520, 780, 780, 310, 380, 380, 380, 380, 210, 720, 720, 220, 4800, 210, 4800, 220, 2600, 7620, 2600, 290, 7620, 290, 500, 30, 500, 120, 120, 30, 30, 30, 2750, 90, 2750, 870, 90, 870, 2410, 2410, 970, 1600, 1600, 970, 930, 930, 140, 740, 750, 430, 1710, 740, 750, 430, 140, 1710, 3000, 100, 3000, 3080, 3000, 190, 190, 3000, 90, 90, 240, 60, 60, 240, 30, 300, 300, 30, 170, 190, 190, 170, 190, 190, 880, 1220, 1840, 1220, 850, 880, 850, 1840, 120, 120, 280, 280, 680, 680, 820, 820, 220, 220, 1230, 120, 400, 400, 120, 160, 1230, 6710, 6710, 7350, 1270, 7350, 1270, 7620, 180, 890, 820, 890, 180, 1580, 7620, 1580, 820, 990, 490, 3000, 990, 490, 3000, 20, 20, 1580, 380, 620, 900, 620, 380, 900, 1580, 130, 1640, 1640, 130, 1950, 160, 200, 1860, 1860, 820, 200, 1950, 820, 3710, 3710, 160, 1140, 210, 210, 50, 410, 50, 410, 150, 1490, 150, 40, 1300, 910, 1490, 1300, 910, 40, 520, 8840, 180, 520, 180, 8840, 40, 1350, 3450, 1350, 280, 40, 3450, 280, 500, 660, 1820, 100, 500, 660, 100, 1820, 580, 160, 160, 580, 660, 2460, 660, 2460, 40, 640, 40, 640, 200, 420, 40, 950, 420, 40, 760, 2530, 2530, 20, 1600, 20, 1600, 80, 40, 80, 40, 40, 650, 650, 40, 70, 10, 180, 10, 180, 670, 620, 260, 670, 620, 260, 610, 190, 610, 190, 440, 130, 440, 130, 180, 260, 180, 8820, 8820, 260, 280, 300, 100, 300, 280, 40, 40, 80, 290, 290, 80, 2660, 1020, 190, 1020, 10, 2660, 10, 190, 580, 30, 570, 580, 30, 570, 500, 1080, 1080, 240, 500, 340, 6120, 90, 340, 6120, 90, 130, 920, 130, 920, 650, 650, 290, 200, 1000, 290, 1000, 200, 1580, 400, 1580, 2170, 400, 120, 2170, 120, 880, 3100, 660, 880, 3100, 660, 340, 1170, 340, 4960, 4960, 1580, 460, 1580, 460, 1700, 1700, 90, 90, 2510, 2510, 2540, 20, 700, 2540, 20, 140, 700, 140, 790, 5080, 5080, 790, 28700, 28700, 1190, 570, 1190, 570, 230, 230, 720, 1580, 80, 40, 1580, 80, 180, 530, 980, 180, 530, 1450, 380, 80, 80, 50, 380, 1450, 450, 50, 450, 200, 50, 200, 350, 70, 350, 70, 1280, 1280, 30, 420, 420, 30, 1850, 1850, 420, 1980, 200, 200, 1980, 420, 960, 520, 960, 520, 80, 80, 170, 2340, 5090, 2360, 590, 2360, 590, 2340, 5090, 260, 170, 910, 360, 360, 15600, 4290, 4290, 15600, 360, 360, 420, 2740, 420, 50, 860, 1220, 1290, 1220, 50, 860, 70, 1290, 70, 1890, 1460, 1890, 3050, 640, 640, 1460, 3050, 120, 120, 140, 40, 160, 160, 140, 40, 150, 150, 60, 450, 450, 60, 420, 420, 210, 210, 1080, 1080, 1210, 280, 500, 280, 1210, 500, 110, 110, 350, 140, 3450, 210, 350, 210, 1640, 3450, 140, 1640, 490, 7180, 120, 7180, 490, 140, 2040, 2040, 140, 30, 40, 230, 30, 10, 10, 230, 40, 560, 2780, 2780, 560, 560, 650, 560, 650, 520, 1280, 520, 1280, 410, 290, 410, 1070, 40, 70, 20, 1070, 20, 40, 70, 1680, 530, 1680, 350, 530, 350, 180, 180, 130, 340, 350, 130, 340, 690, 690, 350, 1180, 4870, 4870, 1180, 10, 10, 50, 50, 3060, 2390, 3060, 110, 110, 2390, 500, 500, 350, 350, 450, 1160, 13910, 450, 13910, 660, 660, 1160, 350, 30, 470, 90, 470, 90, 350, 30, 1320, 1320, 560, 640, 640, 70, 560, 70, 310, 2980, 13110, 2980, 310, 7720, 320, 7720, 460, 490, 60, 460, 490, 60]"
2020-10-24 19:15:00+00:00,1378050,11,1042.0,"[500, 120, 500, 120, 950, 20, 950, 20, 90, 90, 130, 130, 100, 80, 100, 20, 440, 4310, 440, 4310, 20, 3870, 3870, 490, 1110, 490, 1470, 1470, 80, 80, 2680, 2680, 260, 260, 470, 470, 1880, 1880, 1580, 220, 220, 1580, 380, 120, 120, 80, 160, 1210, 1210, 1250, 80, 1250, 160, 970, 970, 2100, 740, 2100, 1100, 480, 1100, 740, 50, 410, 50, 2600, 50, 50, 2600, 1170, 1170, 100, 100, 420, 420, 920, 920, 50, 1420, 1240, 1420, 50, 620, 150, 620, 150, 630, 630, 30, 30, 780, 780, 460, 560, 520, 560, 520, 460, 170, 860, 170, 860, 20, 20, 60, 60, 14420, 14420, 110, 530, 110, 520, 530, 520, 1580, 150, 140, 3620, 140, 150, 1580, 90, 3620, 460, 460, 50, 930, 30, 930, 30, 250, 250, 220, 220, 3420, 3420, 3680, 3680, 420, 170, 430, 170, 420, 430, 1460, 1460, 380, 1560, 60, 1560, 380, 5910, 5910, 640, 60, 1170, 3640, 1170, 380, 30, 380, 3640, 30, 670, 100, 650, 650, 670, 100, 410, 10, 410, 4300, 4300, 10, 30, 30, 430, 430, 1310, 1310, 40, 50, 1020, 370, 50, 1020, 370, 150, 150, 760, 760, 140, 140, 40, 40, 2170, 2170, 10, 300, 300, 10, 260, 980, 980, 260, 890, 1400, 470, 120, 1400, 120, 890, 470, 720, 160, 10190, 510, 510, 1140, 10190, 720, 1140, 220, 220, 500, 500, 440, 440, 5500, 5500, 70, 70, 1950, 1950, 950, 950, 340, 340, 1640, 1640, 490, 110, 130, 270, 110, 850, 130, 4130, 4130, 270, 850, 80, 80, 150, 150, 1090, 1090, 390, 390, 890, 890, 1460, 1460, 50, 50, 50, 360, 50, 20, 5340, 20, 50, 360, 620, 620, 170, 170, 660, 600, 180, 600, 180, 660, 0, 780, 780, 840, 2090, 110, 840, 2090, 110, 160, 1170, 160, 1170, 250, 570, 980, 250, 980, 570, 680, 150, 110, 680, 30, 370, 30, 110, 150, 200, 200, 1010, 510, 1010, 510, 650, 650, 260, 260, 680, 680, 3940, 1090, 1090, 100, 420, 100, 260, 260, 360, 360, 420, 0, 0, 170, 170, 240, 280, 280, 240, 280, 510, 210, 280, 210, 510, 150, 360, 360, 150, 160, 270, 160, 100, 270, 100, 30, 30, 190, 120, 390, 120, 390, 190, 1340, 1000, 1200, 1000, 1200, 12480, 12480, 610, 20, 1190, 20, 610, 1490, 1490, 2890, 140, 2890, 300, 300, 180, 140, 180, 1140, 1140, 670, 270, 670, 270, 310, 310, 210, 200, 200, 210, 310, 670, 240, 670, 240, 310, 50, 1720, 50, 1720, 10, 190, 10, 10, 760, 550, 760, 10, 140, 140, 300, 530, 300, 70, 1000, 530, 70, 1000, 830, 830, 20, 20, 11540, 80, 1000, 80, 1000, 11540, 9080, 9080, 2230, 490, 450, 180, 180, 5710, 690, 40, 40, 690, 5710, 70, 10, 70, 10, 1170, 960, 2150, 960, 260, 2150, 20, 20, 7360, 1170, 7360, 1170, 350, 1820, 350, 1820, 100, 480, 2670, 100, 480, 250, 250, 30, 100, 100, 30, 220, 770, 220, 770, 320, 360, 320, 360, 40, 410, 410, 1090, 1890, 160, 1890, 160, 1090, 790, 290, 290, 790, 970, 540, 970, 540, 140, 950, 240, 950, 240, 240, 240, 140, 40, 570, 60, 40, 60, 570, 400, 1130, 1020, 1130, 1020, 400, 860, 860, 200, 6060, 220, 120, 10, 6060, 10, 220, 120, 43580, 43580, 490, 490, 200, 200, 610, 610, 220, 220, 1320, 800, 6140, 6140, 1320, 10, 10, 43580, 360, 43580, 360, 60, 1640, 60, 1640, 1670, 1670, 260, 260, 210, 210, 10, 10, 500, 1290, 1290, 500, 630, 630, 330, 330, 8210, 8210, 190, 2350, 2350, 190, 120, 230, 120, 1140, 230, 1140, 50, 8190, 8190, 940, 940, 1690, 1690, 670, 90, 90, 670, 110, 1120, 700, 110, 1120, 590, 700, 590, 100, 100, 760, 760, 270, 270, 120, 120, 20, 20, 120, 470, 120, 430, 890, 430, 890, 340, 40, 440, 40, 440, 340, 180, 40, 180, 40, 50, 50, 70, 70, 120, 8750, 850, 2060, 8750, 120, 850, 2060, 290, 3280, 290, 3280, 140, 150, 80, 250, 80, 150, 250, 140, 1170, 1170, 390, 390, 320, 180, 180, 320, 430, 430, 40, 90, 90, 90, 630, 630, 40, 180, 670, 180, 130, 130, 670, 40, 860, 510, 510, 2700, 2700, 340, 340, 100, 190, 190, 100, 270, 880, 1430, 380, 400, 120, 90, 380, 400, 90, 880, 270, 120, 1430, 670, 110, 110, 670, 600, 690, 1790, 1190, 690, 600, 120, 120, 1790, 1190, 1300, 1300, 310, 310, 120, 1820, 120, 100, 100, 520, 180, 520, 180, 920, 920, 260, 1900, 950, 260, 840, 1900, 950, 840, 440, 440, 190, 460, 460, 190, 120, 540, 540, 90, 120, 90, 390, 390, 1180, 1110, 1180, 1110, 1310, 820, 820, 1310, 2150, 300, 130, 130, 300, 350, 350, 120, 120, 2150, 2150, 120, 170, 120, 170, 560, 560, 590, 590, 180, 180, 35520, 150, 35520, 150, 910, 330, 910, 330, 780, 780, 220, 370, 370, 260, 790, 220, 790, 260, 120, 440, 40, 40, 20, 120, 1040, 540, 540, 20, 440, 1040, 3200, 20, 3200, 20, 130, 20, 130, 10, 30, 30, 10, 10990, 560, 560, 10990, 100, 500, 6440, 100, 500, 2150, 2150, 600, 600, 730, 730, 70, 70, 160, 10, 10700, 10700, 160, 10, 40, 720, 720, 40, 1140, 1140, 220, 50, 220, 50, 110, 1140, 1140, 110, 1400, 1400, 10, 10, 480, 340, 340, 480, 3050, 3050, 130, 130, 1320, 3020, 0, 140, 3020, 0, 140, 0, 1320, 1140, 1140, 26000, 26000, 200, 200, 50, 50, 380, 380, 280, 1300, 280, 1300, 2050, 2050, 70, 930, 70, 1030, 1030, 50, 50, 160, 160, 350, 1200, 1200, 140, 0, 0, 640, 140, 640, 230, 1160, 1160, 330, 330, 1750, 9430, 1750, 150, 50, 50, 6460, 9430, 30, 560, 140, 140, 560, 320, 130, 320, 2640, 160, 2640, 160, 1250, 80, 80, 1250, 60, 60, 360, 360, 30, 30, 1240, 1240, 590, 590, 400, 230, 400, 230, 90, 20, 1860, 1860, 620, 620, 210, 210, 3150, 30, 3150, 120, 30, 120, 1330, 1330, 330, 330, 0, 0, 700, 20, 700, 20, 40, 40, 190, 130, 130, 210, 190, 210, 460, 1210, 1210, 7320, 7320, 3500, 100, 3500, 100, 230, 710, 230, 710, 240, 240, 130, 130, 550, 270, 270, 550, 1890, 1890, 580, 580, 360, 440, 110, 350, 360, 350, 440, 780, 690, 2130, 2130, 690, 1200, 1200]"
2020-10-24 19:20:00+00:00,2691140,6,932.0,"[350, 350, 580, 580, 1820, 80, 1820, 80, 40, 40, 220, 220, 410, 3000, 3000, 0, 340, 340, 60, 160, 460, 460, 160, 60, 600, 600, 2220, 1410, 190, 150, 190, 1410, 150, 7320, 7320, 280, 280, 240, 240, 1220, 1220, 340, 340, 20, 20, 100, 100, 50, 300, 300, 3220, 3220, 240, 240, 100, 0, 0, 100, 300, 300, 5100, 5100, 430, 600, 430, 600, 50, 440, 160, 440, 790, 510, 790, 140, 510, 160, 1050, 740, 740, 1050, 200, 200, 7320, 7320, 340, 1820, 280, 1820, 1560, 280, 1560, 760, 760, 620, 170, 1240, 170, 1240, 620, 220, 220, 220, 220, 740, 3430, 740, 3430, 210, 210, 500, 500, 730, 170, 13300, 730, 13300, 170, 1190, 1310, 860, 860, 1310, 1190, 10, 220, 220, 500, 660, 80, 120, 600, 80, 120, 600, 660, 1220, 1220, 40, 220, 220, 60, 880, 880, 170, 360, 690, 270, 270, 690, 360, 110, 110, 50, 50, 220, 2300, 170, 220, 2300, 170, 3850, 3850, 150, 2150, 150, 1160, 90, 2180, 2180, 90, 1160, 520, 520, 370, 3480, 3480, 370, 730, 730, 1020, 100, 620, 100, 620, 890, 1760, 890, 3770, 3770, 1760, 90, 90, 240, 240, 940, 480, 310, 920, 310, 940, 920, 480, 740, 740, 200, 200, 10580, 520, 520, 10580, 1460, 1460, 220, 450, 220, 450, 90, 200, 240, 1360, 240, 200, 1360, 3210, 3210, 460, 2840, 2840, 460, 5020, 370, 5020, 1250, 2680, 520, 370, 520, 1250, 2680, 110, 110, 8150, 930, 8150, 930, 1650, 270, 1070, 1650, 1070, 270, 450, 450, 1720, 390, 20, 1080, 330, 390, 1080, 330, 20, 680, 80, 80, 310, 310, 20, 20, 1770, 680, 1770, 680, 590, 860, 860, 2170, 2170, 590, 170, 170, 480, 330, 330, 3250, 2180, 3250, 2180, 1060, 3650, 70, 70, 1060, 3650, 10, 10, 170, 110, 460, 110, 60, 170, 60, 460, 2660, 2660, 910, 90, 90, 910, 40, 40, 130, 270, 270, 130, 490, 490, 400, 400, 800, 800, 1770, 60, 1770, 60, 230, 230, 140, 250, 140, 250, 200, 200, 910, 910, 240, 10, 240, 10, 1670, 210, 670, 7050, 1670, 210, 7050, 670, 2780, 2780, 80, 80, 450, 450, 160, 3480, 3480, 5100, 160, 300, 300, 890, 780, 890, 780, 200, 380, 200, 380, 380, 160, 160, 80, 80, 900, 900, 21100, 810, 21100, 40, 8080, 160, 100, 40, 8080, 100, 160, 260, 440, 440, 260, 90, 860, 90, 70, 70, 1220, 620, 1220, 620, 90, 1620, 90, 1620, 580, 580, 130, 560, 560, 130, 1230, 7050, 920, 920, 1230, 7050, 6060, 230, 230, 7870, 7870, 110, 450, 70, 110, 450, 70, 3480, 400, 40, 3480, 40, 740, 740, 30, 920, 280, 280, 920, 21160, 21160, 520, 520, 200, 200, 140, 140, 1190, 1190, 400, 400, 390, 1820, 590, 100, 270, 1820, 4370, 390, 4370, 270, 310, 310, 340, 650, 340, 650, 390, 460, 460, 390, 540, 230, 230, 540, 20, 5530, 20, 12360, 270, 270, 12360, 5530, 130, 80, 340, 80, 620, 340, 130, 620, 130, 900, 130, 900, 360, 70, 120, 70, 120, 720, 720, 1740, 10, 30, 1740, 10, 30, 470, 470, 21400, 1230, 1230, 480, 480, 21400, 2840, 2840, 2960, 2110, 2960, 2110, 2260, 2260, 100, 100, 370, 370, 1120, 130, 70, 130, 1120, 840, 120, 120, 820, 820, 840, 180, 180, 150, 150, 270, 1000, 160, 2920, 270, 1000, 160, 2920, 5690, 5690, 560, 70, 560, 70, 320, 320, 160, 160, 200, 1190, 200, 1190, 320, 320, 570, 570, 530, 790, 1540, 530, 790, 1540, 80, 350, 80, 350, 210, 50, 380, 210, 380, 50, 300, 280, 300, 280, 160, 190, 290, 230, 290, 190, 160, 180, 230, 710, 710, 1840, 180, 2400, 2420, 120, 1840, 2420, 120, 2400, 180, 530, 220, 530, 1770, 1770, 450, 1290, 1290, 20, 220, 4420, 450, 430, 430, 1690, 370, 620, 620, 1690, 370, 50, 160, 890, 170, 890, 50, 160, 30, 210, 20, 210, 30, 20, 420, 420, 3320, 3320, 480, 480, 320, 320, 50, 50, 110, 110, 3500, 10, 160, 3500, 160, 10, 11270, 180, 170, 170, 180, 240, 240, 1140, 50, 1140, 50, 1360, 40, 1100, 120, 1360, 120, 40, 1100, 40, 190, 40, 190, 220, 220, 120, 120, 600, 600, 430, 1190, 1190, 2470, 2470, 4520, 4520, 890, 260, 30, 30, 60, 90, 90, 60, 90, 1160, 6350, 1160, 6350, 90, 10, 10, 130, 130, 130, 10, 200, 130, 20, 200, 20, 10, 690, 830, 180, 690, 830, 260, 430, 260, 430, 3920, 20, 20, 70, 150, 320, 70, 320, 150, 490, 490, 4000, 90, 90, 4000, 2190, 4340, 300, 2190, 250, 1140, 250, 2720, 2720, 1140, 480, 50, 480, 50, 1640, 230, 1640, 230, 7120, 7120, 1340, 960, 960, 1340, 180, 6750, 420, 420, 6750, 130, 130, 830, 1890, 330, 1890, 330, 1150, 1150, 120, 100, 1690, 100, 1690, 120, 260, 120, 260, 120, 690900, 580, 580, 690900, 160, 420, 420, 4390, 4390, 190, 190, 420, 420, 60, 60, 790, 790, 60, 10, 10, 3040, 3040, 1980, 6420, 6420, 1980, 80, 2400, 2400, 80, 320, 3940, 320, 3940, 300, 470, 100, 470, 100, 30, 90, 800, 1240, 90, 800, 30, 1240, 10620, 4380, 10620, 4380, 320, 320, 1290, 690, 50, 3980, 690, 1290, 3980, 15710, 15710, 810, 0, 160, 60, 210, 600, 530, 210, 160, 60, 600, 530, 390, 390, 190, 190, 1400, 10, 10, 1400, 390, 390, 15320, 15320, 2440, 2440, 0, 0, 750, 750, 1580, 1580, 330, 950, 330, 330, 950, 330, 1040, 1420, 160, 1420, 1550, 1040, 1550, 160, 70, 160, 70, 160, 120, 120, 260, 260, 350, 350, 5690, 5690, 850, 850, 690, 690, 50, 1320, 1320, 50, 2800, 69520, 69520, 140, 140, 300, 490, 300, 490]"
2020-10-24 19:25:00+00:00,2028470,10,920.0,"[840, 400, 840, 400, 140, 140, 40, 120, 40, 3860, 120, 3860, 16920, 16920, 2140, 2110, 2140, 6350, 6350, 690, 690, 690, 690, 40, 160, 40, 160, 3480, 3480, 810, 810, 9890, 9890, 420, 240, 240, 270, 270, 350, 350, 6590, 350, 350, 6590, 190, 660, 660, 190, 1610, 10, 1610, 4310, 50, 110, 3270, 50, 3270, 110, 4310, 1520, 10, 290, 10, 290, 1520, 1160, 1160, 1070, 3780, 3780, 1070, 1800, 1800, 10, 10, 1270, 10, 4560, 1270, 10, 4560, 640, 640, 810, 250, 810, 690, 690, 1180, 90, 3530, 90, 1180, 3530, 540, 710, 540, 710, 40, 40, 200, 200, 1040, 130, 500, 130, 100, 100, 500, 1040, 3720, 4380, 1070, 1070, 4380, 780, 30, 30, 780, 520, 180, 520, 180, 160, 160, 240, 240, 530, 530, 160, 160, 450, 150, 450, 150, 550, 40, 170, 40, 120, 20, 170, 120, 550, 210, 210, 1100, 1100, 380, 380, 70, 760, 70, 760, 230, 230, 2060, 20, 500, 2060, 500, 10, 10, 60, 240, 240, 60, 260, 260, 1700, 220, 1700, 220, 110, 260, 430, 110, 430, 260, 23350, 23350, 130, 600, 600, 130, 140, 30, 700, 30, 700, 140, 1180, 1180, 1800, 70, 400, 400, 1800, 70, 50, 100, 100, 50, 1890, 1100, 1100, 1890, 690, 690, 290, 3750, 290, 3750, 200, 200, 960, 960, 140, 140, 1560, 490, 110, 490, 110, 40, 40, 90, 160, 90, 160, 2200, 590, 590, 2200, 170, 170, 80, 80, 50, 50, 4880, 4880, 160, 160, 2580, 110, 20, 20, 180, 1120, 1120, 180, 1130, 120, 280, 600, 120, 600, 280, 1130, 920, 160, 1000, 1050, 1000, 160, 1050, 1710, 920, 1710, 860, 12080, 12080, 860, 220, 220, 240, 120, 60, 120, 60, 270, 270, 740, 40, 40, 740, 120, 120, 280, 280, 160, 160, 260, 260, 250, 2300, 250, 2300, 50, 50, 100, 100, 220, 2320, 220, 2320, 4580, 340, 340, 80, 1240, 1240, 50, 500, 50, 250, 250, 180, 180, 4060, 4060, 3920, 3920, 350, 350, 1430, 1430, 60, 60, 1750, 520, 520, 1750, 5050, 5050, 380, 380, 330, 330, 2660, 5510, 2660, 5510, 250, 1360, 780, 780, 1360, 1000, 420, 1000, 420, 7060, 140, 780, 2130, 7060, 140, 2130, 780, 2290, 2290, 40, 40, 420, 420, 251910, 251910, 100, 100, 70, 70, 80, 80, 210, 210, 150, 100, 150, 100, 360, 40, 40, 360, 710, 710, 410, 410, 340, 120, 120, 340, 410, 410, 1800, 870, 250, 3560, 1800, 870, 270, 320, 320, 270, 200, 1150, 200, 1150, 210, 140, 140, 210, 250, 510, 250, 510, 220, 220, 580, 580, 280, 280, 1500, 500, 1500, 500, 60, 60, 210, 210, 300, 300, 160, 160, 220, 320, 320, 220, 580, 580, 130, 1370, 0, 130, 1370, 210, 210, 0, 80, 80, 720, 720, 280, 1840, 40, 280, 1840, 40, 0, 250, 1210, 250, 0, 1210, 520, 520, 2050, 2050, 370, 370, 1010, 1010, 80, 80, 70, 70, 430, 180, 180, 430, 60, 60, 150, 150, 70, 70, 250, 1080, 1080, 720, 2350, 720, 2350, 200, 200, 270, 270, 420, 420, 1850, 30, 100, 100, 1850, 30, 50, 1550, 50, 1550, 70, 1850, 410, 80, 410, 1850, 80, 270, 1720, 270, 1720, 3500, 710, 1630, 1630, 710, 720, 170, 170, 180, 720, 130, 260, 130, 260, 350, 570, 350, 130, 130, 570, 360, 140, 240, 150, 150, 240, 360, 140, 1250, 1100, 440, 1100, 440, 3900, 3900, 440, 470, 440, 470, 590, 590, 4430, 4430, 250, 10960, 250, 3840, 310, 250, 310, 3840, 40, 40, 250, 600, 600, 630, 630, 410, 380, 40, 40, 4000, 380, 4000, 3420, 3420, 230, 1420, 230, 860, 50, 350, 50, 860, 350, 190, 190, 350, 3500, 3500, 350, 70, 690, 690, 70, 490, 3560, 3560, 490, 10, 20, 110, 20, 110, 180, 5180, 180, 270, 150, 5180, 270, 2130, 150, 2130, 250, 250, 40, 40, 0, 700, 740, 0, 700, 740, 100, 100, 180, 30, 1670, 1670, 30, 1080, 1080, 600, 600, 440, 440, 20, 30, 710, 710, 30, 210, 180, 180, 210, 4540, 240, 10, 10, 230, 230, 480, 480, 310, 310, 30, 170, 170, 30, 120, 140, 120, 1400, 1400, 1240, 1240, 1100, 1100, 1400, 1400, 140, 0, 140, 3920, 0, 140, 760, 3920, 260, 760, 110, 370, 140, 530, 270, 140, 530, 270, 130, 50, 50, 130, 420, 420, 260, 230, 120, 12000, 200, 230, 12000, 120, 200, 1130, 1130, 330, 550, 150, 550, 150, 330, 210, 20, 210, 20, 50, 50, 260, 260, 220, 750, 220, 750, 450, 390, 1520, 1520, 390, 60, 60, 130, 130, 80, 80, 10380, 60, 80, 10380, 60, 80, 240, 470, 470, 240, 460, 460, 1430, 38470, 1430, 38470, 110, 110, 100, 100, 80, 290, 290, 220, 220, 220, 220, 3590, 3590, 5920, 5920, 80, 80, 160, 160, 1360, 28250, 28250, 1360, 150, 150, 1000, 40, 40, 270, 270, 450, 450, 1080, 50, 1320, 10, 50, 1320, 10, 50, 7600, 110, 110, 7600, 1090, 1090, 1510, 1510, 1100, 240, 240, 30, 200, 30, 200, 2440, 470, 2440, 470, 810, 180, 810, 230, 230, 180, 680, 510, 680, 790, 510, 790, 420, 9720, 420, 9720, 120, 120, 820, 1750, 1750, 820, 250, 950, 950, 220, 250, 220, 400, 230, 2720, 2720, 400, 230, 810, 810, 100, 1070, 1070, 100, 1370, 1370, 50, 940, 50, 580, 100, 420, 580, 100, 370, 20, 260, 20, 260, 370, 1080, 1080, 1680, 1680, 520, 120, 250, 120, 250, 60, 60, 250, 250, 600, 600, 27900, 27900, 40, 50, 40, 170, 170, 210, 210, 3750, 3750, 340, 210, 210, 550, 790, 550, 2650, 690, 2650, 690]"
2020-10-24 19:30:00+00:00,5916000,19,1220.0,"[20, 20, 80, 80, 220, 220, 40, 40, 70, 610, 10, 10, 610, 70, 1220, 1220, 30, 30, 20, 340, 340, 20, 60, 60, 160, 160, 70, 1860, 10, 70, 1860, 10, 50, 50, 640, 640, 2180, 40, 40, 2180, 1070, 1070, 160, 160, 170, 170, 430, 600, 430, 600, 120, 120, 70, 390, 70, 390, 840, 840, 210, 380, 210, 380, 350, 150, 150, 350, 80, 80, 260, 260, 490, 490, 920, 920, 440, 80, 440, 80, 2790, 2790, 200, 200, 60, 60, 80, 80, 2180, 2180, 2480, 160, 1540, 160, 1540, 2010, 230, 4920, 230, 2010, 390, 2050, 390, 2050, 1590, 1590, 540, 12830, 540, 600, 980, 600, 70, 980, 70, 570, 130, 130, 570, 80, 80, 2110, 470, 2110, 1590, 1590, 180, 70, 180, 70, 30, 20, 20, 30, 30, 30, 1190, 1190, 541900, 1880, 541900, 1880, 240, 240, 210, 360, 360, 20490, 20490, 1460, 130, 130, 660, 420, 660, 420, 1460, 80, 80, 5780, 5780, 1250, 1250, 21480, 4800, 21480, 2650, 2650, 20, 20, 720, 240, 240, 270, 610, 270, 610, 720, 440, 440, 4220, 4220, 3250, 1680, 1680, 1410, 3250, 180, 1410, 180, 100, 16620, 320, 16620, 240, 1640, 410, 240, 1640, 560, 560, 410, 320, 3000, 2230, 2230, 3000, 70, 4850, 70, 4850, 400, 400, 11940, 11940, 110, 220, 3410, 220, 3410, 60, 460, 180, 460, 130, 180, 60, 120, 820, 120, 820, 450, 4450, 4450, 450, 1270, 230, 90, 1270, 230, 3070, 90, 3070, 1650, 1650, 180, 180, 280, 280, 1190, 330, 100, 330, 230, 1700, 3250, 100, 3250, 1700, 230, 5310, 5310, 220, 20, 20, 220, 1340, 1340, 140, 240, 12220, 140, 240, 240, 12220, 1470, 1470, 20, 140, 1020, 100, 140, 100, 1020, 20, 12940, 2040, 2040, 12940, 400, 90, 400, 90, 20, 20, 310, 80, 60, 80, 310, 60, 20710, 700, 190, 20710, 780, 780, 700, 190, 40, 40, 11200, 11200, 1010, 1010, 1540, 540, 40, 40, 540, 1540, 510, 10, 10, 510, 280, 1080, 1080, 280, 510, 510, 220, 220, 350, 800, 350, 410, 800, 2670, 140, 2670, 140, 1640, 1110, 1640, 1110, 200, 170, 200, 170, 180, 1320, 150, 1320, 150, 180, 200, 200, 250, 250, 120, 10, 910, 1330, 120, 1330, 910, 10, 650, 1440, 650, 150, 150, 380, 140, 380, 140, 2570, 2570, 910, 320, 910, 1010, 320, 1010, 120, 120, 1780, 1780, 110, 1670, 110, 9360, 510, 9360, 510, 1730, 650, 240, 650, 240, 1730, 1150, 380, 3460, 380, 1150, 3460, 5590, 1440, 140, 50, 5590, 140, 1440, 50, 390, 390, 440, 90, 90, 440, 220, 220, 20, 270, 270, 10, 280, 240, 1640, 240, 1640, 10, 280, 140, 140, 450, 2620, 2620, 450, 60, 190, 60, 190, 60, 120, 60, 120, 20, 260, 20, 260, 1070, 700, 700, 1070, 270, 270, 1170, 280, 370, 1170, 110, 470, 50, 110, 970, 970, 50, 470, 840, 100, 840, 1120, 3440, 3440, 100, 1120, 1080, 1080, 420, 420, 180, 20, 180, 20, 130, 240, 130, 240, 10, 10, 200, 250, 200, 250, 770, 240, 770, 240, 340, 2450, 340, 1880, 1880, 1180, 320, 320, 1180, 520, 400, 400, 3440, 60, 41200, 60, 3440, 41200, 11760, 6790, 11760, 6790, 110, 110, 230, 40, 40, 230, 250, 120, 120, 250, 340, 340, 30, 30, 7980, 2680, 520, 2680, 1230, 80, 520, 80, 1230, 10, 1120, 80, 10, 730, 80, 1120, 730, 750, 750, 20, 120, 1790, 1150, 60, 1790, 1150, 60, 20, 120, 150, 620, 150, 210, 120, 210, 120, 620, 760, 760, 570, 1120, 570, 1120, 3500, 3500, 130, 810, 1180, 810, 60, 1180, 60, 130, 10, 70, 10, 70, 40, 850, 120, 350, 850, 120, 350, 40, 1090, 1090, 250, 70, 250, 70, 1120, 410, 410, 1120, 230, 1210, 390, 1660, 390, 1660, 1210, 230, 140, 490, 400, 490, 400, 140, 20, 20, 60, 1060, 390, 1060, 390, 60, 600, 600, 30, 30, 1590, 7110, 35940, 7110, 240, 35940, 240, 430, 430, 60, 60, 910, 910, 2180, 10, 10, 2180, 1700, 240, 880, 1700, 240, 880, 340, 340, 6080, 5300, 60, 60, 5300, 6080, 70, 2280, 20710, 70, 330, 2280, 20710, 330, 120, 2710, 1630, 120, 1630, 2710, 4160, 920, 120, 920, 120, 920, 920, 4160, 150, 150, 120, 240, 110, 120, 240, 110, 1180, 1140, 120, 4750, 90, 1180, 3240, 4750, 1140, 3240, 90, 120, 520, 810, 230, 810, 520, 230, 16460, 3700, 3700, 340, 340, 360, 16460, 340, 780, 60, 1090, 60, 780, 3080, 1090, 3080, 340, 320, 430, 320, 100, 430, 170, 170, 8880, 1790, 1790, 8880, 100, 15500, 460, 20, 460, 15500, 20, 100, 80, 80, 380, 3760, 3760, 380, 1070, 1070, 1640, 1640, 9320, 410, 1010, 410, 9320, 1010, 170, 270, 270, 60, 60, 220, 220, 1100, 580, 110, 1100, 520, 110, 580, 100, 20960, 520, 20960, 100, 70, 70, 2050, 2050, 1530, 340, 3510, 1530, 340, 70, 3510, 70, 440, 440, 370, 1050, 370, 1190, 1050, 10, 1190, 10, 990, 990, 140, 270, 140, 1050, 1050, 270, 5400, 380, 5400, 380, 1230, 730, 1230, 730, 4490, 4490, 700, 700, 200, 170, 220, 100, 100, 220, 320, 250, 3060, 250, 920, 920, 3060, 180, 310, 180, 310, 220, 7790, 220, 7790, 70, 90, 15700, 1350, 1350, 90, 90, 15700, 90, 1270, 2120, 90, 3750, 290, 3750, 1270, 90, 290, 2120, 660, 440, 600, 660, 440, 600, 250, 250, 880, 3500, 880, 100, 1850, 3500, 1850, 100, 3620, 80, 130, 80, 130, 190, 190, 3620, 2710, 110, 60, 60, 710, 2710, 110, 1310, 80, 1310, 80, 220, 220, 1040, 1040, 220, 1690, 220, 1690, 140, 140, 13240, 13240, 1490, 1490, 100, 100, 2120, 710, 2120, 710, 1940, 1940, 3400, 3400, 930, 930, 50, 50, 450, 1630, 1630, 450, 20, 20, 220, 2670, 2670, 220, 5880, 380, 5880, 380, 10, 830, 10, 830, 60, 60, 6080, 50, 50, 6080, 650, 650, 120, 120, 180, 40, 180, 40, 5060, 30, 1360, 1360, 5060, 90, 90, 30, 3160, 3160, 2770, 2770, 1700, 290, 1700, 290, 1430, 90, 1430, 90, 140, 1940, 1390, 140, 1390, 250, 250, 1940, 220, 220, 1000, 1000, 1120, 1120, 20, 20, 720, 720, 930, 930, 1100, 540, 540, 130, 150, 150, 1100, 120, 940, 120, 730, 13240, 13240, 730, 80, 80, 390, 390, 730, 730, 50, 50, 150, 150, 1380, 350, 1380, 350, 10, 380, 3530, 3530, 2670, 720, 2670, 540, 540, 720, 100, 100, 1810, 640, 90, 640, 90, 1810, 170, 1450, 1080, 1450, 1080, 170, 190, 140, 190, 390, 390, 2900, 570, 220, 570, 2900, 220, 460, 460, 1040, 1040, 30, 30, 180, 180, 0, 0, 180, 180, 1210, 520, 1210, 1050, 30, 30, 1050, 400, 740, 190, 560, 170, 190, 170, 560, 740, 2160, 780, 420, 2160, 780, 420, 40, 40, 3930, 260, 910, 910, 260, 1010, 200, 1010, 50, 50, 1630, 250, 250, 1630, 760, 2340, 420, 2340, 140, 420, 140, 1250, 760, 100, 1890, 1890, 100, 2560, 600, 140, 600, 140, 30, 30, 2560, 8340, 8340, 60, 270, 270, 170, 60, 680, 90, 260, 40, 90, 680, 40, 260, 1190, 740, 300, 1190, 740, 1420, 1400, 10, 60, 60, 10, 130, 7340, 7340, 130, 110, 2830, 110, 2830, 120, 220, 220, 340, 340, 2070, 110, 20, 2070, 20, 110, 340, 250, 250, 340, 190, 1940, 470, 190, 1940, 470, 1740, 1740, 380, 380, 720, 1820, 720, 1820, 8910, 670, 490, 670, 490, 8910]"
2020-10-24 19:35:00+00:00,5243490,18,1449.0,"[4730, 4730, 360, 360, 190, 1420, 26160, 1100, 4440, 190, 1420, 1100, 4440, 26160, 30, 840, 710, 3860, 710, 30, 840, 3860, 1370, 150, 1370, 150, 400, 540, 400, 540, 1110, 0, 1110, 0, 2010, 4750, 8200, 2010, 8200, 50, 50, 4750, 130, 130, 0, 0, 20, 20, 740, 380, 1420, 190, 1420, 740, 190, 380, 220, 180, 180, 220, 170, 170, 720, 720, 90, 330, 90, 330, 920, 30, 920, 30, 60, 30, 30, 7750, 710, 710, 613330, 7750, 382530, 613330, 382530, 670, 670, 130, 130, 610, 610, 20, 920, 920, 20, 20, 90, 90, 120, 280, 410, 310, 120, 310, 410, 4980, 6130, 3910, 6130, 3910, 30, 30, 4980, 120, 20, 120, 1080, 1080, 190, 190, 60, 960, 960, 440, 490, 440, 490, 280, 320, 280, 320, 4460, 4460, 120, 60, 750, 120, 60, 140, 1090, 20, 1400, 1400, 1090, 140, 20, 150, 4630, 800, 70, 800, 4630, 70, 150, 280, 280, 0, 60, 30, 1190, 30, 60, 0, 1190, 170, 170, 170, 170, 450, 770, 30, 30, 770, 450, 3750, 3750, 110, 280, 110, 280, 1840, 1840, 60, 60, 380, 380, 50, 50, 50, 50, 1220, 1220, 1370, 1370, 840, 25320, 710, 220, 840, 1750, 220, 110, 110, 1750, 25320, 710, 1670, 1670, 630, 630, 770, 770, 910, 910, 390, 30, 350, 30, 350, 390, 500, 21300, 500, 21300, 40, 80, 1770, 30, 4130, 80, 4130, 1770, 30, 840, 90, 450, 1090, 90, 1830, 450, 840, 1830, 1090, 170, 170, 160, 160, 1140, 3900, 1140, 3900, 220, 1530, 1200, 1530, 1200, 220, 100, 100, 180, 120, 120, 180, 220, 210, 220, 210, 1340, 1340, 260, 260, 520, 370, 520, 420, 1480, 420, 1480, 170, 170, 3100, 3100, 200, 200, 750, 300, 750, 300, 1040, 1040, 2110, 2110, 80, 90, 80, 180, 180, 90, 670, 670, 1010, 60, 1010, 70, 380, 380, 1700, 240, 1950, 1280, 1950, 1280, 1700, 240, 1070, 100, 100, 1050, 1050, 1070, 1120, 4380, 1120, 4380, 120, 3740, 1970, 3740, 120, 1970, 60, 30, 140, 360, 140, 60, 30, 440, 170, 1290, 440, 170, 1290, 110, 1770, 1160, 1770, 110, 1160, 400, 440, 7850, 400, 440, 7850, 300, 300, 150, 150, 7710, 7710, 40, 40, 300, 1080, 300, 540, 450, 120, 540, 450, 100, 100, 400, 20, 20, 1450, 1450, 450, 240, 0, 450, 0, 240, 3860, 10, 10, 3860, 1010, 80, 1010, 80, 190, 390, 1330, 390, 190, 190, 130, 130, 190, 660, 660, 1460, 2190, 1460, 1710, 2190, 760, 980, 980, 760, 2000, 2000, 710, 1160, 880, 880, 280, 280, 20, 20, 590, 590, 360, 240, 3260, 10, 360, 3260, 10, 240, 400, 400, 360, 3310, 3310, 360, 20, 20, 1860, 20, 1860, 20, 220, 290, 220, 780, 70, 290, 70, 780, 3980, 410, 3980, 410, 60, 60, 20, 20, 420, 420, 890, 130, 130, 890, 90, 90, 760, 760, 220, 220, 48210, 48210, 110, 12570, 2930, 12570, 2930, 3990, 110, 3990, 760, 120, 1340, 760, 260, 940, 1340, 260, 940, 120, 900, 1720, 750, 750, 900, 1720, 5260, 260, 5260, 260, 440, 270, 440, 270, 3140, 3140, 30630, 30630, 420, 420, 420, 50, 420, 50, 50, 50, 230, 230, 260, 260, 120, 120, 550, 550, 220, 220, 890, 150, 890, 560, 140, 560, 30630, 140, 560, 30630, 560, 810, 320, 810, 1350, 1350, 19240, 180, 710, 180, 260, 710, 19240, 390, 70, 390, 1540, 1540, 70, 70, 490, 490, 70, 30, 30, 1610, 1610, 900, 180, 400, 180, 400, 900, 20, 20, 210, 210, 560, 10410, 560, 1280, 70, 1280, 150, 290, 330, 150, 290, 330, 1490, 1490, 380, 380, 3820, 1170, 320, 1170, 3820, 320, 260, 70, 70, 260, 310, 310, 210, 360, 430, 430, 360, 5980, 210, 2500, 860, 70, 1360, 70, 2500, 10, 1360, 860, 300, 310, 310, 300, 590, 2040, 590, 100, 520, 170, 510, 100, 520, 170, 510, 1420, 1920, 1920, 1420, 1140, 60, 1230, 120, 1230, 1140, 120, 340, 60, 340, 500, 320, 350, 3510, 3510, 500, 320, 350, 1770, 150, 1770, 150, 480, 480, 1860, 930, 0, 930, 1860, 3880, 330, 3880, 330, 1400, 1020, 1020, 0, 1940, 200, 200, 60, 60, 1940, 40, 120, 400, 0, 400, 120, 460, 0, 460, 140, 40, 140, 40, 2120, 210, 210, 2120, 1750, 1750, 80, 500, 200, 80, 500, 240, 80, 80, 80, 200, 1380, 2610, 300, 1380, 2610, 300, 380, 10, 380, 10, 420, 360, 520, 520, 360, 420, 12530, 2300, 2300, 12530, 610, 3540, 610, 3540, 240, 240, 270, 340, 4280, 340, 30, 270, 30, 210, 13130, 210, 13130, 5110, 5110, 3370, 220, 80, 220, 3370, 80, 440, 270, 440, 200, 360, 270, 360, 200, 20, 60, 20, 60, 30, 30, 50, 1120, 1090, 1120, 800, 50, 1090, 800, 6380, 6380, 7360, 410, 5770, 7360, 410, 5770, 38320, 1410, 1310, 1310, 1410, 220, 38320, 18780, 20, 20, 18780, 280, 20, 110, 320, 110, 20, 320, 280, 1270, 290, 60, 80, 290, 30, 80, 30, 1270, 60, 1160, 60, 60, 50, 50, 1160, 210, 210, 120, 1050, 170, 1050, 170, 2390, 120, 430, 70, 430, 20, 70, 300, 60, 170, 300, 170, 700, 1130, 590, 1130, 590, 700, 260, 260, 840, 90, 840, 2860, 890, 1140, 890, 1320, 2860, 150, 60, 1320, 1140, 60, 240, 1620, 270, 60, 240, 1620, 2240, 60, 2240, 270, 2610, 860, 140, 860, 2610, 320, 160, 130, 320, 160, 130, 10, 1140, 1140, 10, 280, 2080, 280, 2080, 17630, 70, 17630, 70, 120, 120, 360, 2750, 160, 2750, 190, 160, 360, 10, 10, 90, 290, 290, 70, 570, 3900, 640, 640, 660, 1100, 3900, 660, 640, 570, 640, 1100, 30, 750, 2040, 270, 2040, 30, 750, 270, 430, 3040, 90, 150, 90, 3040, 150, 430, 510, 510, 980, 1250, 1230, 980, 1250, 260, 1230, 260, 320, 5150, 1400, 1400, 320, 30, 30, 5150, 430, 80, 150, 430, 80, 150, 950, 130, 240, 130, 950, 240, 220, 330, 220, 220, 330, 220, 240, 480, 250, 400, 480, 1100, 400, 250, 2730, 1100, 2040, 2040, 2220, 1430, 250, 2220, 1430, 250, 190, 1210, 190, 1210, 430, 430, 240, 120, 240, 120, 120, 120, 4440, 4440, 700, 700, 420, 650, 310, 310, 420, 1400, 650, 1250, 530, 120, 160, 200, 120, 300, 530, 1250, 160, 200, 300, 200, 70, 70, 200, 730, 730, 2660, 13180, 2660, 60, 60, 150, 380, 810, 380, 810, 150, 630, 630, 1260, 820, 1260, 480, 60, 150, 350, 150, 350, 60, 30, 250, 80, 80, 200, 250, 80, 30, 200, 80, 140, 140, 0, 0, 1050, 1070, 1050, 810, 3480, 300, 3480, 810, 300, 290, 290, 0, 1030, 1030, 0, 140, 810, 140, 810, 450, 130, 130, 450, 250, 250, 2790, 5520, 2790, 5520, 60, 60, 710, 1270, 690, 710, 690, 1270, 520, 1050, 530, 120, 800, 1050, 30, 530, 800, 120, 30, 520, 2810, 2810, 350, 350, 400, 400, 400, 400, 520, 120, 380, 520, 380, 120, 520, 1680, 170, 220, 100, 1680, 100, 170, 150, 430, 100, 100, 100, 150, 100, 510, 510, 430, 10, 450, 380, 540, 380, 10, 540, 450, 80, 1820, 3480, 80, 1820, 3480, 580, 1880, 860, 410, 70, 860, 580, 18780, 1880, 120, 18780, 410, 70, 1130, 460, 460, 520, 200, 80, 200, 520, 3240, 80, 200, 200, 250, 250, 170, 1920, 990, 1920, 170, 990, 90, 90, 9860, 3810, 3540, 3810, 70, 3540, 9860, 70, 300, 90, 300, 450, 2920, 23190, 5430, 1010, 450, 2920, 5430, 1010, 60, 150, 1270, 800, 1270, 800, 4670, 670, 410, 670, 460, 1140, 110, 1140, 460, 110, 410, 180, 460, 460, 180, 90, 310, 90, 930, 310, 930, 170, 3300, 40, 40, 170, 230, 40, 40, 230, 3300, 280, 1120, 170, 1120, 440, 170, 280, 440, 190, 5520, 20, 190, 20, 460, 5520, 0, 320, 320, 0, 400, 530, 530, 3430, 4130, 4130, 3430, 560, 140, 560, 5760, 140, 5760, 270, 90, 270, 1980, 90, 0, 570, 0, 700, 570, 700, 40, 40, 290, 290, 820, 820, 250, 250, 360, 240, 360, 440, 400, 240, 90, 90, 610, 10, 10, 610, 110, 330, 660, 64270, 660, 64270, 80, 110, 1380, 1380, 330, 9400, 350, 400, 9400, 400, 350, 420, 420, 310, 90, 270, 40, 2810, 2810, 270, 40, 310, 90, 1690, 660, 1690, 660, 50, 50, 490, 2800, 50, 200, 490, 200, 2800, 50, 290, 570, 450, 450, 290, 570, 5760, 5760, 120, 120, 3480, 250, 420, 250, 3480, 420, 170, 170, 340, 340, 200, 90, 3940, 200, 90, 410, 530, 3940, 70, 530, 410, 70, 320, 280, 280, 320, 3240, 3240, 2060, 2190, 2190, 350, 3830, 130, 220, 3830, 450, 450, 350, 130, 220, 2190, 440, 2920, 2190, 440, 2920, 1110, 1110, 410, 410, 60, 60, 2280, 110, 90, 60, 110, 60, 90, 2280, 80, 80, 4530, 1930, 170, 170, 4530, 1930]"
2020-10-24 19:40:00+00:00,2818190,12,1300.0,"[980, 980, 20, 250, 20, 20, 500, 150, 590, 150, 500, 20, 590, 3950, 290, 450, 450, 290, 3950, 90, 90, 1200, 190, 1200, 190, 1100, 2700, 570, 120, 2700, 1100, 570, 120, 210, 210, 710, 710, 4530, 830, 4530, 29540, 830, 280, 350, 320, 350, 670, 320, 670, 280, 60, 860, 60, 860, 180, 320, 50, 50, 50, 50, 320, 580, 640, 580, 3520, 3520, 640, 1660, 580, 26630, 580, 550, 26630, 1420, 210, 390, 490, 310, 1420, 390, 210, 490, 560, 310, 560, 350, 350, 750, 750, 3730, 3730, 4420, 4420, 1570, 140, 190, 1570, 210, 190, 630, 630, 140, 820, 10, 180, 160, 10, 820, 180, 160, 4440, 10, 420, 10, 420, 0, 4440, 0, 130, 130, 220, 1610, 220, 60, 60, 270, 3500, 400, 1200, 400, 270, 1200, 340, 3500, 270, 270, 100, 14280, 14280, 100, 20, 320, 320, 20, 2530, 2530, 130, 390, 560, 130, 580, 390, 560, 580, 170, 170, 320, 230, 230, 880, 880, 620, 540, 620, 360, 210, 360, 540, 210, 80, 670, 14280, 350, 14280, 80, 670, 350, 140, 480, 480, 140, 930, 930, 690, 200, 4520, 690, 200, 4520, 860, 110, 860, 110, 520, 520, 4080, 100, 50, 3890, 100, 50, 3890, 4080, 490, 490, 60, 60, 680, 680, 130, 130, 760, 580, 50, 710, 760, 510, 1720, 50, 710, 510, 580, 18660, 480, 1200, 18660, 650, 1200, 470, 480, 650, 470, 4440, 14570, 14570, 4440, 250, 30, 250, 30, 200, 200, 440, 190, 440, 190, 260, 260, 1150, 1920, 1450, 420, 1920, 1450, 420, 1150, 240, 240, 5990, 5990, 60, 520, 800, 520, 800, 60, 50, 70, 50, 70, 550, 3150, 650, 270, 550, 3150, 270, 650, 760, 760, 30, 160, 340, 400, 730, 30, 160, 730, 400, 340, 3290, 3290, 80, 30, 30, 80, 1200, 410, 1200, 1300, 1300, 77740, 680, 400, 680, 400, 280, 280, 960, 990, 960, 1740, 110, 2530, 80, 7020, 3450, 80, 3450, 110, 2530, 7020, 70, 310, 160, 70, 310, 160, 12140, 160, 1360, 1530, 140, 1360, 160, 140, 1530, 12140, 100, 100, 10, 10, 110, 3500, 3500, 190, 110, 190, 110, 560, 1710, 560, 1710, 450, 450, 180, 180, 240, 220, 90, 220, 240, 1750, 1750, 80, 200, 1460, 1460, 240, 80, 240, 200, 210, 920, 920, 1320, 1320, 170, 170, 5840, 2440, 2440, 5840, 140, 360, 360, 140, 280, 90, 280, 80, 80, 1120, 260, 50, 790, 260, 130, 790, 50, 1120, 130, 50, 3590, 30, 130, 50, 3590, 5240, 5240, 210, 210, 360, 700, 360, 700, 120, 120, 430, 430, 510, 120, 8790, 510, 70, 8790, 120, 2440, 5840, 2440, 1400, 1400, 5840, 490, 1160, 1160, 420, 160, 420, 160, 900, 100, 100, 900, 560, 8940, 700, 700, 20, 8940, 560, 0, 160, 160, 320, 2000, 0, 2000, 100, 320, 100, 220, 220, 650, 650, 450, 450, 1120, 1120, 230, 1260, 220, 220, 1260, 400, 170, 170, 400, 3240, 1340, 1210, 3240, 1340, 1210, 100, 140, 60, 1400, 230, 120, 1400, 380, 70, 380, 70, 230, 120, 1210, 240, 1210, 240, 570, 2040, 2040, 570, 30, 30, 600, 600, 4040, 280, 290, 4040, 280, 290, 660, 660, 30, 140, 3220, 140, 3220, 490, 20, 720, 490, 20, 720, 130, 160, 130, 650, 660, 660, 650, 30, 30, 830, 830, 1410, 1410, 130, 980, 220, 280, 980, 130, 1220, 220, 1220, 280, 240, 610, 240, 610, 670, 3080, 4440, 8080, 3080, 4440, 1690, 1690, 8080, 560, 90, 90, 560, 250, 200, 250, 200, 680, 240, 240, 680, 780, 780, 560, 210, 390, 2160, 450, 1080, 2160, 210, 1080, 450, 390, 560, 580, 310, 310, 920, 580, 40, 40, 250, 2280, 310, 250, 2280, 70, 310, 70, 10, 70, 10, 1370, 1370, 3320, 30, 340, 30, 3320, 800, 2200, 440, 200, 2200, 200, 440, 320, 320, 90, 90, 50, 890, 1140, 890, 50, 1140, 140, 330, 140, 170, 330, 100, 100, 60, 30, 30, 60, 180, 170, 120, 120, 180, 170, 380, 5510, 5510, 540, 380, 1370, 140, 1370, 1740, 1740, 140, 290, 0, 220, 0, 290, 1540, 1540, 130, 5690, 1100, 5690, 1100, 470, 470, 9820, 9820, 40, 40, 4840, 4840, 210, 210, 630, 630, 1050, 120, 750, 180, 1050, 120, 180, 750, 1130, 170, 1130, 170, 850, 850, 7200, 7200, 1580, 18170, 1580, 18170, 650, 650, 3200, 3200, 270, 760, 570, 960, 760, 570, 270, 2540, 2540, 2310, 2310, 100, 100, 350, 530, 1540, 350, 530, 1210, 520, 1210, 140, 520, 260, 5580, 420, 5580, 420, 850, 600, 140, 160, 1580, 140, 160, 850, 600, 1580, 20, 280, 1120, 280, 1120, 20, 7900, 7900, 10, 5980, 10, 350, 350, 40, 130, 3660, 270, 40, 130, 3660, 270, 690, 10, 90, 10, 690, 90, 120, 250, 120, 250, 340, 340, 250, 300, 150, 320, 240, 140, 250, 300, 240, 150, 1400, 700, 40, 1400, 700, 40, 140, 5610, 140, 5610, 140, 2520, 780, 2520, 780, 160, 520, 160, 1150, 340, 1150, 520, 70, 80, 2510, 50, 70, 80, 2510, 150, 50, 150, 2810, 560, 240, 240, 560, 2810, 330, 180, 1450, 20, 1450, 20, 330, 180, 4190, 320, 1010, 330, 4190, 330, 320, 1010, 280, 4320, 800, 950, 800, 280, 4320, 1030, 3750, 1030, 3750, 120, 1710, 270, 120, 1710, 1150, 490, 1150, 490, 70, 200, 70, 890, 890, 8080, 8080, 11240, 410, 11240, 10610, 410, 10610, 50, 190, 380, 190, 380, 40, 50, 40, 300, 580, 580, 300, 440, 820, 440, 820, 720, 790, 360, 110, 370, 720, 360, 790, 370, 190, 160, 240, 420, 190, 1320, 160, 1320, 320, 0, 320, 0, 150, 150, 20, 20, 2810, 2810, 820, 820, 2580, 500, 2580, 440, 500, 7020, 220, 220, 1280, 1280, 240, 390, 390, 240, 180, 180, 380, 11920, 380, 120, 11920, 440, 3500, 3500, 440, 10, 132510, 132510, 10, 770, 820, 770, 820, 5360, 5360, 590, 220, 590, 130, 140, 130, 2310, 1330, 2310, 1330, 550, 550, 1440, 2090, 2090, 1440, 1050, 480, 60, 60, 140, 140, 480, 150, 150, 1400, 330, 1400, 330, 230, 230, 10, 10, 870, 790, 260, 20, 90, 9520, 20, 90, 980, 260, 980, 9520, 1550, 1550, 3650, 580, 580, 3650, 670, 2230, 360, 360, 670, 2230, 110, 620, 5100, 110, 620, 330, 790, 570, 330, 790, 570, 390, 3080, 390, 3080, 40, 40, 70, 70, 6410, 80, 30, 180, 30, 80, 6410, 180, 230, 230, 290, 220, 220, 290, 1580, 700, 1580, 320, 700, 320, 150, 150, 2290, 9880, 11340, 9880, 2290, 220, 94200, 94200, 220, 90, 90, 110, 1130, 190, 1130, 110, 190, 0, 0, 170, 170, 0, 0, 70, 0, 0, 70, 2920, 30, 2920, 30, 140, 680, 140, 680, 630, 1740, 12510, 440, 12510, 1740, 10, 130, 310, 130, 310, 10, 200, 80, 200, 80, 70, 550, 1130, 550, 70, 1130, 470, 470, 260, 90, 90, 260, 270, 120, 120, 170, 600, 600, 170, 520, 100, 120, 100, 520, 120, 100, 100, 250, 250, 2310, 1060, 2440, 320, 1060, 2440, 320, 2310, 710, 251330, 40, 710, 40, 251330, 840, 1890, 360, 840, 360, 1890, 660, 660, 280, 280, 440, 4120, 440, 4120, 130, 560, 2910, 130, 10, 180, 10, 180, 180, 200, 180, 210, 200, 210, 600, 600, 320, 54200, 850, 2150, 54200, 320, 850, 2150, 1220, 1550, 1550, 1220, 850, 2640, 1170, 850, 2640, 1170, 180, 360, 180, 360, 150, 150, 240, 170, 240, 360, 5930, 360, 470, 470, 850, 2090, 850, 2090, 180, 310, 310, 250, 40, 840, 40, 250, 840, 260, 260, 400, 110, 11920, 250, 250, 400, 110, 350, 350, 440, 440, 18820, 18820, 980, 980, 10, 60, 60, 10, 520, 50, 50, 50, 3360, 3360, 50, 280, 280, 3170, 3170, 140, 1260, 310, 310, 140, 1260, 80, 460, 490, 1460, 460, 1460, 490, 80, 290, 180, 30, 170, 180, 30, 290, 170, 1850, 2910, 200, 420, 90, 2910, 420, 1850, 910, 200, 20, 2920, 2920, 20, 400, 270, 310, 270, 310, 20, 20]"
2020-10-24 19:45:00+00:00,2377570,14,1401.0,"[1610, 740, 1610, 740, 400, 5610, 230, 5610, 400, 50, 230, 460, 50, 460, 120, 120, 40, 40, 1170, 1170, 170, 330, 170, 370, 330, 400, 400, 840, 840, 110, 80, 110, 80, 1310, 1750, 90, 1750, 90, 630, 630, 80, 2390, 80, 2390, 1520, 1520, 260, 760, 590, 190, 760, 1460, 260, 1460, 590, 40, 40, 260, 260, 130, 130, 610, 150, 550, 550, 150, 280, 710, 10, 280, 710, 10, 160, 590, 340, 590, 160, 340, 100, 100, 820, 640, 820, 640, 580, 140, 30, 580, 140, 140, 30, 2040, 2040, 300, 2980, 2980, 300, 60, 250, 40, 40, 60, 250, 180, 160, 1080, 160, 1080, 180, 480, 480, 1260, 1650, 40, 1650, 1260, 180, 180, 310, 430, 30, 2140, 3740, 30, 2140, 430, 1210, 500, 500, 1210, 3740, 3240, 430, 430, 560, 4210, 3240, 150, 150, 560, 4210, 330, 30, 30, 330, 100, 100, 890, 390, 890, 390, 2040, 2040, 150, 190, 1970, 150, 190, 1970, 570, 570, 11350, 240, 11350, 40, 240, 40, 70, 70, 150, 1440, 200, 50, 200, 1440, 730, 50, 310, 310, 3420, 210, 1720, 3420, 210, 80, 1450, 1290, 80, 1450, 1290, 280, 730, 280, 730, 380, 830, 830, 900, 900, 380, 680, 340, 680, 340, 920, 920, 1180, 130, 890, 1180, 370, 890, 370, 70, 1660, 460, 300, 130, 70, 300, 460, 130, 1660, 470, 470, 140, 140, 60, 60, 230, 50, 120, 230, 3310, 50, 120, 430, 140, 140, 430, 1520, 340, 150, 1880, 1520, 150, 340, 1880, 1340, 1340, 330, 330, 860, 2150, 2150, 860, 160, 160, 360, 360, 40, 40, 6390, 20, 6390, 20, 40, 1670, 40, 40, 830, 1670, 40, 210, 210, 40, 210, 3360, 420, 560, 1090, 3360, 40, 420, 210, 560, 1090, 640, 5580, 640, 5580, 870, 190, 870, 140, 810, 810, 140, 530, 120, 530, 120, 40, 40, 2400, 2400, 90, 1820, 60, 90, 90, 1960, 1820, 90, 60, 40, 40, 180, 100, 11770, 100, 11770, 110, 990, 40, 1340, 110, 990, 40, 480, 1160, 480, 1160, 1850, 4020, 140, 140, 100, 4020, 1850, 630, 3220, 1060, 630, 1060, 3220, 40, 40, 280, 280, 890, 890, 40, 160, 20, 160, 80, 40, 258580, 20, 80, 258580, 220, 1450, 2410, 1450, 220, 2410, 170, 170, 1310, 1310, 60, 60, 40, 40, 2940, 610, 40, 40, 610, 2940, 1970, 1970, 360, 2180, 1020, 2160, 360, 150, 1020, 2160, 150, 2180, 210, 40, 10950, 6390, 10950, 20, 40, 6390, 20, 350, 2450, 370, 370, 350, 2450, 50, 160, 50, 160, 940, 940, 140, 140, 40, 4400, 40, 4400, 40, 390, 350, 350, 90, 1450, 40, 220, 1450, 90, 220, 20, 20, 370, 120, 120, 370, 310, 310, 260, 260, 1300, 3420, 3420, 1300, 40, 40, 590, 100, 590, 100, 380, 380, 290, 290, 2140, 2140, 540, 540, 40, 400, 900, 400, 40, 770, 770, 50, 1120, 50, 1120, 180, 180, 20730, 20730, 590, 40, 590, 40, 290, 290, 350, 150, 350, 150, 670, 130, 670, 130, 340, 340, 450, 790, 430, 450, 790, 430, 650, 280, 2040, 280, 2040, 520, 520, 650, 40, 170, 840, 170, 840, 40, 50, 580, 50, 580, 120, 720, 720, 120, 40, 30, 40, 30, 120, 20, 20, 120, 3530, 60, 3530, 60, 130, 130, 70, 440, 70, 440, 160, 1000, 160, 1000, 550, 550, 5050, 1000, 2810, 1000, 5050, 2810, 330, 330, 150, 150, 1070, 1070, 150, 40, 150, 40, 100, 100, 260, 300, 260, 300, 260, 100, 100, 390, 390, 210, 1370, 210, 1370, 790, 880, 50, 590, 790, 590, 880, 50, 60, 310, 310, 60, 5870, 4410, 4410, 40, 40, 130, 130, 2100, 2100, 1450, 30, 2720, 1450, 1270, 30, 2720, 1270, 220, 40, 220, 40, 3340, 3340, 60, 1570, 1570, 30, 30, 120, 1240, 710, 1240, 340, 710, 120, 80, 340, 80, 570, 3060, 570, 3060, 1540, 1540, 200, 30, 30, 200, 40, 150, 220, 500, 500, 150, 1260, 1260, 40, 220, 5870, 5870, 5730, 60, 60, 5730, 1190, 1190, 570, 230, 570, 730, 730, 700, 1340, 600, 2810, 600, 700, 1340, 2810, 160, 790, 2510, 160, 790, 2630, 2510, 40, 40, 410, 140, 2720, 330, 430, 2720, 330, 430, 140, 290, 290, 790, 230, 790, 200, 200, 40, 280, 790, 40, 40, 280, 40, 790, 10, 690, 30, 690, 110, 30, 110, 10, 12570, 4640, 4640, 250, 610, 12570, 180, 610, 1090, 250, 180, 1090, 20, 20, 60, 60, 1850, 1850, 220, 220, 520, 600, 520, 790, 790, 160, 160, 12770, 12770, 940, 40, 40, 140, 110, 140, 940, 110, 300, 300, 20, 930, 3950, 3080, 3950, 930, 20, 5330, 40, 50, 5330, 40, 50, 760, 290, 100, 810, 760, 100, 810, 290, 100, 100, 440, 210, 440, 210, 190, 470, 470, 190, 50, 130, 260, 260, 50, 130, 40, 40, 2740, 2740, 2810, 2810, 970, 970, 350, 350, 720, 40, 40, 720, 3360, 1130, 1790, 1130, 1790, 400, 3360, 40, 30, 40, 30, 700, 40, 660, 700, 40, 40, 660, 40, 860, 860, 40, 2690, 40, 2690, 1440, 520, 10, 910, 520, 10, 860, 200, 860, 40, 260, 160, 260, 160, 40, 1340, 1340, 740, 740, 20, 20, 1800, 4550, 20, 1980, 290, 1980, 4550, 290, 1800, 20, 280, 280, 710, 280, 280, 710, 460, 380, 40, 40, 460, 380, 1440, 1440, 320, 320, 180, 180, 210, 210, 10, 10, 2070, 2040, 2070, 2040, 150, 150, 530, 40, 250, 40, 150, 250, 90, 150, 90, 50, 20, 15480, 50, 15480, 270, 270, 20, 490, 490, 40, 40, 1100, 220, 0, 240, 0, 200, 1100, 200, 240, 220, 720, 40, 720, 40, 560, 1020, 210, 390, 390, 1570, 40, 210, 390, 390, 1570, 1020, 560, 310, 150, 310, 150, 50, 10, 230, 10, 230, 190, 50, 10, 10, 190, 100, 230, 100, 1910, 430, 1910, 40, 120, 260, 1190, 120, 40, 260, 1190, 380, 380, 180, 170, 170, 180, 160, 160, 60, 60, 590, 40, 40, 590, 200, 200, 60, 60, 6920, 6920, 100, 1420, 1420, 100, 90, 50, 280, 50, 90, 280, 410, 410, 550, 40, 420, 420, 550, 690, 690, 370, 370, 1650, 30, 1650, 30, 40, 40, 240, 40, 40, 20, 820, 380, 380, 50, 10, 20, 130, 50, 10, 130, 820, 1320, 11020, 70, 14280, 1320, 11020, 70, 690, 690, 120, 40, 120, 40, 120, 1690, 280, 120, 190, 280, 1690, 190, 70, 70, 20, 20, 390, 40, 40, 1450, 60, 1650, 1450, 60, 200, 1650, 6830, 160, 160, 6830, 13120, 13120, 40, 140, 150, 140, 150, 40, 280, 280, 300, 300, 20370, 580, 170, 4240, 4240, 170, 20370, 40, 40, 580, 5190, 350, 1100, 1100, 5190, 350, 400, 400, 150, 270, 150, 270, 540, 40, 40, 1200, 540, 4790, 840, 260, 840, 1280, 4790, 1200, 450, 40, 110, 50, 450, 40, 110, 6940, 6940, 80, 160, 160, 80, 1120, 1120, 200, 740, 40, 370, 790, 740, 40, 370, 790, 1270, 20, 1270, 30, 740, 30, 740, 90, 90, 240, 180, 60, 40, 240, 180, 40, 60, 90, 2610, 200, 90, 2610, 200, 30, 880, 300, 880, 300, 40, 470, 1780, 60, 470, 40, 60, 290, 290, 1780, 120, 380, 100, 380, 120, 1670, 100, 530, 570, 80, 530, 80, 570, 60, 40, 60, 40, 650, 3360, 3360, 650, 1690, 1690, 10, 450, 40, 4690, 120, 450, 40, 10, 40, 4690, 40, 30, 30, 200, 200, 40, 40, 40, 160, 860, 860, 160, 110, 110, 250, 250, 40, 40, 100, 460, 3680, 3680, 460, 570, 100, 9700, 9700, 1820, 40, 40, 5840, 1820, 5840, 38190, 38190, 1400, 1400, 10, 810, 1740, 10, 60, 810, 1740, 60, 460, 460, 190, 310, 180, 1190, 310, 180, 190, 1190, 880, 6580, 880, 6580, 16780, 2570, 40, 40, 170, 1850, 730, 1750, 730, 1850, 1750, 40, 270, 40, 220, 270, 220, 230, 40, 760, 680, 360, 760, 360, 40, 230, 680, 640, 40, 640, 40, 3570, 480, 90, 3570, 480, 90, 980, 980, 2140, 3050, 3050, 2140, 1730, 1640, 180, 1850, 420, 1640, 180, 340, 420, 40, 40, 340, 1850, 100, 100, 100, 1690, 3460, 3460, 190, 450, 760, 450, 760, 190, 360, 360, 30, 30, 470, 470, 150, 90, 770, 320, 90, 770, 150, 320, 300, 280, 1000, 300, 1000, 280, 20, 40, 40, 270, 20, 270, 3200, 3200, 160, 700, 700, 160, 40, 40, 2100, 2100, 340, 340, 360, 490, 890, 760, 360, 1060, 490, 890, 760, 1060, 660, 660, 10, 1130, 1130, 10, 360, 360, 1340, 2570, 2090, 2090, 2570, 40, 520, 40, 520, 1340]"
2020-10-24 19:50:00+00:00,1480750,8,1342.0,"[4690, 60, 2190, 60, 4690, 2190, 60, 810, 380, 810, 380, 30, 30, 160, 630, 40, 630, 160, 40, 30, 30, 3220, 3220, 2190, 320, 2190, 320, 370, 580, 10, 10, 40, 370, 580, 40, 370, 370, 330, 330, 1880, 510, 40, 40, 510, 300, 300, 2920, 2920, 340, 340, 640, 640, 0, 0, 40, 40, 80, 410, 370, 80, 1350, 410, 1350, 1420, 1420, 40, 330, 330, 40, 360, 200, 40, 200, 40, 360, 290, 100, 100, 290, 180, 40, 40, 180, 40, 0, 3500, 40, 3500, 0, 540, 120, 250, 120, 250, 400, 1280, 170, 400, 170, 910, 1280, 910, 200, 100, 200, 100, 340, 340, 40, 140, 40, 140, 360, 2570, 560, 560, 2570, 1040, 40, 120, 280, 1040, 280, 160, 40, 120, 160, 8410, 980, 980, 1280, 20, 1280, 20, 7440, 7440, 20, 100, 20, 100, 170, 170, 20, 70, 650, 70, 20, 1460, 160, 650, 1170, 1460, 1170, 0, 120, 1190, 40, 120, 40, 1190, 0, 1180, 270, 1290, 270, 1290, 1810, 1810, 1240, 1240, 30, 30, 40, 40, 12140, 12140, 1250, 20, 1920, 1250, 1920, 20, 60, 620, 60, 620, 880, 880, 6670, 2520, 550, 100, 6670, 750, 60, 100, 2520, 550, 750, 520, 80, 190, 80, 1310, 40, 520, 1310, 190, 40, 1020, 160, 1020, 160, 70, 140, 140, 10, 1310, 3300, 10, 1310, 360, 360, 3300, 2050, 2050, 770, 770, 40, 180, 270, 180, 230, 210, 270, 230, 380, 0, 380, 310, 40, 5720, 5720, 3980, 310, 3980, 40, 670, 670, 4380, 4380, 3590, 3590, 1080, 1080, 50, 110, 990, 0, 50, 110, 670, 0, 670, 990, 640, 230, 230, 640, 240, 40, 40, 370, 370, 240, 1760, 1760, 370, 370, 680, 910, 910, 40, 680, 40, 1880, 290, 290, 1880, 31240, 2480, 31240, 40, 240, 40, 1710, 240, 2480, 2480, 360, 330, 240, 330, 360, 240, 20, 310, 300, 300, 20, 310, 30, 40, 40, 30, 10, 1490, 220, 280, 1490, 220, 10, 570, 280, 570, 70, 70, 20, 520, 40, 20, 520, 40, 1310, 1310, 640, 1680, 1680, 640, 60, 60, 320, 80, 80, 1650, 1650, 1920, 1920, 2000, 2000, 40, 110, 40, 110, 710, 710, 660, 660, 5210, 170, 4900, 5210, 170, 4900, 240, 650, 20, 240, 20, 650, 440, 440, 90, 90, 120, 120, 50, 200, 220, 310, 40, 50, 200, 190, 190, 240, 240, 40, 640, 40, 640, 110, 390, 390, 110, 310, 310, 1070, 40, 10750, 40, 1070, 10750, 200, 1050, 200, 1050, 3960, 90, 3960, 390, 90, 1960, 1960, 40, 40, 490, 10750, 540, 40, 490, 540, 10750, 40, 140, 140, 230, 3050, 230, 3050, 560, 20, 240, 560, 20, 50, 280, 40, 40, 280, 200, 200, 10090, 380, 380, 10090, 40, 40, 40, 40, 8970, 40, 100, 110, 8970, 100, 110, 40, 480, 380, 440, 380, 440, 480, 560, 560, 280, 100, 100, 40, 40, 710, 980, 410, 710, 410, 70, 70, 2150, 460, 1650, 2150, 1650, 460, 40, 40, 500, 500, 710, 270, 140, 270, 1120, 150, 710, 140, 150, 1120, 20, 20, 40, 40, 110, 160, 160, 540, 540, 20, 180, 180, 20, 60, 60, 70, 70, 280, 280, 40, 4060, 40, 80, 80, 4060, 40, 740, 40, 740, 2250, 310, 1000, 1000, 310, 110, 110, 140, 140, 520, 6380, 6380, 520, 40, 40, 110, 1700, 110, 1700, 2390, 1150, 190, 190, 1150, 2390, 80, 40, 310, 40, 400, 310, 80, 60, 110, 110, 60, 30, 30, 150, 150, 40, 2140, 40, 2140, 1350, 1350, 110, 270, 920, 460, 2990, 460, 920, 110, 270, 8520, 2990, 110, 40, 760, 4010, 240, 1930, 50, 4010, 760, 40, 240, 1930, 110, 50, 2270, 350, 2270, 350, 3190, 50, 270, 50, 270, 3190, 40, 20, 180, 1010, 110, 1570, 180, 1010, 20, 110, 40, 1570, 220, 620, 220, 2590, 30, 620, 2590, 30, 100, 1610, 1290, 270, 1610, 170, 330, 1290, 70, 170, 270, 1620, 50, 50, 1620, 200, 200, 450, 200, 450, 200, 270, 270, 2290, 2290, 40, 300, 40, 300, 650, 220, 650, 220, 2840, 160, 2840, 40, 160, 40, 380, 380, 1410, 1410, 40, 40, 10, 480, 10, 480, 90, 2270, 90, 1000, 1160, 1000, 1160, 230, 280, 230, 3220, 3220, 870, 370, 2120, 1670, 370, 150, 2120, 150, 870, 610, 220, 610, 40, 380, 30, 40, 120, 30, 120, 380, 90, 90, 40, 40, 7170, 7170, 7800, 390, 20, 7800, 390, 20, 50, 50, 80, 80, 70, 40, 70, 40, 730, 730, 240, 360, 240, 360, 590, 40, 1010, 590, 1010, 50, 40, 1800, 40, 1800, 40, 320, 320, 50, 420, 38310, 310, 1030, 420, 38310, 310, 1030, 50, 1400, 1400, 350, 350, 200, 110, 200, 110, 830, 4970, 20, 120, 830, 400, 4970, 20, 400, 120, 40, 40, 950, 230, 530, 530, 1580, 110, 1580, 110, 340, 340, 130, 100, 2200, 200, 40, 200, 40, 100, 2200, 220, 220, 3480, 3480, 2020, 2020, 6350, 120, 120, 6350, 7680, 7680, 180, 6140, 610, 180, 6140, 610, 560, 80, 40, 560, 80, 410, 40, 410, 600, 140, 140, 290, 290, 600, 1510, 110, 1510, 110, 60, 60, 810, 810, 370, 40, 1040, 40, 1040, 370, 19640, 19640, 3610, 340, 3770, 3770, 3610, 340, 40, 40, 1990, 1990, 380, 380, 380, 380, 960, 3220, 21060, 3220, 960, 21060, 40, 40, 11120, 11120, 2840, 450, 170, 450, 2840, 170, 40, 140, 570, 140, 40, 7620, 70, 500, 70, 40, 40, 500, 40, 40, 70, 70, 90, 90, 10, 410, 190, 530, 10, 440, 410, 190, 530, 440, 60, 40, 500, 60, 1540, 1920, 40, 1920, 1540, 500, 1310, 1340, 340, 340, 690, 20, 20, 690, 30, 2370, 2370, 30, 40, 40, 160, 160, 120, 120, 260, 90, 90, 260, 1490, 0, 0, 40, 40, 350, 350, 40, 460, 350, 2290, 350, 40, 2290, 460, 710, 710, 20, 160, 20, 160, 20, 270, 270, 1130, 1130, 460, 460, 40, 1860, 4160, 140, 40, 1860, 4160, 140, 580, 810, 1620, 580, 810, 1620, 1740, 1740, 230, 90, 90, 190, 500, 190, 1310, 230, 40, 1310, 40, 1670, 2860, 230, 1670, 2860, 130, 190, 300, 300, 130, 190, 90, 80, 170, 80, 170, 90, 40, 1040, 40, 170, 760, 330, 2140, 330, 170, 2140, 760, 20, 20, 40, 40, 160, 160, 200, 200, 40, 40, 40, 40, 650, 2340, 2340, 1700, 1700, 650, 1740, 1740, 80, 80, 250, 40, 150, 150, 250, 40, 16950, 120, 16950, 120, 340, 340, 1240, 920, 100, 40, 1240, 100, 40, 920, 110, 110, 400, 400, 70, 70, 1400, 20, 20, 1400, 7220, 7220, 40, 170, 170, 20, 20, 20, 40, 1200, 670, 430, 670, 430, 1200, 590, 260, 590, 3000, 3000, 260, 40, 40, 160, 160, 890, 890, 2860, 2830, 2860, 70, 70, 2830, 830, 240, 40, 40, 240, 830, 40, 40, 7220, 4470, 40, 4470, 7220, 250, 250, 280, 280, 170, 1220, 170, 1220, 180, 40, 40, 140, 140, 80, 2620, 80, 2620, 1690, 40, 1690, 1490, 880, 40, 1490, 880, 460, 460, 1730, 1200, 160, 160, 1200, 1730, 10, 50, 1670, 40, 50, 10, 40, 530, 560, 560, 530, 770, 770, 300, 300, 90, 1210, 40, 610, 90, 40, 1210, 610, 280, 430, 230, 430, 280, 230, 60, 100, 1180, 60, 100, 1180, 600, 210, 260, 720, 210, 720, 600, 260, 40, 300, 3880, 390, 390, 3880, 40, 300, 20, 820, 110, 620, 820, 110, 620, 30, 40, 70, 30, 70, 40, 20, 20, 260, 260, 40, 580, 570, 580, 570, 40, 540, 540, 180, 180, 2000, 470, 110, 2000, 110, 470, 730, 280, 280, 730, 1820, 1820, 36380, 330, 330, 110, 1180, 110, 1180, 80, 110, 260, 2040, 260, 520, 110, 2040, 520, 180, 80, 80, 100, 760, 760, 60, 200, 10, 10, 200, 2160, 2160, 30, 30, 310, 350, 220, 220, 190, 310, 2010, 190, 350, 160, 40, 250, 160, 250, 350, 40, 350, 1540, 2210, 1540, 2210, 1200, 1200, 130, 130, 40, 40, 330, 360, 460, 750, 460, 330, 360, 750, 160, 470, 190, 470, 190, 160, 1230, 5400, 180, 1620, 180, 5400, 1620, 1230, 860, 300, 300, 860, 2140, 3960, 1070, 1070, 110, 40, 12920, 360, 5030, 40, 5030, 110, 12920, 360, 70, 350, 230, 350, 230]"
2020-10-24 19:55:00+00:00,1143800,4,1072.0,"[40, 640, 40, 640, 830, 1680, 830, 1680, 770, 770, 220, 680, 340, 220, 680, 330, 360, 220, 250, 6660, 4100, 220, 4100, 250, 6660, 500, 500, 2780, 2140, 100, 470, 5100, 100, 2140, 3380, 5100, 470, 2780, 500, 1060, 1350, 20, 1060, 20, 500, 1080, 1350, 1080, 90, 90, 430, 1200, 30, 1200, 30, 430, 1000, 40, 1000, 40, 3050, 480, 50, 50, 480, 40, 2140, 40, 2140, 14860, 40, 40, 14860, 300, 510, 670, 4080, 670, 4080, 510, 130, 1000, 1000, 130, 570, 400, 400, 570, 40, 60, 60, 460, 460, 40, 520, 3150, 110, 110, 20, 3150, 880, 7100, 2140, 880, 7100, 130, 820, 460, 860, 460, 860, 40, 3840, 40, 3840, 90, 90, 5050, 1660, 750, 750, 1660, 5050, 40, 40, 440, 440, 680, 3150, 3150, 680, 300, 40, 40, 30, 190, 30, 300, 190, 70, 1220, 1220, 60, 60, 340, 2860, 340, 2860, 150, 150, 50, 50, 40, 40, 270, 3450, 3450, 380, 380, 60, 280, 280, 60, 5060, 380, 380, 120, 120, 120, 120, 200, 200, 80, 80, 140, 40, 40, 190, 190, 360, 360, 40, 40, 160, 160, 30, 30, 220, 40, 10, 40, 220, 10, 1660, 1660, 360, 1780, 110, 360, 4800, 1780, 4800, 260, 860, 420, 120, 420, 2300, 260, 2300, 120, 860, 180, 180, 240, 40, 40, 470, 470, 180, 180, 3060, 510, 510, 410, 3060, 410, 300, 300, 80, 80, 620, 620, 860, 860, 250, 460, 460, 250, 80, 40, 80, 40, 70, 70, 70, 70, 40, 60, 40, 1160, 1160, 60, 520, 80, 50, 520, 50, 80, 40, 1680, 1680, 840, 40, 4140, 2790, 1230, 300, 4140, 520, 330, 40, 2790, 1230, 40, 330, 520, 300, 1860, 220, 1860, 190, 220, 190, 2440, 290, 2380, 290, 2380, 670, 670, 2440, 90, 1300, 1200, 380, 40, 90, 1300, 1200, 380, 40, 420, 2590, 40, 2590, 40, 730, 840, 40, 1730, 840, 40, 730, 1730, 270, 270, 780, 1130, 780, 1130, 310, 310, 40, 40, 700, 700, 1470, 2790, 2790, 70, 70, 440, 1620, 4120, 440, 140, 40, 1620, 4120, 40, 140, 2490, 4120, 2490, 4120, 11800, 190, 1690, 1690, 11800, 190, 3510, 50, 840, 1920, 840, 50, 1920, 750, 1510, 750, 830, 380, 830, 40, 380, 9110, 310, 310, 9110, 220, 1090, 220, 1090, 230, 230, 50, 1510, 6400, 31140, 6400, 50, 31140, 1510, 0, 0, 40, 580, 40, 160, 160, 5600, 5600, 920, 100, 100, 920, 180, 220, 140, 180, 20, 220, 1720, 40, 410, 410, 1720, 40, 110, 280, 4090, 1740, 480, 1740, 280, 480, 110, 4090, 140, 140, 0, 40, 0, 40, 860, 2990, 100, 100, 860, 2990, 40, 40, 17100, 440, 370, 17100, 370, 440, 5530, 1150, 1150, 5530, 40, 40, 710, 0, 400, 1390, 1390, 0, 400, 710, 1060, 1680, 1680, 1060, 3220, 150, 850, 850, 150, 3220, 40, 460, 40, 40, 40, 600, 250, 600, 250, 50, 50, 350, 190, 20, 350, 20, 190, 550, 550, 340, 40, 340, 330, 40, 40, 160, 330, 130, 40, 40, 130, 160, 2190, 160, 2190, 2010, 2010, 230, 140, 380, 380, 190, 320, 190, 20, 20, 40, 4120, 4120, 40, 2310, 150, 2310, 70, 40, 830, 70, 50, 160, 830, 50, 160, 40, 1940, 1940, 1640, 1300, 1640, 500, 650, 410, 40, 650, 410, 500, 90, 40, 40, 880, 2990, 880, 40, 40, 40, 2990, 100, 100, 610, 610, 3060, 3060, 320, 220, 220, 2060, 2060, 320, 40, 40, 3340, 3340, 2980, 1160, 1160, 40, 760, 1400, 40, 1400, 830, 830, 2810, 100, 100, 2810, 760, 640, 1810, 320, 700, 9650, 320, 1810, 3060, 9650, 180, 180, 3060, 700, 640, 9700, 480, 1810, 9700, 1810, 40, 480, 40, 10, 10, 40, 40, 1600, 1600, 320, 120, 120, 320, 600, 600, 1630, 1630, 40, 5580, 5580, 40, 110, 110, 390, 390, 110, 230, 40, 370, 370, 230, 40, 770, 770, 40, 150, 40, 20, 20, 9950, 150, 40, 140, 40, 140, 2260, 2260, 2020, 100, 100, 50, 50, 290, 950, 290, 950, 40, 40, 200, 70, 70, 10, 220, 10, 220, 1070, 40, 80, 1070, 80, 40, 0, 0, 260, 380, 80, 380, 80, 260, 140, 750, 160, 140, 540, 40, 40, 540, 1330, 250, 1330, 250, 40, 180, 40, 180, 620, 190, 620, 1630, 190, 1630, 540, 180, 540, 180, 100, 730, 40, 40, 730, 4680, 320, 40, 320, 4690, 40, 4690, 1040, 1040, 220, 570, 1060, 1310, 570, 30, 5890, 40, 30, 40, 5890, 2770, 2770, 2260, 40, 2260, 40, 180, 180, 40, 40, 770, 770, 90, 200, 480, 480, 40, 200, 40, 1600, 1600, 480, 870, 870, 480, 670, 670, 120, 40, 120, 40, 10, 860, 90, 190, 860, 190, 90, 390, 60, 20, 60, 20, 250, 250, 40, 3920, 40, 3920, 370, 680, 680, 270, 370, 760, 760, 40, 60, 60, 40, 280, 70, 280, 70, 40, 40, 560, 560, 970, 970, 360, 360, 730, 320, 480, 320, 480, 40, 40, 1060, 820, 1060, 820, 1680, 1680, 40, 2140, 40, 150, 150, 110, 280, 110, 280, 100, 100, 780, 780, 290, 290, 1490, 1490, 1270, 1270, 210, 2590, 2590, 1560, 40, 1560, 1510, 40, 30, 60, 260, 540, 60, 260, 330, 40, 40, 330, 160, 160, 20, 40, 40, 50, 240, 2140, 350, 20, 350, 240, 50, 300, 1380, 300, 1380, 150, 30, 30, 40, 40, 90, 40, 400, 90, 400, 40, 2140, 2140, 620, 220, 620, 220, 40, 70, 70, 40, 40, 930, 20, 930, 20, 70, 590, 590, 340, 70, 340, 40, 550, 2180, 550, 2180, 40, 610, 610, 90, 50, 90, 50, 400, 760, 400, 760, 40, 650, 40, 650, 150, 40, 150, 40, 140, 350, 300, 350, 140, 300, 360, 1190, 1190, 1630, 160, 300, 1630, 160, 300, 40, 930, 40, 930, 1420, 1420, 1040, 1040, 2840, 2840, 40, 40, 40, 40, 540, 260, 260, 3430, 4370, 4370, 40, 1570, 40, 1570, 290, 420, 290, 420, 20, 15710, 1210, 15710, 1210, 60, 30, 220, 60, 30, 540, 540, 2140, 200, 190, 200, 830, 830, 40, 40, 180, 180, 430, 1120, 1120, 430, 560, 410, 410, 40, 430, 40, 430, 570, 570, 1220, 1220, 15870, 15870, 40, 40, 10, 670, 670, 1250, 30, 40, 1250, 40, 40, 40, 2780, 2780, 80, 80, 1020, 1020, 680, 680, 40, 40, 1220, 1220, 10, 40, 40, 190, 1330, 190, 1330, 180, 470, 3110, 180, 3110, 470, 40, 1490, 270, 1490, 270, 40, 980, 40, 40, 980, 5230, 210, 210, 1050, 5230, 1050, 8490, 280, 50, 0, 350, 50, 350, 0, 70, 70, 70]"
2020-10-24 20:00:00+00:00,1585350,4,1082.0,"[780, 20, 800, 780, 20, 800, 550, 40, 550, 40, 40, 40, 18830, 40, 420, 420, 40, 10, 10, 10100, 430, 470, 140, 470, 430, 10100, 50, 90, 1940, 280, 50, 1940, 90, 1220, 860, 1220, 860, 680, 0, 680, 1000, 0, 40, 1150, 40, 40, 40, 270, 270, 40, 40, 140, 400, 140, 400, 460, 10, 10, 40, 460, 20, 40, 20, 10, 10, 170, 410, 170, 200, 300, 300, 1180, 880, 1180, 200, 80, 440, 410, 70, 80, 440, 70, 40, 40, 40, 40, 470, 80, 80, 50, 50, 40, 40, 2320, 1450, 1450, 2320, 580, 400, 460, 40, 3570, 460, 3570, 40, 440, 880, 440, 40, 250, 880, 40, 250, 1480, 40, 1480, 40, 2060, 440, 1670, 440, 2060, 1670, 120, 860, 690, 690, 860, 620, 620, 120, 910, 40, 910, 40, 420, 440, 420, 440, 160, 180, 160, 180, 40, 40, 5620, 5620, 100, 10, 10, 100, 1870, 1870, 2140, 140, 2140, 90, 40, 70, 300, 90, 70, 300, 40, 210, 210, 30, 30, 40, 40, 520, 270, 270, 520, 2140, 2010, 2140, 4000, 4000, 2010, 1730, 1730, 6350, 6350, 30, 1540, 700, 30, 100, 700, 1540, 40, 40, 240, 100, 850, 100, 480, 850, 480, 790, 790, 100, 640, 100, 640, 240, 70, 70, 240, 17450, 100, 1440, 30, 70, 30, 100, 1440, 2140, 280, 1340, 2140, 380, 1340, 380, 280, 1190, 30, 1550, 30, 110, 1190, 1550, 1210, 880, 620, 500, 620, 100, 13980, 13980, 340, 2690, 12180, 2690, 340, 12180, 40, 40, 90, 440, 440, 110, 110, 360, 360, 40, 40, 600, 600, 240, 240, 40, 40, 40, 40, 220, 220, 10940, 20, 20, 160, 40, 480, 40, 480, 420, 330, 80, 330, 420, 2360, 2360, 550, 30, 30, 550, 340, 40, 710, 40, 40, 40, 100, 260, 260, 100, 240, 240, 40, 180, 310, 200, 40, 180, 200, 310, 120, 120, 120, 2150, 2150, 10, 10, 140, 140, 260, 40, 40, 260, 160, 160, 40, 40, 260, 260, 280, 280, 2030, 2030, 200, 1630, 200, 1630, 60, 100, 550, 590, 100, 550, 590, 180, 14320, 690, 180, 14320, 690, 1880, 240, 240, 4780, 4780, 40, 40, 130, 130, 2170, 40, 2170, 40, 570, 570, 210, 210, 90, 90, 170, 520, 290, 520, 290, 170, 40, 40, 70, 40, 100, 40, 130, 130, 200, 200, 410, 40, 1060, 40, 880, 880, 1060, 410, 280, 280, 60, 60, 2940, 200, 270, 200, 70, 270, 2940, 70, 40, 40, 810, 3020, 810, 3020, 130, 130, 400, 1220, 400, 1220, 40, 40, 550, 70, 12000, 12000, 450, 70, 550, 450, 260, 580, 580, 260, 20, 20, 40, 620, 620, 50, 40, 50, 380, 20, 270, 40, 15390, 270, 70, 40, 20, 70, 60, 100, 60, 100, 10, 760, 9540, 9540, 760, 80, 80, 2660, 320, 180, 1600, 320, 180, 1600, 59620, 59620, 40, 290, 290, 1400, 500, 120, 120, 4680, 4680, 950, 410, 410, 950, 740, 740, 140, 90, 90, 140, 120, 120, 1030, 1030, 180, 760, 40, 10, 130, 180, 130, 760, 10, 40, 2000, 560, 560, 2000, 110, 3980, 40, 3980, 110, 40, 1760, 1760, 2310, 2310, 5610, 140, 140, 340, 210, 340, 210, 70, 50, 290, 50, 290, 1910, 17040, 6670, 220, 6670, 580, 1910, 580, 220, 190, 180, 220, 190, 180, 110940, 1190, 5610, 1190, 230, 5610, 110940, 230, 210, 22580, 22580, 210, 570, 570, 180, 180, 50, 50, 120, 3360, 120, 540, 540, 110, 3360, 110, 250, 100, 100, 250, 20, 50, 140, 140, 50, 20, 220, 220, 150, 60, 130, 410, 150, 130, 410, 60, 40, 40, 40, 40, 12020, 50, 1020, 80, 12020, 1200, 80, 1200, 50, 1020, 3190, 2440, 390, 2440, 3190, 360, 40, 360, 230, 230, 160, 310, 2020, 150, 310, 150, 2020, 0, 0, 160, 680, 220, 680, 40, 220, 40, 1570, 590, 990, 1570, 590, 400, 400, 40, 40, 700, 520, 520, 700, 260, 620, 260, 5040, 620, 30, 40, 40, 340, 30, 460, 160, 460, 120, 80, 120, 80, 250, 400, 230, 230, 250, 400, 6520, 290, 250, 250, 10, 10, 50, 50, 330, 330, 1260, 1260, 340, 40, 40, 340, 90, 80, 80, 1160, 20, 1160, 40, 220, 220, 20, 40, 100, 70, 470, 100, 70, 70, 70, 70, 180, 180, 90, 260, 260, 40, 40, 2750, 2750, 570, 570, 400, 10, 10, 40, 40, 270, 30, 270, 30, 100, 370, 20, 20, 370, 100, 40, 50, 200, 220, 200, 250, 40, 250, 220, 50, 7960, 140, 60, 60, 140, 2020, 3050, 230, 3050, 400, 2020, 230, 400, 200, 40, 20, 40, 20, 200, 50, 50, 220, 40, 40, 220, 600, 600, 230, 230, 560, 170, 560, 420, 400, 990, 420, 400, 990, 170, 40, 1440, 1440, 40, 1010, 610, 40, 610, 40, 1010, 20, 1450, 1450, 20, 400, 3050, 400, 420, 3050, 420, 610, 7960, 610, 40, 7960, 40, 400, 400, 1130, 1130, 50, 510, 510, 50, 440, 160, 160, 80, 440, 80, 40, 40, 1100, 40, 1100, 40, 3050, 3050, 4370, 40, 40, 5440, 5440, 40, 2800, 110, 2750, 720, 2750, 640, 1870, 640, 1870, 40, 270, 40, 520, 520, 2670, 2670, 1640, 1640, 2060, 2060, 40, 40, 200, 200, 560, 770, 770, 560, 120, 1330, 40, 210, 120, 40, 210, 1330, 990, 690, 370, 40, 690, 990, 40, 120, 120, 4540, 4540, 1120, 210, 720, 720, 380, 380, 610, 610, 780, 320, 100, 100, 780, 140, 140, 70, 40, 360, 1110, 70, 360, 1110, 40, 40, 1910, 870, 420, 200, 40, 870, 200, 1910, 420, 90, 90, 40, 40, 40, 40, 32050, 340, 340, 32050, 250, 250, 1090, 1090, 120, 120, 780, 780, 400, 440, 40, 40, 1440, 2800, 440, 1230, 440, 1440, 630, 40, 40, 340, 630, 400, 140, 140, 180, 180, 420, 30, 30, 420, 380, 380, 1030, 40, 40, 1030, 80, 80, 10, 10, 10140, 40, 20, 10140, 20, 40, 260, 260, 400, 30, 990, 180, 180, 990, 30, 360, 360, 670, 240, 20, 360, 360, 240, 20, 670, 310, 1140, 40, 1140, 40, 310, 260, 260, 610, 2180, 610, 2180, 4980, 4980, 40, 2290, 30, 3220, 30, 40, 3220, 2290, 2080, 2080, 430, 430, 880, 80, 2060, 80, 880, 1170, 1170, 11540, 11540, 280, 40, 30, 280, 40, 30, 2230, 2230, 720, 720, 40, 40, 640, 40, 1720, 140, 560, 1720, 140, 560, 40, 640, 350, 500, 30, 240, 350, 500, 30, 240, 180, 90, 180, 90, 170, 420, 170, 420, 3750, 3750, 700, 700, 62570, 170, 700, 170, 700, 62570, 40, 3200, 40, 150, 240, 150, 1010, 240, 1010, 260, 4500, 810, 810, 260, 4500]"
2020-10-24 20:05:00+00:00,2673100,18,1238.0,"[870, 870, 160, 160, 40, 40, 180, 7750, 180, 7750, 250, 250, 160, 320, 1320, 320, 160, 1320, 30, 30, 410, 60, 820, 820, 40, 60, 410, 40, 1310, 17930, 40, 40, 17930, 40, 40, 70, 70, 740, 740, 930, 930, 3430, 10, 1500, 40, 10, 1500, 20, 20, 40, 70, 620, 620, 600, 600, 12540, 12540, 40, 40, 520, 80, 110, 110, 40, 40, 190, 430, 120, 190, 120, 430, 820, 3800, 7020, 3800, 280, 280, 40, 40, 140, 140, 1050, 170, 440, 220, 44380, 44380, 170, 1050, 440, 220, 40, 40, 1680, 10, 260, 1180, 260, 1180, 10, 180, 340, 340, 40, 40, 240, 240, 40, 150, 40, 20, 150, 20, 370, 1140, 370, 1140, 250, 6180, 10, 250, 40, 40, 270, 530, 270, 530, 360, 360, 280, 280, 40, 40, 580, 390, 580, 60, 390, 1180, 400, 400, 1180, 440, 230, 70, 440, 230, 40, 310, 310, 40, 430, 590, 430, 590, 320, 230, 320, 230, 850, 120, 120, 70, 70, 90, 90, 450, 40, 40, 450, 450, 20, 450, 20, 320, 320, 550, 2860, 550, 2860, 170, 170, 70, 70, 40, 20, 40, 20, 20, 20, 250, 760, 250, 40, 760, 40, 50, 50, 1020, 1020, 230, 230, 450, 220, 420, 340, 220, 340, 410, 420, 410, 280, 280, 240, 40, 240, 40, 160, 160, 19110, 910, 910, 420, 420, 220, 380, 2190, 380, 2190, 7480, 100, 40, 200, 340, 200, 40, 340, 100, 430, 430, 120, 30, 20, 20, 210, 210, 24640, 680, 24640, 680, 160, 780, 160, 40, 40, 780, 180, 210, 180, 210, 110, 110, 10, 3860, 2340, 3860, 2340, 10, 40, 30, 40, 30, 790, 70, 410, 410, 70, 790, 830, 830, 14570, 14570, 430, 6650, 6650, 60, 90, 190, 2920, 2920, 190, 60, 90, 160, 160, 2290, 580, 180, 580, 2290, 180, 100, 540, 130, 540, 6440, 190, 190, 270, 270, 220, 90, 90, 3570, 40, 110, 40, 110, 520, 210, 520, 220, 2130, 2130, 210, 880, 880, 160, 280, 10540, 10540, 280, 4500, 570, 4500, 570, 40, 40, 530, 530, 19110, 2070, 19110, 2070, 1760, 1760, 110, 60, 50, 50, 60, 4100, 1490, 1180, 50, 1490, 930, 170, 10, 50, 170, 930, 10, 1180, 7150, 7150, 2010, 3140, 20, 860, 20, 860, 1370, 2120, 200, 1370, 200, 2120, 600, 600, 110, 1760, 1760, 680, 8460, 680, 300, 300, 340, 340, 1300, 0, 480, 1490, 480, 40, 1490, 0, 70, 40, 70, 1050, 1050, 860, 290, 6890, 860, 6890, 410, 410, 40, 190, 100, 190, 100, 40, 280, 280, 2830, 510, 510, 2830, 140, 40, 1600, 1600, 140, 40, 130, 170, 120, 1260, 1260, 170, 120, 310, 110, 160, 110, 160, 40, 340, 340, 40, 420, 420, 770, 1530, 120, 770, 540, 20390, 540, 350, 1530, 350, 120, 240, 240, 4400, 100, 150, 150, 100, 70, 40, 70, 40, 880, 880, 0, 3960, 140, 0, 90, 3960, 2860, 390, 140, 90, 40, 330, 830, 170, 330, 40, 830, 230, 110, 1000, 230, 110, 160, 6690, 6690, 240, 240, 110, 40, 2070, 2070, 40, 110, 13240, 16370, 13240, 16370, 200, 2860, 200, 17660, 530, 200, 17660, 530, 2860, 180, 110, 130, 130, 110, 1220, 1220, 180, 10780, 220, 8930, 300, 300, 8930, 10780, 220, 80, 40, 460, 80, 40, 460, 5160, 1120, 1120, 5160, 230, 230, 3080, 3080, 240, 40, 100, 240, 100, 40, 1070, 160, 40, 1070, 40, 300, 300, 20, 490, 5160, 5160, 2860, 6020, 6020, 490, 40, 2830, 40, 610, 2830, 610, 1360, 1360, 230, 690, 690, 230, 260, 80, 260, 240, 240, 40, 40, 350, 360, 360, 350, 7210, 510, 7210, 40, 40, 50, 510, 270, 270, 30, 1580, 150, 150, 30, 270, 200, 20, 40, 20, 200, 270, 40, 10, 10, 40, 100, 40, 880, 680, 270, 680, 270, 880, 270, 240, 240, 170, 270, 170, 40, 1870, 1870, 20, 20, 670, 670, 0, 1080, 0, 0, 1080, 0, 270, 330, 330, 4400, 270, 200, 910, 200, 1470, 910, 760, 1070, 760, 1070, 90, 850, 2150, 90, 850, 1690, 1690, 100, 1100, 1100, 100, 50, 50, 80, 860, 80, 1580, 1580, 530, 530, 1020, 2940, 1020, 2940, 1960, 1960, 400, 110, 4740, 400, 110, 4740, 250, 250, 140, 140, 860, 350, 1600, 10, 350, 10, 1600, 20, 43260, 20, 740, 740, 43260, 210, 210, 530, 30, 30, 530, 80, 80, 9820, 240, 430, 430, 240, 1000, 2090, 2090, 140, 1190, 140, 130, 130, 8570, 30, 13140, 13140, 1440, 400, 30, 370, 370, 30, 30, 1240, 500, 500, 1240, 800, 1420, 1800, 1800, 1330, 1330, 450, 450, 470, 870, 870, 530, 530, 470, 0, 0, 450, 0, 2280, 450, 2280, 60, 60, 50, 50, 2060, 110, 2060, 110, 1340, 100, 100, 1340, 500, 500, 160, 480, 160, 680, 680, 60, 60, 90, 90, 770, 770, 110, 110, 40, 40, 390, 390, 2940, 2940, 600, 2110, 1240, 680, 680, 1240, 2110, 50, 10, 50, 10, 10, 1030, 50, 1030, 10, 13700, 70, 390, 70, 390, 13700, 150, 190, 110, 150, 110, 90, 6220, 90, 6220, 830, 830, 180, 270, 270, 900, 410, 900, 60, 60, 1190, 1190, 0, 0, 390, 580, 60, 8930, 20, 8930, 20, 60, 100, 100, 1880, 48210, 48210, 3380, 1880, 270, 530, 110, 270, 110, 530, 940, 380, 230, 940, 380, 50, 230, 50, 1830, 1830, 500, 950, 500, 90, 90, 950, 330, 910, 330, 910, 390, 710, 620, 710, 3930, 2470, 3930, 720, 10050, 10050, 2470, 720, 130, 10, 130, 110, 110, 570, 4320, 870, 4320, 570, 870, 100, 100, 610, 420, 610, 420, 300, 70, 2720, 300, 70, 9500, 1260, 9500, 1260, 240, 20, 240, 20, 720, 1190, 720, 1190, 12390, 12390, 970, 970, 1220, 190, 1010, 1220, 2470, 1010, 230, 2470, 190, 240, 240, 70, 80, 1170, 70, 410, 1170, 40, 60, 520, 40, 580, 580, 350, 1320, 360, 240, 360, 260, 240, 350, 1320, 1720, 1720, 30, 530, 530, 30, 3030, 4580, 4580, 3030, 940, 1060, 1060, 340, 1090, 1090, 340, 10, 60, 11610, 50, 570, 60, 1330, 11610, 50, 1330, 570, 530, 20, 380, 530, 20, 380, 190, 100, 620, 190, 100, 620, 120, 120, 430, 11920, 430, 520, 520, 2490, 170, 2490, 170, 20, 6500, 520, 2040, 130, 920, 2040, 20, 520, 130, 920, 6500, 140, 1050, 130, 270, 1050, 130, 270, 250, 70, 250, 70, 420, 20, 420, 20, 120, 120, 4160, 120, 4160, 120, 1820, 300, 1670, 3240, 300, 180, 1820, 180, 3240, 1670, 2040, 2040, 1880, 190, 1880, 810, 0, 2060, 0, 810, 1510, 1510, 430, 430, 50, 170, 700, 700, 170, 540, 540, 220, 220, 8940, 4160, 8940, 4160, 570, 580, 1690, 570, 60, 580, 60, 50, 50, 10, 140, 230, 1440, 31140, 140, 31140, 1950, 30, 30, 1440, 10, 230, 110, 40, 40, 130, 6040, 60, 130, 60, 6040, 240, 240, 230, 40, 40, 230, 350, 250, 310, 250, 350, 310, 630, 340, 340, 630, 650, 650, 240, 240, 30, 160, 30, 4720, 160, 4720, 8430, 140, 1780, 8430, 5740, 1780, 5740, 140, 1120, 60, 520, 1120, 60, 170, 520, 170, 50, 20, 50, 20, 2670, 2670, 610, 610, 720, 720, 320, 320, 240, 240, 280, 190, 190, 280, 310, 310, 580, 210, 580, 210, 160, 160, 30, 10, 10, 1920, 30, 1920, 540, 1220, 540, 1220, 230, 1230, 230, 1860, 1230, 20, 780, 20, 1860, 4810, 10, 10, 4810, 3270, 3270, 100, 30, 3660, 100, 30, 50, 50, 3660, 3290, 90, 3290, 50, 90, 50, 650, 650, 60, 60, 340, 1120, 770, 1640, 770, 1640]"
2020-10-24 20:10:00+00:00,11865990,21,1326.0,"[130, 130, 12800, 12800, 50, 50, 9260, 250, 1850, 9260, 1850, 250, 110, 2220, 3010, 700, 3010, 2220, 700, 1580, 420, 420, 170, 470, 470, 170, 15980, 210, 15980, 1360, 210, 1360, 180, 30, 180, 10, 30, 2350, 2350, 10, 720, 720, 90, 90, 50, 50, 130, 130, 510, 510, 590, 590, 3420, 260, 260, 3420, 190, 370, 20, 1850, 20, 370, 190, 1850, 70, 370, 4200, 70, 130, 370, 4200, 130, 2370, 500, 500, 2370, 200, 200, 64310, 6500, 340, 6500, 340, 4950, 700, 70, 4430, 4950, 700, 70, 4430, 7710, 510, 510, 7710, 250, 5450, 250, 5450, 850, 2850, 2850, 850, 2520, 70, 70, 2520, 470, 470, 2800, 370, 20, 370, 20, 70, 1780, 1780, 70, 520, 620, 4090, 520, 160, 160, 4090, 620, 530, 530, 410, 1040, 1040, 410, 90, 410, 90, 120, 120, 480, 800, 1090, 1090, 130, 800, 1670, 130, 90, 90, 820, 820, 40, 40, 1380, 1380, 140, 13140, 740, 30, 13140, 280, 30, 740, 140, 350, 120, 350, 510, 270, 270, 120, 840, 840, 80, 760, 760, 1740, 90, 80, 90, 20, 20, 160, 2900, 160, 2900, 230, 230, 59600, 59600, 580, 1500, 1500, 580, 4210, 4870, 4210, 90, 90, 2410, 4870, 960, 960, 440, 8130, 60, 8130, 840, 4454850, 60, 4454850, 840, 40, 470, 40, 1170, 1170, 470, 970, 640, 430, 10, 510, 100, 100, 640, 510, 360, 430, 1020, 310, 1020, 310, 6330, 330, 330, 670, 2920, 670, 2920, 1040, 1460, 1040, 1400, 1180, 1400, 1180, 1270, 1200, 1200, 1620, 100, 660, 1620, 670, 100, 670, 410, 410, 430, 6220, 160, 6220, 130, 160, 130, 430, 320, 320, 370, 370, 510, 510, 200, 200, 2880, 480, 90, 90, 980, 10160, 10160, 980, 250, 1440, 250, 1440, 50, 50, 180, 50, 130, 180, 50, 1040, 1040, 50, 1870, 860, 50, 860, 1870, 240, 3010, 5420, 240, 3010, 5420, 450, 430, 450, 260, 390, 1400, 390, 1400, 260, 210, 210, 1520, 1520, 440, 440, 30, 260, 130, 250, 290, 260, 130, 1000, 30, 290, 250, 230, 810, 230, 810, 2860, 820, 1580, 820, 1230, 2860, 1230, 190, 160, 190, 4010, 1630, 1630, 4010, 80, 80, 100, 100, 80, 2420, 990, 80, 2420, 990, 50, 50, 1300, 4980, 1300, 4980, 1200, 1200, 1800, 1800, 760, 480, 380, 4430, 380, 4430, 140, 480, 2410, 50, 320, 160, 1930, 160, 1930, 50, 40, 410, 40, 20, 410, 1000, 850, 800, 850, 1880, 1180, 1180, 210, 0, 50, 70, 210, 50, 0, 70, 10, 7710, 7710, 10, 270, 200, 200, 3430, 270, 3430, 70, 840, 70, 840, 4390, 50, 590, 4850, 1520, 590, 300, 4390, 50, 300, 1520, 4850, 30, 30, 210, 820, 210, 820, 2530, 2530, 330, 330, 3740, 3740, 20, 20, 300, 300, 1750, 2870, 320, 3730, 320, 320, 3730, 2870, 320, 1750, 2350, 1460, 30, 1460, 290, 30, 480, 110, 810, 480, 810, 110, 5740, 360, 20, 5740, 360, 350, 20, 350, 10, 10, 260, 330, 260, 3540, 3540, 330, 290, 90, 90, 210, 140, 290, 140, 170, 490, 250, 490, 100, 100, 260, 260, 1590, 1590, 600, 510, 70, 600, 510, 70, 7440, 1650, 7440, 100, 100, 1650, 80, 1590, 130, 1590, 130, 200, 3200, 200, 3200, 2170, 2170, 470, 60, 2600, 470, 60, 2600, 8130, 8130, 1310, 590, 590, 160, 6800, 160, 470, 1270, 550, 1270, 550, 440, 470, 440, 10960, 10960, 250, 1000, 250, 120, 700, 120, 700, 30, 520, 520, 30, 550, 270, 20, 550, 270, 20, 10, 90, 10, 10, 10, 90, 90, 560, 90, 1580, 560, 1700, 80, 10, 10, 1700, 520, 240, 1120, 240, 520, 240, 240, 240, 240, 1160, 640, 60, 640, 60, 27070, 1160, 27070, 620, 90, 620, 90, 40, 1470, 1470, 30, 150, 30, 200, 30, 150, 360, 360, 200, 200, 850, 4480, 4480, 1080, 10040, 1080, 590, 10040, 590, 1520, 800, 800, 1520, 40, 680, 40, 680, 880, 880, 490, 130, 490, 130, 20, 380, 20, 2370, 380, 2370, 310, 440, 1780, 440, 190, 310, 190, 1780, 0, 210, 24590, 1120, 0, 1120, 24590, 210, 110, 110, 480, 110, 110, 20, 270, 270, 20, 140, 420, 140, 10, 420, 10, 3560, 3560, 60, 540, 1140, 340, 1140, 340, 540, 240, 1970, 2180, 1970, 130, 760, 130, 760, 30, 30, 160, 210, 540, 540, 2480, 160, 210, 3780, 460, 3430, 460, 3430, 3780, 60, 60, 130, 910, 1390, 390, 970, 130, 970, 280, 390, 1390, 280, 910, 710, 50, 710, 50, 270, 270, 230, 230, 140, 3050, 3050, 200, 120, 490, 490, 50, 120, 120, 50, 4490, 4490, 370, 370, 810, 710, 710, 810, 210, 290, 210, 140, 290, 24590, 140, 24590, 140, 90, 320, 90, 140, 320, 1750, 1750, 3400, 370, 20, 370, 20, 910, 3400, 910, 4740, 1580, 490, 560, 560, 80, 1580, 80, 80, 90, 2350, 2350, 90, 740, 250, 740, 250, 4010, 4010, 400, 180, 30, 180, 30, 400, 1690, 1690, 210, 210, 30, 140, 920, 30, 920, 60, 140, 60, 20, 440, 280, 20, 440, 130, 280, 130, 850, 300, 2310, 10, 850, 300, 2310, 410, 90, 90, 410, 100, 230, 1940, 1940, 230, 100, 80, 400, 400, 280, 280, 1590, 640, 1590, 640, 20, 20, 110, 50, 340, 290, 290, 110, 340, 50, 2470, 240, 240, 2470, 410, 70, 410, 70, 1380, 60, 1380, 60, 700, 140, 700, 320, 420, 140, 250, 3620, 250, 3620, 170, 2760, 11940, 11180, 930, 2760, 11940, 11180, 10, 930, 170, 10, 210, 90, 60, 6670, 6670, 60, 210, 90, 40, 40, 140, 40, 40, 160, 140, 160, 220, 360, 360, 490, 220, 220, 100, 140, 220, 100, 140, 30, 30, 450, 1090, 1090, 220, 1040, 1150, 1040, 1150, 50, 50, 1170, 1170, 300, 300, 220, 1080, 1080, 2530, 550, 240, 550, 240, 2530, 6040, 6040, 90, 90, 60, 670, 2630, 60, 670, 2630, 160, 80, 160, 80, 20, 60, 620, 2030, 20, 2030, 620, 3850, 60, 680, 680, 170, 170, 240, 0, 240, 300, 60, 60, 4490, 220, 220, 2180, 340, 340, 2180, 1520, 250, 40, 990, 250, 410, 410, 990, 40, 880, 880, 11550, 11550, 120, 120, 3350, 780, 780, 30, 30, 150, 13700, 270, 150, 40, 270, 13700, 40, 4440, 12050, 1890, 880, 4440, 190, 12050, 880, 110, 110, 130, 20, 1910, 1910, 130, 20, 150, 2900, 150, 2900, 3020, 10, 10, 3020, 1360, 610, 70, 70, 120, 120, 8950, 480, 8950, 480, 510, 510, 180, 290, 1310, 180, 1310, 290, 1770, 260, 210, 300, 1770, 260, 210, 380, 800, 800, 3750, 300, 120, 300, 120, 3750, 80, 410, 30, 520, 200, 200, 520, 30, 130, 930, 810, 580, 810, 580, 130, 930, 480, 480, 250, 240, 480, 480, 260, 240, 260, 250, 10, 10, 16090, 16090, 840, 840, 2320, 80, 2320, 1470, 150, 1470, 150, 170, 15980, 15980, 380, 80, 1150, 80, 1150, 20, 200, 40, 20, 40, 10, 10, 60, 430, 250, 280, 430, 250, 290, 60, 290, 280, 300, 300, 340, 380, 480, 13200, 360, 13200, 380, 360, 480, 340, 80, 120, 80, 120, 3500, 10, 170, 380, 1130, 380, 10, 1130, 170, 10, 190, 7630, 2480, 7630, 190, 10, 2480, 1430, 40, 40, 1430, 40, 40, 200, 3180, 200, 2510, 2510, 3180, 1560, 1560, 2690, 2690, 260, 10, 290, 290, 260, 10, 1360, 70, 1360, 70, 4490, 380, 100, 4490, 100, 380, 140, 10, 200, 380, 420, 250, 10, 420, 140, 250, 200, 29410, 640, 80, 29410, 640, 80, 1320, 70, 1320, 1910, 210, 1910, 120, 210, 540, 2930, 540, 2930, 320, 60, 60, 60, 320, 60, 2500, 70, 330, 70, 330, 2500, 1600, 1600, 760, 300, 300, 1850, 80, 80, 1850, 20, 20, 1300, 1300, 2080, 2080, 3100, 10, 10, 3100, 3830, 60, 2440, 430, 1500, 390, 430, 280, 2440, 390, 1500, 3830, 60, 2320, 2320, 300, 200, 200, 100, 120, 100, 120, 300, 160, 160, 2150, 140, 540, 4200, 4200, 2150, 140, 13700, 100, 100, 13700, 390, 390, 3500, 3500, 480, 480, 1360, 150, 150, 670, 2030, 90, 670, 2030, 90, 1420, 1400, 1400, 690, 1420, 110, 690, 110]"
2020-10-24 20:15:00+00:00,6195010,21,1552.0,"[920, 180, 2510, 180, 2510, 920, 100, 1160, 1160, 220, 100, 2260, 220, 2260, 150, 150, 5410, 390, 1870, 5410, 390, 130, 130, 280, 280, 2000, 650, 650, 2000, 1000, 600, 600, 190, 190, 220, 1260, 1260, 220, 170, 1300, 40, 170, 700, 40, 310, 700, 1300, 40, 40, 1420, 2630, 20, 2630, 20, 970, 120, 970, 330, 1160, 550, 120, 330, 550, 9350, 1160, 9350, 1120, 1120, 250, 250, 2630, 2630, 220, 220, 3400, 1270, 560, 1270, 560, 3400, 720, 100, 80, 80, 100, 800, 720, 800, 100, 1500, 1500, 140, 100, 50, 970, 970, 50, 380, 6830, 6830, 260, 220, 220, 260, 140, 10, 620, 3520, 1970, 1970, 620, 3520, 940, 50, 50, 220, 940, 1420, 690, 250, 310, 250, 230, 270, 210, 20, 13200, 20, 310, 230, 270, 690, 13200, 210, 150, 150, 250, 120, 120, 250, 2030, 640, 160, 3840, 70, 640, 160, 2030, 3840, 70, 50, 50, 1400, 9810, 1400, 9810, 11370, 11370, 10, 10, 2320, 2320, 560, 560, 320, 12410, 570, 320, 660, 50, 660, 12410, 50, 570, 10, 100, 20, 970, 100, 20, 10, 550, 550, 970, 0, 10, 10, 20, 20, 0, 5070, 360, 220, 220, 5070, 420, 360, 420, 10, 0, 150, 10, 150, 0, 19120, 270, 270, 19120, 420, 580, 420, 580, 460, 100, 50, 210, 490, 100, 50, 210, 20, 20, 490, 70, 80, 70, 1260, 60, 1260, 80, 50, 480, 1560, 480, 720, 70, 50, 70, 720, 1560, 140, 7630, 7630, 140, 60, 1160, 190, 190, 350, 1310, 350, 230, 60, 230, 60, 560, 560, 920, 920, 960, 1080, 180, 180, 1080, 80, 70, 70, 320, 540, 2060, 2060, 570, 260, 530, 320, 260, 540, 4650, 570, 500, 30, 50, 6760, 1020, 760, 1020, 50, 30, 760, 500, 1030, 180, 1030, 50, 120, 50, 180, 560, 120, 560, 420, 420, 170, 170, 50, 50, 240, 240, 1560, 100, 1560, 80, 470, 80, 100, 40, 470, 70, 0, 20, 1250, 0, 20, 1250, 700, 80, 300, 700, 80, 300, 90, 110, 90, 80, 1400, 110, 8880, 10, 10, 90, 90, 700, 700, 310, 310, 420, 120, 2260, 2260, 120, 420, 30, 10, 1050, 30, 270, 10, 440, 1050, 500, 8610, 2650, 3480, 20, 4290, 2650, 3480, 4290, 20, 500, 850, 7270, 1260, 1310, 7270, 1260, 1310, 380, 380, 20, 370, 20, 370, 430, 20, 20, 90, 630, 90, 630, 170, 5530, 5530, 170, 360, 1600, 1310, 360, 1310, 1600, 9670, 270, 9670, 1740, 5550, 5550, 20, 20, 460, 130, 460, 130, 40, 350, 350, 40, 350, 350, 3820, 2050, 3820, 890, 890, 380, 1410, 380, 1520, 1410, 370, 370, 700, 700, 290, 0, 290, 0, 160, 1800, 896690, 1800, 160, 896690, 180, 4650, 4650, 180, 1420, 30, 30, 1320, 570, 2260, 290, 570, 1320, 2260, 290, 320, 100, 100, 2800, 520, 160, 60, 160, 60, 60, 420, 420, 60, 440, 20, 440, 20, 3690, 740, 180, 7800, 3690, 7800, 740, 180, 130, 130, 120, 110, 6480, 20030, 240, 40, 120, 6480, 260, 20030, 1160, 40, 110, 70, 260, 11370, 70, 11370, 240, 4200, 350, 80, 80, 0, 4200, 350, 0, 80, 260, 2220, 90, 2220, 90, 38530, 240, 38530, 1420, 1270, 1420, 1270, 320, 170, 650, 300, 300, 650, 320, 170, 170, 1000, 1000, 170, 13800, 1300, 1300, 100, 100, 1760, 80, 896690, 1760, 896690, 80, 370, 7520, 20, 530, 530, 7520, 30, 220, 20, 370, 220, 300, 3660, 80, 570, 80, 300, 3660, 8210, 8210, 140, 390, 280, 40, 390, 30, 40, 30, 280, 1200, 2220, 1200, 0, 2220, 0, 130, 120, 7530, 10, 440, 120, 7530, 440, 10, 130, 4280, 4280, 210, 210, 200, 200, 140, 140, 480, 550, 960, 480, 550, 80, 100, 100, 170, 170, 80, 140, 140, 120, 120, 110, 20, 520, 20, 520, 110, 80, 1410, 910, 3750, 910, 80, 1410, 3750, 960, 60, 160, 60, 960, 0, 240, 220, 240, 0, 220, 3760, 1280, 3760, 560, 1280, 2140, 560, 11490, 0, 480, 11490, 10, 480, 3020, 3020, 0, 12640, 200, 200, 12640, 70, 520, 70, 520, 140, 240, 420, 140, 420, 14910, 14910, 240, 190, 190, 4230, 3370, 4230, 1030, 3360, 3360, 1030, 3870, 130, 180, 180, 130, 3870, 1160, 1160, 440, 440, 90, 90, 740, 60, 270, 740, 60, 370, 370, 2390, 2390, 240, 110, 240, 110, 480, 480, 390, 2880, 330, 20, 2880, 30, 30, 1360, 0, 50, 50, 1360, 0, 1950, 2160, 170, 320, 170, 320, 1950, 2160, 300, 80, 610, 300, 80, 610, 860, 860, 380, 140, 1020, 140, 380, 1020, 290, 410, 4170, 110, 290, 410, 110, 4170, 1240, 140, 240, 1430, 1460, 1430, 1240, 240, 1460, 140, 360, 20, 20, 940, 360, 3310, 40, 20, 520, 20, 560, 190, 190, 520, 20, 50, 40, 20, 50, 560, 1960, 1960, 4200, 1720, 2820, 4200, 2820, 1720, 3230, 10, 50, 50, 140, 3230, 140, 260, 260, 1470, 1470, 2800, 190, 2800, 190, 10, 160, 10, 1250, 9680, 1250, 16020, 9680, 30, 30, 10, 300, 10, 1000, 330, 300, 360, 330, 300, 11490, 360, 220, 300, 11490, 1000, 220, 2890, 2890, 80, 80, 200, 200, 210, 760, 460, 210, 460, 120, 760, 330, 20, 280, 280, 20, 330, 310, 500, 0, 310, 500, 50, 50, 1870, 100, 790, 1870, 790, 20, 100, 380, 130, 200, 380, 130, 380, 200, 30, 1260, 510, 510, 30, 1260, 1550, 100, 1660, 1550, 1660, 40, 330, 760, 760, 330, 40, 2950, 850, 2950, 850, 2980, 180, 2980, 180, 1500, 1500, 20, 20, 240, 190, 190, 240, 0, 360, 0, 6760, 360, 90, 90, 480, 360, 360, 1260, 480, 1260, 810, 10, 460, 180, 390, 10, 810, 180, 390, 460, 40, 0, 0, 10, 30, 30, 190, 190, 210, 80, 80, 210, 840, 300, 300, 840, 290, 4200, 290, 4200, 100, 5610, 100, 640, 280, 790, 790, 280, 640, 430, 590, 750, 250, 750, 250, 430, 590, 230, 230, 250, 250, 80, 3140, 430, 3140, 80, 80, 650, 80, 650, 110, 110, 390, 390, 1190, 1190, 11820, 11820, 460, 460, 11780, 1590, 11780, 2240, 730, 730, 3180, 2240, 310, 3180, 310, 10, 5220, 10, 1570, 1570, 5220, 10, 10, 10, 1210, 4610, 180, 10, 4610, 180, 610, 610, 10, 250, 750, 14570, 3840, 14570, 3840, 250, 750, 100, 100, 180, 180, 290, 290, 180, 180, 700, 1600, 700, 6140, 1600, 1020, 6140, 1020, 930, 300, 300, 17060, 280, 2230, 20, 280, 11830, 2230, 17060, 20, 11830, 100, 6300, 130, 100, 6300, 290, 20, 3140, 10, 10, 960, 2580, 960, 2580, 360, 360, 120, 50, 1240, 70, 70, 50, 120, 1240, 330, 2650, 2650, 330, 80, 120, 80, 120, 3790, 50, 660, 660, 3790, 50, 560, 2580, 4430, 560, 1140, 4430, 2580, 1140, 2100, 820, 1240, 2800, 2100, 820, 1240, 4530, 4530, 210, 1040, 210, 460, 460, 2850, 20, 5900, 20, 5900, 30, 30, 2000, 100, 100, 1280, 1280, 370, 370, 1440, 1440, 1060, 120, 180, 110, 1060, 180, 120, 110, 840, 1730, 1400, 840, 1730, 230, 1400, 230, 50, 120, 50, 120, 10, 10, 2200, 1350, 450, 2200, 1350, 450, 280, 10, 20, 280, 130, 10, 20, 720, 720, 60, 480, 480, 1200, 60, 60, 50, 870, 50, 60, 870, 170, 11820, 20, 2200, 170, 11820, 20, 50, 50, 50, 50, 630, 630, 510, 810, 810, 1500, 510, 1500, 280, 50, 280, 20, 750, 20, 750, 50, 0, 0, 370, 190, 370, 190, 240, 1460, 240, 1460, 160, 130, 50, 160, 50, 130, 420, 420, 4560, 950, 40, 4560, 950, 420, 40, 240, 130, 130, 570, 2650, 570, 0, 140, 140, 320, 320, 240, 1030, 240, 40, 13250, 13250, 190, 40, 190, 90, 170, 3140, 260, 150, 170, 150, 3140, 260, 90, 270, 650, 650, 270, 310, 310, 160, 120, 120, 160, 100, 100, 80, 500, 500, 8680, 80, 50, 1870, 180, 50, 1380, 1380, 180, 1870, 50, 80, 270, 80, 270, 50, 970, 350, 20, 970, 20, 350, 170, 3150, 170, 5590, 60, 160, 5590, 3150, 60, 860, 160, 620, 620, 2190, 1700, 2190, 820, 90, 200, 20, 200, 90, 820, 11740, 70, 110, 20, 11740, 3530, 3530, 70, 110, 20, 160, 300, 9480, 590, 270, 1870, 160, 300, 9480, 2300, 590, 270, 1870, 1040, 170, 170, 240, 760, 1100, 240, 760, 1040, 1040, 160, 800, 220, 160, 720, 220, 800, 720, 8140, 3150, 8140, 3150, 0, 420, 420, 80, 100, 1420, 80, 80, 100, 80, 1420, 100, 2920, 2920, 100, 180, 2460, 1330, 100, 180, 410, 2460, 1330, 410, 1160, 1480, 160, 1160, 1480, 30, 30, 30, 160, 30, 160, 180, 130, 130, 180, 13200, 10, 10, 13200, 100, 100, 1460, 1460, 230, 630, 1010, 230, 160, 630, 1010, 550, 160, 50, 550, 50, 3230, 160, 160, 3230, 30, 37950, 30, 37950, 490, 6070, 6070, 100, 30, 100, 3430, 3430, 180, 40, 180, 2540, 7000, 60, 30, 2540, 10, 30, 10, 60, 7000, 5820, 5820, 630, 630, 240, 240, 100, 100, 330, 20, 400, 400, 20, 580, 1010, 460, 1010, 460, 580, 0, 580, 180, 190, 4020, 0, 580, 510, 190, 180, 4020, 80, 80, 510, 540, 150, 530, 150, 540, 1870, 1870, 3560, 50, 210, 1150, 270, 270, 1150, 640, 3560, 50, 210, 640, 80, 80, 460, 610, 120, 30, 200, 90, 70, 200, 610, 70, 120, 460, 30, 70, 310, 310, 70, 20, 20, 310, 310, 90, 90, 3200, 930, 3200, 280, 930, 280, 280, 200, 320, 320, 280, 260, 260, 2800, 190, 2800, 190, 30, 30]"
2020-10-24 20:20:00+00:00,1816830,10,1425.0,"[150, 100, 150, 20, 100, 20, 30, 30, 20, 1270, 5000, 240, 5000, 20, 380, 1270, 240, 380, 330, 330, 1520, 610, 150, 1380, 150, 610, 1520, 260, 260, 140, 220, 220, 1970, 40, 500, 500, 40, 2360, 2740, 3960, 70, 80, 3960, 2740, 70, 80, 550, 80, 10, 80, 550, 10, 50, 50, 480, 37960, 37960, 40, 40, 140, 140, 30, 40, 40, 8930, 30, 170, 50, 170, 1290, 800, 1290, 1290, 1290, 50, 800, 180, 770, 30, 770, 50, 30, 1900, 50, 1900, 180, 30, 50, 430, 240, 50, 2960, 30, 50, 430, 2960, 240, 290, 100, 100, 290, 950, 310, 310, 950, 20, 140, 160, 20, 160, 140, 110, 480, 110, 4960, 70, 480, 50, 4960, 70, 6150, 250, 6150, 770, 770, 90, 90, 240, 820, 820, 240, 2260, 2260, 70, 11120, 740, 390, 740, 390, 11120, 20, 240, 4610, 720, 50, 720, 50, 240, 4610, 20, 2300, 670, 2300, 20, 670, 5750, 20, 600, 1020, 1020, 600, 340, 340, 70, 180, 2190, 40, 180, 2190, 220, 780, 70, 220, 780, 40, 20, 1170, 1130, 1170, 50, 1130, 20, 50, 140, 140, 4610, 160, 130, 160, 130, 110, 110, 4610, 110, 110, 200, 550, 500, 550, 200, 40, 40, 550, 550, 160, 60, 850, 850, 60, 160, 3140, 0, 0, 960, 320, 960, 320, 180, 360, 180, 360, 0, 1080, 1080, 0, 110, 10, 1140, 110, 490, 490, 1140, 900, 10, 900, 330, 660, 50, 330, 50, 2640, 2640, 390, 390, 80, 2260, 80, 2260, 20, 80, 80, 20, 380, 70, 230, 70, 230, 20, 20, 660, 1310, 660, 1310, 980, 330, 330, 60, 2910, 140, 2220, 2910, 140, 60, 2220, 210, 210, 170, 170, 150, 3140, 50, 2640, 50, 20, 1070, 220, 20, 210, 60, 210, 60, 220, 190, 190, 220, 220, 270, 70, 270, 570, 1790, 570, 1750, 1750, 70, 120, 120, 460, 460, 470, 470, 3140, 30, 30, 2180, 40, 20, 50, 20, 230, 50, 40, 230, 2180, 1550, 1550, 190, 80, 30, 190, 30, 80, 90, 150, 90, 150, 200, 2100, 200, 620, 360, 620, 360, 2100, 1760, 1760, 360, 370, 370, 120, 0, 150, 1980, 0, 150, 1980, 120, 100, 180, 180, 100, 4750, 3970, 210, 150, 3970, 4750, 150, 40, 480, 40, 40, 40, 480, 20, 680, 20, 2950, 650, 680, 2950, 650, 14340, 3140, 60, 30, 30, 60, 40, 530, 530, 40, 1720, 1720, 100, 10, 100, 10, 260, 1500, 1500, 13250, 13250, 260, 7510, 7510, 150, 150, 30, 30, 750, 20, 70, 2480, 2480, 20, 750, 70, 40, 260, 260, 410, 40, 410, 240, 230, 230, 3020, 10, 10, 830, 80, 830, 80, 30, 100, 3140, 100, 30, 1810, 1810, 40, 7510, 7510, 40, 60, 60, 2300, 2300, 300, 230, 2280, 1180, 230, 1180, 300, 1500, 1500, 1220, 2210, 210, 1220, 240, 2210, 30, 240, 210, 30, 2590, 2590, 20, 180, 180, 170, 170, 400, 10140, 120, 550, 120, 10140, 550, 400, 330, 20, 330, 5830, 210, 630, 5830, 1570, 630, 1570, 210, 130, 40, 20, 130, 40, 1910, 70, 340, 70, 340, 1910, 600, 600, 3790, 700, 3790, 700, 1390, 200, 1390, 2300, 2300, 200, 190, 170, 1220, 170, 1220, 190, 1190, 1190, 490, 12160, 1210, 120, 400, 550, 5830, 12160, 120, 400, 1210, 550, 490, 40, 740, 740, 40, 10, 90, 40, 90, 40, 10, 180, 120, 250, 180, 0, 0, 120, 210, 210, 3800, 100, 450, 810, 3800, 3120, 70, 960, 100, 3120, 70, 810, 450, 1340, 1050, 1340, 210, 0, 190, 210, 190, 1050, 140, 60, 140, 60, 5870, 5870, 140, 170, 10, 80, 1420, 170, 1420, 10, 140, 80, 120, 780, 290, 170, 780, 140, 170, 140, 120, 80, 1110, 1110, 80, 240, 3250, 160, 3250, 160, 9670, 150, 150, 240, 9670, 350, 350, 500, 1720, 1720, 500, 3880, 20, 20, 3100, 3100, 240, 240, 260, 80, 260, 80, 250, 250, 130, 1130, 130, 60, 60, 570, 540, 540, 60, 1510, 140, 300, 1510, 300, 10, 10, 17180, 2770, 60, 17180, 2770, 90, 270, 10, 1240, 10, 270, 300, 300, 1240, 90, 600, 600, 440, 2630, 2630, 440, 100, 10, 250, 10, 250, 4540, 100, 4540, 1240, 470, 470, 1240, 200, 200, 5480, 2150, 2150, 5480, 30, 1030, 1030, 290, 60, 190, 190, 2260, 60, 140, 140, 90, 470, 90, 470, 790, 790, 3760, 260, 3760, 210, 3050, 3140, 210, 3050, 3140, 370, 1050, 50, 290, 370, 1050, 50, 320, 290, 320, 50, 50, 60, 300, 300, 590, 400, 300, 300, 40, 40, 400, 570, 810, 30, 810, 30, 570, 60, 60, 50, 50, 20, 20, 20, 890, 20, 1140, 890, 100, 1020, 300, 100, 300, 3260, 330, 3260, 10120, 2120, 13670, 10120, 10, 13670, 40, 40, 10, 2120, 1330, 0, 0, 1330, 230, 230, 580, 580, 270, 1510, 220, 50, 1510, 50, 270, 20, 220, 10, 830, 10, 480, 830, 350, 460, 460, 120, 120, 1370, 1370, 1090, 300, 1090, 300, 170, 170, 370, 3370, 370, 3370, 430, 430, 320, 320, 950, 540, 130, 950, 540, 130, 60, 60, 4300, 6850, 4300, 6850, 3900, 840, 220, 840, 3900, 80, 80, 300, 220, 130, 130, 80, 80, 1610, 1610, 330, 330, 5750, 5750, 310, 140, 160, 310, 140, 840, 840, 330, 330, 290, 70, 160, 290, 70, 160, 110, 180, 110, 720, 720, 180, 260, 260, 2630, 20, 18830, 4430, 18830, 20, 2630, 4430, 850, 850, 480, 40, 300, 40, 300, 1420, 270, 350, 730, 1420, 350, 1790, 730, 270, 1790, 130, 190, 190, 130, 3180, 3180, 120, 160, 40, 160, 40, 120, 110, 7240, 7240, 3880, 50, 50, 480, 3880, 290, 240, 240, 290, 340, 340, 370, 370, 3220, 260, 480, 1770, 3220, 1770, 1090, 1090, 1720, 360, 3150, 1840, 20, 660, 20, 1840, 1720, 660, 3150, 140620, 10, 10, 40, 40, 5930, 320, 20, 120, 120, 5930, 320, 20, 2310, 300, 30, 2310, 720, 410, 110, 410, 720, 60, 60, 180, 180, 660, 140, 660, 40, 180, 750, 40, 180, 3800, 3800, 3280, 140, 3280, 140, 2200, 200, 200, 2200, 260, 310, 40, 1080, 40, 1080, 40, 40, 310, 1050, 1050, 310, 310, 310, 310, 10, 90, 70, 390, 390, 130, 90, 940, 940, 10, 130, 70, 290, 50, 190, 150, 50, 190, 150, 200, 200, 200, 110, 200, 110, 20, 170, 6960, 6960, 990, 170, 990, 20, 23520, 350, 300, 350, 20, 20, 23520, 300, 90, 60, 1530, 60, 530, 160, 90, 160, 1530, 5870, 5870, 420, 420, 80, 140, 80, 180, 100, 180, 270, 290, 1400, 290, 1400, 270, 250, 250, 390, 390, 340, 340, 180, 5000, 180, 5000, 400, 400, 1320, 40, 1320, 40, 280, 250, 250, 280, 270, 190, 160, 260, 400, 190, 270, 260, 400, 1240, 160, 200, 200, 540, 540, 40, 40, 240, 240, 1340, 70, 10, 1340, 830, 70, 830, 60, 220, 2800, 80, 470, 290, 220, 60, 290, 2800, 470, 80, 370, 1270, 1270, 80, 80, 370, 20, 20, 50, 50, 1040, 280, 3460, 110, 1240, 18830, 110, 1110, 18830, 1110, 1240, 3460, 40, 12900, 40, 12900, 690, 690, 840, 840, 250, 650, 650, 440, 590, 70, 590, 70, 210, 210, 640, 640, 210, 340, 340, 210, 1920, 170, 170, 1920, 910, 910, 60, 830, 50, 60, 830, 50, 4030, 4030, 400, 50, 50, 1840, 70, 800, 70, 800, 70, 2870, 70, 2870, 70, 70, 280, 280, 7810, 870, 7810, 870, 0, 0, 180, 10, 360, 130, 360, 180, 10, 1290, 180, 4110, 1290, 4110, 180, 430, 430, 230, 610, 100, 610, 80, 80, 120, 160, 40, 100, 40, 230, 160, 120, 170, 220, 40, 480, 480, 3750, 3750, 40, 220, 9620, 70, 70, 600, 600, 90, 3750, 90, 3750, 860, 860, 690, 690, 11840, 1270, 1390, 160, 11840, 1270, 160, 1390, 20, 20, 60, 60, 50, 140, 820, 450, 450, 140, 50, 3020, 670, 260, 1560, 1560, 260, 1160, 3020, 1160, 860, 860, 60, 1930, 3640, 60, 1130, 1760, 3640, 1930, 110, 110, 1890, 1650, 10, 1890, 1650, 10, 140, 140, 8460, 8460, 60, 120, 10, 10, 60, 120, 1370, 50, 1370, 50, 850, 850, 220, 1990, 20, 1990, 20, 3020, 20, 20, 180, 180, 3020, 80, 3020, 80, 130, 3020, 130, 1120, 1120, 50, 50, 130, 150, 150, 130, 70, 620, 70, 1720, 620, 1720, 1040, 2890, 1040, 2890, 220, 220, 30, 70, 540, 1670, 6180, 1670, 1760, 30, 540, 6180, 1760, 610, 70, 610, 1190, 180, 3510, 180, 3510, 1190, 20, 20, 100, 30, 30, 540, 540, 290, 510, 510, 910, 350, 910, 350, 2840, 2840, 220, 1140, 4390, 1140, 4390, 2740, 2740, 220, 5440, 540, 110, 130, 110, 540, 4770, 130, 4060, 720, 5440, 4060, 340, 80, 340, 80, 220, 220, 220, 400, 810, 810]"
2020-10-24 20:25:00+00:00,2431520,15,1355.0,"[390, 390, 2640, 6100, 2640, 30, 10, 10, 30, 520, 520, 220, 420, 220, 720, 730, 50, 730, 50, 200, 2730, 200, 2730, 210, 210, 210, 40, 40, 210, 490, 490, 0, 0, 600, 240, 600, 240, 2300, 2300, 3760, 3760, 710, 710, 150, 940, 50, 150, 940, 2830, 2830, 840, 840, 1470, 1470, 310, 310, 60, 140, 60, 350, 140, 450, 10, 10, 120, 950, 6420, 90, 6420, 950, 120, 90, 80, 80, 60, 340, 1480, 60, 340, 1480, 190, 940, 90, 240, 940, 30, 240, 90, 30, 190, 10, 900, 190, 900, 140, 190, 10, 140, 570, 220, 670, 2310, 220, 570, 2310, 670, 3760, 3760, 180, 240, 180, 240, 5870, 540, 1300, 540, 5870, 1300, 400, 200, 400, 200, 660, 660, 180, 230, 280, 280, 20, 230, 20, 180, 3940, 180, 3940, 20, 2240, 2240, 700, 20, 700, 10, 240, 130, 130, 10, 30, 30, 240, 8380, 8380, 960, 80, 80, 960, 270, 440, 3000, 270, 3000, 440, 100, 160, 100, 200, 200, 160, 160, 90, 410, 410, 160, 50, 800, 50, 800, 120, 610, 610, 120, 3300, 3300, 80, 2210, 50, 80, 9880, 350, 200, 240, 50, 9880, 350, 2210, 240, 200, 80, 270, 510, 510, 140, 480, 70, 70, 480, 700, 570, 700, 570, 80, 80, 80, 80, 680, 680, 290, 120, 1130, 290, 120, 90, 90, 6420, 6420, 2360, 2360, 60, 0, 120, 120, 0, 2300, 2300, 580, 720, 580, 720, 230, 230, 100, 100, 70, 70, 800, 10, 800, 10, 540, 10, 80, 540, 10, 80, 570, 570, 19480, 310, 19480, 310, 6110, 6110, 400, 50, 400, 100, 100, 50, 2780, 2780, 1190, 430, 430, 200, 200, 120, 120, 110, 110, 380, 4490, 380, 4490, 630, 10700, 10700, 630, 90, 1090, 210, 250, 1090, 210, 250, 30, 20, 20, 30, 990, 990, 860, 1580, 1580, 950, 950, 400, 160, 1040, 2010, 160, 360, 2010, 1040, 170, 970, 1370, 310, 1370, 970, 170, 270, 70, 3030, 340, 340, 3030, 270, 70, 340, 420, 770, 420, 770, 340, 430, 20, 430, 20, 360, 360, 0, 5300, 5300, 350, 350, 420, 100, 420, 100, 120, 120, 360, 850, 360, 4770, 4770, 470, 470, 30, 30, 210, 910, 30, 30, 210, 910, 80, 80, 40, 220, 40, 1290, 160, 20, 160, 1040, 20, 1290, 2210, 1580, 60, 2210, 60, 1580, 220, 380, 3090, 310, 190, 160, 220, 190, 380, 3090, 20, 310, 160, 630, 20, 0, 20, 1240, 0, 1240, 630, 530, 70, 530, 70, 10810, 100, 100, 10810, 2830, 40, 980, 2830, 980, 40, 1880, 10, 10, 1350, 1880, 1350, 2530, 170, 2530, 390, 390, 170, 4340, 480, 4340, 480, 90, 1340, 600, 600, 200, 1340, 200, 90, 20, 320, 30090, 60, 60, 30090, 60, 20, 20, 20, 320, 70, 3630, 3630, 490, 2610, 2850, 2610, 2850, 490, 40, 40, 30, 30, 10, 260, 260, 10, 560, 560, 70, 70, 5010, 220, 5010, 220, 1470, 1470, 6520, 120, 20, 6520, 120, 100, 100, 4460, 20, 4460, 180, 180, 130, 20, 220, 20, 130, 60, 60, 1880, 120, 60, 360, 280, 500, 120, 60, 1880, 360, 940, 940, 570, 570, 630, 630, 2720, 2720, 760, 800, 760, 2550, 90, 3530, 1310, 2550, 10, 1310, 90, 20, 3530, 20, 10, 0, 0, 11410, 11410, 2360, 2360, 320, 20, 320, 20, 280, 280, 4650, 290, 280, 30, 280, 4650, 30, 290, 460, 460, 300, 300, 230, 180, 230, 150, 100, 100, 150, 4340, 4340, 310, 790, 50, 2130, 2130, 50, 470, 1280, 470, 1280, 320, 90, 170, 320, 170, 90, 310, 150, 50, 150, 50, 430, 40, 70, 290, 180, 70, 3490, 180, 3490, 290, 113770, 720, 20, 720, 113770, 20, 480, 940, 1320, 180, 180, 940, 1320, 480, 2310, 210, 210, 1310, 1310, 410, 60, 320, 60, 410, 80, 80, 320, 0, 4900, 0, 140, 4900, 190, 200, 200, 2100, 190, 770, 860, 770, 860, 230, 1440, 230, 1440, 20, 80, 20, 3620, 3620, 1020, 420, 20, 1020, 20, 420, 1260, 1260, 260, 260, 70, 130, 130, 70, 220, 160, 4340, 280, 220, 160, 3680, 3680, 2060, 2060, 210, 210, 1130, 1130, 100, 1850, 1850, 100, 60, 120, 60, 880, 880, 1290, 120, 60, 350, 180, 180, 60, 350, 10, 280, 280, 30, 290, 380, 350, 30, 20, 20, 350, 290, 20, 20, 3900, 140, 2460, 2460, 140, 3900, 0, 76150, 4790, 28240, 80, 76150, 4790, 0, 28240, 6210, 80, 6210, 60, 100, 60, 100, 270, 270, 20, 20, 60, 60, 1480, 1480, 960, 160, 300, 160, 300, 960, 270, 270, 140, 330, 140, 270, 90, 90, 270, 10, 260, 10, 260, 580, 230, 200, 50, 22480, 200, 230, 580, 50, 580, 22480, 120, 120, 6480, 140, 380, 380, 90, 6480, 90, 140, 190, 190, 1040, 1040, 130, 280, 410, 130, 280, 410, 130, 220, 220, 630, 220, 1850, 220, 10, 1850, 10, 2710, 2190, 2710, 2190, 700, 700, 300, 300, 2640, 140, 140, 440, 140, 120, 120, 140, 440, 1560, 70, 1410, 1410, 120, 120, 70, 20, 20, 490, 7510, 7510, 470, 270, 490, 270, 470, 790, 790, 2710, 10, 10, 220, 220, 2710, 230, 230, 1080, 1260, 1080, 1260, 120, 120, 710, 11180, 20, 1590, 290, 20, 1590, 710, 11180, 170, 2030, 170, 2030, 230, 530, 230, 800, 40, 530, 40, 40, 20, 2210, 1040, 80, 20, 15700, 410, 15700, 410, 10, 10, 270, 20, 270, 20, 6530, 6530, 20, 80, 80, 20, 60, 60, 770, 150, 150, 1080, 1080, 20, 1040, 1040, 20, 10, 70, 280, 340, 280, 70, 340, 10, 180, 1240, 1240, 180, 100, 420, 10, 100, 420, 10, 20, 170, 170, 20, 30, 30, 1700, 1040, 30, 1040, 30, 1700, 8180, 8180, 100, 100, 20, 20, 1310, 470, 510, 510, 470, 1310, 280, 280, 10, 10, 220, 110, 2360, 220, 110, 400, 1350, 400, 1350, 440, 520, 520, 440, 800, 1620, 170, 170, 800, 1620, 290, 2910, 290, 240, 2910, 240, 2250, 2250, 150, 150, 290, 3080, 290, 3080, 3300, 3300, 940, 310, 310, 420, 420, 7570, 7570, 540, 120, 120, 540, 90, 90, 260, 410, 1870, 410, 260, 310, 310, 680, 210, 70, 110, 680, 20, 70, 110, 210, 680, 680, 460, 460, 150, 170, 740, 170, 150, 460, 460, 410, 1430, 420, 410, 420, 1430, 350, 350, 30, 40, 11420, 10, 11420, 40, 10, 30, 300, 1500, 1500, 100, 100, 60, 60, 20, 60, 20, 60, 540, 140, 140, 80, 540, 80, 100, 40, 20, 100, 1480, 160, 320, 240, 240, 160, 320, 40, 4040, 1480, 4040, 40, 80, 1090, 80, 1090, 1840, 220, 220, 170, 30, 170, 860, 860, 30, 1530, 930, 1230, 1530, 1230, 930, 50, 20, 50, 20, 320, 160, 170, 60, 320, 170, 60, 200, 160, 200, 110, 170, 880, 15400, 6500, 15400, 6500, 170, 880, 110, 8560, 630, 880, 630, 880, 8560, 10, 20, 20, 770, 770, 440, 10, 440, 310, 10, 310, 380, 380, 430, 430, 260, 260, 2580, 530, 60, 2580, 10, 530, 60, 10, 2050, 420, 420, 660, 410, 90, 410, 40, 120, 90, 120, 500, 500, 120, 1250, 120, 1250, 460, 460, 90, 370, 370, 90, 4700, 40, 4700, 40, 1210, 1210, 220, 220, 60, 60, 30, 10, 30, 10, 140, 1080, 140, 1080, 70, 3380, 320, 13560, 320, 70, 3380, 13560, 170, 170, 90, 70, 50, 700, 1960, 1960, 20, 700, 20, 70, 20, 450, 450, 310, 210, 210, 310, 800, 800, 80, 150, 10, 10, 260, 80, 260, 150, 1740, 10, 1740, 10, 570, 570, 760, 760, 70, 70, 200, 200, 20, 20, 30, 1680, 1680, 30, 450, 8540, 8540, 450, 2130, 2130, 480, 2080, 480, 2080, 40, 720, 40, 720, 440, 440, 170, 560, 1010, 4790, 560, 170, 1010, 0, 0, 700, 13310, 80, 2120, 1710, 80, 2120, 1710, 700, 13310, 710, 220, 710, 220, 20, 20, 2670, 320, 2670, 280, 280, 350, 0, 0, 570, 570, 440, 520, 2210, 570, 570, 440, 2080, 2210, 2080, 750, 750, 1210, 40, 1210, 670, 20, 670, 20, 1280, 2540, 1280, 2540, 940, 940, 50, 50, 1690, 3420, 1690, 3420, 2080, 2080, 190, 190, 130, 130, 190, 1090, 1090, 990, 30, 20, 0, 180, 180, 0, 20, 110, 50, 110, 50, 40, 510, 40, 510, 2480, 2480, 220, 220]"
2020-10-24 20:30:00+00:00,3779520,13,1287.0,"[980, 190, 980, 190, 520, 520, 180, 60, 180, 150, 60, 150, 60, 130, 10020, 120, 60, 130, 10020, 120, 530, 410, 530, 410, 440, 410, 310, 120, 410, 1040, 120, 1040, 780, 440, 780, 310, 190, 110, 90, 190, 110, 180, 180, 2680, 10, 60, 2680, 10, 60, 60, 60, 5030, 5030, 1140, 510, 70, 360, 360, 8210, 70, 8210, 70, 70, 100, 100, 250, 1590, 90, 1590, 250, 170, 90, 170, 430, 1930, 430, 1930, 780, 780, 610, 10, 50, 10, 330, 330, 610, 650, 170, 650, 170, 130, 420, 130, 420, 220, 360, 140, 220, 140, 360, 100, 100, 50, 50, 980, 980, 100, 100, 1250, 1250, 40, 420, 40, 420, 80, 80, 3750, 3750, 1480, 730, 730, 680, 680, 500, 40, 40, 500, 20, 20, 20, 20, 1190, 4040, 1190, 740, 0, 0, 740, 170, 80, 770, 770, 170, 80, 190, 190, 40, 520, 20, 1230, 40, 400, 520, 1230, 400, 20, 26100, 20, 210, 26100, 20, 1720, 1650, 150, 30, 1720, 150, 30, 1360, 1950, 740, 1950, 220, 740, 130, 130, 1360, 10, 10, 16740, 16740, 120, 120, 3180, 3180, 4480, 4480, 630, 70, 750, 630, 750, 70, 39450, 39450, 110, 110, 120, 3830, 530, 3830, 120, 530, 340, 50, 340, 50, 640, 1350, 150, 640, 1350, 150, 7750, 7750, 8170, 940, 510, 510, 940, 110, 190, 110, 190, 720, 720, 90, 90, 540, 1060, 1060, 520, 540, 520, 540, 20, 10, 10, 540, 20, 30, 30, 410, 410, 70, 70, 620, 560, 6210, 560, 6210, 110, 620, 40, 6800, 720, 220, 220, 40, 6800, 770, 20, 650, 770, 2980, 650, 2980, 20, 170, 1860, 170, 1860, 760, 450, 1570, 620, 620, 450, 1570, 2480, 760, 90, 4730, 1710, 4730, 740, 1240, 5200, 10, 5200, 740, 10, 1000, 1000, 1240, 40, 40, 560, 560, 360, 1860, 360, 1860, 1110, 500, 1110, 520, 1190, 1190, 500, 3570, 3570, 210, 170, 160, 4620, 95980, 4620, 170, 210, 95980, 10, 160, 10, 20, 20, 40, 40, 70, 70, 10, 1280, 1280, 4160, 10, 4160, 280, 1680, 280, 690, 1680, 110, 690, 110, 1670, 1670, 3830, 140, 140, 160, 160, 1740, 1740, 560, 120, 30, 120, 2940, 560, 2940, 30, 170, 40, 170, 40, 560, 1320, 560, 1320, 440, 440, 380, 380, 270, 100, 200, 270, 100, 200, 40, 40, 1270, 200, 1270, 80, 80, 21580, 21580, 100, 740, 10, 740, 10, 1300, 1300, 190, 80, 10, 10, 80, 30, 310, 30, 310, 500, 500, 1300, 1020, 1300, 270, 1020, 270, 20, 1670, 540, 540, 250, 1670, 20, 250, 90, 4180, 50, 1610, 1490, 1490, 1440, 50, 17930, 1440, 90, 4180, 17930, 130, 440, 3870, 3870, 130, 440, 1480, 390, 1480, 390, 150, 480, 150, 50, 0, 480, 50, 0, 20, 20, 13010, 2660, 13010, 2660, 10, 20, 10, 20, 2300, 2300, 370, 370, 130, 250, 130, 490, 1490, 1940, 1940, 250, 490, 1490, 170, 530, 530, 170, 350, 1420, 350, 220, 1840, 150, 30, 1840, 30, 220, 40, 3660, 3660, 10, 5890, 10, 5890, 3580, 3580, 1360, 1360, 13010, 540, 13010, 540, 590, 400, 10, 10, 10, 400, 590, 160, 460, 160, 460, 10, 10, 50, 840, 50, 3250, 3630, 3250, 3630, 10, 10, 20, 20, 1490, 150, 740, 150, 40, 1490, 740, 130, 130, 1860, 1860, 290, 3250, 3250, 290, 50, 60, 1000, 60, 1000, 340, 380, 540, 340, 380, 340, 120, 340, 10, 50, 330, 50, 330, 560, 0, 220, 0, 220, 570, 570, 0, 3430, 160, 290, 3430, 0, 290, 160, 750, 10, 750, 10, 1020, 100, 530, 100, 40, 530, 1020, 460, 10, 10, 460, 510, 2870, 2870, 510, 160, 490, 160, 490, 3400, 3400, 0, 90, 10, 0, 2360, 10, 90, 50, 50, 210, 2450, 2450, 40, 230, 230, 40, 240, 240, 40, 1750, 40, 1750, 70, 70, 680, 4890, 20, 4890, 680, 20, 350, 340, 350, 20, 140, 140, 1140, 1140, 310, 190, 310, 190, 70, 60, 60, 70, 60, 60, 4510, 4510, 1230, 1230, 630, 630, 740, 380, 740, 380, 630, 630, 2870, 33010, 2870, 80, 800, 100, 80, 80, 100, 80, 1160, 800, 1160, 80, 8810, 8810, 80, 4300, 310, 150, 4300, 150, 310, 800, 800, 40, 470, 40, 470, 13280, 1190, 20, 370, 1190, 370, 110, 110, 20, 170, 800, 170, 800, 1610, 50, 50, 580, 2270, 160, 160, 580, 210, 2360, 100, 210, 2360, 100, 1500, 1500, 1690, 160, 1160, 1690, 1490, 1140, 30, 170, 170, 1490, 370, 1140, 120, 30, 120, 140, 4940, 4940, 100, 540, 540, 10, 350, 440, 10, 440, 350, 40, 40, 2760, 2760, 3440, 11230, 20, 370, 2340, 11230, 80, 20, 60, 300, 80, 2340, 3440, 590, 350, 590, 350, 70, 3170, 70, 3170, 90, 90, 750, 90, 90, 40, 40, 750, 2840, 2840, 1160, 510, 1160, 510, 220, 220, 560, 560, 80, 80, 3370, 3370, 2260, 2260, 480, 70, 480, 70, 30, 40, 30, 40, 380, 70, 20, 380, 70, 20, 120, 120, 10, 3770, 3770, 140, 10, 140, 150, 1140, 150, 2020, 2020, 1140, 400, 450, 30, 570, 460, 450, 400, 310, 30, 460, 310, 570, 1280, 1680, 50, 50, 1280, 1680, 340, 1050, 340, 1050, 620, 10, 10, 100, 100, 10, 620, 10, 60, 60, 60, 100, 640, 230, 230, 640, 60, 100, 2440, 590, 210, 2440, 590, 1860, 1860, 440, 440, 100, 100, 10, 620, 530, 250, 80, 80, 530, 250, 4350, 4350, 20, 20, 30, 70, 70, 30, 1620, 1620, 70, 140, 140, 70, 280, 840, 840, 20, 6760, 2220, 6760, 280, 330, 330, 19910, 80, 19910, 420, 420, 330, 50, 280, 30, 50, 50, 280, 30, 10, 330, 70, 1560, 1560, 320, 70, 150, 19480, 1460, 1350, 300, 1460, 150, 620, 300, 1350, 620, 70, 80, 70, 50, 0, 80, 730, 50, 730, 170, 170, 140, 140, 150, 150, 2420, 2420, 720, 260, 420, 720, 4350, 50, 420, 260, 4350, 50, 180, 160, 160, 180, 80, 80, 200, 200, 6760, 6760, 260, 260, 100, 200, 1530, 200, 100, 1530, 1600, 120, 20, 20, 900, 90, 900, 1750, 20, 20, 40, 1750, 160, 2900, 160, 2900, 2910, 350, 1410, 1410, 2910, 350, 1010, 1010, 40, 40, 150, 150, 1110, 170, 80, 1110, 80, 170, 440, 440, 250, 720, 250, 720, 140, 170, 50, 140, 50, 2520, 2520, 180, 170, 180, 810, 810, 80, 90, 1080, 20, 1080, 90, 20, 80, 430, 120, 430, 120, 560, 560, 1730, 1730, 640, 70, 640, 70, 40, 1460, 1240, 40, 1240, 2770, 560, 560, 620, 2770, 300, 90, 90, 300, 600, 600, 3240, 3240, 70, 630, 190, 70, 190, 630, 814240, 8920, 420, 210, 814240, 420, 8920, 60, 0, 0, 60, 400, 1750, 400, 1750, 5280, 1820, 1820, 5280, 4640, 6760, 340, 40, 620, 620, 40, 340, 4640, 260, 173950, 173950, 140, 140, 1730, 1730, 1530, 1530, 200, 110, 140, 140, 2450, 2450, 200, 110, 10, 1180, 860, 510, 210, 80, 210, 1180, 860, 80, 510, 850, 850, 10, 500, 500, 1830, 390, 1830, 390, 340, 340, 860, 860, 2460, 2460, 3750, 310, 2220, 800, 800, 310, 3750, 2220, 4210, 250, 610, 4210, 250, 610, 16500, 10, 220, 20080, 280, 3750, 3510, 0, 280, 3510, 3750, 300, 160, 160, 170, 300, 170, 210, 8060, 210, 8060, 790, 790, 1750, 3990, 1310, 0, 150, 3990, 150, 1750, 0, 1310, 300, 300, 300, 300, 1040, 1880, 1280, 1280, 1880, 310, 1390, 1390, 350, 330, 350, 20, 330, 680, 680, 240, 240, 2360, 2360, 320, 20, 5390, 80, 50, 50, 80, 20, 320, 5390, 350, 350, 550, 550, 60, 60, 410, 410, 1860, 220, 2910, 2910, 1860, 220, 790, 790, 1620, 1620, 920, 920, 140, 120, 960, 6190, 120, 6190, 960, 140, 800, 10, 800, 10, 50, 50, 60, 10, 10, 60, 140, 220, 190, 60, 220, 190, 60, 140, 70, 70, 240, 100, 240, 100, 390, 530, 390, 530]"
2020-10-24 20:35:00+00:00,1454170,3,1146.0,"[1170, 1170, 40, 60, 10, 230, 230, 10, 310, 3020, 420, 420, 310, 3020, 2990, 2530, 2990, 2530, 380, 380, 80, 80, 6430, 9930, 6430, 760, 290, 3530, 100, 3530, 290, 100, 760, 250, 290, 900, 290, 900, 310, 460, 310, 460, 290, 100, 20, 290, 100, 20, 950, 130, 510, 130, 510, 60, 60, 3900, 3370, 180, 3370, 100, 180, 3900, 100, 870, 870, 1830, 320, 320, 1150, 1830, 1150, 120, 120, 10, 640, 140, 9300, 3630, 3630, 140, 640, 9300, 10, 0, 690, 690, 0, 10, 10, 290, 290, 1870, 3990, 90, 90, 3990, 650, 650, 60, 120, 100, 2020, 120, 100, 110, 2020, 60, 920, 720, 20, 80, 20, 550, 550, 80, 0, 170, 230, 170, 230, 0, 280, 510, 2000, 510, 2000, 210, 2800, 5610, 30, 2800, 5610, 190, 30, 190, 520, 360, 260, 260, 360, 520, 100, 100, 410, 500, 90, 410, 500, 90, 1480, 350, 350, 1480, 440, 180, 180, 10, 10, 240, 1940, 2620, 240, 1940, 2620, 90, 24140, 1820, 1120, 1140, 1820, 1140, 90, 30, 20, 80, 30, 410, 80, 410, 120, 390, 360, 190, 1350, 120, 360, 190, 1350, 390, 860, 860, 30, 30, 40, 40, 40, 130, 110, 70, 130, 110, 40, 70, 110, 110, 20, 20, 720, 250, 720, 250, 10, 110, 210, 110, 210, 10, 200, 90, 90, 370, 200, 370, 550, 24140, 300, 2060, 2060, 550, 300, 2810, 2810, 430, 430, 290, 180, 1750, 380, 1120, 1750, 290, 180, 380, 1120, 1120, 1120, 360, 360, 10, 10, 1790, 1790, 640, 640, 140, 140, 900, 2860, 900, 130, 8140, 130, 180, 180, 950, 950, 170, 710, 710, 100, 1020, 100, 1020, 470, 470, 330, 330, 230, 100, 250, 100, 250, 620, 230, 3210, 200, 200, 3210, 1220, 1220, 620, 620, 150, 630, 150, 140, 140, 630, 130, 0, 130, 0, 20, 20, 170, 170, 350, 90, 90, 80, 80, 450, 450, 30, 30, 5390, 110, 2120, 750, 10, 110, 10, 2120, 40, 40, 740, 40, 7820, 7820, 440, 440, 160, 1420, 1420, 160, 140, 140, 60, 220, 60, 430, 430, 2860, 40, 2860, 40, 640, 160, 160, 640, 550, 10, 550, 10, 10, 40, 50, 40, 50, 60, 130, 120, 30, 1600, 60, 120, 1600, 30, 280, 280, 590, 2020, 10, 590, 2020, 470, 10, 20, 20, 100, 40, 40, 30, 30, 200, 200, 50, 8410, 8410, 50, 50, 40, 140, 40, 90, 90, 130, 140, 130, 410, 1960, 20, 1960, 20, 3110, 150, 890, 890, 150, 40, 40, 650, 150, 40, 190, 110, 40, 1240, 190, 110, 150, 1240, 650, 260, 920, 260, 920, 850, 2000, 2000, 330, 1130, 1130, 80, 330, 80, 1340, 160, 90, 90, 160, 160, 160, 42710, 250, 340, 50, 50, 340, 110, 3630, 630, 3630, 630, 110, 260, 210, 410, 260, 280, 420, 420, 240, 410, 240, 1110, 50, 50, 1110, 290, 690, 560, 2390, 690, 560, 2390, 1050, 830, 600, 150, 150, 830, 1050, 600, 40, 90, 40, 90, 90, 1400, 90, 220, 220, 40, 40, 300, 300, 2050, 530, 530, 2050, 810, 810, 390, 210, 390, 210, 1240, 190, 610, 190, 1240, 610, 4100, 360, 160, 90, 360, 90, 160, 4100, 860, 6490, 860, 6490, 1050, 1050, 830, 930, 190, 190, 2400, 2400, 0, 0, 100, 610, 810, 640, 610, 90, 90, 40, 40, 210, 860, 210, 660, 660, 860, 1130, 410, 1130, 410, 20, 550, 20, 550, 13080, 13080, 80, 80, 430, 430, 860, 860, 1420, 640, 640, 1250, 70, 30, 60, 50, 30, 60, 70, 40, 460, 40, 460, 90, 300, 300, 60, 60, 7220, 7220, 460, 460, 660, 660, 290, 13080, 290, 13080, 10, 860, 860, 0, 650, 650, 570, 570, 20, 20, 730, 100, 730, 100, 40, 220, 90, 40, 220, 90, 410, 120, 60, 60, 660, 660, 150, 1780, 100, 100, 1780, 100, 100, 300, 10, 150, 10, 150, 300, 290, 15690, 540, 2140, 15690, 540, 510, 3810, 7920, 7920, 3810, 510, 2140, 7930, 210, 7930, 240, 210, 240, 260, 1650, 630, 260, 1650, 630, 90, 90, 410, 410, 260, 230, 170, 260, 170, 230, 0, 970, 0, 1580, 3350, 1960, 40, 7340, 7340, 40, 1580, 3350, 2480, 370, 2480, 500, 500, 500, 500, 18910, 18910, 60, 540, 20, 60, 540, 460, 460, 20, 160, 160, 80, 80, 420, 420, 440, 440, 440, 440, 240, 240, 2070, 30, 30, 440, 440, 160, 5580, 5580, 160, 210, 210, 920, 40, 1550, 30, 30, 1550, 330, 330, 1470, 1470, 70, 130, 20, 1070, 130, 20, 1070, 70, 200, 200, 770, 210, 560, 200, 210, 560, 200, 770, 790, 790, 670, 170, 660, 320, 2300, 670, 170, 660, 320, 20, 20, 300, 20, 300, 4810, 440, 100, 40, 10, 350, 350, 4810, 10, 100, 40, 440, 320, 60, 220, 970, 60, 320, 970, 220, 200, 200, 200, 12840, 12840, 220, 660, 220, 660, 420, 460, 460, 420, 150, 0, 2390, 1500, 2390, 0, 150, 1500, 100, 260, 100, 260, 200, 140, 140, 240, 570, 570, 240, 10, 1070, 50, 10, 1070, 50, 320, 40, 4170, 320, 40, 140, 140, 4170, 30170, 7340, 7340, 30170, 470, 60, 2200, 30, 470, 60, 2200, 30, 1000, 240, 30, 30, 240, 1000, 150, 10, 150, 10, 390, 5630, 120, 120, 5630, 10, 390, 350, 60, 60, 350, 90, 10, 450, 10, 390, 390, 450, 130, 640, 640, 130, 40, 40, 20, 140, 20, 2300, 140, 2300, 1070, 1070, 640, 640, 260, 260, 110, 110, 1030, 430, 430, 1030, 160, 60, 160, 30170, 30170, 60, 60, 140, 60, 140, 12180, 12180, 4580, 3610, 4580, 3610, 2140, 2140, 360, 270, 360, 270, 930, 130, 300, 130, 190, 930, 190, 300, 550, 90, 90, 550, 5620, 5620, 1290, 1310, 1290, 1310, 5020, 510, 230, 230, 110, 110, 10, 10, 5760, 200, 20, 350, 20, 200, 5760, 70, 70, 570, 650, 570, 4580, 4580, 950, 420, 40, 700, 50, 420, 40, 700, 150, 2260, 2260, 2200, 3780, 10, 2200, 3780, 120, 10, 3190, 30, 50, 3190, 30, 50, 550, 470, 70, 470, 70, 550, 12370, 12370, 380, 40, 40, 210, 210, 380, 11090, 950, 11090, 950, 950, 3690, 200, 200, 80, 40, 2540, 80, 120, 40, 120, 550, 480, 130, 480, 130, 550, 690, 480, 50, 50, 690, 480, 30, 11090, 11090, 20, 30, 20, 3100, 180, 180, 3100, 60, 60, 80, 80, 9370, 90, 9370, 90, 270, 50, 270, 50, 300, 300, 210, 80, 80, 210, 10, 850, 10, 850, 170, 170, 220, 80, 220, 80, 100, 8680, 300, 10, 2220, 460, 8680, 300, 2220, 450, 10, 460, 450, 330, 330, 700, 380, 700, 380, 40, 70, 40, 70, 210, 320, 1860, 6730, 210, 320, 6730, 1860, 0, 0, 230, 230, 170, 170, 2820, 130, 2820, 130, 2680, 2680, 280, 170, 2870, 280, 2870, 170, 60, 260, 70, 30, 60, 260, 70, 30, 70, 70, 4530, 4530, 1080, 10, 10, 150, 1080, 150, 2040, 2080, 2040, 60, 240, 60, 120, 120, 240, 30, 30, 20, 210, 460, 460]"
2020-10-24 20:40:00+00:00,2667500,7,1029.0,"[120, 2630, 120, 160, 2630, 160, 90, 90, 260, 260, 650, 2700, 2700, 400, 260, 400, 70, 40, 40, 690, 1050, 1050, 310, 310, 130, 260, 450, 130, 260, 170, 590, 340, 170, 590, 440, 440, 340, 70, 70, 200, 140, 140, 200, 210, 210, 80, 80, 1120, 1120, 1610, 1610, 3080, 120, 3080, 120, 160, 160, 130, 130, 340, 340, 2710, 2710, 320, 10980, 120, 30, 120, 10980, 30, 300, 300, 240, 240, 110, 340, 110, 340, 210, 210, 120, 120, 7560, 7560, 720, 60, 720, 60, 220, 220, 30160, 80, 480, 80, 480, 10, 0, 0, 10, 30, 30, 3070, 270, 270, 610, 3070, 320, 320, 160, 160, 1640, 1640, 110, 110, 280, 10, 2940, 10, 280, 510, 2940, 510, 20, 60, 370, 20, 60, 260, 260, 1460, 1460, 40, 110, 2450, 30, 110, 2450, 40, 33880, 740, 500, 620, 740, 500, 33880, 620, 200, 750, 750, 200, 1460, 1460, 20, 70, 20, 70, 320, 320, 0, 0, 48440, 48440, 380, 10, 10, 320, 380, 10, 10, 320, 210, 20, 2920, 20, 2920, 80, 60, 60, 80, 300, 400, 1120, 300, 400, 110, 110, 40, 10, 70, 200, 110, 40, 200, 70, 110, 10, 270, 70, 10790, 270, 70, 630, 70, 60, 2100, 630, 70, 2100, 60, 2620, 2620, 50, 50, 3340, 3340, 720, 720, 320, 1090, 320, 1090, 250, 250, 300, 300, 70, 70, 170, 80, 80, 30, 30, 170, 630, 630, 190, 190, 190, 820, 510, 510, 80, 6940, 2440, 230, 10, 6940, 80, 2440, 2940, 280, 10, 230, 510, 510, 220, 1410, 1410, 30, 30, 50, 50, 90, 90, 40, 40, 130, 130, 110, 20, 40, 1220, 870, 20, 4470, 40, 1220, 1110, 870, 1110, 150, 1010, 1010, 880, 420, 250, 420, 1200, 880, 1200, 4810, 590, 590, 4810, 10, 150, 5770, 150, 5770, 10, 130, 130, 230, 110, 110, 230, 30, 2620, 30, 60, 310, 2620, 60, 310, 140, 660, 660, 10, 3100, 510, 3100, 10, 630, 630, 510, 10, 30, 50, 50, 30, 360, 30, 30, 560, 560, 100, 130, 180, 180, 130, 100, 160, 60, 850, 180, 180, 850, 550, 160, 550, 60, 1330, 1330, 520, 520, 50, 820, 3110, 50, 820, 3110, 380, 380, 340, 1310, 2360, 2550, 1580, 2360, 1330, 1330, 590, 100, 590, 100, 1080, 210, 50, 170, 3120, 3120, 50, 3210, 160, 3210, 280, 280, 110, 40, 40, 80, 210, 1300, 210, 1300, 30, 510, 1010, 510, 30, 1010, 270, 1930, 210, 210, 1930, 1270, 1270, 2910, 420, 2910, 50, 1880, 50, 1880, 20, 280, 20, 350, 350, 790, 790, 120, 120, 30, 30, 680, 680, 740, 740, 350, 60, 60, 350, 670, 670, 320, 320, 140, 1280, 1360, 180, 1280, 140, 180, 130, 130, 170, 170, 660, 30, 660, 570, 30, 570, 320, 550, 130, 550, 320, 130, 100, 570, 570, 100, 70, 70, 320, 320, 1110, 1110, 660, 660, 370, 1820, 370, 260, 320, 830, 260, 320, 10, 70, 70, 1820, 10, 40, 40, 50, 1820, 50, 1820, 110, 110, 30, 6910, 6910, 410, 410, 30, 1160, 1160, 1180, 1180, 40, 90, 40, 90, 860, 1690, 90, 90, 860, 1690, 1900, 260, 1900, 260, 7500, 110, 110, 1180, 7500, 570, 1480, 190, 1480, 570, 190, 560, 16500, 560, 8310, 16500, 8310, 590, 590, 60, 110, 40, 40, 50, 1150, 110, 50, 1150, 60, 190, 2150, 100, 190, 2150, 100, 1680, 110, 1680, 110, 570, 170, 170, 100, 100, 1250, 190, 320, 320, 400, 400, 1270, 220, 50, 1260, 220, 1260, 110, 480, 110, 240, 240, 480, 10, 480, 290, 340, 310, 10, 290, 10, 10, 340, 12280, 12280, 480, 770, 480, 770, 50, 360, 90, 360, 50, 10590, 10590, 210, 210, 960, 30, 960, 150, 150, 470, 290, 1010, 290, 470, 1010, 190, 190, 1920, 1920, 90, 3650, 3650, 110, 390, 110, 90, 260, 0, 120, 0, 120, 1910, 1910, 330, 420, 330, 420, 120, 310, 270, 8680, 310, 270, 4290, 4290, 20, 230, 960, 20, 190, 230, 190, 960, 90, 1370, 90, 1370, 2160, 120, 120, 2160, 4770, 4770, 8850, 8850, 140, 140, 3640, 30, 360, 1730, 30, 3950, 360, 10, 1730, 1720, 60, 3950, 10, 60, 3640, 1720, 90, 200, 270, 90, 200, 270, 810, 250, 250, 810, 2760, 2760, 260, 260, 50, 300, 350, 1370, 60, 50, 900, 300, 1370, 350, 210, 210, 510, 1800, 510, 1080, 180, 180, 1080, 290, 290, 780, 160, 160, 510, 2290, 510, 2290, 2040, 2040, 160, 520, 7500, 160, 7500, 520, 40, 40, 2950, 2950, 1740, 1140, 1740, 1140, 40, 520, 40, 520, 420, 420, 1220, 1220, 1710, 1710, 710, 710, 420, 200, 330, 420, 200, 330, 700, 150, 700, 20, 20, 2610, 240, 2040, 2040, 490, 490, 70, 240, 1130, 20, 610, 20, 610, 160, 44720, 160, 44720, 80, 80, 3730, 220, 220, 3730, 690, 690, 3700, 1170, 1170, 240, 450, 450, 1690, 280, 260, 1690, 260, 20, 20, 180, 950, 180, 70, 70, 49390, 100, 49390, 1680, 340, 1680, 130, 130, 220, 220, 380, 780, 380, 780, 20, 830, 4380, 4380, 830, 20, 400, 100, 400, 2290, 2290, 120, 120, 180, 40, 650, 40, 40, 650, 40, 180, 40, 170, 260, 220, 120, 220, 260, 170, 120, 3060, 40, 300, 2610, 330, 300, 330, 2610, 1760, 1760, 360, 360, 370, 150, 370, 70, 150, 70, 900, 900, 1500, 1500, 1090, 200, 1090, 200, 1840, 10800, 1720, 1340, 1720, 1340, 11020, 1100, 1100, 11020, 160, 160, 0, 0, 1130, 1130, 460, 570, 9900, 460, 4010, 290, 4010, 290, 800, 0, 0, 800, 0, 30, 290, 0, 30, 950, 20, 20, 950, 280, 0, 0, 920, 660, 70, 920, 660, 70, 340, 570, 340, 520, 570, 350, 950, 3860, 950, 180, 3860, 350, 180, 1170, 360, 30, 1840, 30, 1170, 630, 360, 40, 740, 460, 70, 210, 870, 740, 40, 210, 70, 460, 870, 400, 400, 150, 150, 40, 607920, 607920, 40, 18170, 30, 18170, 30, 960, 140, 960, 20, 140, 330, 330, 480, 4580, 11820, 4580, 11820, 480, 5590, 3100, 5590, 3100, 480, 260, 480, 260, 180, 2950, 2950, 180, 230, 230, 4420, 110, 110, 4420, 70, 70, 280, 750, 750, 280, 70, 680, 560, 560, 680, 13110, 70, 70, 13110, 80, 80, 120, 50, 880, 220, 120, 220, 50, 660, 880, 130, 130]"
2020-10-24 20:45:00+00:00,2396150,7,1002.0,"[950, 950, 1780, 1910, 1780, 1510, 1910, 1510, 130, 250, 130, 120, 120, 250, 780, 1630, 780, 1630, 48210, 48210, 80, 4010, 4010, 80, 60, 420, 230, 420, 10, 60, 10, 530, 530, 230, 40, 1170, 20, 40, 1170, 2330, 2330, 1040, 1040, 900, 2300, 900, 2300, 30, 40, 40, 30, 260, 260, 100, 1440, 1440, 30, 700, 30, 30, 30, 700, 800, 800, 340, 1460, 200, 200, 60, 60, 2370, 2370, 1100, 50, 540, 50, 540, 350, 3280, 410, 3280, 410, 680, 40, 1330, 1330, 680, 40, 640, 640, 4390, 540, 340, 2260, 170, 100, 20, 340, 2260, 100, 170, 540, 20, 4390, 3720, 30, 270, 30, 270, 3720, 3760, 3760, 720, 720, 1160, 1160, 170, 990, 990, 420, 30, 30, 420, 170, 170, 600, 1160, 70, 1160, 70, 260, 1330, 100, 80, 100, 1330, 80, 260, 3220, 3220, 90, 1470, 90, 1470, 330, 330, 320, 10, 10, 320, 40, 40, 100, 100, 200, 410, 200, 410, 70, 240, 70, 380, 5840, 210, 530, 5840, 530, 380, 210, 20, 60, 60, 20, 10220, 10220, 420, 420, 610, 160, 610, 160, 1240, 1330, 1240, 1330, 190, 190, 20, 20, 100, 220, 100, 170, 220, 170, 1500, 520, 290, 1500, 290, 520, 520, 520, 330, 610, 330, 610, 360, 20, 1440, 20, 1630, 20, 60, 60, 380, 380, 1760, 300, 1760, 50, 50, 510, 300, 2790, 400, 400, 2790, 50, 210, 60, 60, 210, 50, 350, 1250, 350, 370, 180, 2050, 60, 460, 700, 460, 2050, 320, 2790, 320, 2790, 150, 60, 1950, 150, 60, 1950, 320, 340, 320, 340, 380, 30, 380, 30, 250, 1050, 350, 1050, 250, 1840, 410, 410, 1840, 560, 1310, 1310, 560, 930, 1090, 930, 130, 1090, 130, 380, 380, 50, 50, 1010, 170, 1120, 1010, 1120, 170, 1090, 1090, 1760, 1760, 600, 600, 1870, 1870, 200, 200, 860, 860, 5240, 5240, 60, 20, 20, 350, 350, 9050, 9050, 190, 190, 10, 10, 230, 350, 330, 350, 330, 230, 1270, 1270, 880, 110, 110, 880, 70, 70, 900, 20, 900, 100, 100, 1040, 120, 1040, 120, 240, 240, 1700, 5390, 1700, 4560, 4560, 5390, 290, 130, 290, 130, 210, 210, 1430, 1430, 230, 370, 370, 230, 1080, 140, 270, 200, 1080, 140, 270, 200, 180, 180, 570, 570, 350, 350, 20, 20, 60, 1950, 60, 1950, 1320, 1580, 1320, 1580, 170, 390, 140, 170, 140, 770, 770, 390, 7700, 460, 7700, 460, 400, 400, 130, 530, 130, 530, 130, 130, 340, 340, 470, 5320, 470, 5320, 20, 7620, 20, 7620, 500, 500, 210, 210, 210, 11190, 11190, 210, 2680, 230, 380, 380, 2680, 1260, 1260, 41400, 41400, 280, 280, 370, 40, 100, 1700, 40, 100, 370, 370, 2170, 370, 2170, 60, 6780, 60, 60, 880, 60, 880, 800, 1940, 800, 1940, 30, 120, 120, 30, 60, 11870, 60, 120, 120, 200, 200, 990, 160, 160, 990, 0, 30, 0, 30, 10, 10, 50, 1500, 1500, 50, 80, 80, 180, 180, 20, 1690, 120, 4730, 4730, 320, 940, 300, 940, 320, 300, 70, 70, 620, 620, 220, 5930, 5930, 40, 310, 40, 810, 310, 1180, 1460, 1180, 1460, 3790, 190, 190, 740, 740, 270, 270, 1560, 2040, 1560, 130, 2040, 130, 90, 940, 940, 90, 1300, 1300, 1590, 100, 100, 170, 50, 170, 50, 860, 860, 350, 680, 40, 100, 40, 100, 350, 10, 60, 10, 70, 70, 740, 740, 800, 800, 130, 130, 24260, 280, 24260, 280, 350, 350, 30, 30, 1020, 70, 1020, 70, 1240, 1240, 2010, 10620, 10620, 2010, 780, 1020, 1020, 780, 50, 50, 60, 580, 60, 580, 60, 2770, 50, 60, 140, 50, 2770, 140, 1820, 1280, 1820, 520, 520, 1100, 2960, 560, 2960, 560, 460, 460, 1100, 70, 70, 30, 30, 2720, 1140, 1140, 180, 1350, 220, 460, 1350, 110, 220, 110, 4780, 24260, 24260, 60, 60, 250, 250, 150, 240, 380, 240, 380, 150, 1500, 1260, 1500, 240, 1260, 240, 150, 120, 120, 150, 340, 150, 340, 150, 580, 580, 800, 800, 600, 20, 20, 2330, 2330, 120, 790, 120, 70, 450, 110, 70, 110, 170, 450, 170, 29230, 10, 29230, 10, 1600, 1600, 1830, 220, 220, 1980, 1980, 240, 240, 60, 300, 260, 300, 540, 1040, 260, 60, 150, 150, 390, 70, 210, 390, 70, 210, 50, 30, 60, 360, 60, 360, 30, 1280, 1280, 50, 160, 160, 1500, 1500, 510, 510, 20, 20, 330, 10, 330, 10, 1560, 1200, 110, 650, 1200, 1560, 110, 650, 130, 130, 130, 250, 250, 5380, 2320, 60, 2320, 60, 5380, 10, 70, 70, 10, 70, 70, 770, 150, 840, 770, 150, 60, 60, 840, 150, 6040, 4800, 4800, 6040, 150, 630, 630, 1560, 1560, 270, 270, 70, 70, 110, 900, 960, 900, 2120, 120, 2120, 120, 170, 560, 170, 90, 270, 270, 160, 160, 80, 80, 20, 20, 1760, 1760, 40, 60, 40, 60, 10, 90, 200, 9110, 200, 9110, 930, 160, 160, 930, 30, 240, 220, 30, 220, 2540, 600, 2540, 600, 2570, 900, 900, 2570, 140, 140, 50, 1530, 50, 540, 380, 540, 380, 310, 41400, 250, 41400, 250, 310, 230, 230, 660, 660, 130, 910, 910, 130, 1260, 1260, 1020, 1020, 460, 460, 1390, 1390, 7150, 7150, 230, 850, 850, 230, 2950, 2910, 1420, 2950, 2910, 1420, 380, 380, 90, 400, 90, 120, 1150, 120, 1150, 850, 19110, 850, 19110, 190, 190, 10, 10, 680, 80, 680, 90, 5060, 90, 1250, 1250, 470, 1330, 470, 600, 600, 70, 60, 90, 60, 70, 90, 680, 830, 680, 540, 540, 1190, 1470, 910, 1470, 1190, 80, 0, 230, 80, 0, 230, 380, 2570, 310, 2570, 380, 310, 530, 530, 50, 380, 50, 360, 360, 380, 10720, 150, 150, 10720, 1500, 1500, 510, 510, 1390, 1390, 620, 10, 620, 30, 1830, 1830, 1260, 30, 1260, 2120, 2120, 380, 50, 380, 40, 150, 150, 320, 320, 110, 870, 870, 110, 0, 820, 530, 0, 820, 530, 210, 210, 790, 410, 790, 410, 2180, 2180, 3860, 3860, 280, 240, 280, 240, 9360, 9360, 2200, 2200, 330, 1670, 330, 1670, 860, 20, 20, 860, 11620, 11620, 20, 150, 500, 500]"
2020-10-24 20:50:00+00:00,1314490,6,1021.0,"[740, 190, 740, 510, 510, 720, 10, 720, 480, 480, 140, 10, 4440, 4440, 40, 70, 940, 190, 40, 2610, 190, 940, 70, 2610, 440, 440, 1350, 1350, 580, 130, 130, 580, 30, 30, 70, 1110, 1110, 2020, 70, 6120, 2020, 6120, 70, 370, 70, 370, 1240, 40, 70, 40, 50, 70, 50, 0, 0, 160, 160, 8740, 1070, 300, 330, 330, 90, 90, 6630, 6630, 1560, 1910, 1560, 1910, 690, 220, 220, 180, 610, 190, 190, 180, 610, 210, 50, 210, 50, 70, 950, 70, 950, 210, 210, 80, 80, 260, 260, 960, 960, 380, 110, 380, 110, 150, 150, 800, 800, 70, 180, 100, 180, 70, 110, 110, 100, 200, 200, 200, 200, 180, 1610, 120, 180, 1610, 180, 7680, 420, 180, 7680, 490, 1790, 1790, 10, 300, 10, 300, 300, 300, 70, 200, 200, 70, 6120, 20, 20, 250, 250, 150, 150, 180, 1070, 150, 660, 660, 150, 180, 1070, 13510, 40, 2550, 450, 13510, 40, 450, 170, 170, 80, 800, 470, 800, 80, 470, 630, 630, 0, 150, 150, 20, 20, 260, 1670, 3170, 1670, 3170, 260, 710, 310, 710, 310, 120, 120, 70, 30, 30, 70, 30, 40, 40, 30, 90, 2140, 2310, 2140, 90, 620, 620, 70, 400, 320, 400, 70, 320, 3860, 3860, 200, 200, 30, 80, 30, 3840, 80, 1040, 500, 500, 1040, 2860, 2860, 570, 570, 80, 500, 80, 500, 300, 300, 6120, 200, 550, 200, 550, 270, 270, 190, 70, 190, 70, 120, 330, 120, 70, 330, 70, 40, 40680, 120, 120, 1700, 1700, 40, 40680, 50, 3940, 60, 80, 50, 3940, 80, 360, 360, 150, 550, 150, 550, 40, 10, 10, 20, 420, 40, 20, 420, 310, 310, 420, 420, 320, 120, 320, 120, 160, 910, 160, 910, 20, 20, 50, 160, 50, 10, 220, 160, 160, 220, 420, 2590, 1440, 2590, 420, 260, 2170, 2340, 260, 2340, 2170, 460, 340, 460, 2360, 150, 150, 340, 2360, 400, 240, 5020, 360, 240, 5020, 400, 380, 380, 360, 260, 260, 80, 5870, 5870, 5260, 1580, 5260, 1580, 200, 200, 1750, 910, 3900, 910, 3900, 370, 370, 2830, 2830, 370, 630, 170, 240, 240, 630, 170, 370, 2830, 430, 1020, 430, 2830, 400, 400, 200, 200, 1280, 1280, 2040, 260, 2040, 260, 80, 100, 80, 110, 110, 70, 70, 760, 10, 760, 10, 320, 320, 70, 20, 20, 50, 20, 3500, 3500, 20, 50, 140, 140, 0, 0, 180, 1790, 140, 1790, 180, 140, 60, 60, 35670, 2730, 2730, 50, 50, 100, 100, 2010, 2010, 1790, 690, 1790, 60, 60, 30, 30, 50, 40, 240, 40, 240, 1200, 550, 1200, 550, 20, 1070, 2060, 2060, 480, 370, 480, 370, 80, 120, 120, 60, 60, 80, 120, 120, 590, 590, 120, 590, 590, 120, 20, 120, 20, 120, 4320, 4320, 490, 490, 210, 210, 20, 8100, 20, 110, 120, 120, 8100, 80, 20, 20, 80, 700, 700, 460, 460, 420, 50, 50, 3320, 430, 430, 3320, 1070, 1070, 120, 120, 790, 790, 170, 170, 430, 430, 660, 660, 17260, 10000, 17260, 3320, 10000, 11740, 11740, 1320, 1320, 10, 10750, 10750, 10, 500, 260, 260, 120, 100, 100, 6120, 270, 270, 70, 740, 70, 10, 11740, 400, 10, 11740, 400, 10970, 50, 50, 600, 50, 100, 100, 370, 370, 250, 250, 70, 50, 360, 360, 50, 300, 160, 5310, 290, 5310, 250, 20, 1340, 250, 20, 1340, 1240, 1240, 1010, 1010, 110, 70, 70, 110, 0, 0, 20, 20, 1640, 230, 230, 200, 390, 200, 390, 110, 4100, 240, 80, 3120, 110, 240, 4100, 80, 40, 50, 190, 50, 470, 470, 40, 150, 150, 490, 490, 270, 270, 0, 190, 300, 190, 300, 310, 310, 1520, 1520, 1890, 1890, 20, 230, 230, 20, 70, 70, 80, 330, 330, 100, 100, 360, 360, 2690, 2690, 200, 200, 2980, 280, 280, 2980, 190, 30, 200, 30, 1030, 1030, 110, 110, 580, 580, 230, 230, 1320, 1320, 40, 470, 520, 40, 470, 2550, 520, 2550, 30, 30, 5180, 27890, 1160, 27890, 1160, 5180, 500, 500, 120, 20, 20, 120, 680, 680, 40, 4170, 160, 4170, 40, 160, 1990, 1990, 2270, 2270, 360, 360, 10, 10, 400, 60, 110, 400, 60, 570, 950, 950, 570, 4130, 4130, 230, 740, 740, 230, 20, 3020, 20, 1100, 1100, 3020, 40, 40, 1080, 130, 130, 820, 600, 820, 70, 600, 30, 740, 80, 30, 80, 740, 1120, 1800, 1120, 410, 410, 680, 4130, 680, 4130, 360, 360, 50, 40, 50, 40, 340, 340, 50, 30, 50, 50, 160, 160, 130, 130, 20, 4560, 5110, 520, 5110, 4560, 270, 270, 520, 20, 400, 400, 290, 290, 2940, 7820, 1000, 360, 1000, 7820, 360, 2940, 1140, 1190, 350, 1190, 1140, 350, 20, 10, 720, 370, 720, 370, 1080, 10, 20, 120, 310, 3900, 120, 2480, 15820, 310, 3900, 2480, 180, 650, 650, 210, 30, 210, 180, 20, 480, 4180, 20, 480, 4180, 30, 0, 0, 30, 3820, 160, 160, 3820, 1520, 1520, 260, 260, 4560, 120, 4560, 210, 210, 610, 610, 1830, 90, 20, 20, 20, 20, 1830, 90, 50, 340, 200, 50, 340, 200, 6570, 100, 510, 510, 870, 870, 620, 620, 60, 60, 480, 340, 340, 480, 150, 60, 380, 150, 60, 650, 230, 230, 80, 80, 200, 2610, 200, 100, 2610, 100, 30, 50, 30, 50, 60, 840, 420, 60, 840, 260, 260, 6720, 3140, 6720, 3140, 410, 4210, 390, 210, 4210, 390, 1100, 90, 90, 1100, 580, 580, 1080, 460, 40, 460, 1080, 40, 3120, 10, 3120, 10, 600, 840, 20, 1490, 20, 260, 840, 600, 470, 470, 2940, 470, 2940, 470, 2750, 140, 4260, 140, 4260, 100, 30, 470, 300, 2880, 3350, 300, 470, 3350, 2880, 140, 0, 140, 20, 1130, 1130, 20, 60, 130, 60, 130, 750, 60, 750, 1860, 520, 1860, 520, 80, 6980, 60, 90, 420, 6980, 420, 80, 60, 90, 110, 110, 150, 150, 50, 20, 5320, 5320, 3140, 700, 600, 3140, 700, 320, 310, 320, 310, 14510, 14510, 160, 160, 120, 160, 160, 290, 290, 1460, 1460, 1500, 550, 300, 1500, 550, 300, 400, 70, 70, 4270, 10, 4270, 10, 2920, 2920, 1020, 1020, 4320, 320, 5240, 90, 4320, 90, 320, 150, 5240, 150, 6720, 90, 760, 6720, 90]"
2020-10-24 20:55:00+00:00,1677720,2,922.0,"[100, 100, 20, 1560, 20, 990, 990, 500, 500, 80, 80, 60, 20, 20, 60, 1400, 1400, 620, 590, 620, 590, 360, 3820, 3820, 18390, 18390, 360, 560, 40, 850, 500, 560, 580, 850, 500, 40, 580, 170, 1320, 1320, 320, 120, 320, 120, 120, 120, 14480, 1850, 120, 600, 140, 14480, 600, 120, 600, 1850, 140, 600, 1030, 1790, 1270, 1790, 1030, 220, 220, 5320, 5320, 2510, 180, 2510, 160, 1920, 400, 0, 160, 400, 110, 110, 1920, 0, 970, 1400, 970, 160, 290, 720, 290, 720, 1680, 1680, 220, 220, 100, 100, 670, 5330, 5330, 170, 940, 210, 940, 170, 2740, 30, 100, 100, 30, 90, 2740, 4170, 1430, 4170, 40, 40, 10, 910, 10, 720, 10, 70, 720, 70, 0, 20, 590, 590, 0, 20, 300, 1470, 1470, 300, 2540, 2540, 2480, 2480, 240, 260, 60, 240, 260, 60, 220, 340, 600, 20, 220, 20, 220, 240, 570, 570, 240, 80, 80, 400, 400, 210, 410, 410, 210, 320, 320, 60, 60, 6120, 180, 6120, 520, 980, 6120, 180, 520, 980, 710, 710, 1650, 1650, 20, 10, 760, 760, 10, 6080, 2280, 2280, 260, 1400, 1180, 260, 1180, 20, 1400, 1030, 510, 220, 220, 490, 40, 80, 80, 40, 490, 300, 590, 590, 300, 570, 570, 830, 6120, 3030, 6120, 830, 850, 150, 120, 150, 120, 70, 70, 330, 330, 850, 140, 140, 7320, 60, 7320, 60, 110, 110, 10, 10, 320, 320, 1480, 410, 5870, 4040, 410, 4040, 1480, 80, 100, 720, 720, 80, 29320, 100, 220, 220, 1210, 180, 1320, 180, 1210, 100, 190, 780, 100, 190, 780, 9230, 9230, 420, 420, 100, 720, 350, 410, 410, 720, 350, 810, 810, 260, 260, 870, 10, 10, 870, 50, 50, 810, 810, 620, 710, 620, 710, 250, 250, 350, 350, 2310, 40, 120, 120, 2310, 400, 5580, 400, 60, 60, 5580, 10, 90, 80, 2510, 9230, 7970, 90, 2510, 7970, 80, 10, 9230, 400, 400, 10, 10, 1680, 1680, 330, 330, 35670, 140, 7320, 140, 2570, 2570, 80, 7830, 80, 510, 690, 7830, 1110, 3690, 4000, 3690, 4000, 1110, 6120, 290, 770, 770, 6120, 1400, 290, 490, 80, 490, 360, 4870, 5190, 1530, 1150, 5190, 1530, 360, 4870, 0, 470, 0, 10, 10, 470, 20, 20, 7970, 600, 7970, 600, 35670, 2920, 2920, 130, 100, 310, 830, 830, 100, 310, 30, 350, 30, 350, 6660, 6660, 4870, 130, 130, 1790, 310, 840, 840, 310, 400, 400, 100, 25780, 240, 240, 25780, 360, 360, 100, 100, 2780, 2780, 50, 50, 10, 640, 640, 80, 80, 10, 140, 150, 330, 140, 330, 10, 150, 3270, 1500, 3270, 1500, 1260, 1260, 50, 1470, 160, 1470, 160, 50, 40, 50, 40, 160, 270, 270, 160, 170, 170, 510, 510, 320, 80, 320, 3470, 80, 1530, 300, 300, 1530, 1180, 60, 260, 1180, 260, 60, 740, 20, 20, 40, 260, 40, 3320, 29320, 260, 3320, 5630, 5630, 200, 19440, 780, 200, 19440, 1940, 1940, 50, 660, 660, 50, 100, 100, 2350, 1900, 2350, 700, 700, 440, 70, 70, 440, 540, 1960, 17740, 540, 940, 430, 940, 430, 2700, 80, 80, 2700, 280, 1320, 280, 1320, 2350, 80, 2350, 80, 20, 20, 790, 20, 790, 20, 260, 9580, 210, 10, 210, 260, 10, 220, 220, 4870, 730, 4870, 730, 340, 340, 4520, 4520, 580, 580, 1940, 240, 1940, 240, 1660, 90, 3470, 3470, 90, 330, 330, 260, 260, 90, 90, 1150, 23170, 780, 1220, 780, 1220, 23170, 100, 1290, 2480, 3680, 90, 100, 3680, 2480, 1290, 18620, 310, 18620, 310, 1900, 60, 60, 20, 20, 640, 380, 1940, 380, 1940, 180, 5190, 60, 5190, 80, 60, 80, 640, 1320, 1840, 80, 860, 1900, 1840, 80, 860, 1320, 130, 330, 130, 330, 12400, 12400, 20, 20, 4070, 520, 520, 4070, 480, 1780, 1780, 330, 330, 20, 120, 100, 100, 120, 130, 1000, 130, 1000, 270, 130, 270, 130, 100, 10, 80, 40, 80, 40, 10, 140, 60, 60, 140, 4440, 4440, 370, 2870, 370, 4260, 4940, 4940, 2170, 2170, 200, 3370, 190, 3370, 2000, 200, 190, 2000, 270, 270, 2220, 2220, 120, 120, 80, 260, 260, 80, 70, 2810, 80, 70, 80, 2810, 3160, 50, 3160, 50, 4750, 4750, 250, 250, 180, 510, 180, 510, 100, 100, 250, 430, 250, 430, 50, 50, 950, 130, 130, 580, 1270, 500, 1270, 210, 500, 1030, 580, 1720, 30, 14660, 14660, 30, 1720, 40, 1400, 1400, 780, 40, 780, 2150, 90, 2530, 90, 250, 250, 660, 660, 150, 44710, 150, 190, 1080, 1080, 60, 2350, 2350, 60, 20, 20, 3690, 3690, 230, 2510, 650, 2510, 230, 650, 44710, 44710, 750, 750, 4620, 4620, 230, 230, 250, 220, 130, 130, 220, 250, 50, 50, 0, 0, 100, 850, 510, 50, 850, 100, 510, 50, 1020, 5200, 1070, 1070, 5200, 930, 930, 80, 80, 500, 500, 120, 120, 230, 230, 100, 740, 4960, 770, 2440, 2440, 770, 2720, 2720, 270, 390, 350, 390, 270, 350, 770, 2320, 2320, 50, 20, 20, 50, 1500, 1500, 570, 570, 600, 600, 160, 330, 170, 330, 170, 1830, 1480, 1830, 40, 40, 8510, 2580, 8510, 2580, 450, 450, 50, 50, 2180, 2180, 90, 470, 90, 470, 1670, 20, 1670, 780, 90, 780, 90, 390, 390, 390, 420, 340, 340, 420, 370, 370, 1040, 1040, 21130, 21130, 120, 90, 790, 7380, 790, 90, 7380, 70, 70, 3870, 3870, 650, 260, 260, 650, 1000, 370, 16640, 1000, 370, 160, 270, 160, 2390, 270, 830, 830, 280, 280, 220, 220, 1000, 270, 140, 270, 140, 1000, 30, 50, 30, 50, 250, 250, 470, 960, 10580, 10580, 240, 240, 250, 3950, 3950, 200, 520, 520, 320]"
2020-10-24 21:00:00+00:00,1277690,5,868.0,"[5240, 5240, 20, 20, 10, 580, 580, 10, 1080, 780, 1180, 640, 1180, 640, 220, 1090, 220, 560, 1090, 560, 13110, 13110, 740, 230, 740, 550, 550, 610, 850, 850, 610, 180, 180, 60, 60, 2090, 20, 4870, 4870, 20, 470, 560, 470, 260, 320, 560, 260, 750, 750, 0, 2110, 0, 270, 270, 2110, 3450, 190, 3450, 370, 370, 190, 280, 160, 280, 230, 230, 5480, 550, 550, 60, 1420, 3120, 60, 1420, 3120, 2730, 2730, 1100, 170, 1740, 1740, 170, 1100, 2810, 5810, 2180, 5560, 5560, 5810, 2810, 2180, 320, 370, 370, 70, 370, 1770, 140, 390, 1770, 370, 390, 140, 2950, 370, 700, 370, 700, 2980, 3020, 2980, 90, 80, 80, 80, 90, 60, 2690, 230, 2690, 230, 2160, 2820, 230, 160, 160, 230, 50, 50, 40, 40, 220, 220, 60, 60, 300, 300, 160, 2870, 160, 2870, 400, 400, 9940, 9940, 190, 810, 810, 190, 1310, 1310, 1650, 300, 300, 1720, 1650, 100, 1720, 100, 1190, 1190, 11810, 11810, 160, 160, 1520, 1520, 0, 0, 110, 490, 110, 20, 20, 290, 20, 290, 20, 2290, 2290, 240, 910, 1280, 1280, 910, 70, 70, 280, 9070, 9070, 60, 70, 50, 70, 50, 60, 5200, 3630, 140, 140, 3630, 150, 150, 220, 10, 100, 10, 220, 100, 1940, 1940, 20, 3100, 20, 3100, 200, 200, 170, 170, 620, 290, 290, 620, 630, 630, 4080, 100, 50, 100, 4080, 130, 100, 100, 90, 230, 230, 2320, 1280, 2320, 140, 140, 130, 90, 90, 130, 380, 230, 230, 430, 1320, 1300, 1300, 1660, 430, 1320, 1660, 1120, 1120, 1570, 40, 40, 1570, 250, 250, 130, 130, 60, 60, 40, 1660, 380, 40, 1300, 1300, 1660, 480, 0, 480, 0, 20850, 2900, 40, 130, 20850, 2900, 3810, 170, 620, 3810, 620, 230, 230, 460, 40, 460, 40, 1870, 430, 5200, 430, 5200, 1120, 1120, 1240, 630, 630, 1540, 1190, 320, 320, 1540, 1190, 660, 660, 620, 620, 3620, 1540, 3620, 3960, 4040, 3960, 4040, 450, 170, 450, 170, 270, 950, 950, 800, 800, 40, 90, 90, 70, 1760, 1760, 240, 240, 70, 70, 130, 30, 130, 30, 660, 660, 380, 220, 110, 110, 220, 380, 650, 650, 220, 660, 220, 660, 2680, 2680, 290, 170, 4880, 90, 90, 350, 350, 100, 390, 100, 390, 300, 32670, 32670, 140, 630, 140, 630, 20, 20, 40, 40, 1950, 1950, 10, 10, 520, 520, 2100, 2100, 20, 180, 1270, 350, 300, 350, 300, 1430, 1270, 1430, 20, 180, 120, 3450, 3450, 800, 800, 130, 3320, 3320, 260, 1710, 260, 2970, 250, 420, 420, 250, 5940, 4040, 4040, 260, 260, 2230, 2230, 70, 390, 70, 390, 490, 490, 2130, 2130, 590, 1010, 140, 30, 1010, 590, 140, 470, 1160, 470, 10, 8520, 8520, 10, 1520, 530, 1520, 530, 290, 290, 1160, 530, 10270, 10270, 960, 330, 330, 960, 10, 500, 500, 60, 60, 10, 180, 180, 10, 100, 100, 620, 150, 20, 60, 1570, 150, 20, 620, 60, 40, 40, 460, 680, 460, 680, 60, 60, 120, 5670, 5670, 120, 140, 250, 250, 500, 500, 2360, 50, 50, 1160, 2160, 1160, 2160, 310, 310, 40, 4270, 40, 2770, 40, 31720, 290, 11730, 1890, 1890, 11730, 290, 200, 200, 620, 620, 330, 200, 1410, 20, 330, 200, 20, 1410, 210, 210, 8070, 300, 370, 8920, 8920, 370, 300, 1760, 1760, 380, 1080, 380, 200, 20, 1070, 1070, 200, 20, 3450, 3450, 550, 550, 180, 180, 70, 70, 20, 40, 440, 20, 40, 440, 10, 10, 110, 430, 110, 430, 3300, 5480, 160, 60, 160, 3300, 5480, 2710, 2710, 50, 50, 220, 1700, 800, 670, 670, 930, 930, 130, 920, 5470, 920, 2100, 2100, 1090, 1090, 500, 100, 500, 110, 100, 80, 80, 450, 3310, 950, 3310, 950, 2700, 2700, 290, 360, 360, 290, 2690, 160, 2690, 160, 100, 100, 830, 660, 3420, 830, 660, 460, 460, 8050, 510, 1300, 510, 8050, 2310, 130, 130, 440, 5150, 5150, 440, 40, 320, 320, 40, 240, 950, 70, 70, 950, 240, 90, 1980, 90, 1980, 970, 1000, 970, 30, 3430, 240, 1000, 3430, 30, 240, 40, 10, 40, 10, 120, 170, 6890, 400, 6890, 0, 0, 120, 230, 1850, 230, 180, 180, 120, 250, 810, 250, 120, 90, 810, 90, 1300, 3710, 80, 3710, 80, 90, 10, 1310, 160, 10, 90, 160, 1310, 14830, 14830, 30, 940, 940, 30, 290, 180, 180, 290, 240, 4170, 800, 240, 4170, 800, 310, 320, 320, 310, 16730, 10, 540, 11940, 10, 540, 3210, 3210, 430, 280, 430, 280, 800, 210, 800, 15700, 15700, 1700, 460, 1700, 460, 100, 100, 30, 30, 340, 340, 570, 430, 570, 220, 220, 3170, 1340, 330, 3170, 1340, 330, 110, 110, 110, 300, 500, 500, 300, 1160, 1160, 8260, 8260, 130, 5870, 130, 5870, 980, 980, 330, 530, 4880, 530, 330, 370, 320, 10, 320, 10, 5150, 200, 5150, 200, 560, 80, 80, 560, 3150, 3150, 310, 2210, 310, 30, 30, 60, 1130, 1130, 180, 4840, 4840, 60, 60, 20, 20, 270, 530, 270, 30, 530, 11940, 580, 580, 1800, 30, 430, 430, 24550, 24550, 1340, 1340, 300, 300, 110, 110, 20, 2360, 1110, 1110, 250, 510, 530, 530, 510, 310, 2300, 310, 1220, 160, 160, 1220, 2300, 200, 200, 30, 200, 200, 30, 3340, 3340, 90, 1460, 1460, 640, 40, 40, 40, 40, 5110]"
2020-10-24 21:05:00+00:00,1491550,8,861.0,"[60, 1000, 60, 1000, 480, 480, 390, 300, 390, 300, 260, 11910, 260, 11910, 70, 70, 280, 1340, 170, 310, 170, 1340, 310, 20, 20, 310, 310, 10270, 4220, 4220, 1520, 1520, 460, 460, 70, 260, 260, 70, 80, 80, 4540, 4540, 460, 360, 360, 7300, 100, 100, 2410, 2410, 150, 610, 1360, 610, 1360, 430, 1010, 8180, 8180, 1010, 430, 260, 140, 140, 490, 490, 10, 10, 3430, 6880, 250, 3430, 700, 6880, 700, 250, 400, 990, 100, 3040, 990, 140, 140, 100, 400, 5650, 220, 5650, 1830, 1830, 3310, 90, 90, 110, 40, 940, 940, 40, 110, 50, 910, 910, 50, 660, 660, 3300, 600, 600, 3300, 700, 700, 360, 100, 1240, 360, 100, 1050, 1050, 80, 80, 50, 50, 100, 100, 730, 730, 400, 250, 400, 1060, 600, 1060, 960, 600, 230, 230, 190, 190, 380, 380, 11570, 600, 600, 11570, 90, 90, 2170, 1550, 1550, 20, 980, 980, 1300, 1300, 100, 100, 1550, 3120, 40, 5660, 70, 5660, 40, 1550, 240, 3120, 160, 160, 180, 5110, 180, 5110, 130, 130, 290, 290, 90, 190, 90, 520, 520, 190, 170, 20, 490, 170, 20, 200, 490, 140, 140, 440, 440, 490, 260, 490, 260, 1080, 490, 490, 3210, 3210, 550, 160, 7430, 550, 450, 7430, 450, 160, 2630, 10, 10, 310, 310, 1330, 1330, 490, 9700, 520, 490, 520, 2590, 9700, 210, 2590, 210, 1940, 40, 40, 1940, 430, 430, 180, 330, 330, 330, 180, 330, 130, 290, 290, 2500, 2500, 260, 260, 170, 640, 12650, 640, 510, 16170, 12650, 510, 16170, 7820, 380, 380, 7820, 3710, 3710, 810, 230, 22440, 230, 22440, 2070, 1480, 3440, 2070, 3440, 290, 290, 6580, 6580, 120, 50, 50, 120, 160, 330, 9760, 330, 9760, 3300, 30, 160, 370, 370, 20, 20, 720, 720, 12270, 12270, 1050, 50, 1050, 50, 100, 100, 400, 1170, 400, 1770, 1170, 1770, 490, 490, 1800, 3580, 1800, 3580, 310, 310, 150, 150, 960, 130, 960, 460, 460, 130, 2840, 330, 130, 1680, 130, 280, 4090, 350, 280, 350, 4090, 580, 1890, 580, 1890, 20, 20, 60, 10, 10, 60, 20, 20, 20, 1020, 1020, 140, 140, 80, 80, 150, 150, 230, 230, 2100, 290, 60, 60, 290, 860, 860, 520, 520, 220, 10, 220, 10, 2890, 1080, 2890, 910, 280, 70, 70, 60, 60, 640, 610, 100, 640, 100, 610, 17370, 2670, 17370, 2670, 780, 780, 910, 390, 440, 440, 390, 910, 20, 20, 1310, 1310, 2500, 1280, 2500, 40, 40, 3230, 60, 2200, 2200, 800, 40, 6370, 8310, 6370, 800, 40, 280, 620, 620, 280, 890, 890, 410, 20730, 840, 1360, 410, 20730, 840, 150, 150, 40, 40, 460, 460, 720, 560, 220, 1740, 220, 560, 720, 1740, 200, 1630, 10, 200, 1630, 10, 2200, 2200, 300, 300, 310, 410, 410, 2120, 360, 480, 360, 2120, 480, 90, 440, 90, 630, 440, 630, 180, 180, 60, 80, 70, 60, 70, 80, 220, 220, 3820, 270, 3820, 270, 60, 17900, 17900, 60, 3100, 590, 1660, 590, 3100, 1890, 1890, 2140, 1390, 19800, 5510, 19800, 2140, 1390, 2910, 1390, 1390, 100, 260, 370, 100, 260, 370, 2230, 2230, 170, 460, 170, 460, 4190, 4190, 1390, 310, 100, 310, 1390, 100, 230, 230, 21280, 21280, 100, 100, 840, 2370, 140, 2370, 140, 840, 16500, 890, 160, 160, 180, 90, 90, 180, 50, 13330, 13330, 50, 350, 350, 720, 1390, 1390, 410, 3170, 410, 530, 910, 530, 150, 500, 500, 40, 9510, 1180, 560, 560, 9510, 130, 2180, 430, 2180, 430, 170, 1150, 580, 1150, 580, 170, 230, 1250, 470, 1250, 470, 230, 330, 60, 60, 2980, 70, 2980, 70, 400, 50, 50, 400, 2510, 0, 0, 420, 420, 50, 50, 100, 100, 110, 3170, 30, 1440, 1440, 30, 1990, 1990, 2660, 2660, 260, 140, 260, 140, 1440, 1440, 540, 540, 20, 20, 50, 1580, 1580, 600, 50, 600, 3780, 1730, 17350, 17350, 1730, 3780, 310, 300, 300, 260, 150, 260, 150, 750, 70, 1520, 1520, 70, 750, 0, 20, 0, 20, 1220, 1220, 60, 2760, 40, 2760, 40, 980, 1900, 0, 0, 0, 10, 0, 10, 460, 460, 50, 530, 30, 50, 30, 530, 30, 20, 10, 3880, 3880, 20, 20, 10, 30, 20, 30, 1890, 20, 1890, 30, 20, 2690, 1660, 1660, 2690, 830, 830, 560, 560, 50, 1950, 50, 110, 1950, 290, 290, 350, 320, 320, 350, 320, 320, 8070, 8070, 110, 110, 50, 50, 1540, 30, 30, 1540, 1140, 1340, 40, 380, 470, 470, 380, 40, 1260, 1340, 1260, 830, 2390, 830, 420, 150, 150, 320, 750, 320, 750, 1180, 1020, 3710, 3710, 1180, 190, 190, 190, 150, 190, 30, 670, 320, 10, 320, 670, 10, 510, 2010, 300, 40, 40, 510, 300, 2010, 230, 100, 100, 1120, 1120, 340, 6360, 6360, 340, 220, 220, 10, 10, 680, 1140, 680, 1140, 210, 330, 330, 420, 20, 420, 6460, 1460, 300, 300, 1460, 1770, 8490, 1770, 740, 740, 2310, 13980, 20, 13980, 200, 200, 20, 60, 10, 10, 60, 1180, 10, 430, 10, 560, 90, 300, 90, 100, 190, 190, 100, 100, 100, 100, 100, 2900, 2900, 10110, 920, 180, 920, 180, 10110, 120, 3290, 120, 3290, 870, 280, 280, 870, 240, 20, 20, 1660, 1660, 1980, 1980, 110, 110, 660, 660, 250, 250]"
2020-10-24 21:10:00+00:00,1368140,4,884.0,"[40, 40, 1350, 1350, 110, 110, 1260, 1260, 20, 20, 20, 240, 1710, 1710, 80, 460, 460, 360, 190, 190, 360, 80, 260, 260, 110, 1150, 1150, 20, 20, 0, 3910, 1780, 0, 3910, 1780, 670, 670, 10530, 10530, 420, 200, 310, 310, 420, 380, 380, 630, 670, 630, 670, 2070, 30, 100, 30, 60, 100, 60, 190, 160, 330, 160, 330, 190, 660, 6830, 660, 6830, 140, 140, 220, 10, 220, 210, 210, 270, 20, 270, 20, 1260, 1260, 4610, 4610, 470, 140, 140, 470, 10, 10, 270, 270, 560, 560, 1260, 1260, 150, 290, 1640, 450, 150, 1640, 270, 290, 150, 450, 110, 450, 1020, 1020, 110, 1580, 1580, 1260, 20, 11610, 510, 180, 200, 11610, 510, 20, 660, 660, 590, 590, 100, 100, 100, 100, 30, 240, 30, 1230, 1230, 880, 880, 2170, 2170, 1260, 980, 980, 290, 4050, 290, 1320, 1320, 580, 580, 1140, 80, 80, 1140, 410, 410, 30, 11740, 770, 30, 11740, 770, 20, 20, 450, 450, 1260, 1260, 180, 250, 250, 180, 20, 40, 40, 20, 40, 40, 1770, 1770, 2440, 140, 140, 2440, 6920, 6920, 440, 440, 3430, 790, 3430, 790, 270, 270, 3290, 3290, 330, 330, 680, 680, 470, 3260, 3260, 1210, 2390, 1210, 470, 100, 100, 530, 530, 30, 1440, 1440, 30, 200, 200, 1550, 170, 1550, 270, 170, 30, 520, 330, 30, 180, 180, 7120, 7120, 3010, 550, 3010, 3770, 550, 970, 970, 280, 200, 390, 280, 200, 980, 390, 980, 120, 480, 220, 220, 120, 480, 690, 9430, 690, 600, 600, 40, 40, 950, 950, 3150, 11460, 11460, 3150, 60, 60, 220, 300, 220, 230, 580, 580, 230, 3620, 2670, 30, 10, 2670, 30, 2310, 30, 30, 1760, 60, 1760, 60, 2070, 2430, 50, 50, 2430, 2390, 2390, 6860, 20, 6860, 20, 120, 120, 1780, 1780, 3930, 3930, 30, 30, 1020, 1020, 400, 690, 2720, 560, 140, 100, 560, 200, 200, 140, 630, 630, 290, 290, 40, 240, 240, 40, 810, 810, 1270, 800, 1270, 800, 30, 680, 690, 680, 690, 2340, 3080, 3080, 80, 80, 380, 380, 780, 10, 30, 490, 30, 10, 490, 700, 700, 600, 600, 390, 390, 160, 390, 160, 1220, 1220, 60, 270, 60, 270, 2390, 2390, 3470, 3470, 3290, 3290, 300, 400, 400, 290, 290, 410, 160, 410, 160, 40, 40, 1260, 1260, 500, 270, 290, 500, 270, 290, 1770, 870, 1770, 3900, 3900, 2850, 50, 70, 2080, 2080, 390, 390, 1030, 670, 1030, 670, 950, 950, 40, 40, 410, 37860, 37860, 180, 410, 180, 13050, 1320, 7580, 1320, 1940, 1940, 440, 1640, 1240, 6270, 300, 1640, 1240, 6270, 260, 260, 20, 90, 20, 1030, 4100, 4100, 1030, 820, 820, 140, 3930, 180, 3930, 140, 10, 10, 30, 540, 270, 3060, 270, 40, 2610, 1770, 2610, 200, 200, 20, 20, 40, 40, 460, 460, 30, 1430, 80, 30, 730, 1430, 80, 60, 60, 1080, 3680, 3680, 130, 1140, 130, 1140, 50, 10, 50, 7160, 7160, 10, 140, 260, 140, 260, 660, 660, 290, 290, 740, 740, 60, 820, 160, 160, 820, 240, 800, 240, 800, 180, 5840, 5840, 60, 60, 250, 250, 2970, 2970, 570, 290, 290, 610, 4270, 4270, 830, 610, 830, 220, 220, 220, 220, 1400, 400, 400, 1400, 90, 19880, 90, 290, 290, 320, 690, 10, 320, 10, 10, 10, 690, 160, 160, 850, 180, 180, 850, 390, 70, 70, 10240, 10240, 380, 1340, 380, 1340, 3210, 710, 3210, 710, 3140, 3140, 70, 70, 1020, 1020, 3200, 3200, 550, 550, 160, 1060, 290, 1060, 290, 70, 3070, 3070, 70, 590, 590, 70, 330, 170, 1180, 530, 7590, 7590, 70, 330, 530, 1180, 1350, 3930, 1350, 3140, 3140, 40, 40, 1740, 1390, 1740, 130, 350, 350, 130, 90, 90, 770, 770, 100, 100, 160, 160, 1490, 1260, 1490, 90, 300, 90, 300, 2260, 70, 580, 10730, 10730, 2260, 580, 70, 42940, 42940, 540, 540, 510, 210, 1520, 590, 210, 590, 510, 3520, 20, 20, 1180, 200, 90, 1180, 1800, 200, 90, 1800, 620, 140, 3070, 340, 220, 620, 340, 3070, 140, 550, 1430, 550, 110, 110, 70, 30, 30, 70, 220, 80, 60, 220, 80, 30, 300, 30, 300, 10240, 320, 10240, 180, 180, 20, 700, 40, 700, 40, 40, 20, 40, 470, 180, 470, 4770, 1110, 100, 6150, 100, 1110, 600, 600, 2080, 2080, 110, 70, 110, 70, 10, 10, 270, 270, 220, 220, 1220, 1220, 660, 660, 240, 730, 580, 730, 580, 300, 40, 110, 40, 110, 300, 140, 140, 40, 40, 10, 10, 340, 340, 3150, 60, 270, 270, 4830, 70, 4830, 350, 630, 350, 630, 880, 4120, 880, 290, 1640, 3430, 1640, 810, 10, 810, 10, 630, 630, 530, 530, 5060, 160, 5060, 160, 30, 30, 240, 540, 240, 540, 100, 3140, 1440, 540, 4080, 100, 650, 3140, 540, 1440, 650, 470, 40, 40, 470, 940, 940, 100, 100, 160, 160, 1520, 1520, 2140, 2140, 60, 20, 20, 160, 160, 2220, 10, 920, 2220, 10, 920, 5280, 2790, 5280, 2790, 390, 90, 70, 70, 90, 290, 50, 100, 15270, 290, 50, 15270, 260, 520, 520, 260, 140, 140, 4860, 4860, 1790, 420, 420, 1790, 70, 70, 2820, 2820, 2850, 2850, 70, 290, 130, 290, 130, 70, 1810, 1810, 2420, 1780, 230, 80, 1780, 2730, 40, 2730, 280, 680, 680, 40, 280, 360, 230, 1440, 360, 230, 590, 1440, 590, 10, 2790, 2790, 30, 30]"
2020-10-24 21:15:00+00:00,2637560,6,863.0,"[80, 80, 140, 140, 190, 120, 380, 4600, 120, 4600, 380, 190, 690, 770, 1740, 1740, 770, 120, 250, 120, 250, 1430, 1430, 270, 20, 1040, 270, 20, 130, 10, 130, 10, 40, 40, 40, 40, 50, 50, 3430, 300, 3430, 300, 3300, 3300, 440, 12230, 290, 130, 12230, 10, 130, 10, 290, 470, 470, 130, 130, 320, 30, 890, 30, 890, 320, 260, 110, 110, 260, 1410, 1410, 510, 510, 220, 220, 690, 450, 690, 450, 4960, 4960, 420, 5300, 40, 420, 5300, 1500, 1500, 130, 130, 700, 700, 2880, 22780, 22780, 2880, 280, 280, 50, 9750, 50, 9750, 20, 20, 3800, 3800, 100, 100, 400, 400, 140, 140, 630, 630, 180, 240, 180, 240, 60, 60, 1810, 1810, 980, 280, 980, 2330, 280, 2330, 10, 10, 1080, 5510, 110, 5510, 690, 3460, 310, 310, 690, 310, 3460, 70, 70, 270, 270, 240, 2390, 320, 320, 240, 1290, 120, 810, 190, 120, 1290, 190, 810, 140, 140, 90, 140, 60, 1080, 40, 410, 60, 140, 90, 40, 760, 760, 9360, 9360, 220, 220, 120, 250, 250, 1000, 2480, 1000, 1740, 1740, 1980, 1980, 460, 220, 180, 530, 460, 180, 360, 360, 530, 220, 20, 520, 520, 1780, 40, 160, 1780, 1060, 1060, 160, 40, 410, 410, 720, 180, 60, 330, 720, 180, 60, 3120, 3120, 160, 60, 7230, 7230, 160, 3030, 60, 110, 410, 17790, 720, 5330, 410, 720, 17790, 50, 50, 490, 950, 1010, 950, 1010, 2370, 1450, 530, 1450, 530, 410, 410, 860, 410, 860, 180, 410, 180, 300, 100, 110, 110, 300, 100, 3380, 3380, 250, 8600, 250, 8600, 720, 720, 40, 40, 700, 700, 830, 830, 900, 900, 470, 520, 1020, 1020, 520, 740, 470, 740, 0, 260, 260, 359880, 30, 359880, 30, 7880, 7880, 560, 100, 560, 100, 160, 160, 2600, 2600, 720, 2500, 720, 2500, 160, 10, 160, 10, 60, 1430, 60, 880, 880, 100, 3930, 100, 320, 320, 910, 910, 21040, 1410, 21040, 1410, 1980, 180, 1980, 130, 150, 40, 220, 130, 150, 310, 190, 310, 2860, 190, 2860, 70, 230, 230, 180, 180, 1680, 1680, 370, 370, 80, 80, 490, 60, 490, 1990, 1990, 550, 550, 80, 80, 60, 60, 420, 100, 710, 710, 420, 180, 1400, 1980, 1400, 180, 160, 1980, 170, 290, 290, 170, 450, 450, 1020, 860, 1670, 860, 1670, 480, 60, 60, 480, 3160, 3160, 20, 20, 410, 2780, 140, 2360, 160, 160, 80, 2360, 130, 3020, 3020, 4990, 1500, 1500, 780, 780, 300, 300, 100, 100, 40, 40, 390, 2420, 2420, 390, 310, 310, 540, 540, 2010, 2010, 710, 40, 40, 680, 680, 50, 50, 300, 280, 250, 250, 280, 300, 5840, 2100, 2380, 2100, 2380, 5840, 440, 460, 460, 440, 30, 560, 30, 560, 20, 20, 140, 1100, 700, 110, 110, 3060, 700, 90, 3060, 90, 3120, 730, 730, 1980, 580, 1980, 580, 3210, 3210, 60, 10730, 1060, 1060, 10730, 20, 1130, 20, 1260, 1260, 990, 990, 7070, 7070, 380, 380, 150, 140, 140, 150, 120, 120, 20, 40, 20, 40, 440, 300, 1910, 220, 220, 440, 300, 45850, 45850, 100, 280, 280, 480, 480, 10, 10, 12560, 1430, 5770, 40, 1430, 40, 12560, 5770, 750, 90, 240, 750, 960, 240, 960, 90, 1140, 1140, 190, 190, 320, 320, 460, 460, 690, 690, 3360, 750, 330, 330, 1480, 150, 150, 1040, 1480, 5770, 5770, 3420, 3420, 20, 20, 180, 1320, 180, 1320, 310, 310, 580, 1650, 580, 1650, 100, 690, 10, 100, 10, 690, 50, 590, 590, 50, 100, 1990, 100, 1990, 70, 70, 960, 450, 960, 304420, 910, 910, 130, 130, 240, 240, 210, 150, 440, 150, 210, 440, 120, 70, 70, 380, 940, 380, 940, 310, 310, 820, 430, 430, 820, 110, 1340, 1340, 420, 420, 290, 290, 30, 4800, 30, 4800, 1180, 610, 10010, 610, 1180, 130, 10, 10, 130, 1120, 2100, 2410, 1120, 2410, 1280, 2100, 1190, 260, 260, 1190, 100, 1430, 20, 100, 1430, 20, 83530, 80, 83530, 80, 4620, 4620, 240, 180, 180, 140, 2950, 120, 2950, 120, 140, 290, 1030, 290, 1030, 460, 220, 62860, 140, 18660, 1500, 140, 1500, 18660, 460, 220, 62860, 60, 60, 1500, 190, 870, 190, 870, 480, 1950, 1950, 570, 1980, 570, 290, 1300, 290, 1300, 5770, 60, 60, 5770, 340, 340, 1460, 1380, 1380, 1460, 10790, 110, 10790, 110, 550, 180, 550, 180, 1040, 1040, 720, 720, 200, 24090, 24090, 8930, 8930, 1450, 1340, 170, 170, 920, 170, 920, 170, 30, 3110, 30, 70, 70, 3110, 3060, 8930, 8930, 3060, 120, 120, 1620, 2720, 1620, 2720, 50, 50, 1220, 580, 1220, 580, 110, 110, 5070, 5070, 20, 420, 440, 440, 420, 20, 680, 660, 680, 110, 110, 170, 170, 530, 180, 180, 530, 0, 1640, 1640, 4680, 140, 720, 720, 350, 4680, 1280, 1280, 1310, 1310, 120, 100, 570, 100, 120, 60, 60, 150, 150, 30, 30, 900, 3650, 1490, 3920, 1490, 180, 3300, 3300, 520, 520, 50, 3470, 50, 3470, 6660, 9540, 20, 3330, 9540, 20, 700, 700, 3300, 10, 180, 3210, 10, 3300, 1370, 3580, 1370, 3580, 700, 40, 40, 580, 580, 20, 190, 20, 190, 380, 9880, 150, 9880, 380, 150, 1740, 1740, 50, 340, 850, 850, 340, 480, 260, 480, 260, 170, 170, 1010, 20840, 20, 5180, 20, 5180, 580, 580]"
2020-10-24 21:20:00+00:00,1871070,6,898.0,"[4740, 0, 4740, 0, 100, 200, 200, 1190, 1190, 40, 40, 160, 160, 320, 790, 50, 320, 50, 260, 260, 20840, 30, 680, 30, 20840, 3050, 3050, 10, 460, 570, 460, 570, 100, 130, 1070, 100, 100, 100, 1070, 130, 380, 380, 440, 440, 820, 820, 20, 20, 830, 830, 1580, 1580, 8300, 8300, 60, 440, 1050, 1050, 440, 150, 380, 130, 150, 380, 130, 120, 120, 120, 120, 6180, 6180, 960, 960, 1300, 230, 540, 570, 230, 540, 570, 240, 240, 500, 310, 480, 500, 480, 310, 360, 330, 110, 60, 330, 360, 20, 20, 360, 480, 120, 2230, 12170, 480, 120, 160, 2230, 360, 1540, 380, 1540, 380, 60, 60, 3450, 3450, 60, 1340, 190, 2920, 2920, 190, 1040, 30, 30, 1040, 620, 620, 280, 280, 60, 170, 170, 1540, 60, 1540, 140, 670, 270, 50, 1980, 50, 670, 270, 140, 250, 250, 820, 820, 290, 30, 290, 30, 160, 120, 160, 120, 920, 20, 20, 1040, 1040, 80, 80, 0, 0, 560, 9880, 70, 9880, 70, 2230, 1220, 1170, 1220, 1170, 2230, 20, 20, 390, 90, 90, 130, 170, 170, 2720, 620, 3210, 620, 3210, 650, 650, 150, 150, 40, 40, 60, 60, 350, 1820, 1820, 350, 330, 330, 360, 220, 200, 1700, 200, 1160, 70, 70, 420, 420, 1730, 4100, 1730, 4100, 1160, 1160, 30, 30, 30, 3240, 3240, 30, 170, 170, 3080, 240, 180, 240, 180, 150, 500, 60, 500, 150, 60, 450, 530, 530, 120, 120, 80, 80, 70, 70, 130, 130, 4600, 340, 50, 4600, 340, 530, 530, 800, 190, 800, 190, 2420, 230, 2420, 230, 10, 10, 10, 2540, 130, 370, 370, 130, 2540, 330, 330, 4600, 1210, 1210, 4600, 110, 310, 40, 80, 80, 40, 310, 1200, 740, 740, 1720, 1720, 1280, 4070, 4070, 5300, 1280, 220, 220, 90, 460, 460, 2680, 2680, 150, 150, 2950, 2950, 100, 14230, 100, 14230, 640, 2900, 640, 490, 300, 490, 300, 630, 630, 2480, 2480, 460, 460, 870, 870, 3140, 330, 290, 250, 2480, 120, 290, 29260, 3140, 250, 29260, 120, 9540, 90, 120, 90, 9540, 300, 610, 300, 610, 360, 120, 360, 1570, 1570, 740, 740, 140, 220, 140, 220, 480, 480, 1650, 130, 1650, 130, 370, 370, 6180, 6180, 1170, 1170, 180, 1160, 8030, 1160, 8030, 1940, 550, 1940, 550, 50, 50, 2600, 300, 2600, 300, 730, 3330, 3330, 730, 30, 320, 30, 30, 20, 20, 860, 190, 860, 190, 340, 340, 110, 110, 740, 740, 370, 4340, 4340, 370, 40, 40, 50, 140, 50, 140, 8030, 540, 540, 8030, 40, 40, 40, 40, 3340, 440, 440, 3340, 20, 20, 500, 110, 500, 110, 740, 740, 270, 2520, 270, 2520, 970, 970, 220, 220, 240, 90, 90, 240, 90, 90, 1550, 1550, 230, 230, 990, 350, 40, 6320, 5880, 350, 6320, 690, 40, 690, 9900, 30830, 30830, 1290, 200, 220, 340, 340, 1290, 100, 80, 2450, 100, 80, 2450, 950, 950, 240, 1940, 240, 1940, 70, 90, 90, 260, 260, 130, 130, 13180, 60, 13180, 270, 270, 1520, 1520, 70, 70, 1000, 250, 170, 250, 170, 210, 210, 100, 100, 10, 10, 190, 800, 120, 200, 800, 120, 200, 220, 710, 220, 480, 480, 210, 80, 210, 80, 290, 290, 160, 1100, 160, 1100, 110, 2980, 280, 2980, 2450, 2450, 2030, 21730, 21730, 2030, 1210, 1210, 30, 30, 40, 190, 1290, 40, 190, 1290, 460, 460, 340, 710, 0, 710, 340, 0, 18990, 18990, 1160, 40, 40, 1160, 1320, 480, 340, 330, 2410, 340, 1320, 480, 2410, 330, 200, 200, 190, 150, 230, 230, 150, 630, 630, 1460, 1460, 3660, 170, 3660, 170, 1040, 1430, 1430, 59020, 140, 59020, 110, 370, 140, 140, 370, 110, 100, 760, 820, 120, 760, 100, 820, 630, 280, 280, 10220, 10220, 380, 60, 4420, 760, 760, 60, 720, 720, 6540, 640, 950, 640, 6540, 950, 2420, 2420, 130, 320, 130, 320, 470, 280, 2410, 280, 2410, 140, 720, 350, 140, 720, 350, 840, 840, 80, 130, 1660, 340, 340, 80, 130, 1660, 20, 20, 60, 1250, 2190, 140, 60, 300, 2190, 1250, 130, 50, 1160, 50, 1160, 130, 250, 300, 60, 860, 300, 860, 270, 130, 1650, 1650, 2550, 3410, 3410, 2550, 120, 1500, 1500, 120, 40, 40, 660, 660, 350, 350, 1050, 3460, 130, 3460, 130, 1050, 1780, 140, 140, 860, 4030, 4030, 0, 0, 55140, 10, 10, 1200, 1200, 60, 4190, 4190, 60, 1360, 1360, 250, 50, 50, 1790, 60, 1790, 60, 210, 210, 280, 280, 100, 100, 400, 620, 400, 620, 290, 290, 270, 1590, 270, 780, 5620, 5620, 780, 4920, 70, 4920, 210, 70, 30, 30, 580, 290, 580, 290, 580, 580, 2650, 2650, 20, 910, 20, 4520, 1280, 160, 4520, 1280, 160, 20, 20, 520, 520, 180, 10, 710, 10, 920, 920, 680, 210, 680, 210, 21030, 21030, 50, 50, 1070, 360, 10, 360, 10, 1070, 40, 1760, 40, 1760, 860, 110, 860, 390, 390, 5450, 10, 5450, 10, 2430, 2430, 150, 150, 1440, 50, 580, 50, 580, 350, 350, 1360, 140, 1040, 1040, 1240, 1240, 4920, 220, 4920, 2720, 1480, 370, 370, 1480, 10, 10, 1370, 1370, 7220, 7220, 90, 240, 240, 120, 60, 1510, 60, 120, 7070, 3110, 1610, 7070, 350, 10, 110, 110, 10, 350, 40, 80, 80, 40, 10, 1650, 10, 1650, 440, 440, 160, 160, 820, 40, 60, 12320, 820, 60, 40, 100, 100, 630, 150, 150, 300, 300, 11130, 230, 230, 11130, 200, 2640, 2640]"
2020-10-24 21:25:00+00:00,3699000,8,936.0,"[80, 560, 80, 290, 560, 50, 50, 2190, 20, 220, 20, 2190, 590, 570, 30, 590, 570, 220, 1760, 220, 1760, 90, 1500, 90, 1500, 2830, 2830, 3470, 490, 160, 490, 3900, 10, 10, 300, 300, 3060, 3060, 4920, 94200, 94200, 8650, 310, 8650, 310, 350, 350, 50, 50, 460, 1850, 460, 30, 1850, 310, 1980, 1980, 80, 80, 70, 70, 3520, 3520, 70, 6870, 6870, 380, 20, 380, 380, 20, 320, 210, 210, 4920, 4920, 80, 80, 110, 310, 110, 1530, 430, 160, 140, 1530, 430, 140, 160, 140, 160, 160, 600, 190, 600, 190, 220, 220, 10990, 3760, 3760, 0, 340, 340, 8550, 8550, 690, 690, 900, 900, 80, 80, 80, 190, 80, 190, 2190, 2190, 950, 950, 2760, 2760, 480, 110, 150, 480, 820, 2590, 2590, 820, 790, 790, 240, 280, 1280, 240, 280, 1280, 910, 310, 950, 240, 170, 170, 950, 910, 1250, 1250, 210, 740, 330, 740, 210, 70, 150, 70, 150, 120, 70, 210, 960, 70, 960, 210, 440, 190, 10, 440, 190, 10, 480, 140, 140, 230, 480, 310, 580, 580, 310, 790, 950, 790, 950, 30, 70, 30, 70, 230, 2020, 280, 2020, 280, 230, 90, 570, 570, 90, 490, 650, 1100, 140, 2140, 140, 2140, 4370, 120, 120, 4370, 550, 1010, 1260, 2320, 1260, 1010, 2320, 260, 460, 970, 1850, 260, 460, 4790, 160, 160, 4790, 5250, 5250, 30, 30, 710, 500, 710, 1940, 500, 1940, 60, 140, 280, 140, 280, 90, 90, 2200, 2200, 400, 400, 170, 170, 340, 340, 1040, 20, 20, 5120, 5120, 720, 2950, 150, 2950, 720, 150, 70, 260, 260, 70, 160, 390, 390, 110, 360, 360, 130, 990, 270, 130, 270, 320, 920, 1280, 920, 1280, 3240, 3240, 30, 560, 30, 480, 800, 560, 350, 480, 680, 350, 160, 910, 160, 910, 4270, 4270, 30, 30, 22710, 22710, 80, 80, 100, 330, 330, 100, 150, 150, 80, 80, 160, 160, 670, 330, 330, 700, 700, 920, 470, 470, 2090, 860, 860, 2090, 530, 30, 530, 30, 850, 850, 290, 290, 100, 430, 430, 540, 3250, 540, 3250, 2080, 6030, 2080, 730, 10, 10, 45300, 50, 50, 45300, 50, 50, 300, 300, 13330, 13330, 240, 240, 70, 70, 140, 280, 280, 4130, 220, 660, 660, 140, 220, 240, 240, 150, 150, 140, 120, 140, 360, 310, 110, 20, 20, 310, 110, 450, 450, 310, 310, 90, 3110, 3760, 90, 3110, 4500, 480, 480, 1600, 1600, 60, 1780, 60, 450, 450, 470, 1940, 470, 1550, 1550, 30, 520, 30, 520, 890, 2680, 2680, 890, 3460, 3460, 10, 200, 800, 1600, 200, 1600, 800, 1430, 1430, 70, 180, 180, 3060, 3060, 10, 10, 180, 180, 1100, 1100, 340, 340, 4980, 4980, 160, 90, 90, 280, 130, 280, 130, 430, 460, 460, 430, 60, 60, 1930, 620, 1360, 1930, 1360, 620, 1660, 190, 1420, 190, 1420, 50, 50, 2850, 2850, 100, 290, 290, 20, 20, 100, 250, 1040, 140, 620, 1040, 140, 250, 100, 2020, 2020, 0, 1280, 150, 0, 106100, 150, 106100, 1280, 1430, 30, 30, 530, 820, 2460, 1010, 820, 530, 7090, 460, 7090, 30, 460, 120, 1660, 140, 890, 100, 100, 890, 140, 10, 10, 2460, 40, 3110, 3110, 40, 430, 70, 50, 50, 430, 390, 390, 430, 1300, 2200, 140, 140, 2200, 1300, 140, 140, 180, 15610, 1040, 120, 15610, 1040, 120, 180, 30, 30, 30, 30, 100, 440, 860, 860, 140, 140, 180, 590, 100, 590, 100, 180, 130, 130, 460, 460, 600, 600, 150, 150, 570, 50, 50, 1040, 250, 130, 250, 60, 130, 60, 5250, 5250, 400, 400, 260, 260, 130, 540, 140, 140, 540, 130, 80, 1140, 80, 200, 200, 1140, 490, 490, 90, 140, 140, 1420, 140, 3820, 3820, 140, 190, 130, 2220, 130, 280, 100, 100, 490, 490, 90, 90, 150, 360, 630, 8620, 360, 8620, 630, 100, 100, 560, 1010, 570, 570, 480, 480, 200, 200, 5000, 5000, 2060, 490, 490, 2060, 1210, 260, 10080, 10080, 1210, 80, 450, 80, 450, 300, 300, 1820, 1120, 5280, 530, 530, 4770, 130, 690, 4770, 130, 690, 4460, 230, 230, 480, 480, 70, 30, 5150, 30, 110, 110, 70, 5150, 20, 10, 930, 1310, 1170, 620, 930, 620, 10, 1170, 1310, 50, 50, 90, 90, 210, 160, 60, 840, 3750, 210, 840, 3750, 160, 10, 10, 200, 60, 1160, 800, 800, 1170, 90, 300, 40, 90, 40, 300, 8700, 5940, 5940, 8700, 1170, 1170, 2070, 2070, 230, 230, 460, 460, 140, 140, 2150, 2150, 320, 3460, 320, 3460, 160, 160, 80, 80, 630, 630, 10, 1120, 1120, 10, 30, 17640, 30, 17640, 1240, 90, 5800, 1530, 90, 5800, 1240, 1980, 1980, 30, 30, 580, 190, 80, 80, 20, 20, 310, 310, 80, 80, 930, 880, 930, 830, 830, 60, 630, 60, 630, 750, 70, 70, 750, 310, 2040, 50, 2040, 310, 50, 2360, 2360, 280, 370, 280, 370, 100, 20, 20, 100, 5600, 660, 660, 5600, 3310, 3310, 3300, 220, 3300, 220, 30, 30, 500, 500, 3280, 3280, 350, 170, 160, 160, 170, 70, 230, 790, 50, 230, 50, 70, 790, 130, 240, 130, 240, 1650, 1650, 1560, 170, 1560, 670, 1260, 6850, 3290, 3290, 1260, 6850, 2070, 2070, 30, 310, 310, 100, 100, 1330, 1330, 20, 400, 20, 160, 160, 1540, 30, 200, 30, 200, 0, 20, 110, 630, 20, 630, 110, 0, 730, 0, 730, 1760, 1760, 280, 510, 510, 280, 23490, 23490, 0, 0, 30, 260, 190, 190, 450, 260, 30, 250, 170, 760, 170, 760, 250, 760, 1060, 4640, 1060, 760, 390, 390, 5430, 5430, 3470, 6550, 3470, 6550, 170, 1260, 170, 1260, 60, 1660, 1660, 60, 3260, 3260, 630, 110, 620, 620, 1930, 280, 1930, 280, 30, 30]"
2020-10-24 21:30:00+00:00,4553870,22,976.0,"[30, 2010, 280, 60, 2010, 280, 750, 750, 360, 390, 1690, 360, 1690, 390, 80, 30, 2700, 30, 80, 2700, 1420, 1420, 330, 220, 330, 220, 150, 150, 3140, 30, 430, 430, 30, 1880, 370, 370, 1880, 3770, 3770, 0, 0, 20, 20, 40, 10050, 40, 10050, 60, 40, 40, 60, 880, 880, 2360, 2360, 8860, 110, 5130, 5130, 110, 8860, 10, 10, 540, 540, 680, 250, 250, 130, 420, 130, 60, 90, 90, 60, 370, 1100, 30, 1690, 30, 1690, 370, 1100, 450, 9540, 1570, 9540, 1570, 5550, 5550, 870, 170, 100, 100, 170, 870, 760, 760, 2050, 2050, 7380, 80, 7380, 5940, 6500, 5940, 260, 240, 7570, 260, 1030, 1030, 650, 650, 410, 530, 410, 100, 70, 4460, 70, 390, 100, 80, 1310, 1310, 80, 440, 440, 440, 20, 20, 290, 180, 30, 290, 30, 180, 400, 400, 360, 140, 360, 4460, 2540, 2540, 430, 430, 70, 260, 6760, 260, 6760, 40, 160, 160, 40, 2150, 2150, 590, 590, 1750, 7570, 40, 910, 1750, 40, 910, 230, 230, 5100, 220, 320, 220, 570, 320, 220, 2240, 220, 2240, 220, 1080, 8520, 10, 10, 1080, 8520, 820, 160, 820, 60, 60, 1450, 1450, 10, 10, 10, 420, 420, 100, 100, 30, 30, 2700, 2700, 200, 840, 70, 70, 840, 30, 30, 960, 140, 150, 150, 140, 2000, 2000, 150, 150, 5270, 1690, 5270, 1690, 100, 100, 2420, 60, 60, 450, 450, 1200, 1200, 2540, 2540, 2830, 2830, 640, 100, 170, 41170, 170, 41170, 100, 180, 2070, 800, 180, 2070, 50, 400, 400, 50, 1210, 70, 240, 70, 240, 700, 500, 700, 500, 200, 750, 2330, 4290, 750, 4290, 10310, 2330, 10310, 2150, 2150, 750, 750, 280, 60, 280, 60, 210, 210, 1160, 220, 220, 1160, 250, 100, 250, 110, 280, 110, 280, 200, 80, 80, 200, 1120, 1120, 200, 130, 200, 130, 580, 480, 360, 220, 480, 360, 580, 220, 1260, 50, 1245730, 2460, 220, 4030, 220, 1245730, 2460, 140, 3980, 450, 140, 60, 1630, 60, 1630, 450, 3980, 2060, 2060, 3060, 200, 3060, 7220, 7220, 30, 30, 280, 490, 490, 7180, 7180, 1770, 1770, 60, 2020, 60, 2020, 230, 300, 300, 230, 10, 10, 200, 20840, 20840, 200, 230, 330, 1690, 330, 240, 640, 960, 640, 430, 240, 300, 430, 960, 620, 620, 3410, 430, 3410, 430, 730, 730, 840, 840, 3380, 3380, 30, 860, 430, 910, 30, 910, 430, 860, 40, 200, 3520, 60, 3520, 450, 450, 7840, 7840, 170, 170, 90, 90, 6420, 40, 30, 40, 460, 280, 280, 460, 30, 40, 40, 530, 530, 590, 140, 3350, 3350, 140, 590, 380, 30, 40, 110, 400, 30, 110, 400, 40, 890, 890, 40, 40, 490, 250, 250, 210, 330, 10, 210, 140, 330, 330, 10, 330, 140, 8790, 8790, 460, 460, 320, 320, 260, 60, 2130, 200, 410, 7500, 410, 200, 7500, 140, 440, 440, 140, 360, 1690, 360, 170, 170, 600, 860, 730, 600, 860, 80, 80, 730, 910, 350, 910, 350, 730, 230, 2830, 30, 230, 30, 2830, 60, 60, 990, 8520, 990, 8520, 40, 40, 80, 600, 20, 80, 600, 8520, 8520, 120, 120, 80, 1190, 430, 1190, 20, 20, 160, 1660, 630, 2020, 4920, 2020, 2310, 4920, 160, 2310, 630, 660, 660, 80, 22390, 490, 60, 680, 300, 250, 300, 60, 490, 20, 90, 250, 680, 3400, 12520, 12520, 770, 6470, 6470, 60, 4790, 4790, 700, 50, 50, 1770, 660, 660, 190, 400, 190, 400, 580, 1450, 580, 1450, 630, 630, 440, 440, 6550, 6550, 160, 1160, 1160, 340, 160, 340, 50, 50, 1380, 420, 3670, 420, 3670, 9300, 9300, 5880, 5880, 11500, 100, 11500, 160, 830, 300, 830, 300, 1360, 1360, 1390, 150, 450, 760, 1390, 150, 760, 450, 1840, 1840, 190, 190, 510, 510, 70, 120, 20, 70, 20, 120, 70, 170, 3430, 70, 3430, 1240, 70, 1240, 70, 4420, 4420, 2810, 6150, 480, 2810, 60, 11550, 6150, 480, 11550, 30, 110, 30, 10, 480, 10, 110, 160, 530, 160, 510, 390, 510, 390, 160, 150, 160, 850, 150, 70, 530, 150, 1660, 1180, 720, 720, 1660, 1180, 70, 530, 2040, 150, 0, 2040, 60, 310, 60, 150, 2900, 1120, 1770, 1770, 1120, 2900, 40, 240, 40, 240, 820, 590, 120, 120, 820, 610, 140, 610, 140, 480, 320, 780, 780, 320, 2620, 2620, 4670, 4670, 2010, 120, 120, 2010, 480, 250, 480, 2030, 250, 2030, 970, 420, 420, 3640, 970, 3640, 1130, 3710, 15170, 1130, 15170, 3710, 1270, 4590, 1270, 4590, 1010, 90, 1010, 90, 600, 210, 150, 150, 600, 210, 920, 31660, 920, 31660, 5090, 380, 130, 5090, 130, 380, 450, 180, 70, 180, 450, 2430, 60, 2430, 450, 60, 540, 540, 1060, 1060, 140, 370, 90, 50, 90, 140, 50, 230, 370, 230, 19910, 790, 790, 19910, 220, 220, 480, 850, 850, 480, 830, 830, 290, 290, 2970, 3560, 2970, 3560, 7170, 490, 490, 380, 380, 7170, 210, 0, 30, 210, 360, 3020, 3710, 3020, 360, 3710, 90, 90, 1400, 390, 1400, 170, 500, 450, 420, 420, 450, 930, 50, 20, 930, 50, 260, 10, 20, 10, 2780, 2780, 280, 50, 280, 50, 140, 40, 40, 140, 2590, 110, 110, 2590, 240, 240, 2790, 2790, 10700, 10700, 860, 860, 240, 2260, 190, 40, 120, 40, 120, 710, 710, 1360, 30, 30, 1710, 1710, 200, 70, 280, 140, 180, 70, 280, 180, 140, 2780, 2780, 60, 600, 6210, 60, 6210, 600, 70, 520, 520, 580, 580, 70, 20, 210, 210, 110, 110, 40, 40, 160, 210, 5300, 11170, 160, 5300, 210, 11170, 60, 60, 270, 120, 270, 120, 920, 600, 920, 600, 220, 550, 220, 60, 220, 60, 10, 640, 380, 10, 30, 30, 380, 10, 300, 300, 700, 180, 40, 700, 180, 13150, 6210, 130, 80, 310, 6210, 80, 130, 60, 60, 180, 640, 180, 490, 370, 490, 370, 640, 1560, 1560, 820, 820, 30, 70, 30, 70, 380, 340, 1210, 380, 570, 1210, 340, 570, 170, 170]"
2020-10-24 21:35:00+00:00,1660350,17,1019.0,"[140, 140, 260, 2010, 2010, 260, 510, 780, 780, 510, 690, 1330, 1330, 80, 620, 80, 80, 80, 620, 1110, 2720, 40, 60, 30, 60, 1110, 30, 2720, 40, 380, 380, 30, 30, 270, 270, 140, 200, 140, 290, 300, 300, 160, 160, 3310, 3310, 410, 410, 80, 2720, 2720, 130, 240, 680, 130, 680, 50, 50, 30, 30, 50, 420, 30, 40, 120, 40, 120, 30, 100, 100, 420, 170, 7330, 170, 60, 410, 410, 70, 4250, 6640, 430, 4250, 6640, 1290, 1290, 280, 280, 210, 810, 20, 810, 1420, 20, 1420, 70, 70, 120, 120, 230, 7330, 1110, 230, 1110, 200, 2600, 110, 2310, 2600, 390, 2310, 390, 200, 580, 10, 780, 780, 580, 10, 2350, 2350, 40, 410, 120, 410, 40, 120, 1840, 330, 330, 810, 20, 20, 810, 220, 570, 1130, 570, 220, 1130, 270, 270, 310, 310, 20, 2520, 20, 2520, 160, 210, 210, 160, 800, 720, 60, 60, 800, 720, 2390, 440, 70, 440, 20, 70, 20, 2390, 670, 770, 770, 670, 1490, 1490, 5460, 200, 630, 210, 5460, 210, 630, 200, 500, 400, 500, 900, 110, 4500, 110, 2680, 2680, 160, 510, 260, 400, 3040, 5060, 510, 260, 5060, 4160, 4160, 280, 280, 180, 60, 60, 420, 420, 6040, 600, 80, 600, 80, 6040, 100, 100, 1280, 1280, 330, 0, 60, 0, 330, 60, 390, 0, 220, 60, 4920, 3880, 220, 4920, 3880, 40, 60, 40, 30, 30, 49410, 3350, 49410, 570, 480, 570, 480, 3350, 6640, 1040, 1040, 1660, 380, 1060, 210, 910, 620, 620, 7630, 620, 380, 910, 1060, 210, 1660, 7160, 7160, 620, 80, 120, 350, 120, 330, 80, 330, 110, 110, 1080, 180, 1080, 180, 3000, 40, 500, 450, 10310, 500, 450, 180, 10310, 1460, 180, 1460, 40, 50, 50, 90, 90, 730, 730, 470, 30, 220, 220, 30, 540, 540, 5780, 150, 5780, 150, 10, 1570, 10, 80, 120, 1570, 80, 120, 160, 830, 200, 200, 830, 160, 250, 250, 2520, 2520, 90, 90, 180, 190, 1120, 180, 1120, 190, 80, 80, 100, 880, 100, 240, 480, 1010, 10900, 480, 240, 10900, 140, 140, 450, 450, 1510, 1510, 2110, 2110, 250, 250, 130, 130, 30, 2520, 70, 200, 30, 200, 2520, 70, 960, 960, 70, 70, 830, 830, 250, 800, 800, 250, 1120, 1120, 110, 200, 110, 2600, 2600, 30, 2310, 410, 2310, 410, 2390, 2390, 70, 60, 70, 5300, 5300, 60, 480, 460, 460, 480, 2810, 2810, 18820, 18820, 990, 21160, 990, 40, 40, 2700, 2700, 600, 210, 140, 140, 210, 600, 390, 390, 10080, 10080, 1350, 490, 1350, 490, 120, 40, 40, 1210, 1270, 120, 1270, 1210, 1220, 1220, 150, 25610, 150, 25610, 90, 90, 1430, 2600, 1530, 4970, 2600, 1530, 1430, 430, 430, 30, 30, 310, 300, 300, 10, 1330, 1330, 10, 40, 1350, 40, 1350, 190, 190, 160, 2900, 90, 2900, 160, 90, 60, 1090, 60, 840, 840, 630, 540, 630, 110, 310, 110, 250, 250, 50, 50, 3810, 3810, 810, 810, 50, 50, 80, 220, 110, 1820, 80, 1820, 220, 280, 170, 280, 370, 370, 190, 190, 190, 340, 530, 340, 190, 530, 0, 3880, 0, 3880, 10, 10, 620, 620, 280, 40, 40, 280, 1090, 80, 80, 570, 5990, 570, 5990, 420, 420, 190, 3460, 3460, 190, 10, 3910, 10, 1240, 1240, 410, 320, 4450, 770, 410, 320, 4450, 1220, 1220, 18720, 130, 130, 90, 90, 320, 570, 940, 320, 570, 940, 630, 2140, 630, 2140, 220, 220, 60, 60, 670, 670, 170, 70, 900, 260, 900, 260, 70, 170, 1940, 450, 120, 120, 60, 420, 3040, 3040, 60, 350, 460, 460, 80, 3680, 2780, 470, 80, 470, 2780, 2770, 260, 30, 2800, 2080, 260, 6840, 30, 30, 30, 2780, 200, 2780, 200, 1240, 1940, 1240, 40, 40, 130, 130, 1430, 20650, 1320, 1430, 20650, 120, 120, 110, 110, 220, 6330, 220, 6330, 100, 100, 0, 0, 290, 270, 500, 70, 400, 70, 400, 290, 270, 500, 330, 140, 330, 140, 2000, 10, 2000, 10, 9500, 90, 2770, 90, 2770, 2950, 290, 290, 0, 0, 8960, 8960, 280, 280, 7790, 7790, 40, 40, 100, 100, 380, 4160, 380, 4160, 320, 100, 320, 100, 470, 470, 80, 80, 140, 140, 100, 100, 30, 30, 100, 100, 32870, 32870, 30, 1380, 210, 1380, 210, 30, 160, 1260, 1260, 910, 910, 1120, 220, 50, 220, 1120, 150, 150, 2980, 150, 80, 80, 2980, 150, 100, 40, 12540, 12540, 920, 920, 100, 380, 100, 380, 8090, 4220, 220, 8090, 4220, 220, 3040, 200, 300, 5030, 3040, 200, 5030, 20, 60, 20, 20740, 360, 150, 600, 150, 600, 320, 10, 320, 160, 320, 320, 10, 290, 160, 1740, 5190, 5190, 1740, 3350, 230, 230, 3350, 9430, 80, 9430, 80, 250, 250, 1520, 1520, 500, 500, 890, 20, 470, 890, 20, 470, 50, 50, 210, 210, 790, 1190, 1190, 790, 30, 30, 30, 30, 440, 320, 440, 320, 550, 550, 40, 40, 2390, 2390, 46100, 740, 46100, 740, 2570, 80, 80, 570, 600, 600, 570, 10700, 250, 30, 860, 10700, 30, 250, 560, 530, 530, 560, 250, 90, 90, 150, 1160, 150, 430, 1160, 430, 2270, 40, 1010, 2270, 40, 3060, 1010, 3060, 1120, 60, 80, 60, 1120, 210, 210, 80, 30, 30, 300, 300, 1340, 3910, 380, 380, 30, 370, 30, 370, 10, 1280, 1280, 540, 30, 240, 30, 540, 410, 410, 2820, 70, 1350, 70, 930, 930, 570, 570, 1540, 270, 270, 1540, 8570, 220, 60, 60, 220, 8570, 1240, 740, 740, 210, 9540, 210, 90, 1120, 90, 1120, 1520, 470, 470, 470, 470, 2600, 180, 3220, 340, 3220, 180, 340, 230, 150, 240, 240, 150, 180, 180, 760, 2000, 760, 2000, 20, 20, 470, 230, 470, 230, 510, 4490, 220, 4490, 220, 550, 550, 820, 820, 1260, 60, 120, 60, 60, 120, 60, 1260, 390, 390, 1360, 460, 20, 1360, 460, 20, 140, 140, 40, 690, 780, 40, 690, 780, 110, 1400, 1400, 180, 180, 160, 150, 160, 150, 280, 280, 370, 2660, 2660, 210, 180, 210, 180, 220, 110, 220, 280, 10700, 20, 20, 40, 90, 40, 90, 3040, 810, 1190, 810, 3040, 1190, 10, 10, 5080, 4450, 5080, 4450, 1840, 1560, 1560, 320]"
2020-10-24 21:40:00+00:00,1696070,6,969.0,"[650, 650, 100, 100, 570, 570, 650, 10, 460, 220, 10, 650, 460, 220, 670, 310, 670, 310, 690, 530, 690, 2060, 2060, 530, 90, 560, 90, 560, 160, 160, 300, 300, 250, 2010, 190, 190, 2010, 30, 4060, 340, 410, 340, 4060, 30, 40, 600, 40, 4490, 4490, 1920, 180, 1690, 1690, 180, 130, 350, 40, 350, 40, 2530, 2530, 130, 200, 570, 160, 570, 160, 200, 3580, 3580, 190, 10, 50, 410, 10, 50, 840, 840, 10, 410, 10, 20, 360, 20, 360, 50, 390, 50, 390, 610, 400, 400, 610, 50, 50, 1620, 1620, 110, 110, 250, 250, 2530, 90, 90, 700, 540, 540, 470, 600, 600, 470, 360, 360, 1350, 1350, 10, 10, 100, 100, 540, 540, 80, 80, 20, 30, 20, 30, 270, 50, 50, 10, 10, 2320, 7000, 7000, 20, 2320, 130, 640, 0, 130, 0, 640, 810, 810, 149960, 0, 149960, 370, 370, 20, 20, 250, 190, 190, 250, 260, 180, 1160, 50, 390, 130, 1160, 50, 260, 180, 130, 390, 60, 60, 10, 390, 50, 90, 90, 50, 390, 10, 250, 40, 70, 250, 70, 40, 160, 160, 220, 220, 210, 230, 230, 30, 12530, 12530, 210, 740, 740, 450, 450, 50, 50, 2500, 60, 2500, 47950, 40, 290, 290, 240, 240, 40, 200, 40, 200, 590, 1290, 90, 1290, 590, 2820, 2820, 20, 20, 10, 20, 10, 20, 920, 120, 500, 120, 2120, 920, 2120, 500, 60, 80, 660, 60, 80, 660, 10, 90, 340, 1170, 340, 7340, 40, 7340, 40, 2200, 2200, 50, 50, 440, 440, 80, 830, 1750, 830, 1750, 80, 1540, 1540, 6860, 1110, 1110, 1810, 210, 210, 1810, 650, 650, 100, 440, 440, 21720, 100, 21720, 80, 1380, 320, 80, 760, 130, 760, 130, 60, 620, 80, 320, 620, 80, 60, 80, 80, 320, 420, 180, 1360, 1360, 180, 420, 60, 190, 560, 100, 190, 60, 60, 1070, 1070, 150, 150, 430, 390, 540, 540, 390, 430, 4260, 160, 350, 160, 1570, 1570, 4260, 90, 90, 9540, 9540, 2570, 2570, 440, 440, 150, 150, 1510, 1510, 8820, 7960, 7960, 30, 30, 760, 400, 400, 670, 210, 210, 670, 4140, 440, 4140, 730, 440, 50, 150, 150, 1590, 150, 150, 50, 2010, 70, 2010, 70, 210, 80, 210, 250, 250, 1370, 410, 410, 500, 640, 640, 500, 4920, 220, 220, 700, 4920, 1840, 360, 10, 360, 80, 620, 80, 620, 10, 280, 280, 80, 50, 50, 80, 2020, 6460, 180, 180, 6460, 5460, 5460, 190, 60, 60, 360, 380, 380, 360, 500, 40, 40, 220, 180, 180, 370, 160, 930, 370, 160, 930, 600, 600, 280, 920, 120, 60, 60, 280, 120, 920, 290, 4000, 4000, 30, 30, 150, 150, 150, 80, 400, 400, 6580, 6580, 80, 80, 1750, 1760, 670, 380, 670, 1760, 8520, 1180, 240, 830, 830, 130, 1180, 130, 240, 690, 10, 310, 690, 10, 310, 180, 330, 1420, 1420, 180, 330, 1000, 1000, 130, 130, 2280, 2280, 200, 130, 200, 130, 60, 1050, 60, 1050, 520, 520, 100, 100, 4680, 960, 270, 4360, 290, 270, 4360, 800, 800, 3780, 3780, 500, 120, 160, 80, 50, 50, 1540, 160, 100, 100, 110, 80, 80, 690, 100, 100, 380, 380, 1010, 20, 1010, 20, 270, 510, 270, 510, 20, 170, 20, 370, 170, 370, 100, 50, 20, 20, 480, 50, 20, 100, 20, 70, 70, 1760, 1760, 10, 1800, 1800, 10, 1420, 550, 550, 410, 410, 9900, 420, 420, 6280, 6280, 390, 390, 230, 230, 860, 370, 70, 370, 70, 11890, 140, 11890, 430, 140, 160, 160, 280, 280, 370, 2320, 2320, 30, 30, 1680, 10, 130, 60, 10, 130, 1680, 370, 370, 60, 800, 3580, 800, 230, 80, 230, 170, 60, 60, 170, 60, 120, 3610, 13830, 3610, 13830, 1710, 1710, 100, 100, 160, 500, 630, 500, 160, 630, 670, 600, 670, 600, 710, 710, 290, 5660, 290, 3110, 120, 120, 430, 30, 430, 30, 200, 200, 60, 60, 160, 160, 20, 20, 760, 40, 760, 40, 80, 500, 80, 500, 3730, 3730, 160, 70, 30, 3920, 70, 30, 1430, 130, 760, 760, 130, 10, 10, 1490, 1490, 8390, 580, 380, 380, 580, 5270, 510, 5270, 510, 110, 110, 50, 80, 80, 390, 390, 60, 60, 160, 160, 970, 400, 970, 400, 460, 460, 3060, 0, 3060, 170, 170, 2250, 200, 18130, 18130, 940, 940, 2250, 200, 20, 20, 860, 860, 1280, 20, 1930, 1280, 40, 20, 1930, 280, 40, 850, 280, 850, 130, 260, 80, 1040, 80, 260, 1040, 1260, 150, 290, 290, 340, 150, 2880, 10, 2880, 10, 15500, 15500, 1930, 350, 1930, 350, 350, 350, 2230, 2230, 5540, 5540, 450, 450, 680, 2860, 680, 260, 260, 3120, 90, 3120, 90, 1300, 1300, 10, 80, 80, 40, 40, 10, 10, 510, 510, 0, 0, 340, 450, 340, 450, 1780, 1780, 600, 3770, 20, 240, 600, 690, 3770, 690, 20, 240, 1260, 20, 20, 270, 270, 10, 10, 310, 70, 120, 70, 90, 70, 310, 90, 120, 190, 190, 190, 30, 30, 190, 230, 90, 110, 250, 250, 110, 90, 1120, 1260, 10, 1260, 180, 10, 180, 190, 110, 190, 1890, 360, 1890, 430, 80, 160, 430, 320, 320, 30, 30, 1750, 40, 10, 10, 10, 10, 1750, 40, 7470, 2090, 7470, 2090, 60, 50, 180, 60, 180, 50, 6650, 6650, 210, 1630, 1630, 220, 210, 170, 90, 30, 170, 90, 30, 80, 260, 260, 80, 2390, 650, 650, 2390, 1830, 300, 70, 1830, 280, 280, 300, 9450, 320, 320, 720, 470, 30, 470, 2120, 720, 30, 2010, 150, 280, 150, 2010, 150, 150, 210, 520, 180, 520, 180, 310, 310, 210, 850, 990, 50, 50, 3130, 850, 20, 240, 780, 140, 10, 20, 240, 10, 780, 10850, 1600, 10850, 1600, 380, 380, 700, 780, 700, 780, 700, 710, 710, 160, 160, 220, 220, 150, 150, 30, 30, 600, 600, 460, 460, 100, 100, 60, 1640, 60, 1640]"
2020-10-24 21:45:00+00:00,3648840,9,1050.0,"[130, 480, 480, 30, 400, 850, 30, 850, 400, 360, 6400, 360, 6400, 40, 40, 60, 10, 60, 170, 120, 120, 1470, 1470, 1180, 1180, 5040, 5040, 410, 1720, 410, 1560, 60, 1560, 60, 1720, 750, 750, 280, 870, 40, 870, 280, 40, 460, 1900, 460, 2630, 2630, 4050, 4050, 350, 25440, 350, 25440, 40, 40, 10, 250, 250, 30, 50, 1640, 50, 410, 30, 350, 380, 90, 350, 190, 190, 90, 380, 360, 5980, 5980, 360, 3930, 3930, 110, 4560, 40, 110, 40, 4560, 640, 640, 60, 60, 110, 110, 180, 180, 70, 920, 3710, 70, 230580, 3710, 30, 30, 920, 8520, 230, 80, 230, 8520, 80, 30, 30, 280, 280, 660, 780, 0, 660, 0, 780, 16500, 440, 440, 230, 230, 40, 170, 170, 40, 30, 5240, 30, 30, 280, 20, 1570, 1570, 20, 280, 100, 130, 70, 70, 130, 600, 600, 60, 0, 10, 0, 1600, 1320, 640, 460, 640, 460, 1320, 1600, 60, 60, 790, 490, 490, 790, 0, 0, 320, 1500, 720, 300, 320, 1500, 300, 720, 460, 460, 260, 380, 380, 260, 50, 1660, 50, 1660, 1370, 40, 1370, 40, 220, 150, 220, 400, 400, 930, 200, 200, 930, 8520, 190, 10, 8520, 190, 10, 580, 580, 140, 760, 760, 140, 430, 430, 450, 450, 400, 400, 1240, 50, 50, 16610, 16610, 40, 3440, 3440, 2650, 770, 2650, 770, 3430, 260, 260, 0, 50, 210, 0, 210, 50, 190, 190, 40, 40, 1180, 4480, 1490, 1180, 4480, 80, 1490, 530, 80, 130, 130, 16610, 140, 140, 16610, 8460, 20, 630, 8460, 3170, 110, 3170, 110, 590, 70, 590, 80, 70, 80, 380, 1780, 80, 1780, 80, 380, 160, 160, 2000, 2000, 90, 120, 490, 620, 530, 120, 620, 530, 490, 710, 700, 40, 400, 40, 700, 400, 60, 260, 260, 60, 1720, 200, 200, 70, 70, 160, 160, 290, 290, 390, 1260, 100, 390, 100, 1260, 2380, 130, 2380, 130, 200, 40, 200, 520, 520, 40, 40, 40, 150, 40, 150, 5270, 860, 21340, 860, 5270, 160, 100, 390, 390, 100, 48560, 160, 48560, 1760, 1780, 1780, 130, 870, 130, 70, 70, 870, 10, 130, 1430, 5650, 130, 1430, 5650, 200, 40, 200, 40, 1970, 1970, 300, 300, 750, 50, 100, 1000, 50, 100, 1000, 60, 140, 140, 60, 330, 30, 30, 510, 510, 130, 170, 450, 450, 170, 130, 270, 270, 100, 300, 310, 140, 170, 310, 100, 140, 300, 220, 220, 1030, 1030, 2420, 770, 2420, 430, 430, 510, 510, 60, 390, 10, 10, 450, 390, 550, 450, 550, 60, 1310, 0, 0, 1310, 120, 120, 1870, 1430, 720, 720, 1870, 12470, 12470, 130, 240, 130, 240, 130, 120, 130, 840, 520, 16620, 100, 520, 1750, 10, 16620, 840, 100, 80, 80, 80, 4740, 4740, 600, 380, 600, 380, 460, 1160, 350, 350, 1160, 50, 50, 1190, 1870, 40, 1330, 220, 6090, 220, 1330, 6090, 1870, 650, 650, 16520, 400, 400, 60, 580, 580, 70, 440, 70, 440, 200, 400, 200, 1890, 1890, 400, 20, 270, 290, 20, 290, 270, 30, 30, 670, 1170, 670, 3290, 50, 1040, 50, 1040, 70, 4820, 60, 60, 60, 1500, 90, 60, 1500, 90, 8520, 8520, 170, 1620, 170, 5450, 5450, 170, 370, 170, 100, 0, 100, 0, 2360, 560, 560, 140, 2360, 140, 100, 380, 380, 100, 3740, 750, 3740, 240, 200, 240, 200, 200, 280, 520, 200, 280, 520, 1800, 190, 10, 10, 1800, 190, 70, 5990, 80, 1610, 1610, 80, 200, 380, 200, 260, 8100, 8100, 260, 70, 120, 120, 70, 40, 40, 250, 340, 250, 30, 30, 340, 4660, 2810, 160, 4660, 160, 2810, 180, 0, 10, 180, 10, 750, 750, 2770, 8520, 1460, 410, 8520, 410, 1460, 2770, 180, 40, 5020, 180, 40, 5020, 790, 250, 790, 250, 190, 190, 230, 250, 90, 230, 250, 90, 1610, 90, 230, 1610, 1160, 90, 230, 200, 30, 200, 30, 910, 7750, 7750, 170, 130, 130, 20, 10, 50, 760, 760, 10, 50, 20, 380, 380, 1430, 270, 240, 40, 170, 190, 4020, 190, 170, 3820, 3820, 6930, 3320, 6930, 3320, 140, 2980, 140, 990, 2980, 990, 540, 540, 5450, 100, 610, 100, 430, 430, 5450, 610, 3170, 160, 10, 3170, 250, 920, 0, 920, 460, 460, 1070, 1070, 450, 450, 3030, 3030, 50, 50, 1790, 2240, 60, 2240, 30, 1790, 30, 30, 980, 2520, 4100, 490, 4100, 30, 980, 2520, 30, 2980, 2980, 30, 50, 610, 50, 610, 580, 1910, 50, 220, 1910, 930, 50, 220, 580, 930, 1040, 1040, 2420, 80, 80, 2420, 5700, 160, 790, 5700, 790, 160, 20, 870, 0, 980, 0, 870, 980, 20, 580, 580, 100, 20, 100, 20, 60, 930, 930, 60, 260, 1980, 0, 260, 1980, 0, 150, 150, 240, 30, 1100, 1340, 320, 460, 30, 1100, 320, 460, 1340, 120, 160, 120, 220, 29310, 60, 4310, 10, 29310, 220, 60, 4310, 160, 10, 190, 650, 190, 650, 210, 210, 3820, 3820, 240, 230, 230, 1140, 860, 420, 1140, 420, 860, 580, 580, 16820, 16820, 100, 100, 30, 30, 500, 500, 420, 420, 290, 290, 10, 1240, 10, 1240, 990, 220, 480, 220, 990, 480, 2230, 310, 2230, 90, 440, 310, 60, 610, 20, 60, 20, 10, 110, 110, 610, 500, 500, 280, 280, 40, 40, 1910, 2680, 590, 240, 40, 590, 2680, 40, 240, 3530, 1920, 80, 1920, 80, 590, 3530, 610, 420, 200, 280, 420, 280, 70, 200, 80, 1850, 10, 1850, 10, 130, 10, 130, 23260, 23260, 10, 390, 390, 10, 440, 4510, 4510, 440, 50, 590, 50, 590, 1570, 180, 180, 360, 70, 360, 280, 400, 70, 400, 470, 470, 70, 5140, 130, 5140, 130, 70, 600, 0, 600, 0, 10, 860, 860, 80, 540, 820, 80, 540, 40, 1170, 40, 1170, 60, 160, 160, 60, 2610, 1750, 20, 11460, 11460, 2610, 20, 1750, 6990, 260, 6990, 480, 430, 50, 480, 430, 50, 20, 20, 20, 20, 60, 510, 510, 60, 510, 510, 1910, 160, 1490, 1910, 1490, 160, 280, 280, 50, 10, 120, 120, 10, 50, 270, 50, 270, 1380, 0, 0, 1380, 50, 990, 180, 990, 40, 10, 200, 40, 10, 90, 30, 30, 470, 470, 90, 1230, 490, 1230, 490, 10, 10, 340, 130, 140, 140, 1010, 230, 120, 230, 5700, 1010, 5700, 40, 40, 90, 1660, 90, 2170, 2170, 1660, 230, 490, 230, 190, 190, 490, 3820, 3820, 0, 870, 3370, 3370, 870, 0]"
2020-10-24 21:50:00+00:00,2300610,10,995.0,"[500, 360, 500, 360, 100, 210, 210, 150, 150, 120, 280, 280, 120, 1230, 90, 1230, 90, 10, 10, 2860, 280, 280, 40, 40, 2860, 630, 630, 530, 530, 60, 60, 230, 230, 3760, 390, 390, 3760, 830, 20, 830, 20, 380, 830, 830, 380, 480, 480, 80, 80, 90, 110, 100, 2850, 100, 2850, 90, 110, 1430, 110, 1430, 110, 110, 110, 1460, 360, 7310, 430, 1660, 360, 7310, 430, 1660, 80, 80, 150, 10, 1180, 10, 1180, 2940, 2940, 90, 90, 470, 80, 3870, 80, 470, 3870, 310, 260, 310, 1260, 1260, 20, 20, 60, 60, 10, 10, 110, 110, 100, 100, 1340, 430, 1340, 430, 130, 410, 1400, 1400, 130, 60, 410, 60, 510, 1210, 1210, 510, 240, 450, 240, 450, 450, 3240, 450, 250, 10, 250, 3240, 10, 180, 180, 760, 10, 760, 10, 160, 930, 930, 160, 10, 10, 2390, 1030, 80, 1030, 9130, 2390, 80, 9130, 1430, 80, 1430, 80, 2080, 130, 2080, 130, 3280, 1020, 270, 270, 3280, 1020, 160, 160, 1260, 1860, 31230, 1860, 31230, 2140, 2140, 1180, 1180, 1200, 70, 70, 1200, 300, 300, 290, 290, 80, 80, 190, 590, 230, 590, 230, 140, 140, 180, 180, 110, 980, 430, 430, 4170, 980, 20, 10, 2610, 10, 10, 2610, 10, 20, 24990, 24990, 190, 190, 160, 70, 60, 60, 70, 370, 1120, 200, 200, 200, 200, 1120, 690, 50, 50, 30, 4260, 220, 30, 4260, 40, 40, 240, 310, 240, 310, 1150, 360, 1150, 3190, 3190, 260, 3140, 3140, 10400, 260, 10, 480, 480, 10, 140, 140, 580, 430, 430, 580, 1430, 1430, 30, 30, 130, 270, 60, 800, 270, 130, 60, 150, 50, 5090, 150, 5090, 50, 100, 260, 400, 400, 260, 140, 230, 140, 230, 30, 30, 310, 310, 100, 1660, 80, 800, 1660, 800, 80, 350, 770, 350, 690, 690, 200, 50, 200, 50, 10, 600, 290, 420, 290, 1480, 2060, 2060, 600, 420, 260, 260, 10, 1480, 2140, 2140, 3820, 1580, 1580, 3820, 50, 290, 50, 290, 100, 360, 160, 230, 690, 230, 160, 360, 690, 330, 330, 1380, 1380, 720, 30, 5670, 170, 30, 5670, 720, 170, 510, 120, 6730, 6730, 140, 140, 11460, 1260, 450, 450, 2550, 320, 3000, 3000, 290, 3820, 290, 100, 3820, 100, 1180, 470, 1180, 470, 470, 130, 470, 130, 50, 50, 130, 130, 190, 3350, 190, 3350, 5090, 1090, 320, 320, 5090, 70, 70, 1090, 2580, 2580, 2480, 30, 2480, 30, 710, 8310, 140, 720, 430, 1390, 720, 10, 8310, 410, 710, 410, 430, 10, 140, 2250, 560, 2250, 90, 90, 560, 920, 70, 1020, 920, 1020, 120, 1340, 409130, 290, 1340, 409130, 280, 2010, 280, 2010, 280, 220, 20, 220, 20, 40, 570, 660, 660, 480, 480, 300, 300, 4640, 400, 400, 4640, 380, 770, 80, 380, 920, 920, 770, 180, 180, 80, 150, 150, 20, 20, 1430, 1430, 50, 50, 830, 3100, 740, 3100, 830, 2250, 2250, 110, 110, 340, 60, 1040, 70, 1040, 340, 60, 1200, 470, 1200, 470, 1070, 3970, 3970, 1070, 470, 470, 360, 360, 40, 160, 440, 240, 160, 440, 59150, 240, 40, 1890, 3090, 430, 3090, 430, 1890, 30, 30, 3180, 3180, 300, 200, 200, 300, 200, 200, 2650, 50, 2650, 50, 90, 70, 1080, 250, 1080, 70, 250, 300, 200, 300, 200, 80, 280, 880, 380, 80, 880, 280, 1110, 380, 70, 70, 680, 250, 40, 680, 40, 600, 1440, 600, 1440, 360, 360, 690, 690, 90, 90, 310, 310, 440, 440, 200, 200, 4600, 40, 4600, 40, 80, 250, 250, 40, 40, 80, 580, 580, 250, 450, 160, 450, 160, 250, 440, 40, 440, 40, 120, 120, 280, 1060, 280, 1060, 260, 260, 40, 40, 940, 0, 940, 0, 40, 4600, 40, 4600, 850, 930, 850, 930, 40, 40, 4140, 4140, 320, 140, 700, 320, 700, 140, 460, 60, 460, 70, 60, 50, 50, 710, 30, 290, 290, 710, 4140, 30, 170, 170, 7470, 40, 1940, 510, 430, 40, 510, 1940, 7470, 430, 550, 390, 40, 390, 550, 40, 70, 70, 3380, 3380, 3870, 3870, 290, 290, 9310, 100, 9310, 70, 20, 5300, 70, 5300, 20, 100, 60, 1130, 1130, 60, 450, 19700, 40, 450, 19700, 270, 920, 270, 22220, 22220, 10, 10, 1010, 240, 240, 1010, 7060, 410, 130, 7060, 410, 20, 1860, 20, 1860, 100, 720, 450, 720, 450, 80, 360, 360, 80, 1280, 1280, 140, 110, 110, 1780, 1780, 560, 220, 220, 560, 560, 560, 2490, 2490, 160, 160, 180, 180, 460, 10, 200, 10, 3780, 460, 200, 50, 50, 510, 150, 510, 170, 170, 20, 20, 1020, 2160, 2160, 1020, 410, 40, 40, 440, 440, 1350, 1350, 1940, 400, 400, 1940, 630, 630, 10, 120, 120, 300, 300, 1860, 40, 1860, 40, 280, 280, 3100, 130, 520, 520, 30, 410, 410, 30, 1280, 1280, 10, 10, 10, 200, 200, 40, 40, 210, 30, 210, 30, 12280, 220, 20, 220, 12280, 120, 12810, 360, 0, 120, 2100, 1540, 1860, 360, 2100, 1540, 0, 12810, 1860, 2400, 2910, 2400, 1020, 1020, 2250, 50, 2250, 50, 10, 10, 3590, 3590, 1020, 60, 230, 60, 60, 230, 1020, 60, 17360, 2540, 17360, 2540, 70, 130, 70, 130, 450, 40, 40, 450, 130, 60, 2420, 2420, 60, 510, 510, 780, 780, 1070, 1070, 2400, 530, 2400, 530, 2770, 2770, 44710, 70, 70, 44710, 220, 220, 780, 20, 120, 780, 2400, 20, 120, 320, 5100, 320, 5100, 380, 380, 390, 220, 390, 220, 490, 490, 0, 0, 180, 180, 310, 310, 1410, 3140, 1410, 3140, 3660, 0, 140, 3660, 1860, 140, 1220, 0, 1860, 1240, 1240, 17260, 6600, 6600, 17260, 860, 860, 10, 10, 40, 40, 40, 40, 620, 2480, 2480, 620, 9690, 9690, 150, 150, 420, 420, 860, 860, 1330, 1330, 1920, 380, 400, 3180, 380, 400, 130, 90, 70, 130, 80, 80, 70, 90, 1100, 1840, 170, 170, 1100, 1840, 510, 1990, 1250, 260, 1250, 510, 1990, 260, 560, 560, 660, 660, 370, 370, 440, 440, 10, 10, 10, 10, 60, 570, 280, 280, 570, 60, 70, 230, 60, 230, 60, 70, 7040, 7040]"
2020-10-24 21:55:00+00:00,1917270,6,914.0,"[10, 250, 320, 320, 250, 280, 280, 700, 700, 360, 360, 300, 300, 980, 980, 360, 360, 290, 24090, 280, 120, 280, 120, 90, 90, 90, 90, 120, 120, 760, 760, 20, 20, 790, 790, 270, 270, 550, 280, 280, 550, 50, 40, 6060, 240, 620, 3030, 620, 3030, 240, 6060, 60, 810, 60, 810, 1710, 200, 20, 1710, 20, 200, 140, 22400, 22400, 230, 30, 290, 230, 30, 290, 410, 140, 140, 130, 2480, 40, 1510, 2480, 40, 1510, 60, 60, 6620, 2540, 2540, 6620, 40, 40, 50, 50, 5060, 5060, 1660, 1660, 900, 90, 900, 90, 300, 390, 300, 390, 1620, 350, 40, 1620, 350, 40, 80, 80, 1080, 11820, 11820, 1080, 1770, 1770, 1230, 410, 320, 100, 410, 320, 410, 100, 410, 50, 50, 250, 250, 110, 1940, 110, 1940, 610, 610, 50, 830, 330, 50, 830, 100, 100, 18440, 1790, 200, 18440, 1790, 200, 210, 210, 440, 3700, 30, 120, 3700, 30, 120, 440, 10, 160, 10, 160, 260, 260, 260, 260, 220, 220, 910, 80, 80, 910, 520, 980, 740, 980, 520, 740, 280, 180, 80, 80, 60, 60, 180, 410, 580, 580, 410, 510, 510, 700, 20, 20, 700, 180, 100, 100, 180, 240, 150, 150, 150, 310, 150, 310, 240, 240, 5050, 5050, 830, 830, 290, 90, 1310, 90, 820, 820, 260, 260, 170, 390, 390, 60, 60, 60, 60, 310, 2410, 400, 2410, 310, 400, 100, 100, 150, 150, 310, 310, 810, 810, 3760, 810, 3760, 810, 340, 340, 710, 750, 60, 60, 750, 710, 3100, 100, 120, 100, 1840, 1840, 120, 400, 400, 1890, 1890, 20, 560, 20, 560, 1180, 610, 1180, 30, 300, 300, 30, 60, 80, 920, 60, 80, 1390, 920, 80, 80, 250, 430, 730, 430, 250, 580, 3200, 3200, 580, 730, 250, 250, 230, 230, 1120, 1120, 110, 110, 60, 60, 500, 400, 400, 500, 160, 160, 400, 400, 70, 480, 210, 210, 1960, 1960, 10950, 940, 10630, 940, 10630, 1320, 5420, 260, 260, 5420, 810, 810, 290, 290, 10, 80, 2290, 2290, 10, 450, 40, 340, 340, 60, 40, 140, 140, 10, 14340, 80, 530, 80, 530, 100, 100, 3140, 600, 600, 160, 40, 180, 2490, 40, 160, 180, 60, 60, 280, 280, 280, 280, 350, 70, 70, 350, 0, 250, 20, 80, 250, 20, 0, 110, 110, 30, 10, 10, 30, 530, 530, 1360, 360, 1360, 360, 240, 680, 290, 1430, 1430, 240, 680, 290, 10, 10, 130, 130, 490, 3790, 490, 3790, 4540, 310, 4540, 310, 890, 50, 890, 370, 370, 50, 450, 450, 2680, 2680, 6560, 3140, 120, 140, 6560, 140, 3140, 50, 330, 1820, 330, 50, 1820, 880, 620, 780, 780, 620, 880, 3430, 3430, 210, 70, 70, 210, 7040, 100, 1290, 7040, 290, 290, 290, 750, 3570, 750, 3570, 50, 50, 20, 610, 20, 610, 580, 450, 580, 450, 210, 910, 210, 910, 60, 570, 570, 20, 110, 110, 30, 10, 30, 60, 60, 880, 880, 360, 50, 440, 1480, 70, 440, 70, 6410, 6410, 240, 120, 120, 650, 650, 3200, 70, 3200, 70, 70, 130, 2680, 130, 2680, 150, 150, 60, 10, 60, 160, 160, 240, 520, 240, 520, 4420, 4420, 10, 450, 440, 450, 440, 10, 300, 300, 10, 390, 600, 220, 220, 210, 210, 10, 3930, 1290, 470, 1290, 3930, 470, 290, 20, 290, 20, 310, 310, 5580, 160, 2230, 2230, 160, 80, 80, 10, 2300, 2300, 10, 90, 90, 2490, 2490, 30, 30, 30, 610, 610, 30, 1200, 1200, 2140, 0, 0, 2140, 800, 800, 1730, 4200, 4200, 1730, 440, 440, 1580, 1580, 130, 3340, 200, 50, 50, 200, 3340, 7710, 7710, 58030, 10090, 1440, 10090, 58030, 1290, 1290, 300, 300, 190, 190, 140, 1470, 140, 1470, 370, 120, 370, 120, 50, 50, 100, 100, 1270, 1270, 30, 30, 4230, 4230, 120, 0, 2150, 0, 170, 2080, 170, 2150, 2080, 2310, 2490, 2310, 480, 140, 480, 2490, 140, 370, 40, 40, 370, 310, 1840, 1840, 60, 360, 360, 60, 1190, 470, 1090, 1090, 520, 7110, 2530, 7110, 2530, 520, 770, 770, 1340, 1340, 120, 1450, 1450, 80, 120, 140, 10, 140, 10, 6080, 2490, 6080, 2490, 130, 130, 120, 120, 200, 200, 240, 820, 120, 120, 5180, 1360, 1360, 10, 10, 500, 420, 500, 420, 170, 170, 110, 20, 20, 3650, 10, 3650, 10, 90, 90, 2230, 480, 2230, 0, 1080, 9010, 1110, 0, 110, 4170, 9010, 1080, 1110, 4170, 110, 310, 310, 7530, 13630, 13630, 7530, 230, 50, 230, 50, 150, 130, 150, 90, 130, 130, 15300, 480, 15300, 480, 540, 620, 210, 2560, 620, 210, 2560, 3020, 1540, 1360, 790, 1540, 3020, 790, 1360, 12260, 12260, 610, 240, 610, 240, 60, 1080, 60, 1080, 540, 160, 160, 540, 200, 200, 100, 100, 1600, 1600, 190, 3660, 60, 120, 60, 120, 40, 40, 190, 3660, 110, 100, 60, 110, 100, 10, 280, 3680, 30, 2230, 30, 3680, 280, 2230, 9030, 2090, 1600, 9030, 2090, 160, 60, 160, 2100, 2100, 20, 2890, 1220, 20, 2400, 2890, 1220, 2400, 130, 400, 400, 130, 0, 60, 0, 60, 50, 50, 270, 270, 230, 230, 2420, 2420, 190, 160, 940, 160, 60, 50, 190, 50, 0, 60, 940, 30, 600, 3520, 30, 600, 3520, 50, 50, 1250, 320, 1250, 320, 40, 40, 2490, 100, 6090, 100, 2490, 6090, 60, 60, 640, 4000, 10, 190, 10, 640, 190, 4000, 80, 80, 40, 40, 760, 760, 10, 2160, 2160, 940, 3620, 940, 210, 210, 1140, 1140, 70, 70, 30, 30, 390, 390, 30, 160, 290, 160, 290, 30, 3780, 3780, 1600]"
2020-10-24 22:00:00+00:00,3846410,14,970.0,"[40, 180, 1540, 180, 1540, 40, 0, 50, 790, 0, 50, 790, 790, 550, 4010, 10690, 30, 30, 4010, 10690, 790, 550, 5260, 350, 350, 290, 1660, 290, 320, 240, 320, 240, 40, 230, 230, 370, 830, 370, 830, 170, 3780, 10240, 3780, 10240, 170, 940, 940, 3290, 3290, 180, 950, 950, 180, 90, 90, 260, 280, 100, 10, 10, 100, 280, 260, 120, 120, 280, 280, 460, 900, 460, 20, 20, 3160, 580, 580, 40, 220, 9100, 220, 9100, 40, 560, 560, 280, 280, 320, 320, 80, 80, 110, 580, 580, 110, 280, 2010, 280, 1740, 1030, 1740, 1030, 320, 1030, 320, 1030, 180, 260, 260, 180, 1850, 1850, 200, 200, 70, 70, 490, 160, 160, 320, 320, 490, 360, 190, 940, 940, 190, 370, 370, 200, 10, 10, 200, 90, 90, 660, 240, 70, 70, 240, 660, 0, 2010, 0, 210, 16830, 1280, 210, 1280, 60, 60, 150, 50, 150, 1030, 3580, 3580, 20, 2750, 2750, 600, 600, 2120, 0, 3440, 2120, 0, 3440, 150, 1040, 1040, 1000, 1000, 960, 410, 1510, 1510, 4680, 730, 690, 690, 730, 4680, 630, 4150, 90, 90, 1760, 240, 2350, 2350, 16550, 1760, 240, 16550, 60, 60, 5360, 5360, 790, 60, 680, 20, 8570, 20, 680, 8570, 60, 4150, 440, 440, 4150, 1310, 1310, 4140, 10, 4140, 80, 200, 390, 1690, 60, 60, 1280, 60, 60, 2310, 2310, 110, 100, 40, 110, 40, 100, 20, 100, 20, 420, 910, 420, 910, 10, 10530, 300, 10, 300, 10530, 20, 20, 1470, 1470, 120, 120, 100, 40, 100, 40, 3420, 380, 3420, 380, 320, 320, 60, 60, 190, 700, 50, 190, 50, 50, 700, 50, 0, 240, 0, 2620, 210, 210, 2620, 430, 5650, 5650, 430, 30, 30, 180, 2200, 2200, 2960, 2960, 50, 200, 1360, 30, 10, 200, 50, 30, 10, 1360, 170, 170, 320, 320, 340, 3420, 160, 3420, 10, 160, 340, 5050, 5050, 40, 10, 970, 10, 12220, 12220, 100, 660, 100, 660, 850, 60, 850, 60, 570, 570, 240, 5880, 380, 2010, 2010, 1460, 800, 800, 1460, 290, 1140, 3250, 1140, 290, 480, 110, 830, 50, 480, 30, 50, 30, 830, 110, 0, 110, 110, 0, 1200, 1200, 7140, 580, 580, 7140, 360, 360, 260, 3480, 1190, 260, 3480, 90, 90, 1190, 2020, 750, 2020, 620, 480, 450, 450, 480, 620, 360, 360, 50, 160, 230, 50, 160, 230, 1250, 1250, 1000, 760, 1000, 880, 390, 390, 880, 1340, 70, 70, 70, 260, 1340, 70, 260, 2840, 2840, 480, 200, 480, 1590, 4850, 4850, 1060, 2420, 1060, 20, 20, 1470, 40, 1470, 40, 420, 160, 370, 420, 160, 370, 120, 120, 130, 330, 330, 1410, 1410, 2240, 2240, 280, 280, 120, 80, 80, 620, 620, 250, 60, 60, 760, 760, 420, 420, 320, 460, 170, 460, 190, 1610, 1840, 1610, 190, 1840, 10, 930, 20, 20, 930, 70, 70, 120, 190, 120, 190, 280, 90, 280, 90, 80, 1000, 80, 1000, 170, 470, 700, 170, 470, 700, 30, 30, 360, 360, 780, 780, 2240, 2240, 20, 880, 30, 20, 880, 300, 30, 370, 300, 370, 200, 200, 1230, 180, 180, 430, 240, 430, 240, 540, 540, 1600, 4500, 0, 0, 4500, 1600, 590, 590, 270, 270, 0, 90, 90, 0, 2320, 270, 2320, 240, 240, 920, 4250, 520, 4250, 360, 360, 240, 10, 240, 10, 400, 1570, 2260, 400, 1570, 280, 280, 23070, 700, 190, 190, 23070, 700, 1600, 1600, 70, 120, 120, 7060, 7060, 580, 580, 820, 820, 1570, 520, 520, 1570, 1010, 1010, 2410, 320, 260, 320, 190, 3030, 120, 3690, 3030, 190, 0, 0, 190, 3690, 230, 20, 300, 20, 300, 230, 3030, 3030, 210, 180, 1040, 1040, 180, 210, 40, 720, 40, 720, 2360, 2360, 150, 150, 310, 310, 2310, 2690, 260, 2690, 260, 2310, 440, 220, 110, 10, 450, 80, 20, 50, 440, 10, 80, 450, 20, 50, 110, 80, 120, 170, 170, 120, 80, 20, 20, 0, 5100, 1100, 1100, 5100, 0, 40, 40, 380, 10, 380, 190, 190, 30, 120, 30, 120, 20, 380, 380, 20, 30, 30, 420, 390, 100, 670, 390, 420, 100, 670, 460, 460, 1140, 1140, 60, 60, 960, 60, 60, 470, 470, 15130, 15130, 120, 310, 310, 1140, 40, 40, 1140, 170, 240, 170, 240, 1840, 840, 840, 170, 170, 90, 90, 370, 520, 430, 370, 60, 520, 3330, 3330, 20, 60, 430, 660, 730, 660, 1170, 470, 130, 1170, 730, 4320, 410, 4320, 0, 790, 790, 0, 1400, 1400, 80, 80, 31660, 31660, 450, 40, 450, 40, 640, 640, 200, 200, 1360, 500, 300, 20, 300, 3170, 920, 6460, 920, 6460, 40, 3170, 40, 220, 220, 110, 50, 50, 110, 2080, 220, 2080, 220, 40, 3150, 100, 100, 40, 240, 240, 640, 640, 3790, 220, 3790, 220, 20, 230, 1030, 50, 20, 230, 50, 1030, 6460, 10, 6460, 10, 580, 580, 1940, 1940, 1280, 80, 1280, 80, 1580, 80, 80, 290, 290, 80, 520, 20, 520, 20, 6080, 6080, 110, 110, 90, 4710, 90, 4710, 710, 130, 10, 710, 10, 130, 5480, 5480, 0, 0, 30, 30, 2410, 2410, 140, 1960, 1960, 140, 300, 300, 0, 500, 500, 40, 1330, 280, 250, 40, 2950, 250, 2950, 280, 5090, 140, 360, 360, 140, 6090, 220, 6090, 160, 1830, 1830, 160, 220, 700, 700, 240, 200, 1580, 240, 200, 1100, 1100, 490, 1600, 1600, 910, 910, 48260, 310, 1200, 310, 48260, 1200, 40, 240, 40, 240, 810, 810, 1580, 130, 130, 690, 1360, 450, 1490, 690, 450, 20, 1360, 290, 280, 7060, 910, 290, 7060, 50, 280, 50, 190, 230, 50, 1240, 40, 230, 50, 190, 1020, 20, 1020, 20, 90, 90, 40, 40, 1750, 1750, 560, 560, 90, 1080, 1900, 1080, 90, 40, 140, 2410, 40, 2410, 140, 80, 210, 300, 130, 80, 300, 80, 210, 130, 80, 590, 2230, 2230, 70, 70, 10, 80, 10, 80, 130, 10, 130, 970, 970]"
2020-10-24 22:05:00+00:00,1293500,11,944.0,"[130, 130, 140, 100, 100, 30, 30, 220, 220, 30, 30, 40, 40, 1860, 18560, 3960, 1860, 1170, 18560, 1170, 3960, 90, 1450, 3710, 1450, 3710, 90, 420, 170, 3160, 1170, 170, 420, 3160, 1170, 150, 150, 140, 40, 390, 140, 40, 390, 1010, 18460, 1010, 13180, 5700, 10, 40, 760, 40, 10990, 10, 530, 10990, 530, 760, 0, 2610, 0, 2610, 830, 830, 400, 630, 630, 400, 110, 570, 1850, 1850, 110, 360, 60, 60, 360, 3020, 3020, 5020, 250, 340, 1960, 1670, 35920, 1960, 1670, 340, 35920, 1320, 1320, 730, 6080, 260, 730, 260, 6080, 300, 300, 190, 330, 4150, 330, 4150, 440, 440, 190, 760, 50, 70, 70, 130, 130, 50, 760, 810, 810, 100, 100, 150, 150, 6330, 6330, 10990, 130, 130, 130, 360, 360, 130, 840, 840, 190, 190, 1930, 1930, 50, 230, 40, 40, 50, 230, 60, 200, 290, 200, 290, 520, 140, 520, 140, 1060, 70, 2120, 2120, 480, 1060, 40, 10, 10, 40, 260, 260, 1220, 1220, 10, 330, 10, 330, 160, 160, 1130, 1130, 190, 230, 190, 230, 120, 1780, 130, 120, 130, 1780, 410, 10080, 340, 5680, 410, 570, 340, 5680, 160, 160, 280, 50, 310, 280, 50, 20, 2970, 30, 30, 190, 280, 320, 280, 320, 190, 330, 330, 80, 80, 360, 410, 410, 1120, 520, 1120, 520, 170, 170, 170, 170, 30, 610, 30, 610, 830, 830, 3660, 3660, 250, 2480, 250, 100, 140, 2480, 140, 160, 5100, 3140, 160, 5100, 360, 360, 220, 220, 180, 180, 20, 1020, 380, 1020, 20, 380, 530, 0, 2160, 0, 70, 70, 35520, 1840, 35520, 5100, 600, 600, 5100, 150, 3900, 3580, 770, 770, 3580, 2450, 50, 50, 2450, 280, 110, 40, 420, 110, 50, 40, 280, 110, 110, 50, 420, 80, 80, 240, 380, 3140, 90, 190, 3140, 90, 380, 190, 50, 830, 50, 830, 220, 1010, 220, 20, 2090, 2090, 300, 1010, 10010, 10010, 1010, 300, 420, 160, 420, 870, 5880, 870, 190, 190, 2260, 260, 7300, 210, 2260, 260, 210, 470, 20, 470, 830, 20, 830, 0, 1890, 0, 250, 10, 10, 110, 110, 1890, 10, 10010, 10010, 250, 10, 3820, 3820, 4100, 90, 90, 4100, 3760, 3760, 100, 100, 10900, 120, 10900, 4610, 70, 4610, 70, 1750, 1750, 220, 220, 8550, 8550, 230, 230, 340, 290, 230, 290, 40, 340, 30, 30, 1370, 1370, 680, 2550, 680, 2550, 50, 50, 380, 120, 120, 360, 20, 410, 20, 20, 20, 410, 1970, 1970, 180, 190, 190, 180, 350, 920, 350, 920, 420, 90, 420, 90, 5640, 5640, 270, 270, 170, 1000, 460, 1120, 1000, 460, 170, 30, 30, 180, 180, 40, 50, 550, 100, 50, 100, 50, 50, 40, 550, 240, 2340, 5100, 5100, 590, 590, 280, 3310, 3310, 280, 1660, 10, 280, 280, 2070, 10, 220, 540, 940, 940, 540, 220, 550, 550, 2190, 510, 510, 2190, 680, 810, 810, 680, 10, 10, 190, 190, 390, 840, 840, 130, 390, 10010, 390, 16360, 50, 11090, 80, 50, 80, 10, 140, 10, 60, 20, 140, 200, 200, 200, 200, 210, 210, 80, 80, 4800, 120, 590, 120, 4800, 590, 170, 80, 200, 190, 200, 190, 14080, 14080, 2110, 90, 90, 2110, 680, 440, 680, 400, 160, 160, 190, 400, 150, 350, 100, 150, 350, 100, 150, 150, 1080, 60, 1030, 1610, 1610, 1030, 1080, 60, 190, 14780, 630, 14780, 630, 850, 270, 3580, 10, 10, 3580, 610, 3260, 610, 3260, 850, 310, 850, 310, 200, 280, 200, 280, 50, 1690, 50, 21720, 1690, 350, 1220, 350, 1220, 2680, 520, 2680, 520, 560, 160, 80, 160, 3350, 3350, 400, 400, 750, 330, 750, 330, 520, 520, 60, 60, 90, 90, 160, 580, 160, 580, 130, 200, 0, 130, 0, 200, 3720, 1190, 3720, 1190, 220, 240, 570, 630, 570, 630, 240, 220, 1380, 80, 80, 50, 1380, 80, 50, 80, 10, 10, 530, 30, 530, 30, 10, 130, 130, 10, 30, 3720, 1200, 1200, 340, 30, 3720, 340, 1610, 60, 60, 560, 3840, 200, 7710, 20, 20, 940, 30, 940, 20, 20, 7710, 2640, 2640, 170, 170, 30, 30, 7060, 30, 4340, 4340, 30, 7060, 5160, 220, 140, 260, 5160, 220, 140, 260, 560, 8820, 1880, 560, 1880, 1980, 1980, 320, 320, 3720, 1260, 110, 1260, 3720, 110, 400, 400, 10, 30, 310, 30, 310, 140, 790, 140, 790, 430, 300, 430, 300, 80, 2340, 2340, 80, 50, 50, 14510, 1540, 14510, 1540, 780, 190, 290, 190, 290, 620, 620, 2300, 2300, 120, 980, 2800, 980, 2800, 120, 1210, 1000, 1210, 250, 1000, 250, 1590, 0, 1590, 1880, 2200, 250, 2200, 250, 560, 1340, 20, 1340, 560, 310, 160, 1500, 1930, 460, 740, 780, 380, 740, 460, 1930, 780, 380, 10, 10, 660, 660, 4730, 420, 690, 690, 190, 190, 420, 2910, 2910, 400, 400, 70, 120, 120, 240, 80, 120, 180, 120, 80, 80, 80, 1880, 1880, 280, 4070, 4070, 350, 1860, 350, 1860, 1080, 90, 90, 1080, 510, 330, 330, 510, 1640, 1370, 10, 1640, 1370, 10, 420, 490, 370, 370, 80, 80, 420, 120, 120, 1250, 1250, 250, 250, 170, 170, 30, 30, 280, 280, 10, 10, 30, 30, 140, 90, 140, 1440, 460, 460, 90, 1440, 1340, 20, 180, 10, 10, 180, 60, 60, 30, 30, 420, 420, 130, 130, 4200, 460, 460, 4200, 310, 0, 0, 40, 310, 540, 40, 540, 120, 2450, 2450, 2660, 2660, 390, 390, 490, 490, 420, 40, 40, 420, 280, 280, 350, 480, 350, 480, 0, 0, 220, 220, 290, 1270, 290, 250, 1750, 250, 150, 580, 580, 460, 460, 1950, 1950, 450, 450, 500, 500, 260, 260, 600, 600, 2310, 900, 4560, 900, 2310, 4560, 1270, 1760, 1760, 980, 490, 640, 180, 980, 640, 490, 180, 3690, 3690, 240, 240]"
2020-10-24 22:10:00+00:00,1213830,15,800.0,"[0, 120, 10950, 10950, 90, 120, 90, 430, 14280, 430, 100, 100, 7230, 7230, 1110, 1340, 1340, 1110, 490, 2050, 2010, 2010, 640, 340, 340, 830, 830, 1480, 1480, 1120, 1120, 110, 1020, 110, 1020, 240, 240, 20, 20, 2950, 180, 120, 2950, 120, 410, 410, 20, 20, 40, 40, 280, 930, 930, 280, 140, 90, 140, 90, 450, 4330, 450, 730, 80, 140, 20, 140, 80, 20, 80, 80, 20, 20, 1410, 200, 1410, 350, 900, 900, 350, 220, 220, 40, 420, 40, 390, 100, 420, 390, 100, 50, 40, 40, 50, 1700, 80, 120, 80, 1700, 440, 120, 2660, 2660, 170, 170, 370, 370, 40, 40, 210, 260, 4350, 4350, 260, 1450, 1450, 1540, 110, 110, 1540, 120, 60, 120, 70, 170, 170, 160, 50, 160, 10, 50, 10, 1870, 1870, 730, 40, 40, 770, 10000, 770, 10000, 170, 170, 1450, 1450, 290, 180, 180, 290, 100, 410, 410, 0, 2810, 1410, 90, 2810, 1410, 90, 0, 40, 1780, 190, 190, 40, 1780, 520, 520, 560, 560, 290, 1450, 260, 1450, 100, 60, 100, 730, 730, 370, 370, 370, 370, 70, 470, 470, 180, 7350, 7350, 180, 20, 10, 20, 10, 360, 1410, 360, 1410, 260, 330, 260, 300, 330, 300, 260, 450, 5860, 450, 260, 5860, 540, 10, 10, 540, 430, 1580, 1580, 1690, 430, 210, 0, 210, 0, 140, 140, 740, 420, 420, 740, 8300, 1150, 730, 8300, 730, 200, 1150, 20, 180, 180, 20, 800, 800, 120, 1020, 1020, 300, 480, 300, 480, 500, 500, 150, 150, 9540, 800, 180, 9540, 180, 140, 2550, 260, 260, 140, 2550, 310, 170, 170, 310, 150, 150, 30, 2430, 30, 2430, 360, 380, 360, 380, 1630, 1630, 1180, 240, 240, 1180, 20, 20, 460, 460, 1820, 430, 300, 690, 300, 690, 430, 1820, 1700, 1700, 70, 70, 10, 1270, 3560, 2550, 3560, 10, 1270, 2550, 770, 990, 120, 990, 770, 120, 2730, 2260, 590, 590, 2730, 2260, 110, 110, 5390, 5390, 3840, 3840, 100, 130, 280, 130, 280, 100, 30, 30, 40, 320, 320, 40, 30, 30, 320, 320, 3000, 3000, 70, 430, 60, 430, 70, 5200, 5200, 220, 180, 180, 220, 920, 370, 370, 920, 80, 4460, 450, 110, 600, 80, 4460, 450, 110, 600, 1950, 250, 160, 1950, 250, 80, 550, 550, 1870, 1870, 200, 200, 1350, 120, 120, 1350, 140, 2360, 150, 6090, 2360, 140, 130, 130, 120, 120, 260, 10, 10, 260, 900, 900, 460, 660, 460, 6260, 6260, 180, 180, 360, 0, 360, 0, 10, 10, 1180, 1180, 3010, 3010, 1060, 1060, 100, 20, 20, 100, 0, 0, 280, 280, 100, 100, 190, 40, 20, 40, 190, 290, 130, 23620, 130, 23620, 2250, 2250, 100, 100, 90, 90, 770, 770, 230, 230, 220, 220, 180, 1880, 180, 1880, 270, 270, 230, 10, 200, 10, 230, 200, 50, 630, 630, 1540, 1540, 870, 10, 200, 200, 10, 870, 210, 210, 180, 180, 1260, 20, 1260, 100, 100, 20, 100, 100, 450, 180, 180, 450, 70, 2290, 70, 430, 430, 500, 500, 60, 2220, 660, 2220, 660, 0, 30, 0, 650, 650, 100, 9540, 100, 170, 9540, 170, 790, 210, 2260, 1200, 1200, 50, 790, 210, 50, 50, 500, 450, 50, 500, 450, 60, 120, 60, 120, 4250, 240, 23620, 240, 4250, 23620, 590, 590, 4500, 100, 200, 100, 200, 4500, 370, 90, 370, 90, 400, 240, 400, 240, 360, 1250, 180, 60, 360, 1250, 60, 180, 470, 470, 180, 180, 1320, 40, 420, 40, 420, 1320, 60, 160, 160, 280, 280, 130, 130, 710, 180, 40, 180, 40, 30, 30, 710, 180, 180, 440, 210, 210, 30, 30, 440, 2190, 80, 210, 2190, 210, 80, 280, 1560, 10, 980, 480, 10, 280, 1560, 480, 980, 290, 560, 290, 560, 80, 80, 20, 380, 20, 380, 50, 50, 220, 4140, 4140, 220, 2680, 2680, 710, 70, 70, 710, 660, 660, 390, 390, 280, 80, 80, 280, 20, 2600, 2210, 50, 20, 2600, 160, 160, 670, 500, 620, 210, 500, 210, 150, 670, 620, 3730, 1200, 170, 500, 28030, 170, 28030, 500, 830, 540, 830, 540, 2050, 2050, 3560, 3560, 16830, 100, 150, 150, 100, 1600, 170, 170, 130, 590, 590, 130, 110, 2340, 2340, 70, 70, 610, 640, 610, 640, 3380, 3560, 340, 3380, 3560, 340, 750, 360, 480, 90, 40, 480, 360, 90, 750, 40, 80, 790, 790, 80, 2570, 2570, 2010, 1340, 760, 290, 2010, 760, 290, 1340, 50, 390, 310, 390, 540, 540, 860, 860, 140, 140, 1390, 1390, 20, 500, 500, 20, 630, 630, 40, 40, 20, 20, 1170, 1170, 3190, 20, 3190, 10, 160, 160, 10, 1090, 510, 510, 3240, 100, 100, 3240, 1600, 14840, 1600, 4970, 90, 90, 14840, 4970, 3460, 3460, 650, 650, 200, 420, 1100, 1100, 420, 1210, 1210, 380, 380, 160, 160, 180, 540, 180, 1850, 540, 1850, 520, 520]"
2020-10-24 22:15:00+00:00,1150080,4,709.0,"[10, 30, 30, 10, 1360, 430, 430, 1440, 1440, 110, 110, 20, 3090, 3090, 6200, 30, 6200, 30, 140, 7140, 7140, 5640, 5640, 2860, 2200, 2860, 50, 2200, 50, 1690, 1690, 310, 150, 630, 630, 3440, 110, 1340, 110, 1340, 3440, 120, 4670, 120, 4670, 480, 480, 50, 50, 900, 890, 890, 140, 130, 130, 40, 40, 500, 360, 500, 360, 630, 2790, 630, 2790, 1420, 1420, 260, 260, 120, 120, 300, 300, 30, 30, 90, 90, 240, 430, 430, 240, 210, 210, 16150, 800, 800, 840, 840, 90, 90, 670, 670, 60, 60, 30, 30, 90, 0, 0, 90, 2500, 2500, 190, 80, 80, 190, 20, 20, 3400, 3400, 480, 90, 90, 270, 270, 270, 270, 540, 20, 540, 1180, 1180, 10, 10, 6580, 550, 550, 6580, 860, 710, 860, 710, 360, 80, 80, 360, 2380, 140, 2380, 350, 20, 250, 20, 250, 350, 1060, 70, 480, 1060, 480, 1110, 1110, 230, 230, 710, 2320, 710, 2320, 1650, 170, 130, 130, 170, 1650, 1140, 1140, 600, 600, 370, 120, 120, 7140, 210, 3210, 3210, 60, 210, 60, 1220, 200, 140, 200, 1220, 140, 1900, 1900, 640, 640, 20, 2220, 800, 800, 2220, 20, 460, 6190, 460, 6190, 70, 70, 940, 940, 3690, 3690, 140, 140, 870, 870, 740, 170, 2360, 170, 2360, 480, 270, 480, 30, 30, 430, 2220, 720, 2220, 720, 430, 1950, 130, 650, 130, 1950, 7730, 880, 880, 870, 0, 870, 270, 270, 0, 40, 240, 20, 20, 240, 4950, 4950, 470, 470, 360, 360, 60, 70, 70, 5390, 1130, 5390, 1130, 6200, 10760, 480, 1560, 480, 6200, 10760, 1560, 1660, 90, 1900, 90, 1900, 310, 320, 320, 310, 3710, 3710, 70, 70, 80, 690, 80, 690, 140, 140, 490, 4400, 490, 4400, 80, 80, 320, 320, 240, 4780, 240, 4780, 480, 180, 2490, 3170, 480, 3170, 2490, 180, 240, 8520, 240, 410, 410, 240, 180, 240, 180, 170, 170, 160, 6520, 120, 6520, 160, 160, 270, 270, 160, 160, 160, 500, 1250, 1250, 1390, 270, 110, 270, 110, 830, 840, 1170, 100, 830, 840, 1170, 390, 540, 90, 4040, 390, 540, 3780, 4040, 90, 480, 470, 480, 470, 220, 220, 1260, 1260, 12660, 140, 1720, 12660, 140, 380, 380, 230, 230, 1300, 1300, 7630, 240, 7630, 10, 60, 60, 620, 200, 740, 1160, 740, 200, 1160, 20, 140, 1710, 1710, 20, 140, 980, 980, 3370, 3370, 100, 210, 570, 570, 210, 100, 120, 120, 310, 310, 20, 130, 6090, 20, 6090, 370, 370, 0, 60, 1520, 1520, 60, 0, 710, 540, 540, 720, 260, 260, 720, 20, 1180, 20, 1180, 1080, 390, 1080, 390, 510, 510, 140, 140, 40, 40, 70, 0, 0, 70, 40, 5260, 40, 480, 20, 480, 20, 840, 10, 60, 340, 340, 60, 80, 60, 60, 2890, 60, 2890, 60, 420, 810, 810, 60, 60, 20, 20, 230, 730, 100, 730, 100, 400, 180, 180, 400, 280, 260, 260, 280, 1580, 0, 1570, 0, 1570, 40, 1100, 40, 260, 260, 20, 980, 20, 980, 2140, 2140, 130, 310, 310, 1190, 1190, 1220, 20, 1220, 20, 450, 450, 2230, 6100, 1630, 260, 1630, 260, 2230, 6100, 400, 400, 1610, 480, 140, 140, 480, 1610, 150, 210, 210, 150, 1860, 100, 100, 1860, 40, 40, 10, 650, 650, 380, 380, 1140, 1140, 90, 90, 80, 80, 3170, 1730, 1730, 60, 150, 140, 1460, 1460, 140, 360, 360, 160, 160, 1080, 1080, 170, 170, 16830, 130, 130, 60, 60, 180, 50, 2010, 180, 2010, 50, 2220, 370, 3740, 550, 370, 3740, 2220, 550, 610, 180, 20, 790, 610, 180, 790, 120, 3790, 3790, 120, 1480, 1480, 660, 160, 170, 170, 660, 160, 230, 230, 480, 570, 2830, 390, 570, 390, 2830, 280, 2370, 30, 30, 280, 2370, 30, 30, 20, 20, 1580, 1580, 1090, 810, 8010, 8010, 12870, 12870, 60, 10, 60, 10, 1020, 1020, 20, 20, 330, 330, 3870, 3870, 360, 360, 230, 230, 20, 20, 160, 1510, 90, 160, 1510, 90, 600, 600, 240, 80, 5270, 5270, 1270, 1270, 100, 100, 620, 620, 950, 950, 90, 10, 90, 10, 1980, 1980, 370, 370, 35610, 35610, 940, 620, 940, 620, 690, 1010, 180, 180, 1010, 470, 470, 2810, 2810, 110, 110, 800, 800, 250, 250, 2830, 1060, 1940, 1940, 670, 380, 440, 380, 440, 1130, 100, 1130, 100, 70, 70]"
2020-10-24 22:20:00+00:00,1235950,4,697.0,"[180, 180, 310, 820, 8310, 310, 820, 8310, 110, 330, 110, 950, 950, 330, 450, 450, 150, 150, 2660, 2660, 1300, 550, 0, 4090, 1300, 550, 50, 50, 60, 950, 950, 60, 2440, 2440, 920, 920, 10, 250, 2080, 960, 10, 960, 250, 2080, 400, 400, 180, 1200, 180, 8820, 1200, 500, 500, 170, 170, 30, 35610, 30, 35610, 10, 2300, 2300, 10, 140, 140, 4750, 3070, 3070, 4290, 780, 780, 4290, 3550, 1440, 1440, 3550, 110, 1380, 1380, 30, 30, 800, 800, 520, 520, 400, 940, 2800, 400, 940, 40, 2800, 350, 350, 210, 210, 150, 230, 50, 50, 30, 230, 150, 30, 790, 170, 970, 170, 970, 3500, 690, 3500, 40, 40, 690, 630, 1620, 130, 220, 1620, 130, 630, 40, 110, 1100, 110, 50, 50, 410, 410, 120, 280, 280, 120, 2360, 2360, 8490, 480, 480, 8490, 300, 300, 50, 50, 60, 60, 460, 280, 20, 2660, 460, 20, 2660, 10780, 280, 250, 160, 160, 250, 4290, 4290, 18200, 18200, 70, 1090, 70, 1090, 130, 410, 410, 130, 500, 500, 17710, 410, 120, 130, 420, 410, 17710, 420, 120, 130, 21060, 21060, 70, 4900, 70, 4900, 260, 260, 1610, 0, 1610, 0, 2310, 2310, 330, 330, 120, 120, 120, 120, 270, 270, 250, 4530, 250, 4530, 6630, 1830, 6630, 1830, 1750, 1750, 1030, 23640, 200, 23640, 520, 340, 520, 340, 10, 70, 70, 1650, 1650, 190, 190, 140, 120, 140, 120, 40, 40, 270, 270, 30, 30, 60, 60, 40, 40, 80, 710, 710, 80, 370, 270, 370, 270, 380, 50, 380, 50, 10, 20, 1060, 320, 1060, 320, 20, 11520, 11520, 40, 40, 700, 700, 20, 20, 220, 220, 320, 320, 450, 100, 100, 450, 16550, 400, 16550, 650, 400, 650, 300, 220, 300, 220, 120, 120, 120, 310, 310, 1730, 1730, 40, 130, 40, 130, 0, 10, 0, 10, 11210, 11210, 220, 220, 120, 500, 120, 230, 140, 1420, 1420, 230, 140, 1000, 1000, 190, 190, 290, 590, 230, 290, 3240, 230, 590, 3240, 7580, 10, 7580, 10, 330, 570, 330, 5790, 60, 60, 270, 270, 280, 10, 10, 280, 470, 470, 50, 50, 520, 520, 260, 260, 260, 260, 350, 440, 350, 16800, 440, 16800, 220, 220, 280, 280, 1620, 1620, 410, 410, 1230, 1230, 140, 420, 420, 1640, 1640, 30, 580, 580, 30, 4680, 4680, 320, 1640, 320, 1640, 400, 170, 60, 170, 400, 60, 3520, 480, 480, 230, 2830, 2830, 230, 4910, 2160, 2160, 4910, 1450, 1450, 220, 220, 350, 460, 0, 460, 140, 140, 10, 2180, 2180, 180, 50, 160, 160, 220, 220, 20, 610, 610, 240, 240, 70, 70, 260, 260, 40, 40, 1350, 1350, 230, 230, 210, 280, 4460, 210, 270, 280, 2100, 270, 4460, 110, 110, 150, 150, 140, 690, 690, 20, 250, 250, 20, 110, 110, 10, 200, 23640, 200, 23640, 110, 110, 520, 520, 30, 30, 280, 670, 280, 8390, 270, 270, 8390, 150, 230, 230, 260, 260, 200, 200, 340, 3040, 730, 730, 1350, 1350, 240, 380, 380, 1240, 170, 170, 1240, 80, 1610, 1610, 80, 60, 350, 350, 60, 310, 8390, 310, 1280, 1280, 8390, 480, 480, 330, 350, 330, 350, 330, 330, 9510, 20, 9510, 20, 240, 0, 240, 0, 170, 170, 900, 600, 900, 680, 680, 22520, 1220, 22520, 1220, 2190, 820, 2190, 1780, 1780, 1310, 1310, 9900, 370, 370, 9900, 160, 160, 10, 10, 150, 210, 210, 480, 1070, 1070, 480, 71640, 71640, 160, 160, 600, 3110, 3110, 110, 500, 500, 110, 1780, 1780, 70, 70, 270, 1020, 270, 1020, 100, 100, 1110, 1110, 30, 540, 540, 360, 90, 360, 90, 130, 590, 24260, 130, 590, 24260, 9900, 90, 40, 80, 80, 40, 90, 80, 80, 620, 60, 80, 620, 2600, 80, 610, 80, 610, 290, 290, 940, 940, 280, 150, 0, 280, 0, 150, 1230, 110, 250, 1230, 110, 250, 7850, 7850, 540, 510, 830, 830, 510, 360, 60, 270, 270, 10, 10, 2220, 10, 370, 2220, 370, 10, 30, 50, 30, 130, 170, 170, 3320, 3320, 760, 760, 170, 870, 870, 170, 10, 60, 10, 60, 690, 690, 120, 120, 70, 70, 540, 540, 190, 10, 10, 10, 10, 100, 100, 60, 60, 0, 0, 820, 820, 1090, 1090, 60, 60, 570, 40, 100, 100, 40]"
2020-10-24 22:25:00+00:00,1012330,4,697.0,"[2900, 240, 240, 2900, 730, 1620, 10, 1030, 1620, 730, 1030, 10030, 10030, 9730, 4720, 4720, 600, 9730, 600, 3650, 3650, 170, 170, 270, 160, 900, 160, 900, 10, 10, 3020, 600, 3020, 600, 40, 40, 1780, 1390, 1390, 1780, 3660, 3660, 2810, 2810, 100, 100, 70, 1450, 20, 70, 1450, 20, 1250, 4630, 1250, 4630, 400, 400, 610, 0, 0, 1360, 1360, 120, 120, 60, 60, 240, 240, 690, 690, 210, 790, 790, 390, 390, 1280, 100, 100, 1280, 100, 100, 130, 30, 30, 140, 140, 4750, 4750, 1540, 1540, 3830, 3830, 7270, 7270, 60, 60, 3100, 3100, 10, 2580, 510, 2580, 510, 60, 60, 560, 570, 60, 30, 560, 60, 570, 510, 510, 60, 40, 60, 410, 140, 850, 850, 2890, 2890, 120, 180, 120, 180, 140, 140, 350, 350, 1160, 1160, 1300, 1300, 150, 4790, 150, 4790, 16500, 1340, 880, 1360, 110, 880, 1360, 1340, 110, 16500, 390, 220, 290, 220, 390, 290, 1920, 1920, 2850, 2850, 310, 310, 1050, 20, 1050, 20, 70, 140, 70, 140, 130, 130, 40, 40, 190, 190, 110, 110, 90, 90, 550, 550, 660, 660, 3770, 3770, 330, 1260, 790, 790, 140, 140, 290, 290, 16500, 16500, 940, 940, 10, 10, 640, 2000, 1110, 2000, 1110, 640, 6920, 6920, 830, 830, 2250, 2250, 410, 410, 610, 610, 1440, 1440, 1310, 1310, 1300, 1300, 880, 360, 360, 880, 190, 190, 2260, 2260, 4540, 50, 4540, 50, 40, 40, 360, 360, 30, 30, 480, 480, 30, 8370, 8370, 20, 30, 90, 90, 240, 240, 60, 670, 2020, 670, 2020, 440, 440, 3730, 2870, 2870, 3730, 280, 280, 20, 140, 140, 610, 1640, 140, 140, 1640, 610, 1710, 1710, 370, 370, 260, 2440, 1000, 1000, 2440, 260, 360, 360, 240, 240, 5260, 1290, 5260, 1290, 60, 60, 50, 50, 4790, 4790, 510, 120, 120, 510, 20, 20, 930, 1210, 210, 930, 210, 1210, 100, 100, 30, 800, 800, 30, 3280, 140, 140, 3280, 850, 180, 180, 130, 280, 1080, 210, 130, 40, 1080, 280, 210, 40, 200, 1460, 1000, 1000, 200, 1460, 480, 480, 7560, 26210, 7560, 1910, 26210, 1910, 140, 110, 30, 110, 30, 180, 200, 200, 180, 360, 360, 160, 20, 430, 150, 910, 90, 430, 20, 160, 910, 150, 3250, 70, 3250, 70, 210, 210, 1700, 570, 1700, 570, 5170, 800, 5170, 800, 1970, 1970, 340, 340, 230, 60, 310, 60, 230, 310, 860, 40, 2110, 860, 3250, 3250, 6580, 60, 9680, 200, 330, 6580, 9680, 60, 200, 330, 1170, 1170, 50, 17460, 17460, 50, 100, 100, 60, 240, 70, 240, 70, 590, 50, 590, 50, 10, 10, 460, 1490, 380, 380, 460, 1490, 70, 210, 1860, 1860, 210, 890, 40, 40, 890, 10, 10, 110, 1210, 1830, 1830, 190, 190, 80, 80, 930, 930, 1190, 70, 1190, 70, 760, 760, 3660, 1640, 310, 310, 1640, 3660, 130, 20, 1220, 130, 20, 1220, 150, 1860, 1860, 3060, 3060, 140, 320, 140, 320, 350, 720, 350, 720, 30, 30, 320, 430, 1460, 320, 1460, 430, 1020, 1020, 440, 10, 440, 10, 260, 70, 260, 70, 840, 1580, 11520, 1580, 840, 11520, 24810, 20, 20, 210, 210, 390, 1020, 1020, 390, 940, 110, 940, 110, 90, 90, 1840, 330, 1840, 330, 2900, 10, 0, 2900, 10, 0, 720, 720, 40, 80, 80, 40, 140, 110, 2080, 2080, 570, 570, 6540, 490, 6540, 490, 9900, 570, 570, 20, 20, 24840, 180, 180, 30, 20, 20, 30, 210, 420, 210, 420, 360, 360, 720, 720, 1220, 60, 1220, 24840, 420, 420, 24840, 2080, 340, 200, 340, 200, 470, 10, 470, 10, 440, 440, 110, 110, 190, 190, 280, 2130, 2130, 280, 110, 110, 100, 100, 80, 80, 740, 740, 1000, 1000, 90, 580, 580, 20, 90, 20, 40, 40, 21450, 40, 40, 21450, 580, 20, 580, 280, 20, 280, 40, 40, 1770, 1340, 1770, 50, 140, 740, 740, 50, 140, 150, 40, 150, 40, 150, 150, 8330, 250, 370, 250, 370, 860, 860, 90, 90, 230, 440, 230, 440, 90, 260, 90, 260, 1770, 20, 1770, 20, 20, 200, 200, 140, 110, 110, 310, 310, 220, 220, 70, 70, 1170, 1170, 1280, 1280, 100, 450, 100, 450, 4020, 340, 0, 4020, 340, 840, 4230, 4230, 840, 220, 220, 200, 1190, 200, 1190]"
2020-10-24 22:30:00+00:00,1171840,4,605.0,"[2660, 1200, 2660, 250, 1200, 250, 250, 250, 250, 20, 90, 250, 10870, 10870, 10, 10, 2040, 2040, 80, 1940, 7200, 1940, 80, 7200, 150, 150, 13540, 13540, 880, 420, 880, 1830, 420, 1830, 50, 2460, 50, 2460, 160, 160, 80, 140, 80, 140, 30, 1670, 1670, 30, 1720, 100, 12540, 100, 12540, 1720, 220, 3120, 3120, 560, 760, 560, 760, 2040, 2040, 240, 110, 110, 240, 1250, 1250, 320, 320, 140, 3000, 140, 3000, 570, 570, 20, 1270, 240, 240, 1270, 5160, 5160, 170, 170, 1260, 1260, 1490, 380, 380, 60, 180, 60, 180, 170, 20, 20, 20, 520, 60, 520, 60, 370, 370, 60, 60, 680, 4260, 0, 5400, 130, 5400, 130, 0, 4260, 1710, 2150, 1710, 50, 2150, 50, 1590, 1590, 620, 440, 620, 440, 5260, 240, 190, 190, 5260, 240, 60, 700, 60, 170, 170, 700, 20, 60, 60, 11400, 11400, 330, 330, 70, 70, 40, 310, 40, 230, 230, 1020, 1020, 150, 500, 3880, 500, 630, 100, 100, 630, 5250, 1000, 5250, 700, 690, 700, 1390, 1390, 870, 870, 40, 40, 490, 490, 100, 1610, 1610, 100, 1020, 5150, 750, 5150, 1020, 750, 1410, 1410, 260, 100, 4790, 100, 260, 660, 660, 230, 3150, 3150, 230, 650, 650, 30, 39140, 30, 39140, 850, 850, 360, 360, 460, 460, 40, 40, 20, 2470, 2470, 20, 30, 30, 890, 430, 890, 100, 1060, 430, 100, 1060, 230, 1480, 230, 1480, 1320, 1320, 1110, 1110, 5400, 5400, 250, 2620, 250, 2620, 630, 310, 1150, 1150, 630, 310, 1300, 90, 230, 90, 10, 230, 1300, 390, 390, 50, 50, 20, 1430, 50, 1430, 20, 80, 80, 150, 150, 720, 720, 1150, 1150, 190, 1850, 190, 1850, 230, 230, 40, 40, 220, 820, 820, 220, 2190, 2190, 820, 820, 3910, 3910, 20, 40, 1390, 20, 40, 1390, 6400, 6400, 1340, 100, 100, 120, 120, 30, 30, 900, 60, 900, 60, 1310, 1310, 110, 770, 110, 130, 480, 480, 120, 120, 630, 630, 2180, 2180, 420, 420, 90, 90, 180, 180, 3020, 370, 370, 3020, 70, 70, 140, 140, 2710, 350, 580, 2710, 580, 350, 310, 310, 1660, 1310, 1310, 170, 170, 1380, 1380, 190, 190, 170, 170, 290, 80, 80, 4790, 13230, 320, 13230, 320, 190, 200, 200, 40, 190, 320, 320, 2260, 2260, 850, 850, 580, 6940, 6940, 580, 4900, 4900, 1020, 150, 150, 1020, 1010, 1010, 50, 50, 50, 50, 300, 20, 20, 300, 640, 1000, 1000, 500, 500, 470, 1490, 5990, 5990, 1210, 350, 350, 1210, 90, 90, 380, 380, 130, 1680, 1680, 130, 120, 120, 590, 140, 590, 140, 2810, 50, 2810, 40, 50, 40, 120, 120, 3020, 3020, 60, 120, 60, 120, 40, 80, 24140, 80, 24140, 40, 880, 880, 20, 160, 160, 20, 180, 140, 60, 180, 140, 60, 39140, 39140, 350, 1410, 1410, 350, 140, 40, 40, 30, 30, 770, 810, 140, 140, 810, 160, 160, 2630, 140, 140, 2630, 340, 340, 2190, 2190, 490, 130, 1220, 1220, 130, 490, 370, 5130, 380, 370, 1460, 380, 5130, 110, 60, 17480, 270, 17480, 80, 80, 10, 10, 250, 20, 250, 20, 3690, 1380, 3690, 1380, 2010, 2010, 30, 30, 40, 80, 1190, 40, 80, 1190, 0, 0, 10, 10, 250, 250, 40, 40, 1040, 1050, 1050, 1040, 1490, 1040, 560, 1040, 560, 360, 820, 160, 820, 160, 110, 110, 70, 70, 1530, 1530, 690, 650, 690, 650, 710, 710, 440, 440, 2280, 2280, 180, 180, 400, 400, 30, 30, 290, 80, 290, 80, 1680, 110, 1630, 4790, 110, 1630, 0, 790, 360, 0, 790, 3380, 3380, 180, 180, 10, 10, 1400, 1400, 50, 50, 790, 790, 620, 1300, 620, 1300, 280, 1820, 1820, 60, 60]"
2020-10-24 22:35:00+00:00,870990,4,653.0,"[520, 520, 1430, 1430, 0, 6020, 6020, 0, 1020, 410, 410, 1020, 400, 1290, 400, 1290, 2810, 2810, 50, 3350, 50, 440, 340, 340, 440, 380, 20, 380, 20, 40, 870, 40, 870, 160, 380, 160, 380, 60, 60, 40, 40, 2720, 390, 390, 360, 360, 210, 210, 40, 490, 490, 270, 270, 1270, 2660, 2660, 2550, 2550, 1270, 340, 10, 10, 340, 720, 140, 210, 480, 2060, 2060, 480, 540, 540, 60, 60, 220, 100, 220, 100, 110, 110, 610, 10, 610, 10, 130, 130, 60, 60, 210, 3780, 2800, 3780, 2800, 230, 230, 1850, 200, 1850, 200, 2010, 2010, 10, 10, 170, 60, 50, 120, 60, 290, 800, 160, 800, 60, 120, 160, 50, 290, 9270, 9270, 110, 110, 170, 310, 310, 170, 100, 10, 10, 100, 510, 510, 2550, 2550, 480, 290, 340, 1370, 1370, 340, 30, 830, 830, 30, 170, 1940, 170, 1940, 420, 220, 420, 70, 970, 210, 210, 970, 70, 0, 0, 780, 2490, 240, 240, 780, 2490, 590, 590, 620, 620, 20, 1230, 20, 1230, 6140, 6140, 40, 40, 270, 180, 1130, 1130, 100, 170, 100, 170, 14290, 14290, 180, 180, 190, 170, 40, 260, 40, 170, 20, 20, 260, 360, 360, 100, 1230, 100, 1230, 660, 660, 920, 920, 780, 550, 780, 410, 1750, 410, 1750, 430, 430, 550, 550, 50, 100, 100, 410, 1340, 1340, 410, 820, 13790, 13790, 820, 200, 200, 110, 110, 1100, 420, 1100, 420, 840, 1620, 840, 2170, 2170, 2230, 2230, 30, 30, 1410, 660, 40, 270, 270, 40, 1320, 190, 1320, 6770, 6770, 1310, 20, 20, 260, 260, 640, 1090, 640, 1090, 190, 190, 750, 160, 230, 750, 230, 160, 120, 640, 640, 120, 3820, 3340, 3340, 440, 440, 80, 80, 920, 920, 780, 780, 560, 180, 1260, 1260, 6390, 180, 5260, 110, 1380, 1380, 430, 70, 70, 260, 260, 430, 1010, 6610, 1010, 60, 1980, 1980, 60, 760, 760, 1780, 1780, 160, 160, 80, 80, 10, 340, 4310, 340, 10, 4310, 330, 330, 900, 10470, 230, 900, 10470, 230, 30, 30, 590, 40, 80, 40, 80, 590, 330, 10, 520, 330, 10, 520, 230, 380, 230, 380, 1430, 1430, 950, 30, 30, 60, 60, 380, 27210, 380, 27210, 10, 1250, 1250, 10, 450, 450, 1120, 1120, 10470, 10470, 880, 60, 880, 1580, 600, 600, 1580, 80, 80, 60, 60, 320, 320, 270, 170, 270, 170, 2610, 2610, 890, 890, 20, 20, 300, 170, 170, 300, 390, 390, 2350, 7480, 2350, 7480, 10, 30, 290, 450, 30, 450, 10, 290, 660, 300, 660, 300, 10, 10, 2720, 5690, 470, 20, 2720, 5690, 470, 20, 180, 180, 430, 430, 40, 390, 40, 390, 4040, 4040, 250, 800, 250, 800, 460, 9820, 460, 9820, 270, 10470, 270, 110, 280, 80, 140, 80, 20, 220, 20, 2610, 20, 20, 250, 2610, 250, 20, 20, 1220, 0, 480, 990, 480, 0, 990, 1840, 1840, 190, 190, 3820, 590, 3820, 590, 380, 40, 380, 40, 1610, 1610, 260, 260, 1820, 6950, 6950, 1820, 680, 1220, 1220, 150, 70, 70, 30, 150, 30, 70, 70, 560, 560, 370, 370, 360, 40, 40, 120, 5440, 440, 120, 440, 5440, 60, 30, 30, 340, 340, 60, 20, 20, 450, 450, 1970, 1970, 450, 260, 450, 260, 1750, 1750, 200, 2910, 2910, 200, 70, 940, 940, 70, 320, 130, 320, 310, 90, 6400, 90, 6400, 450, 200, 200, 450, 490, 100, 490, 100, 90, 390, 90, 2910, 390, 2910, 1730, 180, 80, 180, 80, 40, 680, 180, 490, 490, 300, 300, 1880, 210, 210, 1880, 820, 210, 1160, 210, 180, 50, 290, 290, 180, 30, 1720, 1720, 30, 120, 7210, 7210, 120, 920, 920, 230, 230, 180, 180, 100, 100, 1270, 1270, 380, 380, 1780, 200, 1780, 200, 700, 1450, 700, 1450, 200, 200, 730, 730, 510, 17660, 510, 17660, 940, 940, 230, 540, 50, 1240, 540, 50, 230, 2590, 110, 110, 360, 360, 1370, 160, 580, 160, 580, 30, 190, 30, 2710, 360, 360, 2710]"
2020-10-24 22:40:00+00:00,1191380,2,621.0,"[9260, 9260, 740, 17660, 740, 17660, 820, 820, 170, 170, 300, 440, 440, 90, 90, 70, 480, 480, 70, 2780, 970, 2780, 40, 40, 970, 480, 480, 200, 200, 550, 550, 40, 40, 2540, 2540, 450, 450, 220, 1070, 220, 1070, 180, 180, 280, 640, 640, 280, 60, 60, 290, 7280, 220, 220, 290, 7280, 180, 180, 300, 300, 350, 350, 380, 17660, 380, 1380, 540, 540, 6510, 4690, 2560, 50, 2560, 6510, 50, 4690, 40, 240, 40, 240, 80, 80, 7330, 7330, 50, 50, 5560, 260, 5560, 260, 1450, 160, 1450, 160, 100, 100, 700, 700, 280, 1490, 280, 1490, 110, 110, 1450, 1450, 1670, 1670, 140, 140, 9260, 9260, 220, 70, 220, 70, 30, 30, 10, 2230, 2230, 10, 60, 60, 110, 1030, 110, 1030, 20, 20, 70, 70, 290, 290, 40, 3130, 40, 3130, 100, 80, 670, 100, 100, 80, 670, 540, 550, 550, 540, 150, 30, 150, 30, 160, 270, 280, 280, 270, 160, 30, 30, 50, 1320, 1970, 1320, 1970, 390, 2350, 2350, 390, 1460, 1460, 4330, 4330, 980, 1340, 980, 780, 310, 780, 310, 78300, 280, 78300, 160, 100, 160, 1160, 100, 480, 480, 5640, 240, 240, 5640, 14050, 670, 27080, 670, 27080, 810, 810, 440, 1160, 440, 1160, 40, 390, 390, 40, 0, 1830, 0, 420, 420, 180, 180, 610, 770, 610, 770, 70, 60, 60, 70, 430, 430, 50, 50, 10, 10, 330, 330, 1350, 190, 110, 190, 1350, 14890, 14890, 300, 520, 300, 520, 4690, 2970, 380, 2970, 4690, 380, 390, 390, 110, 110, 260, 260, 500, 500, 10, 150, 1560, 1560, 640, 640, 10, 150, 3770, 3770, 10, 270, 270, 100, 100, 650, 650, 350, 350, 510, 510, 8280, 60, 8280, 60, 550, 1340, 310, 1340, 550, 310, 2360, 2360, 6270, 560, 560, 6270, 50, 600, 600, 180, 40, 40, 630, 630, 70, 70, 1060, 1060, 1350, 1350, 1040, 1760, 1040, 1830, 1830, 220, 120, 10, 120, 10, 150, 150, 830, 830, 820, 3770, 12370, 1450, 3770, 1450, 12370, 1540, 230, 40, 230, 1540, 40, 930, 930, 830, 30, 160, 160, 830, 30, 1730, 740, 740, 1730, 150, 910, 1980, 1980, 150, 330, 150, 1290, 1650, 1290, 330, 150, 20, 20, 17660, 60, 30, 30, 60, 17660, 10, 130, 300, 180, 180, 17660, 17660, 1380, 6610, 1380, 6610, 190, 190, 230, 230, 20, 20, 90, 90, 300, 100, 300, 100, 340, 340, 2040, 190, 2040, 190, 1490, 250, 250, 70, 70, 30, 30, 200, 1660, 200, 1660, 150, 420, 420, 150, 1170, 150, 150, 1170, 20, 1120, 1120, 20, 40, 7620, 40, 7620, 140, 140, 240, 240, 210, 210, 320, 1290, 1290, 320, 220, 270, 220, 270, 180, 180, 1780, 1780, 3430, 3430, 10, 720, 720, 110, 110, 8090, 8090, 50, 50, 140, 140, 140, 140, 1730, 250, 250, 1730, 40, 40, 4760, 4760, 50, 720, 50, 720, 4010, 4010, 60, 60, 1140, 140, 30, 1380, 18440, 18440, 30, 1380, 140, 160, 59620, 160, 59620, 100, 100, 100, 100, 50, 50, 280, 80, 90, 80, 90, 280, 20, 60, 20, 60, 790, 790, 50, 190, 50, 190, 600, 7440, 7440, 600, 100, 300, 300, 100, 160, 160, 6430, 6430, 3140, 350, 350, 160, 250, 2690, 2690, 230, 230, 250, 1850, 20, 860, 860, 1850, 20, 500, 7040, 7040, 500, 2810, 120, 160, 120, 2810, 160, 140, 490, 140, 2160, 2160, 270, 270, 4290, 250, 250, 300, 300, 600, 600, 30, 30, 500, 500, 30, 30, 470, 280, 2370, 280, 470, 2370, 260, 260, 4780, 4780, 310, 310, 250, 250, 10, 10, 160, 160, 1920, 240, 1920, 240, 1360, 1360, 3900, 1180, 3900, 310, 310, 20, 20, 100, 5520, 5520, 100, 30, 30, 8090, 60, 60, 280, 280, 4770, 4770, 50, 50, 60, 60, 290, 1060, 290, 20, 150, 20, 2210, 2210]"
2020-10-24 22:45:00+00:00,945310,2,566.0,"[240, 240, 2920, 2920, 570, 570, 120, 120, 20, 420, 20, 420, 60, 60, 360, 360, 3520, 3520, 200, 240, 200, 240, 80, 80, 120, 120, 900, 900, 200, 200, 200, 200, 3280, 3280, 180, 180, 820, 820, 600, 600, 390, 1440, 3410, 4550, 390, 3410, 4550, 510, 6270, 6270, 510, 1440, 350, 350, 7380, 220, 230, 1120, 220, 230, 7380, 320, 320, 40, 40, 440, 440, 1820, 1820, 60, 60, 2310, 10, 10, 2310, 400, 400, 230, 90, 180, 180, 230, 90, 740, 250, 3520, 1260, 1260, 350, 350, 250, 740, 10, 10, 1080, 1080, 170, 170, 200, 200, 260, 260, 80, 80, 2160, 2160, 1200, 4240, 4240, 1200, 3520, 3520, 800, 800, 480, 480, 10, 10, 60, 60, 4980, 320, 4980, 320, 1660, 3820, 1660, 3820, 40, 460, 40, 460, 1050, 1050, 10270, 10270, 480, 480, 2280, 2280, 1880, 1880, 31640, 9760, 9760, 0, 0, 120, 120, 6600, 750, 6600, 750, 260, 4320, 4320, 260, 800, 800, 180, 180, 400, 400, 150, 150, 270, 50, 50, 6730, 6730, 60, 60, 30, 30, 280, 100, 280, 2140, 100, 2140, 1580, 1580, 50, 760, 760, 5720, 5720, 4290, 5270, 4290, 5270, 90, 440, 440, 10, 1120, 330, 330, 190, 210, 210, 110, 230, 230, 260, 260, 510, 15650, 10, 510, 10, 15650, 2710, 110, 110, 5700, 5700, 1720, 1720, 620, 620, 290, 60, 290, 60, 4360, 4360, 110, 110, 420, 420, 110, 310, 310, 110, 140, 140, 1250, 160, 160, 600, 600, 300, 240, 300, 240, 200, 0, 20, 0, 20, 0, 15650, 15650, 1350, 1130, 1220, 1130, 1220, 110, 350, 110, 350, 140, 180, 180, 140, 80, 1180, 80, 1180, 80, 80, 120, 120, 28140, 28140, 1920, 6660, 370, 6660, 370, 690, 690, 60, 60, 140, 1610, 6660, 740, 140, 1610, 740, 1650, 1650, 130, 130, 4360, 4360, 1050, 1050, 140, 140, 260, 2540, 260, 2540, 740, 740, 3190, 340, 340, 3190, 40, 340, 340, 40, 520, 520, 110, 110, 860, 6210, 860, 6210, 1280, 1280, 1880, 1880, 120, 1650, 1650, 120, 90, 90, 130, 1220, 310, 60, 310, 60, 130, 1220, 2850, 530, 530, 380, 2850, 40, 10, 40, 10, 180, 180, 2180, 2180, 230, 50, 230, 50, 370, 370, 1340, 1340, 470, 470, 40, 40, 200, 200, 30, 1220, 30, 10, 820, 820, 50, 50, 760, 40, 130, 40, 760, 1220, 500, 80, 8120, 500, 80, 8120, 8680, 8680, 30, 2120, 200, 2120, 200, 30, 40, 0, 40, 0, 1080, 1080, 40, 190, 190, 40, 120, 1220, 150, 320, 120, 150, 1220, 320, 530, 530, 480, 100, 100, 40, 20, 40, 1220, 90, 260, 260, 40, 90, 40, 1220, 8680, 8680, 230, 230, 50, 60, 50, 60, 220, 370, 370, 250, 250, 1640, 1640, 260, 260, 330, 20, 20, 330, 90, 30, 30, 90, 20, 20, 500, 470, 140, 500, 470, 1250, 11450, 1250, 11450, 300, 300, 60, 60, 180, 180, 1530, 2180, 2180, 1530, 6210, 880, 880, 6210, 290, 290, 13960, 70, 70, 13960, 180, 180, 4790, 1040, 1510, 1510, 1040, 400, 400, 9490, 9490, 20, 20, 990, 200, 1220, 1220, 200, 2430, 1840, 20, 20, 1840, 2430, 8980, 490, 490, 20, 8980, 200, 200, 1850, 9010, 140, 9010, 140, 6110, 6110, 10, 2130, 2130, 10, 1250, 1250, 680, 680, 410, 410, 1360, 1360, 80, 80, 10, 10, 680, 680, 70, 570, 570, 70, 130, 130, 190, 2910, 2910, 1500, 37060, 120, 120, 1500, 37060, 190, 400, 400, 190, 120, 160, 160]"
2020-10-24 22:50:00+00:00,1043320,10,607.0,"[540, 490, 490, 540, 320, 320, 40, 40, 230, 250, 250, 450, 450, 1180, 1180, 1250, 40, 190, 40, 190, 4680, 710, 4680, 710, 110, 110, 800, 2170, 210, 2170, 800, 210, 10, 10, 550, 550, 180, 180, 1970, 980, 1970, 980, 80, 130, 940, 80, 130, 940, 1180, 1180, 600, 600, 2990, 2990, 3800, 3800, 250, 1490, 860, 860, 1490, 250, 2100, 800, 800, 140, 140, 30, 330, 160, 30, 160, 330, 630, 2030, 2030, 630, 370, 370, 5440, 5440, 330, 10, 2060, 2060, 330, 10, 40, 40, 180, 180, 100, 100, 360, 150, 360, 150, 280, 280, 20, 8730, 1400, 8730, 1400, 20, 11560, 11560, 50, 50, 290, 290, 70, 70, 30, 2180, 30, 2180, 100, 100, 120, 740, 70, 70, 120, 740, 1490, 330, 330, 1490, 180, 180, 540, 520, 540, 520, 1040, 1640, 1640, 1040, 40, 1190, 20, 1190, 20, 40, 680, 680, 20, 300, 260, 20, 260, 300, 1730, 800, 800, 480, 480, 40, 40, 50, 50, 210, 210, 120, 630, 400, 360, 360, 630, 120, 400, 40, 2430, 40, 1470, 680, 470, 680, 470, 230, 230, 240, 240, 2230, 12510, 12510, 2230, 6800, 6800, 230, 230, 580, 580, 290, 290, 14050, 190, 14050, 190, 2850, 2850, 330, 470, 330, 470, 190, 190, 640, 640, 100, 170, 170, 740, 830, 740, 10, 10, 160, 160, 4370, 1240, 21230, 820, 1240, 21230, 820, 4370, 2760, 2760, 1230, 1820, 520, 30, 1820, 520, 1230, 30, 7920, 350, 350, 1230, 1230, 100, 350, 100, 350, 10, 10, 1000, 0, 6250, 6250, 0, 24550, 240, 240, 24550, 4200, 4200, 760, 110, 30, 760, 110, 30, 310, 1000, 310, 1000, 1700, 1700, 13280, 13280, 30, 2070, 30, 2070, 100, 20, 260, 20, 260, 5800, 5800, 200, 200, 3290, 2090, 3290, 2090, 160, 160, 280, 10, 10, 280, 30, 270, 270, 30, 3520, 40, 40, 3520, 4350, 4350, 150, 150, 1360, 1360, 950, 950, 850, 280, 850, 280, 2690, 2690, 960, 960, 2750, 2750, 540, 400, 70, 540, 400, 70, 10, 780, 10, 140, 20, 20, 140, 1050, 590, 120, 120, 590, 1050, 10, 180, 180, 190, 190, 30, 180, 30, 180, 540, 540, 50, 780, 50, 10, 10, 80, 80, 6250, 2730, 6250, 630, 630, 120, 120, 400, 180, 400, 540, 540, 2790, 200, 200, 180, 110, 110, 4800, 4800, 640, 640, 300, 300, 30, 30, 2170, 2170, 50, 50, 1500, 1500, 800, 800, 820, 820, 380, 4840, 4840, 380, 800, 10, 120, 120, 800, 10, 10, 10, 60, 170, 170, 700, 700, 110, 110, 2180, 5840, 5840, 360, 1150, 1150, 360, 340, 1310, 340, 1310, 120, 120, 2230, 2230, 920, 920, 860, 860, 190, 190, 150, 5800, 10, 10, 5800, 150, 2310, 80, 120, 80, 120, 180, 260, 180, 260, 20, 2460, 2460, 490, 5800, 5800, 490, 370, 370, 1300, 280, 2810, 1300, 280, 2810, 50, 50, 450, 1040, 1040, 50, 50, 320, 320, 3300, 3300, 370, 520, 520, 370, 370, 60, 90, 60, 90, 140, 50, 140, 50, 10930, 1190, 1190, 1080, 91020, 91020, 1080, 190, 14080, 190, 14080, 30, 30, 3800, 3800, 270, 2650, 270, 11410, 2650, 11410, 10, 10, 10, 10, 270, 80, 270, 80, 4220, 90, 1450, 220, 2060, 1450, 4220, 2060, 220, 110, 160, 800, 800, 80, 80, 2930, 2930, 2040, 4750, 5040, 2140, 2040, 4750, 20, 20, 440, 1570, 1570, 440, 70, 30, 30, 120, 120, 20, 5180, 20, 5180, 720, 350, 720, 1530, 350, 1530, 30, 30, 40, 40, 3490, 3490, 320, 320, 2650, 2650, 140, 430, 140, 430, 70, 70, 410, 410, 80, 80, 410, 410, 1000, 1000, 70, 70, 840, 840, 300, 490, 490, 300, 440, 300, 460, 330, 460, 330, 440, 300, 2560, 2560]"
2020-10-24 22:55:00+00:00,877020,4,552.0,"[93600, 4220, 4220, 93600, 1260, 490, 1150, 1150, 490, 160, 180, 20, 30, 160, 30, 180, 20, 3350, 50, 3350, 50, 1460, 1460, 440, 1910, 180, 1910, 180, 440, 20, 20, 410, 410, 160, 4090, 160, 4090, 2010, 2010, 550, 550, 1000, 1000, 160, 450, 210, 450, 160, 1640, 1640, 0, 0, 10, 40, 160, 160, 40, 10, 250, 20, 250, 20, 20, 20, 3510, 3510, 1640, 80, 1640, 80, 340, 2170, 130, 480, 710, 130, 480, 710, 260, 260, 200, 270, 200, 270, 920, 2330, 920, 2330, 60, 330, 940, 690, 690, 940, 200, 670, 200, 670, 200, 10, 10, 160, 240, 240, 1070, 1070, 190, 190, 520, 520, 520, 3190, 3190, 400, 400, 2930, 370, 2930, 370, 10, 10, 90, 60, 60, 90, 300, 300, 3960, 3960, 430, 430, 950, 950, 250, 250, 800, 200, 200, 3200, 3200, 1000, 150, 150, 1000, 50, 800, 50, 800, 690, 28770, 690, 28770, 7230, 5820, 7230, 5820, 140, 5040, 5040, 140, 0, 1790, 0, 1790, 3240, 3240, 60, 250, 60, 250, 1430, 6760, 1430, 6760, 40, 40, 4090, 4090, 390, 10, 50, 10, 1360, 180, 1360, 180, 1260, 300, 1260, 300, 150, 150, 6750, 20, 6750, 20, 0, 3540, 3540, 0, 170, 170, 40, 40, 1010, 60, 1010, 60, 620, 620, 40, 40, 110, 380, 380, 20, 60, 60, 20, 6530, 420, 6530, 420, 1810, 1810, 510, 210, 210, 510, 140, 140, 260, 260, 250, 1870, 1870, 250, 50, 1790, 90, 1790, 50, 90, 3680, 3680, 60, 60, 140, 140, 90, 100, 100, 40, 250, 250, 1430, 1520, 1520, 1430, 200, 50, 50, 200, 1790, 1790, 750, 20, 20, 60, 60, 740, 990, 990, 1120, 100, 1120, 100, 490, 400, 490, 400, 290, 2510, 290, 2510, 130, 130, 1240, 10, 1240, 1820, 10, 1820, 350, 350, 250, 250, 90, 80, 90, 80, 840, 840, 2190, 2190, 310, 310, 50, 50, 370, 370, 40, 310, 310, 1540, 920, 20, 20, 1540, 890, 920, 200, 200, 510, 510, 1250, 1880, 1250, 1880, 0, 2350, 170, 0, 2350, 530, 530, 1530, 1530, 450, 90, 2590, 90, 450, 1670, 6740, 6740, 60, 30, 280, 60, 30, 280, 10, 10, 180, 180, 120, 450, 450, 120, 80, 80, 680, 320, 680, 320, 30, 30, 2170, 110, 2170, 110, 870, 870, 210, 80, 210, 80, 180, 180, 440, 440, 2380, 2380, 930, 60, 60, 930, 130, 110, 110, 130, 160, 20, 160, 20, 0, 0, 90, 740, 740, 90, 110, 110, 880, 880, 110, 110, 340, 340, 60, 110, 130, 110, 130, 7280, 150, 7280, 150, 840, 60, 60, 840, 30, 30, 330, 330, 200, 200, 90, 90, 3120, 3120, 270, 270, 4530, 4530, 120, 120, 1340, 2490, 2490, 100, 100, 120, 120, 40, 160, 160, 40, 40, 40, 220, 220, 120, 540, 120, 540, 170, 170, 320, 110, 110, 50, 50, 550, 550, 1950, 1950, 1790, 1790, 160, 2930, 2930, 1450, 1450, 160, 860, 860, 580, 10, 580, 1260, 10, 610, 610, 430, 430, 40, 40, 20, 40, 20, 40, 14340, 14340, 140, 140, 60, 60, 220, 220, 40, 40, 60, 80, 1810, 1810, 80, 20, 20, 46870, 46870, 40, 40, 480, 480, 250, 120, 20, 120, 260, 1810, 1810, 260, 230, 550, 2510, 550, 110, 170, 170, 570, 410, 410, 570, 130, 2060, 2060, 1270, 1270, 510, 1550, 510, 19950, 680, 19950, 680, 560, 1450, 1450, 560]"
2020-10-24 23:00:00+00:00,789830,3,613.0,"[2420, 2420, 3500, 3500, 1260, 1260, 20, 180, 600, 180, 600, 1020, 50, 50, 1020, 140, 140, 140, 20, 780, 520, 520, 190, 780, 190, 0, 2140, 0, 2140, 1270, 1270, 330, 1780, 1780, 8330, 8330, 450, 450, 30, 210, 210, 30, 4080, 2770, 4080, 2770, 3900, 3900, 150, 150, 220, 320, 320, 40, 40, 100, 100, 150, 150, 60, 60, 3040, 3040, 390, 390, 20, 4000, 4000, 930, 930, 170, 170, 60, 10, 10, 60, 550, 550, 410, 1370, 3510, 1370, 410, 3510, 10, 130, 10, 130, 180, 180, 710, 710, 3620, 3620, 890, 890, 3580, 260, 3580, 260, 2100, 510, 110, 510, 110, 2100, 280, 380, 280, 380, 1550, 1550, 3510, 200, 640, 640, 840, 840, 260, 4400, 4400, 480, 20, 480, 20, 0, 30, 400, 30, 400, 0, 10, 1140, 280, 1140, 280, 1220, 1220, 70, 70, 110, 450, 450, 110, 50, 220, 220, 50, 20, 20, 40, 40, 2270, 0, 1890, 0, 1140, 1140, 1890, 3720, 180, 180, 3720, 180, 820, 30, 180, 30, 820, 150, 110, 150, 110, 150, 150, 450, 760, 760, 450, 1200, 1200, 650, 180, 7290, 180, 7290, 650, 70, 70, 250, 20, 250, 20, 10, 10, 160, 160, 210, 210, 70, 70, 10280, 10280, 30, 40, 30, 40, 40, 320, 20, 40, 20, 470, 4650, 580, 2340, 580, 2340, 60, 60, 1130, 1130, 270, 270, 220, 220, 40, 40, 410, 410, 610, 140, 610, 140, 1020, 1020, 170, 1410, 1410, 170, 60, 120, 1420, 60, 1420, 120, 3000, 3000, 610, 610, 280, 8570, 8570, 280, 1410, 210, 20, 20, 1410, 210, 90, 90, 680, 680, 620, 8040, 8040, 60, 60, 310, 310, 20, 20, 1150, 1150, 30, 2570, 30, 2570, 530, 530, 250, 330, 1700, 330, 1700, 580, 400, 400, 70, 70, 520, 520, 80, 520, 240, 240, 520, 3260, 570, 310, 310, 310, 1390, 6040, 14950, 6040, 1390, 14950, 1350, 1350, 1400, 80, 80, 230, 10, 10, 160, 4440, 160, 6040, 4440, 6040, 230, 230, 130, 130, 80, 320, 80, 320, 2350, 2350, 70, 70, 2590, 80, 830, 80, 830, 2590, 430, 430, 5920, 5920, 250, 250, 300, 300, 110, 110, 1680, 1680, 280, 280, 1370, 1790, 1790, 1500, 1500, 710, 10, 10, 710, 0, 230, 230, 2850, 2300, 2300, 160, 20110, 21440, 20110, 21440, 50, 50, 150, 150, 90, 90, 400, 400, 90, 90, 130, 130, 40, 40, 3110, 390, 3110, 390, 380, 380, 1610, 1980, 1980, 1610, 40, 320, 360, 320, 40, 360, 250, 250, 1200, 400, 1200, 400, 160, 160, 8280, 8280, 150, 2410, 150, 2410, 830, 190, 190, 830, 240, 320, 320, 240, 180, 7980, 7980, 180, 130, 130, 40, 40, 40, 1650, 1650, 370, 370, 40, 680, 680, 40, 150, 150, 640, 640, 630, 380, 630, 380, 150, 0, 150, 2070, 670, 2440, 670, 2440, 2510, 2510, 1280, 1280, 1610, 1610, 250, 250, 60, 60, 730, 730, 450, 450, 40, 40, 280, 280, 210, 210, 90, 90, 270, 270, 300, 300, 160, 39140, 860, 860, 1000, 20, 20, 2380, 2380, 640, 140, 70, 70, 140, 640, 130, 130, 20, 2110, 2110, 230, 230, 1950, 860, 1950, 860, 620, 30, 620, 30, 2620, 170, 2620, 160, 1520, 160, 1520, 450, 450, 2410, 2410, 60, 660, 60, 660, 1160, 720, 510, 720, 510, 1160, 190, 150, 190, 150, 660, 660, 9920, 9920, 1890, 1890, 250, 250, 30, 30, 280, 2440, 2440, 1400, 1400, 640, 640, 690, 690, 890, 1620, 1620, 890, 570, 570, 150, 150, 110, 110, 680, 680, 2650, 230, 2650, 2830, 790, 790, 2830, 370, 370, 80, 80, 70, 3430, 70, 3430, 200, 200, 670, 670, 140, 140, 80, 80, 1410, 640, 640, 1410, 70, 70, 670, 670, 5100, 5100, 570, 570, 180, 610, 610, 420, 4680, 4680]"
2020-10-24 23:05:00+00:00,1381640,4,631.0,"[190, 190, 5310, 5310, 860, 860, 440, 440, 170, 60, 60, 170, 960, 960, 180, 120, 400, 120, 180, 400, 30, 220, 30, 220, 40, 0, 580, 40, 11210, 11210, 340, 340, 410, 5220, 40, 5220, 40, 50, 50, 40, 40, 70, 70, 530, 530, 560, 150, 150, 7230, 7230, 30, 30, 210, 210, 1120, 10, 10, 1120, 40, 40, 280, 390, 390, 65720, 60, 65720, 60, 15220, 15220, 510, 510, 440, 440, 20, 20, 100, 100, 580, 60, 580, 60, 420, 510, 510, 420, 210, 210, 2610, 2610, 550, 790, 790, 210, 380, 380, 200, 200, 260, 1740, 1740, 260, 2250, 800, 800, 100, 1640, 1640, 100, 220, 20, 180, 20, 180, 970, 410, 410, 230, 18350, 18350, 230, 30, 30, 320, 320, 40, 40, 400, 400, 30, 30, 7710, 480, 480, 7710, 320, 250, 320, 250, 850, 850, 30, 10, 30, 620, 620, 40, 40, 320, 320, 50, 50, 200, 3240, 3240, 390, 390, 1440, 1440, 50, 50, 340, 340, 10, 10, 440, 420, 420, 440, 710, 2060, 710, 2060, 410, 410, 280, 280, 70, 70, 70, 70, 110, 110, 190, 7650, 190, 7650, 20, 20, 270, 160, 270, 160, 350, 90, 350, 90, 280, 2770, 3140, 280, 2770, 3140, 3540, 1740, 1740, 3540, 1510, 460, 1090, 250, 2780, 460, 1510, 2780, 1090, 250, 1090, 1090, 1740, 1430, 1740, 1430, 140, 140, 1860, 1860, 5920, 5920, 170, 170, 50, 660, 50, 33180, 660, 33180, 1070, 1070, 50, 160, 160, 50, 0, 0, 270, 30, 270, 3870, 330, 30, 330, 130, 250, 130, 270, 270, 50, 50, 1200, 550, 270, 270, 550, 1200, 170, 30100, 30100, 33180, 320, 320, 40, 340, 340, 40, 9180, 300, 300, 80, 10, 10, 640, 500, 640, 500, 180, 180, 5850, 5850, 30, 30, 40, 40, 60, 60, 360, 360, 70, 2750, 2750, 70, 40, 40, 320, 320, 430, 430, 90, 90, 800, 800, 60, 60, 1010, 140, 140, 13330, 260, 1480, 1480, 22740, 22740, 800, 900, 900, 800, 100, 100, 280, 1450, 1450, 280, 90, 90, 380, 2990, 2990, 200, 590, 200, 20, 20, 13330, 13330, 3580, 3580, 350, 350, 60, 60, 50, 50, 300, 300, 660, 2360, 60, 60, 2360, 100, 100, 430, 430, 70, 330, 70, 330, 260, 80, 80, 260, 220, 220, 790, 140, 100, 140, 790, 4430, 1460, 1460, 4430, 240, 1590, 240, 1590, 220, 80, 220, 80, 1360, 1360, 1200, 1200, 170, 170, 190, 20, 160, 780, 20, 190, 50, 780, 1320, 50, 1320, 160, 140, 140, 10, 10, 1100, 210, 1100, 210, 40, 3470, 3470, 40, 190, 190, 460, 3190, 460, 3190, 20, 20, 5460, 5460, 700, 2450, 2450, 700, 590, 590, 970, 20, 970, 20, 10, 100, 10, 70, 1360, 1360, 100, 2220, 2220, 210, 400, 890, 210, 890, 470, 470, 1520, 1520, 10, 230, 10, 230, 240, 80, 240, 80, 370, 840, 150, 370, 150, 660, 660, 90, 1570, 740, 490, 1570, 740, 90, 13220, 24140, 24140, 13220, 740, 740, 1840, 1840, 350, 9180, 360, 360, 780, 780, 230, 730, 2520, 2520, 230, 730, 230, 10, 110, 10, 110, 230, 160, 160, 480, 480, 1190, 1190, 500, 500, 200, 200, 200, 200, 70, 70, 190, 190, 170, 170, 300, 300, 40, 40, 210, 210, 390, 40, 390, 560, 560, 250, 250, 10, 10, 170, 170, 80, 290, 80, 290, 3190, 2960, 3190, 120, 110, 2960, 110, 120, 320, 320, 180, 180, 210, 1170, 1170, 210, 370, 370, 820, 820, 5520, 5520, 230, 230, 10, 10, 4650, 740, 4650, 740, 130, 5660, 5660, 130, 80, 80, 200, 200, 1360, 1360, 310, 180, 310, 180, 2080, 10, 1170, 10, 1170, 200, 200, 700, 700, 300, 300, 160, 160, 320, 320, 180, 180, 90, 90, 180, 190, 190, 40, 40, 120, 120, 1580, 1580, 390, 390, 70, 70, 260, 260, 160, 160, 170, 170, 170, 170, 150]"
2020-10-24 23:10:00+00:00,563340,2,544.0,"[1610, 100, 1610, 490, 490, 1740, 1070, 340, 340, 40, 40, 80, 80, 470, 470, 1360, 1360, 80, 140, 230, 230, 140, 270, 90, 90, 40, 270, 970, 970, 110, 110, 980, 980, 560, 560, 230, 230, 290, 300, 290, 300, 4080, 4080, 20, 520, 250, 20, 520, 140, 250, 90, 90, 380, 210, 380, 60, 60, 100, 240, 240, 100, 470, 1530, 470, 1530, 290, 290, 2080, 2080, 100, 1500, 6670, 6670, 1500, 490, 490, 12270, 12270, 70, 0, 70, 0, 440, 440, 260, 760, 760, 850, 0, 0, 850, 120, 120, 330, 390, 330, 390, 390, 390, 500, 180, 500, 180, 560, 30, 560, 30, 670, 110, 270, 670, 270, 110, 90, 140, 90, 140, 3530, 150, 450, 150, 450, 430, 430, 80, 80, 1480, 1480, 5120, 140, 5120, 140, 80, 80, 20, 910, 910, 20, 30, 50, 50, 30, 1670, 1670, 20, 20, 120, 120, 2760, 8700, 270, 270, 8700, 2760, 60, 190, 60, 0, 20, 180, 180, 180, 120, 120, 310, 60, 310, 60, 340, 390, 340, 390, 60, 60, 730, 360, 160, 360, 160, 1330, 1330, 2740, 2740, 1740, 1740, 620, 620, 60, 60, 990, 1500, 6020, 990, 1500, 6020, 11400, 11400, 40, 40, 5340, 50, 2760, 6770, 6770, 2760, 2180, 2180, 40, 40, 1330, 1330, 200, 3840, 200, 3840, 1590, 3350, 3350, 1590, 280, 280, 1200, 1200, 120, 580, 120, 470, 470, 2100, 670, 670, 240, 140, 240, 380, 380, 540, 540, 3880, 250, 250, 2000, 2000, 640, 640, 8120, 8120, 170, 170, 40, 40, 90, 320, 320, 90, 260, 730, 260, 730, 1940, 1940, 1210, 40, 1210, 40, 60, 50, 60, 1000, 50, 1000, 0, 0, 1490, 1490, 10, 10, 620, 620, 170, 170, 230, 230, 50, 50, 20, 150, 150, 20, 60, 8470, 60, 390, 390, 300, 300, 240, 240, 22500, 22500, 10, 10, 1270, 3950, 3950, 2350, 2350, 740, 800, 800, 110, 110, 50, 50, 50, 50, 150, 150, 1210, 1210, 100, 60, 60, 3920, 3920, 1180, 1180, 170, 170, 800, 800, 1660, 70, 70, 1660, 240, 240, 290, 390, 390, 290, 500, 500, 90, 200, 180, 200, 180, 90, 920, 920, 570, 570, 120, 40, 40, 220, 420, 2970, 420, 2970, 610, 440, 610, 440, 160, 160, 570, 570, 70, 220, 220, 20, 150, 100, 150, 100, 20, 80, 170, 1110, 170, 1060, 1060, 80, 1110, 980, 980, 480, 480, 80, 80, 60, 1890, 60, 340, 1890, 340, 620, 1270, 1270, 620, 100, 70, 100, 70, 950, 650, 180, 650, 180, 490, 1020, 1020, 1650, 1650, 720, 720, 5400, 400, 400, 5400, 90, 90, 160, 350, 350, 160, 80, 80, 3610, 3610, 10, 170, 170, 10, 60, 60, 400, 400, 720, 680, 680, 10, 3400, 3400, 10, 3500, 30, 30, 30, 30, 130, 130, 690, 690, 3910, 560, 560, 3910, 6650, 6650, 100, 100, 120, 120, 70, 70, 660, 60, 60, 660, 120, 840, 840, 120, 10, 10, 170, 170, 20, 100, 380, 380, 620, 620, 240, 1720, 130, 1720, 130, 240, 1430, 1430, 260, 2340, 2340, 260, 1120, 1120, 300, 300, 1130, 650, 650, 550, 550, 220, 100, 220, 100, 60, 60, 20, 20, 20, 20, 2290, 3840, 2290, 3840, 4350, 200, 4350, 200, 1040, 380, 1040, 380, 210, 210, 2820, 2820, 30, 30, 270, 270, 120, 120, 360, 360, 2580, 2430, 2430]"
2020-10-24 23:15:00+00:00,460680,4,456.0,"[20, 20, 30, 30, 510, 510, 3870, 3870, 310, 280, 310, 280, 20, 20, 0, 2150, 2150, 0, 840, 840, 90, 200, 90, 570, 580, 570, 200, 580, 120, 120, 2060, 2060, 80, 20, 20, 40, 40, 2710, 2710, 920, 920, 40, 1060, 1060, 120, 120, 210, 210, 10, 10, 390, 390, 40, 920, 40, 920, 3330, 3330, 5700, 60, 5700, 190, 190, 310, 310, 40, 510, 150, 150, 40, 1220, 40, 1220, 170, 460, 460, 2790, 1900, 2790, 0, 0, 1900, 90, 480, 480, 270, 270, 90, 70, 4210, 4210, 70, 380, 380, 260, 570, 570, 80, 620, 80, 620, 310, 310, 340, 340, 50, 50, 680, 680, 110, 110, 280, 160, 160, 270, 270, 4740, 4740, 2360, 50, 50, 190, 160, 190, 160, 70, 390, 70, 390, 2740, 2740, 1370, 1370, 380, 380, 60, 920, 510, 60, 510, 2750, 1690, 1690, 500, 180, 180, 500, 60, 60, 980, 980, 40, 40, 2420, 120, 120, 2420, 140, 140, 5920, 0, 5920, 0, 4050, 60, 4050, 30, 50, 50, 780, 780, 40, 250, 250, 2410, 40, 40, 190, 2410, 10, 10, 580, 490, 580, 490, 490, 0, 0, 490, 480, 1270, 480, 1850, 1850, 28300, 28300, 1010, 1010, 280, 280, 240, 240, 130, 130, 280, 280, 2960, 240, 240, 2960, 930, 930, 590, 610, 590, 610, 80, 610, 240, 610, 240, 80, 530, 530, 1750, 1750, 230, 470, 470, 340, 320, 340, 320, 90, 290, 90, 290, 460, 460, 240, 240, 2490, 20, 20, 240, 1370, 1370, 240, 5210, 380, 380, 5210, 140, 140, 160, 160, 2490, 2490, 380, 380, 250, 1740, 1740, 20, 20, 1580, 60, 60, 1580, 940, 940, 910, 460, 910, 460, 290, 290, 430, 430, 10, 10, 1720, 270, 1720, 260, 270, 260, 6030, 150, 6030, 170, 150, 170, 70, 70, 40, 160, 160, 40, 250, 3350, 3350, 1720, 1720, 340, 340, 10, 410, 410, 160, 160, 10, 610, 280, 610, 280, 2800, 2800, 10, 850, 850, 10, 390, 390, 140, 140, 1780, 1800, 1800, 1780, 410, 410, 80, 80, 40, 40, 200, 200, 3570, 3570, 270, 370, 370, 270, 30, 5610, 5610, 100, 100, 150, 150, 480, 12820, 12820, 450, 450, 480, 330, 330, 60, 60, 320, 320, 1520, 60, 1520, 60, 0, 0, 190, 40, 190, 720, 720, 530, 540, 540, 1830, 1830, 320, 320, 220, 220, 530, 530, 320, 320, 850, 50, 850, 50, 240, 240, 30, 1600, 1600, 510, 510, 480, 480, 10, 10, 310, 310, 460, 1560, 1560, 1090, 460, 1090, 1180, 1180, 200, 200, 180, 180, 1730, 1730, 160, 160, 20, 20, 820, 820, 280, 280, 880, 9900, 880, 690, 690, 530, 850, 850, 440, 440, 1080, 80, 1080, 80, 370, 170, 170, 6760, 4370, 6760, 90, 200, 200, 90, 490, 490, 2740, 2740, 190, 190]"
2020-10-24 23:20:00+00:00,891490,2,516.0,"[80, 80, 50, 350, 50, 220, 220, 420, 950, 420, 950, 50, 50, 170, 170, 10, 70, 10, 260, 510, 260, 70, 4610, 380, 270, 380, 4610, 270, 60, 0, 0, 60, 10, 150, 10, 150, 60, 60, 70, 70, 690, 980, 690, 980, 650, 650, 160, 160, 380, 380, 90, 90, 10, 2990, 2990, 1290, 8070, 8070, 1290, 480, 480, 440, 440, 2090, 2090, 40, 1000, 40, 1000, 1230, 90, 610, 610, 90, 1530, 100, 100, 1530, 630, 120, 10, 10, 120, 1290, 1290, 1230, 1230, 11230, 340, 340, 20, 20, 10, 10, 210, 8900, 210, 8900, 3410, 3410, 1570, 260, 260, 1570, 10, 10, 200, 200, 100, 100, 1100, 1100, 3490, 3490, 3390, 180, 3390, 1390, 180, 1180, 1180, 90, 40, 40, 90, 370, 2740, 2740, 370, 200, 200, 160, 160, 210, 10, 400, 210, 580, 580, 380, 380, 10, 10, 970, 440, 440, 1370, 970, 1370, 0, 0, 60, 210, 210, 860, 860, 360, 360, 4240, 4240, 580, 580, 230, 230, 590, 1110, 590, 4680, 1110, 20, 20, 1740, 1740, 1880, 1880, 620, 3600, 130, 130, 3600, 1110, 1110, 300, 5450, 300, 290, 60, 5450, 290, 60, 620, 540, 620, 540, 40, 40, 240, 240, 620, 620, 50, 60, 50, 930, 930, 30, 0, 590, 0, 590, 80, 80, 9270, 9270, 50, 250, 120, 250, 200, 50, 120, 140, 140, 1280, 180, 1280, 110, 200, 1910, 1910, 2270, 2270, 660, 660, 2760, 120, 2760, 120, 30, 30, 30, 30, 700, 700, 50, 90, 1570, 50, 90, 1570, 800, 1140, 1140, 800, 380, 380, 940, 940, 40, 210, 40, 210, 1140, 1140, 190, 50, 50, 300, 190, 300, 270, 140, 140, 2480, 20, 2480, 20, 200, 200, 60, 1900, 1900, 60, 10, 380, 380, 10, 690, 690, 3070, 3070, 350, 350, 1670, 1670, 60, 370, 60, 370, 0, 40, 0, 40, 340, 340, 130, 130, 270, 270, 20, 20, 3350, 3350, 350, 350, 170, 170, 40, 1100, 1100, 90, 380, 380, 20, 20, 260, 5340, 5340, 260, 1630, 4080, 1330, 1630, 1330, 4080, 230, 400, 230, 400, 740, 330, 740, 330, 170, 170, 140, 140, 3180, 210, 3180, 210, 80, 3070, 80, 20, 20, 230, 230, 190, 190, 1590, 1590, 540, 790, 790, 740, 740, 210, 180, 210, 180, 10, 10, 540, 540, 1060, 1060, 340, 340, 4450, 4450, 20, 11340, 20, 11340, 900, 2970, 900, 2970, 240, 1080, 360, 360, 240, 1080, 300, 160, 160, 300, 7250, 7250, 1900, 680, 680, 320, 580, 580, 840, 190, 840, 190, 420, 420, 90, 18020, 90, 18020, 20120, 20120, 230, 1290, 1290, 230, 230, 20, 20, 230, 60, 10, 20, 10, 60, 0, 0, 20, 1330, 60, 60, 1330, 40, 40, 1580, 1580, 790, 790, 20, 20, 2250, 2250, 190, 200, 200, 1110, 260, 260, 1110, 2930, 150, 150, 0, 0, 50, 50, 3820, 3820, 120, 120, 750, 750, 1290, 1290, 1630, 1630, 210, 210, 11560, 11560, 750, 10, 10, 750, 180, 1110, 1110, 180, 220, 3120, 3120, 290, 80, 290, 280, 280, 1930, 310, 280, 310, 40, 1930, 40, 440, 440, 110, 110, 2000, 2000, 220, 150, 150, 220, 60, 60, 510, 510]"
2020-10-24 23:25:00+00:00,1638130,8,547.0,"[190, 190, 1730, 1730, 1650, 12460, 1650, 1280, 1280, 7560, 7560, 10710, 10710, 580, 580, 2160, 2160, 2170, 850, 850, 2170, 380, 2050, 630, 2050, 270, 270, 630, 230, 30, 230, 30, 280, 40, 40, 190, 190, 230, 230, 40, 40, 1770, 1770, 1730, 1730, 110, 5680, 3160, 5680, 110, 0, 0, 800, 800, 1400, 1400, 30, 0, 0, 100, 100, 60, 60, 360, 1140, 260, 360, 1140, 260, 7930, 7930, 2610, 2610, 600, 40, 650, 650, 600, 320, 320, 8380, 8380, 12460, 240, 240, 1370, 1370, 250, 250, 350, 350, 220, 220, 1820, 1820, 630, 630, 7160, 7160, 800, 800, 170, 170, 700, 170, 170, 700, 300, 300, 1510, 1510, 42890, 42890, 10, 10, 50, 50, 830, 830, 280, 280, 3810, 3810, 22270, 22270, 770, 190, 1020, 1020, 8380, 8380, 2550, 410, 2550, 550, 410, 100, 100, 100, 100, 2280, 2280, 610, 610, 90, 90, 940, 22270, 22270, 80, 80, 160, 820, 160, 250, 250, 100, 250, 100, 250, 580, 690, 690, 580, 1020, 130, 1020, 3450, 50, 3450, 6560, 710, 6560, 710, 20, 20, 580, 580, 2020, 1880, 200, 2280, 200, 2280, 1880, 630, 410, 630, 410, 10, 3160, 10, 3160, 180, 180, 320, 100, 100, 1730, 1020, 1020, 160, 6940, 6940, 90, 1900, 90, 1900, 610, 610, 220, 270, 2630, 270, 2630, 220, 60, 60, 650, 650, 40, 4450, 2430, 2430, 4450, 40, 250, 250, 40, 80, 100, 80, 40, 100, 40, 40, 350, 350, 940, 2430, 2430, 3350, 3350, 970, 970, 8440, 2280, 8440, 2280, 550, 550, 920, 3600, 3600, 920, 170, 170, 3100, 230, 230, 950, 510, 120, 510, 120, 950, 40, 3620, 40, 3620, 330, 330, 1340, 1340, 80, 80, 40, 1190, 40, 1190, 910, 910, 540, 5760, 1200, 540, 1200, 5760, 1990, 1990, 900, 900, 1330, 1330, 350, 330, 330, 70, 60, 70, 60, 120, 120, 20, 20, 230, 1060, 8570, 8570, 1060, 10, 10, 220, 200, 220, 200, 4790, 700, 140, 260, 260, 140, 700, 1240, 1370, 1240, 1370, 7350, 7350, 480, 540, 450, 480, 450, 540, 1310, 1310, 150, 150, 150, 150, 640, 640, 118320, 118320, 80, 80, 730, 200, 200, 730, 170, 170, 2420, 1370, 1370, 2420, 3160, 1150, 120, 1150, 120, 130, 370, 370, 130, 1160, 120, 120, 1160, 2700, 200, 200, 2700, 130, 130, 20, 250, 20, 250, 2170, 2170, 520, 180, 520, 180, 200, 40, 200, 40, 320, 320, 1050, 1240, 2370, 1240, 2370, 120, 120, 9040, 9040, 80, 80, 10, 10, 9300, 9300, 2370, 2370, 2310, 150, 150, 2310, 360, 16670, 10, 190, 190, 480, 480, 80, 80, 590, 590, 300, 300, 370, 370, 70, 0, 240, 0, 240, 20, 20, 60, 60, 20, 20, 360, 360, 7940, 7940, 80, 280, 280, 80, 1350, 2320, 2320, 600, 1280, 1280, 600, 440, 440, 10, 50, 3100, 50, 10, 80, 80, 4190, 4190, 1110, 1110, 70, 70, 8060, 3300, 110, 2750, 110, 2750, 3300, 8060, 210, 120, 120, 210, 1200, 50, 1200, 260, 290, 260, 290, 60, 60, 6190, 1150, 80, 80, 80, 70, 80, 70, 10, 10, 70, 60, 70, 60, 10, 740, 10, 740, 850, 10, 850, 10, 500, 500, 380, 380, 180, 180, 2020, 2020, 1360, 60, 60, 850, 850, 120, 120, 1620, 1620, 710, 2480, 710, 230, 150, 150, 340, 380, 340, 380]"
2020-10-24 23:30:00+00:00,753540,6,545.0,"[320, 120, 320, 120, 850, 850, 120, 120, 340, 610, 610, 340, 20, 70, 10, 10, 560, 560, 480, 80, 80, 190, 750, 750, 340, 340, 530, 530, 560, 560, 90, 90, 160, 20, 20, 180, 180, 160, 2880, 150, 150, 1920, 6090, 1920, 6090, 1290, 1290, 1260, 1260, 130, 130, 50, 50, 180, 120, 120, 180, 30, 30, 870, 40, 870, 40, 10, 10, 10, 540, 540, 410, 410, 1540, 30, 1540, 30, 100, 170, 100, 170, 60, 50, 60, 50, 340, 340, 60, 60, 850, 840, 60, 60, 840, 21150, 21150, 30, 30, 360, 360, 330, 330, 60, 460, 60, 460, 150, 290, 290, 150, 1100, 1100, 30, 30, 1490, 1490, 740, 740, 570, 570, 12180, 12180, 20, 20, 20, 20, 0, 0, 2030, 2030, 300, 300, 80, 620, 80, 620, 30, 30, 260, 260, 530, 530, 150, 150, 320, 90, 90, 230, 2550, 230, 2550, 2170, 1820, 1820, 2170, 1140, 1140, 380, 7060, 500, 120, 1680, 1680, 120, 1290, 1290, 60, 390, 60, 390, 520, 1490, 520, 1490, 490, 490, 140, 140, 20, 830, 830, 250, 20, 250, 20, 20, 1000, 1000, 1780, 1780, 5310, 180, 5310, 180, 30, 30, 220, 220, 410, 410, 2550, 2550, 190, 190, 10, 10, 1990, 1230, 1990, 0, 0, 1230, 25440, 25440, 2960, 0, 2960, 2460, 0, 2460, 370, 110, 370, 110, 220, 220, 3280, 320, 860, 860, 110, 110, 3780, 1430, 1070, 310, 1430, 310, 0, 0, 7870, 4100, 7870, 1480, 1480, 490, 490, 180, 10, 180, 10, 160, 160, 420, 420, 1440, 1440, 160, 160, 300, 10, 300, 10, 20, 20, 9030, 1640, 1490, 1490, 1640, 190, 190, 1140, 1140, 140, 580, 810, 810, 150, 170, 150, 1200, 7110, 7110, 3460, 400, 280, 3460, 400, 280, 980, 980, 690, 690, 10, 100, 40, 10, 280, 100, 280, 40, 480, 480, 80, 10, 90, 90, 10, 540, 5390, 540, 5390, 150, 150, 40, 150, 3860, 380, 380, 150, 30, 30, 340, 340, 200, 200, 290, 150, 170, 170, 150, 200, 60, 200, 60, 190, 190, 30, 30, 15730, 420, 80, 490, 490, 540, 540, 520, 520, 360, 360, 15000, 15000, 70, 70, 250, 620, 620, 250, 8020, 8020, 120, 20, 120, 20, 560, 560, 400, 400, 180, 920, 140, 140, 20, 920, 1560, 1560, 240, 240, 40, 40, 580, 1070, 1070, 80, 80, 2300, 3290, 2140, 2140, 3290, 680, 700, 700, 680, 60, 60, 40, 910, 90, 910, 40, 1630, 490, 490, 630, 630, 1460, 1460, 3550, 3550, 210, 1190, 44710, 22150, 44710, 1190, 210, 22150, 10, 10, 3720, 3970, 120, 3970, 3720, 2030, 2030, 890, 920, 920, 260, 260, 890, 800, 800, 1660, 1660, 40, 40, 260, 260, 10130, 10130, 10, 10, 180, 370, 1860, 440, 370, 440, 1860, 1060, 820, 1060, 820, 1720, 140, 140, 60, 140, 60, 140, 40, 120, 120, 300, 110, 110, 1770, 1770, 170, 170, 250, 1060, 1060, 2380, 100, 20, 100, 20, 230, 40, 120, 120, 120, 120, 10, 10, 1110, 1110, 250, 20, 250, 20, 20, 340, 340, 20, 60, 350, 100, 20, 350, 100, 20, 210, 210, 240, 240, 30, 540, 150, 150, 640, 5610, 640, 480, 480, 5610, 150, 370, 150, 1100, 70, 370, 70, 1420, 1420, 10, 10, 520, 1310, 1310, 520, 470, 190, 470, 190, 440, 440, 160, 160, 490, 490, 11550, 11550]"
2020-10-24 23:35:00+00:00,1245250,8,621.0,"[1670, 1670, 1640, 40, 1640, 40, 880, 240, 240, 880, 8860, 8860, 220, 220, 880, 880, 240, 240, 10, 10, 110, 110, 40, 30, 30, 330, 220, 330, 220, 20, 20, 160, 160, 630, 390, 540, 390, 180, 180, 220, 100, 180, 220, 100, 180, 260, 550, 370, 550, 260, 570, 920, 570, 920, 390, 390, 190, 350, 190, 350, 250, 250, 70, 6680, 6680, 350, 70, 350, 40, 40, 180, 180, 400, 140, 140, 620, 620, 170, 160, 170, 40, 1620, 2180, 2180, 60, 60, 420, 360, 420, 360, 170, 170, 1620, 7340, 7340, 1370, 1370, 80, 170, 170, 40, 40, 90, 90, 160, 160, 70, 70, 40, 40, 240, 240, 7770, 1950, 7770, 30, 30, 2850, 1000, 2850, 200, 30, 200, 30, 10, 10, 21320, 130, 7650, 130, 7650, 390, 390, 80, 80, 3980, 3980, 180, 40, 180, 440, 440, 160, 7770, 5120, 7770, 160, 5120, 340, 340, 360, 1470, 1470, 360, 130, 130, 290, 290, 10, 390, 390, 10, 290, 290, 980, 980, 10, 10, 40, 40, 20, 20, 420, 810, 810, 2760, 20, 2760, 20, 3590, 5590, 3590, 5590, 2050, 2050, 260, 260, 320, 1440, 320, 590, 1440, 590, 17760, 17760, 670, 70, 670, 70, 430, 430, 400, 3630, 3630, 460, 460, 600, 600, 60, 60, 4530, 4530, 880, 10, 880, 10, 150, 4870, 4870, 1130, 460, 460, 150, 1130, 220, 110, 110, 220, 70, 190, 190, 70, 880, 880, 2150, 2150, 640, 3380, 3380, 640, 10, 1100, 3650, 10, 3650, 1100, 140, 560, 560, 2360, 2360, 60, 50, 60, 50, 2960, 720, 2960, 21860, 720, 2470, 2470, 5250, 5250, 3950, 3950, 60, 2500, 60, 2500, 680, 200, 680, 200, 2780, 2780, 0, 0, 3590, 20, 3590, 20, 40, 40, 680, 130, 680, 130, 450, 40, 450, 520, 40, 290, 290, 520, 520, 200, 170, 170, 210, 200, 210, 2760, 70, 70, 150, 150, 1150, 40, 1150, 40, 10, 1400, 1400, 10, 14800, 660, 100, 590, 160, 1100, 14800, 100, 590, 160, 1100, 660, 10, 520, 520, 10, 40, 40, 630, 270, 260, 260, 630, 270, 820, 820, 270, 3770, 310, 3770, 310, 70, 70, 15180, 15180, 20, 60, 20, 60, 170, 720, 170, 720, 0, 0, 320, 320, 190, 190, 1880, 1880, 30, 30, 270, 270, 680, 1220, 1220, 680, 8880, 1920, 8880, 1920, 1010, 1010, 460, 570, 570, 3710, 3710, 810, 430, 240, 430, 320, 320, 500, 500, 150, 150, 160, 1290, 160, 1290, 170, 10, 1010, 1010, 170, 170, 270, 270, 1220, 1220, 200, 880, 200, 880, 2550, 2550, 140, 140, 230, 230, 2750, 180, 180, 2750, 1160, 1160, 30, 4430, 30, 1230, 670, 670, 1230, 370, 370, 6280, 460, 460, 6280, 30, 30, 4380, 4380, 220, 220, 5780, 5780, 10, 10, 2010, 2010, 920, 920, 250, 250, 480, 740, 150, 740, 150, 280, 8720, 2490, 2490, 280, 8720, 190, 190, 2080, 4470, 30, 2080, 4470, 30, 2560, 490, 490, 2560, 4380, 4380, 120, 180, 330, 330, 120, 180, 2300, 500, 500, 2300, 1310, 1310, 700, 130, 130, 700, 60, 960, 60, 960, 290, 250, 440, 290, 250, 440, 50, 1310, 1310, 50, 880, 880, 90, 90, 4730, 380, 380, 4730, 500, 500, 2900, 70, 2900, 40, 70, 930, 930, 1630, 0, 0, 1550, 300, 300, 1030, 1030, 630, 630, 3860, 460, 3860, 460, 11980, 11980, 160, 240, 160, 120, 210, 120, 440, 180, 440, 180, 210, 170, 170, 170, 80, 80, 950, 800, 800, 60, 950, 410, 410, 200, 200, 20, 1030, 30, 20, 30, 1030, 520, 520, 80, 80, 30, 180, 180, 30, 1830, 900, 900, 1830, 240, 240, 680, 9120, 680, 9120, 20, 20, 860, 860, 410, 410, 450, 450, 30, 40, 40, 30, 150, 10, 150, 10, 750, 750, 1450, 1450, 220, 4240, 4240]"
2020-10-24 23:40:00+00:00,399640,0,467.0,"[2460, 560, 560, 280, 570, 570, 940, 2340, 2340, 940, 130, 130, 490, 490, 210, 210, 210, 280, 280, 210, 780, 780, 70, 960, 960, 2250, 2250, 5180, 960, 960, 1400, 280, 1400, 90, 90, 280, 2560, 610, 2560, 610, 90, 90, 100, 100, 220, 50, 130, 220, 130, 50, 940, 940, 2460, 630, 2460, 170, 170, 610, 610, 640, 640, 1380, 250, 3180, 250, 1380, 3180, 280, 280, 2560, 340, 2560, 340, 340, 340, 280, 3420, 3420, 1350, 1350, 240, 240, 320, 640, 70, 640, 60, 60, 4300, 4300, 470, 470, 180, 180, 370, 370, 340, 340, 190, 190, 130, 130, 260, 260, 470, 470, 320, 320, 30, 30, 280, 240, 240, 280, 510, 510, 10, 240, 340, 240, 340, 10, 70, 70, 700, 700, 270, 270, 1110, 520, 520, 1110, 1100, 180, 230, 230, 560, 470, 470, 560, 500, 500, 1950, 70, 420, 70, 420, 90, 90, 20, 0, 0, 350, 420, 350, 420, 140, 140, 150, 150, 1140, 1140, 460, 460, 2680, 1540, 1540, 2680, 700, 700, 30, 1220, 30, 1220, 580, 1840, 30, 1840, 580, 30, 240, 9070, 20, 240, 9070, 20, 70, 70, 10, 10, 660, 940, 660, 940, 330, 330, 990, 20, 990, 120, 20, 120, 660, 660, 280, 280, 160, 140, 140, 150, 30, 150, 30, 50, 50, 190, 190, 390, 390, 20, 30, 30, 20, 1460, 800, 390, 390, 200, 200, 90, 130, 90, 130, 200, 670, 670, 200, 20, 20, 790, 4720, 790, 4720, 1380, 1380, 1700, 1700, 1310, 1310, 370, 370, 390, 390, 120, 120, 70, 70, 40, 150, 830, 150, 40, 830, 2010, 240, 240, 4720, 2010, 4720, 180, 80, 80, 180, 2610, 2610, 10, 10, 880, 880, 2060, 2060, 3760, 3760, 280, 1500, 1500, 280, 2420, 2420, 90, 90, 210, 210, 170, 170, 320, 2530, 2810, 2810, 2530, 390, 390, 270, 270, 300, 300, 30, 30, 240, 260, 2300, 240, 470, 470, 2300, 260, 210, 3770, 210, 3770, 80, 80, 60, 370, 60, 370, 230, 320, 230, 320, 220, 160, 220, 20, 160, 20, 1360, 120, 1360, 120, 280, 280, 70, 70, 40, 40, 830, 830, 80, 80, 60, 100, 100, 330, 330, 400, 400, 130, 130, 660, 6740, 6740, 60, 900, 60, 900, 160, 970, 970, 140, 140, 700, 700, 180, 180, 110, 160, 30, 30, 160, 6260, 6260, 1270, 1270, 570, 280, 570, 280, 80, 80, 660, 660, 160, 160, 240, 240, 9440, 9440, 290, 0, 290, 0, 40, 40, 5710, 5710, 1430, 1430, 1630, 1630, 1660, 1660, 1100, 1100, 90, 90, 14450, 700, 700, 30, 30, 150, 3240, 150, 3240, 180, 1170, 180, 1170, 50, 50, 1390, 1390, 660, 620, 620, 40, 660, 40, 750, 40, 750, 130, 40, 130, 130, 290, 290, 130, 1090, 1090, 2320, 340, 340, 1200, 1200, 860, 860, 90, 90, 1060, 1060, 120, 50, 50, 170, 170]"
2020-10-24 23:45:00+00:00,622030,4,449.0,"[4120, 4120, 2810, 380, 380, 170, 10, 340, 340, 170, 1560, 1560, 16170, 16170, 40, 40, 450, 450, 2320, 2320, 1680, 1680, 1200, 610, 100, 100, 470, 470, 4010, 780, 4010, 780, 0, 30, 30, 10, 10, 1830, 290, 290, 520, 520, 4050, 4050, 210, 210, 590, 590, 90, 950, 90, 950, 280, 670, 160, 540, 160, 540, 670, 10, 10, 90, 5390, 90, 5390, 720, 1420, 720, 1420, 450, 450, 200, 200, 20, 20, 320, 320, 480, 480, 30, 30, 360, 360, 60, 60, 10, 10, 3210, 3210, 7420, 7420, 120, 120, 370, 370, 1000, 1000, 290, 3190, 290, 3190, 10, 10, 20, 20, 310, 310, 750, 750, 900, 900, 2140, 2140, 60, 60, 2800, 500, 500, 20, 610, 20, 610, 7420, 7420, 170, 170, 3270, 3270, 400, 400, 0, 210, 210, 0, 620, 620, 220, 220, 790, 790, 80, 40, 40, 80, 570, 570, 20, 20, 1750, 190, 260, 340, 190, 260, 340, 220, 440, 220, 440, 360, 360, 1620, 170, 1620, 170, 220, 220, 30, 30, 160, 4860, 160, 4860, 20, 20, 1560, 1560, 190, 190, 190, 190, 10, 10, 1560, 1560, 1900, 1900, 11920, 11920, 150, 60, 120, 80, 80, 120, 330, 120, 120, 690, 690, 190, 530, 280, 190, 280, 530, 90, 60, 130, 90, 130, 60, 4500, 4500, 160, 160, 410, 410, 190, 190, 150, 150, 1320, 1320, 450, 450, 650, 650, 160, 160, 1320, 40, 1320, 40, 570, 1030, 1030, 1340, 1340, 40, 40, 220, 200, 220, 200, 5040, 220, 220, 170, 170, 400, 400, 150, 150, 130, 130, 120, 120, 440, 2100, 2100, 440, 390, 270, 270, 12380, 12380, 1450, 1450, 290, 260, 260, 290, 20, 120, 20, 120, 1340, 1340, 2910, 2910, 220, 130, 130, 1940, 1940, 40, 630, 40, 270, 270, 1330, 14880, 1330, 14880, 160, 310, 160, 310, 40, 40, 490, 490, 80, 80, 20, 20, 5520, 5520, 0, 20, 0, 20, 1850, 1850, 150, 150, 80, 1290, 80, 1290, 4910, 4910, 310, 310, 2320, 2320, 670, 2370, 2370, 670, 170, 410, 1560, 1560, 2650, 410, 630, 630, 60, 240, 240, 4470, 4470, 60, 30, 900, 40, 40, 30, 900, 60, 920, 660, 60, 50, 60, 920, 660, 50, 10, 10, 250, 250, 140, 250, 390, 390, 140, 250, 2620, 2620, 370, 370, 2760, 80, 2760, 26260, 70, 26260, 1130, 1130, 380, 380, 60, 60, 260, 260, 190, 320, 320, 190, 5560, 290, 290, 260, 260, 630, 630, 770, 770, 1880, 150, 1410, 150, 1410, 140, 140, 140, 10, 20, 140, 10, 630, 630, 140, 140, 1210, 1210, 380, 350, 350, 380, 3380, 910, 3380, 910, 1700, 7310, 7310, 1700, 20, 2830, 2830, 20, 120, 2750, 2750, 120, 550, 2540, 2540, 550, 540, 540]"
2020-10-24 23:50:00+00:00,643370,2,448.0,"[420, 420, 30, 30, 2490, 2490, 22390, 16010, 400, 400, 16010, 310, 310, 700, 700, 250, 250, 16010, 580, 16010, 1660, 580, 22390, 22390, 170, 170, 23360, 23360, 420, 580, 580, 1850, 180, 180, 320, 320, 40, 40, 2780, 2780, 130, 130, 190, 190, 20, 2210, 20, 2210, 3990, 3990, 70, 270, 270, 50, 50, 450, 450, 210, 210, 250, 140, 250, 140, 20, 20, 1150, 1150, 13170, 280, 1340, 13170, 1340, 280, 140, 720, 140, 720, 130, 130, 410, 410, 11590, 80, 140, 490, 11590, 1150, 80, 490, 1150, 140, 0, 0, 270, 270, 2020, 2020, 400, 980, 400, 980, 280, 280, 4600, 4600, 580, 460, 580, 450, 450, 140, 140, 860, 860, 5620, 20, 20, 0, 14000, 14000, 0, 300, 500, 500, 300, 900, 900, 120, 430, 430, 120, 1220, 1220, 110, 530, 530, 110, 210, 220, 210, 220, 270, 270, 290, 290, 180, 0, 180, 130, 0, 130, 1060, 1060, 11530, 11530, 40, 30, 30, 40, 680, 680, 600, 600, 340, 340, 4000, 4000, 0, 0, 600, 580, 600, 580, 340, 340, 3640, 3640, 3380, 3380, 220, 2840, 220, 2840, 20, 1300, 1300, 70, 70, 70, 70, 50, 50, 340, 340, 1260, 1260, 60, 60, 1060, 1060, 3330, 100, 100, 3330, 190, 190, 5060, 5060, 210, 210, 230, 230, 220, 220, 180, 180, 20, 20, 430, 430, 800, 1500, 1500, 1140, 1140, 5060, 5060, 500, 190, 500, 190, 460, 460, 10, 260, 10, 260, 60, 60, 690, 690, 90, 420, 90, 420, 5260, 5260, 1000, 140, 210, 210, 140, 360, 1000, 390, 410, 390, 410, 980, 980, 2480, 1250, 1250, 190, 190, 270, 110, 110, 150, 150, 20, 20, 1350, 1350, 10, 10, 40, 40, 20, 20, 180, 180, 230, 550, 550, 420, 10, 10, 420, 140, 30, 140, 30, 860, 860, 550, 520, 520, 550, 4190, 4190, 240, 240, 810, 3020, 810, 3020, 190, 0, 0, 190, 220, 220, 780, 780, 0, 0, 150, 150, 4520, 4520, 110, 110, 2280, 2280, 2900, 2900, 0, 0, 300, 420, 280, 300, 280, 420, 510, 510, 630, 580, 630, 580, 3100, 3100, 800, 800, 100, 100, 2840, 620, 620, 110, 110, 110, 110, 200, 200, 1170, 1170, 180, 180, 270, 270, 670, 430, 670, 430, 20, 20, 8300, 8300, 120, 120, 10, 10, 140, 140, 2380, 90, 90, 2380, 510, 510, 570, 570, 6420, 100, 100, 640, 640, 2460, 40, 2460, 40, 220, 220, 630, 230, 230, 1250, 1250, 130, 1660, 120, 3140, 1660, 130, 3140, 120, 2460, 4750, 490, 490, 560, 560, 90, 90, 230, 230, 180, 180, 1210, 1800, 1210, 1800, 120, 120, 690, 690, 520, 520, 1080, 1080, 930, 930, 480, 480, 5710, 630, 940, 940, 630, 5710, 1800, 1800, 40, 40, 320, 320]"
2020-10-24 23:55:00+00:00,602540,0,426.0,"[400, 400, 1320, 1530, 1320, 1530, 320, 170, 3290, 20, 170, 3290, 370, 20, 370, 320, 5730, 2800, 2800, 5730, 1300, 2460, 690, 670, 670, 690, 100, 5560, 5560, 100, 2510, 2500, 2510, 2500, 3620, 3620, 420, 420, 1180, 1180, 0, 0, 2190, 360, 2190, 10, 40, 810, 810, 40, 120, 120, 70, 170, 70, 5800, 12840, 270, 270, 0, 12840, 450, 1300, 450, 1300, 2990, 2990, 60, 60, 360, 360, 5730, 30, 480, 480, 30, 5730, 140, 140, 2050, 60, 60, 80, 80, 780, 780, 100, 290, 100, 290, 680, 680, 9360, 9360, 10, 10, 2990, 1100, 2990, 1100, 110, 110, 70, 70, 330, 330, 560, 560, 20, 1300, 20, 1300, 90, 90, 260, 260, 260, 260, 300, 400, 40, 300, 40, 400, 29080, 29080, 430, 430, 10, 930, 930, 70, 1470, 70, 1470, 390, 390, 100, 100, 140, 140, 260, 260, 3660, 3660, 1050, 1050, 4030, 4030, 10, 10, 160, 160, 500, 1050, 1050, 280, 280, 0, 0, 80, 80, 280, 280, 2860, 110, 110, 2860, 40, 40, 80, 80, 11820, 11820, 2080, 2080, 1050, 1050, 10, 10, 6420, 6420, 50, 220, 220, 50, 1980, 1980, 2230, 2230, 60, 1040, 60, 1040, 570, 570, 380, 1920, 160, 160, 1920, 100, 100, 20, 20, 3450, 3450, 520, 10, 520, 10, 1100, 1100, 1060, 1900, 1060, 1900, 10, 670, 670, 160, 160, 210, 210, 6680, 6680, 1710, 160, 160, 12560, 12560, 390, 390, 130, 2530, 130, 2530, 170, 1590, 670, 170, 250, 670, 250, 670, 1590, 300, 650, 300, 40, 40, 240, 240, 1590, 1590, 420, 420, 830, 830, 4200, 4200, 3000, 3000, 1060, 10, 2240, 10, 2240, 520, 520, 630, 160, 160, 10, 2800, 2800, 840, 840, 1930, 1930, 90, 90, 420, 420, 320, 890, 890, 320, 70, 70, 2630, 2630, 40, 40, 1930, 1930, 1170, 2560, 1170, 1130, 630, 1130, 40, 630, 40, 60, 60, 4500, 50, 4500, 50, 450, 450, 50, 50, 50, 50, 690, 690, 10, 150, 150, 110, 110, 1040, 1040, 770, 770, 1080, 1080, 1680, 110, 110, 1680, 600, 600, 380, 380, 100, 100, 3750, 3750, 1840, 50, 1840, 50, 10, 10, 550, 550, 20, 60, 20, 60, 80, 80, 240, 240, 720, 10, 720, 10, 1560, 1560, 50, 50, 190, 190, 470, 90, 470, 90, 140, 140, 4030, 4030, 1260, 1260, 250, 230, 230, 250, 90, 1190, 90, 480, 480, 80, 170, 23980, 170, 23980, 90, 90, 750, 750, 140, 140, 260, 460, 460, 260, 910, 7250, 2410, 7250, 910, 2410, 500, 500, 950, 950, 380, 380, 10, 110, 10, 110, 3620, 220, 220, 3620, 470, 470, 490, 490]"
2020-10-25 00:00:00+00:00,596120,2,418.0,"[940, 690, 350, 690, 940, 350, 370, 4200, 60, 60, 4200, 240, 10, 240, 10, 60, 180, 180, 60, 1640, 1640, 630, 1150, 1150, 20, 20, 20, 20, 240, 20, 1040, 240, 20, 90, 100, 100, 90, 1190, 650, 650, 1190, 690, 490, 2070, 2070, 490, 690, 110, 110, 720, 720, 30, 30, 10, 30, 140, 30, 140, 20, 20, 2240, 2240, 910, 50, 870, 50, 870, 910, 32610, 32610, 1880, 1880, 470, 470, 440, 440, 20, 980, 980, 20, 780, 780, 13720, 13720, 1110, 1110, 0, 5680, 4760, 5680, 0, 4760, 2840, 2840, 0, 0, 2600, 650, 1730, 30, 30, 1730, 30, 650, 9660, 9660, 40, 40, 10, 10, 230, 230, 360, 1120, 360, 1120, 3100, 90, 3100, 90, 140, 140, 40, 40, 10, 10, 340, 350, 1540, 350, 1540, 340, 90, 90, 3100, 3100, 320, 320, 220, 220, 540, 540, 30, 30, 120, 120, 160, 1270, 160, 1270, 40, 40, 570, 570, 650, 650, 1980, 1980, 270, 2620, 270, 320, 320, 2620, 3000, 3000, 350, 30, 120, 120, 30, 350, 360, 360, 580, 580, 2200, 2200, 90, 450, 570, 570, 90, 450, 38380, 40, 40, 370, 370, 10, 1880, 1750, 20, 1880, 1750, 20, 38380, 9660, 9660, 210, 360, 20, 360, 210, 20, 1260, 1260, 380, 380, 1910, 230, 230, 1910, 170, 40, 40, 10, 60, 30, 30, 60, 1710, 2060, 2060, 780, 780, 90, 1030, 90, 1030, 800, 340, 800, 340, 50, 270, 50, 270, 10, 10, 200, 20, 200, 20, 330, 130, 1250, 1250, 330, 130, 140, 10, 2930, 2930, 1910, 1910, 360, 360, 170, 170, 1950, 300, 140, 1950, 530, 2900, 2080, 530, 2900, 380, 380, 450, 450, 7600, 50, 7600, 50, 330, 330, 1190, 80, 1190, 10, 10, 680, 680, 10, 1770, 150, 150, 1620, 1620, 240, 240, 450, 450, 20, 2140, 2140, 20, 210, 210, 480, 480, 340, 340, 10, 11590, 480, 11590, 480, 270, 270, 1170, 10, 1170, 10, 380, 830, 830, 120, 120, 100, 100, 330, 330, 40, 140, 10, 770, 770, 260, 260, 330, 330, 6030, 5400, 6030, 5400, 280, 280, 480, 40, 380, 40, 480, 380, 220, 220, 1920, 1920, 10, 2190, 2190, 120, 120, 10, 10, 5400, 5400, 270, 140, 270, 140, 2590, 2590, 11220, 11220, 2560, 2560, 5960, 5960, 290, 290, 260, 260, 3070, 240, 240, 3070, 380, 730, 380, 730, 10, 10, 600, 600, 80, 80, 280, 280, 410, 410, 1710, 510, 1710, 510, 350, 40, 990, 40, 990, 350, 430, 430, 70, 70, 3860, 3860, 50, 50, 410, 30, 10, 170, 10, 30]"
2020-10-25 00:05:00+00:00,481860,3,367.0,"[30, 30, 390, 390, 270, 270, 1060, 1140, 50, 1140, 50, 30, 2640, 2640, 50, 50, 4690, 4690, 30, 30, 530, 530, 5700, 390, 390, 50, 50, 180, 10, 250, 250, 830, 1750, 1750, 830, 2700, 2700, 370, 670, 370, 670, 420, 190, 190, 40, 40, 570, 570, 5400, 5400, 920, 1640, 1640, 920, 100, 100, 260, 10, 10, 110, 110, 250, 250, 550, 550, 3540, 3540, 80, 80, 1240, 1240, 4770, 20920, 20920, 980, 980, 210, 210, 4880, 40, 40, 4880, 630, 630, 50, 50, 180, 360, 3160, 180, 360, 20, 20, 970, 970, 20920, 20920, 10, 320, 320, 280, 280, 1910, 1910, 3160, 3160, 60, 620, 620, 60, 60, 60, 550, 1820, 550, 1820, 180, 180, 70, 10, 10, 70, 230, 230, 540, 540, 60, 10, 10, 60, 30, 30, 570, 570, 130, 130, 10, 270, 10, 270, 510, 300, 500, 410, 300, 500, 600, 510, 600, 1350, 410, 1350, 2430, 2430, 410, 410, 1750, 1750, 340, 340, 140, 140, 100, 100, 360, 670, 360, 670, 510, 510, 3980, 3980, 260, 260, 210, 210, 70, 2140, 2140, 3160, 3160, 170, 170, 200, 3900, 3380, 3380, 210, 210, 890, 890, 180, 180, 940, 940, 70, 70, 360, 360, 500, 500, 17700, 17700, 220, 220, 510, 510, 890, 890, 10, 80, 10, 60, 60, 60, 60, 190, 190, 140, 140, 20, 20, 3000, 3000, 570, 700, 570, 20, 20, 17700, 17700, 110, 110, 430, 5820, 5820, 140, 140, 580, 290, 580, 290, 1540, 10, 1540, 15350, 350, 350, 15350, 520, 520, 70, 320, 70, 320, 200, 200, 240, 20, 20, 240, 210, 210, 920, 920, 50, 50, 1240, 1240, 180, 180, 340, 340, 260, 160, 160, 260, 220, 300, 220, 300, 140, 140, 160, 160, 840, 840, 800, 240, 800, 240, 10, 900, 900, 8720, 8720, 220, 1830, 1830, 280, 280, 190, 170, 190, 170, 840, 840, 20, 20, 550, 550, 340, 100, 340, 100, 2370, 6460, 2370, 6460, 3150, 3150, 560, 560, 40, 40, 10, 10, 2560, 2560, 70, 70, 570, 280, 120, 120, 570, 280, 40, 40, 280, 280, 40, 40, 140, 140, 10, 540, 540, 950, 950, 240, 470, 240, 470, 670, 2630, 2630, 130, 130, 1110, 970, 1110, 970, 200, 200, 60, 60]"
2020-10-25 00:10:00+00:00,572210,4,316.0,"[190, 190, 60, 60, 40, 310, 310, 400, 400, 480, 480, 100, 460, 460, 100, 160, 160, 10, 3260, 3260, 8070, 8070, 680, 20, 680, 20, 860, 860, 41520, 470, 41520, 470, 22140, 22140, 480, 480, 5270, 5270, 230, 230, 190, 190, 20, 20, 160, 350, 160, 350, 10, 10, 580, 580, 2370, 2370, 30, 30, 3920, 3920, 300, 300, 140, 340, 140, 340, 340, 340, 70, 70, 40, 40, 10, 10, 330, 330, 750, 750, 670, 670, 410, 410, 80, 80, 5040, 5040, 20, 20, 540, 540, 550, 550, 80, 40, 40, 800, 140, 140, 1320, 10, 400, 400, 1320, 10, 13010, 13010, 830, 280, 830, 280, 2160, 240, 20, 240, 20, 120, 3280, 3280, 4300, 4300, 130, 2320, 2320, 130, 40, 120, 120, 40, 20, 20, 1160, 1160, 1740, 1740, 6800, 7950, 6800, 7950, 40, 40, 830, 830, 360, 140, 140, 490, 490, 140, 80, 80, 580, 580, 10, 10, 1670, 1670, 200, 200, 180, 180, 29440, 140, 29440, 140, 1670, 980, 1670, 240, 100, 100, 2190, 2190, 10, 10, 2080, 2080, 80, 80, 170, 170, 1180, 1180, 10, 10, 70, 70, 1180, 1060, 1180, 1060, 120, 120, 250, 2010, 10, 2010, 10, 70, 410, 760, 410, 70, 760, 120, 120, 360, 360, 4290, 4290, 890, 890, 1280, 1280, 100, 100, 510, 4700, 510, 4700, 440, 440, 1720, 1720, 2990, 2990, 890, 10, 890, 10, 140, 140, 820, 820, 650, 960, 960, 470, 470, 250, 250, 1020, 1020, 5200, 5200, 170, 170, 600, 600, 40, 280, 40, 280, 100, 100, 40, 400, 40, 1720, 1720, 480, 70, 480, 70, 3480, 3480, 120, 120, 120, 2640, 2640, 120, 5670, 790, 790, 190, 190, 280, 280, 230, 230, 7090, 7090, 10, 10, 20, 100, 190, 20, 100, 190, 570, 570, 1650, 29610, 29610, 630, 1760, 1760, 3480, 3480, 1940, 130, 1940, 130, 190, 120, 120, 50, 50, 530, 530, 260, 830, 830, 160, 140, 160, 140]"
2020-10-25 00:15:00+00:00,235350,1,305.0,"[130, 130, 280, 280, 80, 80, 110, 110, 1040, 1040, 170, 170, 300, 120, 300, 120, 400, 400, 1590, 1590, 310, 20, 20, 310, 4080, 190, 190, 4080, 40, 40, 720, 720, 0, 0, 10, 10, 30, 300, 30, 300, 10, 10, 470, 470, 80, 80, 340, 80, 40, 340, 80, 40, 220, 220, 100, 100, 40, 40, 890, 890, 1920, 1920, 1100, 120, 120, 560, 450, 1170, 1170, 90, 90, 460, 200, 460, 200, 30, 20, 30, 20, 590, 590, 90, 90, 140, 140, 140, 140, 90, 90, 140, 490, 30, 490, 30, 330, 8500, 330, 8500, 120, 200, 120, 200, 4100, 200, 4100, 890, 1040, 1040, 220, 220, 310, 310, 160, 50, 160, 350, 410, 350, 410, 1930, 1930, 3260, 10, 10, 20, 20, 0, 0, 400, 440, 400, 440, 580, 580, 2420, 2420, 470, 320, 470, 320, 40, 40, 260, 260, 470, 1540, 2540, 470, 2540, 280, 280, 340, 340, 10, 10, 390, 390, 270, 270, 920, 920, 800, 800, 290, 720, 290, 720, 160, 160, 40, 170, 170, 280, 280, 250, 250, 220, 220, 10510, 1170, 10510, 1170, 2750, 2750, 230, 230, 420, 160, 160, 230, 230, 220, 220, 880, 830, 7330, 7330, 830, 120, 650, 100, 650, 100, 120, 960, 960, 3540, 680, 3540, 680, 1060, 1060, 3140, 3140, 90, 90, 220, 220, 290, 290, 330, 330, 560, 560, 460, 460, 90, 40, 40, 2350, 2350, 20, 20, 140, 140, 260, 260, 1450, 1450, 140, 140, 200, 200, 360, 910, 910, 360, 20, 40, 40, 20, 1320, 1320, 200, 200, 160, 160, 40, 50, 50, 70, 70, 280, 280, 140, 140, 10, 10, 380, 380, 10, 10, 90, 90, 190, 190, 2820, 1170, 2820, 1170, 380, 380, 20, 20, 7930, 7930, 60, 60, 0, 0, 540, 360, 360, 540, 70, 70, 1700, 1700, 50, 50, 1600, 1600, 490]"
2020-10-25 00:20:00+00:00,497810,2,348.0,"[1620, 1620, 40, 40, 400, 400, 580, 580, 2780, 2780, 140, 370, 140, 370, 40, 40, 1430, 1430, 1290, 1290, 60, 5270, 60, 650, 650, 7930, 1320, 1320, 7930, 1210, 1210, 400, 70, 400, 70, 650, 40, 40, 650, 220, 220, 850, 850, 1210, 1210, 290, 290, 620, 40, 40, 100, 100, 240, 240, 260, 260, 250, 0, 0, 110, 110, 1170, 1170, 430, 430, 3280, 3280, 1560, 1560, 720, 720, 47030, 47030, 420, 10, 10, 420, 110, 290, 510, 290, 510, 1530, 1530, 10, 10, 500, 500, 140, 450, 140, 450, 820, 100, 820, 100, 380, 30, 30, 260, 260, 160, 80, 160, 80, 50, 50, 260, 260, 1590, 3870, 3870, 40, 40, 1900, 1900, 560, 560, 420, 420, 10, 160, 320, 10, 450, 160, 320, 1130, 1130, 60, 60, 90, 150, 150, 1150, 1150, 4400, 4400, 2640, 120, 120, 970, 970, 190, 190, 1250, 1250, 400, 400, 4030, 4030, 220, 760, 220, 760, 4090, 4090, 60, 60, 290, 290, 170, 170, 200, 200, 400, 400, 1200, 1200, 70, 70, 410, 410, 300, 90, 680, 90, 680, 210, 210, 40, 220, 40, 1480, 1480, 1540, 1540, 10, 10, 500, 500, 1110, 1110, 1020, 1020, 80, 80, 10, 10, 60, 130, 500, 500, 60, 130, 5450, 70, 5450, 40, 60, 600, 600, 60, 9360, 170, 9360, 170, 580, 580, 1610, 1610, 300, 300, 90, 810, 130, 130, 120, 120, 60, 60, 2420, 2420, 13380, 13380, 3390, 30, 3390, 6110, 20, 20, 6110, 90, 90, 90, 90, 4040, 4040, 270, 270, 15540, 15540, 15330, 15330, 600, 600, 1420, 700, 1420, 600, 600, 1000, 1000, 500, 500, 2050, 10, 10, 10, 130, 10, 130, 300, 300, 410, 410, 390, 390, 780, 780, 70, 70, 0, 0, 8770, 8770, 410, 410, 90, 1810, 6930, 6930, 50, 50, 330, 260, 260, 330, 3110, 3110, 30, 30, 450, 450, 180, 270, 220, 220, 180, 270, 330, 330, 600, 140, 600, 140, 1130, 20, 1130, 20, 470, 470, 110, 110, 430, 430, 360, 360, 160, 160, 770, 770, 120, 280, 120, 280, 550, 20, 20, 550, 60, 60, 1400, 280, 5910, 280, 5910, 1400]"
2020-10-25 00:25:00+00:00,1244450,2,376.0,"[370, 370, 60, 60, 810, 550, 550, 40, 2620, 90, 90, 190, 40, 30, 30, 190, 2620, 60, 20, 60, 20, 60, 60, 120, 120, 13760, 13760, 380, 380, 820, 300, 300, 3120, 5050, 3120, 5050, 1300, 1300, 2650, 230, 2650, 120, 120, 1390, 1390, 130, 130, 1440, 1440, 3290, 3290, 20, 20, 340, 890, 340, 890, 310, 310, 290, 290, 280, 280, 240, 10, 10, 80, 80, 70, 70, 500, 530, 500, 530, 20, 770, 180, 20, 180, 310, 770, 110, 310, 110, 110, 900, 900, 280, 140, 140, 90, 90, 360, 360, 280, 250, 250, 280, 1770, 910, 910, 12340, 12340, 2110, 5090, 5090, 590, 150, 1470, 590, 340, 150, 1470, 340, 600, 600, 220, 220, 60, 60, 5430, 5430, 500, 500, 880, 880, 240, 240, 360, 360, 360, 360, 1600, 1600, 5580, 5580, 580, 580, 100, 60, 100, 1470, 1470, 100, 750, 750, 100, 2970, 2970, 1050, 3590, 1050, 3590, 290, 290, 190, 190, 100, 160, 160, 5360, 310, 5360, 310, 333570, 333570, 9310, 11340, 11340, 270, 270, 40, 40, 70, 70, 4600, 50, 50, 4600, 1040, 760, 1040, 320, 320, 930, 930, 7540, 590, 590, 1280, 1280, 50, 50, 2970, 2970, 90, 90, 0, 80, 80, 0, 560, 140, 730, 140, 730, 0, 0, 330, 330, 5230, 5230, 130, 130, 400, 400, 50, 20, 20, 140, 140, 600, 600, 90, 90, 20, 20, 440, 1280, 440, 1280, 270, 270, 1530, 1530, 60, 20, 20, 60, 2410, 2410, 260, 260, 40, 80, 80, 1220, 20, 240, 240, 370, 370, 200, 200, 540, 540, 200, 200, 50, 50, 70, 2580, 2580, 70, 50, 80, 80, 2480, 4630, 4630, 700, 590, 320, 320, 700, 590, 70, 70, 3020, 3020, 3370, 3370, 150, 150, 850, 850, 4330, 4330, 1470, 1470, 360, 120, 120, 60, 60, 510, 510, 320, 320, 16050, 2330, 16050, 2330, 180, 180, 850, 850, 180, 180, 250, 250, 260, 260, 300, 300, 100, 100, 1120, 770, 770, 3480, 3480, 190, 190, 70, 80, 80, 70, 10, 60, 10, 520, 520, 850, 230, 850, 230, 360, 360, 71780, 1580, 1580, 71780, 70, 100, 100, 70, 10, 10, 270, 270, 680, 20, 680, 20, 280, 280, 180, 180, 1060, 1060, 3100, 3100, 280, 3020, 280, 3020, 190, 1320, 190, 1320, 420, 1780, 420, 1780, 310]"
2020-10-25 00:30:00+00:00,867950,4,418.0,"[510, 510, 60, 40, 50, 60, 40, 180, 180, 40, 40, 170, 420, 1730, 420, 5530, 5530, 1730, 350, 350, 650, 650, 1150, 1150, 1230, 1230, 50, 330, 2820, 330, 2820, 50, 330, 8560, 8560, 330, 150, 14030, 150, 14030, 10, 10, 100, 100, 120, 120, 3140, 3140, 10, 10, 80, 80, 1690, 570, 570, 280, 280, 190, 40, 40, 10, 3290, 7020, 3290, 10, 7020, 840, 840, 320, 320, 2230, 90, 90, 520, 2230, 520, 10, 20, 10, 20, 1350, 960, 1350, 960, 20, 20, 12380, 12380, 360, 360, 2360, 2360, 30, 3820, 3820, 50, 50, 290, 280, 640, 640, 290, 90, 90, 540, 540, 4160, 250, 4160, 250, 190, 190, 60, 60, 370, 960, 4080, 960, 370, 2770, 1190, 2770, 1190, 380, 380, 100, 140, 140, 100, 60, 60, 250, 90, 90, 250, 350, 350, 1160, 1680, 1680, 90, 90, 4940, 4940, 60, 60, 1610, 1610, 180, 180, 16670, 16670, 4710, 4710, 2090, 2090, 70, 70, 60, 60, 13140, 13140, 70, 70, 1160, 1160, 3060, 20, 3060, 20, 50, 50, 880, 3050, 3050, 880, 280, 280, 730, 90, 730, 20, 20, 610, 610, 3020, 620, 60, 620, 30, 30, 130, 130, 70, 40, 40, 70, 1700, 290, 70, 50, 1700, 70, 50, 290, 10, 10, 35790, 330, 330, 4080, 35790, 220, 220, 10400, 50, 50, 10400, 1370, 1370, 290, 290, 50, 290, 50, 290, 290, 2200, 2200, 35790, 35790, 570, 570, 11420, 11420, 80, 2800, 2800, 200, 130, 200, 80, 800, 800, 40, 40, 240, 240, 10, 10, 870, 870, 1140, 1140, 17690, 17690, 60, 60, 840, 840, 30, 30, 160, 160, 150, 90, 90, 840, 800, 840, 800, 20, 20, 1120, 60, 1310, 1310, 60, 240, 240, 650, 440, 650, 110, 130, 130, 510, 510, 50, 50, 870, 870, 12740, 2720, 12740, 2720, 650, 1570, 650, 1570, 880, 880, 7800, 7800, 840, 840, 210, 210, 1290, 1290, 130, 130, 1100, 250, 1100, 250, 150, 150, 460, 460, 100, 100, 3280, 3280, 21680, 21680, 390, 390, 1020, 1020, 110, 110, 450, 450, 330, 120, 220, 120, 220, 330, 30, 30, 180, 180, 140, 140, 840, 840, 3020, 3020, 0, 7280, 7280, 4010, 4010, 0, 0, 1090, 1090, 200, 200, 4250, 4250, 1100, 1100, 100, 100, 2880, 2880, 830, 830, 3140, 3140, 10, 320, 320, 10, 10, 80, 80, 820, 820, 590, 590, 1760, 1760, 110, 110, 20, 20, 110, 210, 110, 210, 4120, 4120, 15350, 15350, 260, 4060, 4060, 10, 10, 20130, 20130, 300, 270, 270, 1930, 1930, 420, 420, 570, 570, 7570, 7570, 500, 500]"
2020-10-25 00:35:00+00:00,834620,5,386.0,"[60, 60, 360, 360, 6240, 180, 180, 11340, 720, 11340, 720, 40, 40, 5870, 5870, 210, 320, 0, 240, 210, 320, 0, 240, 10, 10, 100, 11840, 100, 11840, 280, 210, 210, 0, 0, 680, 330, 860, 330, 860, 680, 210, 210, 150, 150, 300, 300, 580, 1370, 280, 280, 1370, 440, 860, 860, 440, 360, 360, 50, 50, 1840, 1840, 270, 270, 410, 190, 410, 190, 330, 330, 560, 560, 530, 1100, 530, 1100, 90, 40, 40, 660, 660, 410, 410, 1140, 1140, 10, 10, 90, 90, 100, 100, 1300, 30, 30, 1300, 710, 210, 210, 710, 60, 2020, 920, 2020, 920, 590, 590, 150, 150, 1210, 1210, 770, 770, 2510, 190, 2510, 1160, 30, 1160, 190, 30, 110, 6240, 6240, 40, 40, 90, 180, 90, 180, 550, 1070, 1070, 550, 4240, 4240, 30, 30, 550, 550, 990, 990, 1830, 1830, 7330, 920, 920, 7330, 140, 10, 10, 140, 300, 1280, 1280, 300, 2100, 740, 2100, 740, 6170, 6170, 8510, 8510, 1160, 1160, 250, 140, 140, 4080, 4440, 4440, 640, 640, 17430, 7380, 7380, 17430, 90, 90, 170, 170, 180, 180, 5410, 5410, 220, 220, 260, 310, 310, 260, 1460, 1460, 2990, 180, 180, 30250, 30250, 5710, 320, 5710, 370, 370, 3600, 3600, 3790, 400, 880, 880, 80, 80, 340, 340, 90, 90, 280, 280, 540, 540, 2810, 2810, 1260, 1260, 20, 20, 70, 20, 70, 20, 330, 330, 330, 330, 450, 450, 460, 4440, 350, 4440, 350, 460, 370, 50, 50, 370, 2990, 4980, 1950, 1950, 4980, 380, 570, 380, 570, 140, 750, 750, 140, 1630, 1630, 10, 830, 830, 1530, 1530, 600, 600, 380, 220, 800, 800, 10, 10, 6030, 6030, 40, 40, 280, 280, 17140, 660, 10, 70, 10, 70, 110, 110, 2190, 180, 2190, 180, 270, 270, 120, 8730, 120, 50, 8730, 50, 4030, 250, 4030, 250, 3240, 3240, 50, 50, 5870, 5870, 200, 200, 540, 540, 1070, 1070, 40, 40, 3620, 3620, 2010, 1090, 2010, 1090, 50, 50, 600, 600, 1360, 1360, 220, 220, 1460, 470, 1460, 470, 710, 2690, 2690, 40, 40, 90, 90, 1980, 1980, 50, 50, 390, 390, 6580, 6580, 180, 180, 30, 60, 30, 60, 6410, 2860, 2860, 20, 730, 2050, 2050, 80, 360, 360, 80, 1030, 1030, 4060, 4060, 80, 80, 300, 300, 10, 170, 170, 10, 490, 490]"
2020-10-25 00:40:00+00:00,399690,2,371.0,"[620, 620, 13670, 600, 330, 330, 600, 60, 60, 1360, 20, 1360, 1200, 1200, 40, 40, 1140, 1140, 800, 1490, 800, 690, 690, 60, 1180, 60, 190, 4040, 190, 4040, 300, 280, 280, 300, 120, 120, 440, 440, 350, 630, 350, 630, 440, 440, 1110, 1110, 6520, 6520, 440, 440, 630, 340, 340, 630, 790, 7110, 7110, 790, 4570, 790, 4570, 30, 30, 20, 20, 20, 20, 860, 860, 0, 0, 350, 140, 350, 140, 360, 360, 600, 600, 4580, 4580, 40, 40, 70, 70, 630, 630, 1070, 1070, 0, 0, 10, 10, 1450, 6410, 1450, 6410, 170, 170, 10, 10, 160, 160, 250, 250, 430, 430, 120, 120, 70, 70, 9010, 40, 40, 2250, 2250, 70, 340, 340, 460, 460, 4160, 60, 60, 200, 200, 280, 280, 900, 900, 100, 100, 430, 430, 40, 40, 670, 780, 310, 780, 310, 70, 70, 50, 100, 50, 100, 440, 8980, 440, 8980, 500, 500, 320, 1750, 1750, 2340, 2340, 810, 810, 1390, 1390, 3510, 180, 3510, 270, 270, 960, 960, 1730, 1730, 70, 70, 160, 160, 90, 90, 2610, 2610, 110, 110, 420, 260, 2290, 420, 260, 2290, 1000, 1000, 240, 290, 290, 3790, 3790, 450, 450, 30, 30, 110, 180, 180, 0, 110, 0, 700, 700, 680, 680, 230, 230, 50, 10, 50, 10, 420, 20, 20, 530, 530, 350, 350, 220, 10, 10, 220, 300, 300, 30, 30, 550, 550, 60, 60, 290, 290, 200, 200, 40, 40, 1180, 1180, 170, 170, 1640, 380, 380, 1640, 30, 30, 60, 340, 340, 60, 180, 2170, 420, 180, 2170, 420, 110, 60, 60, 570, 570, 5870, 5870, 40, 40, 30, 30, 8370, 8370, 580, 580, 270, 270, 320, 320, 2090, 2090, 1890, 1890, 30, 980, 980, 1180, 1180, 300, 300, 160, 160, 340, 340, 8370, 8370, 190, 140, 560, 190, 140, 560, 2310, 2310, 160, 7930, 7930, 130, 110, 110, 1900, 1900, 570, 11560, 11560, 5950, 5950, 100, 100, 2490, 2490, 20, 20, 40, 40, 80, 80, 410, 410, 530, 530, 130, 160, 130, 160, 600, 600, 140, 140, 200, 10, 200, 10, 260, 260, 630, 630, 60, 60, 180, 180, 390, 390, 510, 510, 470, 120, 1150, 120, 1150, 260, 1460, 1420, 280, 3460, 280, 260, 1420, 1460, 3460, 1000, 1000]"
2020-10-25 00:45:00+00:00,1503080,2,463.0,"[260, 200, 260, 200, 90, 90, 1150, 30, 30, 1150, 480, 480, 130, 130, 190, 190, 690, 1330, 1330, 0, 210, 210, 0, 1660, 1660, 130, 470, 710, 470, 130, 710, 1090, 1090, 40, 40, 380, 380, 30, 600, 600, 7390, 7390, 510, 510, 1130, 1130, 0, 0, 1830, 1830, 450, 450, 60, 510, 510, 410, 410, 100, 40, 40, 100, 350, 250, 350, 250, 2680, 2680, 7470, 7470, 580, 0, 0, 4520, 180, 4520, 1300, 180, 370, 90, 90, 640, 640, 1260, 1260, 20, 20, 1900, 20, 20, 1900, 14340, 230, 14340, 230, 2570, 2570, 1460, 1460, 70, 70, 1160, 1160, 320, 320, 730, 730, 80, 80, 730, 730, 1480, 4340, 260, 260, 1480, 4340, 2440, 2440, 1900, 1900, 390, 390, 50, 210, 530, 210, 50, 440, 440, 60, 60, 260, 260, 480, 480, 2810, 2810, 320, 320, 520, 520, 30, 1430, 1220, 1220, 500, 500, 1110, 520, 520, 30, 30, 80, 80, 10, 10, 110, 1890, 1890, 30, 750, 750, 370, 30, 370, 1360, 30, 1360, 30, 3540, 3540, 2480, 4410, 4410, 2480, 160, 80, 80, 2370, 2370, 160, 140, 140, 1220, 1220, 300, 300, 20, 20, 6850, 6850, 2470, 2470, 140, 140, 590, 590, 7470, 500, 500, 20, 20, 7470, 110, 470, 6250, 110, 470, 3170, 3170, 800, 800, 1140, 1140, 2460, 2460, 80, 240, 80, 240, 120, 120, 15710, 60, 15710, 50, 60, 50, 110, 110, 110, 40, 1340, 110, 40, 1340, 1910, 1910, 7950, 7950, 240, 240, 80, 80, 40, 40, 2700, 2700, 260, 2020, 1130, 260, 1130, 2020, 40, 40, 900, 900, 1300, 190, 100, 100, 620, 620, 100, 100, 100, 340, 340, 100, 300, 300, 120, 120, 120, 110, 120, 110, 130, 150, 150, 500, 500, 7080, 7080, 240, 260, 260, 1640, 0, 0, 1640, 110, 190, 190, 110, 3650, 3650, 80, 80, 10, 780, 780, 3020, 1490, 260, 3020, 1490, 260, 280, 5090, 5090, 280, 50, 50, 320, 160, 320, 160, 100, 100, 4560, 4560, 20, 20, 1430, 1430, 1640, 1640, 80, 80, 18440, 760, 760, 18440, 970, 970, 100, 100, 1160, 3870, 3870, 1620, 1620, 120, 180, 120, 180, 1150, 1150, 80, 80, 830, 830, 10, 310, 10, 310, 240, 240, 230, 230, 360, 360, 1230, 100, 100, 150, 150, 20, 20, 940, 940, 750, 750, 400, 400, 120, 2600, 300, 2600, 300, 120, 2010, 2010, 340, 340, 60, 60, 390, 390, 570, 570, 760, 760, 340, 260, 260, 380, 380, 40, 190, 190, 40, 520, 520, 980, 980, 10, 20, 240, 10, 20, 240, 750, 430, 30, 430, 120, 750, 120, 2220, 2220, 680, 680, 80, 80, 4120, 4120, 2140, 10, 10, 2140, 500, 10, 500, 10, 750, 750, 110, 110, 250, 250, 60, 60, 150, 150, 310, 150, 310, 150, 40, 40, 400, 400, 270, 270]"
2020-10-25 00:50:00+00:00,1396400,6,429.0,"[60, 60, 180, 180, 50, 0, 50, 900, 900, 910, 910, 4630, 4630, 60, 130, 130, 60, 10, 60, 690, 690, 170, 170, 2300, 120, 190, 120, 1320, 1740, 1320, 1740, 3760, 380, 380, 3760, 500, 330, 330, 500, 240, 240, 1740, 1740, 7390, 7390, 0, 0, 100, 1260, 1260, 260, 260, 100, 230, 100, 230, 40, 40, 380, 380, 270, 270, 70, 70, 100, 790, 790, 100, 2360, 6300, 6300, 10, 10, 3610, 3610, 500, 500, 1230, 120, 120, 1230, 1280, 200, 80, 200, 80, 100, 100, 80, 80, 100, 100, 120, 120, 610, 610, 2120, 2120, 80, 510, 310, 80, 490, 510, 310, 490, 30, 30, 300, 220, 490, 220, 490, 330, 330, 48460, 48460, 110, 110, 310, 30, 30, 310, 310, 130, 130, 140, 100, 100, 140, 100, 300, 100, 300, 240, 240, 770, 770, 290, 290, 130, 130, 520, 520, 3590, 3590, 60, 60, 320, 320, 110, 110, 310, 1470, 1470, 130, 130, 100, 510, 100, 510, 650, 1910, 1910, 650, 50, 50, 450, 450, 2900, 60, 2900, 60, 20, 20, 10700, 2560, 2560, 990, 990, 210, 210, 460, 460, 510, 510, 580, 330, 580, 330, 1580, 320, 320, 1580, 1030, 780, 780, 1030, 180, 340, 340, 180, 550, 870, 550, 270, 870, 270, 120, 120, 5920, 5920, 100, 100, 100, 100, 350, 40, 350, 1820, 1820, 2140, 1300, 1300, 680, 680, 280, 280, 330, 330, 280, 10, 10, 280, 220, 220, 280, 390, 50, 50, 280, 390, 120, 120, 70, 70, 700, 700, 280, 2500, 280, 450, 2500, 450, 70, 1040, 30, 70, 1040, 30, 500, 500, 70, 660, 660, 70, 330, 330, 80, 80, 790, 790, 450, 450, 140, 2480, 140, 2480, 3540, 3540, 410, 410, 130, 1670, 60, 1670, 60, 9970, 9970, 610, 610, 180, 180, 880, 880, 20, 20, 320, 320, 1210, 1210, 2050, 2050, 10, 250, 250, 300, 300, 440, 440, 20, 20, 30, 30, 60, 60, 260, 260, 90, 90, 4730, 4730, 160, 160, 110, 110, 40, 240, 240, 20, 790, 20, 790, 2700, 40, 2700, 40, 220, 30270, 30270, 220, 420, 420, 70, 70, 11510, 11510, 150, 150, 2260, 2260, 1000, 1000, 20, 120, 120, 20, 30, 280, 280, 30, 670, 670, 50, 50, 150, 160, 390, 280, 280, 390, 20, 20, 720, 720, 790, 140, 140, 790, 80, 650, 280, 80, 650, 270, 270, 280, 130, 130, 170, 170, 560, 560, 1080, 1080, 30, 30, 290, 290, 470, 470, 30, 250, 250, 920, 920, 1980, 1980, 490, 490, 250, 90, 250, 90, 470, 470, 2230, 2230, 180, 3440, 180, 3440, 110, 110, 210, 210]"
2020-10-25 00:55:00+00:00,587970,1,483.0,"[1010, 1010, 10, 10, 2190, 2190, 1040, 1040, 40, 360, 1460, 1460, 70, 70, 3150, 300, 300, 110, 110, 260, 260, 80, 160, 4080, 3280, 20, 4080, 620, 620, 50, 50, 0, 0, 1260, 1260, 20, 20, 280, 280, 20, 2340, 90, 90, 2340, 0, 0, 4070, 4070, 260, 260, 17310, 17310, 60, 130, 60, 730, 60, 60, 730, 160, 360, 160, 150, 810, 350, 350, 20, 20, 0, 240, 240, 1380, 1380, 140, 140, 10, 30, 10, 30, 360, 140, 360, 140, 310, 310, 680, 680, 700, 230, 230, 90, 90, 10, 2070, 2070, 3820, 3820, 2950, 130, 130, 2950, 130, 90, 130, 90, 550, 550, 10, 4860, 4860, 150, 150, 10, 10, 460, 3820, 460, 3820, 200, 200, 360, 360, 930, 2040, 930, 2040, 3180, 50, 3180, 3820, 3820, 10, 100, 10, 100, 90, 3100, 3100, 90, 820, 40, 820, 40, 700, 460, 540, 540, 460, 50, 80, 280, 2310, 2310, 280, 620, 1840, 330, 1840, 330, 190, 190, 560, 560, 550, 550, 190, 190, 490, 490, 20, 330, 20, 350, 330, 300, 2180, 190, 190, 480, 760, 760, 10, 10, 1760, 640, 640, 1760, 230, 120, 120, 3290, 260, 260, 2230, 2230, 900, 900, 400, 400, 19210, 10, 10, 160, 160, 260, 260, 240, 330, 240, 330, 2050, 2050, 1450, 140, 60, 60, 140, 340, 80, 1640, 80, 580, 580, 1640, 200, 200, 180, 1040, 2320, 1040, 2320, 140, 140, 910, 910, 290, 290, 3780, 3780, 100, 240, 100, 240, 10, 10, 440, 3780, 3780, 440, 3080, 3080, 160, 160, 60, 600, 460, 460, 1660, 1660, 10, 1070, 1070, 740, 740, 130, 130, 4650, 40, 40, 1080, 130, 1080, 90, 90, 2190, 640, 2190, 640, 4640, 4640, 210, 1770, 1770, 210, 490, 370, 50, 110, 70, 50, 110, 70, 560, 560, 1750, 210, 350, 210, 350, 520, 520, 220, 29770, 29770, 220, 380, 380, 60, 3780, 630, 60, 3780, 630, 1200, 430, 1200, 430, 420, 140, 420, 440, 440, 2190, 2190, 110, 110, 2760, 1060, 1090, 1060, 850, 10, 40, 40, 2860, 2860, 2350, 2350, 940, 940, 320, 320, 120, 0, 0, 160, 160, 440, 440, 360, 360, 4480, 4480, 470, 470, 6810, 6810, 7870, 7870, 30, 11530, 80, 40, 40, 230, 230, 1410, 1410, 30, 570, 570, 50, 840, 840, 0, 120, 310, 310, 120, 110, 110, 1760, 350, 350, 260, 260, 260, 5630, 5630, 360, 600, 140, 140, 600, 2780, 2780, 1500, 1500, 20, 920, 1840, 20, 2130, 2130, 260, 6130, 1560, 6130, 1560, 130, 130, 830, 560, 560, 830, 570, 790, 790, 120, 120, 5600, 5600, 4480, 4480, 30, 30, 10, 10, 380, 3770, 380, 160, 15930, 160, 1120, 1120, 330, 380, 380, 270, 120, 270, 160, 80, 80, 160, 90, 90, 2830, 2830, 3770, 740, 740, 170, 170, 3170, 130, 130, 60, 60, 110, 940, 940, 410, 410, 40, 40, 710, 30, 710, 30, 940, 300, 600, 600, 940, 540, 10, 40, 10, 540, 60, 60]"
2020-10-25 01:00:00+00:00,632620,2,446.0,"[560, 1440, 140, 140, 1440, 10, 10, 160, 230, 160, 230, 320, 320, 0, 130, 0, 130, 160, 160, 1370, 1370, 200, 1230, 200, 2120, 360, 360, 2120, 160, 160, 300, 300, 250, 250, 210, 210, 140, 140, 570, 570, 1940, 1940, 190, 190, 120, 120, 850, 40, 40, 850, 580, 20, 20, 920, 920, 220, 210, 1650, 210, 60, 220, 60, 1650, 990, 150, 990, 150, 970, 60, 60, 80, 80, 660, 660, 720, 800, 800, 20, 20, 5130, 5130, 260, 50, 260, 50, 390, 340, 340, 390, 3010, 3010, 990, 990, 1820, 520, 520, 1820, 190, 270, 40, 270, 190, 50, 50, 910, 910, 150, 90, 150, 90, 470, 470, 50, 440, 50, 120, 440, 120, 60, 400, 400, 60, 320, 320, 100, 100, 660, 720, 150, 150, 540, 540, 800, 10, 10, 620, 620, 1030, 300, 300, 1170, 1170, 1370, 1370, 30, 50, 50, 650, 30, 650, 440, 440, 350, 1070, 450, 14720, 450, 14720, 90, 90, 80, 150, 80, 150, 60, 410, 10, 1500, 140, 1500, 140, 10, 60, 410, 2150, 140, 140, 140, 140, 80, 80, 120, 3010, 2100, 3010, 720, 720, 130, 130, 850, 570, 850, 570, 60, 60, 90, 1230, 3330, 3330, 3010, 3010, 9680, 9680, 570, 700, 250, 23970, 700, 570, 250, 23970, 850, 850, 70, 70, 1720, 6030, 12400, 1720, 12400, 2640, 3960, 10, 1000, 280, 280, 190, 190, 210, 1900, 1900, 810, 810, 280, 280, 90, 190, 1160, 90, 1160, 730, 250, 250, 650, 650, 650, 650, 520, 520, 220, 220, 3800, 700, 700, 160, 130, 130, 300, 300, 30, 30, 210, 210, 2080, 4570, 610, 4570, 610, 1140, 220, 1140, 220, 560, 560, 620, 590, 620, 1670, 10, 590, 2520, 2520, 590, 70, 590, 70, 170, 9680, 9680, 590, 590, 2030, 2030, 120, 180, 180, 120, 2610, 2610, 410, 410, 200, 300, 200, 300, 100, 290, 100, 100, 170, 170, 100, 380, 100, 380, 100, 200, 10, 150, 150, 1720, 100, 710, 1720, 100, 710, 930, 930, 400, 5690, 5690, 1520, 1520, 2430, 2430, 750, 750, 990, 990, 1870, 1870, 3230, 170, 170, 990, 1780, 220, 220, 370, 3870, 3870, 370, 1060, 2660, 2660, 300, 300, 10, 1720, 400, 10, 1720, 400, 2290, 2290, 30, 30, 450, 450, 110, 110, 64260, 64260, 320, 320, 40, 330, 330, 40, 1160, 300, 300, 310, 10, 50, 560, 1590, 1590, 1120, 1120, 100, 100, 400, 400, 27710, 27710, 160, 700, 700, 160, 3790, 140, 40, 40, 550, 140, 0, 1110, 580, 1110, 790, 2200, 70, 70, 250, 220, 220, 80, 80, 160, 450, 160, 450, 1340, 20, 20, 300, 300, 100, 130, 130, 480, 480, 240, 240, 620, 620, 190, 190, 110, 110, 1140, 1140, 410, 410, 290]"
2020-10-25 01:05:00+00:00,494800,1,413.0,"[130, 250, 250, 130, 180, 180, 330, 330, 3150, 850, 850, 3150, 1780, 1780, 10, 10, 2110, 2110, 980, 270, 270, 980, 840, 1870, 110, 6220, 110, 6220, 260, 260, 220, 1980, 1980, 180, 220, 180, 60, 70, 70, 390, 390, 1000, 180, 320, 180, 1000, 940, 940, 130, 6640, 6640, 320, 320, 30, 30, 80, 80, 210, 210, 1620, 550, 5440, 550, 6880, 5440, 620, 620, 3960, 3960, 20, 20, 180, 180, 20, 440, 20, 6780, 6780, 440, 300, 100, 100, 300, 760, 160, 160, 1540, 70, 1540, 70, 60, 60, 250, 250, 60, 50, 60, 50, 30, 700, 30, 700, 630, 190, 2200, 190, 2200, 150, 150, 1000, 1000, 150, 150, 150, 150, 350, 350, 20, 20, 1150, 1150, 330, 700, 700, 1910, 1910, 1540, 1540, 300, 300, 300, 300, 620, 810, 20, 20, 210, 60, 150, 60, 150, 20, 20, 1110, 1110, 310, 30, 310, 30, 200, 200, 100, 850, 850, 380, 380, 1370, 730, 30, 30, 1370, 240, 240, 1270, 1270, 470, 470, 760, 3030, 760, 3030, 100, 100, 20, 20, 430, 1620, 1620, 200, 150, 150, 70, 70, 1330, 40, 90, 90, 110, 110, 560, 560, 80, 80, 150, 150, 1200, 1200, 1020, 1020, 240, 240, 1200, 1200, 360, 360, 1610, 2360, 2360, 1180, 1180, 70, 30, 70, 30, 580, 880, 880, 10, 10, 60, 400, 60, 400, 240, 240, 35760, 5710, 5710, 1080, 260, 260, 50, 50, 10, 10, 1080, 10, 10, 870, 570, 570, 30, 380, 30, 13140, 290, 290, 2360, 2360, 180, 180, 700, 60, 700, 60, 90, 790, 90, 210, 350, 350, 390, 390, 220, 330, 330, 570, 570, 150, 150, 27710, 27710, 350, 350, 5740, 5740, 3590, 620, 3590, 620, 1010, 1010, 150, 150, 170, 100, 100, 170, 1200, 290, 290, 220, 220, 1900, 700, 400, 390, 400, 390, 770, 770, 160, 160, 60, 220, 220, 1080, 1080, 1200, 860, 860, 1020, 1020, 1640, 1640, 410, 410, 70, 70, 410, 470, 1640, 1640, 470, 410, 1150, 1150, 160, 260, 400, 400, 260, 330, 330, 520, 870, 570, 1080, 520, 570, 870, 210, 210, 60, 410, 5150, 32000, 32000, 120, 320, 120, 320, 180, 0, 1550, 180, 1550, 820, 820, 320, 7010, 320, 7010, 880, 880, 290, 290, 150, 150, 30, 880, 880, 40, 40, 40, 2760, 80, 130, 130, 80, 310, 90, 90, 1370, 1400, 1400, 660, 660, 220, 220, 120, 120, 1120, 1120, 560, 560, 430, 430, 30, 410, 30, 620, 620, 340, 340, 1550, 1550, 90, 90, 10, 410, 410, 2060]"
2020-10-25 01:10:00+00:00,488250,0,361.0,"[730, 560, 2450, 560, 2450, 290, 290, 20, 20, 600, 11470, 11470, 3040, 920, 920, 3040, 170, 170, 870, 870, 310, 20, 310, 20, 20, 20, 820, 820, 90, 590, 90, 200, 200, 30, 220, 250, 30, 220, 250, 240, 240, 820, 100, 100, 10, 10, 100, 100, 650, 650, 1220, 1260, 240, 100, 100, 1420, 1420, 1260, 4080, 500, 4080, 500, 8420, 8420, 290, 6550, 500, 290, 6550, 200, 200, 20, 20, 150, 1950, 1950, 150, 180, 180, 2490, 2490, 14370, 20, 1700, 20, 520, 920, 520, 90, 90, 20, 20, 200, 50, 30, 50, 1750, 1750, 1420, 630, 630, 1420, 460, 380, 460, 50, 40, 40, 40, 990, 3450, 3450, 220, 220, 1710, 1710, 20, 20, 320, 320, 130, 130, 60, 60, 380, 380, 850, 330, 500, 1370, 1130, 330, 1130, 500, 100, 100, 360, 360, 1120, 1120, 150, 150, 1350, 1350, 3100, 540, 540, 40, 40, 10, 1140, 1140, 70, 70, 380, 1040, 1040, 380, 20, 10, 60, 10, 60, 40, 40, 280, 280, 1500, 1500, 50, 50, 250, 250, 660, 660, 40, 40, 640, 640, 2180, 530, 2180, 530, 10, 10, 580, 580, 60, 350, 350, 20, 20, 60, 60, 320, 2140, 2140, 380, 380, 2140, 2140, 0, 0, 40, 10, 10, 500, 500, 400, 110, 110, 310, 310, 50, 50, 400, 550, 400, 550, 170, 170, 1420, 1420, 20, 20, 90, 90, 270, 270, 2800, 2800, 100, 100, 840, 840, 1350, 3240, 70, 3240, 130, 1350, 70, 130, 3250, 70, 70, 1450, 220, 1450, 280, 150, 150, 1920, 80, 80, 8360, 8360, 640, 640, 1560, 1560, 4180, 4180, 180, 180, 700, 1950, 440, 1950, 60, 60, 270, 150, 150, 200, 200, 920, 920, 2780, 2780, 8660, 8660, 76960, 490, 660, 490, 660, 2180, 220, 2180, 110, 110, 5810, 5810, 120, 120, 230, 230, 1910, 1910, 3400, 3400, 12400, 12400, 670, 670, 310, 1260, 1260, 330, 330, 1750, 1750, 150, 150, 200, 200, 1190, 5970, 5970, 20, 10310, 10310, 20, 140, 140, 120, 1420, 1420, 960, 20, 20, 960, 380, 380, 430, 430, 60, 60, 150, 3490, 3490, 150, 1300, 160, 160, 1230, 1230, 5920, 20, 20, 220, 220, 120, 60, 120, 60, 50, 50, 180, 180]"
2020-10-25 01:15:00+00:00,438270,0,382.0,"[170, 170, 40, 40, 460, 40, 40, 100, 100, 860, 860, 130, 130, 160, 5270, 160, 5270, 530, 1250, 590, 1250, 310, 310, 590, 5920, 1300, 270, 270, 5920, 120, 370, 370, 360, 360, 70, 70, 2140, 2390, 2390, 220, 220, 1370, 1370, 2660, 340, 1820, 90, 340, 1820, 90, 11560, 11560, 1330, 2040, 2040, 950, 950, 10, 10, 220, 90, 220, 90, 140, 10, 420, 20, 20, 3410, 80, 80, 3410, 20, 260, 260, 20, 3070, 50, 3070, 50, 1880, 1880, 40, 40, 160, 160, 180, 50, 180, 180, 50, 180, 610, 610, 100, 100, 320, 320, 140, 390, 390, 850, 70, 70, 320, 10, 10, 130, 4090, 4090, 30, 30, 350, 350, 220, 280, 280, 420, 420, 130, 130, 20, 20, 280, 280, 13950, 13950, 170, 170, 2330, 2330, 130, 130, 6100, 710, 6100, 710, 2200, 2200, 620, 620, 870, 870, 90, 90, 150, 10, 10, 130, 130, 10, 10, 110, 110, 1800, 150, 150, 1800, 1540, 1540, 320, 320, 70, 260, 210, 600, 600, 100, 100, 260, 2650, 2650, 230, 230, 90, 90, 1720, 1720, 90, 20, 90, 20, 880, 1580, 880, 30, 100, 30, 100, 160, 160, 60, 10, 10, 60, 220, 220, 320, 320, 120, 530, 530, 120, 200, 30, 300, 300, 7420, 10, 7420, 520, 60, 520, 190, 210, 210, 60, 190, 30, 30, 720, 230, 720, 230, 400, 400, 50, 50, 20, 20, 520, 490, 520, 490, 2140, 2680, 2140, 170, 1590, 710, 710, 890, 890, 180, 180, 120, 120, 100, 100, 10, 10, 1150, 1150, 3010, 3010, 160, 160, 4980, 600, 370, 370, 1250, 1250, 930, 140, 930, 140, 20, 20, 10, 200, 200, 730, 1010, 2300, 20, 20, 1100, 1100, 190, 190, 310, 310, 190, 190, 2180, 300, 1980, 1980, 2350, 2350, 2960, 2960, 80, 320, 320, 80, 340, 340, 100, 100, 1430, 360, 360, 400, 400, 370, 370, 170, 560, 660, 660, 40, 40, 90, 90, 150, 150, 20, 20, 340, 170, 170, 0, 0, 180, 70, 70, 1030, 1030, 90, 90, 970, 970, 760, 760, 80, 80, 0, 0, 310, 150, 310, 150, 120, 2180, 150, 1340, 2540, 280, 2540, 280, 450, 450, 80, 80, 1280, 40, 40, 1280, 6100, 240, 240, 6100, 140, 140, 1220, 1220, 2350, 2350, 4830, 430, 70, 70, 190, 720, 260, 260, 20, 20]"
2020-10-25 01:20:00+00:00,1333880,9,459.0,"[460, 270, 270, 460, 250, 250, 780, 1230, 1230, 320, 320, 20, 1810, 130, 20, 50, 50, 50, 2630, 50, 520, 3520, 10570, 710, 10570, 710, 30, 30, 1020, 1020, 2780, 2780, 70, 70, 80, 80, 130, 130, 3520, 690, 690, 110, 60, 110, 830, 830, 2320, 2320, 2350, 60, 2220, 2220, 60, 10, 3980, 1100, 1100, 240, 240, 520, 520, 0, 0, 130, 130, 70, 990, 990, 780, 780, 5950, 5950, 1680, 1680, 140, 140, 270, 270, 600, 1420, 600, 60100, 2480, 60100, 2480, 1730, 1730, 450, 820, 60, 450, 60, 820, 600, 600, 30, 30, 170, 170, 150, 150, 5850, 20, 5850, 20, 900, 80, 900, 80, 80, 930, 80, 20, 20, 780, 70, 780, 70, 80, 80, 470, 470, 5350, 280, 5350, 10, 20, 400, 20, 400, 10, 90, 90, 120, 120, 750, 30, 30, 750, 50, 0, 60, 50, 50, 1470, 1470, 430, 430, 0, 0, 20, 20, 390, 390, 10, 10, 860, 860, 10, 120, 660, 660, 1090, 1090, 30, 31060, 10360, 31060, 10360, 0, 0, 6700, 6700, 2350, 2350, 12400, 12400, 1700, 1700, 130, 2560, 130, 2560, 2150, 2150, 76030, 19000, 19000, 510, 510, 520, 400, 400, 240, 240, 72090, 120, 120, 2590, 790, 1470, 790, 2590, 1660, 1660, 1070, 1070, 140, 140, 280, 280, 3610, 3610, 4110, 80, 80, 100, 100, 30, 30, 500, 500, 110, 310, 310, 11760, 11760, 500, 160, 160, 2350, 260, 30, 30, 260, 1470, 2250, 2250, 570, 570, 520, 520, 40, 120, 120, 40, 60, 350, 350, 40, 40, 340, 310, 340, 1660, 1660, 730, 6190, 300, 300, 290, 760, 350, 350, 250, 250, 1140, 1140, 2150, 2150, 310, 120, 310, 3230, 30, 1640, 450, 80, 80, 2350, 540, 2350, 540, 650, 9680, 9680, 0, 0, 1120, 1980, 2170, 1120, 730, 730, 350, 4500, 4500, 2320, 100, 2670, 60, 2670, 10, 10, 470, 150, 470, 150, 630, 1150, 630, 260, 260, 2310, 220, 220, 3900, 40, 2280, 2280, 40, 120, 100, 120, 620, 620, 310, 2920, 310, 2920, 790, 790, 350, 350, 240, 240, 510, 190, 3970, 190, 760, 2260, 2850, 1650, 1700, 1700, 810, 1650, 700, 70, 70, 620, 170, 170, 4240, 4240, 60, 690, 690, 13430, 260, 13430, 260, 330, 30, 330, 30, 20, 400, 20, 400, 130, 130, 230, 1060, 260, 230, 1060, 60, 480, 0, 480, 0, 100, 100, 2140, 260, 260, 60, 60, 1810, 530, 530, 370, 370, 20, 3960, 260, 260, 2700, 2700, 70, 40, 3360, 40, 40, 560, 130, 130, 380, 1640, 380, 290, 290, 2080, 40, 40, 130, 130, 840, 840, 450, 340, 30, 30, 310, 310, 1370, 1370, 320, 70, 70, 310, 12730, 12730, 60, 60, 270, 1560, 1560, 60, 60, 240, 240, 70, 70, 1300, 1300, 660, 310, 200, 200, 240, 240, 1040]"
2020-10-25 01:25:00+00:00,786570,7,446.0,"[5370, 140, 5370, 130, 20, 20, 130, 1070, 920, 20, 920, 20, 10, 200, 200, 690, 690, 420, 360, 420, 560, 560, 940, 360, 30, 30, 190, 170, 930, 930, 70, 70, 670, 670, 140, 110, 140, 1320, 380, 420, 500, 3220, 450, 820, 820, 80, 80, 3880, 3880, 470, 3700, 3700, 470, 8360, 590, 590, 4020, 4020, 920, 40, 920, 30, 4480, 4480, 1080, 1080, 40, 40, 4020, 4020, 1460, 370, 50, 50, 4490, 0, 0, 300, 300, 31470, 31470, 70, 70, 520, 520, 750, 370, 40, 40, 520, 520, 320, 1450, 320, 1450, 0, 450, 300, 450, 300, 30, 30, 640, 640, 20, 20, 290, 290, 280, 280, 500, 1700, 80, 80, 60, 280, 280, 60, 3720, 1100, 7750, 7750, 10360, 90, 10360, 750, 750, 150, 150, 300, 350, 350, 1010, 390, 1110, 460, 1110, 390, 1820, 5060, 5060, 110, 740, 110, 70, 70, 120, 31470, 120, 31470, 150, 150, 250, 250, 20, 490, 60, 60, 200, 200, 150, 2630, 2630, 150, 9040, 170, 9040, 260, 260, 260, 260, 4440, 1690, 1690, 2370, 2370, 1080, 60, 1740, 1740, 130, 130, 90, 90, 30, 1300, 30, 1300, 130, 3900, 60, 60, 3900, 3900, 40, 40, 0, 1860, 2730, 0, 21720, 1860, 21720, 120, 120, 150, 270, 2080, 40, 740, 740, 1080, 1080, 4900, 4900, 4010, 4010, 50, 50, 100, 100, 130, 130, 230, 30, 230, 30, 100, 100, 80, 320, 320, 80, 20, 250, 250, 160, 300, 300, 160, 120, 120, 310, 2300, 1300, 320, 570, 1300, 2300, 570, 40, 3820, 570, 4360, 570, 1440, 140, 1440, 200, 140, 90, 90, 10, 10, 20, 60, 60, 20, 90, 1700, 4860, 320, 320, 430, 430, 3820, 3820, 60, 60, 10, 170, 10, 740, 160, 160, 350, 350, 7860, 0, 7860, 0, 660, 1730, 790, 760, 110, 1410, 320, 320, 460, 460, 28280, 28280, 1240, 4340, 750, 10, 10, 1250, 1250, 28280, 1710, 28280, 3040, 3040, 90, 150, 150, 300, 260, 40, 300, 260, 40, 170, 170, 250, 250, 2640, 670, 2640, 670, 20, 20, 1250, 1250, 310, 310, 2350, 940, 940, 100, 100, 660, 30, 30, 40, 40, 450, 450, 2260, 3080, 2260, 20, 12470, 20, 540, 540, 190, 190, 70, 500, 180, 180, 90, 2950, 390, 390, 1080, 1080, 180, 80, 180, 20, 20, 150, 130, 150, 130, 1530, 160, 160, 150, 40, 40, 190, 120, 190, 120, 630, 630, 90, 3210, 140, 3210, 140, 8960, 460, 8960, 320, 320, 460, 460, 20, 150, 80, 1900, 150, 80, 1700, 1700, 90, 90, 18380, 18380, 400, 400, 1900, 1900, 160, 250, 250, 200, 200, 100, 480, 100, 480, 1160, 120, 1160, 120, 110, 410, 410, 3210, 3210, 0, 0, 3580, 3580, 130, 130, 3370]"
2020-10-25 01:30:00+00:00,1353500,2,461.0,"[1430, 100, 20, 90, 10, 50, 50, 1350, 1350, 2090, 60, 60, 1190, 180, 180, 510, 510, 450, 540, 540, 450, 3650, 40, 40, 430, 60, 60, 910, 430, 670, 190, 540, 540, 40, 40, 180, 180, 360, 1670, 1670, 740, 230, 230, 1630, 1630, 440, 440, 420, 360, 360, 20, 50, 350, 50, 350, 100, 100, 2900, 2900, 300, 300, 310, 4680, 4680, 10, 10, 90, 17700, 17700, 150, 560, 280, 400, 400, 310, 310, 50, 50, 260, 1250, 260, 1250, 2130, 3540, 310, 310, 1200, 1200, 2730, 2730, 40, 40, 170, 170, 130, 630, 50, 630, 460, 460, 260, 350, 350, 1450, 260, 180, 180, 350, 210, 560, 210, 330, 330, 7750, 10, 10, 250, 20, 250, 5470, 5470, 490, 490, 50, 50, 1790, 20, 130, 1790, 130, 20, 860, 570, 860, 890, 890, 530, 650, 7020, 80, 80, 100, 100, 1000, 10, 10, 90, 200, 200, 90, 400, 400, 1380, 670, 1380, 590, 590, 1200, 1200, 1020, 1020, 180, 180, 150, 150, 70, 70, 10, 10, 480, 480, 1790, 1790, 700, 180, 180, 170, 170, 700, 120, 10110, 1880, 1880, 6280, 6280, 40, 310, 50, 2660, 50, 2660, 310, 260, 5150, 1350, 40, 40, 180, 180, 500, 500, 130, 2880, 2880, 130, 820, 820, 840, 170, 940, 940, 170, 840, 380, 300, 300, 38470, 1050, 1050, 1930, 1930, 60, 0, 0, 460, 5450, 3790, 14650, 47150, 47150, 40, 90, 90, 5470, 380, 380, 5470, 550, 550, 60, 130, 130, 1640, 30, 30, 440, 240, 240, 440, 70, 70, 790, 1180, 1180, 370, 100, 10400, 370, 100, 10400, 10450, 10450, 140, 140, 1180, 1180, 810, 810, 1570, 410, 1570, 800, 800, 330, 330, 220, 430, 220, 430, 560, 560, 110, 47150, 60, 60, 47150, 130, 130, 1530, 60, 60, 1530, 5410, 240, 2080, 5410, 2270, 2270, 570, 570, 1030, 430, 1030, 430, 450, 40, 450, 40, 10, 10, 100, 2790, 1510, 260, 1510, 260, 600, 600, 220, 220, 430, 430, 1220, 1220, 260, 260, 580, 580, 130, 2430, 130, 2430, 510, 510, 1250, 430, 1250, 430, 3980, 3980, 140, 140, 70, 70, 470, 450, 470, 450, 10, 7180, 10, 980, 30, 10, 10, 420, 420, 30, 1320, 1320, 330, 330, 1950, 1950, 20, 20, 230, 30, 450, 30, 450, 230, 530, 530, 2320, 2320, 330, 330, 11620, 830, 100, 310, 410, 40, 100, 40, 310, 410, 30, 900, 900, 7100, 7100, 960, 960, 10, 260, 10, 260, 130, 130, 60, 60, 70, 260, 260, 400, 1510, 10, 1510, 10, 70, 490, 100, 100, 490, 20, 1010, 1010, 370, 370, 200, 60, 60, 2640, 60, 2640, 60, 1680, 1680, 5720, 10, 210, 5720, 210, 10, 290, 290, 930, 930, 80, 80, 90, 4830, 90, 570, 570, 20, 130, 150, 130, 20, 150, 20, 20, 1840, 1840]"
2020-10-25 01:35:00+00:00,1259330,8,546.0,"[1270, 1270, 80, 380, 380, 80, 51590, 720, 720, 40, 160, 40, 70, 50, 480, 480, 70, 50, 2510, 570, 2510, 570, 1820, 2060, 1820, 1230, 1230, 70, 70, 30, 1670, 30, 1670, 5170, 5170, 100, 20, 100, 4080, 4080, 20, 120, 820, 2130, 1980, 430, 2130, 430, 1980, 220, 220, 1450, 2230, 2230, 1450, 450, 460, 250, 250, 590, 590, 700, 1160, 1160, 700, 1110, 1110, 250, 9630, 120, 120, 1220, 430, 170, 380, 220, 170, 430, 160, 380, 160, 220, 16670, 4080, 4080, 90, 90, 2150, 60, 230, 230, 60, 1180, 1180, 50, 50, 7280, 50, 50, 50, 50, 1220, 40, 40, 1220, 100, 100, 1980, 40, 40, 170, 170, 920, 920, 380, 2080, 2080, 380, 80, 80, 2690, 260, 2690, 900, 900, 320, 320, 650, 520, 520, 4060, 4060, 370, 30, 30, 2690, 2690, 3080, 3080, 10, 10, 10, 10, 10, 10, 300, 300, 710, 710, 360, 360, 3390, 3390, 30, 30, 270, 10, 270, 70, 390, 70, 10, 1080, 1080, 2270, 2270, 310, 210, 3580, 310, 990, 3580, 210, 20, 1190, 20, 2260, 2260, 20, 2430, 20, 20, 3980, 1310, 200, 1310, 200, 1110, 1110, 850, 850, 60, 60, 40, 60, 60, 40, 200, 1790, 200, 160, 550, 160, 550, 1010, 660, 1010, 180, 300, 210, 210, 2490, 2490, 1790, 7610, 390, 390, 7610, 310, 1480, 1480, 14060, 14060, 2670, 2670, 23360, 23360, 6890, 6890, 70, 70, 2560, 0, 2560, 0, 370, 370, 30, 220, 1330, 480, 480, 670, 670, 320, 5040, 5040, 140, 320, 200, 200, 660, 660, 950, 950, 40, 40, 130, 21130, 130, 190, 21130, 1860, 1860, 11690, 11690, 120, 120, 410, 14060, 410, 380, 150, 14060, 380, 1740, 1740, 80, 210, 210, 700, 600, 160, 280, 160, 700, 440, 600, 280, 430, 430, 5830, 210, 210, 5830, 570, 570, 1660, 20, 20, 560, 560, 540, 540, 2630, 2630, 900, 150, 150, 70, 460, 380, 380, 380, 460, 380, 140, 140, 590, 590, 9140, 9140, 410, 1010, 1010, 410, 370, 370, 190, 1210, 1210, 190, 390, 180, 180, 650, 650, 860, 40, 40, 80, 80, 50, 50, 2580, 2580, 620, 620, 60, 60, 2040, 2040, 90, 90, 1550, 80, 80, 30, 30, 100, 100, 50, 1540, 50, 1540, 40, 40, 30, 30, 530, 530, 1530, 400, 1530, 160, 160, 60, 1990, 1990, 60, 100, 500, 100, 500, 110, 110, 80, 140, 80, 1720, 1720, 130, 130, 90, 90, 10, 170, 1160, 260, 260, 110, 110, 3520, 2060, 100, 2060, 100, 1280, 1280, 1430, 1430, 40, 40, 2540, 2540, 250, 250, 430, 430, 870, 870, 310, 470, 310, 3010, 3010, 110, 110, 50, 600, 2540, 600, 50, 2540, 610, 210, 610, 210, 220, 220, 220, 130, 220, 130, 120, 750, 750, 5040, 3580, 3580, 5040, 9370, 9370, 1360, 28580, 28580, 1360, 2760, 250, 250, 10, 830, 830, 191120, 40, 191120, 350, 350, 7380, 3220, 7380, 3220, 380, 380, 5080, 490, 490, 240, 40, 20, 20, 1170, 990, 840, 990, 1170, 840, 20, 20, 1320, 1320, 10, 1220, 1220, 10, 2900, 10, 2900, 480, 10, 480, 50, 560, 50, 560, 10040, 2540, 10040, 2540, 9350, 9350, 0, 4070, 0, 4070, 210, 20, 350, 350, 210, 390, 1590, 120, 120, 1590, 80, 80, 380, 20, 20, 300, 300, 1030, 50, 1030, 50, 2060, 2060, 1680, 1680, 340, 340, 540, 540, 4930, 4930]"
2020-10-25 01:40:00+00:00,676150,2,528.0,"[120, 120, 290, 150, 150, 290, 1680, 1040, 1040, 1410, 1410, 120, 120, 2580, 5760, 5760, 280, 510, 280, 510, 1820, 1820, 1580, 570, 160, 160, 30, 570, 30, 380, 7400, 700, 7400, 700, 750, 380, 750, 24510, 1300, 1300, 22700, 22700, 1030, 1030, 110, 110, 150, 180, 180, 150, 1000, 420, 20, 20, 1000, 1320, 1310, 1010, 1310, 1320, 250, 1010, 250, 40, 40, 560, 560, 15260, 720, 15260, 720, 310, 220, 220, 590, 1770, 1770, 160, 210, 210, 10, 1290, 2430, 1290, 2580, 2580, 360, 110, 110, 110, 500, 50, 500, 110, 50, 210, 1000, 1000, 40, 40, 11650, 11650, 1540, 1540, 4790, 4790, 50, 140, 140, 50, 380, 50, 200, 380, 50, 200, 150, 5060, 150, 260, 240, 50, 260, 240, 110, 530, 530, 110, 40, 0, 260, 260, 40, 20, 20, 10, 10, 90, 1280, 20, 400, 1280, 400, 90, 1370, 600, 600, 1120, 1120, 3560, 860, 3560, 860, 280, 280, 280, 280, 3640, 1960, 3640, 17840, 17840, 140, 140, 1420, 100, 100, 20, 20, 1420, 430, 160, 430, 870, 160, 870, 10, 10, 1220, 90, 550, 550, 1220, 930, 930, 20, 150, 20, 1420, 150, 540, 150, 540, 700, 290, 290, 180, 320, 320, 200, 180, 180, 200, 210, 470, 440, 210, 1310, 440, 100, 470, 120, 280, 120, 150, 150, 220, 100, 100, 710, 710, 130, 130, 50, 50, 5460, 5460, 210, 440, 440, 570, 90, 90, 120, 120, 970, 970, 4380, 4380, 220, 220, 600, 600, 360, 360, 320, 320, 10, 10, 1030, 1030, 200, 200, 120, 10, 2010, 120, 10, 370, 370, 630, 10, 10, 630, 910, 2130, 910, 750, 2130, 750, 100, 100, 800, 560, 140, 970, 970, 170, 170, 340, 40, 1900, 40, 3300, 3300, 3740, 30, 30, 400, 60, 60, 2580, 1000, 2580, 1000, 40, 40, 40, 40, 120, 120, 660, 660, 3190, 550, 550, 40, 3190, 350, 350, 1270, 850, 850, 240, 3960, 3960, 240, 1960, 1270, 1960, 1270, 580, 580, 180, 220, 220, 150, 150, 3920, 3920, 200, 200, 10, 3960, 3960, 10, 240, 240, 110, 110, 2660, 260, 23810, 260, 23810, 2660, 190, 190, 900, 30, 17220, 140, 17220, 30, 150, 150, 140, 90, 90, 130, 130, 170, 640, 640, 10, 10, 130, 420, 130, 420, 430, 430, 70, 560, 560, 70, 70, 70, 1040, 40, 1040, 40, 160, 160, 560, 5910, 560, 5910, 1180, 1180, 430, 430, 7780, 7780, 3450, 3450, 2360, 2360, 280, 80, 80, 280, 320, 320, 720, 720, 260, 260, 190, 190, 2110, 2110, 770, 770, 3560, 3560, 450, 450, 5290, 5290, 2180, 320, 320, 440, 440, 180, 160, 160, 270, 200, 200, 270, 880, 210, 210, 180, 210, 210, 180, 230, 230, 990, 990, 2290, 2290, 0, 0, 20, 120, 20, 120, 300, 0, 300, 0, 500, 750, 750, 240, 610, 610, 130, 130, 20, 20, 220, 220, 260, 260, 730, 880, 880, 5990, 5990, 500, 500, 190, 380, 190, 380, 670, 670, 80, 80, 20, 20, 1000, 600, 1000, 600, 170, 140, 500, 140, 190, 190, 500, 3160, 50, 3160, 400, 400, 440, 440, 2110, 2110, 800, 70, 150, 40, 150, 40, 10, 10, 240, 240, 440, 440, 1280, 1280, 3550, 150, 3550, 150, 5390, 20, 20, 700]"
2020-10-25 01:45:00+00:00,1817520,6,457.0,"[520, 520, 1840, 190, 70, 70, 0, 140, 140, 0, 200, 200, 10, 4110, 170, 4110, 170, 10, 190, 190, 110, 110, 510, 1270, 1270, 1870, 880, 0, 0, 370, 370, 50, 50, 420, 420, 120, 120, 210, 50, 420, 50, 420, 3770, 3770, 2200, 80, 2200, 80, 2550, 480, 480, 200, 40, 40, 30, 460, 30, 460, 20, 730, 100, 100, 730, 10, 2060, 2060, 10, 60, 60, 1740, 1740, 100, 50, 100, 50, 3320, 3320, 230, 700, 700, 460, 210, 1260, 1260, 1270, 1270, 2740, 2740, 680, 680, 790, 790, 500, 9260, 9260, 900, 40, 900, 40, 1700, 1700, 120, 120, 440, 440, 3050, 7860, 170, 7860, 170, 430, 0, 430, 0, 40, 520, 40, 520, 500, 1730, 40, 1730, 500, 7830, 100, 100, 160, 160, 250, 250, 3080, 3080, 490, 760, 760, 20, 20, 10, 10, 3560, 1380, 130, 3560, 1380, 130, 1070, 1070, 20, 160, 20, 160, 670, 670, 6520, 6520, 150, 120, 120, 3080, 3080, 60, 60, 230, 230, 80, 430, 80, 430, 680, 340, 340, 1450, 590, 1450, 220, 220, 590, 90, 90, 160, 160, 390, 2200, 2200, 1420, 850, 1420, 850, 110, 110, 100, 100, 1680, 1680, 2120, 130, 2120, 2360, 200, 200, 1090, 1090, 280, 120, 280, 1090, 120, 1090, 2600, 40, 2600, 1780, 820, 820, 180, 900, 900, 1590, 1590, 10, 10, 2720, 270, 850, 270, 850, 330, 290, 170, 170, 290, 1100, 1100, 3630, 1000, 3630, 1000, 2640, 80, 2640, 50, 50, 770, 770, 1090, 20, 20, 180, 180, 10, 10, 3720, 3720, 530, 530, 2140, 2140, 5990, 5990, 1650, 1650, 1300, 1300, 630, 110, 210, 210, 110, 3640, 460, 3720, 460, 3720, 40, 470, 470, 1680, 1680, 120, 120, 150, 50, 50, 150, 680, 110, 680, 110, 1070, 1070, 3880, 1200, 1200, 120, 650, 650, 50, 50, 2260, 2260, 120, 100, 100, 190, 390, 120, 700, 140, 120, 120, 540, 490, 490, 2130, 1630, 1630, 200, 320, 1420, 1420, 60, 60, 320, 12560, 12560, 110, 80, 110, 80, 3610, 30, 3610, 110, 110, 40, 40, 350, 350, 190, 90, 940, 940, 1070, 720, 40, 40, 720, 1420, 500, 1580, 500, 1580, 70, 940, 940, 19690, 19690, 2360, 90, 90, 1720, 180, 180, 1300, 1300, 20, 450, 2440, 2440, 450, 50, 220, 220, 4380, 4380, 230, 230, 410, 410, 130, 130, 100, 100, 180, 14120, 800, 40, 40, 14120, 800, 40, 40, 180, 0, 0, 100, 10, 100, 90, 40, 40, 80, 90, 80, 40, 40, 90, 90, 100, 100, 40, 40, 200, 200, 130, 130, 2620, 1410, 1410, 8270, 8270, 800, 800, 330, 330, 30, 30, 10, 880, 3100, 120, 120, 2940, 340, 340, 120, 120, 450, 2090, 450, 2090, 750, 810, 810, 40, 40, 10, 560, 560, 2070, 2070, 1960, 1960, 1950]"
2020-10-25 01:50:00+00:00,465660,2,483.0,"[1250, 1250, 6190, 6190, 40, 40, 1150, 220, 1860, 220, 220, 860, 220, 1880, 1880, 90, 90, 6270, 6270, 850, 60, 250, 60, 250, 30, 30, 210, 70, 210, 760, 520, 170, 170, 520, 510, 510, 890, 250, 80, 890, 2840, 80, 40, 880, 40, 880, 80, 2840, 360, 2440, 360, 2440, 1380, 3150, 1380, 100, 100, 1150, 1150, 1490, 20, 1490, 50, 50, 480, 480, 540, 540, 1000, 1000, 5600, 5600, 510, 510, 230, 230, 80, 80, 40, 40, 510, 2630, 240, 510, 2630, 1070, 1070, 270, 270, 360, 360, 0, 1910, 2110, 2110, 210, 60, 80, 60, 80, 760, 760, 70, 2780, 70, 900, 900, 2780, 140, 140, 130, 130, 550, 550, 60, 140, 690, 50, 690, 50, 760, 630, 760, 630, 2190, 2190, 300, 190, 300, 190, 320, 320, 180, 670, 180, 50, 280, 670, 50, 150, 1510, 1510, 3210, 3210, 240, 240, 80, 290, 290, 80, 1770, 4170, 4170, 420, 420, 560, 560, 110, 110, 240, 240, 5450, 120, 5450, 120, 10, 10, 410, 650, 1630, 650, 1630, 20, 1300, 20, 1300, 180, 180, 90, 340, 1650, 630, 1650, 60, 630, 60, 5560, 1610, 5560, 1610, 100, 100, 2210, 2210, 100, 100, 1170, 1170, 510, 480, 480, 190, 190, 300, 130, 130, 300, 2800, 2800, 100, 100, 770, 770, 240, 240, 70, 70, 3520, 80, 3520, 50, 80, 50, 540, 10, 760, 10, 760, 340, 390, 540, 180, 180, 200, 320, 440, 440, 320, 70, 70, 160, 160, 5560, 0, 0, 5560, 190, 190, 2270, 2270, 380, 10, 290, 290, 60, 240, 240, 360, 360, 60, 30, 30, 440, 440, 90, 90, 49540, 49540, 820, 820, 330, 610, 20, 610, 20, 1320, 1320, 220, 460, 460, 70, 4100, 70, 450, 450, 30, 30, 340, 340, 120, 1080, 1080, 310, 310, 20, 70, 20, 70, 320, 120, 320, 120, 120, 120, 760, 140, 760, 140, 840, 840, 320, 320, 20, 20, 50, 340, 100, 50, 100, 340, 330, 120, 120, 340, 340, 170, 170, 160, 250, 200, 250, 200, 460, 2650, 260, 460, 2200, 2650, 260, 240, 240, 360, 360, 1830, 4100, 4100, 70, 70, 310, 20, 310, 470, 470, 400, 400, 240, 360, 360, 140, 80, 80, 150, 50, 50, 210, 210, 480, 480, 170, 170, 160, 160, 580, 580, 80, 580, 80, 330, 90, 90, 760, 760, 70, 70, 60, 60, 510, 510, 1170, 1170, 20, 20, 40, 40, 30, 30, 950, 940, 950, 940, 1300, 1300, 60, 100, 100, 60, 910, 910, 410, 10, 510, 510, 940, 1660, 210, 1660, 210, 940, 1180, 1180, 10, 10, 10, 160, 160, 160, 4820, 280, 220, 220, 160, 280, 4820, 2270, 2270, 1050, 1050, 160, 820, 820, 30, 30, 10660, 520, 220, 500, 500, 220, 180, 1160, 1640, 180, 220, 510, 1640, 220, 510, 1160, 110, 110, 20, 60, 60, 200, 200, 10, 280, 280, 240, 220, 900, 170, 900, 1600, 670, 1600, 670, 1660, 190, 190, 1660, 330, 10]"
2020-10-25 01:55:00+00:00,688910,0,442.0,"[10, 10, 160, 160, 10, 10, 10, 10, 5360, 5360, 830, 830, 90, 90, 670, 670, 230, 160, 870, 160, 1760, 620, 870, 620, 50, 50, 10, 4190, 10, 4190, 1300, 1300, 70, 70, 100, 100, 80, 80, 340, 340, 160, 160, 400, 1910, 1910, 1340, 450, 1340, 450, 450, 450, 1390, 1390, 110, 110, 770, 140, 140, 470, 90, 90, 470, 60, 60, 40, 40, 50, 230, 230, 20, 120, 120, 250, 250, 530, 530, 3570, 3570, 420, 420, 3160, 1500, 270, 270, 130, 450, 450, 500, 500, 1030, 120, 120, 140, 140, 1060, 1060, 1720, 1720, 190, 190, 280, 280, 100, 300, 100, 1900, 440, 440, 450, 300, 450, 3570, 100, 3570, 40, 0, 40, 0, 60, 60, 15400, 2230, 10, 10, 150, 150, 1030, 1030, 2200, 2200, 640, 640, 190, 5060, 190, 5060, 20, 20, 1270, 320, 120, 320, 120, 4120, 4120, 160, 160, 2070, 1040, 1040, 60, 60, 480, 350, 350, 470, 480, 470, 2940, 2940, 140, 1170, 140, 20, 20, 230, 230, 180, 580, 490, 490, 20, 20, 1040, 450, 450, 1890, 4260, 4260, 50, 50, 1460, 230, 230, 490, 490, 4640, 4640, 600, 600, 23930, 23930, 530, 530, 730, 730, 15400, 15400, 110, 110, 100, 100, 100, 50, 50, 870, 870, 510, 510, 15400, 15400, 90, 90, 110, 500, 500, 150, 150, 170, 170, 290, 290, 1460, 1460, 6640, 710, 710, 6640, 1620, 370, 370, 1620, 620, 620, 20, 20, 10, 10, 10, 520, 520, 90, 90, 4240, 930, 4240, 930, 830, 830, 140, 140, 1430, 1430, 4300, 4300, 310, 170, 170, 1170, 31540, 490, 490, 31540, 2050, 2050, 510, 1030, 1030, 510, 830, 830, 1100, 1100, 30, 30, 120, 120, 2450, 2450, 1040, 1040, 870, 870, 350, 350, 350, 350, 300, 300, 110, 110, 140, 870, 140, 870, 10, 10, 160, 340, 160, 340, 490, 490, 110, 110, 180, 180, 40, 20, 20, 6270, 2570, 10, 2570, 6270, 10, 630, 10, 630, 10, 120, 410, 120, 410, 70, 70, 15410, 2570, 2570, 630, 160, 160, 2050, 60, 60, 2050, 630, 630, 3940, 830, 960, 830, 3940, 960, 2400, 330, 2400, 330, 10, 80, 40, 40, 10, 80, 10, 10, 10, 440, 10, 440, 6790, 6790, 40, 40, 120, 820, 820, 280, 280, 120, 1260, 1260, 4210, 4210, 130, 290, 130, 290, 20, 170, 1640, 20, 1640, 170, 1460, 120, 120, 810, 300, 810, 300, 380, 250, 1110, 60, 1110, 3650, 3650, 160, 1950, 80, 160, 60, 170, 170, 60, 10, 10, 1350, 1020, 1020, 1150, 1150, 4610, 4610, 2580, 270, 270, 2580, 1440, 1440, 110, 110, 580, 280, 280, 80, 2210, 2210, 40, 780, 2200, 40, 780, 720, 2200, 400, 3190, 400, 3190]"
2020-10-25 02:00:00+00:00,542360,6,392.0,"[1240, 510, 510, 1240, 70, 30, 30, 20, 370, 370, 160, 160, 690, 690, 370, 370, 90, 90, 10, 10, 290, 290, 210, 210, 10, 220, 5440, 220, 10, 10, 5440, 2480, 2480, 1880, 1880, 4090, 4090, 730, 160, 730, 160, 170, 7480, 7480, 2060, 2060, 50, 50, 670, 670, 550, 550, 700, 700, 120, 120, 1440, 1440, 20, 20, 860, 860, 12010, 40, 40, 4610, 4140, 4140, 140, 140, 1220, 1220, 60, 60, 3520, 3520, 10, 10, 420, 310, 310, 70, 570, 570, 330, 330, 80, 80, 3160, 810, 810, 670, 670, 10, 10, 80, 2840, 80, 110, 110, 30, 20, 20, 390, 2470, 2470, 110, 110, 660, 660, 440, 440, 22940, 22940, 240, 240, 2310, 420, 420, 160, 5570, 160, 5570, 100, 180, 140, 180, 100, 140, 80, 80, 60, 60, 520, 520, 70, 70, 400, 400, 220, 220, 170, 170, 50, 50, 1790, 1790, 170, 170, 140, 190, 190, 140, 160, 160, 290, 290, 190, 190, 50, 50, 120, 120, 70, 1480, 260, 260, 7440, 7440, 3440, 510, 510, 210, 210, 160, 160, 240, 240, 450, 450, 70, 70, 90, 2650, 1300, 1300, 160, 7760, 250, 250, 7760, 8790, 1110, 270, 270, 2300, 110, 360, 110, 2200, 120, 2200, 360, 80, 80, 780, 780, 2450, 50, 10, 10, 2580, 2580, 810, 810, 1860, 1860, 1790, 1310, 1310, 1790, 70, 70, 820, 780, 20, 20, 260, 260, 40, 280, 3080, 3080, 280, 3580, 1390, 3580, 680, 1390, 90, 90, 3830, 360, 6840, 6840, 360, 120, 130, 260, 120, 130, 700, 11510, 11510, 150, 150, 9900, 760, 760, 620, 620, 270, 430, 940, 940, 210, 210, 170, 170, 1140, 1140, 720, 720, 680, 680, 10170, 10170, 20, 20, 1790, 380, 380, 90, 330, 330, 90, 8270, 40, 40, 60, 60, 4310, 180, 180, 120, 120, 990, 310, 990, 310, 20, 20, 720, 780, 550, 550, 780, 2100, 2100, 620, 620, 150, 150, 40, 40, 20, 430, 430, 20, 160, 160, 20, 20, 220, 970, 1250, 1250, 970, 1780, 6440, 6440, 1780, 380, 380, 350, 960, 350, 960, 1640, 1640, 40, 50, 50, 510, 510, 280, 280, 180, 180, 15090, 980, 15090, 980, 18280, 18280, 180, 1240, 1260, 1240, 180, 1260, 20, 20, 260, 260, 180, 620, 340, 620, 340, 7740, 7740, 880, 880, 580, 580, 50, 1260, 1260, 50, 370, 370, 140, 140, 10, 10, 790, 250, 250, 790, 360, 360]"
2020-10-25 02:05:00+00:00,523000,6,314.0,"[60, 60, 280, 1010, 1350, 1350, 1010, 2180, 2180, 10, 10, 200, 200, 400, 400, 510, 360, 360, 570, 170, 1990, 540, 170, 540, 280, 280, 90, 1240, 250, 90, 6580, 1240, 6580, 250, 450, 450, 1560, 1560, 60, 40, 40, 60, 990, 1530, 990, 1000, 70, 70, 250, 250, 180, 180, 720, 720, 400, 1400, 2360, 1400, 2360, 400, 250, 250, 470, 470, 750, 750, 20, 20, 470, 470, 3960, 3960, 160, 2060, 160, 2060, 130, 130, 140, 140, 10330, 10330, 50, 50, 5320, 5320, 250, 250, 980, 980, 40, 4140, 4140, 1740, 1740, 10, 50, 50, 820, 490, 820, 520, 650, 650, 15990, 20, 20, 4490, 4490, 190, 190, 1350, 1280, 670, 1280, 200, 200, 10260, 10260, 100, 100, 6940, 6940, 440, 500, 20, 20, 500, 440, 50, 370, 50, 370, 7740, 7740, 390, 1330, 390, 800, 800, 580, 120, 120, 400, 400, 580, 80, 30, 30, 2360, 450, 330, 450, 330, 950, 950, 16080, 16080, 1330, 330, 330, 490, 490, 260, 260, 240, 2270, 240, 2820, 2820, 420, 120, 120, 70, 70, 310, 310, 70, 70, 50, 50, 1150, 1150, 830, 730, 730, 300, 300, 90, 90, 32580, 32580, 10, 40, 40, 33480, 50, 33480, 50, 2610, 2610, 40, 360, 40, 360, 690, 690, 300, 300, 240, 10, 50, 10, 240, 50, 410, 410, 410, 1790, 1790, 410, 530, 530, 80, 80, 520, 520, 130, 310, 310, 130, 950, 950, 90, 90, 1000, 3730, 60, 60, 740, 740, 2840, 2840, 100, 100, 100, 320, 320, 10, 10, 920, 920, 640, 2940, 2940, 0, 0, 2210, 2210, 210, 500, 500, 210, 730, 730, 1210, 530, 530, 1210, 190, 190, 230, 230, 530, 410, 5650, 510, 5650, 2920, 2920, 410, 20, 20, 360, 360, 120, 120, 3110, 3110, 70, 70, 1040, 1040, 3120, 40, 550, 550, 1610, 280, 1250, 280, 1250, 8500, 8500, 60, 40, 60, 300, 300, 400]"
2020-10-25 02:10:00+00:00,666230,2,345.0,"[30, 30, 880, 880, 450, 450, 1350, 1350, 140, 140, 260, 260, 940, 180, 940, 180, 350, 350, 120, 120, 1110, 920, 100, 920, 100, 8720, 8720, 60, 60, 350, 350, 120, 120, 20, 20, 1110, 1110, 280, 280, 840, 100, 100, 10560, 10560, 600, 600, 110, 110, 1350, 110, 1350, 110, 0, 80, 80, 930, 250, 930, 250, 180, 3660, 3660, 180, 1090, 290, 1090, 290, 1180, 10, 10, 860, 1180, 30, 860, 30, 260, 260, 1360, 1360, 0, 70, 70, 60, 940, 60, 1820, 1820, 940, 100, 1020, 1020, 400, 110, 220, 330, 0, 110, 330, 220, 60, 60, 160, 640, 640, 1080, 60, 1080, 60, 3120, 1080, 340, 340, 1080, 560, 560, 300, 300, 1000, 0, 1000, 0, 80, 560, 560, 760, 80, 150, 150, 80, 80, 90, 90, 430, 430, 210, 210, 10, 10, 1120, 1120, 470, 250, 470, 250, 100, 100, 2140, 2140, 230, 230, 280, 280, 10, 10, 280, 270, 270, 4010, 4010, 80, 30, 30, 11030, 11030, 0, 1080, 1080, 0, 410, 190, 340, 190, 20, 340, 20, 170, 170, 670, 50, 670, 50, 600, 530, 230, 230, 10, 290, 290, 470, 10, 740, 740, 370, 370, 119280, 119280, 340, 340, 320, 210, 210, 320, 10, 10, 10, 10, 890, 890, 50, 50, 10, 350, 350, 180, 180, 310, 310, 800, 800, 10370, 10, 10, 420, 10, 10, 90, 90, 740, 740, 20, 20, 8640, 450, 40, 40, 2910, 2910, 140, 140, 30, 30, 110, 110, 750, 930, 1590, 930, 1590, 750, 260, 260, 3020, 3020, 10, 880, 10, 880, 480, 480, 400, 400, 2430, 2430, 26980, 26980, 50, 120, 120, 270, 270, 1900, 1900, 390, 390, 180, 180, 20, 20, 0, 0, 30, 9300, 60, 60, 9300, 730, 730, 160, 500, 160, 20, 20, 160, 160, 440, 1700, 1700, 2540, 2790, 2540, 2790, 500, 500, 15820, 15820, 380, 380, 60, 8640, 8640, 9900, 9900, 20, 40, 40, 300, 300, 120, 120, 2020, 2020, 540, 540, 40, 40, 90, 830, 830, 140, 140, 100, 870, 870, 100, 150, 150, 90, 90, 7710, 11520, 11520, 40, 40, 2540, 2540]"
2020-10-25 02:15:00+00:00,1550190,2,384.0,"[2190, 2190, 100, 100, 1370, 31230, 300, 300, 1370, 31230, 70, 70, 20, 20, 50, 50, 0, 0, 30, 30, 31230, 31230, 340, 90, 90, 120, 120, 420, 200, 300, 820, 300, 200, 820, 1700, 1960, 400, 400, 1960, 490, 60, 60, 100, 100, 90, 460, 460, 90, 250, 90, 250, 110, 4250, 4250, 2840, 2840, 390, 390, 290, 290, 150, 150, 370, 370, 250, 660, 2680, 2680, 4310, 4310, 80, 80, 390, 390, 40, 40, 580, 580, 60, 60, 2840, 70, 70, 2840, 260, 360, 360, 5840, 5660, 5230, 5660, 5230, 110, 110, 20, 20, 60, 60, 560, 560, 0, 0, 180, 180, 350, 350, 2420, 2420, 100, 20, 100, 340, 340, 150, 150, 180, 1360, 1360, 3920, 3920, 520, 520, 150, 150, 150, 490, 490, 150, 160, 160, 570, 570, 50, 50, 1110, 1110, 260, 260, 1350, 1350, 780, 250, 90, 410, 90, 190, 70, 70, 410, 410, 170, 170, 460, 460, 390, 390, 490, 490, 180, 180, 260, 2280, 2270, 260, 2280, 2270, 110, 3010, 3010, 110, 0, 0, 2560, 40, 110, 110, 80, 80, 680, 31230, 31230, 680, 240, 240, 1090, 40, 40, 30, 30, 1800, 1800, 200, 2890, 2890, 200, 70, 80, 80, 70, 410, 410, 140, 140, 130, 80, 130, 340, 340, 30, 7070, 7070, 30, 1760, 1760, 110, 1830, 1830, 110, 90, 140, 140, 90, 260, 260, 31230, 31230, 70, 550, 550, 70, 2280, 2280, 50, 50, 8210, 8210, 10, 10, 10, 440, 440, 690, 690, 260, 260, 1590, 20, 20, 1590, 360, 360, 20, 20, 10760, 220, 220, 80, 80, 30, 30, 510, 3870, 510, 0, 530, 530, 70, 60, 60, 60, 900, 900, 60, 60, 2030, 2030, 10, 2160, 1370, 10, 420, 420, 2160, 1670, 1670, 10, 10, 300, 300, 60, 60, 530, 11800, 11800, 820, 2810, 170, 820, 170, 1410, 1010, 1010, 820, 820, 450, 450, 30, 30, 60, 60, 240, 240, 300, 2680, 530, 2680, 530, 240, 240, 90, 30, 30, 1630, 1630, 40, 40, 20, 90, 20, 90, 3010, 3010, 3350, 180, 990, 620, 1650, 620, 590, 1650, 590, 60, 60, 140, 140, 3330, 3330, 1410, 890, 890, 40, 40, 460, 460, 310, 310, 230, 230, 40, 40, 160, 6720, 160, 6720, 70, 470, 200, 200, 470, 70, 5000, 5000, 1180, 140, 1180, 140, 140, 140]"
2020-10-25 02:20:00+00:00,371110,0,341.0,"[1240, 60, 1240, 60, 70, 70, 120, 120, 760, 760, 70, 70, 70, 70, 2690, 130, 130, 930, 930, 1160, 170, 6550, 1160, 170, 360, 360, 6550, 70, 70, 2620, 2620, 1970, 410, 1970, 10, 10, 100, 100, 40, 330, 330, 40, 320, 320, 580, 940, 580, 940, 210, 10, 210, 10, 290, 290, 380, 380, 10, 10, 460, 460, 110, 1440, 110, 90, 90, 1640, 1640, 70, 70, 3250, 3250, 430, 430, 5740, 5740, 2270, 2270, 620, 620, 240, 240, 130, 130, 1900, 1900, 410, 410, 2380, 2380, 2500, 2500, 600, 600, 230, 230, 1030, 70, 1030, 30, 70, 30, 800, 20, 800, 20, 910, 910, 30, 30, 1480, 1480, 250, 410, 410, 250, 2910, 120, 120, 2910, 130, 130, 470, 470, 10, 10, 1780, 0, 0, 1780, 80, 80, 320, 20, 20, 1980, 1980, 210, 210, 40, 40, 12480, 12480, 1850, 1850, 620, 620, 1520, 1520, 90, 90, 40, 3940, 3940, 50, 1910, 60, 360, 360, 370, 370, 180, 180, 140, 140, 780, 780, 1350, 1350, 0, 190, 5430, 110, 5430, 110, 160, 160, 40, 3150, 3150, 40, 30, 300, 300, 30, 160, 160, 380, 380, 230, 40, 230, 40, 1280, 1280, 950, 950, 710, 710, 610, 610, 970, 970, 420, 420, 370, 370, 530, 1520, 530, 800, 800, 370, 370, 940, 940, 340, 340, 510, 510, 5840, 5840, 670, 250, 250, 670, 200, 200, 1240, 510, 510, 80, 80, 40, 1310, 120, 40, 1310, 120, 730, 330, 380, 380, 1480, 2170, 2170, 240, 240, 280, 190, 380, 380, 150, 150, 300, 3930, 3930, 1500, 40, 40, 100, 100, 860, 860, 3140, 300, 90, 300, 90, 630, 630, 560, 560, 8860, 8860, 4490, 4490, 1550, 1550, 80, 80, 120, 120, 40, 40, 800, 2670, 80, 800, 290, 1460, 1460, 24400, 24400, 560, 560, 1140, 1140, 1130, 1130, 30, 410, 410, 30, 180, 180, 500, 500, 100, 100, 550, 30, 120, 120, 1550, 1550, 160, 160, 90, 320, 320, 1040, 1040, 140, 2790, 140, 2790, 3720, 90, 90, 2310, 2310, 0, 0, 340, 340, 1150, 50, 180, 180, 660, 660]"
2020-10-25 02:25:00+00:00,540970,4,322.0,"[200, 200, 170, 170, 190, 190, 280, 460, 2930, 280, 1650, 1650, 200, 460, 570, 140, 140, 680, 50, 50, 12500, 760, 760, 100, 100, 3550, 3550, 140, 140, 260, 1630, 1630, 380, 380, 610, 610, 60, 60, 10, 260, 260, 2660, 2660, 120, 120, 200, 200, 320, 320, 310, 310, 100, 2770, 100, 2770, 13220, 13220, 17180, 17180, 540, 540, 160, 160, 130, 130, 2660, 2660, 340, 20, 20, 570, 570, 300, 300, 230, 200, 100, 100, 200, 2300, 2300, 110, 110, 60, 900, 900, 40, 40, 90, 2640, 90, 2640, 880, 1460, 880, 930, 930, 1020, 1020, 2390, 2390, 3380, 3380, 30, 1270, 1270, 2130, 2130, 420, 420, 400, 170, 400, 60, 60, 20, 20, 3270, 3270, 620, 620, 470, 470, 1210, 1210, 50, 50, 320, 320, 0, 0, 20, 20, 10, 10, 5750, 5750, 3160, 3160, 840, 840, 340, 640, 20, 340, 1060, 640, 1060, 1510, 1510, 1420, 1420, 10, 50, 50, 1100, 1100, 850, 110, 110, 70, 1730, 70, 1300, 1300, 410, 410, 1210, 1210, 20, 290, 290, 980, 980, 150, 150, 1460, 1460, 4710, 250, 250, 4710, 410, 410, 10, 10, 810, 810, 2790, 2600, 2600, 260, 260, 1010, 1010, 60, 5260, 5260, 500, 500, 1390, 1390, 3160, 3160, 7230, 7230, 90, 90, 250, 330, 330, 4080, 1250, 4080, 1250, 300, 430, 60, 60, 10, 10, 420, 420, 1320, 250, 1320, 250, 970, 970, 4520, 4520, 70, 6200, 70, 6200, 220, 220, 1920, 1920, 3140, 6010, 6010, 100, 100, 1290, 1290, 160, 4520, 160, 380, 70, 380, 70, 300, 300, 1670, 690, 1670, 690, 640, 170, 170, 20920, 150, 20920, 3140, 1180, 100, 1180, 100, 60, 60, 80, 5300, 5300, 80, 300, 300, 160, 160, 470, 470, 280, 280, 2080, 2080, 440, 1670, 1670, 440, 380, 40, 380, 40, 2650, 2650, 550, 550, 80, 80, 30, 30, 120, 120, 850, 850, 60, 60, 640, 640, 70, 890, 70, 330, 330, 20, 270, 20, 270, 4270]"
2020-10-25 02:30:00+00:00,413830,2,353.0,"[300, 300, 360, 360, 140, 140, 220, 920, 280, 220, 920, 280, 1520, 1520, 2210, 2210, 30, 30, 220, 110, 220, 110, 70, 40, 4220, 4220, 1170, 190, 190, 180, 180, 350, 350, 920, 920, 1160, 1160, 1040, 1040, 1700, 1700, 20, 20, 10, 10, 4610, 50, 50, 890, 890, 240, 240, 910, 90, 910, 90, 4410, 4410, 2520, 2520, 250, 1880, 1880, 250, 760, 20, 20, 100, 100, 3380, 3380, 1670, 2270, 1670, 2270, 430, 220, 10, 10, 870, 870, 250, 200, 250, 200, 500, 670, 320, 670, 320, 190, 190, 10, 10, 50, 150, 150, 50, 760, 760, 710, 160, 160, 710, 660, 660, 130, 910, 910, 130, 660, 660, 220, 220, 100, 320, 320, 8380, 8380, 1090, 1090, 140, 3030, 140, 0, 3030, 0, 130, 130, 1460, 1460, 1170, 1170, 300, 300, 2150, 2150, 150, 150, 120, 120, 350, 350, 140, 190, 140, 190, 260, 260, 1250, 150, 90, 1250, 90, 220, 220, 1600, 1600, 180, 1180, 260, 260, 100, 100, 30, 1070, 1070, 140, 190, 140, 190, 470, 470, 220, 320, 530, 970, 60, 970, 530, 60, 20, 20, 3530, 3530, 80, 80, 13240, 170, 170, 360, 150, 50, 360, 150, 50, 480, 480, 4380, 4380, 3600, 3600, 160, 160, 20090, 180, 180, 1140, 350, 350, 10, 100, 100, 10, 1680, 1680, 30, 3070, 60, 3070, 60, 30, 380, 1290, 380, 11930, 11930, 4950, 380, 4950, 280, 280, 330, 330, 360, 360, 10, 10, 220, 950, 950, 660, 250, 250, 990, 990, 1300, 20, 20, 1300, 870, 11010, 11010, 520, 690, 690, 700, 700, 1010, 1010, 40, 40, 660, 660, 160, 160, 1420, 1420, 4750, 3970, 4750, 3970, 3290, 3290, 5330, 5330, 530, 530, 370, 370, 350, 350, 1240, 1240, 790, 4890, 790, 30, 170, 940, 940, 140, 140, 640, 640, 960, 960, 260, 260, 4920, 30, 30, 480, 480, 1040, 1040, 620, 620, 320, 320, 230, 230, 140, 140, 860, 3380, 3380, 860, 380, 380, 1420, 250, 4920, 4920, 250, 150, 150, 1340, 410, 410, 3310, 3310, 700, 700, 170, 30, 30, 240, 240, 100, 100, 960, 960, 6990, 6990, 430, 430, 130, 130, 2200, 2200, 450, 450]"
2020-10-25 02:35:00+00:00,568160,4,316.0,"[360, 360, 430, 430, 150, 150, 130, 130, 180, 180, 760, 760, 0, 700, 700, 8870, 8870, 70, 70, 10240, 1010, 10240, 420, 420, 1010, 20, 20, 70, 70, 920, 920, 1110, 150, 150, 1840, 1840, 190, 390, 190, 390, 8020, 8020, 1420, 1420, 700, 700, 140, 140, 230, 230, 30, 30, 1300, 1300, 12140, 12140, 430, 710, 430, 710, 490, 490, 480, 480, 1770, 1770, 100, 100, 40, 2880, 5990, 240, 2880, 240, 40, 1590, 1590, 350, 350, 20, 20, 530, 40, 40, 530, 760, 14960, 1190, 14960, 760, 80, 590, 590, 2060, 2060, 440, 410, 440, 410, 910, 910, 200, 140, 140, 1190, 1190, 160, 160, 1230, 1230, 370, 1930, 1930, 370, 390, 390, 4900, 4900, 150, 150, 240, 240, 260, 260, 8020, 8020, 5510, 140, 100, 1430, 1430, 100, 160, 160, 700, 190, 190, 700, 200, 200, 190, 190, 700, 1850, 1930, 1930, 700, 1850, 60, 60, 350, 350, 300, 50, 50, 7010, 7010, 140, 140, 740, 740, 1060, 1060, 500, 80, 80, 500, 10360, 10360, 290, 290, 8120, 8120, 150, 230, 230, 150, 300, 300, 150, 150, 2480, 2480, 20, 20, 13180, 13180, 520, 6500, 6500, 140, 1140, 940, 140, 1140, 940, 330, 330, 110, 110, 460, 460, 20, 20, 3230, 3230, 4440, 30, 30, 1700, 160, 160, 20, 20, 1770, 1770, 740, 1060, 740, 1430, 1430, 380, 1700, 380, 200, 200, 3120, 440, 3120, 2770, 440, 1430, 1430, 230, 230, 410, 410, 210, 210, 540, 540, 690, 690, 590, 280, 25660, 25660, 70, 760, 760, 230, 230, 340, 340, 590, 5200, 590, 5200, 5840, 3920, 5840, 40, 40, 1120, 1120, 330, 330, 4310, 4310, 29210, 1580, 200, 200, 30, 30, 4420, 4420, 430, 430, 510, 1640, 1640, 8940, 8940, 2530, 2530, 4310, 4310, 230, 2530, 2530, 110, 2230, 110, 2230, 30, 30, 210, 210, 380, 380, 80, 80, 620, 620, 150, 150, 330, 330, 180, 190, 1440, 190, 1440, 170, 170]"
2020-10-25 02:40:00+00:00,387620,0,309.0,"[30, 30, 1010, 1010, 100, 100, 3720, 220, 220, 10, 10, 110, 110, 30, 30, 7650, 660, 660, 5620, 330, 180, 180, 520, 5680, 520, 5680, 10, 10, 760, 760, 1230, 1230, 1010, 1010, 180, 180, 540, 540, 30, 30, 100, 100, 200, 140, 200, 520, 520, 540, 34800, 890, 540, 34800, 110, 1390, 1390, 70, 70, 40, 40, 7800, 7800, 1910, 1910, 540, 540, 450, 450, 180, 180, 1150, 1150, 240, 240, 80, 80, 120, 120, 180, 180, 1110, 130, 1110, 130, 20, 5190, 5190, 20, 15610, 15610, 140, 750, 140, 130, 750, 130, 640, 100, 10, 10, 1450, 1450, 40, 40, 990, 140, 140, 990, 500, 500, 80, 80, 670, 670, 920, 920, 100, 60, 60, 90, 90, 1500, 1500, 1000, 1000, 4150, 4150, 930, 0, 0, 930, 100, 1410, 1410, 80, 80, 140, 1260, 140, 40, 40, 110, 110, 990, 990, 220, 220, 940, 940, 2140, 2140, 90, 100, 90, 100, 70, 70, 10, 10, 60, 60, 4640, 3230, 4640, 3230, 830, 280, 280, 830, 10, 10, 490, 130, 130, 70, 70, 40, 40, 640, 1720, 640, 1720, 20, 20, 300, 300, 1300, 1300, 0, 0, 60, 110, 110, 60, 70, 240, 70, 240, 600, 200, 930, 200, 930, 30, 30, 650, 650, 1740, 1740, 320, 320, 3290, 620, 3290, 620, 120, 120, 440, 440, 3460, 3460, 460, 10, 140, 100, 140, 100, 250, 250, 450, 450, 10, 10, 1120, 1120, 10, 10, 340, 340, 1580, 1580, 930, 930, 70, 70, 17560, 17560, 190, 190, 690, 40, 40, 870, 870, 160, 40, 100, 100, 30, 30, 130, 680, 160, 200, 200, 160, 130, 190, 190, 7030, 7030, 3380, 7650, 3380, 7650, 120, 120, 40, 40, 430, 50, 520, 50, 900, 520, 70, 70, 380, 380, 410, 410, 1090, 1090, 340, 720, 720, 340, 3580, 3580, 30, 60, 520, 520, 150, 150, 40, 420, 420, 100, 150]"
2020-10-25 02:45:00+00:00,345770,0,317.0,"[190, 190, 270, 3010, 270, 200, 200, 10, 1140, 1140, 10, 160, 160, 690, 690, 3350, 7000, 70, 70, 7000, 6210, 50, 50, 1140, 1140, 4520, 4520, 90, 90, 130, 130, 1530, 1530, 3350, 500, 3350, 250, 30, 250, 30, 160, 130, 130, 3880, 3880, 2210, 6840, 110, 110, 250, 250, 5120, 410, 410, 2200, 200, 200, 280, 280, 250, 2060, 2060, 250, 10, 10, 710, 220, 710, 220, 190, 30, 30, 6090, 2200, 6090, 2440, 2440, 490, 490, 660, 180, 50, 50, 50, 50, 270, 30, 30, 160, 4520, 4520, 70, 70, 2060, 1190, 70, 2060, 12620, 12620, 30, 30, 440, 440, 160, 160, 180, 180, 190, 190, 2210, 2210, 210, 210, 1070, 1070, 660, 660, 50, 50, 20, 20, 420, 1960, 1960, 610, 1190, 610, 20, 20, 1190, 40, 40, 480, 480, 40, 40, 2320, 2320, 840, 100, 840, 100, 10, 10, 60, 5280, 120, 120, 740, 90, 90, 740, 630, 620, 620, 140, 140, 90, 570, 90, 50, 50, 570, 160, 160, 4340, 500, 10, 10, 730, 730, 140, 140, 30, 840, 30, 20, 2310, 20, 2310, 840, 840, 14250, 530, 530, 80, 80, 290, 290, 10, 10, 3300, 3300, 150, 2640, 150, 2640, 50, 50, 290, 290, 1540, 1540, 30, 30, 2310, 2310, 160, 160, 3620, 3620, 20, 190, 20, 190, 390, 390, 4010, 4010, 470, 470, 530, 530, 40, 40, 1070, 180, 180, 90, 90, 320, 370, 370, 250, 250, 370, 370, 300, 500, 500, 8340, 8340, 140, 140, 230, 230, 10, 510, 10, 510, 90, 90, 370, 370, 570, 570, 3760, 3760, 2450, 2450, 160, 160, 60, 60, 50, 50, 130, 130, 70, 70, 1270, 1270, 6560, 350, 350, 120, 0, 0, 10, 10, 80, 80, 1190, 1190, 20, 930, 930, 280, 280, 440, 440, 170, 170, 1110, 110, 110, 140, 140, 60, 10, 60, 10, 700, 700, 40, 15330, 40, 150, 150, 60, 60, 3920, 3920, 160, 160, 3360, 3360]"
2020-10-25 02:50:00+00:00,675470,2,304.0,"[5520, 5520, 1890, 1890, 1480, 1480, 60, 60, 20, 20, 70, 50, 50, 70, 470, 470, 1840, 1840, 2630, 70, 2630, 70, 630, 630, 10, 10, 3360, 3360, 140, 140, 330, 330, 890, 890, 260, 260, 2630, 2630, 940, 20, 940, 1890, 1890, 550, 550, 10, 10, 11250, 80, 80, 780, 780, 3460, 5380, 5380, 60, 60, 840, 40, 840, 40, 380, 380, 8340, 1760, 1760, 8340, 180, 180, 210, 50, 250, 250, 450, 450, 470, 470, 40, 270, 40, 680, 680, 110, 110, 2930, 2930, 20, 4530, 4530, 20, 60, 60, 270, 270, 620, 280, 280, 620, 2130, 2130, 30, 1970, 1970, 5730, 4530, 4530, 170, 170, 16170, 16170, 150, 150, 340, 2330, 2330, 360, 360, 1080, 1080, 440, 50, 380, 3320, 3320, 440, 20, 20, 1790, 1440, 1790, 9270, 370, 9270, 370, 300, 300, 100, 100, 130, 130, 370, 370, 4200, 4200, 5520, 5520, 7830, 7830, 2310, 1070, 2310, 1070, 480, 480, 1430, 1080, 1080, 60, 60, 540, 540, 160, 80, 80, 50, 50, 10, 40, 40, 10, 150, 950, 560, 1370, 560, 60, 1370, 60, 80, 80, 1370, 1370, 270, 270, 1060, 1060, 1410, 1410, 40, 40, 1840, 1840, 1260, 1260, 220, 3990, 30, 220, 30, 30, 220, 30, 1720, 980, 980, 1720, 80, 80, 790, 790, 130, 130, 30, 80, 180, 80, 180, 30, 1540, 110, 620, 620, 1540, 110, 410, 410, 470, 470, 440, 440, 230, 670, 230, 30, 450, 30, 450, 2480, 30, 30, 460, 460, 900, 2080, 260, 2080, 260, 30, 30, 1140, 370, 370, 12840, 12840, 380, 380, 1780, 90, 90, 140, 140, 310, 310, 2080, 2080, 20, 460, 180, 180, 5590, 5590, 130, 130, 830, 830, 5560, 240, 240, 180, 580, 5560, 230, 580, 180, 230, 60, 20, 20, 60, 1060, 1060, 320, 320, 340, 1630, 340, 2490, 2490, 50, 50, 490, 490]"
2020-10-25 02:55:00+00:00,463420,3,321.0,"[30, 30, 190, 190, 480, 480, 900, 80, 1620, 1620, 1520, 1520, 1200, 1200, 5930, 530, 530, 1540, 1540, 1180, 1180, 620, 620, 520, 520, 2690, 1840, 1840, 100, 100, 210, 210, 800, 800, 720, 720, 50, 50, 70, 70, 30, 30, 2750, 2750, 1440, 120, 120, 150, 330, 330, 30, 150, 790, 790, 30, 670, 30, 670, 1170, 4560, 1170, 490, 650, 590, 650, 590, 6750, 6750, 270, 270, 280, 280, 100, 100, 510, 510, 260, 1110, 1110, 70, 1190, 70, 1190, 6750, 6750, 1180, 140, 140, 380, 380, 130, 130, 480, 480, 650, 650, 750, 750, 3610, 880, 20, 880, 20, 80, 1850, 80, 5440, 1850, 220, 220, 15460, 15460, 260, 260, 60, 60, 0, 0, 12360, 12360, 800, 800, 2720, 4050, 4050, 2720, 80, 80, 3210, 360, 360, 1380, 1380, 30, 110, 160, 1830, 160, 1830, 840, 840, 430, 42290, 80, 42290, 430, 80, 780, 780, 230, 220, 1020, 1020, 230, 220, 310, 960, 310, 960, 40, 780, 40, 80, 80, 120, 120, 850, 850, 590, 590, 310, 310, 1850, 1850, 130, 130, 170, 170, 110, 30, 30, 270, 190, 190, 340, 280, 0, 280, 340, 0, 3480, 840, 3480, 840, 1510, 1080, 1080, 1880, 1880, 1510, 2230, 2230, 200, 200, 2340, 1370, 20, 2340, 1370, 20, 11850, 11850, 220, 220, 1370, 1370, 890, 890, 270, 270, 770, 580, 580, 50, 50, 50, 50, 60, 60, 40, 630, 40, 800, 100, 100, 800, 530, 30, 30, 530, 1760, 1760, 700, 170, 170, 90, 90, 50, 50, 630, 120, 120, 1520, 1520, 420, 420, 0, 480, 130, 480, 4300, 710, 4300, 710, 410, 410, 660, 880, 880, 660, 370, 370, 4250, 4250, 130, 130, 80, 80, 11690, 1440, 1440, 890, 890, 390, 850, 390, 850, 220, 220, 11850, 11850, 3600, 410, 810, 810, 10, 10, 100, 100, 880, 880, 30, 30, 40, 40, 190, 190, 10, 10, 20, 20, 150, 1350, 690, 690, 790, 790, 1880, 1880, 2070, 2070]"
2020-10-25 03:00:00+00:00,453770,2,304.0,"[1160, 20, 20, 410, 20, 410, 20, 420, 420, 220, 220, 140, 1020, 1020, 140, 3020, 3020, 20, 1840, 1840, 20, 200, 50, 50, 200, 250, 250, 300, 880, 300, 880, 150, 50, 50, 30, 30, 900, 280, 280, 10, 30, 10, 30, 1660, 10, 10, 1660, 1020, 1020, 1020, 1020, 6980, 6980, 180, 180, 140, 140, 800, 280, 800, 280, 700, 1710, 450, 450, 700, 60, 60, 1710, 320, 2510, 320, 320, 2510, 2200, 1020, 1540, 1540, 590, 590, 100, 100, 10290, 1150, 1150, 2200, 2560, 2560, 100, 860, 860, 190, 180, 180, 190, 20, 40, 460, 40, 20, 460, 40, 570, 570, 40, 160, 17350, 540, 480, 540, 480, 460, 460, 50, 50, 170, 470, 470, 170, 660, 850, 210, 660, 210, 50, 50, 850, 100, 350, 100, 350, 1540, 1540, 830, 830, 230, 140, 230, 140, 1040, 1040, 230, 230, 40, 40, 890, 890, 460, 460, 0, 0, 40, 430, 430, 20, 20, 1350, 200, 1350, 200, 2850, 2850, 50, 50, 150, 80, 10, 350, 350, 330, 330, 180, 180, 330, 160, 160, 390, 680, 390, 1200, 1200, 80, 80, 40, 10, 40, 10, 1550, 40, 40, 340, 340, 30, 30, 10, 10, 480, 150, 150, 3790, 3790, 70, 70, 700, 700, 150, 80, 380, 3740, 3740, 460, 460, 3740, 70, 70, 12360, 12360, 120, 1940, 120, 1940, 100, 100, 9010, 1660, 1660, 6300, 6300, 200, 200, 2790, 130, 800, 130, 800, 220, 220, 1180, 1180, 40, 40, 50, 50, 450, 450, 60, 230, 9310, 9310, 110, 110, 30, 110, 110, 150, 100, 100, 6330, 1930, 1930, 400, 400, 5300, 5300, 5620, 190, 5620, 340, 40, 70, 70, 40, 20, 20, 430, 430, 110, 2310, 2310, 200, 200, 110, 130, 130, 4180, 4180, 200, 200, 18250, 18250, 120, 120, 2070, 190, 440, 440, 280, 280, 280, 280, 680, 680]"
2020-10-25 03:05:00+00:00,465460,0,261.0,"[5620, 1280, 1280, 20, 20, 880, 880, 2710, 2710, 1860, 1860, 20, 20, 10, 3110, 3110, 10, 1250, 1250, 450, 450, 170, 170, 470, 470, 100, 1150, 100, 470, 470, 40, 40, 170, 170, 2340, 2340, 520, 520, 230, 230, 1350, 1350, 90, 90, 90, 50, 50, 20, 30, 30, 70, 70, 300, 300, 120, 120, 760, 760, 38920, 38920, 180, 180, 20, 20, 50, 50, 340, 1280, 340, 710, 710, 1280, 320, 320, 520, 520, 8360, 8360, 70, 90, 250, 250, 690, 690, 30, 20, 420, 20, 420, 30, 200, 200, 150, 150, 40, 30, 30, 190, 190, 1200, 1200, 13070, 13070, 220, 220, 80, 480, 480, 80, 210, 170, 170, 180, 30, 30, 180, 760, 760, 540, 540, 420, 70, 420, 70, 1200, 1200, 450, 450, 100, 1290, 50, 1290, 50, 11130, 11130, 50, 50, 18680, 18680, 2690, 2690, 750, 750, 1150, 1380, 1150, 2610, 2610, 120, 120, 620, 620, 60, 60, 150, 170, 170, 140, 140, 1780, 3810, 3810, 70, 1740, 1740, 70, 510, 1050, 510, 30, 1050, 20, 20, 190, 190, 560, 560, 230, 230, 40, 40, 280, 280, 2660, 2660, 490, 490, 1120, 1120, 640, 80, 640, 80, 2400, 5730, 240, 240, 260, 260, 110, 3700, 110, 1120, 1120, 100, 100, 140, 140, 7030, 7030, 200, 200, 20, 20, 1500, 1500, 1870, 120, 1870, 120, 1660, 1660, 120, 1170, 120, 1170, 110, 110, 290, 1210, 1210, 300, 300, 3430, 3430, 610, 610, 10, 10, 100, 100, 150, 150, 1270, 2100, 1270, 2100, 560, 700, 700, 50, 44410, 44410, 2550, 4050, 2550, 4050, 900, 20, 20, 900]"
2020-10-25 03:10:00+00:00,339450,4,299.0,"[390, 390, 400, 400, 60, 60, 210, 210, 360, 360, 710, 710, 750, 1470, 750, 90, 90, 10, 10, 20, 20, 60, 1120, 1120, 60, 30, 30, 30, 30, 2460, 1170, 1170, 90, 90, 1600, 1600, 1150, 1150, 1020, 560, 560, 380, 380, 2060, 130, 2060, 130, 820, 820, 1330, 1330, 360, 360, 170, 170, 320, 320, 5420, 5420, 260, 1060, 480, 480, 20, 20, 40, 150, 150, 40, 890, 890, 40, 40, 50, 260, 50, 260, 60, 400, 400, 300, 300, 340, 340, 4050, 4050, 190, 80, 110, 80, 110, 310, 310, 1620, 490, 490, 890, 70, 70, 890, 50, 50, 150, 1620, 250, 250, 2180, 2180, 100, 620, 100, 250, 250, 1890, 25310, 25310, 30, 30, 680, 640, 640, 420, 420, 580, 580, 3420, 2550, 1290, 1290, 5770, 2560, 2560, 2080, 2080, 750, 20, 430, 20, 430, 750, 100, 100, 160, 160, 360, 360, 10, 530, 190, 830, 830, 150, 410, 410, 300, 300, 1770, 1770, 30, 560, 30, 560, 20, 20, 20, 20, 360, 60, 60, 360, 50, 50, 2340, 2340, 40, 30, 340, 40, 340, 30, 920, 920, 1150, 1150, 2160, 2160, 350, 120, 350, 120, 470, 450, 470, 450, 100, 100, 1420, 1680, 1420, 1680, 540, 540, 17310, 17310, 480, 480, 900, 2650, 60, 11180, 900, 2650, 60, 11180, 90, 90, 160, 160, 360, 30, 30, 180, 180, 5670, 5670, 20, 190, 190, 10, 10, 1130, 220, 200, 1130, 200, 10910, 220, 530, 530, 550, 550, 40, 40, 140, 70, 70, 140, 50, 50, 14160, 330, 330, 800, 800, 570, 970, 570, 970, 4780, 4780, 60, 60, 70, 70, 960, 960, 230, 230, 150, 150, 230, 230, 140, 140, 340, 340, 120, 210, 120, 5840, 140, 140, 40, 40, 30, 30, 340, 340, 60, 60, 40, 40, 4780, 4780, 40, 40, 850, 780, 780]"
2020-10-25 03:15:00+00:00,341280,2,262.0,"[60, 60, 1880, 1880, 190, 190, 20, 930, 20, 930, 80, 50, 20, 80, 20, 50, 360, 360, 930, 930, 210, 210, 820, 820, 350, 350, 90, 90, 30, 300, 300, 60, 60, 430, 430, 390, 790, 790, 580, 580, 20, 20, 1940, 1940, 370, 950, 370, 950, 130, 130, 40, 820, 2330, 350, 350, 270, 270, 30, 30, 1570, 1570, 30, 30, 4410, 4410, 1320, 1320, 10910, 10910, 3710, 3710, 740, 740, 690, 690, 450, 450, 2080, 2080, 1660, 1660, 810, 810, 5260, 5260, 420, 420, 80, 180, 180, 710, 710, 530, 530, 90, 90, 40, 40, 1150, 1150, 1180, 40, 5920, 40, 1180, 5920, 1900, 1900, 200, 210, 200, 210, 300, 300, 110, 970, 110, 970, 270, 580, 270, 520, 520, 120, 260, 120, 260, 110, 810, 810, 2150, 2150, 80, 80, 1390, 1390, 1080, 1080, 10, 10, 2220, 2220, 890, 890, 50, 50, 20, 540, 540, 780, 780, 20, 20, 100, 100, 1560, 1560, 2230, 2230, 1910, 320, 320, 80, 80, 1600, 1600, 500, 500, 11520, 330, 330, 240, 240, 40, 80, 80, 700, 700, 5400, 5400, 8720, 8720, 170, 170, 260, 260, 100, 100, 1080, 1080, 680, 680, 200, 50, 50, 200, 80, 80, 20, 20, 680, 680, 330, 3040, 330, 3040, 50, 50, 280, 500, 500, 40, 1430, 40, 40, 40, 5920, 300, 20, 5920, 300, 20, 1320, 600, 600, 5490, 5490, 310, 110, 110, 180, 3600, 3600, 10, 10, 250, 250, 790, 790, 3580, 3580, 800, 800, 60, 60, 260, 260, 100, 100, 340, 340, 10, 10, 1090, 1090, 1880, 1880, 1040, 1040, 130]"
2020-10-25 03:20:00+00:00,2650950,2,283.0,"[230, 230, 100, 100, 90, 90, 50, 50, 150, 150, 260, 100, 100, 10, 10, 5080, 5080, 130, 240, 240, 130, 180, 180, 100, 100, 2830, 2830, 90, 720, 720, 280, 600, 280, 600, 0, 300, 3760, 3760, 40, 310, 40, 3840, 3840, 190, 190, 160, 160, 110, 3040, 110, 2220, 2220, 580, 580, 13670, 13670, 400, 3760, 4360, 150, 150, 4360, 20, 20, 120, 120, 60, 160, 60, 160, 250, 250, 160, 90, 90, 160, 30, 1890, 40, 1890, 40, 480, 1020, 10, 1020, 910, 260, 260, 4250, 4250, 1880, 1880, 250, 130, 130, 70, 2100, 70, 2100, 10, 460, 460, 320, 70, 70, 320, 1890, 1890, 260, 260, 2010, 2010, 660, 660, 250, 250, 40, 40, 110, 110, 510, 480, 510, 2210, 2210, 100, 100, 30, 10, 30, 10, 530, 60, 530, 60, 100, 430, 430, 100, 4220, 4220, 220, 840, 220, 20860, 420, 420, 20860, 0, 6710, 560, 0, 6710, 560, 860, 860, 2080, 2080, 230, 50, 230, 50, 120, 820, 820, 50, 50, 1220, 1220, 50, 180, 50, 330, 330, 1170, 220, 50, 220, 50, 10, 0, 7060, 10, 0, 110, 5640, 5640, 110, 40, 40, 3630, 3630, 170, 290, 170, 290, 60, 60, 20, 420, 420, 10, 190, 190, 140, 140, 10200, 10200, 140, 140, 70, 210, 210, 800, 800, 3040, 110, 3040, 110, 180, 490, 490, 0, 1730, 2080, 2080, 30, 1440, 210, 210, 1440, 1730, 1730, 80, 80, 120, 160, 180, 120, 160, 180, 1170, 1170, 70, 70, 510, 510, 80, 80, 190, 190, 280, 3050, 190, 200, 320, 200, 190, 130, 6440, 6440, 130, 2000, 4570, 4570, 10, 10, 480, 1510, 480, 1510, 110, 470, 110, 140, 140, 110, 470, 110, 20, 20]"
2020-10-25 03:25:00+00:00,263570,1,303.0,"[6670, 6670, 200, 200, 1870, 1870, 580, 580, 390, 390, 590, 90, 90, 400, 340, 480, 480, 60, 60, 20, 20, 10, 10, 20, 20, 330, 330, 50, 890, 500, 500, 80, 1220, 1220, 230, 170, 1120, 170, 230, 1120, 1640, 1640, 20, 20, 530, 530, 10, 320, 10, 60, 320, 4510, 4510, 220, 90, 220, 90, 20, 20, 350, 350, 2020, 160, 9350, 9350, 2020, 160, 1650, 1650, 640, 640, 60, 680, 1260, 680, 1260, 0, 0, 20, 20, 11850, 250, 250, 1390, 1390, 370, 370, 370, 370, 1070, 1070, 180, 180, 10, 10, 160, 160, 140, 20, 140, 270, 270, 400, 160, 400, 30, 30, 680, 680, 10, 10, 540, 540, 550, 550, 400, 400, 640, 640, 450, 450, 250, 920, 250, 920, 1070, 1070, 30, 30, 1650, 90, 90, 6710, 320, 320, 9380, 9380, 220, 220, 100, 100, 150, 30, 670, 670, 420, 420, 320, 320, 450, 450, 270, 270, 100, 100, 80, 80, 70, 70, 280, 280, 260, 260, 160, 160, 450, 450, 40, 40, 320, 320, 10, 10, 710, 710, 170, 170, 140, 30, 30, 2090, 90, 2090, 90, 0, 0, 230, 2120, 230, 2120, 230, 230, 190, 190, 20, 20, 910, 910, 340, 340, 240, 240, 440, 440, 680, 680, 50, 50, 280, 1120, 280, 1120, 170, 180, 120, 180, 120, 2750, 2750, 190, 1450, 1450, 190, 170, 170, 470, 470, 560, 560, 610, 610, 60, 140, 140, 880, 880, 170, 170, 60, 60, 3360, 150, 150, 400, 3880, 3880, 400, 1190, 1190, 480, 480, 20, 80, 90, 350, 90, 350, 60, 60, 350, 350, 280, 280, 40, 40, 20, 190, 190, 0, 0, 240, 240, 0, 1010, 180, 180, 1010, 26000, 1070, 980, 1070, 180, 180, 30, 30, 280, 3050, 280, 3050, 1070, 1070, 190, 970, 970, 190, 340, 4220, 4220, 2230, 90, 2230, 90]"
2020-10-25 03:30:00+00:00,280050,2,254.0,"[200, 200, 1230, 1230, 30, 30, 4840, 4840, 100, 100, 100, 100, 70, 70, 110, 1550, 1550, 30, 80, 30, 80, 110, 1510, 1510, 520, 520, 360, 360, 1310, 1880, 130, 1880, 130, 120, 120, 880, 880, 130, 130, 100, 100, 260, 100, 100, 410, 410, 100, 100, 470, 470, 30, 30, 600, 600, 380, 380, 160, 160, 300, 90, 90, 30, 1580, 30, 5510, 5510, 30, 310, 960, 30, 960, 310, 1910, 170, 170, 1910, 790, 790, 290, 290, 630, 630, 200, 520, 200, 520, 510, 510, 100, 100, 150, 150, 150, 150, 100, 100, 180, 50, 50, 180, 1280, 1280, 0, 0, 410, 410, 100, 3770, 11180, 2660, 11180, 3770, 2660, 370, 370, 90, 90, 90, 90, 5210, 5210, 70, 70, 5540, 5540, 390, 390, 570, 1400, 1400, 410, 410, 1750, 10, 1750, 10, 450, 1270, 1270, 450, 200, 200, 580, 580, 410, 410, 2370, 2370, 2570, 2570, 1240, 1240, 10060, 10060, 1770, 1770, 490, 490, 2310, 2310, 260, 260, 330, 330, 60, 190, 190, 60, 2540, 2540, 30, 30, 9400, 9400, 450, 270, 270, 420, 420, 580, 20, 20, 140, 140, 1330, 1330, 740, 740, 320, 80, 80, 420, 420, 1380, 40, 70, 30, 30, 30, 30, 110, 110, 150, 40, 40, 150, 230, 230, 9680, 30, 30, 130, 130, 20, 270, 270, 700, 700, 360, 360, 9580, 120, 9580, 120, 2080, 70, 2080, 70, 1380, 1380, 40, 70, 0, 70, 0, 920, 5110, 610, 610, 2070, 60, 40, 60, 390, 390, 80, 80, 10, 10, 7150, 7150, 220, 450, 220]"
2020-10-25 03:35:00+00:00,258410,2,218.0,"[340, 340, 40, 40, 4220, 4220, 10, 220, 220, 10, 260, 260, 80, 80, 30, 30, 510, 510, 70, 240, 240, 50, 50, 80, 80, 980, 80, 140, 140, 440, 440, 730, 730, 70, 70, 140, 140, 120, 2080, 2080, 530, 530, 0, 0, 110, 360, 360, 5110, 840, 1390, 1390, 840, 250, 250, 390, 390, 60, 610, 610, 310, 310, 1840, 1840, 730, 730, 630, 630, 820, 820, 20, 910, 320, 910, 320, 460, 460, 30, 360, 100, 100, 6050, 6050, 100, 100, 50, 50, 100, 100, 120, 120, 170, 320, 320, 170, 560, 560, 0, 10, 240, 10, 240, 1560, 1560, 560, 560, 10, 10, 910, 910, 500, 10, 500, 10, 120, 20, 120, 20, 500, 500, 60, 60, 50, 50, 220, 220, 70, 70, 20, 20, 940, 940, 360, 360, 140, 140, 3920, 30, 30, 2950, 20, 20, 14680, 14680, 550, 550, 700, 700, 230, 230, 420, 420, 210, 210, 1940, 40, 40, 520, 500, 500, 310, 310, 180, 180, 780, 780, 340, 240, 240, 2660, 2660, 1200, 1200, 380, 380, 80, 80, 80, 80, 2230, 2230, 40, 10, 11990, 160, 10, 11990, 160, 1140, 1140, 50, 50, 15060, 15060, 3920, 4440, 40, 1610, 1610, 40, 160, 160, 130, 130, 1300, 50, 1300, 50, 24110, 24110, 940, 200, 940, 10, 10, 300, 300, 80, 80]"
2020-10-25 03:40:00+00:00,872060,0,199.0,"[130, 130, 890, 10, 140, 890, 10, 140, 230, 230, 1720, 1720, 850, 850, 1450, 1450, 2930, 2930, 170, 170, 50, 50, 1000, 1000, 640, 320, 320, 60, 60, 240, 240, 50, 50, 100, 40, 40, 5030, 9400, 9400, 460, 460, 2040, 2040, 830, 830, 190, 280, 190, 4490, 4490, 740, 740, 710, 710, 490, 490, 370, 370, 460, 430, 430, 460, 200, 200, 1140, 1140, 160, 160, 470, 470, 3000, 3000, 1370, 1370, 430, 430, 260, 260, 30, 30, 60, 430, 2580, 430, 2580, 60, 2450, 2450, 230, 230, 370, 370, 1280, 2740, 2740, 90, 90, 930, 930, 70, 70, 80, 80, 10180, 940, 10180, 940, 680, 680, 210, 210, 260, 60, 260, 60, 40, 40, 2130, 2130, 3570, 3570, 110, 110, 350, 350, 340, 340, 230, 230, 1330, 1330, 50, 50, 50, 1340, 1340, 40, 40, 250, 167430, 167430, 250, 250, 167430, 167430, 3640, 3640, 2070, 2070, 3880, 3880, 10, 10, 1710, 1710, 30, 30, 40, 40, 5280, 5280, 30, 30, 340, 520, 520, 340, 3790, 3220, 3220, 830, 830, 160, 160, 1930, 140, 150, 150, 40, 40, 70, 30, 30, 120, 120, 180, 180, 480, 140, 140, 480, 330, 440, 330, 440, 340, 340, 290, 290]"
2020-10-25 03:45:00+00:00,427420,6,253.0,"[40, 40, 1260, 1260, 440, 1190, 1570, 140, 920, 920, 120, 120, 2250, 1700, 320, 320, 130, 130, 770, 770, 680, 100, 100, 1020, 1020, 110, 110, 290, 290, 30, 30, 40, 70, 70, 700, 19310, 19310, 1610, 1610, 70, 2960, 2960, 29020, 29020, 1000, 1000, 4920, 4920, 560, 560, 400, 1020, 1020, 400, 1380, 740, 740, 1380, 2200, 2200, 470, 470, 530, 530, 110, 810, 810, 20, 20, 30, 30, 130, 200, 200, 4080, 4080, 2790, 2790, 2960, 2960, 400, 400, 7740, 7740, 200, 530, 530, 200, 160, 2960, 2960, 110, 11930, 11930, 350, 740, 740, 350, 640, 80, 90, 80, 90, 640, 330, 330, 1130, 1130, 170, 170, 1240, 30, 30, 10, 10, 900, 2580, 2580, 290, 290, 1040, 1040, 25000, 25000, 160, 400, 400, 80, 80, 2200, 2200, 40, 2020, 2020, 40, 760, 760, 360, 360, 100, 100, 100, 100, 10, 1910, 1910, 5930, 5930, 280, 1060, 1060, 80, 2570, 2570, 80, 460, 460, 10, 2570, 2570, 10, 1040, 830, 60, 830, 60, 1040, 10, 210, 10, 210, 210, 20, 20, 210, 130, 130, 50, 50, 370, 370, 700, 700, 520, 520, 180, 180, 580, 580, 50, 50, 420, 1570, 1570, 740, 440, 440, 2810, 2810, 590, 590, 70, 9820, 320, 70, 320, 9820, 30, 30, 800, 1260, 800, 1260, 7050, 7050, 720, 720, 260, 260, 230, 180, 230, 180, 250, 1620, 1620, 250, 720, 140, 20, 720, 20, 140, 3480, 390, 3480, 390, 190, 190, 100, 100, 5960, 5960, 190, 660, 660, 190, 460, 460, 2740, 2740, 80, 80]"
2020-10-25 03:50:00+00:00,311700,0,256.0,"[460, 460, 11490, 11490, 360, 360, 6190, 6190, 20, 330, 40, 330, 40, 20, 10660, 10660, 90, 590, 590, 1210, 1130, 1130, 70, 70, 530, 170, 530, 170, 1980, 1980, 250, 250, 170, 170, 390, 330, 390, 330, 1310, 6760, 1310, 6760, 170, 3850, 170, 3850, 860, 1150, 1150, 0, 0, 2990, 10, 10, 250, 250, 140, 140, 5410, 50, 50, 110, 70, 2690, 70, 2690, 110, 280, 280, 210, 210, 1010, 1010, 140, 100, 100, 140, 100, 100, 2140, 10250, 10250, 380, 380, 640, 640, 840, 730, 730, 4990, 80, 80, 5960, 5960, 390, 30, 30, 390, 60, 60, 460, 460, 1750, 30, 1750, 30, 870, 870, 2990, 2990, 960, 1680, 10, 10, 960, 640, 130, 640, 50, 50, 120, 120, 10, 10, 13340, 13340, 20, 50, 50, 130, 130, 50, 310, 310, 50, 230, 230, 400, 400, 510, 510, 2780, 2780, 130, 130, 130, 350, 350, 80, 80, 1390, 1390, 540, 540, 540, 540, 50, 50, 100, 100, 100, 100, 200, 200, 70, 1750, 20, 530, 530, 0, 990, 990, 0, 140, 140, 90, 90, 2780, 2750, 2750, 90, 160, 90, 160, 7510, 30, 250, 250, 250, 1210, 1210, 250, 370, 370, 160, 720, 160, 720, 240, 320, 1190, 320, 1190, 240, 950, 810, 660, 810, 660, 0, 700, 170, 0, 700, 440, 440, 170, 440, 440, 260, 260, 4340, 4340, 2670, 2670, 700, 320, 700, 320, 130, 130, 170, 12580, 140, 140, 3160, 3160, 270, 270, 130, 130, 2800, 2800, 450, 450, 590, 590, 100, 100, 1750, 1500, 150, 1500, 150, 160, 160]"
2020-10-25 03:55:00+00:00,1259620,7,244.0,"[550, 420, 420, 590, 590, 6300, 6300, 120, 120, 90, 90, 80, 80, 430, 430, 1760, 1760, 10, 10, 610, 610, 120, 120, 1050, 1050, 1140, 1140, 730, 730, 80, 1150, 80, 1150, 360, 360, 30, 30, 440, 440, 10, 1420, 330, 1420, 330, 190, 40, 40, 590, 590, 1280, 1280, 110, 110, 3420, 1440, 1440, 0, 0, 2300, 2300, 1800, 1800, 60, 60, 20, 20, 80, 80, 15210, 15210, 410, 410, 940, 940, 20, 20, 440, 440, 170, 170, 2420, 2060, 2060, 2420, 390, 390, 120, 120, 120, 120, 490, 490, 390, 1100, 1100, 90, 90, 30, 30, 40, 40, 160, 160, 330, 330, 470, 250, 359810, 359810, 760, 760, 9230, 9230, 40, 40, 130, 130, 130, 130, 500, 500, 300, 300, 130, 130, 50, 490, 50, 80, 15210, 80, 590, 690, 690, 590, 590, 3180, 40, 40, 170, 170, 20, 1620, 3580, 3580, 1620, 140, 140, 1040, 1040, 80, 830, 830, 240, 240, 1230, 58030, 58030, 1230, 280, 280, 1480, 1480, 100, 230, 230, 50, 50, 190, 190, 280, 280, 390, 4560, 740, 740, 30, 30, 20, 20, 590, 2650, 590, 2650, 1180, 1180, 70, 70, 700, 700, 400, 400, 50, 50, 1620, 1620, 1240, 300, 300, 5260, 5260, 130, 130, 0, 0, 590, 590, 280, 280, 3090, 5260, 5260, 1750, 650, 270, 270, 650, 230, 850, 850, 230, 3090, 130, 3090, 130, 1290, 130, 1290, 130, 850, 850, 10, 10, 20, 10, 20, 10, 30, 30, 530, 530]"
2020-10-25 04:00:00+00:00,326040,0,225.0,"[3090, 160, 160, 300, 300, 460, 5260, 460, 0, 0, 1220, 1220, 1200, 40, 40, 1200, 70, 70, 2960, 2960, 2470, 2470, 190, 190, 70, 240, 70, 100, 100, 1120, 1120, 4300, 4300, 1630, 1630, 680, 680, 50, 50, 500, 500, 120, 120, 880, 880, 10, 350, 10, 350, 80, 80, 840, 8250, 8250, 4940, 160, 4940, 160, 700, 700, 240, 250, 250, 390, 30, 390, 140, 1230, 1230, 680, 2230, 2230, 680, 2090, 6760, 6760, 10, 10, 840, 840, 3320, 3320, 11250, 11250, 970, 440, 970, 410, 80, 80, 410, 500, 500, 340, 340, 170, 170, 6260, 6260, 0, 1180, 1180, 270, 270, 370, 2670, 2670, 30, 30, 11250, 40, 11250, 40, 1180, 1180, 140, 140, 620, 620, 9840, 1290, 1290, 400, 1960, 1960, 400, 150, 150, 680, 680, 140, 1300, 140, 1300, 30, 1820, 1820, 90, 30, 30, 360, 360, 5350, 5350, 120, 120, 160, 160, 1370, 1370, 9840, 9840, 920, 920, 150, 150, 6260, 6260, 140, 140, 160, 580, 160, 17040, 17040, 1030, 1030, 30, 30, 280, 280, 400, 400, 380, 380, 1430, 1430, 960, 770, 770, 50, 150, 150, 110, 110, 90, 90, 630, 630, 4070, 4070, 40, 40, 260, 460, 460, 260, 10, 10, 70, 70, 30, 40, 40, 430, 430, 280, 10, 140, 140, 1430, 480, 60, 480, 60, 1010, 1010, 1430, 1430, 150, 150, 320, 320, 10, 10]"
2020-10-25 04:05:00+00:00,188650,0,268.0,"[190, 190, 480, 480, 580, 580, 590, 590, 30, 30, 640, 110, 30, 110, 80, 240, 80, 240, 450, 450, 60, 60, 250, 80, 80, 1620, 1620, 320, 230, 320, 230, 5760, 5760, 110, 110, 200, 200, 190, 190, 110, 110, 140, 140, 1290, 1290, 870, 870, 90, 140, 140, 90, 10, 10, 350, 80, 80, 2670, 2670, 150, 850, 150, 850, 50, 50, 130, 130, 190, 450, 450, 100, 100, 60, 620, 60, 670, 9840, 9840, 210, 210, 150, 150, 40, 40, 200, 1020, 1020, 60, 280, 2550, 200, 200, 1310, 1310, 3020, 3020, 220, 220, 450, 450, 20, 20, 6530, 1310, 1310, 130, 400, 130, 300, 400, 300, 1380, 1380, 30, 10, 30, 10, 10, 10, 850, 850, 1380, 140, 140, 1380, 700, 700, 1790, 1790, 6910, 6910, 520, 880, 700, 700, 470, 470, 50, 50, 530, 280, 280, 0, 0, 50, 50, 1810, 30, 1100, 1100, 190, 190, 150, 150, 310, 310, 160, 620, 620, 160, 150, 100, 100, 150, 360, 360, 80, 80, 850, 850, 90, 8930, 810, 810, 8930, 390, 390, 30, 230, 470, 470, 1770, 1770, 330, 330, 90, 90, 470, 470, 640, 640, 100, 100, 230, 230, 1260, 1260, 480, 480, 190, 190, 190, 190, 320, 320, 110, 110, 60, 60, 260, 260, 910, 230, 20, 20, 230, 2590, 10, 10, 2590, 2230, 2230, 2270, 2270, 550, 550, 60, 60, 80, 80, 240, 230, 230, 80, 80, 100, 100, 310, 310, 210, 210, 560, 190, 150, 150, 190, 940, 940, 710, 60, 60, 710, 90, 90, 80, 80, 0, 70, 70, 80, 80, 350, 100, 370, 370, 60, 60, 180, 180]"
2020-10-25 04:10:00+00:00,365900,0,224.0,"[1330, 1330, 0, 430, 430, 1020, 1020, 80, 80, 770, 770, 4040, 4040, 600, 1900, 1900, 600, 30, 40, 50, 50, 40, 440, 440, 380, 380, 980, 980, 320, 7320, 7320, 340, 340, 260, 260, 780, 1680, 1680, 660, 660, 510, 2200, 2200, 330, 330, 470, 40, 100, 40, 4690, 470, 470, 660, 660, 690, 230, 230, 7320, 7320, 220, 220, 60, 60, 23270, 23270, 1100, 1100, 320, 320, 6380, 90, 6380, 2310, 2310, 90, 90, 160, 160, 710, 1410, 1410, 680, 680, 100, 100, 300, 200, 200, 300, 130, 130, 420, 420, 60, 60, 400, 400, 50, 50, 20, 20, 0, 0, 30, 300, 30, 300, 30, 30, 2290, 2290, 310, 310, 2990, 2990, 130, 130, 280, 280, 1110, 530, 1110, 530, 80, 80, 160, 160, 350, 350, 130, 130, 30, 1600, 10, 10, 1600, 30, 29260, 29260, 180, 180, 10, 30, 720, 720, 30, 240, 240, 15060, 15060, 180, 180, 200, 90, 90, 260, 4050, 4050, 260, 60, 60, 440, 440, 690, 690, 780, 780, 70, 70, 380, 50, 380, 50, 510, 510, 410, 410, 580, 580, 5550, 5550, 740, 740, 110, 110, 190, 400, 190, 190, 190, 310, 310, 0, 0, 530, 530, 1650, 1650, 70, 70, 170, 170, 330, 330, 380, 380, 540, 540, 270, 7330, 270, 7330, 770, 770, 5060, 5060, 10, 10, 260, 260, 5060, 5060, 13280, 13280]"
2020-10-25 04:15:00+00:00,234080,0,210.0,"[1180, 170, 170, 500, 1660, 500, 1660, 6970, 180, 180, 360, 360, 480, 480, 0, 0, 80, 80, 180, 180, 3860, 3860, 2250, 840, 840, 2250, 1520, 1520, 2140, 2140, 2100, 30, 30, 2100, 6780, 6780, 990, 990, 10, 10, 3660, 3660, 190, 190, 120, 120, 80, 80, 950, 950, 3190, 3190, 20, 20, 80, 80, 20, 20, 230, 230, 190, 210, 10, 210, 10, 20, 20, 9760, 960, 960, 480, 1080, 190, 190, 1080, 1340, 1340, 570, 230, 230, 850, 850, 1030, 1030, 1240, 40, 60, 40, 26010, 26010, 1250, 40, 40, 110, 110, 160, 160, 8120, 400, 400, 480, 480, 2320, 2320, 90, 90, 500, 500, 1060, 1060, 110, 220, 220, 90, 90, 1310, 1310, 870, 870, 420, 420, 3030, 3030, 540, 540, 20, 190, 20, 190, 80, 80, 30, 30, 370, 370, 1110, 1110, 10, 10, 430, 430, 190, 190, 10, 10, 890, 890, 160, 160, 1530, 1530, 130, 130, 450, 450, 370, 190, 190, 260, 260, 470, 740, 470, 740, 2260, 2260, 2260, 2260, 140, 80, 140, 80, 170, 170, 40, 990, 40, 990, 450, 450, 120, 120, 280, 280, 4950, 2670, 450, 300, 300, 510, 510, 3660, 3660, 1730, 1730, 50, 650, 650, 30, 100, 30, 100, 340, 340, 50, 50, 40, 40, 90, 90]"
2020-10-25 04:20:00+00:00,271140,0,170.0,"[10, 10, 200, 200, 0, 540, 0, 540, 300, 300, 960, 960, 50, 50, 80, 80, 980, 980, 50, 50, 190, 190, 210, 210, 380, 2080, 2080, 380, 2300, 2300, 570, 570, 10, 10, 280, 280, 160, 160, 570, 570, 20, 20, 540, 540, 570, 570, 1030, 430, 430, 1030, 10, 10, 570, 570, 4040, 4040, 620, 30, 30, 320, 320, 3740, 3740, 4720, 4720, 130, 130, 470, 470, 340, 340, 340, 60, 1070, 1070, 500, 500, 20, 20, 2140, 2140, 70, 70, 380, 380, 190, 190, 2690, 2690, 30, 30, 510, 510, 900, 900, 7870, 7870, 200, 840, 840, 10, 10, 300, 300, 460, 460, 300, 300, 240, 10, 10, 13180, 13180, 970, 18200, 970, 18200, 50, 27380, 27380, 50, 1800, 1800, 3640, 30, 3640, 30, 2160, 2160, 2160, 2160, 3100, 3100, 710, 200, 140, 140, 200, 60, 1070, 1070, 10, 10, 290, 290, 1070, 1070, 10, 10, 1420, 1420, 20, 20, 210, 210, 1680, 240, 1170, 160, 160, 90, 90, 300, 300, 1140, 1140, 8770, 8770, 170, 170]"
2020-10-25 04:25:00+00:00,640290,4,207.0,"[430, 430, 30, 210, 100, 13120, 13120, 560, 560, 110, 110, 40, 40, 770, 770, 190, 140, 140, 360, 360, 1030, 1030, 80, 80, 50, 50, 1010, 110, 990, 410, 990, 410, 200, 200, 50, 50, 170, 20, 1410, 1410, 20, 170, 80, 240, 240, 4020, 4020, 200, 200, 330, 330, 530, 50, 530, 50, 30, 30, 220, 2800, 220, 10, 10, 4180, 1550, 4180, 1550, 1450, 1450, 880, 2260, 2260, 3970, 3970, 80, 80, 80, 80, 280, 280, 0, 0, 120, 120, 2560, 2560, 1090, 1090, 90, 90, 900, 900, 100, 100, 60, 60, 90, 90, 30, 30, 240, 240, 1640, 1640, 700, 700, 50, 50, 20, 20, 0, 0, 1480, 1480, 1840, 240, 240, 250, 250, 160, 160, 390, 390, 150, 150, 1170, 1170, 150, 150, 200, 60, 60, 200, 40, 40, 1200, 200, 200, 15650, 15650, 60, 60, 5670, 5670, 200, 200, 1440, 80, 80, 220, 3840, 3840, 60, 3470, 60, 3470, 10, 10, 230, 230, 213970, 213970, 1940, 1940, 4220, 4220, 1300, 1300, 60, 60, 430, 430, 120, 120, 2080, 2080, 130, 90, 90, 100, 100, 270, 270, 490, 420, 420, 140, 140, 2230, 2230, 380, 120, 120, 480, 480, 20, 420, 420, 900, 900, 2100, 2100, 950, 950, 1020, 1020, 350, 350]"
2020-10-25 04:30:00+00:00,2807880,10,263.0,"[80, 310, 17120, 17120, 0, 1620, 0, 1620, 300, 300, 1810, 190, 190, 50, 50, 1120, 1120, 230, 230, 30, 30, 40, 40, 870, 230, 870, 230, 5110, 80, 5110, 80, 0, 870, 870, 340, 340, 150, 150, 70, 140, 140, 280, 280, 2080, 2080, 20, 20, 20, 20, 270, 270, 6420, 6420, 220, 220, 16540, 1560, 1560, 6420, 6420, 200, 200, 190, 190, 1190, 1190, 2380, 2380, 80, 80, 410, 410, 160, 160, 3690, 300, 3690, 300, 40, 40, 2690, 2690, 4140, 1220, 1220, 70, 70, 140, 150, 150, 1350, 1350, 550, 550, 750, 750, 100, 2550, 100, 1200, 270, 270, 1200, 24860, 24860, 1600, 1600, 3900, 300, 300, 310, 310, 1200, 1200, 40, 40, 210, 210, 1060, 1060, 320, 60, 460, 320, 460, 60, 0, 0, 60, 70, 70, 3710, 80, 80, 3710, 14360, 14360, 210, 680, 680, 300, 50, 300, 50, 230, 230, 60, 120, 120, 900, 900, 220, 220, 1820, 1820, 3410, 190, 3410, 190, 21160, 21160, 1500, 1500, 40, 40, 70, 70, 250, 250, 80, 50, 50, 180, 180, 210, 210, 100, 300, 300, 180, 180, 1730, 1730, 120, 80, 120, 595030, 595030, 595030, 595030, 60, 60, 1780, 1780, 460, 460, 20, 20, 280, 280, 1260, 1260, 110, 210, 210, 110, 1220, 1220, 2020, 20, 20, 9200, 9200, 760, 760, 40, 40, 120, 9200, 120, 120, 9200, 960, 960, 160, 160, 530, 110, 12740, 110, 530, 1000, 1000, 730, 730, 3560, 3560, 250, 250, 3380, 320, 320, 20, 20, 190, 3380, 190, 710, 3380, 710, 100, 100, 4780, 680, 680, 20, 20, 320, 510, 20, 20]"
2020-10-25 04:35:00+00:00,831700,4,270.0,"[40, 40, 260, 260, 60, 60, 320, 680, 320, 680, 110, 110, 520, 1200, 520, 1200, 680, 680, 10, 2190, 2190, 10, 990, 50, 990, 50, 4890, 4890, 800, 800, 1020, 1020, 310, 190, 310, 190, 850, 850, 390, 390, 27380, 27380, 20, 250, 20, 250, 140, 140, 1880, 15170, 15170, 700, 680, 700, 680, 190, 380, 380, 560, 560, 750, 750, 430, 1660, 430, 230, 230, 390, 390, 300, 120, 300, 150, 150, 1000, 1000, 30, 30, 1230, 1230, 450, 1580, 120, 450, 120, 570, 570, 130, 190, 190, 230, 570, 570, 230, 250, 250, 240, 240, 130, 760, 130, 760, 1080, 670, 670, 1020, 1020, 70, 90, 90, 70, 30, 30, 320, 320, 1190, 230, 230, 2550, 2550, 300, 300, 30, 80, 8100, 8100, 80, 40, 5990, 260, 260, 1490, 1490, 90, 90, 20, 140, 140, 1730, 1730, 750, 750, 110, 890, 110, 300, 300, 60, 100, 630, 100, 630, 60, 140, 140, 0, 0, 390, 390, 140, 140, 2490, 2490, 80, 80, 280, 280, 580, 580, 2440, 30, 2440, 380, 4550, 380, 4550, 130, 130, 1220, 1220, 180, 180, 2620, 2620, 470, 470, 11500, 140, 11500, 140, 330, 330, 380, 380, 540, 540, 810, 2780, 810, 380, 380, 2930, 2930, 80, 80, 193830, 193830, 2620, 980, 980, 980, 980, 70, 70, 730, 730, 60, 7880, 4610, 4610, 21300, 70, 70, 40, 40, 70, 70, 210, 210, 370, 940, 1670, 260, 370, 940, 260, 770, 770, 460, 460, 320, 320, 480, 490, 490, 4750, 140, 140, 20, 20, 1640, 490, 490, 51570, 51570, 130, 1010, 130, 1010, 70, 4410, 4410, 860, 860, 40, 40, 910, 910, 870, 870]"
2020-10-25 04:40:00+00:00,303850,0,247.0,"[340, 990, 1100, 180, 990, 1100, 180, 320, 320, 70, 70, 1080, 160, 160, 20, 340, 340, 790, 790, 1260, 50, 50, 1050, 120, 340, 340, 360, 710, 710, 1520, 2570, 1520, 2570, 160, 160, 1760, 1760, 1740, 1740, 240, 240, 320, 320, 2910, 2910, 30, 30, 180, 180, 110, 430, 430, 90, 140, 90, 140, 200, 200, 1570, 1570, 50, 50, 4780, 430, 430, 4780, 290, 290, 2690, 420, 420, 2690, 420, 420, 430, 330, 1050, 80, 1050, 330, 10940, 100, 10940, 100, 210, 1180, 1180, 150, 150, 50, 510, 50, 10, 25020, 10, 40, 40, 180, 120, 180, 7800, 150, 7800, 90, 90, 150, 740, 4650, 40, 40, 950, 950, 100, 100, 460, 2190, 460, 2190, 920, 920, 20, 20, 0, 0, 710, 460, 2890, 340, 2890, 460, 340, 630, 1010, 1010, 630, 380, 380, 690, 1440, 1440, 360, 910, 370, 370, 340, 1210, 1210, 340, 140, 140, 160, 160, 960, 120, 120, 960, 290, 290, 140, 140, 20, 20, 130, 130, 670, 670, 100, 100, 90, 90, 1570, 220, 220, 1020, 1020, 130, 130, 750, 750, 6970, 6970, 10, 360, 10, 360, 3200, 3200, 2730, 2730, 40, 40, 1210, 1210, 310, 310, 390, 390, 550, 550, 720, 720, 550, 550, 510, 510, 620, 620, 0, 0, 750, 750, 540, 540, 710, 710, 220, 220, 4340, 4340, 10, 150, 150, 380, 380, 20, 830, 20, 50, 25810, 25810, 50, 130, 150, 100, 150, 100, 1450, 1450, 550, 550, 40, 40, 60, 580, 580, 8480, 8480]"
2020-10-25 04:45:00+00:00,588540,6,229.0,"[320, 320, 80, 80, 10, 120, 120, 130, 3690, 3690, 130, 710, 710, 350, 350, 11280, 110, 4910, 110, 4910, 40, 40, 690, 690, 330, 330, 1280, 1280, 500, 500, 190, 310, 310, 40, 40, 40, 90, 90, 40, 220, 220, 210, 210, 30, 30, 340, 30, 30, 370, 5550, 5550, 370, 310, 310, 190, 190, 460, 460, 1470, 11470, 1470, 11470, 1210, 1210, 520, 40, 40, 140, 140, 370, 370, 430, 430, 3030, 260, 3030, 260, 60, 3680, 60, 3680, 28830, 28830, 50, 50, 1380, 1380, 3230, 20, 20, 700, 40, 700, 10, 40, 10, 180, 180, 670, 670, 350, 280, 280, 770, 1410, 770, 1410, 80, 80, 30, 30, 80, 80, 260, 260, 4100, 4100, 20, 20, 100, 100, 60, 60, 20, 570, 570, 10, 10, 10, 10, 20, 20, 2650, 2650, 50, 50, 180, 80, 80, 100, 22970, 840, 840, 200, 80, 80, 1870, 1870, 30, 30, 690, 690, 210, 210, 10040, 550, 550, 3620, 3620, 5000, 10, 5000, 170, 170, 1600, 300, 300, 240, 240, 450, 450, 420, 420, 220, 220, 60, 60, 450, 450, 790, 740, 790, 380, 380, 1730, 1730, 80, 80, 2680, 2680, 320, 50, 320, 220, 220, 170, 170, 590, 120, 120, 50, 120, 1500, 129220, 160, 160, 50, 100, 80, 100, 80, 130, 130, 380, 380, 10, 10, 70, 200, 70, 320, 320, 40, 40, 40, 90, 90, 10]"
2020-10-25 04:50:00+00:00,303300,1,292.0,"[2830, 2830, 8030, 30, 30, 70, 880, 880, 10, 170, 170, 1360, 1590, 1360, 1590, 320, 0, 320, 0, 50, 520, 440, 360, 30, 20, 620, 620, 600, 350, 140, 720, 140, 1020, 1020, 200, 200, 560, 80, 380, 10, 380, 10, 770, 770, 1250, 30, 1250, 30, 160, 160, 50, 50, 1220, 1220, 6260, 330, 80, 780, 0, 200, 200, 70, 70, 60, 100, 240, 100, 1370, 30, 130, 90, 30, 130, 1370, 340, 340, 1760, 850, 850, 0, 0, 720, 720, 510, 510, 30, 30, 10920, 10920, 0, 0, 1350, 1350, 70, 70, 70, 40, 70, 40, 600, 1160, 1020, 1020, 820, 820, 260, 0, 2200, 0, 2200, 1710, 310, 310, 580, 740, 940, 940, 200, 200, 200, 80, 200, 700, 700, 20, 250, 250, 140, 140, 170, 190, 480, 190, 480, 510, 12700, 12700, 570, 570, 150, 440, 950, 950, 190, 190, 60, 4520, 1180, 1180, 150, 150, 280, 280, 140, 100, 1380, 220, 1380, 550, 620, 620, 2260, 540, 2260, 540, 10, 40, 20, 30, 30, 20, 1460, 20, 330, 330, 28350, 1480, 1480, 940, 940, 1810, 460, 1810, 460, 220, 220, 100, 100, 40, 40, 1410, 60, 1520, 1520, 250, 250, 1530, 1530, 170, 10, 330, 330, 300, 40, 40, 40, 40, 680, 680, 120, 2730, 16700, 120, 2730, 16700, 60, 1100, 1100, 140, 1860, 1860, 140, 1680, 420, 420, 3480, 3480, 50, 50, 50, 50, 50, 30, 30, 840, 450, 450, 190, 280, 50, 280, 460, 40, 40, 70, 1680, 1680, 60, 70, 20, 20, 350, 360, 350, 40, 2110, 2110, 200, 30, 540, 540, 30, 200, 210, 1890, 560, 560, 320, 280, 280, 1070, 1680, 1680, 610, 70, 70, 180, 180, 20, 20, 60, 5450, 5450, 80, 5600, 5600, 80, 70, 50, 50, 660, 660]"
2020-10-25 04:55:00+00:00,262920,2,264.0,"[750, 750, 2490, 2720, 200, 200, 0, 0, 380, 1810, 1810, 4310, 4310, 160, 160, 250, 520, 460, 460, 600, 600, 20, 610, 20, 610, 60, 150, 60, 910, 910, 120, 690, 690, 7400, 7400, 50, 1050, 1050, 20, 20, 20, 610, 80, 50, 50, 60, 340, 340, 610, 970, 970, 260, 610, 610, 20, 20, 30, 30, 380, 380, 300, 10, 610, 10, 290, 650, 650, 550, 610, 3940, 720, 720, 610, 610, 31660, 31660, 40, 40, 6970, 6970, 540, 540, 120, 120, 70, 610, 20, 20, 200, 200, 2200, 2200, 2970, 230, 610, 230, 610, 2240, 500, 610, 610, 10, 480, 480, 360, 160, 360, 160, 780, 780, 100, 520, 280, 280, 60, 70, 290, 290, 70, 230, 520, 910, 280, 520, 380, 2680, 840, 840, 280, 280, 20, 20, 7930, 610, 610, 310, 1000, 1000, 430, 380, 820, 380, 820, 780, 780, 220, 220, 50, 690, 690, 430, 430, 210, 210, 40, 40, 110, 310, 310, 100, 100, 80, 80, 40, 100, 40, 180, 180, 430, 430, 70, 300, 520, 520, 100, 100, 100, 100, 1760, 1760, 1620, 2570, 1620, 2570, 310, 310, 150, 150, 1120, 220, 220, 2410, 280, 3000, 280, 2410, 40, 40, 160, 5090, 5090, 70, 130, 50, 50, 440, 120, 120, 240, 240, 120, 80, 120, 80, 190, 190, 0, 300, 300, 0, 940, 940, 40, 290, 290, 40, 50, 170, 50, 100, 290, 290, 1180, 1180, 70, 70, 680, 20, 20, 50, 50, 140, 70, 70, 100, 1960, 1960, 50, 50, 110, 430, 430, 280, 280, 430, 430, 100, 100, 660, 10, 660, 10, 10380, 10380]"
2020-10-25 05:00:00+00:00,412590,3,250.0,"[140, 140, 720, 40, 720, 40, 210, 280, 280, 320, 320, 140, 40, 140, 40, 1170, 1170, 40, 800, 800, 2340, 2340, 170, 170, 60, 60, 150, 150, 180, 180, 1260, 1260, 230, 230, 530, 530, 540, 4430, 4430, 60, 60, 60, 60, 60, 100, 420, 420, 300, 300, 20, 20, 1890, 60, 60, 160, 160, 390, 390, 0, 0, 310, 310, 260, 2310, 260, 2310, 3080, 3080, 320, 320, 340, 340, 80, 80, 230, 430, 230, 430, 1700, 1700, 260, 670, 3790, 3790, 1140, 140, 140, 1140, 90, 90, 760, 700, 700, 540, 500, 500, 540, 1740, 12380, 1740, 12380, 1770, 1770, 390, 80, 80, 390, 430, 430, 120, 120, 3120, 3120, 180, 180, 610, 610, 320, 320, 2050, 1170, 1170, 310, 390, 310, 390, 700, 70, 70, 10, 3550, 440, 440, 130, 90, 120, 120, 90, 80, 80, 4140, 2170, 4140, 2170, 30, 30, 10, 10, 20, 50, 50, 140, 140, 140, 140, 250, 250, 210, 210, 480, 480, 140, 140, 82740, 330, 330, 540, 10, 17120, 540, 2130, 2130, 30, 30, 6770, 160, 160, 160, 160, 230, 230, 820, 820, 20, 20, 350, 350, 1060, 1060, 100, 100, 2890, 2890, 350, 350, 300, 300, 1780, 1780, 1040, 1040, 50, 70, 70, 1060, 1060, 260, 260, 1750, 1750, 830, 830, 180, 180, 180, 2540, 180, 180, 50, 50, 70, 1030, 2210, 2210, 220, 220, 1470, 480, 480, 110, 110, 110, 110, 790, 6890, 6890, 720, 3200, 3200, 720, 490, 20, 20, 160, 360, 20, 70, 70]"
2020-10-25 05:05:00+00:00,247610,2,247.0,"[170, 30, 8920, 100, 100, 240, 40, 330, 40, 330, 270, 270, 380, 30, 380, 30, 170, 50, 100, 100, 60, 60, 180, 180, 10840, 10840, 80, 2970, 2970, 2630, 640, 640, 50, 50, 180, 1660, 1660, 500, 640, 640, 500, 890, 300, 890, 300, 20, 2780, 90, 90, 110, 250, 20, 250, 140, 140, 20, 20, 150, 150, 390, 390, 130, 230, 230, 220, 270, 220, 270, 400, 400, 150, 150, 6930, 6930, 1370, 1370, 150, 150, 260, 260, 30, 30, 90, 540, 260, 260, 210, 210, 170, 540, 540, 30, 30, 210, 210, 320, 0, 320, 200, 200, 120, 120, 1410, 1410, 1830, 1830, 290, 290, 2040, 250, 250, 510, 510, 70, 2330, 1050, 1050, 2330, 510, 510, 330, 330, 13100, 610, 13100, 610, 170, 170, 60, 200, 510, 510, 20, 20, 2180, 2210, 50, 50, 2210, 500, 500, 930, 300, 930, 300, 180, 540, 540, 2210, 2210, 1190, 1190, 5960, 5960, 280, 280, 3460, 3460, 1050, 1050, 1010, 2420, 190, 2420, 190, 40, 30, 30, 2290, 210, 60, 60, 580, 220, 580, 220, 1630, 4230, 4230, 50, 4320, 4320, 110, 90, 90, 2210, 2210, 100, 60, 60, 90, 90, 650, 650, 580, 1200, 1200, 4860, 4860, 200, 200, 190, 50, 410, 50, 410, 490, 490, 190, 190, 3620, 60, 3620, 0, 1010, 50, 850, 120, 850, 120, 690, 1120, 690, 1120, 180, 210, 210, 260, 310, 260, 310, 100, 100, 200, 200, 50, 2890, 290, 50, 290, 90, 30, 30, 2710, 2710, 400, 400]"
2020-10-25 05:10:00+00:00,156510,0,194.0,"[20, 20, 100, 250, 100, 110, 490, 500, 500, 640, 250, 640, 6680, 6680, 170, 170, 230, 230, 470, 470, 3080, 3080, 190, 120, 100, 100, 640, 640, 870, 1750, 870, 230, 430, 230, 430, 250, 200, 200, 720, 720, 870, 460, 460, 290, 290, 11880, 150, 420, 420, 0, 10, 10, 220, 220, 90, 360, 360, 60, 670, 670, 190, 190, 1820, 1820, 100, 100, 630, 630, 1510, 360, 360, 1120, 1120, 560, 560, 10, 60, 580, 580, 350, 50, 50, 220, 220, 140, 140, 80, 80, 110, 110, 700, 3800, 3800, 700, 160, 160, 880, 880, 480, 480, 1920, 1920, 50, 20, 20, 530, 530, 90, 1090, 90, 150, 1820, 1820, 10, 380, 380, 270, 270, 980, 980, 80, 80, 30, 30, 120, 120, 250, 180, 180, 230, 230, 100, 100, 1910, 4200, 1910, 40, 40, 30, 30, 90, 20, 20, 820, 820, 1120, 500, 500, 460, 460, 50, 50, 690, 690, 20, 1000, 1000, 20, 700, 700, 230, 230, 2370, 300, 300, 1340, 1340, 330, 610, 360, 610, 360, 50, 50, 280, 280, 20, 8080, 8080, 660, 6540, 6540, 2210, 430, 2000, 170, 170, 10, 10, 1080, 40, 40, 540, 540]"
2020-10-25 05:15:00+00:00,329450,2,188.0,"[60, 60, 10, 10, 5140, 6530, 5140, 30, 30, 620, 620, 20, 20, 580, 580, 110, 110, 640, 5140, 5140, 510, 510, 230, 2220, 190, 500, 500, 190, 240, 800, 800, 60, 90, 60, 90, 60, 60, 1060, 60, 60, 500, 750, 750, 160, 130, 160, 130, 3520, 3520, 1250, 510, 510, 190, 190, 160, 160, 660, 660, 240, 240, 67030, 67030, 480, 480, 130, 2480, 130, 320, 320, 500, 500, 110, 3590, 3590, 650, 650, 360, 1770, 1770, 30, 30, 80, 80, 20, 360, 1430, 140, 140, 310, 1430, 140, 140, 220, 220, 240, 240, 1790, 1790, 50, 680, 680, 380, 40, 40, 160, 160, 4440, 1320, 460, 460, 1320, 50, 50, 340, 340, 790, 590, 590, 810, 810, 40, 40, 770, 770, 40, 570, 570, 14460, 350, 350, 14460, 10, 10, 460, 60, 1170, 1170, 3330, 500, 600, 50, 50, 130, 90, 90, 0, 100, 600, 0, 100, 13750, 13750, 300, 300, 410, 410, 100, 100, 160, 160, 8870, 8870, 720, 720, 1560, 60, 60, 250, 1860, 1860, 250, 170, 170, 50, 20, 20, 50, 490, 320, 490, 40, 40, 1400, 1400, 40, 230, 230, 280]"
2020-10-25 05:20:00+00:00,245260,4,192.0,"[13750, 10400, 10400, 3340, 50, 50, 1050, 1050, 3810, 60, 3810, 60, 80, 80, 540, 540, 40, 40, 740, 740, 1620, 1620, 140, 140, 70, 70, 240, 240, 240, 80, 80, 2280, 370, 370, 380, 500, 500, 80, 1470, 1150, 1890, 1150, 10, 290, 290, 50, 1470, 1470, 360, 1010, 1010, 360, 360, 1400, 1400, 280, 280, 2560, 5310, 5310, 1260, 1260, 30, 30, 1150, 1150, 170, 1590, 1590, 1790, 70, 10, 110, 10, 110, 10, 330, 10, 330, 60, 60, 460, 460, 5710, 40, 40, 1200, 620, 1200, 620, 380, 380, 20, 20, 170, 170, 40, 40, 160, 160, 240, 240, 570, 80, 80, 1110, 1110, 1420, 270, 270, 1420, 20, 2060, 2060, 5680, 90, 5680, 90, 200, 200, 1430, 1430, 30, 230, 30, 230, 170, 170, 280, 280, 500, 6870, 500, 6870, 380, 380, 30, 30, 230, 230, 8920, 8920, 1400, 1400, 780, 780, 350, 350, 320, 320, 970, 890, 890, 970, 820, 50, 50, 560, 560, 130, 130, 890, 890, 510, 510, 7370, 70, 70, 0, 0, 950, 130, 130, 1230, 1230, 17380, 17380, 1190, 840, 340, 20, 340, 840, 0, 680, 680, 0, 1540, 1540, 1910, 1910, 390]"
2020-10-25 05:25:00+00:00,372840,2,185.0,"[170, 170, 1160, 310, 310, 40, 40, 5010, 5010, 3660, 3660, 110, 110, 460, 10, 460, 230, 230, 830, 1440, 1440, 830, 4070, 3270, 4070, 3880, 520, 280, 260, 280, 25280, 25280, 60, 60, 230, 230, 280, 720, 280, 720, 50, 50, 390, 390, 0, 640, 640, 0, 170, 140, 140, 570, 570, 290, 290, 90, 90, 230, 230, 190, 190, 270, 270, 1960, 1960, 30, 30, 1140, 1140, 190, 190, 570, 570, 2250, 10010, 10010, 210, 60, 60, 1530, 1530, 340, 340, 100, 100, 130, 2520, 2520, 80, 80, 410, 20, 20, 1420, 1420, 20, 20, 70, 40, 40, 70, 350, 350, 70, 70, 1790, 1790, 400, 400, 260, 5820, 5820, 340, 1200, 1200, 270, 270, 3490, 270, 270, 230, 230, 980, 980, 9320, 9320, 780, 780, 60, 60, 70, 70, 70, 70, 630, 110, 630, 110, 220, 220, 1500, 1500, 630, 630, 490, 490, 260, 260, 380, 300, 300, 380, 3950, 3950, 4020, 130, 500, 500, 490, 490, 150, 150, 150, 150, 290, 290, 110, 400, 400, 80, 80, 73760, 73760, 210, 210, 230, 230, 730, 730, 110, 110, 2710, 2710, 10, 10]"
2020-10-25 05:30:00+00:00,368610,2,197.0,"[1160, 1160, 460, 180, 180, 5620, 20, 20, 100, 100, 1040, 1040, 3890, 370, 3890, 40, 40, 190, 190, 350, 350, 120, 180, 40, 40, 640, 20, 350, 20, 350, 640, 80, 1360, 10010, 1360, 80, 310, 310, 190, 190, 60, 3260, 3260, 9990, 190, 190, 10, 10, 10, 10, 3260, 2560, 2560, 190, 190, 290, 290, 1080, 1080, 10, 10, 410, 410, 170, 170, 400, 400, 270, 270, 250, 250, 300, 300, 270, 700, 700, 270, 77420, 77420, 3370, 3260, 920, 150, 150, 830, 2850, 6590, 830, 2850, 250, 50, 250, 50, 3260, 10, 10, 1100, 1100, 10, 2230, 10, 360, 360, 1380, 1380, 270, 270, 30, 270, 270, 1180, 1180, 10530, 10530, 190, 190, 30, 30, 390, 390, 240, 4810, 240, 3860, 3860, 480, 480, 560, 1020, 200, 200, 40, 40, 70, 70, 180, 180, 160, 0, 0, 510, 400, 30, 30, 510, 400, 20, 20, 0, 0, 800, 800, 6350, 6350, 1780, 1780, 70, 70, 330, 100, 330, 100, 6670, 6670, 970, 800, 800, 3090, 3090, 520, 520, 20, 20, 1200, 1200, 2580, 1460, 250, 250, 90, 90, 1450, 1450, 3940, 3940, 180, 300, 300, 180, 30, 30, 310, 310, 740, 740, 1010, 1010]"
2020-10-25 05:35:00+00:00,170130,0,174.0,"[150, 2260, 560, 90, 90, 560, 270, 270, 1460, 1460, 910, 910, 120, 120, 70, 70, 480, 480, 10, 10, 360, 170, 170, 180, 10, 10, 740, 740, 10, 10, 350, 350, 4340, 4340, 170, 140, 140, 170, 240, 240, 8000, 8000, 280, 310, 710, 710, 20, 1060, 20, 1060, 2460, 2460, 14590, 1420, 20, 170, 170, 20, 20, 460, 380, 460, 0, 0, 170, 170, 360, 180, 180, 80, 80, 570, 570, 20, 20, 300, 100, 30, 1140, 0, 0, 160, 160, 520, 320, 1790, 240, 240, 360, 360, 750, 750, 1930, 1930, 430, 430, 11620, 1930, 1930, 940, 940, 6330, 1090, 1860, 1860, 240, 240, 40, 40, 160, 160, 160, 160, 8570, 8570, 20, 20, 160, 160, 10, 10, 240, 2080, 250, 250, 1170, 1170, 1410, 1410, 50, 50, 100, 80, 80, 510, 510, 70, 70, 150, 410, 410, 880, 880, 100, 100, 30, 30, 360, 360, 4410, 4410, 1530, 1530, 340, 340, 350, 950, 1530, 350, 950, 1530, 20, 20, 2110, 1320, 2390, 2390, 80, 80, 90, 90, 160, 1180, 1180]"
2020-10-25 05:40:00+00:00,180400,0,164.0,"[4900, 4900, 140, 140, 140, 140, 1360, 1360, 1100, 1100, 1810, 1810, 70, 70, 160, 21360, 1840, 160, 160, 1360, 1360, 60, 60, 600, 600, 1840, 1840, 360, 360, 430, 430, 2670, 2670, 490, 490, 3120, 3120, 180, 910, 390, 910, 1840, 590, 590, 60, 60, 540, 540, 580, 580, 430, 430, 1210, 1210, 950, 950, 320, 320, 1140, 1140, 20, 20, 170, 690, 690, 90, 90, 2390, 2390, 1100, 1100, 2990, 2990, 30, 30, 160, 160, 10, 10, 20, 20, 360, 360, 440, 440, 2400, 2400, 60, 60, 120, 100, 100, 360, 360, 500, 500, 2650, 50, 80, 80, 50, 70, 70, 800, 160, 160, 800, 230, 230, 60, 60, 160, 160, 560, 560, 260, 0, 0, 360, 360, 20, 20, 440, 440, 140, 140, 420, 420, 220, 220, 460, 460, 480, 480, 2400, 2400, 11840, 11840, 1370, 1370, 60, 100, 11180, 11180, 630, 630, 10, 1280, 690, 1280, 80, 100, 200, 100, 190, 170, 170, 410, 410, 2960, 360, 360, 60, 60]"
2020-10-25 05:45:00+00:00,1289850,4,239.0,"[400, 400, 720, 720, 60, 60, 720, 720, 460, 460, 570, 570, 20, 20, 30, 30, 170, 170, 3800, 3800, 2000, 2000, 40, 40, 540, 540, 160, 160, 350, 350, 360, 360, 2400, 200, 200, 1340, 10, 10, 50470, 50470, 700, 80, 80, 40, 40, 200, 200, 460, 460, 420, 420, 170, 40, 170, 60, 60, 250, 2450, 250, 2450, 1260, 1260, 80, 80, 730, 300, 300, 60, 60, 2000, 2000, 560, 740, 50, 50, 740, 70, 70, 620, 90, 90, 430, 430, 120, 170, 1230, 1230, 10, 10, 630, 100, 100, 4300, 4300, 620, 620, 5060, 600, 240, 240, 160, 160, 50, 20, 50, 4760, 4760, 480, 1430, 480, 1430, 1160, 1160, 8360, 8360, 1460, 1460, 5470, 5470, 700, 700, 0, 240, 0, 240, 350, 350, 10, 280, 110, 280, 110, 10, 2230, 160, 2230, 160, 490, 70, 40, 40, 80, 80, 210, 210, 870, 870, 1010, 1010, 510, 2790, 30, 30, 400, 400, 300, 300, 750, 430, 430, 750, 2560, 2560, 40, 370, 40, 370, 30, 30, 460, 460, 2370, 2370, 410, 410, 70, 70, 360, 60, 430, 430, 360, 60, 0, 1480, 1480, 0, 1360, 1360, 150, 150, 260, 260, 10, 120, 120, 30, 30, 60, 60, 330, 330, 930, 930, 6330, 6330, 80, 80, 180, 180, 2790, 1360, 50, 1360, 50, 300, 300, 60, 60, 3830, 3830, 14840, 1990, 1990, 180, 180, 180, 90, 90, 1360, 1360, 1540, 1540, 520, 520, 360, 360]"
2020-10-25 05:50:00+00:00,499530,2,322.0,"[30, 110, 110, 2610, 2610, 890, 890, 14840, 14840, 2920, 2920, 360, 360, 1640, 1640, 70, 70, 190, 190, 20, 20, 320, 320, 240, 240, 20, 20, 2580, 2580, 117690, 117690, 30, 150, 60, 980, 150, 30, 980, 60, 50, 50, 970, 970, 170, 170, 130, 130, 80, 80, 600, 600, 140, 140, 10770, 110, 110, 10770, 20, 20, 600, 600, 3690, 3690, 150, 150, 50, 70, 50, 70, 50, 50, 250, 250, 1360, 400, 1360, 400, 60, 60, 700, 700, 250, 1920, 1920, 250, 1920, 1920, 1650, 1650, 3110, 3110, 710, 980, 980, 10, 10, 800, 0, 0, 2060, 2060, 110, 110, 240, 240, 0, 0, 150, 150, 20, 20, 50, 50, 310, 310, 260, 200, 260, 560, 560, 900, 130, 130, 900, 710, 710, 2630, 2630, 540, 400, 400, 80, 100, 100, 830, 830, 140, 140, 40, 350, 40, 350, 30, 180, 180, 200, 200, 2580, 2580, 20, 20, 160, 160, 210, 210, 200, 200, 50, 50, 240, 240, 240, 240, 860, 860, 100, 100, 50, 50, 140, 140, 1280, 1280, 3170, 3170, 3030, 740, 740, 10, 10, 250, 250, 2570, 2570, 820, 820, 440, 240, 240, 440, 410, 0, 0, 110, 110, 150, 150, 30, 30, 1930, 1930, 70, 10, 220, 220, 30, 30, 440, 440, 840, 840, 310, 1220, 1220, 10, 10, 3680, 3680, 440, 4700, 160, 160, 4700, 450, 450, 830, 830, 180, 180, 200, 200, 110, 60, 60, 110, 10, 10, 3130, 140, 140, 330, 4230, 4230, 170, 170, 60, 530, 530, 1730, 340, 340, 1730, 2160, 2160, 120, 120, 220, 220, 40, 40, 20, 20, 670, 760, 760, 60, 60, 1520, 1670, 1670, 80, 80, 770, 770, 2920, 2920, 60, 60, 110, 110, 830, 830, 30, 740, 740, 30, 20, 20, 60, 60, 140, 140, 40, 40, 1340, 1340, 40, 40, 70, 490, 70, 490, 310, 2420, 310, 2420, 420, 420, 510, 510, 490, 490, 30, 30, 220, 220, 30, 30, 3080, 3080, 60, 60]"
2020-10-25 05:55:00+00:00,206820,0,252.0,"[20, 20, 10, 10, 3970, 30, 3970, 30, 2030, 2030, 270, 270, 670, 670, 1340, 340, 20, 340, 20, 30, 30, 480, 480, 2960, 2960, 2490, 2490, 2490, 2130, 2130, 670, 2220, 2220, 80, 80, 1050, 3620, 190, 3620, 480, 480, 10, 10, 17780, 17780, 90, 90, 2360, 250, 250, 80, 2360, 80, 30, 10, 20, 10, 20, 10, 10, 170, 170, 480, 80, 80, 90, 410, 410, 340, 340, 20, 20, 160, 160, 190, 190, 680, 680, 80, 1400, 1520, 1400, 1520, 1910, 360, 50, 360, 50, 870, 400, 400, 870, 430, 430, 0, 0, 30, 30, 320, 320, 1460, 1460, 5780, 5780, 520, 520, 1960, 1960, 2580, 2580, 500, 700, 100, 100, 500, 700, 240, 240, 4230, 4230, 270, 270, 190, 190, 410, 410, 920, 920, 30, 190, 130, 190, 130, 700, 60, 60, 10, 10, 590, 20, 80, 80, 590, 20, 100, 100, 160, 160, 130, 590, 130, 590, 100, 100, 160, 170, 170, 120, 120, 400, 820, 820, 170, 10560, 1500, 1500, 250, 20, 20, 200, 200, 2080, 2080, 80, 80, 10, 10, 400, 400, 670, 550, 60, 120, 120, 2900, 70, 70, 3130, 3130, 60, 60, 200, 200, 490, 490, 120, 120, 60, 60, 10, 690, 10, 690, 60, 60, 350, 350, 450, 450, 490, 490, 370, 370, 570, 570, 190, 190, 1360, 1360, 210, 210, 950, 950, 580, 580, 10, 30, 30, 10, 620, 180, 70, 180, 70, 310, 310, 130, 130, 190, 190, 620, 620, 690, 690, 180, 180, 170, 170, 150, 150, 140, 140]"
2020-10-25 06:00:00+00:00,276500,0,257.0,"[680, 680, 510, 60, 510, 60, 510, 510, 860, 3460, 3460, 60, 60, 1020, 1020, 130, 130, 420, 420, 50, 50, 680, 680, 1050, 100, 790, 100, 1050, 790, 130, 130, 140, 30, 140, 960, 30, 960, 40, 200, 200, 350, 350, 300, 300, 3020, 270, 3020, 270, 0, 0, 10, 10, 4040, 4040, 50, 50, 700, 90, 90, 3870, 1490, 1490, 70, 70, 40, 40, 30, 2040, 490, 490, 410, 410, 970, 970, 2860, 2860, 410, 410, 800, 800, 1350, 1350, 340, 130, 200, 130, 340, 200, 110, 110, 2890, 2890, 250, 250, 800, 800, 220, 220, 630, 630, 20, 840, 20, 840, 800, 800, 370, 370, 1090, 1090, 140, 140, 20, 20, 130, 130, 6300, 2490, 6300, 2490, 130, 130, 110, 1190, 1190, 110, 410, 410, 820, 820, 270, 270, 150, 150, 2010, 2010, 1660, 6550, 1660, 10, 390, 10, 390, 30, 30, 5570, 60, 5570, 0, 0, 8200, 300, 8200, 320, 3920, 3920, 320, 20, 20, 0, 0, 14010, 14010, 9200, 9200, 640, 640, 0, 0, 10540, 10540, 860, 860, 20, 20, 1300, 1300, 20, 20, 240, 240, 230, 200, 510, 510, 90, 90, 10, 10, 270, 270, 790, 80, 790, 80, 2430, 90, 2430, 90, 230, 230, 1000, 1000, 550, 20, 20, 2300, 2300, 550, 40, 20, 20, 1740, 1740, 130, 130, 1220, 1220, 270, 280, 280, 120, 120, 100, 100, 60, 90, 90, 190, 190, 220, 220, 710, 230, 710, 230, 1010, 1870, 1870, 100, 100, 300, 300, 600, 600, 100, 100, 40, 40, 60, 60, 4070, 4070, 1650, 1650, 100, 100]"
2020-10-25 06:05:00+00:00,1037340,4,180.0,"[30, 7990, 7990, 620, 620, 690, 690, 150, 1700, 1700, 190, 190, 400, 400, 10, 10, 130, 130, 240, 240, 3970, 0, 0, 70, 70, 500, 500, 30, 30, 80, 80, 300, 300, 40, 40, 1100, 710, 1100, 710, 70, 70, 0, 0, 60, 60, 90, 2320, 50, 2320, 50, 120, 120, 170, 170, 70, 70, 30, 30, 140, 130, 130, 140, 430, 10, 10, 340, 340, 140, 140, 1870, 1870, 3270, 3270, 690, 1320, 1320, 30, 30, 270, 60, 60, 460, 460, 70, 70, 130, 20, 130, 0, 0, 20, 20, 60, 60, 80, 300, 300, 690, 1700, 1700, 6730, 6730, 60, 60, 228790, 228790, 180, 180, 228790, 228790, 940, 120, 690, 120, 120, 1190, 1190, 550, 550, 60, 6550, 60, 70, 70, 80, 1190, 1190, 110, 110, 380, 200, 200, 10, 10, 380, 160, 200, 200, 6640, 6640, 40, 0, 0, 40, 130, 130, 290, 290, 1590, 1590, 80, 80, 430, 430, 250, 250, 1150, 1150, 70, 930, 290, 290, 120, 120, 120, 120, 80, 80, 20, 20, 220, 220, 30, 30, 140, 140, 60, 60, 2640, 2640]"
2020-10-25 06:10:00+00:00,124430,3,146.0,"[190, 190, 30, 300, 30, 300, 3400, 3400, 520, 520, 140, 140, 70, 70, 70, 70, 220, 220, 2150, 2150, 840, 840, 4220, 4220, 310, 540, 300, 540, 300, 330, 330, 140, 140, 970, 170, 170, 970, 40, 6740, 6740, 70, 70, 70, 140, 240, 240, 60, 1000, 9520, 60, 1000, 60, 9520, 280, 280, 30, 30, 110, 340, 110, 340, 930, 930, 40, 40, 20, 20, 4050, 4050, 10, 10, 450, 450, 170, 170, 50, 50, 220, 30, 30, 5120, 5120, 170, 170, 50, 50, 230, 230, 560, 560, 510, 3930, 620, 620, 510, 510, 150, 150, 980, 20, 180, 20, 180, 200, 200, 70, 1590, 1590, 200, 200, 30, 30, 170, 930, 930, 170, 60, 60, 1090, 1090, 90, 20, 20, 10, 10, 30, 30, 300, 110, 110, 1150, 1150, 270, 90, 270, 40, 2360, 40, 2360, 80, 80, 20, 20, 10, 10]"
2020-10-25 06:15:00+00:00,302460,0,178.0,"[3810, 3810, 120, 120, 730, 730, 10060, 10060, 12980, 330, 12980, 330, 40, 40, 110, 120, 120, 380, 380, 130, 130, 10, 10, 320, 60, 60, 8150, 8150, 310, 310, 1070, 1060, 1060, 1070, 2070, 2070, 20, 40, 40, 20, 420, 420, 960, 960, 160, 160, 12980, 12980, 100, 100, 80, 80, 12980, 12980, 240, 240, 10, 10, 10, 10, 350, 570, 570, 350, 190, 190, 260, 260, 0, 0, 180, 180, 1960, 1960, 200, 200, 400, 60, 340, 400, 60, 340, 30, 30, 80, 80, 40, 40, 660, 660, 10, 10, 240, 300, 300, 110, 110, 570, 570, 200, 200, 3130, 3130, 150, 150, 12980, 12980, 340, 120, 120, 1320, 1320, 130, 130, 240, 2560, 240, 2560, 670, 20, 20, 220, 220, 3120, 130, 130, 90, 20, 90, 150, 150, 24260, 24260, 270, 270, 660, 260, 260, 660, 270, 270, 20, 20, 2000, 2000, 970, 970, 540, 540, 1100, 320, 1520, 20, 1520, 20, 1010, 5960, 1010, 520, 520, 12980, 160, 160, 12980, 80, 80, 1100, 1100, 400, 560, 560, 400, 10, 10, 240, 240, 100, 100]"
2020-10-25 06:20:00+00:00,125850,1,129.0,"[210, 210, 160, 160, 380, 380, 360, 360, 4700, 4700, 80, 1460, 1460, 1470, 2170, 2170, 1470, 110, 110, 790, 790, 980, 980, 700, 700, 240, 240, 140, 20, 1580, 1580, 710, 710, 170, 170, 120, 120, 630, 630, 40, 40, 960, 960, 80, 80, 630, 0, 0, 130, 130, 50, 50, 50, 50, 220, 220, 120, 12150, 12150, 60, 5920, 60, 5920, 320, 30, 250, 30, 250, 330, 330, 5920, 1580, 40, 170, 40, 170, 360, 3150, 3150, 310, 310, 30, 30, 3530, 100, 100, 350, 350, 150, 150, 80, 80, 2050, 3100, 3100, 80, 30, 80, 30, 5920, 110, 110, 130, 130, 1690, 1690, 80, 80, 100, 100, 60, 60, 320, 320, 1590, 1590, 280, 390, 390, 250, 250, 240, 240, 530, 1600, 1600, 530, 560, 560]"
2020-10-25 06:25:00+00:00,214660,0,161.0,"[400, 400, 140, 90, 90, 140, 30, 3250, 3250, 390, 5580, 5580, 200, 200, 4490, 1320, 4490, 1320, 340, 340, 500, 500, 7770, 7770, 2350, 2350, 80, 80, 550, 550, 2960, 2960, 2490, 130, 130, 3230, 20, 20, 2050, 9440, 18500, 18500, 160, 160, 200, 200, 3250, 3250, 330, 330, 330, 330, 1470, 7770, 7770, 480, 480, 90, 90, 10, 10, 120, 120, 90, 90, 0, 190, 190, 0, 3230, 3230, 320, 150, 320, 150, 500, 180, 180, 520, 520, 5990, 60, 60, 5990, 110, 110, 30, 30, 330, 330, 640, 640, 20, 20, 520, 520, 40, 40, 490, 20, 120, 120, 180, 180, 440, 440, 570, 4980, 570, 4980, 1090, 1090, 320, 320, 390, 90, 90, 60, 60, 20, 20, 170, 170, 120, 730, 120, 730, 130, 140, 310, 310, 140, 2000, 2000, 700, 700, 20, 20, 4980, 140, 90, 140, 90, 160, 160, 250, 250, 3770, 3770, 100, 1330, 460, 460, 2520, 2520, 60, 60, 10, 10, 460, 460]"
2020-10-25 06:30:00+00:00,109000,0,126.0,"[1170, 1170, 40, 40, 140, 140, 40, 40, 20, 20, 370, 370, 20, 20, 600, 600, 90, 90, 390, 390, 100, 100, 20, 20, 560, 360, 360, 1350, 1350, 15760, 15760, 300, 300, 140, 140, 970, 900, 900, 600, 600, 100, 70, 100, 70, 270, 270, 3340, 3340, 2250, 600, 600, 60, 60, 3340, 3340, 30, 40, 40, 20, 20, 10, 10, 80, 80, 30, 30, 6080, 380, 380, 460, 460, 270, 270, 40, 10, 40, 10, 2130, 2130, 0, 10, 10, 2460, 2460, 130, 10, 10, 190, 30, 30, 1240, 2460, 2460, 6250, 980, 150, 980, 1240, 120, 120, 2740, 2740, 50, 50, 10, 10, 70, 70, 500, 500, 20, 20, 470, 470, 130, 130, 240, 240, 260, 350, 350, 140, 210, 140, 210, 330]"
2020-10-25 06:35:00+00:00,117470,0,123.0,"[1660, 90, 90, 3640, 3640, 300, 300, 1580, 220, 200, 200, 220, 1020, 1020, 460, 460, 450, 450, 210, 210, 630, 630, 120, 9940, 9940, 400, 400, 30, 30, 190, 190, 5820, 5820, 340, 340, 3350, 30, 600, 600, 30, 730, 50, 730, 50, 320, 320, 40, 40, 4090, 4090, 1200, 20, 1200, 20, 10, 10, 40, 40, 10250, 90, 90, 60, 60, 890, 190, 190, 540, 540, 140, 140, 800, 800, 20, 20, 1560, 1560, 2030, 2030, 540, 540, 230, 140, 560, 560, 280, 280, 600, 1600, 20, 20, 110, 110, 400, 80, 80, 5460, 5460, 380, 380, 50, 50, 10, 10, 60, 40, 40, 60, 660, 660, 560, 560, 80, 80, 10, 10, 940, 940, 1370, 1370, 790, 180, 180, 80]"
2020-10-25 06:40:00+00:00,95630,0,114.0,"[180, 180, 520, 520, 160, 160, 280, 280, 620, 620, 160, 160, 220, 220, 400, 460, 460, 1540, 1540, 160, 160, 2050, 380, 2050, 540, 540, 910, 280, 430, 690, 430, 690, 430, 340, 1050, 1050, 1010, 1010, 720, 720, 12580, 30, 30, 12580, 290, 290, 3270, 50, 50, 80, 10, 90, 10, 90, 730, 130, 130, 70, 70, 10, 10, 130, 130, 300, 300, 380, 1850, 1850, 1340, 1340, 130, 130, 90, 90, 230, 230, 1510, 1510, 150, 150, 20, 20, 10, 10, 1510, 1510, 20, 20, 550, 550, 1940, 620, 1940, 620, 2550, 100, 100, 10, 10, 2130, 2130, 530, 530, 410, 410, 4480, 1740, 1740, 440, 440, 240, 650, 650, 240]"
2020-10-25 06:45:00+00:00,128770,0,120.0,"[120, 120, 190, 190, 390, 390, 310, 310, 140, 2200, 2200, 80, 80, 2860, 2860, 450, 450, 140, 140, 410, 410, 80, 80, 120, 120, 40, 40, 1730, 1730, 1940, 1940, 2090, 2090, 1300, 1300, 3760, 3760, 260, 10, 10, 120, 1640, 120, 1640, 2090, 2090, 320, 320, 1300, 1300, 170, 1700, 170, 660, 660, 10030, 10030, 7880, 7880, 120, 120, 270, 270, 1330, 1330, 570, 570, 220, 220, 40, 3560, 3560, 3760, 3760, 770, 770, 60, 1110, 60, 200, 200, 220, 220, 40, 40, 410, 280, 280, 2430, 2430, 140, 140, 150, 150, 890, 890, 740, 40, 40, 320, 180, 180, 2340, 110, 110, 250, 250, 320, 80, 80, 50, 50, 130, 50, 50, 10, 10, 2390, 2390, 60]"
2020-10-25 06:50:00+00:00,158000,0,130.0,"[2470, 2080, 2080, 150, 10, 10, 660, 60, 60, 30, 30, 220, 220, 30, 30, 1280, 1280, 800, 800, 50, 50, 30, 4680, 4680, 700, 700, 40, 40, 100, 730, 30, 30, 730, 100, 200, 100, 200, 110, 110, 60, 60, 350, 10, 10, 3890, 6180, 3890, 6180, 160, 160, 13850, 13850, 680, 680, 160, 2320, 2320, 820, 820, 170, 170, 40, 40, 40, 1120, 670, 670, 30, 30, 3430, 3430, 2440, 2440, 190, 190, 140, 140, 40, 1580, 500, 500, 40, 1580, 380, 2390, 2390, 210, 210, 2750, 2750, 750, 470, 470, 90, 90, 2550, 2550, 200, 200, 2240, 540, 310, 310, 2240, 2240, 570, 570, 10, 10, 60, 60, 3380, 3380, 180, 180, 1980, 1980, 390, 390, 6360, 6360, 510, 510, 730, 50, 50, 730, 590, 590, 270]"
2020-10-25 06:55:00+00:00,124520,0,111.0,"[140, 730, 6760, 6760, 30, 30, 270, 270, 9130, 1470, 1470, 10, 1570, 1570, 220, 220, 3690, 310, 310, 590, 590, 40, 9130, 60, 440, 60, 1140, 1140, 580, 50, 50, 160, 40, 160, 40, 110, 740, 740, 580, 3680, 3680, 2100, 90, 280, 280, 140, 2330, 390, 390, 2360, 2360, 580, 3210, 3210, 1350, 1350, 3730, 110, 110, 130, 130, 1500, 1500, 3970, 3970, 250, 1330, 1330, 100, 100, 0, 0, 480, 2750, 2750, 480, 600, 600, 80, 80, 1390, 1390, 370, 370, 990, 990, 50, 50, 840, 220, 270, 270, 220, 1520, 1520, 60, 1680, 60, 1680, 1290, 1290, 30, 1320, 30, 50, 50, 40, 40, 900, 140, 140]"
2020-10-25 07:00:00+00:00,107620,0,95.0,"[50, 50, 80, 80, 100, 100, 2470, 90, 90, 40, 40, 10, 10, 70, 70, 3970, 3970, 580, 580, 230, 8950, 8950, 140, 140, 190, 170, 170, 280, 280, 630, 400, 400, 10, 3340, 3340, 350, 350, 620, 620, 100, 100, 220, 220, 170, 170, 620, 620, 2540, 2540, 270, 270, 280, 280, 30, 230, 30, 230, 60, 60, 270, 270, 10, 10, 630, 630, 560, 190, 190, 60, 60, 190, 190, 2300, 2300, 2250, 10030, 10030, 10030, 10030, 30, 30, 20, 20, 1360, 1360, 20, 20, 80, 80, 350, 200, 350, 200, 1110, 1110]"
2020-10-25 07:05:00+00:00,69390,0,105.0,"[330, 330, 160, 160, 330, 40, 330, 40, 60, 60, 580, 130, 130, 100, 100, 900, 900, 10, 10, 1850, 1850, 60, 60, 840, 330, 840, 330, 2700, 2700, 230, 40, 40, 740, 740, 1850, 90, 90, 60, 60, 110, 110, 2980, 2980, 60, 60, 40, 40, 40, 40, 2010, 2010, 160, 160, 910, 910, 250, 250, 320, 320, 470, 1040, 220, 30, 790, 30, 1040, 470, 220, 190, 80, 80, 270, 270, 1210, 40, 40, 220, 220, 1210, 240, 240, 0, 40, 40, 730, 730, 30, 30, 1910, 540, 540, 1120, 1120, 5450, 5450, 40, 40, 1300, 1300, 0, 0, 70, 70, 3130, 3130]"
2020-10-25 07:10:00+00:00,204290,0,95.0,"[90, 90, 1020, 1020, 10, 2080, 1580, 1580, 60, 60, 160, 160, 970, 970, 70, 70, 360, 360, 20, 20, 80, 80, 390, 390, 210, 2460, 210, 2460, 60, 60, 1520, 1520, 400, 400, 840, 840, 250, 250, 250, 250, 60, 30, 1950, 1950, 30, 100, 100, 1140, 1140, 390, 390, 470, 470, 300, 130, 130, 300, 2310, 100, 100, 150, 150, 520, 490, 40, 40, 3150, 3150, 10, 10, 20, 140, 140, 1820, 380, 380, 160, 160, 2660, 2660, 40, 70, 70, 3570, 3570, 140, 140, 80, 80, 460, 460, 1660, 20, 20]"
2020-10-25 07:15:00+00:00,52220,0,80.0,"[210, 210, 360, 360, 550, 1580, 550, 1580, 20, 20, 210, 210, 280, 730, 730, 30, 30, 20, 20, 30, 30, 50, 50, 1370, 3600, 80, 9600, 9600, 140, 140, 140, 140, 180, 180, 2490, 0, 0, 1000, 1000, 10, 10, 50, 70, 70, 830, 70, 70, 1410, 1600, 1600, 170, 170, 120, 120, 290, 290, 920, 920, 40, 40, 110, 110, 640, 640, 260, 260, 40, 40, 230, 670, 230, 670, 1590, 60, 60, 10, 10, 90, 90, 20]"
2020-10-25 07:20:00+00:00,260010,1,93.0,"[1080, 1080, 1660, 1660, 34940, 10, 10, 880, 150, 150, 290, 290, 1370, 3740, 3740, 30, 30, 1750, 1750, 7450, 250, 250, 1030, 1030, 180, 180, 10810, 10810, 250, 250, 12040, 12040, 90, 90, 4770, 4770, 30, 0, 0, 920, 920, 260, 260, 0, 0, 3630, 3630, 160, 160, 1840, 89240, 1840, 80, 80, 1120, 1120, 840, 1340, 300, 300, 40, 40, 10, 10, 220, 220, 3630, 3630, 0, 840, 840, 210, 210, 230, 230, 1300, 110, 110, 370, 370, 5720, 5720, 350, 350, 1760, 1150, 1150, 0, 0, 1100, 1100, 10, 10]"
2020-10-25 07:25:00+00:00,89700,0,97.0,"[80, 80, 3950, 3950, 1720, 1720, 80, 90, 80, 90, 460, 460, 250, 250, 250, 250, 680, 680, 440, 440, 1720, 840, 840, 270, 480, 480, 2490, 1720, 1720, 260, 260, 650, 650, 60, 70, 30, 70, 30, 60, 2390, 2390, 270, 1250, 1250, 5340, 370, 370, 5340, 5720, 5720, 230, 1310, 1310, 100, 100, 800, 800, 100, 100, 80, 80, 1340, 1340, 540, 540, 2290, 2290, 120, 120, 50, 270, 270, 880, 270, 470, 470, 270, 680, 680, 160, 160, 30, 30, 760, 10, 10, 1510, 2300, 2300, 10, 10, 10, 10, 1940, 1940, 750, 750]"
2020-10-25 07:30:00+00:00,214180,2,93.0,"[1560, 1560, 380, 380, 750, 750, 1560, 1560, 130, 130, 550, 550, 170, 50, 50, 40, 70, 43930, 1110, 1110, 10, 10, 430, 90, 90, 430, 40, 40, 140, 34940, 140, 34940, 290, 290, 1010, 1010, 470, 470, 520, 520, 70, 70, 180, 180, 1010, 1010, 120, 120, 700, 700, 620, 620, 40, 1050, 21900, 21900, 30, 30, 1880, 70, 30, 70, 30, 30, 30, 1760, 1760, 2140, 2140, 20, 20, 1550, 80, 80, 710, 710, 900, 1310, 900, 1310, 740, 740, 190, 2310, 2310, 900, 390, 900, 390, 300, 300, 2280, 2280]"
2020-10-25 07:35:00+00:00,139800,0,105.0,"[190, 2280, 2280, 180, 180, 400, 80, 400, 80, 40, 40, 10, 980, 980, 110, 110, 30, 30, 1120, 1120, 190, 30, 30, 980, 80, 140, 60, 60, 140, 60, 60, 740, 740, 0, 0, 20, 20, 10, 10, 6940, 240, 240, 60, 1740, 60, 1740, 1000, 1000, 350, 3480, 350, 3480, 1050, 1050, 60, 60, 680, 680, 2390, 5720, 5720, 220, 220, 2380, 2380, 170, 170, 1410, 0, 0, 100, 100, 0, 0, 1060, 1060, 130, 130, 110, 110, 680, 680, 120, 350, 80, 80, 2120, 1750, 1750, 80, 80, 100, 100, 250, 250, 2230, 2230, 10, 10, 1730, 1730, 30560, 30560, 210, 210]"
2020-10-25 07:40:00+00:00,102940,0,89.0,"[160, 160, 380, 380, 740, 740, 10, 10, 980, 980, 270, 270, 980, 280, 280, 550, 550, 1050, 20, 20, 1260, 1260, 30, 30, 3100, 890, 170, 170, 210, 160, 210, 160, 250, 1710, 1710, 250, 2790, 2790, 3840, 3840, 60, 60, 210, 210, 90, 30, 30, 30, 350, 350, 90, 90, 16890, 16890, 8120, 8120, 850, 850, 960, 280, 960, 280, 1370, 0, 0, 1210, 1210, 240, 170, 170, 630, 160, 160, 430, 430, 160, 160, 60, 60, 60, 60, 520, 520, 520, 520, 1480, 1480, 860, 860]"
2020-10-25 07:45:00+00:00,108200,0,100.0,"[340, 340, 380, 380, 120, 1090, 1090, 120, 120, 860, 1090, 1090, 29280, 29280, 120, 120, 1790, 1790, 640, 640, 50, 850, 850, 10, 10, 100, 100, 180, 180, 40, 40, 10, 10, 100, 100, 0, 0, 80, 30, 30, 80, 40, 40, 640, 640, 380, 380, 10, 10, 20, 20, 320, 320, 1420, 1420, 230, 230, 860, 860, 290, 290, 40, 600, 600, 600, 600, 340, 20, 20, 280, 280, 150, 20, 20, 640, 640, 2810, 1750, 1750, 2810, 0, 0, 660, 660, 220, 220, 2050, 2050, 290, 290, 20, 20, 1750, 1750, 640, 640, 180, 180, 330, 330]"
2020-10-25 07:50:00+00:00,74400,0,69.0,"[130, 30, 130, 10, 10, 230, 230, 240, 240, 80, 80, 20, 20, 1320, 30, 30, 160, 20, 130, 130, 3260, 3260, 3300, 250, 250, 4150, 4150, 9580, 9580, 10, 10, 520, 2920, 2920, 7850, 7850, 300, 300, 70, 70, 190, 160, 160, 50, 50, 290, 290, 200, 90, 520, 520, 130, 130, 2350, 2350, 160, 160, 470, 470, 300, 300, 280, 280, 170, 170, 120, 120, 30, 20]"
2020-10-25 07:55:00+00:00,46350,0,66.0,"[120, 120, 90, 90, 40, 40, 420, 950, 950, 50, 50, 150, 150, 380, 380, 700, 700, 10, 10, 1830, 780, 780, 120, 120, 90, 2460, 2460, 1550, 40, 40, 720, 720, 60, 60, 290, 290, 470, 470, 470, 470, 90, 90, 5200, 5200, 1380, 2020, 2020, 210, 300, 300, 330, 240, 240, 2170, 2170, 20, 200, 200, 520, 520, 200, 200, 50, 50, 1370, 1370]"
2020-10-25 08:00:00+00:00,76180,0,81.0,"[70, 1990, 1990, 620, 620, 190, 190, 4920, 4920, 150, 150, 30, 30, 1730, 1730, 620, 620, 70, 70, 50, 50, 500, 500, 2500, 2500, 160, 160, 1240, 1240, 500, 500, 170, 170, 1750, 1830, 1500, 1830, 1500, 20, 480, 480, 1500, 1500, 1570, 1570, 40, 300, 40, 300, 2460, 30, 30, 540, 540, 210, 500, 500, 2920, 2920, 2040, 2040, 150, 150, 20, 60, 60, 2040, 2040, 50, 50, 3250, 1570, 1570, 290, 290, 20, 20, 1280, 1280, 50, 50]"
2020-10-25 08:05:00+00:00,137500,0,77.0,"[160, 160, 170, 40, 40, 400, 400, 30, 30, 2260, 2260, 30, 60, 60, 0, 600, 600, 30, 30, 18190, 18190, 2400, 2400, 60, 60, 150, 150, 20, 20, 270, 270, 190, 190, 20080, 20080, 440, 440, 320, 320, 3840, 3840, 580, 580, 320, 320, 130, 130, 1450, 1450, 5950, 5950, 640, 1470, 640, 1470, 1170, 1170, 20, 20, 720, 720, 670, 670, 20, 20, 300, 300, 140, 2560, 2560, 100, 860, 860, 2030, 2030, 100, 100]"
2020-10-25 08:10:00+00:00,43290,0,57.0,"[520, 10, 10, 530, 530, 6490, 6490, 230, 230, 440, 20, 730, 730, 890, 890, 1030, 1030, 360, 360, 60, 60, 50, 50, 2930, 180, 70, 70, 70, 110, 110, 1290, 1290, 4630, 1470, 1470, 340, 340, 50, 50, 30, 30, 620, 620, 80, 80, 550, 550, 340, 340, 1580, 1580, 20, 20, 270, 270, 50, 50]"
2020-10-25 08:15:00+00:00,124620,0,91.0,"[20, 20, 250, 250, 180, 180, 100, 100, 120, 120, 60, 1980, 1980, 40, 44840, 44840, 470, 750, 750, 60, 60, 2840, 130, 130, 2840, 110, 110, 0, 0, 180, 180, 560, 560, 0, 0, 850, 850, 30, 30, 0, 0, 570, 570, 30, 30, 40, 40, 80, 80, 30, 30, 30, 30, 30, 30, 480, 480, 880, 880, 2190, 170, 720, 720, 2990, 90, 90, 0, 0, 1180, 1180, 50, 50, 240, 210, 210, 160, 160, 610, 610, 70, 70, 40, 40, 110, 110, 330, 330, 370, 370, 120, 120]"
2020-10-25 08:20:00+00:00,173720,0,87.0,"[1050, 1050, 410, 410, 140, 140, 130, 130, 140, 140, 1480, 1480, 40, 260, 40, 260, 830, 190, 190, 60, 60, 10, 10, 3150, 3150, 350, 350, 370, 510, 510, 370, 80, 80, 190, 190, 40, 40, 410, 410, 540, 450, 450, 14290, 14290, 140, 1360, 1360, 220, 220, 190, 190, 560, 150, 150, 100, 0, 520, 520, 520, 110, 520, 110, 140, 140, 80, 910, 910, 10, 20, 10, 20, 720, 720, 190, 190, 70, 70, 330, 330, 5670, 560, 560, 5300, 200, 5300, 47730, 47730]"
2020-10-25 08:25:00+00:00,207080,0,85.0,"[210, 210, 90, 90, 680, 680, 2190, 2190, 280, 280, 2020, 2020, 260, 260, 1070, 50, 50, 2510, 2510, 2280, 2280, 200, 200, 230, 230, 40, 40, 2490, 2490, 870, 0, 40, 870, 40, 0, 290, 290, 100, 4780, 520, 880, 620, 620, 570, 2840, 2840, 120, 120, 2020, 7600, 3270, 3270, 290, 290, 47730, 47730, 450, 450, 13010, 13010, 40, 480, 480, 220, 220, 240, 240, 1570, 1570, 390, 390, 70, 70, 2970, 2970, 480, 480, 3470, 3470, 220, 1100, 160, 160, 980, 980]"
2020-10-25 08:30:00+00:00,41010,0,57.0,"[90, 90, 300, 300, 40, 280, 280, 1590, 1700, 1700, 1710, 1710, 380, 380, 280, 640, 220, 80, 80, 50, 50, 490, 490, 440, 440, 100, 100, 3500, 3500, 880, 890, 890, 180, 1160, 1160, 140, 140, 40, 100, 100, 460, 460, 0, 0, 280, 280, 360, 360, 4250, 4250, 2180, 80, 1160, 100, 100, 0, 0]"
2020-10-25 08:35:00+00:00,85130,0,84.0,"[2440, 2440, 6390, 120, 120, 1530, 1530, 750, 750, 20, 20, 20, 20, 2710, 2710, 60, 110, 60, 110, 280, 280, 20, 20, 20, 20, 1910, 1910, 580, 930, 930, 3070, 3070, 6430, 2930, 2930, 100, 100, 40, 320, 320, 240, 240, 4000, 4000, 120, 120, 10, 10, 810, 810, 180, 180, 2160, 2160, 30, 2620, 2620, 320, 320, 900, 900, 590, 590, 3100, 20, 110, 20, 110, 10, 10, 1090, 1090, 210, 210, 2150, 2150, 400, 400, 60, 60, 20, 20, 920, 920]"
2020-10-25 08:40:00+00:00,37470,2,50.0,"[3120, 3120, 40, 40, 60, 60, 290, 290, 100, 200, 200, 100, 20, 20, 140, 20, 20, 180, 960, 960, 120, 120, 390, 390, 1100, 1100, 1270, 10, 10, 0, 0, 30, 30, 320, 20, 20, 20, 20, 10, 19010, 120, 120, 20, 700, 700, 0, 0, 1460, 210, 210]"
2020-10-25 08:45:00+00:00,151620,0,73.0,"[380, 380, 50, 50, 680, 680, 230, 230, 1180, 1180, 460, 460, 1530, 1530, 1680, 1680, 14380, 14380, 690, 690, 2400, 2400, 490, 11780, 11780, 140, 140, 920, 920, 690, 690, 230, 230, 1360, 780, 780, 80, 80, 1090, 1090, 430, 430, 220, 220, 2480, 2480, 90, 90, 310, 310, 10, 10, 17650, 17650, 40, 50, 40, 50, 880, 510, 880, 150, 150, 5570, 5570, 1590, 1590, 140, 140, 1600, 1600, 4050, 4050]"
2020-10-25 08:50:00+00:00,51370,0,52.0,"[140, 140, 1730, 4330, 4330, 3870, 3870, 3870, 3870, 370, 370, 1550, 250, 250, 460, 460, 920, 920, 80, 1170, 1170, 80, 80, 50, 530, 530, 30, 30, 300, 300, 260, 260, 120, 120, 2210, 2210, 140, 140, 920, 920, 710, 710, 80, 80, 2680, 2680, 100, 100, 50, 50, 390, 390]"
2020-10-25 08:55:00+00:00,65860,0,84.0,"[280, 280, 320, 320, 1180, 1180, 70, 70, 0, 0, 1180, 1180, 50, 50, 110, 110, 250, 2160, 2160, 550, 550, 2490, 2490, 300, 300, 0, 0, 220, 220, 10, 10, 820, 0, 0, 1730, 1730, 600, 600, 2190, 2190, 410, 410, 100, 100, 1180, 600, 380, 380, 30, 30, 160, 160, 190, 190, 50, 50, 460, 460, 1110, 600, 140, 140, 180, 180, 5960, 5960, 1960, 1960, 390, 390, 4360, 4360, 160, 160, 50, 50, 270, 1280, 1280, 20, 20, 780, 780, 30]"
2020-10-25 09:00:00+00:00,58820,0,67.0,"[780, 180, 180, 70, 70, 110, 110, 20, 20, 10, 750, 300, 300, 240, 240, 30, 30, 120, 120, 2210, 2210, 170, 170, 990, 990, 140, 140, 2270, 2270, 60, 1960, 40, 60, 1960, 40, 30, 30, 20, 20, 220, 220, 460, 460, 40, 40, 14020, 14020, 140, 140, 620, 620, 90, 90, 130, 130, 60, 60, 2740, 2740, 510, 510, 340, 340, 10, 10, 300, 300]"
2020-10-25 09:05:00+00:00,67480,0,53.0,"[120, 120, 90, 90, 220, 220, 390, 390, 260, 60, 60, 60, 1540, 1540, 660, 660, 590, 590, 530, 530, 520, 1820, 40, 1820, 40, 10, 10, 270, 270, 1820, 1820, 250, 250, 50, 50, 60, 60, 150, 150, 50, 50, 1540, 1540, 80, 80, 230, 230, 810, 810, 21130, 21130, 810, 810]"
2020-10-25 09:10:00+00:00,51980,0,61.0,"[260, 260, 80, 810, 810, 80, 130, 130, 0, 0, 380, 380, 1390, 80, 80, 540, 540, 180, 490, 490, 160, 160, 1630, 1630, 380, 380, 170, 170, 1920, 1920, 100, 100, 490, 490, 5620, 210, 5620, 210, 170, 1070, 1070, 1630, 1630, 260, 0, 0, 240, 240, 0, 3810, 3810, 180, 180, 70, 70, 540, 540, 1260, 1260, 2740, 2740]"
2020-10-25 09:15:00+00:00,89100,2,55.0,"[2810, 2810, 2000, 710, 0, 0, 40, 40, 200, 200, 1730, 1380, 1380, 180, 820, 820, 680, 680, 360, 1160, 1160, 830, 830, 740, 740, 660, 660, 830, 830, 200, 200, 1600, 1600, 1190, 1190, 450, 450, 20, 20, 0, 0, 660, 2460, 650, 650, 660, 20, 70, 70, 70, 70, 30, 30]"
2020-10-25 09:20:00+00:00,107630,0,61.0,"[1230, 1230, 100, 100, 50, 50, 800, 800, 70, 70, 50, 50, 260, 260, 3800, 3800, 2780, 80, 80, 260, 260, 7630, 7630, 310, 60, 60, 180, 180, 130, 130, 2670, 2670, 10, 10, 710, 1120, 1120, 1270, 100, 1270, 470, 470, 470, 470, 2670, 2670, 990, 2010, 2010, 40, 40, 330, 330, 330, 330, 1780, 1780, 180, 23360, 23360, 100]"
2020-10-25 09:25:00+00:00,100220,0,78.0,"[550, 550, 150, 150, 240, 240, 9180, 240, 240, 9180, 20, 20, 280, 280, 640, 640, 1740, 1740, 140, 140, 170, 1730, 1730, 3130, 3130, 7650, 7650, 1740, 140, 140, 3860, 3860, 960, 960, 1270, 1270, 3940, 3940, 160, 160, 200, 200, 70, 70, 1410, 1410, 60, 140, 140, 270, 60, 60, 40, 40, 0, 0, 60, 60, 1590, 1590, 190, 190, 1360, 1360, 130, 130, 1170, 1170, 50, 50, 980, 980, 10, 10, 10, 3860, 3860, 3290]"
2020-10-25 09:30:00+00:00,67530,0,72.0,"[3860, 3860, 750, 3290, 390, 390, 230, 230, 0, 2350, 2350, 10180, 590, 590, 10180, 80, 80, 420, 420, 110, 110, 460, 460, 510, 510, 190, 190, 230, 230, 1220, 1220, 230, 230, 1010, 1010, 1170, 1170, 530, 4090, 4090, 50, 50, 1840, 1840, 30, 30, 240, 240, 500, 500, 20, 540, 540, 90, 90, 370, 40, 40, 40, 50, 50, 100, 100, 70, 70, 90, 90, 60, 60, 350, 70, 70]"
2020-10-25 09:35:00+00:00,56500,0,64.0,"[10, 10, 3220, 100, 100, 520, 520, 410, 20, 410, 20, 80, 80, 60, 60, 3800, 3800, 20, 20, 780, 780, 40, 40, 1150, 1150, 1140, 1140, 20, 20, 230, 230, 290, 170, 170, 4640, 4640, 1340, 1340, 410, 410, 510, 510, 5030, 620, 620, 770, 770, 30, 30, 1460, 1460, 190, 190, 290, 290, 40, 580, 40, 580, 20, 1880, 1880, 2660, 2660]"
2020-10-25 09:40:00+00:00,92250,0,58.0,"[300, 80, 300, 80, 1760, 40, 40, 450, 450, 320, 320, 7700, 7700, 720, 40, 40, 2200, 0, 0, 40, 40, 3300, 3300, 220, 220, 70, 70, 240, 240, 360, 30, 30, 320, 320, 4060, 4060, 13210, 13210, 360, 360, 820, 820, 1270, 120, 120, 9330, 9330, 100, 100, 60, 60, 2940, 60, 60, 190, 190, 40, 40]"
2020-10-25 09:45:00+00:00,59960,0,73.0,"[3110, 3110, 1600, 1600, 2350, 2350, 1560, 1380, 1380, 10, 10, 140, 140, 3400, 310, 310, 20, 70, 70, 2690, 2690, 260, 260, 30, 30, 30, 30, 2350, 2350, 170, 170, 70, 70, 70, 70, 700, 700, 120, 120, 720, 720, 40, 3820, 40, 3820, 50, 310, 310, 90, 60, 600, 600, 60, 380, 380, 10, 10, 1010, 1010, 90, 90, 120, 120, 60, 60, 360, 360, 310, 310, 230, 230, 3840, 3840]"
2020-10-25 09:50:00+00:00,25680,0,50.0,"[20, 20, 40, 1060, 2750, 20, 20, 820, 820, 50, 50, 10, 10, 20, 20, 2310, 130, 130, 120, 120, 40, 40, 110, 330, 330, 490, 490, 230, 1050, 230, 1050, 90, 90, 280, 280, 1260, 1260, 490, 490, 80, 770, 770, 1220, 1220, 710, 160, 160, 940, 1240, 1240]"
2020-10-25 09:55:00+00:00,76930,0,55.0,"[310, 310, 640, 640, 8660, 8660, 180, 2660, 2660, 450, 370, 370, 2790, 2790, 1360, 1360, 980, 980, 110, 110, 650, 650, 1280, 1280, 80, 80, 390, 390, 1020, 1020, 890, 890, 20, 20, 4680, 4680, 210, 210, 20, 20, 3660, 80, 80, 2740, 2740, 2880, 2880, 360, 360, 50, 50, 210, 210, 2880, 2880]"
2020-10-25 10:00:00+00:00,27570,0,57.0,"[340, 340, 2760, 2760, 1570, 1570, 460, 460, 380, 380, 20, 20, 2800, 2800, 870, 530, 530, 870, 220, 470, 20, 20, 30, 30, 260, 260, 10, 10, 30, 30, 310, 310, 240, 240, 0, 0, 240, 240, 30, 30, 50, 50, 520, 220, 220, 60, 90, 90, 60, 340, 340, 210, 210, 290, 290, 1020, 1020]"
2020-10-25 10:05:00+00:00,106670,0,73.0,"[370, 370, 10, 10, 160, 160, 190, 190, 0, 0, 70, 70, 3480, 3480, 560, 560, 3880, 3880, 70, 70, 1970, 1970, 2300, 20, 20, 1730, 1730, 40, 40, 260, 1430, 1430, 770, 770, 60, 60, 560, 60, 60, 460, 460, 0, 0, 20, 20, 160, 160, 30, 30, 23990, 23990, 80, 80, 280, 280, 1220, 1220, 40, 40, 170, 170, 260, 260, 160, 160, 12150, 6200, 810, 810, 40, 40, 10, 10]"
2020-10-25 10:10:00+00:00,65360,0,67.0,"[290, 290, 3080, 3080, 5270, 5270, 20, 20, 190, 380, 380, 230, 270, 2300, 430, 430, 120, 120, 4830, 4830, 120, 120, 60, 60, 10, 330, 10, 330, 680, 680, 80, 80, 30, 30, 30, 3480, 2030, 2030, 40, 40, 150, 150, 170, 170, 600, 210, 210, 250, 250, 60, 60, 1750, 1750, 680, 680, 0, 0, 180, 180, 4320, 4320, 100, 100, 3380, 3380, 80, 80]"
2020-10-25 10:15:00+00:00,53490,0,51.0,"[20, 680, 680, 4880, 4880, 240, 240, 400, 400, 90, 90, 1120, 1120, 1290, 1290, 100, 100, 4880, 4880, 510, 680, 680, 350, 350, 120, 120, 3690, 10, 10, 140, 140, 120, 120, 20, 20, 40, 40, 7640, 7640, 30, 30, 620, 620, 1100, 40, 40, 20, 20, 410, 410, 330]"
2020-10-25 10:20:00+00:00,89210,0,92.0,"[20, 20, 40, 40, 310, 320, 320, 1120, 1120, 0, 0, 1120, 1120, 1790, 980, 980, 110, 110, 7920, 7920, 520, 520, 10, 10, 350, 350, 350, 350, 210, 210, 7560, 7560, 1160, 1160, 60, 990, 990, 210, 210, 70, 70, 50, 50, 2880, 220, 2880, 220, 3150, 3150, 20, 20, 2440, 2440, 290, 290, 10, 10, 560, 70, 70, 60, 60, 130, 130, 20, 20, 130, 130, 30, 30, 30, 30, 610, 610, 90, 90, 1080, 1080, 90, 60, 150, 4450, 4050, 4050, 20, 20, 1820, 1820, 590, 590, 20, 20]"
2020-10-25 10:25:00+00:00,71820,0,69.0,"[20, 20, 240, 240, 720, 720, 2010, 2010, 410, 410, 20, 20, 10, 10, 2310, 2310, 90, 90, 1360, 1360, 220, 550, 220, 550, 410, 180, 410, 10, 10, 290, 290, 160, 160, 0, 0, 470, 470, 2190, 2190, 0, 0, 160, 160, 20, 20, 210, 210, 120, 420, 500, 500, 110, 130, 20, 20, 310, 310, 390, 390, 1570, 7560, 7560, 2810, 2810, 13690, 3290, 3290, 1040, 1040]"
2020-10-25 10:30:00+00:00,34560,0,50.0,"[280, 280, 20, 20, 10, 10, 220, 220, 300, 300, 1180, 110, 30, 30, 20, 2510, 20, 1380, 1380, 290, 290, 2430, 2430, 1380, 1380, 1260, 1260, 2740, 2740, 3310, 1230, 1230, 310, 90, 90, 10, 10, 300, 300, 460, 460, 40, 40, 60, 680, 680, 50, 50, 320, 320]"
2020-10-25 10:35:00+00:00,106590,2,48.0,"[80, 80, 2290, 2290, 400, 400, 1300, 400, 400, 200, 1240, 1240, 600, 600, 60, 40, 500, 500, 10, 10, 34510, 34510, 1040, 1040, 3340, 3340, 390, 980, 390, 980, 80, 80, 3170, 1560, 1560, 1440, 1440, 210, 210, 1020, 1020, 480, 0, 0, 40, 40, 540, 540]"
2020-10-25 10:40:00+00:00,111620,0,72.0,"[180, 20, 20, 720, 720, 3260, 3260, 1410, 1410, 2420, 2420, 2420, 130, 130, 11230, 11230, 3530, 3530, 30, 30, 80, 80, 910, 910, 2660, 2660, 2910, 2910, 0, 0, 2340, 2340, 2420, 2420, 11110, 11110, 190, 190, 1530, 60, 60, 1160, 1160, 20, 20, 120, 120, 90, 90, 340, 340, 110, 280, 280, 1600, 1600, 240, 240, 300, 300, 740, 740, 1780, 1780, 480, 480, 50, 50, 110, 110, 950, 950]"
2020-10-25 10:45:00+00:00,102120,0,76.0,"[620, 16230, 340, 340, 690, 210, 210, 160, 160, 880, 490, 490, 180, 180, 400, 400, 240, 240, 180, 180, 5180, 5180, 3900, 20, 20, 350, 350, 100, 100, 150, 60, 60, 2090, 880, 880, 20, 20, 140, 140, 1310, 1310, 3380, 5380, 5380, 1050, 1050, 2470, 2470, 400, 400, 4500, 880, 4500, 2470, 2470, 0, 0, 4180, 4180, 1450, 1450, 470, 470, 110, 1450, 130, 130, 4500, 80, 80, 440, 440, 110, 110, 230, 230]"
2020-10-25 10:50:00+00:00,43590,0,40.0,"[40, 40, 2860, 520, 520, 100, 100, 210, 210, 30, 30, 780, 780, 2470, 3520, 3520, 90, 90, 2690, 2690, 90, 90, 2030, 2030, 2110, 2110, 940, 3400, 140, 140, 50, 150, 150, 4320, 4320, 110, 10, 10, 50, 50]"
2020-10-25 10:55:00+00:00,47240,0,62.0,"[240, 240, 2180, 2180, 2360, 2360, 2180, 2180, 200, 200, 0, 180, 180, 80, 80, 190, 30, 170, 170, 40, 40, 190, 190, 3710, 3710, 820, 820, 50, 510, 50, 510, 30, 30, 1150, 1150, 310, 310, 20, 20, 40, 40, 2660, 2660, 50, 50, 30, 30, 30, 2660, 2660, 180, 0, 0, 2090, 2090, 250, 580, 580, 50, 50, 700, 700]"
2020-10-25 11:00:00+00:00,124680,0,69.0,"[40, 40, 20, 20, 14560, 14560, 510, 510, 100, 100, 220, 220, 430, 430, 60, 60, 0, 0, 560, 840, 560, 840, 160, 160, 70, 70, 14560, 14560, 3440, 3440, 770, 770, 2370, 2370, 20, 20, 0, 0, 290, 290, 120, 120, 2000, 2000, 40, 3720, 3720, 290, 290, 5410, 5410, 20, 1580, 1580, 150, 150, 350, 350, 1340, 1340, 180, 3880, 3880, 400, 400, 3880, 3880, 80, 80]"
2020-10-25 11:05:00+00:00,92090,0,85.0,"[280, 280, 1830, 1830, 20, 20, 3120, 3120, 70, 120, 70, 120, 670, 670, 460, 460, 410, 60, 410, 60, 50, 50, 4450, 4450, 10, 10, 290, 290, 290, 290, 360, 360, 670, 670, 12800, 1040, 1040, 40, 40, 250, 1300, 260, 260, 20, 180, 180, 40, 710, 410, 670, 670, 560, 560, 670, 670, 7280, 7280, 70, 410, 410, 820, 5700, 820, 8760, 240, 240, 350, 350, 400, 400, 250, 250, 160, 1200, 1200, 160, 670, 700, 700, 240, 0, 240, 0, 2050, 2050]"
2020-10-25 11:10:00+00:00,54950,0,87.0,"[2140, 2140, 300, 300, 8080, 700, 700, 1900, 1900, 30, 30, 30, 30, 10, 10, 1900, 1900, 80, 0, 0, 10, 10, 440, 2290, 2290, 260, 20, 2150, 2150, 330, 330, 160, 140, 140, 10, 10, 2130, 110, 110, 3940, 3940, 20, 20, 20, 30, 20, 30, 30, 30, 440, 180, 180, 360, 310, 310, 40, 110, 110, 1050, 660, 660, 1050, 410, 160, 160, 320, 320, 220, 220, 70, 70, 1200, 370, 370, 260, 260, 30, 190, 190, 180, 180, 0, 0, 420, 420, 60, 60]"
2020-10-25 11:15:00+00:00,264730,0,92.0,"[450, 450, 360, 360, 120, 120, 120, 160, 560, 560, 110, 110, 0, 0, 1090, 1090, 20, 20, 780, 780, 180, 180, 170, 170, 1140, 1140, 1180, 29920, 29920, 10, 10, 180, 180, 450, 450, 1230, 2930, 1240, 1240, 20, 20, 250, 1680, 1680, 1300, 1300, 60, 60, 50, 50, 3030, 10, 60, 60, 240, 240, 2140, 2140, 4780, 50, 50, 180, 180, 240, 240, 30, 30, 820, 820, 0, 10, 0, 10, 60, 70, 70, 190, 230, 230, 40, 40, 6990, 6990, 280, 280, 3260, 3260, 110, 110, 590]"
2020-10-25 11:20:00+00:00,87160,0,97.0,"[20, 20, 110, 110, 90, 90, 350, 350, 540, 540, 7290, 7290, 290, 290, 1650, 1650, 200, 200, 2410, 2410, 170, 10, 10, 60, 1680, 590, 590, 60, 60, 40, 40, 110, 110, 1780, 10, 10, 1780, 1090, 1090, 1550, 1550, 3050, 3050, 560, 560, 3560, 3560, 340, 340, 1110, 1110, 230, 230, 620, 620, 20, 20, 40, 40, 3450, 120, 1360, 1360, 210, 2870, 2870, 210, 90, 90, 2300, 30, 2660, 2660, 470, 470, 200, 200, 160, 160, 600, 600, 180, 40, 40, 180, 360, 360, 250, 1760, 1760, 500, 160, 160, 280, 280, 180, 180]"
2020-10-25 11:25:00+00:00,68550,2,63.0,"[790, 790, 440, 440, 1700, 430, 430, 70, 70, 230, 80, 80, 1110, 1110, 1000, 1000, 30, 30, 1120, 20, 20, 2660, 2660, 100, 100, 810, 550, 550, 20, 20, 50, 560, 560, 180, 800, 800, 390, 390, 1900, 1900, 250, 250, 430, 430, 1420, 1420, 470, 470, 610, 610, 710, 100, 610, 160, 160, 120, 120, 10, 10, 1530, 1530]"
2020-10-25 11:30:00+00:00,316530,3,114.0,"[10, 4430, 320, 320, 1060, 20, 20, 880, 880, 790, 790, 680, 680, 92760, 30, 1250, 1250, 320, 320, 1310, 1310, 700, 700, 1400, 1400, 2120, 2120, 270, 270, 32720, 32720, 1790, 1790, 1180, 1180, 180, 180, 1290, 1290, 550, 550, 44840, 930, 900, 900, 50, 50, 110, 760, 700, 700, 3750, 3750, 1250, 1250, 230, 2280, 2280, 340, 340, 1880, 1880, 250, 250, 240, 240, 180, 1650, 30, 30, 40, 40, 190, 190, 280, 280, 1980, 1980, 110, 110, 710, 710, 50, 2400, 50, 360, 360, 750, 750, 1350, 510, 1350, 510, 1520, 730, 730, 4330, 4330, 3310, 3310, 220, 220, 320, 320, 10, 10, 3990, 3990, 90, 90, 50, 3990, 3990, 50]"
2020-10-25 11:35:00+00:00,169520,0,108.0,"[2030, 510, 510, 80, 80, 20, 20, 160, 160, 120, 120, 1910, 1910, 10, 10, 320, 320, 10, 10, 5950, 5950, 500, 500, 430, 430, 360, 360, 480, 480, 890, 890, 70, 70, 700, 700, 1500, 140, 400, 400, 160, 160, 4100, 50, 10, 10, 110, 110, 90, 90, 1060, 30, 30, 700, 10, 900, 900, 30, 50, 50, 280, 870, 870, 240, 240, 3820, 3820, 40, 2250, 40, 2250, 50, 50, 110, 110, 190, 190, 240, 240, 40, 40, 2230, 2230, 240, 240, 3050, 3050, 2320, 2320, 1000, 1000, 130, 130, 43010, 43010, 1540, 1540, 1960, 40, 700, 1990, 1990, 360, 30, 30, 220, 220, 400, 400]"
2020-10-25 11:40:00+00:00,127140,4,101.0,"[4120, 4120, 390, 390, 600, 600, 250, 250, 20, 1170, 1170, 20, 2030, 2030, 2310, 450, 2310, 450, 3580, 3580, 120, 120, 40, 180, 2910, 2520, 2310, 2310, 2640, 2640, 30, 30, 100, 100, 20, 230, 20, 230, 180, 180, 80, 160, 80, 80, 3080, 3080, 160, 160, 0, 0, 3350, 3350, 620, 620, 640, 640, 1000, 1000, 10, 10, 50, 220, 220, 40, 40, 140, 140, 1120, 1120, 430, 430, 5430, 5430, 550, 550, 230, 1030, 1030, 610, 610, 770, 770, 20, 20, 2030, 2030, 5730, 5730, 70, 70, 150, 10, 10, 210, 210, 160, 90, 90, 800, 11940, 11940]"
2020-10-25 11:45:00+00:00,107700,0,99.0,"[80, 80, 750, 250, 250, 210, 220, 210, 220, 4800, 1010, 1010, 350, 350, 1580, 1580, 160, 160, 430, 430, 0, 0, 2030, 2030, 2670, 2670, 370, 90, 370, 90, 250, 250, 200, 200, 540, 2030, 360, 360, 20, 20, 190, 190, 40, 40, 140, 140, 50, 50, 3110, 3110, 1270, 1270, 3280, 3280, 3190, 440, 440, 30, 30, 650, 400, 400, 290, 230, 230, 340, 340, 270, 270, 120, 120, 4220, 4220, 420, 420, 140, 140, 360, 27270, 0, 0, 3470, 3470, 2230, 2230, 1820, 60, 60, 120, 120, 180, 70, 2000, 510, 510, 100, 100, 110, 720]"
2020-10-25 11:50:00+00:00,347810,0,137.0,"[130, 130, 320, 250, 250, 420, 420, 3750, 3750, 160, 160, 410, 30, 410, 410, 3550, 340, 240, 240, 340, 220, 220, 4330, 4330, 90, 4330, 4330, 48310, 100, 240, 240, 3550, 3550, 2170, 2170, 1120, 1120, 160, 160, 3100, 17640, 17640, 180, 180, 9260, 9260, 810, 810, 1250, 1250, 2470, 2470, 80, 80, 0, 0, 1180, 4780, 60, 10040, 10040, 3140, 1260, 1260, 220, 2340, 120, 120, 3830, 570, 100, 100, 9880, 9880, 370, 370, 620, 620, 6760, 650, 200, 650, 220, 220, 12880, 240, 240, 10500, 2170, 2170, 6760, 6760, 40, 18400, 18400, 10, 10, 40, 40, 20, 6870, 20, 2590, 2590, 150, 150, 1730, 1730, 1290, 1290, 250, 250, 40, 1120, 170, 40, 1120, 170, 770, 770, 60, 60, 480, 280, 280, 30, 70, 70, 10, 10, 40, 820, 430, 40, 430, 5190, 5190]"
2020-10-25 11:55:00+00:00,109840,2,119.0,"[230, 230, 170, 120, 1830, 1830, 4900, 1800, 150, 10, 10, 150, 3050, 3050, 600, 600, 600, 600, 1520, 1520, 110, 110, 320, 320, 60, 60, 1040, 100, 100, 300, 300, 830, 200, 200, 10, 10, 860, 860, 910, 910, 170, 170, 30, 30, 200, 200, 110, 130, 110, 130, 100, 130, 130, 2130, 120, 120, 160, 430, 430, 40, 40, 570, 570, 80, 80, 180, 180, 1630, 8810, 680, 680, 820, 820, 80, 80, 280, 280, 410, 410, 1630, 1630, 30, 30, 250, 2040, 16610, 2040, 16610, 630, 630, 270, 270, 200, 200, 620, 130, 1270, 520, 1270, 250, 250, 0, 0, 100, 40, 40, 60, 60, 60, 60, 100, 1510, 100, 800, 800, 2590, 2590, 610, 610]"
2020-10-25 12:00:00+00:00,206640,2,120.0,"[7330, 770, 7330, 770, 70, 70, 140, 140, 290, 180, 180, 20, 20, 280, 3940, 3940, 160, 160, 400, 400, 60, 60, 4020, 4020, 1030, 60, 60, 1630, 1630, 220, 220, 420, 40, 40, 3540, 3540, 800, 800, 10, 260, 260, 5490, 5490, 90, 90, 2860, 2860, 27740, 27740, 0, 0, 920, 920, 40, 40, 3540, 3540, 60, 5580, 60, 50, 4200, 4200, 300, 300, 0, 0, 40, 40, 780, 50, 50, 780, 780, 310, 310, 18400, 20, 20, 18400, 320, 320, 520, 520, 20, 20, 1140, 1140, 340, 20, 20, 3470, 310, 340, 1160, 1160, 590, 70, 70, 1450, 1450, 290, 290, 590, 60, 60, 300, 300, 40, 90, 90, 200, 50, 50, 680, 680, 40, 40, 1470, 1470]"
2020-10-25 12:05:00+00:00,178360,5,130.0,"[30, 30, 40, 40, 30, 30, 10720, 10720, 90, 90, 120, 120, 430, 430, 40, 40, 100, 100, 610, 30, 160, 30, 160, 1970, 1970, 30, 30, 350, 350, 1200, 1420, 1420, 670, 0, 0, 670, 40, 40, 650, 650, 7280, 7280, 500, 7740, 500, 7740, 200, 40, 40, 10190, 150, 150, 10190, 40, 40, 860, 4780, 4780, 10190, 10190, 70, 70, 40, 40, 360, 360, 2370, 2370, 160, 160, 2620, 200, 200, 50, 50, 1810, 1810, 1650, 1650, 1810, 1810, 290, 540, 540, 1490, 120, 120, 190, 190, 180, 180, 380, 380, 710, 710, 400, 400, 180, 180, 210, 210, 130, 130, 150, 150, 0, 0, 210, 210, 780, 780, 2760, 2760, 400, 3580, 3580, 400, 400, 300, 300, 4910, 680, 1350, 680, 6130, 30, 30, 1720, 10, 10]"
2020-10-25 12:10:00+00:00,122260,2,83.0,"[3230, 3230, 1310, 1310, 1370, 1370, 40, 40, 40, 1030, 1030, 10, 10, 5250, 10, 10, 30, 30, 840, 840, 5400, 10, 4480, 4480, 30, 30, 880, 880, 1080, 1080, 180, 180, 20, 20, 110, 50, 50, 23370, 1720, 23370, 670, 670, 850, 850, 710, 710, 20, 20, 70, 160, 70, 60, 60, 30, 30, 1220, 1220, 10, 320, 10, 320, 820, 820, 40, 40, 350, 1290, 1290, 490, 490, 310, 310, 340, 8300, 3640, 1510, 1510, 1990, 1990, 60, 60, 50, 30]"
2020-10-25 12:15:00+00:00,108620,0,99.0,"[650, 650, 90, 90, 110, 110, 20, 20, 20, 360, 360, 130, 130, 8300, 8300, 1340, 1340, 560, 560, 60, 60, 1960, 1960, 50, 50, 8300, 8300, 890, 890, 80, 10, 700, 700, 250, 150, 150, 4780, 4780, 40, 40, 150, 150, 2970, 2970, 20, 20, 20, 20, 320, 320, 30, 30, 70, 70, 50, 2320, 2320, 510, 510, 70, 70, 80, 80, 40, 390, 390, 2400, 2400, 1510, 1510, 940, 940, 580, 220, 220, 4190, 4190, 2260, 2260, 30, 30, 870, 870, 30, 30, 940, 900, 940, 900, 2600, 170, 2230, 2230, 90, 90, 320, 320, 40, 40]"
2020-10-25 12:20:00+00:00,84230,0,103.0,"[660, 660, 400, 1100, 1100, 980, 980, 790, 100, 100, 120, 120, 180, 180, 10, 2910, 2910, 80, 80, 110, 90, 90, 1000, 1000, 1180, 1180, 10740, 10740, 610, 610, 610, 90, 90, 2480, 2480, 4250, 10, 10, 80, 80, 180, 180, 200, 200, 640, 640, 530, 530, 1130, 1130, 40, 40, 180, 830, 180, 480, 480, 3560, 3560, 0, 0, 10, 10, 140, 20, 140, 60, 60, 150, 150, 170, 70, 70, 1180, 1180, 2030, 100, 230, 100, 230, 120, 120, 1000, 1000, 160, 160, 620, 1420, 1420, 30, 940, 770, 940, 770, 30, 380, 170, 180, 180, 800, 210, 800, 210]"
2020-10-25 12:25:00+00:00,78390,0,138.0,"[1980, 1980, 40, 40, 220, 530, 530, 410, 410, 460, 460, 700, 700, 20, 230, 20, 230, 220, 220, 70, 70, 1130, 1130, 1410, 480, 480, 120, 120, 310, 310, 290, 290, 40, 40, 50, 50, 20, 20, 520, 520, 1990, 1990, 10, 450, 10, 450, 90, 60, 60, 1950, 140, 1950, 140, 680, 680, 520, 1780, 520, 220, 220, 510, 180, 30, 30, 260, 260, 690, 690, 70, 70, 60, 10, 10, 370, 370, 0, 70, 610, 70, 2170, 2170, 730, 730, 120, 120, 10, 10, 110, 110, 170, 170, 350, 200, 350, 200, 130, 130, 230, 230, 20, 80, 80, 140, 140, 1970, 1970, 1020, 410, 410, 130, 130, 1980, 1980, 700, 700, 3560, 3560, 4960, 4960, 650, 650, 80, 80, 240, 240, 130, 130, 1560, 1560, 30, 30, 30, 60, 60, 150, 150, 40, 40]"
2020-10-25 12:30:00+00:00,573040,2,164.0,"[2660, 2660, 2080, 2080, 350, 350, 130, 90, 90, 130, 130, 690, 690, 20, 20, 11960, 11960, 1500, 1500, 120, 120, 900, 900, 840, 840, 50, 50, 120, 100, 100, 3680, 3340, 3340, 174810, 174810, 740, 740, 180, 40, 60, 60, 40, 180, 250, 1810, 250, 100, 1080, 1080, 680, 680, 10, 10, 480, 1160, 1160, 540, 540, 14170, 14170, 1510, 1510, 80, 41980, 80, 250, 250, 650, 650, 100, 100, 560, 420, 420, 120, 120, 3420, 3420, 720, 720, 30, 5710, 30, 5710, 150, 150, 1230, 40, 40, 370, 370, 3430, 3430, 60, 60, 250, 30, 250, 30, 400, 60, 60, 0, 0, 80, 80, 270, 270, 70, 70, 280, 280, 670, 120, 610, 120, 610, 80, 80, 810, 810, 80, 710, 710, 600, 600, 120, 1440, 1440, 3340, 3340, 100, 100, 1500, 1500, 190, 1070, 350, 1070, 350, 960, 960, 1390, 5810, 1390, 5810, 1150, 1150, 120, 120, 30, 30, 1700, 250, 1900, 1900, 90, 90, 70, 20, 20, 360, 360, 1050]"
2020-10-25 12:35:00+00:00,164110,2,165.0,"[50, 50, 1210, 770, 230, 70, 230, 70, 140, 140, 550, 350, 550, 1390, 1390, 230, 230, 11370, 40, 1320, 1320, 1670, 1670, 170, 170, 1200, 40, 40, 12280, 12280, 310, 310, 50, 50, 2000, 2000, 720, 100, 100, 720, 260, 260, 250, 250, 930, 370, 370, 70, 70, 80, 80, 800, 180, 840, 800, 180, 170, 170, 300, 300, 80, 80, 910, 910, 300, 300, 400, 400, 1520, 1520, 120, 120, 720, 250, 250, 720, 940, 940, 2640, 980, 980, 1320, 1320, 2210, 400, 400, 20, 20, 3420, 3420, 1080, 90, 90, 3800, 3800, 500, 500, 2250, 340, 340, 610, 610, 2570, 2570, 460, 560, 560, 450, 450, 410, 410, 2860, 2860, 50, 70, 70, 4040, 4040, 50, 50, 500, 500, 700, 700, 180, 4040, 30, 4040, 30, 570, 570, 1660, 1660, 1320, 40, 40, 1280, 1660, 1660, 3100, 3100, 220, 220, 100, 100, 30, 30, 120, 120, 30, 30, 140, 140, 180, 180, 640, 640, 180, 180, 50, 50, 480, 1190, 1190, 2030]"
2020-10-25 12:40:00+00:00,311840,1,132.0,"[340, 340, 530, 190, 190, 3340, 3340, 4380, 4380, 580, 700, 50, 700, 50, 140, 140, 860, 240, 860, 240, 460, 460, 30, 30, 280, 280, 2630, 2630, 130, 130, 15060, 15060, 100, 100, 60, 270, 270, 580, 580, 110, 70, 70, 360, 360, 3830, 3830, 80, 80, 640, 1790, 1790, 130, 130, 350, 350, 1790, 1790, 90, 240, 240, 40, 40, 5130, 5130, 80, 80, 420, 420, 300, 140, 140, 300, 40, 680, 40, 250, 100, 100, 40, 40, 60, 890, 890, 240, 240, 110, 110, 750, 750, 230, 30, 30, 890, 890, 130, 130, 60, 60, 24250, 24250, 140, 140, 91010, 380, 380, 10, 10, 25320, 25320, 0, 0, 470, 380, 470, 380, 0, 0, 330, 90, 50, 330, 6620, 6620, 220, 220, 1000, 400, 70, 70, 3580, 240, 240]"
2020-10-25 12:45:00+00:00,227070,2,163.0,"[700, 700, 40, 40, 2330, 120, 30, 1240, 290, 290, 0, 0, 570, 160, 4460, 90, 90, 9070, 1780, 1780, 90, 390, 2330, 2330, 390, 2860, 40, 2860, 40, 320, 320, 60, 300, 330, 60, 330, 150, 150, 260, 260, 4460, 410, 1540, 440, 440, 320, 50, 30360, 40, 40, 30360, 320, 50, 2100, 50, 2100, 350, 350, 1120, 2860, 2860, 2330, 880, 450, 450, 450, 40, 40, 240, 8720, 8720, 130, 130, 180, 180, 200, 200, 700, 210, 210, 4550, 4550, 1090, 7790, 10, 140, 10, 140, 330, 330, 320, 320, 20, 50, 190, 190, 50, 1720, 12630, 12630, 190, 190, 540, 120, 90, 270, 270, 0, 0, 5500, 60, 2730, 2730, 200, 140, 200, 400, 400, 840, 840, 400, 110, 190, 110, 110, 190, 820, 1380, 810, 240, 980, 980, 630, 630, 30, 2110, 80, 80, 30, 70, 70, 280, 280, 790, 130, 1090, 130, 2720, 2720, 10, 20, 20, 320, 10, 1650, 110, 180, 180, 120, 20, 200, 200, 340]"
2020-10-25 12:50:00+00:00,347530,3,174.0,"[820, 4740, 4740, 50, 30, 800, 800, 200, 670, 17190, 90, 90, 590, 590, 490, 2760, 490, 20, 20, 590, 590, 40, 200, 200, 1700, 1700, 680, 1320, 1320, 230, 230, 330, 3380, 3380, 320, 320, 7710, 7710, 90, 90, 6370, 350, 20, 20, 240, 240, 1750, 140, 140, 330, 330, 2230, 2230, 2920, 2920, 90, 90, 3040, 3040, 30, 30, 10, 970, 970, 140, 170, 170, 7710, 7710, 300, 300, 120, 30, 30, 430, 430, 25860, 25860, 860, 3380, 80, 80, 3310, 1260, 1260, 4530, 160, 110, 110, 260, 260, 5630, 20, 5630, 20, 2920, 2920, 350, 350, 60, 60, 150, 150, 50, 50, 1070, 130, 130, 4490, 4490, 42850, 42850, 820, 390, 40, 40, 320, 320, 250, 250, 50, 50, 1660, 560, 1660, 560, 350, 590, 350, 30, 30, 12080, 250, 250, 500, 500, 290, 290, 9800, 360, 360, 1790, 1790, 1380, 1380, 230, 2930, 230, 30, 30, 40, 40, 240, 240, 150, 150, 240, 240, 30, 230, 230, 170, 2180, 410, 410, 2180, 340, 340, 40, 40, 1580, 30, 30, 60]"
2020-10-25 12:55:00+00:00,169920,0,172.0,"[300, 300, 250, 420, 420, 0, 0, 50, 50, 40, 40, 550, 750, 750, 1840, 20, 20, 650, 90, 120, 120, 230, 1690, 1690, 310, 310, 1270, 1270, 40, 50, 40, 50, 480, 480, 30, 30, 570, 120, 120, 300, 60, 230, 230, 80, 80, 220, 220, 110, 110, 530, 5100, 1340, 1340, 950, 14760, 100, 100, 1070, 1070, 510, 500, 510, 500, 130, 30, 1010, 1010, 20, 20, 10, 10, 9790, 640, 640, 1760, 90, 20, 20, 90, 40, 1490, 90, 1490, 40, 200, 200, 90, 1070, 1070, 600, 600, 430, 430, 140, 920, 920, 930, 930, 280, 290, 290, 1700, 70, 70, 690, 690, 70, 1330, 10, 1330, 1370, 1370, 370, 370, 7600, 90, 90, 210, 210, 290, 820, 820, 200, 200, 200, 340, 340, 330, 1850, 1850, 820, 820, 7040, 130, 180, 180, 1780, 1780, 320, 320, 300, 300, 1540, 1540, 120, 1530, 1530, 2620, 190, 190, 16860, 16860, 450, 450, 10, 10, 2770, 2770, 130, 130, 10, 10, 3190, 210, 3190, 210, 60, 200, 200, 320, 180, 180]"
2020-10-25 13:00:00+00:00,212040,2,154.0,"[1160, 1160, 680, 330, 680, 330, 730, 730, 300, 3570, 3570, 30, 20, 30, 20, 490, 1010, 1010, 220, 220, 1390, 0, 840, 40, 40, 1240, 1240, 360, 80, 80, 140, 140, 320, 320, 230, 230, 190, 480, 480, 190, 600, 190, 90, 190, 90, 2440, 2440, 160, 360, 340, 340, 450, 450, 680, 1010, 6090, 8980, 1010, 6090, 8980, 2860, 380, 380, 370, 260, 260, 250, 20, 20, 270, 1500, 1500, 340, 340, 520, 20, 20, 2600, 2600, 990, 990, 8980, 8980, 1440, 160, 1750, 1750, 470, 470, 1240, 1240, 260, 200, 200, 290, 390, 460, 460, 10, 10, 0, 0, 470, 470, 310, 310, 280, 280, 80, 80, 190, 560, 220, 560, 220, 190, 18600, 790, 790, 18600, 310, 220, 1250, 220, 1250, 3480, 660, 1080, 660, 1080, 3480, 380, 380, 4840, 4840, 30, 30, 20, 20, 40, 3130, 3130, 60, 520, 60, 160, 4810, 4810, 6230, 6230, 2250, 2250, 290, 290]"
2020-10-25 13:05:00+00:00,727520,4,188.0,"[430, 430, 770, 770, 1270, 1270, 120, 120, 541950, 180, 90, 180, 90, 7840, 12840, 160, 160, 120, 120, 4840, 160, 160, 30, 540, 200, 200, 50, 50, 60, 60, 130, 130, 1160, 390, 1160, 390, 7040, 7040, 30, 30, 130, 130, 3580, 3580, 150, 150, 1250, 130, 130, 100, 100, 760, 760, 80, 140, 140, 210, 80, 80, 300, 300, 2380, 2380, 820, 820, 7120, 7120, 190, 190, 1160, 1160, 3050, 540, 540, 4670, 4670, 130, 130, 260, 4020, 260, 90, 90, 100, 100, 690, 90, 690, 90, 140, 140, 3550, 280, 280, 490, 490, 250, 250, 2150, 2150, 280, 150, 280, 150, 1900, 1210, 1210, 50, 50, 2440, 1570, 1570, 490, 490, 1340, 40, 40, 850, 850, 240, 240, 2740, 2740, 400, 400, 380, 380, 460, 460, 130, 300, 220, 220, 490, 490, 240, 240, 4690, 4690, 3290, 940, 1210, 1210, 1230, 1230, 4560, 4560, 20, 980, 980, 30, 30, 520, 60, 60, 520, 710, 710, 1230, 230, 230, 40, 40, 730, 40, 730, 40, 940, 240, 240, 10, 1370, 1370, 10, 400, 400, 710, 710, 20, 120, 20, 160, 60, 60, 550, 40, 30, 30]"
2020-10-25 13:10:00+00:00,214990,0,189.0,"[90, 90, 50, 50, 1810, 120, 260, 120, 260, 220, 220, 2310, 2310, 380, 380, 1370, 1370, 760, 760, 1660, 1660, 2650, 2650, 420, 420, 30, 30, 80, 310, 260, 260, 1190, 1190, 40, 40, 10, 10, 4850, 4850, 120, 120, 4030, 11500, 11500, 250, 250, 1490, 1490, 120, 120, 3230, 4030, 1630, 1630, 2280, 2280, 120, 120, 4750, 4750, 4750, 4750, 940, 5950, 700, 700, 1710, 1710, 460, 460, 2290, 2290, 3050, 3050, 940, 580, 580, 60, 60, 70, 70, 850, 850, 460, 460, 10, 140, 140, 2760, 280, 2760, 280, 140, 140, 610, 190, 640, 190, 280, 340, 340, 360, 360, 120, 120, 10, 1680, 10, 140, 140, 2760, 2760, 130, 130, 1550, 1550, 480, 480, 1110, 2440, 2440, 740, 740, 20, 1960, 1360, 1360, 530, 530, 3100, 3100, 0, 0, 1360, 1360, 90, 90, 10, 10, 1230, 2660, 1620, 1620, 2660, 520, 530, 530, 690, 690, 890, 890, 130, 1600, 1600, 150, 150, 80, 80, 550, 550, 70, 5950, 70, 10, 10, 650, 650, 470, 70, 600, 300, 600, 470, 70, 3190, 3190, 30, 1590, 1270, 1270, 30, 340, 340, 50, 50, 200, 200, 270, 50]"
2020-10-25 13:15:00+00:00,320210,0,175.0,"[2090, 300, 300, 2090, 12760, 12760, 90, 90, 660, 120, 360, 70, 360, 70, 320, 740, 740, 680, 680, 380, 380, 80, 80, 3190, 3190, 4480, 4480, 50, 2110, 50, 2110, 670, 670, 31730, 31730, 50, 50, 2230, 2230, 10, 550, 20, 20, 2350, 20, 20, 10, 500, 30, 360, 360, 720, 720, 260, 180, 180, 330, 1800, 1800, 1400, 1400, 17140, 70, 17140, 70, 2350, 2350, 290, 290, 140, 140, 540, 540, 40, 40, 140, 140, 100, 100, 2000, 1180, 1180, 130, 130, 0, 0, 30, 780, 30, 60, 60, 50, 50, 240, 240, 310, 690, 310, 690, 220, 530, 220, 650, 650, 180, 550, 550, 360, 360, 360, 630, 1760, 1760, 630, 0, 0, 50, 160, 160, 160, 160, 500, 700, 390, 1260, 390, 1260, 18970, 440, 370, 370, 18970, 330, 120, 120, 1720, 1720, 1250, 1250, 460, 460, 390, 400, 400, 150, 150, 150, 50, 50, 50, 50, 250, 250, 340, 340, 11350, 11350, 2020, 210, 210, 1260, 1260, 5010, 50, 50, 1890, 1890, 480, 250, 180, 180, 13290, 1890, 13290, 1890]"
2020-10-25 13:20:00+00:00,406750,4,142.0,"[1100, 1100, 2020, 2020, 640, 180, 180, 660, 660, 950, 300, 300, 150, 150, 1200, 1200, 30, 30, 20, 260, 120, 260, 120, 340, 340, 520, 520, 4490, 4490, 2020, 2020, 190, 190, 230, 230, 20, 280, 280, 50, 50, 290, 710, 720, 720, 7600, 7600, 1160, 5010, 13480, 1150, 1150, 2020, 2020, 470, 470, 410, 410, 80, 190, 190, 30, 30, 30, 30, 2920, 2920, 150, 150, 2020, 140, 140, 530, 530, 810, 810, 490, 190, 190, 100, 100, 9100, 10640, 10640, 4470, 1330, 660, 660, 21680, 320, 60, 60, 3160, 6950, 30, 280, 280, 2600, 2600, 130, 130, 690, 690, 50, 50, 2820, 2820, 480, 100, 230, 100, 230, 5880, 390, 390, 5040, 3040, 80, 80, 3040, 110, 110, 2600, 2600, 9260, 360, 300, 9260, 300, 360, 370, 370, 660, 660, 160, 160, 120, 40, 40, 30, 30]"
2020-10-25 13:25:00+00:00,305750,4,175.0,"[30, 30, 490, 1520, 1520, 760, 760, 60, 880, 880, 2280, 2280, 1190, 1190, 440, 490, 460, 230, 230, 460, 960, 960, 440, 1440, 1440, 740, 760, 760, 10, 110, 110, 10, 170, 170, 110, 40, 40, 120, 120, 410, 850, 410, 850, 20, 20, 110, 110, 50, 220, 220, 160, 160, 440, 130, 2990, 3050, 3050, 120, 190, 190, 140, 140, 23720, 90, 220, 220, 840, 840, 290, 290, 580, 760, 980, 980, 220, 220, 330, 330, 770, 770, 1000, 1000, 580, 580, 760, 1360, 760, 1360, 240, 240, 1530, 1000, 1000, 110, 230, 450, 2080, 450, 1670, 720, 720, 300, 1600, 1600, 190, 190, 580, 580, 1780, 1780, 10, 10, 140, 140, 280, 80, 80, 16040, 16040, 920, 920, 230, 230, 180, 180, 590, 3080, 590, 1600, 1600, 3080, 460, 460, 1800, 1800, 1050, 1050, 120, 120, 230, 230, 1640, 1640, 200, 200, 8830, 8830, 600, 100, 70, 70, 280, 280, 130, 130, 2950, 520, 520, 360, 360, 120, 2950, 400, 400, 1090, 1090, 14510, 14510, 440, 440, 280, 280, 0]"
2020-10-25 13:30:00+00:00,313420,0,189.0,"[60, 60, 150, 150, 20, 20, 80, 550, 550, 1760, 400, 400, 670, 3540, 350, 350, 1150, 1150, 8720, 40, 240, 40, 8720, 240, 310, 0, 310, 0, 5680, 2840, 2840, 70, 70, 70, 170, 350, 210, 210, 10, 10, 970, 970, 140, 140, 440, 440, 640, 640, 4210, 4210, 240, 200, 2270, 200, 110, 110, 40, 40, 80, 80, 380, 380, 3690, 3690, 570, 40, 30, 300, 260, 260, 420, 420, 310, 310, 1510, 1510, 180, 180, 50, 50, 670, 670, 50, 50, 440, 140, 440, 140, 1000, 1000, 80, 80, 580, 580, 20, 20, 5320, 5320, 250, 250, 310, 310, 520, 520, 830, 830, 130, 640, 640, 130, 190, 190, 10120, 10120, 250, 250, 620, 620, 740, 3180, 3180, 740, 2460, 2460, 290, 160, 560, 560, 230, 230, 190, 190, 63390, 420, 420, 63390, 250, 250, 190, 940, 940, 160, 160, 2440, 2440, 27360, 220, 2430, 10, 10, 10, 10, 680, 680, 680, 680, 1880, 1880, 380, 90, 90, 140, 140, 620, 620, 80, 80, 810, 70, 380, 70, 380, 40, 40, 90, 90, 740, 520, 740, 520, 240, 10, 240, 190, 190, 530, 530, 40, 40]"
2020-10-25 13:35:00+00:00,228580,6,189.0,"[120, 50, 5380, 50, 120, 730, 730, 240, 5450, 160, 160, 1270, 500, 500, 530, 160, 530, 160, 740, 740, 270, 270, 7850, 7850, 250, 250, 60, 70, 50, 60, 50, 540, 540, 30, 820, 820, 40, 40, 10, 10, 250, 250, 250, 860, 250, 1190, 1190, 140, 140, 350, 30, 30, 340, 340, 4420, 60, 4420, 410, 50, 50, 720, 720, 500, 1170, 3400, 3400, 20, 20, 230, 230, 660, 1110, 260, 260, 70, 70, 1430, 1430, 180, 180, 6160, 90, 6160, 90, 440, 120, 120, 110, 110, 660, 660, 190, 190, 320, 320, 190, 190, 110, 80, 300, 440, 70, 70, 1340, 980, 980, 20, 2020, 2020, 340, 340, 10, 10, 110, 110, 40, 1200, 1200, 4230, 4230, 3360, 200, 200, 500, 2270, 4390, 1890, 1890, 6450, 6450, 1010, 1010, 920, 920, 40, 40, 500, 10, 40, 40, 240, 240, 980, 20, 980, 20, 35620, 60, 60, 60, 240, 70, 650, 240, 650, 70, 260, 260, 70, 630, 630, 70, 13290, 40, 40, 4870, 460, 460, 4380, 30, 60, 60, 1190, 90, 90, 260, 260, 60, 140, 3920, 140, 3920, 1220, 1010, 1010]"
2020-10-25 13:40:00+00:00,230750,0,177.0,"[170, 170, 1430, 60, 610, 610, 50, 50, 1600, 1600, 690, 690, 580, 580, 2330, 990, 990, 5310, 80, 70, 70, 940, 940, 340, 340, 1620, 1620, 130, 130, 1220, 35620, 560, 560, 660, 660, 20, 20, 450, 450, 2990, 1160, 1160, 3900, 3900, 200, 110, 110, 730, 730, 230, 230, 430, 430, 5640, 5640, 430, 430, 190, 7330, 7330, 90, 90, 50, 50, 5920, 300, 300, 21340, 50, 50, 1780, 1780, 20, 20, 14560, 70, 1450, 1450, 270, 270, 1220, 80, 270, 270, 610, 610, 800, 800, 20, 230, 230, 430, 430, 2490, 300, 2490, 300, 100, 40, 100, 40, 240, 240, 120, 120, 1050, 1050, 710, 750, 440, 440, 2460, 310, 2460, 2620, 140, 60, 940, 60, 940, 230, 230, 2850, 2850, 520, 520, 60, 60, 250, 140, 140, 2460, 300, 300, 230, 230, 40, 40, 610, 610, 1780, 130, 1780, 130, 2670, 2670, 450, 3690, 1590, 1030, 1590, 440, 440, 70, 40, 70, 40, 70, 3690, 0, 0, 1680, 1680, 30, 30, 620, 40, 620, 10, 40, 150, 1260, 1260, 1520, 1520, 10, 10]"
2020-10-25 13:45:00+00:00,258400,0,175.0,"[300, 300, 10, 10, 2090, 2090, 3260, 3260, 480, 480, 280, 280, 190, 190, 950, 130, 130, 90, 140, 140, 180, 1210, 1210, 110, 110, 70, 50, 70, 50, 290, 1130, 1130, 290, 3180, 2330, 2330, 150, 950, 100, 100, 170, 4290, 4290, 380, 170, 520, 520, 50, 50, 30, 160, 30, 0, 210, 160, 160, 60, 60, 710, 710, 260, 260, 120, 590, 590, 150, 10, 10, 120, 20, 20, 570, 570, 1840, 500, 500, 50, 50, 60, 400, 400, 380, 380, 90, 90, 370, 370, 290, 730, 730, 24590, 24590, 20, 20, 390, 1200, 1200, 390, 2090, 2090, 4040, 4040, 10, 10, 130, 130, 100, 100, 730, 730, 40, 40, 310, 100, 100, 290, 290, 3220, 210, 210, 1510, 1510, 330, 20, 780, 780, 20, 20, 110, 110, 4760, 4760, 70, 2650, 70, 130, 130, 260, 260, 430, 430, 140, 970, 970, 70, 70, 220, 530, 530, 1560, 1560, 28060, 28060, 180, 980, 980, 110, 1620, 40, 40, 4000, 1200, 1200, 4000, 5140, 5140, 90, 0, 160, 270, 270, 9370, 9370, 3930, 3930]"
2020-10-25 13:50:00+00:00,125110,2,153.0,"[620, 620, 80, 80, 2110, 2110, 150, 150, 140, 140, 110, 10, 390, 390, 6040, 6040, 330, 330, 650, 650, 1390, 1390, 20, 30, 20, 50, 200, 200, 3610, 100, 100, 1220, 1220, 480, 480, 6480, 130, 130, 150, 4240, 40, 3090, 4240, 3090, 40, 140, 2870, 1420, 1420, 380, 380, 150, 400, 150, 400, 2030, 1560, 7620, 490, 490, 1040, 150, 150, 90, 130, 90, 130, 0, 10, 260, 260, 570, 140, 570, 1040, 1000, 1110, 1110, 1000, 30, 30, 20, 20, 2390, 220, 2390, 220, 330, 1110, 1110, 100, 100, 110, 110, 40, 40, 290, 290, 100, 100, 1430, 140, 140, 3480, 60, 140, 140, 2470, 2470, 1800, 1800, 320, 320, 100, 50, 50, 50, 1120, 120, 120, 400, 30, 30, 1120, 1120, 1400, 160, 160, 80, 80, 80, 80, 480, 180, 180, 720, 720, 300, 300, 200, 200, 240, 100, 100, 2840, 2840, 610, 610, 260, 170, 260, 780, 780]"
2020-10-25 13:55:00+00:00,573510,2,179.0,"[173900, 130, 173900, 130, 460, 950, 3870, 460, 950, 660, 660, 50, 50, 12020, 180, 1340, 180, 540, 40, 220, 90, 530, 120, 350, 350, 400, 400, 40, 610, 610, 1140, 690, 1140, 690, 210, 210, 630, 630, 160, 160, 11190, 11190, 230, 230, 2030, 2030, 290, 290, 5870, 50, 50, 3360, 340, 3360, 340, 60, 90, 60, 150, 110, 100, 100, 730, 730, 4210, 2140, 2140, 480, 480, 30, 30, 1040, 1040, 210, 210, 30, 30, 110, 110, 50, 180, 220, 1200, 1200, 260, 1850, 1850, 890, 890, 60, 60, 160, 160, 20, 20, 3780, 3780, 160, 370, 80, 30, 80, 1440, 2120, 2120, 30, 30, 40, 40, 480, 60, 60, 1240, 1240, 910, 780, 70, 1930, 1930, 260, 1680, 1680, 260, 1270, 1270, 140, 2220, 2220, 400, 850, 400, 100, 850, 1200, 1200, 410, 410, 680, 680, 12670, 12670, 5080, 5080, 350, 350, 860, 150, 860, 150, 3290, 3290, 150, 140, 140, 1380, 1380, 1320, 1320, 1500, 130, 130, 10150, 10150, 150, 150, 5190, 5190, 1100, 1100, 410, 330, 100, 110, 100, 110, 330, 570, 570, 140]"
2020-10-25 14:00:00+00:00,238480,1,211.0,"[540, 10, 540, 6880, 2080, 2080, 80, 80, 290, 290, 390, 130, 2920, 2920, 160, 370, 160, 370, 450, 450, 0, 30, 3440, 3440, 120, 190, 190, 190, 4360, 4360, 320, 320, 10, 10, 150, 150, 850, 30, 30, 520, 760, 760, 30, 30, 320, 5880, 320, 5880, 8300, 150, 100, 40, 580, 1420, 1420, 720, 720, 30, 30, 60, 60, 1720, 500, 500, 80, 80, 1150, 360, 1150, 360, 20, 20, 740, 740, 15820, 400, 620, 280, 280, 3340, 3340, 150, 150, 370, 370, 580, 2220, 3320, 3320, 660, 260, 260, 580, 580, 410, 200, 200, 4320, 1040, 1930, 440, 440, 670, 670, 140, 140, 36050, 10, 10, 600, 3060, 3060, 600, 1930, 70, 70, 580, 580, 1380, 1220, 40, 1220, 1220, 180, 180, 20, 110, 110, 20, 330, 330, 300, 1000, 1000, 110, 160, 160, 80, 580, 20, 20, 580, 20, 60, 710, 710, 0, 4590, 10, 4590, 1050, 330, 330, 2320, 2320, 820, 820, 7750, 100, 570, 570, 100, 230, 230, 10, 10, 700, 700, 50, 50, 550, 550, 280, 2550, 360, 360, 2550, 50, 290, 1120, 490, 490, 1120, 100, 370, 370, 100, 490, 490, 2120, 2420, 2120, 2420, 330, 330, 1120, 670, 70, 550, 210, 210, 550, 1460, 100, 1460, 130, 130, 190, 0, 20, 20]"
2020-10-25 14:05:00+00:00,339590,2,243.0,"[80, 260, 100, 260, 70, 390, 390, 590, 1040, 120, 630, 630, 50, 50, 490, 200, 200, 1060, 1060, 270, 1630, 270, 1630, 4890, 60, 30, 30, 10, 10, 610, 610, 1410, 150, 1270, 1900, 30, 3700, 30, 3700, 30, 120, 20, 20, 20, 19170, 360, 360, 640, 640, 400, 340, 340, 290, 1970, 8900, 8900, 240, 240, 330, 330, 140, 70, 70, 310, 310, 140, 1270, 320, 340, 340, 3710, 800, 800, 300, 300, 4660, 4660, 160, 470, 470, 1700, 100, 40, 470, 470, 1720, 1720, 620, 220, 34780, 250, 470, 250, 470, 70, 410, 10, 140, 140, 120, 120, 140, 140, 660, 660, 160, 160, 200, 200, 110, 110, 2520, 2520, 130, 130, 1250, 170, 170, 550, 1360, 60, 1180, 270, 1180, 270, 620, 300, 300, 20, 20, 550, 560, 50, 560, 360, 180, 30, 550, 30, 550, 690, 3410, 690, 1150, 580, 1150, 320, 320, 230, 230, 2050, 2040, 100, 100, 60, 60, 360, 360, 30, 30, 1160, 1160, 240, 240, 10, 10, 1670, 730, 730, 2080, 190, 190, 2080, 290, 290, 1450, 580, 580, 70, 200, 60, 60, 23840, 23840, 20, 60, 60, 680, 680, 290, 220, 220, 160, 1240, 15130, 1240, 1180, 1830, 1180, 2040, 1830, 220, 220, 2560, 2560, 3440, 3440, 3860, 3860, 1630, 4080, 4080, 380, 380, 250, 490, 90, 490, 130, 30, 2020, 1020, 1020, 1630, 60, 1630, 60, 22730, 4990, 40, 4990, 40, 5330, 380, 20, 70, 420, 150, 60, 140, 140, 150, 60]"
2020-10-25 14:10:00+00:00,1016870,5,270.0,"[100, 440, 440, 150, 240, 410, 1050, 1050, 1530, 1530, 150, 150, 730, 3410, 730, 10, 1080, 3080, 3080, 3080, 3080, 0, 680, 680, 320, 2480, 140, 140, 260, 2040, 180, 310, 310, 240, 240, 30, 30, 50, 4240, 40, 40, 0, 2040, 510, 510, 320, 320, 150, 150, 530, 18770, 0, 0, 4240, 4940, 2950, 190, 190, 15820, 10, 10, 190, 5580, 5580, 0, 890, 890, 0, 130, 130, 5690, 120, 310, 930, 930, 11190, 1190, 1190, 470, 470, 320, 320, 900, 329180, 329180, 8910, 860, 140, 860, 1010, 140, 130, 4730, 4730, 380, 470, 380, 570, 920, 2300, 570, 2300, 370, 920, 720, 180, 180, 30, 30, 1450, 1450, 60, 490, 60, 60, 490, 4460, 720, 20, 460, 110, 110, 3200, 110, 220, 3200, 220, 60, 60, 4850, 2520, 4850, 4850, 20, 180, 180, 6500, 6500, 240, 180, 1470, 1470, 230, 190, 2520, 820, 820, 210, 8790, 210, 1910, 1910, 100, 160, 160, 110, 3290, 700, 3290, 760, 700, 760, 480, 480, 230, 40, 360, 360, 40, 40, 590, 590, 1320, 1320, 530, 1390, 530, 190, 190, 230, 1210, 1210, 210, 210, 1350, 1280, 320, 20, 1280, 570, 570, 2860, 2860, 80, 280, 1280, 1280, 230, 230, 200, 1720, 200, 310, 310, 4660, 4660, 1380, 1380, 4160, 440, 440, 4160, 70, 70, 2240, 2240, 50, 50, 330, 330, 970, 620, 970, 510, 510, 1140, 1350, 1140, 180, 180, 10, 480, 10, 120, 120, 530, 530, 1350, 750, 750, 390, 240, 240, 0, 21880, 1560, 1560, 120, 120, 10300, 450, 110, 450, 4690, 110, 4690, 220, 220, 90, 90, 130, 230, 80, 80, 510, 510, 340, 1940, 1940, 30]"
2020-10-25 14:15:00+00:00,1100990,3,293.0,"[360, 360, 1270, 230, 230, 200, 460, 680, 680, 40, 40, 40, 260, 3830, 20, 590, 590, 510, 510, 450, 100, 100, 1510, 1510, 0, 0, 350, 350, 930, 1200, 1200, 7450, 40, 40, 150, 150, 90, 90, 300, 3670, 300, 110, 110, 810, 810, 110, 110, 680, 0, 0, 7950, 460, 7950, 670, 670, 8680, 50, 50, 700, 700, 2390, 370, 370, 5700, 1900, 1900, 3370, 3580, 540, 3370, 8890, 290, 290, 2930, 300, 50, 2930, 300, 30, 30, 329180, 329180, 1310, 140, 140, 20, 1310, 3540, 60, 11550, 11550, 360, 170, 170, 200, 350, 2260, 1580, 1580, 20, 20, 3560, 3560, 160, 4660, 4660, 40, 40, 60, 60, 1950, 1950, 540, 200, 200, 490, 20, 490, 20, 130, 60, 60, 1060, 1060, 40, 680, 680, 160, 160, 350, 350, 71120, 30, 30, 70, 510, 16630, 16630, 420, 470, 420, 100, 100, 280, 280, 210, 30, 210, 0, 0, 960, 960, 1360, 1360, 80, 620, 80, 620, 3430, 3430, 230, 690, 160, 180, 180, 850, 330, 330, 460, 460, 10, 10, 10, 450, 450, 310, 1610, 1610, 700, 700, 330, 330, 230, 110, 300, 300, 660, 220, 220, 200, 1560, 1560, 20, 20, 1040, 400, 400, 60, 300, 70, 300, 70, 60, 180, 180, 3140, 3140, 31220, 31220, 440, 10, 440, 1270, 70, 70, 10, 1720, 290, 290, 200, 2650, 200, 2650, 20, 460, 460, 2770, 280, 280, 6590, 6590, 520, 50, 50, 190, 20, 120, 80, 80, 390, 390, 1760, 1760, 460, 460, 610, 610, 120, 730, 730, 60, 60, 300, 860, 860, 540, 540, 10, 130, 130, 650, 1790, 0, 1790, 0, 1320, 1320, 2070, 860, 860, 650, 2650, 650, 2650, 50, 40, 140, 1010, 140, 260, 1010, 260, 260, 40, 40, 270, 270, 460, 910, 910, 2650, 2650, 800]"
2020-10-25 14:20:00+00:00,1171140,2,303.0,"[690, 12910, 690, 430, 430, 210, 580, 580, 530, 530, 9740, 570, 390, 390, 700, 700, 460, 460, 60, 60, 820, 820, 170, 170, 340, 340, 1700, 1700, 80, 470, 80, 360, 340, 20, 20, 1830, 1830, 1730, 1730, 140, 140, 520, 520, 20, 20, 20, 20, 270, 380, 930, 0, 0, 1830, 1830, 340, 900, 900, 1510, 1510, 10, 10, 90, 140, 140, 610, 1190, 610, 4040, 4040, 270, 3430, 270, 50, 50, 440, 440, 340, 340, 330, 560, 2650, 100, 100, 760, 200, 200, 10, 190, 10, 310, 300, 300, 930, 930, 3520, 3520, 10, 10, 90, 90, 210, 210, 310, 120, 120, 440, 440, 190, 1470, 1470, 720, 650, 650, 1230, 1230, 430, 430, 1420, 60, 60, 550, 550, 790, 3120, 790, 3800, 3800, 50, 50, 260, 30, 790, 500, 500, 790, 610, 610, 70, 70, 1760, 1760, 70, 70, 480, 480, 0, 2580, 1410, 1410, 110, 110, 100, 400, 400, 300, 300, 270, 270, 2040, 2040, 1410, 1410, 40, 40, 280, 280, 1740, 1740, 1100, 650, 890, 21930, 190, 20, 1070, 1070, 20, 2460, 40, 120, 120, 50, 50, 920, 12910, 330, 7450, 7450, 0, 50, 0, 140, 210, 40, 40, 9690, 460, 460, 10, 130, 10, 440, 3800, 440, 20, 10, 20, 3800, 40, 40, 0, 0, 2900, 2900, 12210, 12210, 160, 160, 760, 760, 1380, 1380, 2650, 2330, 2330, 4200, 5240, 5240, 33610, 440, 440, 1360, 1360, 110, 1440, 100, 100, 1420, 1420, 220, 220, 570, 570, 290, 290, 4620, 4620, 330, 1190, 1190, 330, 630, 630, 620, 310, 310, 80, 1590, 1590, 450, 1080, 1080, 400, 400, 210, 210, 20, 20, 1020, 60, 60, 1020, 0, 200, 1400, 0, 1400, 200, 270, 330, 330, 7310, 7310, 470, 470, 6710, 200, 6710, 200, 1150, 1150, 120, 120, 2260, 30, 30, 100, 100, 200, 14520, 200]"
2020-10-25 14:25:00+00:00,883100,4,366.0,"[210, 50, 210, 3250, 0, 280, 280, 0, 10, 400, 400, 230, 62220, 62220, 60, 370, 370, 10990, 5340, 1130, 2180, 7030, 2180, 1690, 630, 630, 100, 260, 30, 750, 10, 750, 10, 1230, 1230, 840, 840, 1710, 20, 230, 230, 820, 820, 0, 300, 14910, 230, 130, 230, 300, 14910, 1120, 1120, 100, 100, 40, 40, 500, 670, 670, 1160, 1160, 3330, 3330, 250, 250, 1450, 0, 0, 600, 600, 680, 680, 110, 110, 6320, 6320, 190, 820, 190, 820, 4350, 30, 30, 4350, 20, 2080, 2080, 2980, 200, 2980, 230, 230, 2660, 260, 260, 3220, 960, 120, 960, 490, 490, 200, 200, 850, 850, 720, 720, 90, 340, 340, 520, 520, 370, 7000, 370, 7000, 640, 640, 590, 590, 1140, 2090, 2090, 10, 10, 170, 1150, 1150, 310, 50, 50, 3480, 3480, 2380, 40, 40, 120, 120, 230, 230, 0, 0, 220, 1320, 1320, 220, 1720, 1720, 160, 160, 137780, 137780, 1330, 660, 660, 450, 450, 180, 180, 90, 0, 90, 30, 30, 300, 710, 760, 760, 1230, 1230, 10, 10, 330, 330, 3480, 3480, 160, 170, 2780, 160, 170, 2780, 1880, 1720, 1720, 750, 750, 40050, 40050, 2130, 2130, 160, 20, 20, 130, 130, 170, 40, 590, 40, 170, 540, 540, 350, 350, 1400, 1400, 310, 310, 10, 500, 470, 10, 500, 680, 470, 680, 40, 40, 2660, 1520, 450, 450, 3130, 3130, 160, 90, 2650, 2650, 160, 2560, 0, 0, 1840, 850, 170, 150, 150, 170, 140, 50, 6320, 700, 700, 850, 350, 740, 380, 380, 310, 310, 20, 20, 240, 2900, 240, 710, 1090, 710, 3460, 3460, 350, 350, 970, 3890, 3890, 860, 860, 570, 560, 560, 130, 130, 1900, 650, 650, 1900, 1840, 820, 20, 820, 270, 180, 270, 10, 1040, 1040, 280, 280, 20, 20, 200, 70, 240, 240, 460, 460, 240, 570, 110, 110, 350, 110, 7200, 110, 7200, 460, 460, 3550, 680, 680, 300, 1580, 300, 470, 190, 470, 190, 260, 430, 100, 430, 100, 5410, 1410, 10, 170, 430, 430, 40, 17820, 250, 250, 40, 30, 290, 1090, 1090, 390, 310, 310, 270, 510, 40, 270, 730, 1260, 790, 790, 200, 200, 20, 1480, 1260, 40, 11350, 11350, 40, 1220, 1330, 1330, 2620, 2620, 320, 320]"
2020-10-25 14:30:00+00:00,615970,8,388.0,"[1310, 21960, 1310, 340, 340, 220, 4100, 220, 50, 1040, 50, 33900, 70, 1640, 70, 400, 110, 110, 210, 3120, 3120, 250, 470, 470, 1640, 100, 100, 250, 250, 160, 1840, 160, 40, 40, 40, 2800, 460, 460, 1220, 160, 1220, 50, 50, 160, 2100, 110, 2100, 110, 400, 1120, 1120, 230, 230, 20, 1040, 20, 270, 3630, 270, 2400, 150, 730, 80, 6130, 30, 840, 580, 840, 200, 200, 320, 320, 20, 920, 840, 920, 840, 300, 300, 6320, 480, 480, 470, 20, 470, 370, 20, 450, 370, 450, 400, 400, 20, 740, 740, 120, 2740, 120, 1530, 1530, 140, 220, 220, 90, 180, 1130, 270, 270, 180, 3860, 300, 20, 720, 20, 3860, 300, 270, 270, 3130, 3130, 2400, 940, 140, 1890, 940, 1890, 140, 3940, 3940, 10, 120, 1210, 1210, 280, 1900, 1900, 0, 0, 110, 110, 1410, 1410, 70, 70, 4880, 4880, 900, 900, 270, 270, 150, 6260, 0, 530, 870, 530, 470, 470, 4520, 30, 30, 140, 70, 0, 390, 0, 520, 90, 0, 90, 6320, 6320, 80, 80, 30, 2090, 2090, 270, 50, 270, 50, 550, 550, 2690, 2690, 450, 450, 120, 360, 120, 360, 410, 410, 210, 210, 940, 940, 50, 560, 630, 1840, 20, 1840, 380, 3820, 450, 380, 450, 3820, 30, 30, 90, 90, 130, 130, 20, 40, 3980, 40, 60, 10, 10, 270, 270, 90, 90, 1220, 1220, 20, 3950, 1260, 1260, 230, 530, 230, 1210, 1240, 1240, 1210, 760, 760, 1260, 1260, 2490, 2490, 16070, 16070, 530, 940, 940, 320, 1200, 60, 320, 60, 1240, 1240, 280, 280, 20, 130, 22270, 22270, 370, 370, 930, 20360, 1160, 1160, 4960, 4960, 20360, 300, 300, 500, 1320, 500, 6320, 5090, 5090, 20, 110, 1780, 110, 1780, 80, 8490, 8490, 160, 160, 2490, 2490, 170, 170, 50, 510, 50, 510, 20, 2260, 2260, 11530, 1760, 1760, 100, 100, 120, 100, 100, 910, 910, 10, 300, 300, 0, 1240, 1240, 770, 770, 130, 2560, 2290, 50, 170, 170, 60, 90, 90, 170, 170, 20, 440, 440, 20360, 60, 20360, 2940, 2230, 310, 2230, 230, 230, 80, 80, 990, 710, 140, 710, 2480, 50, 50, 620, 620, 450, 450, 170, 170, 3510, 140, 3510, 140, 10, 340, 340, 0, 60, 60, 60, 260, 640, 90, 400, 400, 170, 6090, 2230, 2640, 2230, 360, 50, 360, 50, 110, 110, 0, 0]"
2020-10-25 14:35:00+00:00,594480,6,347.0,"[340, 340, 710, 15970, 15970, 350, 60, 60, 10, 10, 1610, 130, 410, 410, 660, 660, 6270, 6270, 1170, 610, 1100, 1100, 9900, 9900, 430, 430, 4670, 4670, 170, 170, 10, 10, 2800, 60, 2800, 60, 40, 80, 40, 90, 1130, 1270, 130, 460, 460, 420, 420, 3620, 20, 130, 130, 190, 1170, 10, 360, 2060, 80, 80, 200, 200, 1630, 530, 530, 770, 770, 140, 30, 30, 420, 420, 250, 1470, 760, 760, 3660, 200, 3660, 850, 730, 30, 220, 350, 30, 350, 2200, 2200, 140, 1800, 140, 1800, 240, 2170, 80, 450, 450, 140, 820, 820, 1170, 1170, 710, 3840, 3840, 15870, 170, 6350, 1200, 1200, 1970, 1970, 1670, 1670, 10, 10, 1110, 1110, 270, 4580, 270, 2670, 2670, 80, 80, 38040, 38040, 4250, 170, 5180, 170, 200, 100, 12080, 12080, 2080, 5180, 2070, 200, 720, 1160, 1140, 1160, 1140, 940, 1120, 1120, 2050, 2050, 120, 180, 0, 180, 180, 180, 660, 660, 60, 60, 2630, 270, 270, 300, 830, 700, 810, 700, 830, 430, 430, 950, 1310, 140, 10670, 140, 10670, 80, 80, 390, 180, 180, 380, 380, 380, 630, 630, 70, 630, 70, 150, 150, 70, 140, 140, 710, 40, 20, 1180, 2010, 380, 380, 1670, 1670, 20, 410, 10700, 410, 13240, 13240, 1000, 1000, 690, 470, 690, 470, 160, 160, 640, 50, 2820, 2190, 50, 2820, 80, 80, 110, 320, 320, 90, 850, 90, 970, 970, 250, 250, 80, 11130, 2760, 190, 190, 160, 160, 100, 940, 940, 100, 470, 470, 2630, 740, 20, 520, 1780, 1780, 180, 360, 180, 50, 50, 250, 250, 280, 280, 180, 490, 490, 5710, 10, 80, 80, 10, 10, 70, 400, 70, 400, 70, 70, 70, 580, 230, 580, 70, 6380, 6380, 660, 3110, 180, 180, 630, 60, 630, 60, 170, 170, 40, 520, 40, 520, 1070, 1070, 310, 1610, 1610, 10, 10, 740, 740, 30, 20, 40, 40, 520, 520, 50, 50, 200, 200, 8720, 40, 40, 970, 570, 440, 570, 1100, 1100, 480, 240, 240, 250, 310, 310, 1800, 1800, 380, 380, 410, 610, 410, 590, 100, 20, 100, 2330, 180, 180]"
2020-10-25 14:40:00+00:00,1270990,3,418.0,"[20, 200, 210, 40, 210, 40, 4220, 175640, 175640, 4220, 580, 580, 3870, 3870, 2330, 10, 10, 20, 3870, 3870, 220, 220, 40, 40, 25820, 10, 10, 220, 220, 400, 400, 4660, 10, 1040, 10, 540, 1320, 1320, 20, 540, 330, 330, 370, 230, 230, 370, 130, 20, 130, 160, 2420, 17020, 2420, 17020, 20, 20, 580, 580, 3710, 260, 260, 150, 150, 70, 70, 280, 280, 150, 150, 320, 290, 110, 380, 110, 380, 20, 390, 1250, 1250, 3470, 120, 120, 490, 5440, 310, 190, 190, 240, 240, 640, 1580, 430, 430, 1580, 2880, 2880, 190, 190, 1650, 1650, 0, 30, 860, 180, 180, 520, 17020, 17020, 520, 2630, 90, 2800, 90, 2800, 2630, 1950, 350, 1280, 840, 310, 1280, 840, 390, 390, 1230, 680, 680, 20, 20, 300, 180, 180, 30, 260, 260, 50, 100, 320, 320, 250, 2880, 250, 2880, 40, 20, 140, 140, 90, 1540, 1540, 1000, 1000, 180, 320, 320, 170, 170, 440, 470, 90, 470, 90, 400, 400, 130, 130, 10, 670, 320, 10, 670, 60, 60, 90, 90, 60, 60, 280, 280, 1120, 150, 360, 80, 40, 20, 980, 980, 40, 5680, 5680, 33080, 190, 190, 5570, 5420, 230, 100, 100, 5420, 230, 460, 460, 160, 30, 180, 180, 400, 10240, 400, 330, 330, 270, 280, 270, 4220, 4220, 110, 110, 10, 1280, 10, 25820, 25820, 1470, 1470, 1710, 950, 980, 180, 980, 380, 380, 960, 5190, 960, 2570, 2570, 5830, 950, 290, 290, 520, 520, 400, 400, 1280, 2630, 2570, 110, 2570, 50, 1420, 1420, 50, 110, 6590, 250, 250, 19370, 19370, 950, 500, 520, 5570, 950, 500, 20, 130, 20, 130, 300, 200, 1460, 300, 1750, 1750, 270, 250, 250, 20, 480, 480, 20, 710, 90, 410, 1280, 710, 710, 710, 1540, 1540, 53240, 1820, 1820, 0, 50, 0, 50, 460, 460, 10, 10, 30, 30, 0, 0, 800, 800, 320, 3440, 3440, 1690, 1690, 220, 220, 70, 70, 30, 860, 860, 570, 570, 370, 120, 550, 370, 120, 550, 2810, 1110, 1110, 420, 3340, 420, 50, 3500, 50, 380, 1030, 4990, 1030, 170, 170, 460, 460, 340, 340, 100, 100, 50, 100, 100, 570, 570, 240, 240, 350, 1390, 1390, 140, 370, 270, 110, 110, 870, 980, 980, 1590, 230, 140, 3650, 130, 130, 0, 980, 980, 210, 210, 70, 70, 320, 320, 20, 860, 1540, 9370, 1230, 9370, 1230, 3340, 730, 140, 150, 730, 150, 10120, 1360, 2760, 2760, 1360, 780, 890, 1290, 890, 1290, 420, 360, 700, 700, 710, 240, 710, 230, 230]"
2020-10-25 14:45:00+00:00,660780,2,471.0,"[180, 180, 150, 200, 230, 150, 570, 950, 50, 950, 170, 170, 610, 2900, 2900, 1490, 1490, 250, 1120, 1120, 250, 5250, 5250, 20, 1390, 1390, 1870, 1870, 1220, 290, 740, 740, 350, 350, 180, 320, 180, 5490, 5490, 650, 650, 690, 220, 690, 60, 60, 1280, 2240, 1280, 4380, 4380, 60, 60, 420, 2250, 420, 2250, 1650, 60, 60, 980, 20, 1300, 1300, 40, 320, 40, 1710, 9280, 9280, 110, 1210, 770, 690, 180, 1210, 770, 110, 690, 40, 60, 60, 4770, 250, 250, 340, 800, 420, 210, 210, 410, 1300, 1300, 660, 660, 100, 100, 40, 40, 2380, 2380, 100, 3250, 10, 90, 90, 300, 300, 1780, 1940, 3010, 1940, 20, 3010, 950, 270, 950, 270, 0, 1060, 1730, 0, 1060, 90, 480, 90, 100, 480, 13660, 13660, 2860, 2860, 290, 290, 1110, 1110, 360, 100, 100, 1430, 320, 320, 310, 70, 310, 490, 490, 50, 50, 50, 50, 1500, 1500, 20, 310, 1280, 310, 1280, 160, 160, 1220, 250, 1220, 250, 160, 160, 1590, 780, 330, 330, 780, 140, 70, 70, 140, 40, 100, 100, 40, 170, 10, 10, 170, 12180, 180, 90, 80, 90, 80, 10, 400, 400, 10, 980, 220, 220, 2100, 2100, 140, 30, 30, 120, 120, 630, 630, 840, 840, 240, 280, 280, 240, 3310, 870, 3310, 240, 240, 800, 800, 1380, 740, 740, 30, 840, 810, 810, 840, 660, 1360, 1360, 740, 740, 3490, 420, 420, 130, 130, 510, 60, 60, 30, 980, 120, 110, 9370, 120, 40, 110, 6580, 320, 6580, 980, 190, 190, 70, 260, 260, 100, 2800, 100, 2800, 190, 10980, 1500, 70, 10980, 2560, 400, 400, 2560, 1300, 1300, 150, 150, 870, 1670, 2560, 4660, 2560, 320, 520, 570, 520, 5510, 5510, 30, 30, 4100, 4100, 590, 590, 10880, 10, 10880, 750, 950, 950, 750, 10260, 10260, 1270, 1270, 380, 3150, 3150, 460, 510, 5360, 460, 5360, 660, 480, 660, 6010, 1890, 6010, 1890, 50, 170, 100, 170, 50, 100, 300, 300, 0, 360, 0, 360, 130, 740, 740, 180, 180, 4520, 110, 960, 4520, 110, 960, 840, 250, 250, 230, 410, 440, 520, 540, 540, 520, 40, 40, 170, 980, 1020, 300, 1020, 160, 3020, 160, 3020, 580, 70, 1930, 580, 30, 30, 1120, 1120, 1190, 50, 50, 1190, 4000, 4000, 2880, 2880, 90, 240, 240, 90, 140, 230, 50, 230, 1200, 50, 2580, 770, 230, 11840, 2030, 230, 690, 690, 170, 11470, 170, 180, 180, 5400, 10, 5400, 160, 160, 1670, 560, 560, 360, 360, 160, 1670, 17020, 17020, 2270, 8640, 8640, 1010, 180, 40, 180, 40, 1590, 270, 270, 20, 20, 320, 320, 540, 2190, 960, 960, 1300, 2490, 80, 80, 500, 30, 500, 30, 4950, 70, 70, 11520, 450, 540, 660, 8940, 8940, 1050, 50, 110, 50, 110, 300, 20, 20, 20, 650, 650, 20, 440, 2770, 2770, 1800, 150, 170, 3280, 170]"
2020-10-25 14:50:00+00:00,509270,0,406.0,"[5320, 0, 240, 0, 1300, 1300, 170, 10, 10, 930, 930, 480, 30, 30, 1030, 170, 1030, 1740, 200, 720, 15380, 15380, 120, 120, 210, 210, 170, 170, 3620, 180, 280, 280, 420, 5620, 900, 5620, 900, 300, 10, 10, 3050, 300, 290, 290, 20, 0, 0, 0, 2490, 2490, 0, 2030, 1150, 1150, 1890, 1890, 210, 2460, 3330, 3330, 2190, 180, 70, 1850, 50, 50, 940, 940, 120, 2030, 370, 2030, 240, 240, 90, 20, 90, 20, 390, 380, 20, 20, 40, 40, 800, 800, 250, 250, 50, 230, 6890, 24640, 1110, 24640, 1110, 20, 1220, 1220, 50, 10, 2190, 3590, 2190, 3590, 100, 100, 20, 20, 200, 10680, 10680, 50, 7820, 50, 90, 90, 2030, 740, 220, 220, 1030, 2320, 2320, 260, 7820, 7820, 4240, 4240, 600, 600, 1110, 410, 230, 410, 1110, 230, 790, 790, 200, 200, 3580, 260, 260, 3890, 280, 280, 280, 280, 320, 10, 10, 0, 17640, 17640, 230, 230, 1400, 70, 1350, 10, 10, 320, 410, 410, 40, 170, 210, 210, 120, 120, 1430, 120, 400, 400, 60, 540, 460, 460, 60, 140, 11370, 11370, 30, 30, 190, 190, 10, 10, 3710, 3320, 3320, 460, 460, 1410, 30, 1540, 30, 250, 250, 90, 90, 820, 980, 820, 740, 740, 20, 20, 1400, 90, 90, 10, 60, 60, 330, 330, 660, 660, 210, 210, 2320, 2320, 0, 40, 40, 1250, 90, 90, 90, 90, 60, 640, 3890, 920, 920, 3890, 4550, 200, 200, 20, 20, 170, 3110, 3110, 170, 80, 210, 60, 80, 80, 850, 720, 200, 200, 6560, 6560, 40, 40, 20, 20, 1260, 1260, 180, 3550, 3550, 390, 390, 220, 380, 380, 940, 120, 200, 200, 610, 610, 490, 490, 2720, 2140, 160, 160, 5070, 5070, 390, 460, 460, 390, 1020, 180, 180, 100, 100, 5360, 5360, 270, 270, 1280, 1280, 2400, 2400, 70, 70, 380, 380, 30, 180, 180, 7980, 80, 20, 80, 20, 5360, 110, 5360, 410, 410, 410, 960, 900, 410, 960, 220, 640, 220, 640, 230, 230, 130, 160, 160, 130, 100, 100, 210, 1400, 40, 240, 40, 240, 270, 120, 460, 160, 460, 160, 1050, 1050, 120, 220, 120, 1030, 550, 550, 90, 90, 3760, 40, 40, 50, 50, 3070, 420, 420, 110, 110, 60, 20, 20, 140, 140, 80, 80, 450, 660, 660, 450, 40, 40, 120, 910, 190, 910, 190, 8040, 120, 200, 30, 370, 290, 290, 290, 290, 370, 20, 40, 40, 220, 220, 400, 460, 150, 460, 150, 1310]"
2020-10-25 14:55:00+00:00,711880,2,412.0,"[140, 22480, 1140, 22480, 300, 300, 50, 50, 40, 2750, 40, 560, 560, 910, 910, 720, 280, 280, 3640, 20, 320, 3080, 180, 1380, 25630, 25630, 8780, 330, 70, 330, 70, 540, 50390, 540, 450, 400, 400, 5420, 380, 380, 1480, 1380, 60, 60, 50390, 700, 700, 350, 350, 1210, 1210, 210, 210, 910, 790, 910, 790, 310, 310, 140, 140, 1200, 350, 1200, 30, 30, 210, 210, 30, 30, 1570, 1230, 1230, 1570, 10, 70, 10, 70, 4200, 40, 40, 2840, 140, 140, 380, 780, 780, 140, 140, 220, 220, 490, 100, 430, 430, 490, 34790, 490, 34790, 460, 460, 270, 270, 9280, 40, 120, 40, 140, 400, 400, 430, 70, 150, 150, 70, 140, 1030, 330, 380, 330, 380, 1030, 220, 220, 60, 0, 60, 1610, 1610, 2200, 5800, 1970, 5800, 1970, 2280, 2280, 530, 20, 530, 20, 310, 5800, 5800, 310, 10, 10, 840, 840, 1920, 1920, 190, 60, 190, 60, 3770, 2990, 380, 380, 460, 1970, 7440, 70, 70, 3140, 3140, 220, 910, 220, 910, 10680, 10680, 390, 390, 220, 170, 170, 140, 4000, 4000, 1140, 1140, 560, 1260, 1260, 11520, 11520, 650, 240, 650, 130, 130, 2480, 290, 290, 2480, 280, 280, 5190, 300, 5190, 990, 4670, 990, 2980, 130, 230, 230, 130, 1030, 160, 160, 300, 300, 530, 1340, 530, 80, 80, 420, 420, 870, 120, 80, 80, 120, 350, 840, 840, 300, 1020, 10, 10, 300, 270, 270, 270, 1880, 870, 870, 9910, 470, 1060, 10, 130, 10, 140, 70, 1130, 70, 560, 1340, 1130, 220, 220, 50, 50, 610, 150, 150, 570, 570, 2030, 2030, 0, 0, 210, 8710, 460, 8710, 520, 470, 470, 200, 180, 180, 350, 1000, 1000, 60, 150, 80, 80, 2010, 20, 20, 150, 150, 50, 3030, 3030, 380, 900, 900, 7470, 1170, 510, 510, 210, 1600, 10450, 1600, 10450, 7470, 530, 530, 60, 4180, 290, 1600, 290, 0, 1600, 10680, 100, 10680, 100, 1000, 10, 100, 110, 110, 250, 1310, 1310, 240, 750, 750, 330, 330, 50, 40, 50, 100, 1380, 730, 730, 810, 220, 220, 990, 820, 360, 820, 6600, 10, 6600, 60, 80, 80, 310, 310, 50, 50, 880, 130, 880, 180, 1380, 1380, 180, 70, 180, 70, 70, 530, 950, 950, 210, 210, 1380, 1380, 70, 260, 260, 70, 20, 160, 160, 260, 260, 160, 160, 20, 300, 300, 980, 980, 40, 40, 1100, 1840, 1100, 1840, 1070, 1070, 130, 130, 180, 180, 240, 610, 610, 240, 80, 980, 980, 10, 330, 330, 10, 80, 80]"
2020-10-25 15:00:00+00:00,419570,0,360.0,"[2490, 180, 180, 2490, 150, 150, 180, 180, 20, 180, 20, 80, 80, 490, 490, 20910, 1830, 1380, 1380, 50, 3310, 3310, 50, 2750, 2750, 30, 30, 60, 60, 240, 240, 60, 60, 50, 50, 40, 1270, 1270, 50, 50, 210, 420, 420, 210, 1600, 760, 760, 7630, 270, 30, 30, 1750, 1790, 1790, 240, 20, 20, 300, 240, 300, 380, 380, 150, 370, 370, 150, 2100, 2750, 440, 440, 110, 2750, 230, 230, 700, 10, 1520, 1060, 10, 1520, 1060, 13550, 110, 110, 110, 110, 160, 13550, 30, 30, 710, 200, 710, 3560, 3560, 1100, 1100, 300, 300, 15940, 15940, 470, 20, 20, 270, 270, 900, 8210, 70, 900, 70, 8210, 940, 1540, 940, 1000, 200, 200, 1380, 90, 1380, 370, 370, 580, 30, 580, 30, 650, 250, 650, 250, 2230, 350, 350, 17020, 30, 1380, 1380, 350, 350, 4290, 20, 390, 950, 950, 970, 970, 690, 5170, 1540, 5170, 380, 630, 630, 600, 600, 820, 820, 430, 430, 570, 130, 130, 1490, 6040, 6040, 980, 980, 1430, 1430, 160, 160, 90, 80, 1410, 80, 1410, 90, 140, 140, 350, 360, 360, 350, 70, 70, 10, 10, 12980, 80, 80, 270, 210, 210, 60, 1420, 70, 200, 610, 610, 10, 10, 9450, 9450, 3560, 710, 710, 210, 210, 3560, 430, 20, 20, 2780, 430, 730, 2780, 500, 500, 1910, 1910, 150, 150, 70, 1680, 70, 1680, 940, 940, 500, 1420, 470, 4680, 470, 80, 640, 640, 1820, 1820, 80, 260, 260, 210, 210, 0, 0, 160, 160, 500, 420, 500, 20, 20, 4620, 4620, 2190, 400, 400, 310, 310, 150, 110, 110, 11770, 850, 850, 170, 50, 50, 170, 330, 230, 190, 820, 190, 820, 230, 230, 440, 290, 290, 170, 300, 300, 190, 110, 110, 70, 70, 120, 120, 370, 260, 370, 260, 100, 60, 600, 70, 600, 30, 30, 70, 70, 60, 840, 840, 250, 250, 3230, 50, 370, 480, 370, 850, 520, 520, 900, 900, 180, 180, 860, 890, 650, 650, 800, 240, 240, 1130, 1130, 460, 460, 30, 70, 70, 5790, 470, 5790, 470, 110, 1130, 1130, 10, 1280, 220, 220, 1280, 100, 100, 40, 40, 0, 0, 950, 950, 50, 50, 6840, 50, 50]"
2020-10-25 15:05:00+00:00,454580,2,355.0,"[440, 690, 160, 690, 1080, 1080, 210, 40, 2400, 2400, 490, 490, 10, 60, 50, 20, 50, 20, 840, 40, 60, 40, 60, 40, 760, 760, 30, 1450, 1450, 160, 10, 160, 270, 530, 520, 5180, 5180, 1000, 1000, 200, 200, 180, 180, 930, 450, 450, 140, 70, 140, 270, 6110, 270, 6110, 450, 450, 2490, 2490, 2650, 2650, 1460, 970, 1460, 50, 50, 600, 600, 480, 240, 30, 30, 1800, 1800, 3040, 3040, 5300, 5300, 370, 860, 860, 60, 60, 0, 1710, 1710, 1570, 1570, 250, 250, 3660, 3660, 90, 90, 3960, 3090, 3040, 3040, 1710, 190, 1710, 1620, 1620, 320, 20, 20, 160, 14640, 14640, 70, 70, 2420, 730, 330, 330, 60, 60, 700, 700, 430, 430, 17880, 17880, 70, 220, 220, 70, 470, 160, 90, 160, 2030, 20, 20, 280, 280, 1840, 1840, 150, 310, 150, 10, 180, 180, 1370, 1370, 610, 1180, 2780, 610, 480, 190, 1280, 230, 230, 20, 280, 660, 17480, 560, 17480, 70, 70, 13220, 60, 210, 210, 280, 280, 1470, 80, 1470, 0, 0, 20, 20, 110, 110, 310, 80, 80, 270, 1480, 270, 1480, 80, 80, 90, 90, 60, 2090, 2090, 30, 60, 1720, 2500, 1130, 2500, 1130, 60, 60, 50, 50, 110, 110, 200, 200, 70, 70, 2150, 2900, 1650, 1650, 30, 30, 50, 50, 1010, 630, 630, 460, 460, 170, 170, 750, 750, 1800, 150, 1800, 80, 80, 26030, 1170, 2020, 2760, 1320, 1920, 680, 680, 20, 370, 20, 680, 680, 180, 180, 120, 300, 300, 200, 350, 200, 40, 330, 330, 320, 110, 110, 980, 50, 50, 980, 490, 230, 230, 490, 120, 390, 120, 1920, 280, 280, 140, 200, 20, 140, 100, 110, 2670, 2670, 110, 1020, 460, 460, 60, 300, 60, 5040, 1300, 1300, 270, 140, 140, 640, 640, 780, 780, 140, 60, 60, 240, 560, 560, 3010, 3010, 3980, 540, 540, 850, 850, 150, 1400, 1400, 150, 230, 230, 9060, 3010, 9060, 3010, 10, 560, 960, 310, 960, 560, 170, 170, 0, 130, 1800, 1800, 180, 180, 2880, 160, 0, 80, 1020, 1020, 70, 70, 430, 370, 430, 1700, 790, 1700, 50, 7700, 7700, 30, 30, 60, 60, 7250, 2530]"
2020-10-25 15:10:00+00:00,666560,5,374.0,"[380, 60, 120, 60, 120, 20, 820, 20, 450, 6560, 6560, 110, 790, 790, 20, 20, 6680, 6680, 680, 370, 840, 370, 840, 340, 340, 280, 70, 2740, 280, 2020, 2020, 1330, 1330, 100, 100, 1060, 1060, 4670, 3910, 1060, 370, 40, 40, 3550, 3550, 160, 160, 150, 260, 260, 13010, 10, 10, 0, 3270, 1060, 3270, 1110, 90, 1110, 480, 480, 350, 90, 350, 4270, 4270, 1440, 1730, 2740, 1730, 140, 150, 140, 150, 690, 80, 690, 5950, 8310, 5950, 170, 60, 200, 170, 60, 330, 330, 3120, 3120, 1550, 470, 50, 470, 690, 200, 200, 20, 20, 740, 360, 2170, 2440, 650, 920, 920, 90, 90, 330, 330, 520, 34080, 34080, 520, 680, 680, 210, 210, 140, 140, 200, 180, 320, 180, 320, 12500, 12500, 80, 40, 2740, 140, 80, 80, 50, 120, 120, 170, 170, 310, 10, 10, 850, 850, 590, 590, 260, 330, 260, 330, 2000, 2000, 580, 580, 30, 30, 190, 90, 90, 2670, 2670, 70, 710, 710, 20, 20, 290, 180, 80, 180, 280, 80, 280, 370, 370, 300, 300, 1750, 150, 150, 50, 560, 350, 350, 40, 40, 240, 1100, 1100, 910, 930, 40, 3070, 3070, 40, 30, 30, 20, 20, 200, 200, 220, 220, 110, 110, 140, 140, 240, 240, 110, 17190, 20, 110, 420, 420, 2570, 160, 160, 30, 30, 1580, 2670, 200, 200, 1750, 1420, 2670, 17190, 860, 860, 30, 30, 140, 480, 820, 480, 140, 160, 140, 400, 400, 140, 1060, 1060, 10, 340, 340, 3720, 3070, 400, 400, 3620, 3620, 480, 480, 10580, 10580, 10, 600, 600, 3310, 40, 2840, 170, 2840, 40, 1000, 1000, 210, 530, 210, 2140, 530, 2140, 490, 410, 4530, 410, 4530, 3720, 850, 3720, 60, 30, 60, 340, 350, 350, 120, 90, 90, 120, 3240, 3240, 60, 60, 30, 30, 420, 420, 410, 20, 20, 410, 60, 60, 80, 80, 8310, 5770, 360, 340, 340, 110, 110, 3040, 1570, 1570, 170, 70, 170, 100, 120, 620, 620, 630, 2160, 2160, 630, 240, 3250, 3250, 310, 320, 320, 220, 5020, 5020, 150, 220, 150, 920, 260, 260, 480, 480, 10, 10, 60, 60, 360, 6680, 360, 6680, 600, 30, 240, 240, 5710, 80, 10, 10, 430, 360, 360, 2840, 170, 450, 450, 0, 0, 20]"
2020-10-25 15:15:00+00:00,1096630,2,404.0,"[30, 30, 0, 1260, 860, 2270, 1380, 1380, 340, 340, 280, 70, 280, 220, 70, 220, 2270, 470, 20, 1750, 1750, 270, 270, 3510, 1090, 1090, 350, 350, 30, 30, 1270, 20, 20, 320, 140, 470, 50, 50, 470, 370, 370, 260, 150, 1350, 640, 640, 50, 50, 280, 280, 50, 50, 260, 260, 2050, 2050, 1070, 1070, 5440, 5440, 420, 420, 190, 150, 150, 160, 120, 160, 140, 140, 370, 1010, 1010, 170, 20, 20, 1570, 8280, 1570, 610, 610, 140, 140, 500, 4310, 500, 4310, 470, 560, 1530, 470, 1530, 4310, 520, 520, 140, 140, 110, 110, 20, 20, 20, 20, 1300, 1300, 0, 15430, 4230, 150, 240, 240, 150, 2740, 2740, 240, 240, 0, 0, 3980, 3980, 280, 280, 40, 600, 830, 600, 830, 350, 30, 30, 1580, 1580, 710, 710, 630, 630, 90, 2300, 630, 630, 3730, 3730, 900, 720, 20, 900, 110, 110, 220, 220, 1420, 60, 750, 750, 3370, 7830, 7830, 348370, 240, 490, 240, 348370, 380, 380, 130, 40, 40, 730, 13010, 13010, 220, 220, 2960, 40, 2960, 40, 10, 10, 270, 270, 30, 30, 2020, 210, 210, 9550, 2840, 360, 360, 130, 2390, 2130, 2390, 40, 400, 400, 40, 50, 50, 90, 90, 1370, 130, 1370, 130, 3810, 350, 350, 60, 120, 120, 10, 180, 180, 10, 60, 60, 530, 110, 260, 90, 260, 90, 670, 670, 1670, 60, 60, 880, 520, 520, 240, 570, 2220, 100, 100, 240, 120, 120, 50, 5130, 50, 50, 2470, 1420, 1420, 2470, 520, 1190, 520, 380, 380, 810, 810, 580, 130, 290, 1760, 1350, 1840, 400, 1350, 1840, 400, 200, 200, 560, 560, 60, 60, 10, 3470, 10, 300, 300, 560, 560, 40, 20, 40, 20, 190, 190, 60, 170, 170, 40, 170, 360, 170, 10, 10, 100, 100, 610, 610, 0, 0, 2470, 540, 540, 2470, 13010, 310, 310, 13010, 2300, 40, 40, 2300, 40, 450, 40, 230, 230, 230, 230, 60, 180, 180, 60, 390, 390, 70, 70, 260, 860, 860, 260, 870, 870, 320, 320, 1610, 80, 1610, 80, 3730, 3730, 90, 90, 6870, 10, 10, 80, 120, 990, 80, 990, 770, 770, 120, 990, 990, 260, 260, 200, 310, 200, 310, 660, 660, 130, 70, 130, 80, 80, 330, 330, 690, 690, 110, 10, 110, 480, 10, 480, 10, 180, 180, 1800, 50, 3080, 50, 3080, 680, 680, 520, 520, 500, 500, 220, 220, 10, 10, 1760, 13010, 13010, 430, 90, 430, 90, 160, 20]"
2020-10-25 15:20:00+00:00,803890,4,560.0,"[40, 40, 1000, 1000, 1010, 2850, 30, 30, 1010, 2850, 370, 370, 290, 290, 920, 470, 240, 470, 240, 920, 16650, 16650, 0, 0, 170, 170, 50, 80, 50, 80, 600, 3160, 600, 1590, 420, 420, 240, 200, 200, 350, 350, 0, 10, 10, 400, 400, 1120, 140, 140, 1120, 390, 390, 320, 30, 320, 280, 30, 0, 220, 0, 220, 270, 320, 840, 320, 840, 320, 320, 2740, 2740, 680, 960, 200, 200, 150, 290, 160, 260, 290, 1500, 260, 1500, 200, 60, 1590, 60, 1130, 1130, 20, 20, 1480, 1480, 10, 390, 390, 10, 200, 200, 2200, 110, 1100, 1100, 110, 740, 740, 190, 20, 20, 190, 3070, 3070, 550, 1360, 550, 90, 90, 370, 320, 60, 320, 90, 90, 240, 440, 70, 70, 240, 230, 230, 160, 260, 160, 260, 180, 220, 20, 90, 20, 220, 90, 740, 1990, 740, 1990, 60, 60, 790, 1210, 790, 240, 1460, 1460, 160, 80, 80, 160, 290, 290, 40960, 4760, 120, 2600, 120, 2600, 20, 20, 190, 0, 0, 670, 14100, 90, 90, 10, 10, 120, 210, 120, 210, 280, 280, 220, 220, 0, 0, 330, 200, 330, 820, 160, 160, 40, 60, 40, 2290, 650, 650, 20, 20, 50, 50, 2990, 450, 2390, 40960, 2390, 39080, 120, 40, 450, 40, 2990, 12220, 50, 12220, 2280, 50, 20, 620, 100, 80, 620, 100, 20, 80, 3240, 3240, 290, 1210, 100, 340, 100, 1210, 270, 750, 4760, 170, 270, 160, 610, 160, 610, 60, 60, 250, 250, 300, 1210, 1210, 240, 240, 10, 10, 70, 740, 400, 180, 90, 90, 420, 420, 1830, 1830, 920, 330, 920, 760, 10, 1670, 760, 360, 420, 910, 360, 910, 1780, 1780, 30, 480, 1180, 480, 30, 450, 450, 2420, 1170, 2420, 1170, 50, 50, 290, 10, 10, 270, 140, 270, 760, 760, 520, 520, 670, 740, 7280, 670, 7280, 740, 2280, 2280, 50, 340, 340, 5240, 1050, 1050, 680, 680, 90, 90, 20, 170, 170, 20, 130, 490, 360, 490, 360, 130, 30, 30, 410, 250, 880, 50, 2120, 270, 90, 270, 90, 290, 290, 320, 210, 320, 210, 1080, 490, 0, 10450, 0, 10450, 420, 420, 40, 40, 40, 40, 41640, 41640, 10, 10, 800, 390, 800, 390, 820, 690, 690, 520, 520, 20, 110, 110, 20, 310, 310, 1510, 1510, 590, 1530, 30, 590, 1530, 300, 300, 40, 40, 240, 240, 10, 10, 40, 40, 630, 630, 600, 600, 570, 670, 570, 670, 10, 10, 20, 20, 130, 740, 130, 740, 1800, 170, 170, 620, 620, 70, 70, 3620, 380, 380, 3620, 620, 620, 60510, 60510, 180, 180, 480, 480, 2810, 360, 360, 2810, 3430, 280, 280, 3430, 80, 80, 1120, 3040, 1120, 2460, 660, 80, 80, 360, 50, 39080, 360, 50, 40, 40, 80, 80, 100, 210, 830, 160, 830, 160, 1000, 30, 30, 160, 160, 570, 570, 6570, 5080, 1760, 5080, 1760, 100, 160, 160, 100, 480, 60, 60, 1830, 80, 800, 360, 80, 800, 360, 40, 40, 1080, 960, 960, 1080, 240, 510, 1020, 50, 50, 240, 510, 1020, 870, 870, 100, 100, 750, 750, 4120, 60, 430, 430, 4120, 60, 60, 60, 1770, 60, 1770, 60, 40, 60, 60, 220, 220, 40, 1130, 1350, 1130, 1350, 50, 50, 20, 20, 420, 420, 0, 0, 260, 1080, 380, 1080, 260, 440, 150, 20, 390, 150, 440, 20, 60, 60, 200, 200, 110, 110, 1030, 1030, 60, 60, 1670, 1670]"
2020-10-25 15:25:00+00:00,859520,2,506.0,"[20, 1760, 1760, 20, 3040, 140, 140, 480, 600, 90, 180, 480, 90, 10, 600, 10, 650, 650, 1320, 1320, 420, 420, 40, 130, 130, 370, 370, 830, 830, 110, 560, 110, 560, 330, 90, 90, 520, 10, 10, 520, 640, 640, 330, 330, 200, 110, 110, 8050, 8050, 30100, 30100, 70, 70, 90, 200, 130, 640, 130, 200, 90, 60, 60, 360, 360, 310, 310, 2310, 2310, 60, 60, 1260, 110, 900, 900, 40, 110, 40, 1560, 1560, 1240, 200, 42700, 42700, 200, 70, 120, 120, 1540, 1540, 130, 390, 90, 90, 390, 590, 590, 220, 1080, 220, 1080, 570, 11440, 5820, 10, 120, 120, 90, 1220, 1220, 5820, 770, 2070, 20, 2070, 20, 0, 0, 470, 3150, 50, 3150, 50, 470, 270, 270, 1540, 1540, 480, 190, 40, 190, 40, 6960, 150, 150, 440, 440, 880, 500, 880, 500, 200, 420, 200, 420, 70, 70, 290, 290, 5580, 5580, 270, 270, 1350, 1350, 140, 140, 290, 290, 640, 20, 3410, 20, 2200, 2200, 2450, 2450, 90, 500, 370, 590, 2160, 170, 450, 2160, 450, 590, 170, 1890, 1540, 1540, 2730, 2730, 2200, 2200, 20, 20, 1640, 160, 160, 0, 120, 1800, 350, 1800, 120, 230, 350, 120, 230, 60, 760, 60, 760, 120, 120, 0, 90, 0, 500, 500, 120, 120, 70, 150, 1210, 70, 1210, 150, 200, 10, 200, 510, 2280, 2280, 370, 370, 730, 730, 50, 250, 340, 250, 11450, 600, 600, 1710, 8330, 10, 10, 60, 60, 60, 190, 190, 70, 70, 150, 8330, 110, 110, 600, 640, 600, 340, 340, 360, 140, 360, 180, 140, 180, 340, 340, 30, 30, 560, 560, 30, 640, 470, 640, 470, 1620, 600, 1620, 230, 10, 10, 230, 110, 110, 110, 110, 360, 1420, 30, 90, 50, 30, 90, 30, 70, 70, 80, 80, 470, 460, 460, 610, 610, 0, 4650, 170, 4650, 0, 1210, 500, 280, 500, 1210, 280, 7850, 760, 7850, 760, 400, 400, 460, 460, 270, 1910, 1910, 240, 120, 240, 450, 450, 20, 20, 800, 740, 800, 440, 440, 0, 0, 10, 10, 630, 630, 60, 60, 11530, 11530, 290, 290, 960, 960, 170, 170, 120, 190, 120, 190, 20, 20, 50, 50, 120, 20, 120, 0, 0, 880, 880, 11530, 40, 40, 11530, 270, 80, 270, 80, 0, 550, 190, 190, 350, 1830, 350, 1280, 1280, 5350, 350, 350, 3040, 10, 90, 960, 90, 960, 3040, 10, 1430, 1430, 110, 110, 280, 280, 1060, 6960, 1060, 100, 100, 80, 90, 80, 120, 120, 1230, 70, 370, 1230, 0, 370, 140, 140, 27700, 27700, 10, 10, 490, 230, 490, 230, 10, 10, 1180, 44840, 1180, 44840, 60, 60, 200, 200, 80, 550, 80, 550, 0, 130, 300, 300, 130, 1420, 120, 120, 150, 10, 10, 530, 930, 930, 200, 200, 640, 240, 240, 280, 280, 2230, 50, 2230, 50, 70, 70, 160, 160, 60, 60, 320, 50, 320, 50, 2720, 2720, 510, 510, 880, 880, 360, 10380, 10380, 360, 1400, 80, 1760, 80, 1760, 100, 100, 5020, 2180, 130, 2180, 140, 140, 0, 10, 10, 13330, 13330, 620]"
2020-10-25 15:30:00+00:00,647420,0,441.0,"[590, 100, 820, 820, 100, 590, 1700, 1700, 0, 660, 110, 660, 110, 0, 40, 310, 0, 310, 40, 4640, 4640, 160, 20, 160, 20, 360, 1160, 110, 810, 810, 110, 4210, 0, 4210, 0, 280, 280, 250, 250, 460, 770, 460, 770, 300, 80, 300, 3300, 0, 90, 130, 0, 3300, 90, 10, 13120, 10, 690, 690, 13120, 30, 30, 1150, 20, 1150, 20, 300, 300, 4640, 280, 280, 340, 340, 770, 1200, 770, 1200, 0, 10, 10, 130, 460, 1950, 1950, 460, 460, 460, 40, 40, 870, 870, 10, 10, 40, 40, 340, 240, 340, 640, 240, 640, 540, 160, 540, 20, 20, 120, 20, 120, 20, 1740, 180, 40, 40, 180, 530, 530, 50, 0, 0, 50, 940, 940, 760, 240, 4150, 4150, 240, 270, 270, 140, 140, 60, 8350, 8350, 60, 40, 710, 40, 710, 300, 300, 110, 110, 530, 530, 220, 280, 280, 140, 140, 20, 20, 560, 0, 0, 560, 100, 12530, 3780, 3780, 200, 200, 160, 130, 130, 114500, 114500, 2230, 2230, 640, 640, 80, 80, 260, 260, 180, 180, 300, 10, 10, 370, 370, 720, 1420, 360, 720, 1420, 360, 20, 20, 3790, 3790, 20, 7970, 20, 920, 920, 20, 1720, 1720, 2840, 2840, 70, 70, 70, 300, 300, 30, 30, 420, 420, 290, 810, 580, 810, 90, 3080, 30, 30, 15470, 670, 670, 10, 10, 80, 80, 240, 310, 240, 160, 80, 680, 80, 1010, 680, 1010, 30, 30, 2060, 1770, 1770, 260, 260, 4250, 4250, 410, 4760, 4760, 360, 360, 80, 80, 80, 80, 90, 90, 110, 930, 110, 930, 280, 280, 2140, 2140, 0, 230, 0, 370, 370, 220, 220, 170, 170, 20, 20, 680, 350, 680, 350, 0, 0, 1380, 1380, 930, 930, 20, 160, 20, 80, 240, 20, 20, 580, 480, 480, 8550, 8550, 160, 160, 380, 380, 1210, 1210, 90, 300, 300, 90, 90, 170, 170, 60, 60, 70, 120, 120, 70, 30, 110, 1030, 1030, 2280, 2280, 670, 670, 50, 520, 520, 500, 500, 670, 8240, 8240, 290, 120, 290, 120, 20, 220, 180, 220, 180, 20, 470, 470, 750, 750, 960, 960, 50, 30, 50, 30, 80, 6960, 6960, 540, 20, 20, 260, 260, 120, 500, 390, 1110, 210, 1110, 640, 60, 60, 220, 220, 50, 50, 470, 3010, 20, 470, 20, 130, 130, 900, 30, 0, 60, 10, 10, 390, 390, 240, 240, 130, 130, 420, 850, 360, 850, 360, 2620, 2620, 190, 190, 8500, 8500, 2350, 1560, 0, 0, 900, 900, 30, 290, 40, 720, 290, 40, 720, 270, 270, 950, 950, 280, 280, 13530, 13530, 660, 660, 740, 740, 60, 350, 350, 70, 40, 400, 280, 280, 1390, 40, 400, 1000, 1000]"
2020-10-25 15:35:00+00:00,1322180,6,406.0,"[230, 230, 300, 140, 140, 150, 280, 150, 280, 310, 30, 310, 30, 2550, 20, 20, 24100, 60, 60, 24100, 350, 350, 260, 1710, 1710, 540, 540, 20, 20, 140, 140, 50, 50, 1170, 370, 1170, 370, 610, 610, 130, 130, 40, 90, 10110, 10110, 90, 40, 1160, 10, 10, 870, 870, 160, 160, 90, 90, 600, 600, 20, 20, 50, 420, 50, 420, 6460, 6460, 270, 270, 1110, 1110, 790, 560, 560, 40, 40, 260, 260, 4600, 100, 20, 20, 4600, 100, 20, 170, 170, 20, 590, 590, 680, 680, 430, 140, 20, 1230, 20, 140, 750, 750, 190, 190, 1050, 1050, 280, 1560, 1560, 40, 40, 880, 24480, 24480, 320, 320, 20, 20, 220, 220, 90, 90, 1020, 1020, 20, 860, 860, 20, 20, 370, 370, 10, 60, 60, 400, 150, 1570, 2140, 660, 660, 510, 510, 300, 330, 300, 330, 400, 400, 60, 60, 1070, 1070, 1920, 380, 380, 1920, 14160, 14160, 580, 150, 150, 230, 60, 60, 300, 0, 0, 0, 240, 240, 240, 10, 10, 810, 810, 100, 1640, 1640, 100, 80, 350, 80, 350, 80, 80, 120, 120, 3100, 3100, 720, 150, 720, 150, 340, 140, 2520, 280, 80, 80, 2890, 2890, 1330, 280, 180, 200, 180, 200, 140, 140, 160, 20, 830, 160, 20, 110, 370, 370, 110, 150, 150, 1410, 1410, 90, 90, 60, 60, 0, 0, 80, 80, 1920, 1920, 580, 580, 0, 10, 10, 440, 440, 2560, 250, 0, 250, 0, 900, 40, 280, 40, 280, 30, 30, 800, 800, 190, 190, 290, 290, 270, 270, 530, 4560, 4560, 150, 220, 390, 390, 30, 140, 140, 30, 1060, 1060, 1330, 390, 390, 100, 100, 0, 1820, 1820, 450, 1560, 450, 1560, 650, 450, 450, 140, 140, 2360, 210, 210, 1330, 310, 150, 310, 150, 320, 320, 430, 430, 580, 580, 420, 420, 1960, 1960, 150, 150, 2370, 2370, 5950, 680, 680, 200, 200, 970, 2250, 410, 410, 1520, 8510, 8510, 2630, 2630, 820, 0, 7400, 210, 210, 290, 70, 290, 70, 1030, 70, 70, 161220, 161220, 920, 920, 190, 190, 80, 80, 180, 200, 180, 200, 350, 350, 460, 460, 160, 550, 550, 40, 40, 530, 210, 530, 210, 40, 30, 40, 30, 530, 530, 700, 150, 700, 150, 790, 410, 790, 20, 120, 20, 120, 620, 620, 50, 3920, 50, 3920, 520, 520, 220, 3120, 60, 3120, 60, 310, 310, 240, 240, 60, 280, 60, 280, 170, 170, 260, 800, 800]"
2020-10-25 15:40:00+00:00,616820,0,451.0,"[140, 140, 870, 870, 80, 80, 110, 110, 280, 280, 60, 60, 20, 20, 680, 30, 40, 40, 40, 40, 1150, 1150, 190, 190, 410, 410, 1380, 10, 10, 1150, 1580, 1580, 500, 1220, 500, 1220, 40, 590, 670, 590, 40, 0, 3290, 3290, 60, 60, 540, 540, 30, 30, 280, 270, 190, 190, 310, 310, 720, 100, 720, 12350, 260, 12350, 260, 1820, 1820, 1170, 1170, 500, 500, 640, 640, 850, 850, 630, 630, 60, 60, 220, 290, 220, 290, 10, 10, 30, 30, 2200, 70, 70, 2200, 170, 170, 1690, 390, 390, 180, 180, 980, 800, 400, 800, 400, 160, 160, 160, 160, 560, 680, 560, 1050, 1050, 1320, 290, 290, 1320, 290, 290, 310, 10, 10, 160, 280, 280, 4310, 400, 400, 230, 230, 1150, 100, 140, 140, 18560, 18560, 70, 70, 70, 100, 100, 180, 80, 180, 370, 370, 640, 640, 450, 450, 30, 170, 170, 1310, 1310, 280, 280, 60, 420, 420, 620, 50, 50, 710, 710, 70, 70, 600, 600, 170, 170, 15150, 110, 110, 80, 80, 10, 2630, 340, 340, 590, 210, 210, 1710, 1990, 0, 1990, 0, 480, 480, 830, 830, 340, 1590, 460, 1080, 1080, 540, 1540, 60, 80, 60, 80, 1360, 1360, 120, 40, 1580, 20, 110, 110, 150, 20, 110, 110, 60, 60, 250, 250, 40, 40, 1160, 4830, 940, 70, 70, 120, 530, 460, 460, 530, 120, 30, 0, 3060, 450, 30, 340, 3060, 0, 1840, 1840, 4430, 4430, 4830, 240, 240, 260, 260, 260, 260, 860, 70, 70, 860, 10, 10, 450, 16310, 16310, 2880, 260, 2880, 390, 460, 460, 150, 150, 60, 850, 850, 340, 8410, 8410, 340, 330, 330, 3000, 3000, 2760, 60, 60, 450, 450, 2710, 2710, 120, 390, 170, 390, 120, 170, 30, 30, 12230, 110, 110, 980, 170, 170, 980, 310, 310, 80, 1020, 80, 1610, 1610, 80, 80, 1050, 90, 4190, 90, 4190, 1490, 870, 170, 170, 50, 770, 50, 770, 3760, 3760, 50, 50, 10, 1800, 3240, 3240, 5730, 650, 1030, 1030, 1910, 1910, 420, 580, 580, 980, 980, 360, 360, 200, 3890, 3890, 260, 260, 190, 520, 890, 190, 890, 2040, 2040, 290, 660, 290, 660, 1430, 1430, 80, 80, 20, 20, 1070, 140, 1120, 1120, 190, 190, 190, 190, 460, 460, 170, 1840, 1690, 1690, 490, 280, 240, 70, 870, 870, 770, 140, 770, 140, 960, 2770, 30340, 240, 30340, 240, 1490, 2130, 420, 120, 420, 2130, 80, 0, 170, 170, 0, 140, 360, 60, 60, 120, 260, 120, 280, 280, 60, 60, 60, 30, 60, 30, 420, 200, 420, 200, 2110, 2110, 270, 10, 150, 1820, 10, 150, 500, 100, 90, 90, 100, 4830, 170, 3930, 490, 0, 0, 490, 30, 3380, 3380, 560, 320, 320]"
2020-10-25 15:45:00+00:00,633810,3,455.0,"[120, 120, 290, 290, 80, 80, 1530, 20, 20, 400, 400, 1990, 1990, 1430, 50, 50, 260, 110, 260, 50, 10, 660, 50, 10, 660, 240, 240, 1520, 1520, 1920, 1920, 160, 720, 40, 1290, 160, 720, 40, 120, 120, 800, 230, 230, 800, 30, 70, 70, 1160, 20, 20, 1160, 250, 120, 250, 120, 570, 570, 80, 440, 440, 80, 50, 50, 640, 3540, 230, 230, 150, 150, 2670, 2670, 390, 390, 520, 520, 50, 50, 270, 270, 130, 740, 740, 30, 7460, 2580, 2580, 7460, 680, 120, 680, 120, 200, 200, 220, 220, 2760, 50, 50, 210, 430, 440, 430, 930, 930, 980, 530, 980, 530, 2580, 2580, 70, 4920, 4920, 70, 40, 1500, 1270, 1270, 680, 250, 440, 250, 680, 440, 140, 140, 190, 1510, 870, 870, 1510, 890, 890, 120, 120, 200, 800, 800, 200, 1130, 80, 80, 540, 1360, 540, 1400, 1400, 220, 220, 420, 420, 200, 350, 10, 350, 10, 80, 30, 400, 80, 30, 400, 160, 160, 430, 430, 40, 40, 200, 200, 240, 240, 50, 50, 780, 780, 130, 130, 410, 410, 40, 40, 1080, 520, 520, 1080, 6300, 6300, 540, 520, 500, 540, 520, 190, 500, 190, 200, 230, 200, 1820, 1820, 130, 1320, 130, 1320, 40, 40, 990, 20, 580, 580, 990, 320, 320, 1660, 2260, 1660, 170, 170, 290, 290, 50, 220, 50, 1600, 1600, 1090, 1090, 240, 640, 240, 100, 100, 140, 80, 390, 390, 140, 80, 90, 90, 3950, 3950, 40, 40, 100, 0, 100, 10, 390, 390, 10, 4110, 210, 210, 1820, 1820, 300, 200, 300, 650, 650, 1740, 1740, 880, 880, 190, 190, 170, 170, 540, 540, 1150, 1150, 20, 20, 310, 4150, 4150, 1870, 23650, 1870, 620, 620, 5960, 3190, 7560, 7560, 160, 160, 110, 110, 3720, 250, 250, 30, 40, 30, 980, 60, 410, 410, 60, 60, 60, 170, 170, 330, 200, 200, 10, 10, 330, 960, 960, 690, 690, 40, 40, 160, 160, 200, 200, 440, 440, 50, 70, 50, 70, 590, 2110, 440, 2110, 590, 440, 30, 30, 280, 280, 90, 90, 2050, 2050, 340, 340, 110, 1220, 60, 60, 200, 200, 14840, 14840, 160, 160, 150, 440, 150, 440, 2620, 2620, 1340, 190, 190, 90, 100, 100, 140, 4120, 4120, 290, 140, 150, 150, 1220, 1220, 40, 40, 180, 180, 630, 1040, 20, 20, 10, 1010, 190, 1010, 190, 1580, 1580, 100, 100, 80, 80, 25770, 25770, 70, 70, 2750, 2750, 1840, 1840, 350, 3070, 3070, 20, 1220, 1220, 200, 70, 70, 0, 360, 360, 1010, 0, 770, 1740, 770, 50, 280, 280, 40, 40, 390, 81260, 540, 81260, 100, 100, 330, 330, 160, 160, 20, 140, 20, 140, 220, 220, 340, 340, 750, 1440, 750, 1440, 130, 3070, 120, 3070, 120, 180, 180]"
2020-10-25 15:50:00+00:00,726110,0,440.0,"[120, 720, 720, 120, 20, 20, 120, 200, 120, 10, 10, 260, 260, 3470, 3470, 25770, 25770, 7420, 7420, 260, 2760, 2760, 150, 150, 260, 120, 0, 540, 0, 540, 1620, 1740, 1620, 910, 910, 1530, 150, 80, 80, 410, 100, 690, 680, 5680, 5680, 680, 690, 20, 290, 100, 100, 290, 40, 40, 540, 670, 3320, 670, 110, 110, 390, 390, 1000, 1000, 250, 250, 420, 420, 40, 330, 330, 200, 200, 760, 760, 5960, 5960, 860, 160, 1110, 160, 1940, 110, 110, 1690, 2780, 2780, 340, 40, 340, 10, 370, 10, 20, 420, 240, 240, 420, 20, 30, 820, 30, 820, 560, 560, 160, 160, 80, 10, 10, 1160, 8420, 120, 8420, 120, 10, 10, 290, 290, 770, 770, 960, 960, 1440, 570, 50, 50, 850, 850, 480, 480, 10, 10, 410, 410, 670, 670, 180, 180, 130, 50, 130, 50, 3050, 110, 110, 3050, 1780, 260, 260, 170, 170, 100, 5560, 150, 150, 560, 1850, 560, 1220, 6010, 130, 6010, 1340, 4020, 4020, 1340, 920, 390, 920, 160, 160, 60, 630, 160, 160, 630, 170, 170, 11650, 11650, 2260, 2560, 2560, 510, 920, 920, 560, 1260, 200, 1260, 260, 260, 340, 340, 360, 360, 790, 170, 790, 40, 3100, 100, 3100, 40, 400, 400, 1280, 1280, 500, 20, 20, 20, 440, 20, 440, 40, 210, 210, 1060, 310, 310, 240, 240, 120, 120, 370, 370, 580, 370, 370, 580, 260, 10, 10, 1050, 2070, 80, 80, 2010, 1840, 2010, 1840, 90, 60, 60, 370, 40, 370, 40, 860, 20, 620, 20, 620, 860, 260, 260, 1400, 1400, 130, 130, 0, 0, 90, 10210, 10210, 1650, 1650, 310, 310, 480, 290, 290, 420, 300, 300, 420, 50, 50, 290, 290, 160, 160, 320, 320, 3320, 3320, 900, 12280, 170, 12280, 170, 270, 210, 210, 270, 470, 20, 20, 710, 300, 300, 20, 710, 20, 330, 330, 970, 10, 10, 970, 3450, 0, 520, 520, 3450, 0, 550, 550, 1290, 1290, 60, 60, 230, 230, 30, 30, 190, 190, 1590, 420, 330, 330, 0, 0, 980, 760, 210, 70, 760, 210, 10, 10, 12920, 12920, 920, 920, 280, 1140, 280, 210, 150, 210, 150, 340, 270, 3090, 340, 1290, 1290, 13010, 150, 150, 160, 160, 1780, 3410, 1780, 3410, 1060, 1060, 200, 200, 340, 520, 340, 1320, 1320, 1100, 80, 70, 40, 60, 60, 70, 250, 250, 1350, 6010, 60, 60, 100, 100, 520, 10, 10, 1320, 10, 10, 1320, 50, 50, 150, 160, 150, 160, 2760, 430, 430, 60, 60, 40, 40, 270, 1780, 870, 210, 290, 290, 210, 660, 660, 150, 1540, 150, 1540, 80, 80, 100, 100, 100, 5180, 10, 10, 70, 70, 3200, 3200]"
2020-10-25 15:55:00+00:00,1147390,2,349.0,"[20, 20, 240, 240, 1360, 1360, 520, 370, 10, 10, 370, 520, 220, 220, 170, 170, 300, 300, 300, 300, 60, 10, 10, 60, 1280, 170, 170, 10, 10, 3350, 590, 570, 570, 1280, 1280, 60, 60, 600, 600, 3420, 3420, 30, 60, 880, 150, 0, 130, 0, 1810, 230, 590, 590, 230, 80, 80, 1560, 1560, 200, 200, 40, 40, 1240, 1240, 770, 170, 200, 170, 200, 530, 530, 580, 580, 260, 80, 530, 820, 240, 1020, 240, 1020, 10, 10, 2300, 20, 20, 840, 840, 40, 40, 200, 0, 200, 530, 8720, 530, 8720, 310, 310, 840, 840, 90, 90, 400, 860, 860, 1790, 110, 1790, 110, 10, 10, 250, 1370, 2130, 250, 0, 450, 450, 30, 30, 940, 0, 250, 0, 250, 30, 30, 130, 130, 380, 380, 2920, 2920, 3060, 3060, 110, 110, 750, 250, 250, 750, 20, 260, 20, 260, 70, 70, 350, 10, 5350, 32540, 350, 10, 10, 10, 130, 580, 580, 50, 480, 0, 480, 40, 40, 340, 1420, 440, 440, 670, 670, 30, 30, 110, 110, 590, 590, 1970, 1970, 1190, 1190, 12490, 12490, 340, 370, 380, 110, 380, 110, 610, 400, 570, 400, 570, 0, 0, 140, 140, 90, 11890, 11890, 90, 170, 10, 170, 10, 20, 20, 540, 540, 180, 20, 20, 290, 290, 130, 130, 640, 640, 220, 220, 50, 50, 50, 850, 50, 120, 120, 2630, 220, 220, 110, 110, 1580, 1580, 460, 460, 360, 360, 110, 110, 22470, 110, 1140, 1140, 240, 90, 240, 90, 390, 390, 70, 70, 590, 417180, 840, 590, 417180, 2200, 2200, 60, 1550, 200, 680, 680, 200, 80, 840, 130, 130, 1090, 280, 280, 2620, 470, 470, 60, 60, 220, 10, 220, 10, 140, 140, 300, 300, 310, 310, 10, 10, 1400, 1400, 500, 500, 100, 90, 90, 160, 90, 90, 160, 60, 60, 160, 1810, 1810, 50, 340, 340, 22470, 1780, 1780, 340, 440, 400, 340, 440, 400, 110, 110, 10, 10, 210, 210, 360, 120, 360, 120, 1250, 1250, 630, 630, 60, 60, 570, 50, 1480, 1480, 50, 570, 0, 0, 40, 40, 1690, 1690, 70, 70, 20, 20]"
2020-10-25 16:00:00+00:00,401990,0,408.0,"[0, 510, 0, 510, 800, 10, 10, 330, 330, 200, 130, 430, 2420, 2420, 430, 200, 130, 640, 640, 210, 1650, 1650, 870, 210, 870, 320, 340, 90, 90, 1450, 910, 910, 1450, 30, 30, 440, 3980, 440, 3980, 1040, 1040, 3200, 650, 650, 3200, 80, 80, 30, 30, 22010, 130, 130, 1040, 1040, 430, 430, 250, 250, 90, 70, 90, 110, 880, 880, 500, 500, 2490, 1000, 1000, 8110, 8110, 580, 580, 10, 80, 380, 80, 1390, 1390, 270, 270, 1030, 1030, 1350, 130, 130, 140, 140, 180, 170, 180, 170, 40, 40, 1040, 1330, 1040, 3500, 140, 140, 1380, 1380, 1200, 990, 270, 270, 90, 90, 100, 100, 4860, 4860, 200, 200, 10, 360, 360, 300, 300, 630, 440, 750, 370, 440, 750, 630, 1590, 1880, 110, 110, 10, 1840, 60, 1840, 270, 60, 70, 70, 3910, 3910, 1040, 1040, 60, 340, 60, 560, 3490, 560, 3490, 110, 3440, 60, 60, 300, 60, 300, 260, 320, 30, 320, 70, 40, 40, 320, 120, 320, 120, 360, 540, 150, 300, 300, 540, 150, 140, 140, 10, 3160, 10, 10, 10, 11110, 30, 30, 80, 30, 80, 130, 130, 30, 30, 820, 240, 820, 240, 40, 320, 50, 320, 50, 450, 450, 510, 510, 1060, 1060, 60, 60, 110, 70, 70, 240, 240, 70, 70, 340, 340, 10, 10, 320, 6070, 50, 50, 320, 6070, 10, 10, 150, 80, 80, 230, 230, 10, 10, 140, 140, 510, 510, 160, 160, 480, 2730, 480, 2730, 480, 3460, 200, 200, 240, 240, 90, 90, 90, 90, 280, 280, 70, 0, 70, 0, 40, 40, 80, 30, 30, 1590, 1590, 1050, 1050, 10, 10, 200, 200, 160, 160, 20, 20, 830, 830, 1610, 1610, 70, 910, 10, 10, 50, 1150, 50, 1150, 1740, 1740, 50, 50, 410, 410, 140, 140, 22470, 22470, 880, 880, 250, 730, 730, 730, 60, 730, 60, 5810, 470, 470, 10230, 10230, 3360, 3360, 360, 360, 60, 60, 380, 30, 380, 30, 16540, 1010, 100, 100, 440, 170, 440, 170, 40, 300, 40, 370, 40, 100, 100, 890, 890, 150, 150, 0, 0, 260, 260, 40, 40, 200, 2210, 2210, 60, 460, 60, 3320, 3320, 60, 60, 1540, 1540, 110, 110, 340, 340, 40, 40, 190, 190, 220, 220, 100, 1450, 1450, 100, 60, 60, 430, 430, 3360, 3360, 100, 2360, 100, 2980, 2980, 430, 430, 570, 570, 60, 60, 180, 180, 220, 220, 1230, 1230, 1340, 20, 20, 440, 440, 15660, 330, 330, 10, 60, 60]"
2020-10-25 16:05:00+00:00,309780,0,358.0,"[190, 410, 190, 70, 70, 410, 710, 300, 20, 20, 80, 80, 770, 10, 500, 3360, 1330, 500, 10, 1330, 1640, 720, 720, 1640, 10, 10, 1050, 1050, 450, 450, 770, 340, 360, 3380, 360, 320, 320, 90, 70, 20, 20, 90, 60, 60, 2560, 960, 2560, 960, 910, 310, 310, 200, 200, 650, 690, 650, 690, 190, 960, 960, 120, 570, 570, 10, 20, 10, 1640, 20, 1640, 150, 150, 300, 300, 150, 150, 430, 430, 490, 490, 190, 190, 12770, 1760, 20, 20, 10, 60, 600, 600, 100, 100, 2090, 1750, 10, 10, 250, 150, 250, 150, 540, 80, 80, 1160, 1160, 400, 400, 290, 140, 140, 2670, 2670, 2090, 2090, 30, 30, 120, 120, 7940, 160, 160, 480, 480, 20, 310, 310, 180, 130, 30, 130, 30, 7250, 7250, 190, 190, 450, 450, 560, 560, 40, 40, 150, 150, 170, 50, 170, 650, 40, 180, 610, 7250, 7250, 220, 220, 50, 50, 160, 160, 40, 970, 40, 1440, 820, 1920, 10, 1920, 840, 840, 90, 520, 520, 50, 130, 130, 50, 1160, 790, 790, 570, 570, 300, 300, 360, 20, 360, 20, 930, 930, 1920, 1920, 380, 1090, 5640, 80, 80, 5640, 570, 440, 930, 930, 440, 450, 450, 840, 840, 10, 2050, 400, 180, 400, 180, 60, 30, 910, 30, 60, 280, 300, 110, 110, 640, 1640, 640, 160, 160, 180, 180, 50, 640, 31340, 1050, 80, 80, 40, 40, 320, 60, 60, 60, 60, 7990, 310, 7990, 970, 2460, 2460, 970, 2410, 2410, 400, 400, 70, 200, 70, 200, 60, 3320, 60, 320, 120, 320, 120, 210, 430, 210, 380, 380, 10, 240, 10, 240, 170, 140, 140, 170, 790, 790, 1810, 750, 750, 50, 50, 550, 70, 8040, 550, 550, 10100, 10100, 770, 40, 560, 40, 560, 680, 1620, 680, 1620, 480, 480, 750, 750, 1050, 1050, 270, 20, 240, 290, 10, 240, 290, 10, 420, 420, 330, 330, 0, 0, 310, 20, 20, 120, 120, 150, 150, 110, 110, 1120, 1120, 60, 20, 1250, 20, 60, 10, 10, 270, 270, 450, 4210, 450, 70, 70, 70, 70, 10, 10, 140, 140, 1050, 1050, 300, 300, 20, 20, 200, 870, 200, 870]"
2020-10-25 16:10:00+00:00,440660,6,409.0,"[70, 0, 70, 30, 8570, 8570, 30, 340, 340, 3590, 3590, 50, 50, 60, 90, 60, 20, 20, 7790, 7790, 340, 150, 730, 150, 730, 140, 340, 2260, 2260, 420, 420, 2770, 120, 120, 2770, 20, 20, 50, 50, 3580, 740, 3580, 60, 60, 360, 2500, 360, 2500, 80, 420, 80, 70, 200, 200, 70, 80, 80, 190, 660, 660, 70, 70, 260, 260, 20, 20, 160, 590, 280, 160, 280, 590, 140, 140, 1570, 210, 210, 20, 100, 100, 1870, 20, 1870, 16540, 16540, 690, 220, 220, 150, 150, 230, 850, 190, 80, 80, 1270, 3430, 3430, 1270, 10, 10, 70, 2270, 2510, 2270, 100, 100, 1810, 2420, 2420, 1550, 1110, 160, 120, 160, 120, 200, 680, 200, 590, 1410, 590, 130, 130, 870, 330, 220, 220, 20, 210, 210, 320, 870, 870, 10, 30, 430, 430, 3410, 300, 60, 60, 970, 5220, 170, 170, 540, 540, 120, 120, 650, 650, 340, 20, 1260, 20, 1260, 80, 220, 220, 250, 250, 40, 40, 130, 130, 2020, 2020, 450, 870, 870, 200, 200, 200, 200, 120, 120, 1550, 1550, 0, 10, 0, 10, 3490, 3490, 1330, 1330, 140, 140, 1600, 180, 1720, 180, 1720, 2110, 2110, 7300, 270, 270, 430, 440, 440, 1600, 80, 60, 100, 80, 60, 100, 1560, 1560, 70, 70, 0, 490, 0, 490, 170, 3850, 40, 40, 1340, 1340, 2200, 40, 40, 10, 90, 10, 1130, 1370, 1130, 10960, 10960, 100, 100, 100, 100, 280, 280, 0, 0, 50, 50, 8980, 30, 930, 930, 30, 240, 240, 30, 30, 460, 460, 40, 40, 60, 60, 9910, 800, 800, 910, 910, 930, 930, 260, 260, 430, 430, 170, 60, 170, 60, 50, 50, 40, 40, 30, 30, 160, 160, 2270, 2270, 210, 10, 10, 120, 10, 770, 770, 40, 40, 260, 260, 300, 300, 40, 40, 760, 760, 130, 130, 1160, 1160, 20, 20, 3210, 3210, 3310, 3310, 270, 270, 20, 150, 50, 150, 1260, 200, 200, 450, 230, 230, 450, 60, 60, 260, 1410, 1410, 90, 90, 150, 340, 30, 30, 30, 30, 310, 310, 1770, 1770, 0, 5020, 5020, 140, 140, 2020, 550, 200, 200, 460, 170, 170, 460, 290, 290, 20, 20, 150, 150, 230, 230, 60, 290, 3970, 2160, 2160, 3970, 10020, 10020, 50, 23130, 50, 23130, 70, 70, 1380, 1380, 0, 0, 110, 110, 20, 20, 80, 80, 4080, 260, 260, 390, 390, 40, 10, 860, 10, 860, 40, 10, 10, 160, 60, 1220, 60, 1220, 160, 1190, 1190]"
2020-10-25 16:15:00+00:00,269410,2,331.0,"[40, 40, 40, 860, 860, 180, 180, 1130, 2840, 1130, 2840, 400, 110, 110, 510, 510, 390, 390, 30, 30, 840, 340, 340, 630, 630, 100, 100, 1260, 1250, 1260, 1250, 1120, 1120, 140, 40, 40, 140, 480, 480, 270, 70, 0, 270, 70, 820, 150, 820, 150, 1170, 1170, 50, 50, 190, 190, 50, 50, 80, 220, 220, 220, 220, 40, 40, 660, 3620, 780, 780, 5020, 5020, 100, 20, 480, 480, 20, 200, 40, 40, 200, 40, 40, 50, 50, 660, 60, 60, 1440, 1440, 460, 460, 70, 70, 40, 40, 250, 20, 160, 160, 550, 550, 290, 290, 220, 90, 90, 880, 40, 40, 40, 40, 670, 670, 880, 880, 560, 560, 150, 300, 560, 560, 150, 300, 60, 60, 10, 1250, 1250, 1080, 1080, 420, 420, 310, 70, 310, 5100, 5100, 50, 50, 50, 50, 50, 250, 250, 5100, 5100, 6840, 6840, 40, 40, 760, 40, 40, 230, 230, 30, 40, 40, 550, 550, 190, 190, 760, 90, 90, 760, 180, 180, 360, 360, 1100, 7840, 190, 190, 560, 560, 310, 310, 310, 70, 70, 1390, 1390, 10, 10, 430, 10470, 10470, 140, 140, 120, 120, 250, 250, 960, 640, 2350, 780, 50, 50, 780, 270, 50, 50, 1500, 200, 1260, 200, 270, 270, 390, 390, 320, 100, 450, 2350, 760, 350, 350, 180, 180, 1660, 1700, 450, 450, 280, 280, 60, 60, 180, 180, 0, 0, 10, 7250, 7250, 920, 920, 480, 100, 100, 670, 670, 130, 130, 1550, 1550, 160, 160, 110, 110, 310, 310, 310, 310, 130, 130, 20, 360, 360, 5490, 5490, 1660, 1170, 1170, 560, 560, 70, 80, 740, 810, 490, 490, 1660, 1660, 50, 550, 80, 540, 540, 80, 20, 20, 340, 30, 40, 60, 770, 40, 30, 40, 270, 270, 770, 50, 70, 260, 260, 260, 260, 3220, 3220, 1000, 1000, 220, 140, 440, 440, 220, 140, 370, 3150, 530, 530, 530, 530, 1640, 210, 1060, 210, 1640, 1060, 380, 380, 12620, 12620, 80, 70, 1350, 70, 80, 200, 200]"
2020-10-25 16:20:00+00:00,349930,2,325.0,"[300, 300, 760, 1400, 1400, 760, 350, 350, 80, 20, 80, 20, 1300, 1300, 300, 110, 110, 300, 120, 120, 260, 260, 1490, 70, 120, 70, 120, 960, 960, 200, 200, 2620, 540, 80, 80, 1600, 1600, 160, 160, 1660, 1660, 4080, 4080, 1240, 1240, 0, 0, 40, 40, 740, 740, 480, 580, 580, 960, 960, 320, 320, 160, 720, 160, 3500, 3500, 260, 290, 920, 920, 290, 1120, 1120, 70, 70, 60, 60, 4970, 4970, 120, 300, 300, 190, 40, 40, 190, 160, 160, 80, 350, 36680, 350, 80, 10, 270, 200, 270, 200, 1730, 370, 370, 1730, 230, 230, 160, 250, 250, 20, 20, 400, 400, 2480, 90, 290, 2300, 90, 290, 580, 580, 290, 90, 290, 320, 320, 4420, 600, 650, 90, 600, 650, 0, 0, 10, 10, 50, 50, 600, 10, 600, 10, 340, 60, 60, 560, 560, 130, 130, 460, 460, 210, 210, 2490, 2490, 170, 170, 220, 220, 780, 780, 190, 190, 230, 230, 7360, 7360, 1120, 1120, 3590, 3590, 1060, 1060, 100, 70, 70, 50, 50, 1450, 260, 1450, 260, 10400, 10400, 180, 40, 180, 100, 100, 190, 190, 780, 130, 130, 230, 1610, 3080, 1610, 1690, 3080, 230, 1690, 1380, 1380, 520, 520, 1440, 50, 230, 210, 230, 210, 210, 60, 60, 1380, 1380, 220, 220, 630, 200, 200, 20, 80, 80, 270, 270, 1200, 1200, 60, 1780, 60, 50, 50, 1000, 1000, 500, 1610, 260, 1610, 500, 260, 30, 30, 4550, 4550, 2750, 30, 30, 220, 1660, 1440, 740, 740, 120, 120, 20, 0, 380, 380, 0, 0, 300, 300, 1620, 1620, 110, 80, 80, 160, 160, 920, 920, 630, 630, 20, 20, 3880, 230, 230, 3880, 130, 20, 340, 340, 430, 430, 220, 220, 1850, 130, 260, 260, 510, 510, 90, 90, 2680, 2680, 470, 470, 0, 0, 180, 180, 380, 150, 140, 70, 140, 70, 1030, 90, 1030, 90, 1640, 1640, 40, 120, 740, 280, 740, 120, 280, 1720, 1720, 330, 330]"
2020-10-25 16:25:00+00:00,469930,2,308.0,"[40, 40, 340, 230, 380, 1210, 730, 200, 200, 120, 120, 150, 150, 360, 260, 720, 720, 1440, 260, 360, 140, 1340, 1340, 140, 30, 240, 90, 40, 4850, 4850, 80, 3030, 3030, 80, 710, 710, 480, 10, 480, 90, 0, 0, 240, 1660, 1660, 380, 240, 240, 17310, 17310, 990, 990, 30, 30, 240, 240, 30, 12700, 30, 7500, 270, 950, 950, 270, 4270, 4270, 600, 280, 660, 280, 600, 170, 170, 40, 40, 1900, 1900, 460, 460, 380, 380, 370, 370, 420, 1660, 1660, 150, 600, 600, 20, 20, 80, 290, 290, 190, 4210, 190, 4210, 14160, 60, 240, 160, 240, 470, 10, 10, 70, 4270, 4270, 420, 420, 1620, 540, 410, 410, 540, 180, 180, 490, 490, 390, 390, 830, 10, 10, 150, 150, 1660, 420, 420, 1660, 300, 290, 300, 290, 200, 200, 980, 980, 20, 20, 1440, 50, 1220, 16490, 50, 16490, 1220, 1440, 20, 4610, 20, 50, 50, 300, 190, 30, 190, 190, 240, 900, 900, 420, 420, 0, 0, 30, 120, 30, 120, 130, 130, 240, 610, 610, 50, 520, 520, 50, 280, 280, 24270, 5070, 5070, 70, 70, 80, 80, 3260, 190, 190, 910, 910, 540, 540, 3030, 80, 80, 3030, 200, 200, 2020, 2020, 120, 120, 620, 4350, 540, 540, 10, 10, 3690, 3690, 220, 220, 280, 280, 40, 40, 40, 40, 90, 90, 7770, 2130, 490, 420, 420, 1580, 200, 1800, 1800, 420, 990, 1330, 1330, 250, 660, 660, 80, 80, 340, 340, 260, 100, 260, 100, 32580, 350, 5040, 5040, 350, 32580, 110, 110, 520, 1380, 520, 170, 170, 4580, 4580, 360, 360, 380, 380, 260, 260, 1680, 40, 40, 5040, 660, 5040, 210, 250, 250, 40, 40, 2010, 2010, 3540, 3540, 180, 280, 16530, 16530, 310, 40, 40, 20, 20, 2430, 2430, 2110, 2110, 1690, 1690, 290, 290, 60, 60, 190, 230, 230, 190, 270, 270]"
2020-10-25 16:30:00+00:00,387500,0,311.0,"[80, 380, 380, 80, 60, 60, 2010, 2010, 1660, 130, 520, 130, 520, 1660, 410, 410, 310, 310, 270, 270, 980, 170, 400, 70, 70, 210, 210, 30, 590, 590, 100, 1380, 1380, 110, 110, 30, 30, 70, 10, 70, 10, 660, 660, 280, 280, 20, 20, 70, 70, 1650, 1650, 270, 270, 290, 2690, 2690, 290, 2360, 8330, 8330, 640, 640, 1110, 1110, 270, 270, 1050, 210, 1050, 360, 360, 30, 30, 230, 230, 16870, 16870, 680, 680, 690, 690, 520, 520, 2760, 40, 40, 2760, 530, 530, 2690, 2690, 200, 300, 200, 3540, 760, 3540, 760, 3370, 3370, 300, 300, 9530, 9530, 350, 350, 60, 60, 620, 120, 120, 10, 10, 320, 3800, 320, 1530, 1530, 220, 230, 220, 230, 30, 30, 120, 560, 560, 120, 500, 500, 70, 70, 500, 500, 80, 80, 90, 90, 480, 480, 40, 920, 40, 920, 40, 40, 30, 90, 80, 90, 80, 90, 670, 90, 1620, 32580, 620, 620, 1620, 32580, 1870, 260, 260, 1870, 100, 100, 4870, 390, 130, 300, 130, 300, 390, 1020, 1020, 460, 460, 1040, 8720, 8720, 70, 70, 520, 520, 450, 2680, 70, 2890, 2890, 30, 30, 300, 300, 80, 80, 70, 70, 50, 270, 840, 840, 1500, 1500, 0, 0, 600, 600, 130, 130, 1880, 50, 10, 10, 50, 20, 20, 240, 240, 7720, 7720, 980, 980, 140, 3530, 3530, 150, 150, 60, 60, 8270, 260, 260, 20, 3200, 20, 3200, 30, 30, 810, 810, 50, 50, 40, 190, 190, 40, 220, 220, 280, 120, 120, 230, 230, 580, 580, 220, 220, 220, 360, 360, 180, 180, 480, 480, 10, 1150, 1150, 140, 140, 200, 200, 0, 60, 60, 6570, 1130, 180, 180, 70, 70, 230, 50, 530, 50, 12640, 12640, 430, 430, 2040, 2040, 840, 840, 380, 820, 820, 380, 80, 520, 80, 1130, 1130, 3460, 3460, 50, 160, 50, 160, 180, 180, 140, 140]"
2020-10-25 16:35:00+00:00,220820,0,272.0,"[130, 0, 160, 120, 120, 1070, 1070, 10, 840, 10, 840, 680, 60, 680, 60, 150, 150, 780, 780, 150, 2110, 2110, 150, 270, 270, 2250, 120, 2250, 120, 0, 60, 60, 580, 580, 0, 0, 1070, 3020, 1070, 3020, 60, 60, 120, 120, 20, 20, 440, 440, 280, 2850, 2850, 920, 920, 5140, 5140, 100, 100, 430, 430, 20, 20, 140, 40, 140, 40, 780, 470, 70, 780, 470, 70, 530, 530, 50, 15120, 50, 15120, 400, 400, 90, 90, 280, 20, 20, 280, 170, 170, 50, 50, 70, 70, 30, 30, 2980, 240, 240, 60, 60, 600, 600, 690, 8720, 8720, 410, 410, 300, 260, 300, 730, 730, 150, 760, 150, 5040, 5040, 270, 130, 130, 410, 80, 410, 80, 450, 480, 480, 160, 160, 50, 0, 50, 0, 100, 100, 70, 20, 70, 1200, 230, 230, 160, 820, 820, 240, 290, 240, 60, 60, 300, 300, 60, 60, 270, 270, 20, 20, 340, 10, 10, 5090, 340, 340, 8720, 8720, 380, 70, 70, 20, 20, 70, 70, 440, 70, 70, 820, 440, 820, 90, 140, 360, 90, 360, 140, 360, 360, 950, 60, 60, 950, 16350, 70, 70, 600, 600, 480, 2370, 2370, 10, 220, 220, 80, 830, 140, 140, 110, 110, 30, 10, 20, 10, 20, 730, 4290, 4290, 520, 520, 220, 500, 500, 140, 120, 2130, 140, 120, 570, 500, 570, 500, 100, 100, 30, 30, 100, 2640, 2640, 320, 320, 10, 10, 60, 60, 10, 10, 1140, 1140, 50, 2750, 50, 530, 530, 200, 30, 30, 230, 470, 470, 40, 40, 150, 150, 10, 10, 50, 50, 540, 540, 540, 540, 60, 50, 50, 630, 630]"
2020-10-25 16:40:00+00:00,207230,2,278.0,"[220, 1550, 1550, 190, 190, 120, 120, 530, 530, 50, 80, 80, 580, 100, 100, 580, 70, 50, 70, 270, 1800, 560, 560, 1800, 520, 520, 180, 10, 20, 10, 20, 480, 480, 2750, 510, 510, 890, 890, 1060, 1060, 1210, 1210, 1130, 890, 390, 50, 50, 430, 260, 280, 260, 280, 570, 2330, 890, 430, 430, 110, 650, 650, 110, 70, 70, 560, 560, 40, 40, 20, 230, 20, 230, 20, 170, 170, 70, 70, 580, 580, 600, 600, 110, 110, 60, 60, 660, 660, 120, 120, 240, 0, 240, 5280, 5280, 90, 90, 160, 160, 420, 420, 290, 290, 80, 50, 80, 50, 850, 850, 120, 120, 270, 270, 210, 210, 210, 210, 580, 580, 240, 1180, 1180, 10, 10, 1920, 1920, 50, 50, 370, 370, 440, 440, 50, 50, 110, 0, 0, 130, 130, 20, 20, 2090, 2090, 30, 30, 9540, 9540, 600, 600, 600, 600, 70, 70, 180, 60, 150, 150, 60, 40, 40, 270, 10, 3140, 10, 270, 3140, 410, 410, 70, 5210, 5210, 70, 20, 20, 690, 340, 340, 20, 20, 190, 190, 20, 290, 20, 180, 11810, 1250, 11810, 1250, 140, 140, 450, 450, 20, 20, 110, 190, 40, 20, 60, 60, 20, 120, 120, 1990, 1370, 80, 1990, 80, 1370, 940, 940, 780, 780, 990, 990, 50, 150, 150, 50, 410, 410, 810, 810, 250, 420, 250, 420, 300, 3340, 300, 3340, 80, 80, 5400, 260, 190, 260, 190, 3080, 3080, 740, 740, 80, 80, 60, 60, 330, 330, 4460, 250, 360, 250, 50, 50, 430, 430, 390, 820, 820, 60, 30, 30, 50, 10, 10, 50, 700, 200, 780, 780, 470, 470, 540, 4760, 4760, 1730, 1730, 260, 260]"
2020-10-25 16:45:00+00:00,346790,0,260.0,"[2760, 2760, 1510, 50, 50, 330, 330, 10, 10, 360, 160, 360, 190, 190, 10, 10, 190, 190, 8280, 8280, 2100, 2100, 50, 30, 30, 790, 790, 300, 300, 20, 20, 610, 610, 880, 7160, 680, 680, 150, 150, 200, 200, 300, 160, 90, 300, 160, 90, 450, 450, 100, 100, 90, 90, 270, 770, 1730, 1850, 1850, 120, 120, 20, 20, 100, 100, 28080, 28080, 60, 60, 330, 330, 50, 50, 180, 230, 230, 180, 40, 40, 120, 120, 170, 170, 170, 170, 180, 720, 720, 180, 30, 30, 120, 120, 4580, 4580, 80, 80, 230, 230, 2510, 13470, 13470, 2510, 60, 60, 150, 150, 20, 20, 670, 950, 950, 170, 80, 80, 160, 160, 200, 200, 4580, 4580, 1250, 200, 200, 810, 810, 150, 80, 150, 3150, 300, 300, 2510, 90, 90, 90, 90, 80, 80, 50, 50, 1040, 1040, 6550, 80, 80, 830, 270, 830, 270, 0, 0, 240, 240, 1550, 1550, 30, 30, 620, 620, 40, 40, 30, 140, 30, 140, 280, 280, 50, 50, 1110, 140, 730, 730, 140, 520, 520, 730, 730, 20, 20, 40, 90, 40, 690, 390, 390, 50, 50, 490, 490, 580, 580, 290, 290, 40, 40, 40, 40, 60, 880, 880, 60, 360, 580, 580, 490, 880, 490, 880, 420, 420, 360, 360, 320, 100, 320, 100, 1120, 30, 1120, 7340, 7340, 50520, 50520, 10, 10, 440, 210, 210, 880, 230, 230, 170, 300, 170, 300, 0, 0, 880, 880, 880, 150, 200, 150, 870, 10, 300, 20, 10, 300, 870, 530, 530, 880, 170, 170, 110, 110, 1220, 1220]"
2020-10-25 16:50:00+00:00,173290,2,224.0,"[70, 70, 2230, 340, 340, 100, 650, 3770, 20, 650, 250, 100, 100, 420, 420, 190, 190, 460, 460, 1160, 1160, 40, 300, 1160, 1160, 880, 300, 880, 40, 140, 350, 140, 350, 520, 520, 60, 60, 30, 30, 80, 80, 300, 2040, 1890, 1890, 280, 280, 710, 620, 620, 300, 300, 330, 330, 280, 280, 400, 400, 420, 420, 30, 30, 13110, 3340, 3340, 340, 340, 30, 30, 260, 630, 630, 320, 320, 110, 190, 110, 190, 4880, 430, 430, 390, 450, 390, 1880, 130, 130, 660, 660, 110, 250, 60, 250, 60, 20, 2550, 2550, 380, 880, 880, 360, 360, 60, 4020, 60, 10, 10, 520, 2550, 2550, 50, 20, 2550, 810, 420, 40, 20, 20, 20, 20, 360, 360, 200, 200, 190, 190, 740, 740, 50, 50, 200, 200, 20, 1380, 20, 260, 260, 100, 490, 5230, 490, 910, 3450, 3450, 730, 730, 20, 20, 130, 130, 40, 240, 240, 1380, 1380, 580, 580, 340, 340, 260, 260, 990, 60, 440, 440, 650, 650, 60, 60, 10, 290, 10, 550, 1510, 1510, 660, 660, 550, 6660, 6660, 2120, 30, 30, 1870, 1870, 230, 230, 1210, 1210, 70, 70, 20, 990, 20, 1060, 1060, 990, 140, 990, 140, 0, 0, 6850, 3490, 3490, 150, 260, 150, 220, 640, 640, 40, 40, 880, 30, 880, 120, 120, 1060, 1060, 180, 180, 250, 250]"
2020-10-25 16:55:00+00:00,238880,0,251.0,"[990, 990, 630, 260, 260, 60, 60, 480, 470, 480, 470, 550, 100, 500, 100, 550, 380, 380, 0, 0, 1150, 1150, 1020, 1020, 280, 280, 230, 230, 120, 120, 0, 0, 40, 40, 120, 120, 110, 110, 6660, 500, 500, 220, 220, 340, 420, 100, 420, 100, 340, 3480, 800, 10, 120, 30, 800, 30, 120, 420, 2340, 2340, 2070, 2070, 370, 370, 520, 520, 10, 40, 50, 50, 530, 580, 580, 220, 980, 140, 140, 250, 300, 300, 20, 620, 1300, 1300, 210, 210, 120, 220, 120, 780, 780, 1300, 590, 590, 180, 180, 660, 1660, 190, 1660, 180, 180, 50, 80, 60, 60, 10, 10, 430, 430, 690, 690, 30, 30, 30, 1390, 1390, 2740, 4200, 8320, 4200, 2740, 7280, 20, 0, 20, 100, 100, 0, 3630, 1430, 1430, 110, 110, 100, 100, 1400, 310, 1480, 1480, 9640, 40, 1030, 40, 9640, 20, 20, 290, 290, 30, 30, 260, 10, 8320, 800, 800, 170, 170, 1140, 170, 170, 12040, 40, 40, 380, 380, 190, 190, 190, 10, 30, 120, 120, 30, 0, 0, 10, 380, 120, 0, 1440, 120, 0, 2610, 2610, 140, 140, 10, 10, 380, 380, 660, 660, 660, 660, 190, 190, 20, 20, 40, 40, 150, 490, 490, 110, 110, 30180, 190, 190, 40, 260, 260, 1460, 1460, 430, 430, 550, 1460, 1460, 280, 2770, 230, 230, 0, 0, 70, 70, 1040, 1040, 150, 50, 150, 50, 1070, 20, 20, 1070, 240, 1360, 240, 1360, 450, 450, 5510, 250, 5600, 3400, 3400, 5600, 340, 340]"
2020-10-25 17:00:00+00:00,920600,4,307.0,"[10, 10, 420, 190, 420, 15140, 170, 15140, 170, 2100, 2100, 30, 800, 30, 800, 90, 3180, 60, 60, 2010, 440, 140, 440, 10, 10, 140, 1310, 1310, 320, 200, 200, 20, 20, 40, 150, 40, 150, 1290, 310, 1260, 1290, 310, 1260, 5520, 5520, 1170, 1170, 10, 1170, 1170, 10, 10, 1660, 380, 380, 310, 310, 4720, 4720, 410, 60, 410, 130, 130, 170, 2500, 2500, 70, 180, 180, 2950, 70, 630, 170, 50, 50, 480, 120, 120, 270, 270, 150, 50, 40, 500, 50, 500, 200, 40, 40, 480, 480, 240, 660, 660, 0, 0, 2260, 2260, 300, 300, 100, 90, 100, 110, 230, 110, 230, 3800, 3800, 80, 360, 360, 520, 520, 110, 110, 110, 110, 20, 20, 560, 110, 110, 420, 370, 420, 370, 50, 50, 110, 4380, 110, 30, 30, 330, 70, 0, 70, 0, 220, 220, 610, 610, 470, 190, 30, 190, 30, 240, 1860, 1860, 240, 130, 130, 1220, 6900, 6900, 120, 20, 20, 40, 40, 50, 50, 470, 1610, 190, 190, 130, 130, 3300, 3300, 50, 35830, 35830, 80, 80, 70, 70, 50, 20, 20, 80, 80, 190, 620, 1040, 8460, 110, 110, 2400, 300, 300, 2400, 6420, 40, 40, 310, 310, 310, 16870, 1260, 30, 30, 120, 410, 80, 410, 80, 50, 510, 510, 100, 230, 230, 180, 180, 980, 1470, 2430, 1470, 50, 50, 2630, 2630, 10, 10, 150, 150, 50, 50, 40, 40, 550, 550, 110, 180640, 180640, 2150, 2150, 0, 0, 1390, 1390, 310, 310, 150, 150, 1120, 10, 10, 1120, 260, 260, 240, 780, 780, 70, 240, 70, 140, 140, 190, 190, 10, 10, 20, 20, 0, 520, 520, 0, 420, 420, 280, 280, 570, 570, 40, 40, 1790, 140, 140, 40, 40, 970, 970, 470, 470, 290, 290, 880, 560, 880, 560, 1130, 1130, 330, 3560, 3560]"
2020-10-25 17:05:00+00:00,481210,1,320.0,"[190, 160, 160, 210, 210, 410, 2880, 210, 2880, 91040, 20, 20, 100, 100, 240, 1370, 240, 1370, 70, 160, 160, 420, 10, 420, 220, 3470, 3470, 220, 50, 1420, 670, 1420, 670, 170, 17720, 2370, 2370, 33570, 140, 33570, 17720, 17720, 1130, 1130, 5880, 140, 990, 990, 140, 1440, 1440, 40, 40, 1490, 1490, 60, 210, 60, 210, 20, 20, 130, 130, 970, 970, 250, 410, 410, 870, 870, 110, 110, 60, 60, 40, 40, 40, 40, 610, 40, 3470, 40, 3470, 40, 40, 8040, 1130, 1130, 250, 210, 420, 420, 200, 200, 180, 180, 60, 60, 70, 70, 20, 60, 60, 50, 50, 30, 970, 970, 50, 760, 3540, 3540, 250, 250, 8190, 350, 350, 30, 10, 380, 3300, 400, 2660, 960, 90, 90, 1040, 1040, 30, 300, 300, 240, 240, 830, 830, 20, 20, 1540, 4040, 4040, 50, 50, 230, 230, 40, 110, 350, 40, 350, 110, 1730, 1730, 10, 10, 280, 280, 210, 200, 200, 190, 190, 100, 1210, 140, 1210, 100, 60, 60, 50, 210, 210, 2440, 2440, 500, 500, 1620, 2960, 1620, 2960, 1240, 1240, 90, 90, 270, 270, 80, 80, 200, 2920, 200, 210, 210, 690, 690, 130, 130, 90, 340, 340, 1970, 550, 210, 1970, 5010, 5010, 20, 20, 510, 510, 240, 70, 910, 70, 160, 160, 400, 70, 70, 400, 1460, 1460, 1760, 140, 1760, 140, 220, 220, 20500, 40, 40, 1130, 260, 260, 710, 60, 170, 170, 60, 60, 60, 190, 190, 50, 50, 10, 1710, 1230, 1710, 130, 130, 50, 10, 10, 300, 490, 280, 300, 490, 280, 380, 380, 90, 90, 1440, 1440, 0, 0, 210, 210, 90, 90, 120, 120, 620, 0, 620, 3300, 1350, 260, 260, 750, 750, 330, 150, 330, 700, 1000, 1000, 210, 2840, 2840, 230, 530, 530, 270, 270, 400, 400, 320, 320, 3260, 3260, 20, 120, 120, 20, 23180, 170, 1860, 260, 260, 2390, 2390, 980, 980, 290, 290, 100, 100, 120]"
2020-10-25 17:10:00+00:00,493880,0,337.0,"[1980, 1980, 230, 230, 820, 120, 2630, 400, 10, 10, 210, 63250, 70, 63250, 70, 110, 470, 470, 1860, 3920, 40, 40, 400, 910, 130, 0, 0, 40, 140, 40, 1860, 110, 110, 1160, 230, 230, 2740, 2740, 3310, 0, 0, 410, 410, 420, 420, 1130, 60, 60, 100, 100, 40, 40, 2080, 2080, 3500, 770, 1210, 40, 40, 2060, 20, 20, 150, 150, 1790, 1790, 820, 180, 20, 180, 20, 1370, 770, 6380, 6380, 120, 120, 70, 70, 1200, 1200, 210, 330, 330, 680, 680, 20, 780, 200, 200, 50, 50, 1640, 200, 200, 1180, 390, 390, 410, 410, 310, 490, 310, 100, 400, 180, 180, 400, 100, 1540, 1540, 770, 30, 30, 1530, 240, 240, 190, 0, 350, 7620, 0, 190, 7620, 1090, 620, 2730, 620, 40, 40, 70, 240, 240, 0, 280, 110, 280, 460, 3540, 460, 3540, 40, 20, 840, 130, 130, 18440, 18440, 960, 960, 840, 840, 40, 40, 10, 10, 10, 10, 60, 590, 60, 100, 20, 2660, 100, 2660, 20, 520, 2850, 120, 2280, 370, 650, 530, 110, 110, 50, 50, 1840, 1840, 100, 1050, 100, 2730, 340, 1260, 40, 40, 1750, 1750, 1230, 400, 400, 460, 460, 8090, 10, 10, 850, 370, 370, 1540, 1540, 1030, 140, 370, 370, 140, 1260, 1260, 70, 70, 50, 530, 530, 140, 190, 240, 240, 230, 230, 3340, 3340, 220, 220, 280, 280, 190, 160, 160, 5680, 1590, 1030, 450, 1030, 200, 15190, 150, 15190, 40, 40, 370, 240, 240, 340, 590, 590, 810, 810, 370, 2070, 2070, 10, 10, 130, 130, 3380, 520, 520, 0, 1050, 0, 0, 7590, 7590, 21860, 10, 210, 10, 210, 520, 20, 20, 10, 350, 350, 10, 1750, 1750, 280, 30, 20, 20, 390, 390, 30, 130, 110, 410, 410, 490, 490, 60, 60, 370, 370, 250, 250, 40, 170, 40, 170, 520, 690, 3110, 690, 1380, 1380, 110, 110, 3120, 110, 3120, 110, 3610, 800, 3610, 1300, 1300, 280, 80, 280, 80, 290, 290, 3260, 3260, 70, 230, 230, 1930, 1930, 140, 6560, 6560, 140, 420]"
2020-10-25 17:15:00+00:00,242010,0,248.0,"[120, 80, 220, 220, 1930, 1930, 10, 3610, 10, 3610, 1180, 1180, 270, 440, 440, 70, 1040, 420, 210, 3020, 420, 1040, 190, 190, 30, 220, 30, 220, 260, 260, 490, 490, 400, 400, 60, 360, 640, 640, 780, 580, 780, 580, 60, 60, 0, 0, 690, 580, 690, 580, 680, 5180, 490, 50, 170, 170, 230, 70, 70, 130, 130, 760, 580, 580, 10, 10, 20, 20, 4730, 4730, 110, 30400, 10, 30400, 10, 440, 440, 590, 2020, 2020, 20, 120, 120, 380, 380, 50, 310, 310, 30, 50, 2440, 4950, 480, 480, 2440, 4420, 4420, 360, 360, 30, 30, 390, 390, 1510, 30, 350, 330, 90, 300, 300, 390, 390, 120, 120, 4180, 1600, 80, 80, 10, 10, 80, 680, 680, 20, 20, 80, 50, 50, 760, 760, 110, 90, 310, 10, 10, 310, 1160, 30, 3480, 3480, 440, 440, 880, 880, 420, 420, 10, 10, 240, 240, 110, 60, 60, 160, 80, 80, 10, 10, 4400, 2540, 350, 350, 310, 1830, 10, 10, 2180, 70, 14310, 80, 80, 800, 800, 10, 10, 740, 740, 200, 200, 330, 330, 980, 980, 400, 270, 10, 4180, 380, 380, 70, 70, 1660, 1660, 580, 580, 2250, 10, 10, 2250, 400, 2670, 400, 2670, 500, 500, 1490, 270, 1490, 270, 60, 60, 50, 10, 310, 10, 310, 20, 20, 90, 90, 130, 120, 120, 80, 80, 50, 50, 310, 0, 0, 0, 0, 70, 150, 70, 60, 60, 1870, 1870, 310, 2920, 310, 90, 90, 80, 80, 3700, 3700]"
2020-10-25 17:20:00+00:00,389850,3,284.0,"[130, 1060, 130, 1060, 110, 110, 170, 170, 490, 2540, 1340, 2540, 1340, 140, 90, 90, 140, 360, 360, 680, 680, 720, 720, 540, 540, 100, 100, 3120, 10, 10, 190, 190, 5920, 110, 110, 370, 370, 430, 430, 160, 50, 50, 400, 660, 660, 20, 20, 10, 10, 70, 70, 170, 11430, 5480, 170, 11430, 730, 730, 80, 80, 520, 520, 930, 1100, 1100, 180, 380, 380, 100, 100, 560, 230, 230, 400, 60, 200, 60, 100, 100, 380, 380, 320, 970, 970, 90, 90, 30560, 8780, 8780, 30560, 3840, 3840, 320, 320, 5920, 1560, 220, 980, 980, 220, 20, 20, 2370, 2370, 330, 540, 540, 220, 220, 280, 120, 3630, 3630, 210, 210, 110, 80, 80, 110, 200, 200, 80, 40170, 40170, 130, 860, 330, 860, 330, 20, 110, 110, 20, 10, 5570, 540, 540, 170, 170, 7740, 0, 0, 640, 640, 60, 140, 270, 120, 120, 140, 270, 970, 970, 230, 9460, 9460, 20, 20, 20, 160, 20, 160, 960, 960, 490, 490, 390, 390, 50, 50, 180, 180, 2330, 2330, 220, 20, 110, 110, 20, 720, 720, 60, 5970, 360, 360, 800, 260, 10, 10, 260, 4230, 260, 2960, 2610, 50, 2960, 2610, 80, 130, 80, 130, 80, 1340, 1340, 100, 3680, 600, 600, 1180, 1180, 790, 680, 680, 790, 2460, 2460, 60, 230, 60, 230, 1900, 130, 130, 40, 190, 70, 70, 1120, 1120, 100, 360, 360, 180, 180, 180, 280, 60, 50, 30, 30, 50, 0, 3320, 0, 3320, 260, 240, 240, 280, 280, 80, 80, 110, 780, 2160, 110, 410, 410, 480, 480, 110, 80, 110, 80, 540, 780, 1180, 260, 260, 140, 140, 280, 280, 80, 80, 20, 390, 390, 20, 700, 60, 700, 2610, 2610]"
2020-10-25 17:25:00+00:00,305690,2,271.0,"[260, 260, 1100, 10, 7960, 10, 480, 560, 560, 450, 450, 960, 1630, 1270, 1270, 220, 220, 10, 10, 210, 210, 250, 250, 170, 170, 90, 90, 480, 480, 130, 130, 700, 3100, 410, 410, 260, 260, 250, 250, 1160, 1160, 1310, 280, 2470, 2470, 280, 240, 70, 240, 120, 40, 120, 880, 880, 240, 240, 230, 230, 40, 40, 130, 130, 2260, 2260, 30, 30, 500, 500, 260, 260, 2340, 2340, 410, 80, 540, 540, 680, 680, 270, 270, 10, 80, 80, 1080, 100, 100, 350, 3580, 3580, 300, 300, 0, 0, 250, 130, 130, 200, 200, 450, 450, 970, 970, 460, 460, 2660, 2660, 60040, 290, 290, 60040, 350, 40, 3760, 4900, 4900, 560, 560, 1180, 1180, 20, 1750, 1750, 100, 1290, 100, 440, 60, 500, 60, 500, 1320, 60, 60, 470, 470, 4720, 1100, 1100, 1870, 1870, 1580, 360, 1580, 360, 130, 130, 230, 230, 3270, 130, 50, 130, 50, 370, 370, 10, 10, 40, 330, 40, 330, 20, 50, 50, 200, 200, 360, 360, 1280, 1280, 90, 90, 1100, 1100, 60, 60, 180, 180, 140, 140, 10, 10, 140, 0, 140, 0, 960, 5730, 5730, 540, 420, 540, 420, 800, 70, 800, 180, 180, 630, 90, 90, 80, 320, 140, 320, 80, 140, 1030, 1030, 400, 400, 1000, 140, 140, 280, 280, 2730, 1520, 1000, 1440, 810, 2870, 270, 270, 430, 610, 20, 220, 220, 1960, 1960, 1100, 1100, 750, 80, 80, 750, 70, 270, 70, 270, 690, 690, 10, 10, 110, 90, 250, 90, 250, 0, 0, 110, 110, 30, 880, 880, 140, 140, 230, 740, 230, 0, 220, 220, 170, 1880, 5180, 170, 440, 440]"
2020-10-25 17:30:00+00:00,294030,3,258.0,"[30, 30, 130, 130, 10, 0, 2950, 11750, 1240, 1240, 440, 440, 230, 30, 2290, 30, 2290, 360, 360, 170, 170, 5200, 5200, 200, 90, 90, 10, 40, 40, 950, 70, 200, 20, 660, 5500, 5500, 870, 870, 230, 230, 420, 80, 80, 1000, 1000, 10, 10, 1600, 1600, 2030, 220, 220, 160, 4960, 160, 240, 240, 250, 130, 130, 30, 200, 30, 200, 690, 690, 2500, 1340, 1340, 3700, 3700, 250, 250, 240, 240, 180, 180, 220, 220, 130, 250, 130, 20, 9470, 0, 0, 320, 420, 11060, 60, 11060, 60, 420, 170, 170, 450, 390, 450, 3750, 360, 670, 670, 5600, 320, 120, 120, 540, 390, 160, 100, 160, 30, 4180, 50, 540, 180, 180, 150, 720, 720, 3050, 3050, 23350, 30, 110, 30, 110, 0, 60, 0, 60, 2650, 2650, 110, 110, 620, 1320, 140, 140, 630, 1750, 630, 4560, 860, 4560, 910, 910, 110, 110, 170, 170, 780, 90, 90, 1040, 1040, 240, 20, 20, 670, 160, 670, 160, 240, 240, 40, 40, 230, 230, 1160, 1160, 230, 250, 250, 230, 230, 430, 430, 2010, 2010, 3240, 80, 3240, 170, 170, 1020, 1020, 1370, 1370, 670, 670, 520, 520, 130, 130, 240, 100, 100, 240, 50, 50, 360, 360, 670, 670, 10, 10, 10, 10, 800, 800, 210, 210, 180, 180, 990, 990, 730, 70, 70, 670, 2840, 2200, 660, 2200, 660, 160, 160, 360, 360, 2340, 2840, 150, 150, 150, 150, 3400, 3400, 360, 360, 390, 390, 30, 0, 0, 0, 0, 300, 300, 420, 420, 160, 160, 1860, 160, 160]"
2020-10-25 17:35:00+00:00,191270,0,246.0,"[10, 10, 270, 270, 50, 50, 0, 0, 530, 530, 320, 9630, 9630, 40, 40, 40, 790, 20, 20, 110, 10, 110, 10, 210, 210, 40, 40, 1780, 1780, 2340, 2340, 360, 360, 590, 590, 1590, 1590, 780, 500, 500, 570, 150, 150, 1270, 1040, 1040, 110, 100, 100, 110, 400, 580, 400, 580, 1570, 1570, 2860, 2860, 2330, 2330, 390, 4600, 340, 340, 560, 560, 590, 1370, 590, 190, 550, 940, 940, 0, 1960, 110, 110, 130, 130, 760, 760, 220, 220, 500, 500, 220, 220, 220, 220, 3400, 3400, 170, 70, 70, 380, 380, 30, 30, 540, 540, 180, 1040, 1040, 180, 60, 60, 4600, 4600, 40, 40, 30, 30, 800, 800, 780, 820, 820, 110, 110, 120, 120, 540, 780, 540, 800, 800, 680, 680, 30, 30, 20, 20, 480, 100, 590, 480, 100, 4320, 500, 30, 30, 190, 190, 1690, 1690, 180, 50, 50, 20, 160, 0, 0, 150, 150, 5720, 30, 30, 4600, 4600, 20, 20, 10, 10, 130, 130, 3640, 3640, 350, 350, 240, 240, 130, 130, 90, 90, 440, 440, 560, 560, 1000, 1520, 1520, 130, 130, 20, 20, 2040, 2040, 420, 420, 50, 50, 710, 710, 460, 460, 130, 140, 1860, 140, 60, 60, 890, 890, 530, 120, 120, 90, 30, 30, 0, 0, 100, 100, 170, 1400, 170, 1400, 320, 340, 320, 320, 340, 180, 180, 5000, 170, 170, 1240, 90, 800, 800, 640, 640, 100, 100, 1580, 990, 1580, 990, 6990, 310, 20, 1400, 1400, 20]"
2020-10-25 17:40:00+00:00,636630,3,241.0,"[5980, 190, 40, 40, 1070, 150, 150, 590, 590, 400, 400, 320, 220, 220, 80, 80, 690, 690, 940, 270, 20, 20, 980, 980, 110, 110, 80, 540, 540, 2950, 500, 500, 320, 320, 2320, 2320, 2150, 2150, 50, 50, 4730, 4730, 690, 690, 140, 140, 30, 30, 10760, 10760, 910, 540, 540, 90, 90, 240, 240, 7860, 7860, 320, 320, 100, 630, 630, 10, 310, 10, 310, 600, 600, 410, 450, 450, 510, 510, 2350, 500, 500, 100, 100, 100, 100, 280, 280, 820, 40, 40, 20, 390, 390, 20, 3970, 3970, 140, 140, 2720, 2720, 420, 180, 180, 420, 130, 130, 20, 2320, 80, 80, 50, 50, 330, 350, 330, 350, 700, 700, 20, 2040, 2040, 20, 150, 180, 150, 90, 170, 140, 170, 90, 10, 10, 0, 0, 110, 110, 110, 50, 50, 160, 160, 100, 100, 20530, 20530, 30, 30, 1350, 1350, 260, 260, 660, 660, 180, 180, 80, 600, 80, 600, 190, 190, 30, 980, 130, 130, 980, 20, 0, 0, 920, 386230, 920, 790, 790, 90, 280, 2450, 250, 250, 140, 300, 300, 140, 260, 2010, 260, 2010, 410, 410, 60, 60, 120, 120, 310, 1260, 1940, 1940, 1260, 360, 360, 120, 0, 0, 1410, 1410, 30, 2040, 50, 30, 50, 2040, 240, 240, 1120, 220, 1120, 220, 260, 260, 580, 2680, 580, 13020, 1180, 1180, 940, 940, 670, 1440, 1440, 670, 210, 210, 30, 30, 270, 410, 200, 200, 1270, 1270, 2180, 2180]"
2020-10-25 17:45:00+00:00,468340,2,369.0,"[50, 40, 40, 260, 150, 260, 110, 110, 710, 710, 160, 160, 6700, 6700, 500, 500, 1980, 1980, 11060, 11060, 1280, 1280, 40, 40, 80, 80, 80, 80, 20, 20, 350, 120, 120, 410, 410, 30, 30, 130, 130, 810, 540, 540, 810, 1390, 1390, 1090, 1090, 290, 290, 370, 370, 1670, 2340, 60, 2340, 60, 1670, 40, 40, 2610, 2610, 340, 880, 440, 880, 340, 440, 1580, 1580, 240, 120, 120, 320, 300, 200, 1090, 200, 1090, 300, 410, 410, 1260, 490, 150, 150, 670, 670, 480, 720, 720, 7160, 1110, 1870, 410, 330, 330, 1050, 1050, 80, 80, 450, 760, 760, 1260, 1260, 450, 4280, 2360, 3380, 3380, 100, 100, 70, 70, 510, 510, 70, 70, 490, 490, 200, 200, 280, 280, 600, 1320, 130, 1290, 130, 1290, 40, 40, 360, 1310, 360, 1310, 750, 150, 740, 150, 740, 20, 20, 1160, 1160, 410, 410, 80, 80, 400, 400, 210, 680, 210, 21420, 290, 21420, 290, 560, 250, 50, 50, 2380, 2380, 2450, 2450, 570, 20, 20, 570, 580, 270, 340, 270, 340, 580, 80, 80, 540, 540, 1060, 1060, 60, 480, 60, 40, 40, 480, 1610, 1610, 500, 500, 460, 460, 160, 160, 380, 380, 100, 370, 370, 40, 650, 40, 650, 80, 80, 460, 460, 1280, 1280, 690, 690, 50, 50, 220, 220, 50, 50, 480, 480, 20, 40, 20, 40, 1430, 1430, 880, 880, 270, 270, 1170, 1170, 5350, 5350, 850, 1600, 60, 1600, 60, 100, 100, 200, 120, 120, 0, 0, 40, 190, 1160, 190, 40, 2320, 1160, 1800, 160, 160, 60, 1000, 1000, 60, 2450, 2450, 160, 160, 130, 130, 460, 260, 240, 260, 240, 250, 250, 600, 600, 120, 120, 10, 2360, 1040, 1040, 3390, 3390, 460, 460, 150, 150, 1940, 440, 440, 200, 200, 3080, 3080, 80, 80, 220, 710, 1260, 710, 1260, 690, 690, 20, 690, 550, 550, 500, 500, 980, 980, 20, 280, 280, 380, 380, 800, 27090, 27090, 110, 330, 490, 80, 110, 330, 490, 7220, 280, 280, 7220, 960, 960, 510, 2250, 2250, 1010, 1010, 650, 650, 240, 240, 150, 150, 1420, 10, 10, 190, 700, 190, 700, 5560, 590, 590, 2770, 2770, 1260, 130, 130, 170, 380, 770, 770, 50, 50, 20, 20]"
2020-10-25 17:50:00+00:00,4479030,7,350.0,"[330, 330, 20, 20, 2430, 4940, 4940, 500, 500, 280, 280, 710, 710, 350, 350, 50, 370, 370, 50, 50, 520, 520, 140, 140, 150, 150, 210, 210, 690, 690, 650, 650, 10, 10, 980, 980, 280, 280, 200, 200, 100, 100, 140, 340, 340, 290, 290, 300, 300, 3890, 340, 880, 880, 340, 340, 370, 370, 90, 460, 280, 280, 10, 10, 230, 340, 340, 630, 630, 80, 80, 100, 100, 450, 10, 450, 10, 370, 2700, 280, 260, 800, 20, 800, 190, 190, 40, 20, 20, 240, 240, 290, 290, 280, 10, 10, 280, 540, 540, 50, 50, 220, 220, 40, 40, 180, 20, 300, 540, 560, 560, 540, 830, 280, 280, 200, 100, 100, 200, 36710, 180, 36710, 10, 140, 60, 140, 60, 610, 220, 610, 610, 220, 120, 120, 310, 310, 790, 790, 920, 920, 1100, 4800, 490, 240, 230, 240, 230, 90, 580, 580, 500, 400, 10, 10, 880, 880, 880, 1993860, 1993860, 820, 820, 12760, 230, 160, 190, 190, 100, 100, 590, 590, 0, 0, 740, 740, 70, 70, 4550, 2410, 2410, 5920, 9860, 820, 820, 340, 340, 20, 300, 570, 20, 570, 300, 20, 220, 50, 50, 80, 80, 880, 880, 380, 100, 100, 310, 310, 820, 820, 1120, 1120, 1530, 1530, 320, 570, 570, 2040, 120, 120, 2040, 890, 890, 80, 80, 240, 600, 550, 600, 550, 230, 230, 1000, 20, 1000, 680, 20, 20, 20, 20, 420, 420, 2560, 5920, 220, 220, 980, 980, 50, 240, 280, 280, 30, 30, 1590, 30, 30, 480, 480, 480, 480, 260, 260, 90, 150, 150, 90, 140, 140, 380, 380, 10040, 10040, 140, 620, 70, 140, 620, 70, 980, 300, 300, 990, 990, 1040, 380, 380, 80, 100, 3260, 3260, 80, 100, 330, 330, 20, 20, 190, 190, 1060, 130, 130, 40, 40, 210, 210, 90, 20, 20, 100, 100, 4060, 260, 260, 4060, 700, 14160, 350, 350, 10, 10, 190, 580, 190, 680, 580, 680, 450, 450, 880, 170, 880, 170, 140, 150, 20, 140, 150, 20, 30, 680, 580, 580, 860, 860, 9310, 9310, 3590, 3590, 80, 80, 640, 640]"
2020-10-25 17:55:00+00:00,3816650,5,390.0,"[230, 230, 200, 20, 0, 1190, 0, 3650, 410, 410, 110, 110, 200, 200, 230, 300, 300, 350, 350, 330, 810, 330, 810, 10, 10, 160, 160, 4210, 150, 4210, 150, 1580, 790, 160, 790, 50, 50, 660, 660, 270, 270, 160, 160, 480, 790, 790, 620, 620, 170, 250, 250, 400, 440, 400, 440, 460, 460, 20, 20, 670, 670, 70, 70, 760, 80, 760, 80, 1650, 1650, 3100, 3100, 140, 230, 140, 230, 150, 50, 100, 150, 50, 100, 20, 10, 10, 40, 70, 70, 110, 110, 1140, 1140, 500, 250, 280, 10, 1020, 10, 1020, 310, 310, 590, 590, 760, 760, 250, 280, 80, 80, 280, 1700, 50, 30, 50, 30, 760, 760, 270, 820, 270, 20, 20, 440, 3810, 440, 1090, 1090, 0, 190, 0, 190, 1710, 390, 970, 250, 970, 580, 310, 580, 310, 1190, 130, 130, 160, 160, 3340, 20, 3340, 220, 220, 20, 2060, 200, 200, 190, 190, 260, 260, 6360, 2100, 2100, 1880, 1880, 40, 40, 1520, 1520, 110, 490, 490, 80, 1800, 1800, 80, 40350, 1370, 1370, 40350, 1180, 1180, 100, 100, 2340, 150, 2340, 150, 70, 70, 640, 200, 200, 580, 580, 460, 460, 470, 470, 210, 210, 60, 60, 220, 220, 940, 220, 940, 220, 40, 40, 40, 580, 580, 80, 200, 200, 3400, 130, 390, 390, 1100, 1100, 3790, 40, 3790, 20, 20, 200, 200, 200, 520, 40, 200, 520, 40, 0, 380, 380, 10, 70, 190, 240, 10, 190, 240, 70, 320, 320, 200, 200, 3400, 2400, 20, 110, 110, 20, 2400, 90, 90, 1300, 6290, 50, 50, 2310, 1530, 1530, 1590, 1590, 730, 160, 730, 160, 390, 20, 170, 480, 1460, 480, 1460, 40, 40, 20, 620, 620, 30, 450, 450, 30, 50, 50, 160, 160, 160, 160, 80, 3040, 240, 240, 40, 20, 1590, 1590, 350, 620, 350, 240, 420, 240, 420, 170, 170, 1120, 730, 780, 730, 860, 780, 860, 40, 40, 350, 350, 10, 10, 1170, 1170, 3400, 10, 3820, 3820, 230, 230, 270, 20, 20, 290, 290, 3425760, 160, 200, 160, 3330, 3330, 220, 590, 590, 920, 680, 920, 2840, 80, 80, 2840, 80, 80, 360, 90, 260, 360, 260, 90, 340, 340, 160, 160, 280, 280, 40, 880, 360, 880, 100, 40, 40, 200, 200, 250, 130, 3050, 150, 150, 130, 120, 120, 2160, 170, 170, 2160, 2840, 2840]"
2020-10-25 18:00:00+00:00,4335680,9,374.0,"[20, 20, 140, 40, 40, 240, 760, 760, 470, 470, 10, 10, 1780, 40, 40, 30, 30, 150, 1400, 1400, 400, 400, 10, 10, 140, 160, 140, 160, 620, 620, 20, 20, 30, 30, 30, 450, 30, 450, 10, 0, 30, 30, 0, 450, 450, 3410, 3410, 200, 200, 88580, 88580, 500, 500, 660, 660, 490, 1030, 1030, 260, 260, 810, 36060, 220, 810, 36060, 110, 110, 370, 60, 1180, 370, 490, 490, 70, 880, 880, 70, 190, 140, 280, 140, 310, 310, 30, 30, 1110, 450, 450, 1030, 50, 1030, 260, 260, 150, 150, 310, 310, 0, 0, 120, 220, 80, 50, 50, 20, 50, 50, 2500, 2500, 100, 60, 100, 280, 6750, 930, 240, 200, 200, 340, 500, 340, 370, 500, 370, 1250, 830, 830, 760, 760, 2540, 2540, 330, 330, 50, 50, 1640, 760, 760, 1640, 250, 250, 10, 10, 40, 40, 70, 970, 80, 80, 180, 180, 260, 260, 22340, 470, 470, 22340, 117790, 117790, 20, 150, 150, 3425750, 110, 300, 300, 30, 30, 350, 310, 350, 22340, 22340, 2140, 15070, 2140, 40, 210, 790, 40, 790, 5940, 5940, 1590, 1590, 240, 240, 0, 270, 40, 40, 1800, 140, 140, 70, 70, 0, 0, 70, 70, 230, 230, 0, 50, 50, 270, 250, 810, 810, 250, 270, 270, 140, 50, 50, 140, 1530, 1530, 180, 180, 680, 680, 630, 630, 70, 70, 90, 0, 20, 20, 340, 340, 460, 110, 110, 350, 350, 0, 0, 70, 70, 520, 6420, 70, 70, 770, 770, 6430, 6430, 750, 750, 1060, 1060, 1940, 300, 1940, 670, 120, 710, 710, 1540, 880, 880, 20, 3080, 2480, 2480, 180, 180, 290, 12960, 12960, 140, 110, 340, 340, 110, 140, 14230, 1170, 660, 1170, 280, 280, 120, 140, 1120, 140, 1120, 700, 1340, 50, 1340, 660, 660, 9060, 630, 630, 170, 170, 170, 170, 360, 140, 140, 360, 130, 130, 470, 470, 80, 80, 3980, 0, 0, 1890, 120, 1890, 120, 660, 660, 800, 100, 100, 270, 270, 30, 30, 600, 600, 170, 170, 100, 100, 800, 20, 20, 610, 610, 120, 120, 580, 200, 470, 70, 70, 3490, 1460, 1460, 170, 170, 1180, 1180, 4840, 1990, 260, 470, 260, 470, 220, 220, 260, 220, 220, 2750, 530, 530, 250, 250, 1170, 1300, 1300, 580]"
2020-10-25 18:05:00+00:00,299140,1,305.0,"[9060, 310, 470, 310, 2360, 2360, 40, 40, 220, 220, 1060, 1060, 110, 860, 140, 140, 50, 50, 10, 160, 1230, 1230, 20, 970, 210, 660, 210, 450, 450, 100, 470, 40, 310, 470, 40, 310, 100, 770, 30, 30, 770, 280, 280, 930, 80, 930, 70, 80, 60, 60, 1260, 10, 10, 1260, 750, 2250, 2250, 80, 220, 220, 40, 40, 12550, 320, 1310, 1310, 30, 740, 740, 660, 660, 740, 740, 1170, 400, 1500, 570, 400, 1500, 630, 100, 100, 90, 200, 850, 90, 90, 590, 590, 100, 780, 100, 700, 700, 420, 380, 2960, 1890, 100, 120, 380, 490, 490, 7690, 7690, 260, 260, 330, 330, 60, 2060, 30, 2060, 590, 3290, 3290, 1040, 240, 240, 80, 80, 550, 1260, 1260, 7770, 950, 4190, 380, 380, 30, 30, 120, 120, 1040, 1040, 10, 10, 20, 20, 4340, 190, 190, 20, 20, 80, 3230, 3230, 160, 5060, 5060, 290, 1620, 90, 90, 330, 130, 130, 10, 10, 3840, 3840, 4060, 150, 150, 260, 840, 260, 840, 1780, 180, 180, 280, 40, 40, 1360, 20, 20, 180, 180, 240, 240, 190, 190, 860, 110, 80, 2230, 80, 2230, 1360, 480, 3260, 100, 100, 80, 4090, 4090, 10, 40, 670, 670, 0, 0, 280, 1100, 310, 310, 0, 0, 1580, 1580, 1740, 130, 130, 160, 160, 3520, 1060, 1060, 3280, 3280, 440, 410, 410, 590, 590, 870, 880, 880, 10, 860, 110, 50, 860, 20, 20, 360, 70, 70, 60, 490, 100, 5550, 60, 60, 240, 300, 300, 1260, 1260, 380, 2660, 260, 550, 550, 640, 50, 50, 100, 1930, 100, 90, 90, 130, 100, 40, 100, 220, 220, 1750, 1750, 60, 140, 140, 150, 150, 24810, 24810, 30, 300, 30, 310, 310, 140, 140, 820, 20, 50, 50, 30, 920, 920, 20, 270, 480, 270, 1580, 580, 20, 670, 670, 110, 110, 180, 910]"
2020-10-25 18:10:00+00:00,434330,5,259.0,"[140, 140, 1250, 1250, 1200, 1200, 30, 60, 1230, 80, 880, 120, 120, 3020, 110, 110, 10, 10, 160, 160, 210, 210, 130, 130, 660, 250, 3020, 3020, 100, 100, 240, 20820, 1550, 1550, 530, 530, 950, 950, 260, 260, 2020, 2020, 480, 380, 480, 380, 20, 20, 740, 740, 5710, 2290, 5710, 2290, 660, 4040, 590, 590, 220, 10, 200, 10, 210, 210, 70, 70, 160, 100, 160, 300, 100, 30, 690, 690, 340, 570, 570, 350, 350, 300, 26880, 300, 430, 430, 490, 490, 30, 30, 120, 120, 200, 200, 150, 150, 70, 20, 20, 530, 1510, 20, 350, 350, 590, 590, 250, 250, 1510, 350, 350, 170, 390, 170, 390, 870, 870, 1930, 250, 250, 230, 230, 40, 40, 40, 660, 660, 530, 530, 1070, 670, 1070, 670, 110, 67030, 67030, 1040, 1040, 340, 340, 80, 80, 1100, 1100, 30, 170, 170, 80, 80, 820, 450, 450, 660, 500, 500, 110, 240, 240, 2900, 2900, 80, 40, 170, 90, 90, 70, 70, 10, 10, 80, 80, 170, 170, 240, 0, 0, 60, 60, 310, 310, 100, 100, 700, 100, 90, 100, 90, 700, 60, 550, 320, 1090, 3660, 3660, 1090, 0, 500, 660, 40, 40, 190, 190, 21370, 21370, 330, 330, 30, 30, 150, 0, 150, 0, 6130, 1330, 8220, 8220, 70, 500, 70, 30, 4980, 4980, 840, 350, 350, 200, 230, 1530, 1530, 260, 20, 5900, 5900, 380, 380, 40, 19400, 40, 0, 0, 100, 100, 130, 130, 190, 100, 8390, 8390, 100, 200, 200, 20, 2050, 2050, 20, 120, 120, 20, 20, 190, 190]"
2020-10-25 18:15:00+00:00,211400,0,244.0,"[240, 240, 630, 630, 40, 40, 160, 160, 40, 40, 4840, 20, 20, 180, 180, 510, 70, 70, 770, 0, 0, 0, 0, 230, 80, 230, 80, 240, 2190, 2190, 80, 80, 10, 10, 0, 0, 520, 30, 30, 200, 200, 220, 220, 960, 960, 280, 280, 180, 180, 260, 260, 120, 120, 150, 100, 100, 60, 80, 80, 100, 100, 13190, 13190, 1040, 1040, 570, 570, 30, 380, 340, 890, 890, 3240, 300, 300, 150, 150, 130, 420, 640, 270, 420, 640, 960, 960, 320, 310, 310, 580, 250, 730, 730, 90, 3660, 3660, 1510, 1510, 21600, 530, 2240, 2240, 530, 770, 770, 320, 320, 90, 2920, 30, 30, 2920, 2920, 1970, 1970, 3560, 3560, 260, 260, 5110, 910, 910, 80, 350, 350, 490, 490, 120, 120, 250, 10, 100, 100, 310, 180, 180, 310, 850, 170, 170, 50, 50, 220, 220, 410, 410, 1660, 1660, 610, 160, 80, 80, 2210, 280, 2210, 270, 270, 380, 380, 260, 260, 710, 710, 730, 730, 180, 180, 10, 220, 10, 220, 80, 80, 40, 40, 30, 30, 20, 20, 1490, 1490, 3560, 3560, 160, 160, 60, 3560, 3560, 390, 1110, 240, 240, 670, 670, 1710, 90, 90, 280, 280, 90, 350, 350, 1130, 1130, 2920, 2920, 500, 500, 150, 150, 40, 40, 930, 950, 50, 50, 1230, 1220, 1220, 80, 80, 680, 2420, 50, 900, 50, 1230, 20, 20, 20, 130, 20, 70, 70, 7010, 1030, 1030, 180, 2200, 180, 2200, 180, 180, 40, 40]"
2020-10-25 18:20:00+00:00,289530,0,207.0,"[60, 470, 3060, 470, 580, 580, 70, 70, 280, 240, 560, 560, 460, 460, 630, 630, 1840, 470, 620, 250, 620, 50, 50, 80, 80, 40, 100, 1980, 1980, 290, 40, 40, 340, 340, 30, 6270, 1480, 1480, 680, 120, 680, 40, 40, 2250, 2250, 350, 280, 280, 190, 190, 640, 640, 880, 880, 2100, 2100, 20, 20, 290, 40, 290, 40, 50, 280, 280, 140, 140, 20, 20, 20, 20, 90, 30, 90, 1460, 1460, 1960, 100, 100, 420, 420, 40, 1790, 40, 1770, 1770, 270, 1050, 1050, 240, 380, 140, 380, 0, 0, 110, 110, 240, 240, 70, 70, 320, 320, 0, 0, 1770, 1770, 7230, 7230, 220, 1910, 1910, 60, 20, 20, 110, 50, 50, 110, 2920, 2920, 800, 800, 410, 30, 30, 20, 20, 570, 1370, 1370, 540, 540, 50, 50, 10, 70, 70, 50, 50, 50, 50, 260, 3920, 3920, 2180, 40, 40, 420, 420, 480, 480, 110, 110, 40, 630, 630, 10, 10, 4700, 7230, 910, 290, 290, 320, 320, 90, 90, 480, 480, 20, 20, 4570, 10, 10, 1130, 10, 10, 1160, 250, 250, 980, 980, 4570, 180, 180, 260, 180, 100, 100, 180, 760, 760, 26170, 1170, 1170, 20, 50, 20, 50, 760, 1130, 1130, 320, 320]"
2020-10-25 18:25:00+00:00,162100,0,201.0,"[370, 4980, 50, 50, 120, 20, 120, 20, 130, 10, 10, 130, 130, 1360, 90, 880, 960, 960, 2780, 2780, 2140, 390, 390, 70, 70, 440, 2170, 2170, 840, 1270, 1270, 650, 650, 130, 5210, 130, 1690, 760, 440, 440, 1670, 1670, 690, 690, 90, 90, 250, 250, 1540, 1540, 11500, 11500, 890, 370, 370, 890, 40, 40, 130, 130, 40, 40, 130, 190, 190, 680, 680, 800, 1980, 1980, 110, 540, 540, 80, 560, 560, 120, 70, 70, 130, 130, 260, 10, 10, 260, 1500, 50, 50, 10, 10, 780, 780, 230, 1390, 310, 310, 130, 130, 1070, 1440, 1440, 330, 330, 170, 170, 1150, 1150, 420, 420, 260, 310, 310, 260, 350, 350, 90, 60, 90, 60, 10, 10, 1050, 260, 1050, 260, 180, 180, 1380, 1380, 120, 180, 180, 5710, 10, 10, 130, 130, 20, 170, 170, 160, 160, 3400, 3400, 50, 50, 110, 110, 900, 10, 900, 10, 10, 320, 320, 320, 1840, 1840, 2460, 500, 500, 570, 570, 1350, 1350, 820, 410, 400, 400, 150, 150, 3080, 460, 460, 7230, 7230, 80, 80, 100, 100, 460, 460, 520, 520, 350, 350, 0, 0, 210, 70, 70, 40, 40, 80, 1290, 1290, 1660, 1660, 160, 160, 80]"
2020-10-25 18:30:00+00:00,229390,0,199.0,"[3510, 780, 780, 3510, 13430, 13430, 150, 530, 140, 530, 140, 10, 410, 280, 280, 100, 20, 100, 120, 120, 1340, 60, 60, 910, 90, 90, 170, 130, 1790, 1790, 160, 160, 390, 390, 280, 410, 410, 280, 290, 150, 240, 240, 240, 240, 230, 230, 90, 90, 1790, 1790, 410, 7360, 410, 80, 80, 250, 250, 230, 230, 1960, 1960, 190, 190, 360, 1800, 1800, 700, 700, 1960, 1960, 300, 180, 40910, 90, 90, 100, 20, 20, 100, 100, 40, 40, 1420, 1420, 8140, 60, 8140, 60, 90, 90, 1590, 150, 1590, 380, 380, 1540, 140, 5270, 10, 70, 70, 10, 5270, 510, 510, 50, 50, 660, 660, 40, 40, 40, 40, 200, 520, 520, 1260, 1260, 20, 160, 220, 80, 80, 660, 660, 410, 410, 2470, 2470, 920, 920, 5270, 400, 400, 490, 270, 490, 270, 110, 110, 20, 20, 510, 510, 0, 120, 11600, 11600, 1870, 4760, 4760, 890, 40, 960, 50, 50, 960, 600, 330, 600, 330, 170, 170, 4440, 410, 410, 170, 170, 120, 120, 710, 710, 20, 130, 240, 130, 20, 130, 20, 100, 30, 240, 30, 240, 90, 90, 800, 330, 140, 330, 10, 240, 10, 240, 90, 90, 30, 40, 40]"
2020-10-25 18:35:00+00:00,273670,2,190.0,"[980, 980, 50, 1880, 50, 1880, 30, 30, 700, 700, 230, 230, 20, 10, 10, 380, 180, 110, 110, 970, 970, 200, 200, 30, 30, 80, 30, 30, 8630, 8630, 200, 200, 2280, 2280, 100, 100, 230, 230, 2450, 2450, 8390, 120, 120, 110, 110, 40, 40, 340, 340, 120, 120, 120, 120, 80, 80, 390, 390, 370, 370, 480, 320, 1360, 1220, 1220, 20, 1910, 230, 230, 190, 190, 10, 10, 10, 230, 230, 170, 170, 190, 190, 10, 10, 50, 50, 2380, 2380, 600, 600, 27970, 27970, 150, 150, 320, 570, 550, 570, 550, 150, 150, 150, 3400, 3400, 850, 850, 840, 840, 830, 830, 500, 500, 940, 30, 30, 500, 500, 190, 190, 240, 240, 280, 1060, 60, 60, 610, 140, 140, 140, 100, 100, 110, 110, 740, 740, 50, 50, 100, 100, 750, 750, 630, 40, 40, 420, 1670, 420, 1670, 320, 380, 380, 90, 260, 260, 50, 50, 2470, 620, 100, 100, 620, 1670, 1670, 25340, 620, 11450, 1000, 1000, 2260, 2260, 25340, 2280, 2280, 80, 80, 320, 320, 10440, 10440, 0, 960, 960, 40, 5270, 5270, 2570, 2570, 10, 10, 50, 50, 10, 10]"
2020-10-25 18:40:00+00:00,239350,1,202.0,"[970, 970, 260, 260, 2610, 170, 170, 120, 120, 220, 220, 320, 320, 360, 360, 500, 500, 290, 200, 200, 20, 20, 260, 140, 140, 260, 30, 30, 120, 120, 30, 30, 280, 280, 200, 200, 50, 50, 4090, 970, 2570, 2570, 10, 70, 70, 10, 640, 640, 770, 770, 530, 530, 210, 1170, 210, 230, 230, 30, 30, 100, 30, 1650, 210, 10, 10, 210, 1140, 40, 630, 40, 320, 40, 320, 12080, 850, 210, 210, 720, 720, 60, 60, 550, 550, 2950, 160, 160, 410, 410, 60, 60, 600, 190, 190, 290, 290, 120, 450, 60, 50, 450, 50, 60, 3080, 3080, 1060, 1060, 2300, 2300, 30, 30, 360, 360, 900, 760, 900, 620, 620, 120, 210, 210, 120, 3110, 3110, 1670, 7680, 7680, 40, 40, 40, 40, 470, 470, 680, 680, 560, 600, 1150, 1150, 800, 300, 300, 700, 40, 40, 990, 990, 1220, 1220, 50, 1690, 1690, 550, 550, 90, 320, 320, 1160, 310, 310, 740, 740, 660, 660, 1990, 1990, 100, 100, 2720, 2720, 100, 750, 750, 80, 1250, 430, 1250, 430, 3280, 3280, 130, 130, 740, 740, 510, 1280, 120, 120, 1800, 1800, 60, 60, 50, 50, 170, 170, 720, 720, 280, 280, 40, 40]"
2020-10-25 18:45:00+00:00,494700,6,199.0,"[2530, 2530, 1090, 5270, 5270, 1770, 360, 360, 160, 160, 2480, 40, 290, 290, 0, 0, 60, 50, 50, 280, 1540, 280, 10, 10, 30, 510, 30, 510, 370, 370, 890, 890, 140, 140, 5270, 5270, 100, 200, 580, 580, 9500, 9500, 7180, 7180, 8080, 8080, 80, 450, 450, 80, 1520, 260, 260, 110, 1520, 110, 2130, 2130, 50, 50, 1870, 130, 120, 120, 530, 530, 2220, 110, 110, 1040, 1040, 490, 490, 370, 370, 70, 170, 220, 220, 3730, 3730, 350, 350, 140, 20, 140, 20, 1190, 1190, 260, 260, 180, 300, 180, 300, 3120, 3120, 1330, 1330, 470, 470, 390, 680, 680, 60, 60, 1520, 1520, 200, 200, 2100, 2100, 850, 850, 20, 20, 80, 80, 780, 90, 780, 90, 10, 290, 10, 20, 20, 70, 70, 40, 40, 140, 200, 140, 350, 200, 350, 10, 10, 30, 40, 30, 40, 590, 520, 520, 170, 170, 270, 270, 40, 170, 40, 139740, 3450, 3450, 139740, 400, 400, 290, 290, 4340, 1790, 1790, 1440, 1440, 350, 350, 12760, 12760, 110, 40, 40, 570, 540, 540, 140, 30, 30, 20, 20, 20, 20, 680, 680, 2130, 2130, 440, 440, 400, 400, 240, 120, 270, 270, 310, 310]"
2020-10-25 18:50:00+00:00,176750,0,190.0,"[20, 20, 40, 40, 880, 680, 680, 40, 40, 50, 1580, 810, 530, 530, 3380, 3380, 270, 1690, 1690, 240, 240, 150, 150, 970, 970, 70, 150, 150, 70, 2200, 2200, 1560, 1560, 200, 200, 4220, 4220, 380, 520, 520, 180, 220, 220, 120, 2050, 120, 2490, 580, 580, 1570, 510, 700, 700, 2630, 5600, 5600, 260, 40, 5690, 5690, 1910, 1050, 1910, 610, 610, 40, 40, 1120, 660, 660, 20, 20, 340, 340, 30, 30, 2630, 2630, 590, 180, 590, 70, 50, 770, 770, 50, 1190, 1190, 200, 200, 140, 140, 610, 610, 560, 560, 20, 1870, 5800, 5800, 400, 180, 180, 240, 240, 0, 0, 380, 380, 160, 90, 90, 560, 560, 40, 40, 70, 70, 20, 20, 10, 10, 1790, 1790, 70, 70, 260, 260, 10, 10, 2530, 2530, 1540, 1540, 210, 210, 1160, 110, 1160, 110, 40, 40, 1650, 200, 200, 340, 340, 2830, 670, 670, 2830, 40, 40, 50, 50, 890, 120, 120, 890, 850, 850, 190, 190, 480, 480, 1040, 1040, 20, 20, 30, 2220, 30, 2220, 430, 430, 10060, 10060, 1020, 1020, 220, 260, 280, 280, 110, 80, 110, 110, 80, 990, 990]"
2020-10-25 18:55:00+00:00,198410,0,197.0,"[190, 190, 660, 660, 100, 100, 630, 630, 440, 270, 270, 310, 0, 0, 920, 920, 80, 0, 0, 510, 510, 420, 520, 520, 900, 900, 100, 100, 100, 3150, 3150, 850, 850, 1370, 1370, 90, 90, 560, 560, 290, 290, 300, 300, 1270, 1270, 650, 650, 220, 220, 1760, 1760, 140, 670, 760, 140, 670, 760, 230, 230, 140, 140, 1870, 220, 220, 90, 90, 360, 70, 360, 70, 520, 10, 10, 40, 40, 170, 100, 170, 130, 130, 10, 10, 800, 800, 430, 430, 2560, 2560, 530, 530, 2970, 18660, 18660, 2630, 50, 50, 2970, 540, 540, 2050, 2050, 1210, 130, 150, 150, 580, 5270, 20, 5270, 20, 60, 60, 360, 360, 260, 240, 240, 260, 50, 50, 120, 120, 230, 230, 220, 220, 280, 170, 170, 170, 170, 480, 200, 200, 480, 530, 530, 2420, 2420, 60, 60, 160, 160, 170, 170, 140, 140, 570, 1520, 1520, 5270, 5270, 50, 170, 170, 150, 150, 60, 60, 50, 50, 20, 330, 330, 20, 1940, 1940, 2000, 110, 2000, 110, 520, 520, 60, 10, 10, 60, 2000, 2000, 20, 20, 160, 160, 140, 18660, 18660, 1360, 1360, 610, 610, 670, 670, 170, 170, 100, 160, 160]"
2020-10-25 19:00:00+00:00,181580,1,189.0,"[280, 280, 10, 10, 80, 220, 80, 160, 160, 1540, 90, 90, 1500, 1500, 10, 70, 150, 150, 50, 10, 10, 50, 1010, 340, 340, 50, 50, 50, 70, 70, 130, 130, 90, 330, 330, 2000, 100, 2000, 580, 580, 520, 60, 60, 260, 260, 1050, 1050, 2290, 1920, 1920, 620, 620, 100, 100, 580, 580, 170, 130, 460, 460, 130, 50, 460, 0, 0, 40, 2100, 480, 480, 150, 150, 100, 40, 40, 1640, 1640, 260, 260, 160, 40, 160, 20, 20, 1680, 1680, 100, 1610, 1610, 1700, 40, 1700, 10, 10, 20, 40, 40, 20, 4060, 420, 420, 6740, 3600, 3600, 140, 140, 200, 360, 360, 450, 1300, 1300, 450, 130, 130, 130, 130, 2480, 2480, 30, 30, 10, 10, 930, 1300, 100, 1300, 100, 570, 220, 220, 50, 5990, 20, 20, 5990, 100, 100, 30, 30, 210, 130, 420, 420, 10, 10, 1480, 40, 40, 220, 1360, 220, 0, 0, 120, 1290, 1290, 180, 180, 1450, 10, 1450, 10, 420, 420, 2310, 2310, 370, 40, 40, 32420, 990, 990, 5260, 9160, 5260, 1080, 9160, 1080, 680, 260, 260, 2220, 2220, 10, 10, 610, 610, 20, 20]"
2020-10-25 19:05:00+00:00,139910,0,140.0,"[220, 150, 150, 340, 340, 220, 220, 680, 680, 1180, 1180, 70, 560, 560, 70, 30, 30, 210, 160, 130, 130, 160, 0, 320, 0, 320, 2920, 2920, 190, 60, 190, 60, 60, 110, 110, 120, 120, 320, 1820, 1820, 2610, 430, 430, 40, 40, 600, 790, 4670, 790, 4670, 430, 430, 40, 160, 240, 160, 20, 20, 130, 130, 200, 320, 570, 570, 1210, 1150, 1150, 50, 260, 4680, 4680, 550, 550, 450, 200, 200, 1070, 3900, 30, 20, 20, 520, 430, 430, 810, 80, 810, 140, 140, 110, 28840, 28840, 50, 40, 530, 40, 530, 660, 660, 220, 460, 460, 10, 10, 60, 60, 70, 70, 30, 30, 260, 260, 190, 190, 10, 10, 550, 30, 30, 550, 2240, 2240, 460, 910, 460, 910, 500, 500, 720, 2070, 420, 420, 30, 30, 10, 940, 940, 600, 600, 100]"
2020-10-25 19:10:00+00:00,344360,8,147.0,"[2500, 180, 180, 2500, 240, 240, 150, 6680, 6680, 120, 410, 130, 130, 1130, 1130, 1220, 1220, 50, 50, 50, 50, 10, 10, 240, 240, 220, 220, 540, 540, 4870, 220, 10, 10, 260, 220, 260, 60, 140, 110, 140, 110, 290, 290, 660, 660, 1000, 1000, 220, 220, 150, 1240, 370, 150, 620, 220, 620, 220, 10, 50, 220, 220, 490, 490, 30, 30, 20, 20, 120, 120, 240, 220, 80, 80, 9200, 9200, 90, 90, 1150, 1150, 290, 40, 40, 1000, 1000, 2280, 1220, 2280, 570, 570, 90, 90, 160, 160, 3730, 160, 160, 50, 1760, 140, 1370, 1370, 40, 40, 220, 2280, 2280, 2640, 2640, 250, 410, 410, 780, 780, 160, 160, 220, 190, 190, 40, 40, 190, 27360, 27360, 390, 190, 190, 70510, 70510, 1190, 370, 1430, 370, 540, 540, 1430, 990, 400, 400, 2070, 3780, 3780, 160, 160, 2500, 510]"
2020-10-25 19:15:00+00:00,125410,0,146.0,"[210, 210, 720, 220, 190, 190, 10, 10, 10, 10, 10, 10, 180, 190, 260, 260, 2550, 2550, 160, 160, 160, 40, 7670, 7670, 2320, 2320, 1410, 1410, 30, 30, 370, 370, 600, 600, 80, 80, 5960, 20, 20, 140, 140, 180, 1000, 1000, 11190, 30, 20, 20, 30, 30, 30, 1420, 1420, 400, 400, 110, 110, 5270, 420, 0, 0, 640, 640, 2640, 2640, 380, 380, 910, 560, 560, 110, 260, 260, 50, 50, 190, 190, 140, 160, 160, 210, 210, 610, 610, 70, 70, 20, 940, 940, 90, 90, 1360, 590, 20, 140, 590, 390, 390, 3140, 3140, 620, 2500, 620, 2500, 130, 130, 450, 450, 270, 270, 880, 880, 160, 160, 160, 90, 90, 5270, 5270, 7670, 340, 140, 140, 340, 650, 650, 130, 90, 130, 90, 600, 600, 480, 340, 340, 480, 130, 130, 1470, 540, 270, 580, 580, 270, 80, 80]"
2020-10-25 19:20:00+00:00,129100,0,163.0,"[10, 30, 30, 10, 1360, 1360, 50, 50, 260, 260, 80, 80, 120, 120, 260, 260, 100, 380, 380, 20, 20, 310, 310, 3330, 230, 230, 2000, 2000, 100, 100, 2420, 80, 80, 80, 80, 30, 3330, 3330, 30, 100, 100, 60, 60, 2900, 2900, 610, 610, 370, 370, 560, 290, 290, 130, 130, 180, 170, 960, 170, 80, 80, 90, 1450, 1450, 60, 60, 330, 330, 380, 380, 90, 90, 260, 3220, 3220, 90, 5460, 100, 260, 160, 1010, 14780, 30, 30, 40, 170, 170, 150, 150, 170, 170, 20, 20, 450, 2030, 2030, 170, 60, 60, 170, 560, 560, 90, 430, 430, 130, 40, 130, 40, 430, 430, 480, 480, 810, 810, 6930, 6930, 750, 750, 110, 2860, 210, 210, 560, 560, 300, 6930, 6930, 80, 80, 270, 270, 970, 970, 20, 20, 140, 140, 530, 530, 970, 970, 10, 10, 540, 540, 560, 560, 80, 80, 1470, 1580, 1580, 100, 20, 20, 570, 570, 490, 490, 70, 70, 30, 30]"
2020-10-25 19:25:00+00:00,138350,0,148.0,"[560, 210, 70, 10, 210, 10, 70, 360, 360, 530, 230, 230, 490, 490, 1120, 1120, 270, 270, 280, 280, 550, 540, 540, 360, 670, 50, 50, 230, 230, 8450, 8450, 2040, 300, 300, 320, 6340, 6340, 6340, 6340, 70, 70, 70, 70, 180, 180, 270, 700, 700, 7080, 80, 80, 220, 220, 380, 380, 540, 200, 540, 200, 820, 820, 1460, 1460, 120, 10, 10, 1360, 1360, 6530, 6530, 1560, 1560, 940, 580, 580, 40, 40, 300, 300, 20, 20, 150, 150, 2120, 2120, 1630, 10, 1630, 110, 60, 770, 770, 1790, 1790, 550, 550, 520, 520, 230, 2370, 230, 2370, 1150, 30, 180, 170, 170, 960, 960, 20, 90, 90, 460, 1570, 1570, 460, 80, 80, 10, 10, 10, 10, 140, 140, 140, 430, 430, 510, 510, 70, 70, 60, 60, 3160, 200, 200, 960, 960, 890, 890, 50, 200, 90, 90, 2280, 2280, 380, 380]"
2020-10-25 19:30:00+00:00,159100,2,169.0,"[30, 30, 90, 90, 480, 480, 130, 130, 270, 270, 270, 270, 160, 160, 0, 0, 190, 190, 90, 90, 250, 250, 380, 380, 460, 460, 370, 370, 1420, 1420, 90, 170, 170, 20, 10900, 10900, 20, 20, 2500, 20, 2500, 10, 10, 130, 130, 1160, 1160, 980, 980, 3350, 3350, 180, 10, 10, 150, 150, 130, 1670, 120, 50, 50, 640, 640, 530, 40, 290, 290, 40, 1750, 80, 80, 210, 210, 140, 140, 290, 290, 210, 80, 210, 80, 20, 20, 20, 20, 10, 1540, 1540, 10, 1800, 160, 160, 380, 380, 160, 160, 60, 60, 550, 370, 370, 20, 250, 20, 280, 280, 40, 460, 460, 40, 660, 660, 7170, 430, 20, 20, 460, 460, 230, 230, 140, 1220, 50, 50, 1220, 210, 210, 40, 110, 40, 110, 380, 5660, 5660, 200, 90, 90, 120, 120, 330, 330, 6760, 460, 6760, 18620, 18620, 80, 180, 180, 410, 0, 0, 250, 250, 180, 180, 340, 340, 180, 180, 280, 280, 1330, 1330, 40, 40, 160, 160]"
2020-10-25 19:35:00+00:00,206810,0,143.0,"[30, 6090, 150, 150, 130, 130, 110, 220, 220, 530, 540, 540, 10, 10, 130, 130, 470, 100, 100, 3140, 3140, 390, 390, 30, 30, 230, 230, 3440, 120, 120, 11220, 11220, 60, 60, 10, 10, 730, 730, 90, 90, 22330, 22330, 240, 160, 160, 80, 80, 22330, 22330, 530, 20, 20, 290, 30, 30, 20, 830, 830, 150, 150, 400, 400, 1820, 1820, 80, 80, 120, 120, 70, 190, 100, 100, 190, 510, 510, 710, 1840, 1840, 710, 40, 590, 590, 290, 50, 50, 1670, 1670, 40, 40, 140, 140, 1240, 1240, 200, 200, 360, 360, 14340, 14340, 190, 990, 990, 220, 110, 110, 260, 260, 350, 350, 640, 60, 1280, 500, 500, 20, 200, 200, 2020, 2020, 30, 420, 260, 260, 40, 120, 120, 140, 140, 1390, 430, 430, 130, 130, 740, 740, 80, 150, 70, 70, 1950, 210, 40, 40]"
2020-10-25 19:40:00+00:00,109620,2,140.0,"[480, 480, 540, 540, 610, 610, 9180, 80, 780, 780, 11430, 11430, 420, 420, 410, 410, 550, 550, 80, 80, 160, 160, 610, 610, 10, 10, 170, 170, 510, 510, 140, 140, 480, 480, 80, 1080, 60, 60, 240, 240, 420, 420, 130, 20, 140, 140, 280, 280, 60, 60, 60, 160, 160, 60, 60, 10, 250, 20, 20, 20, 20, 110, 330, 200, 330, 100, 100, 30, 330, 330, 90, 90, 1110, 1110, 2000, 30, 920, 20, 920, 240, 90, 90, 480, 1410, 1410, 500, 570, 130, 130, 450, 450, 520, 520, 660, 660, 390, 390, 100, 100, 1000, 1000, 60, 60, 160, 160, 90, 90, 22910, 430, 430, 90, 710, 710, 2180, 2180, 100, 100, 1760, 1760, 220, 220, 360, 360, 190, 190, 420, 340, 340, 220, 70, 220, 70, 500, 70, 640, 640, 880, 400, 400, 880]"
2020-10-25 19:45:00+00:00,117650,0,130.0,"[130, 130, 1010, 6480, 110, 110, 130, 130, 290, 290, 300, 300, 20, 20, 270, 10, 10, 160, 160, 1530, 10090, 410, 410, 30, 140, 200, 200, 180, 180, 200, 200, 50, 50, 20, 330, 90, 90, 1810, 220, 220, 11350, 11350, 50, 3250, 3250, 90, 90, 280, 980, 280, 980, 180, 20, 440, 440, 220, 30, 30, 1500, 1500, 290, 50, 50, 270, 270, 720, 720, 220, 220, 2930, 2930, 340, 340, 420, 420, 9340, 9340, 730, 420, 70, 70, 200, 240, 240, 180, 220, 280, 280, 1120, 120, 2770, 1440, 130, 150, 130, 150, 680, 10, 10, 170, 3860, 2770, 140, 140, 810, 810, 10, 10, 300, 300, 180, 180, 200, 200, 70, 70, 100, 590, 590, 180, 180, 330, 670, 2770, 240, 80, 80, 50, 20, 20]"
2020-10-25 19:50:00+00:00,103070,0,96.0,"[40, 40, 120, 120, 560, 560, 320, 320, 320, 320, 10, 10, 20, 20, 30, 30, 60, 60, 820, 230, 530, 530, 3050, 3050, 3090, 3090, 50, 50, 360, 360, 580, 580, 260, 19290, 290, 180, 1490, 180, 390, 390, 250, 250, 410, 410, 770, 1200, 1200, 230, 230, 1970, 10, 10, 410, 410, 90, 90, 3140, 190, 190, 1000, 1000, 340, 340, 290, 80, 80, 1370, 1370, 60, 60, 50, 50, 1730, 1730, 70, 70, 1490, 620, 620, 3030, 330, 330, 210, 5360, 1400, 5360, 100, 100, 260, 170, 1550, 1550, 440, 440, 8380, 8380]"
2020-10-25 19:55:00+00:00,396060,4,120.0,"[900, 900, 240, 240, 2660, 100, 100, 980, 970, 970, 980, 820, 500, 500, 220, 220, 8190, 490, 1540, 240, 100, 260, 260, 490, 230, 230, 2020, 2020, 5620, 5620, 340, 340, 3080, 3080, 2200, 100, 400, 60, 70, 470, 470, 2720, 160, 2720, 160, 50, 50, 430, 430, 25780, 25780, 210, 210, 5330, 47320, 47320, 160, 160, 0, 0, 320, 10, 320, 10, 47320, 47320, 510, 510, 1720, 1360, 1360, 110, 370, 660, 660, 60, 60, 290, 290, 500, 80, 80, 1720, 120, 80, 80, 190, 190, 440, 440, 40, 40, 260, 70, 260, 10, 10, 2750, 2750, 12910, 40, 600, 600, 110, 110, 13110, 13110, 4160, 4160, 220, 220, 10, 10, 100, 100, 3170, 3170, 2750, 7910, 7910]"
2020-10-25 20:00:00+00:00,204440,0,120.0,"[910, 380, 140, 140, 720, 720, 160, 160, 360, 360, 430, 430, 50, 50, 21510, 21510, 150, 150, 350, 3600, 350, 3600, 110, 110, 1200, 2960, 2960, 3600, 3600, 10630, 10630, 50, 50, 260, 220, 260, 220, 220, 220, 3430, 3430, 1330, 80, 80, 130, 1170, 1170, 10, 10, 360, 360, 620, 620, 1230, 1230, 740, 200, 200, 1150, 1150, 470, 470, 610, 610, 980, 980, 2190, 2190, 350, 10, 10, 2570, 430, 430, 5520, 5520, 1450, 1450, 1160, 200, 200, 13860, 13860, 260, 30, 30, 5880, 80, 260, 80, 260, 60, 1520, 2070, 2070, 160, 160, 10, 10, 480, 480, 510, 510, 40, 2600, 2600, 40, 110, 4630, 610, 390, 390, 290, 290, 480, 480, 450, 450, 3960, 3960]"
2020-10-25 20:05:00+00:00,89170,0,131.0,"[1040, 1040, 910, 910, 70, 860, 860, 70, 600, 250, 2600, 2600, 170, 1520, 170, 1520, 60, 120, 120, 10, 10, 560, 2550, 720, 110, 720, 110, 470, 470, 170, 170, 20, 20, 120, 120, 40, 30, 40, 40, 80, 80, 2340, 40, 40, 10, 10, 20, 20, 3740, 210, 210, 3740, 3740, 80, 80, 90, 90, 80, 1510, 1510, 910, 210, 210, 300, 110, 110, 1120, 1120, 560, 130, 130, 560, 120, 240, 240, 20, 2670, 2670, 170, 170, 90, 90, 30, 0, 0, 1740, 1740, 490, 490, 180, 180, 730, 160, 160, 1210, 3220, 3220, 1130, 160, 160, 180, 180, 220, 220, 410, 150, 150, 1640, 1640, 1110, 20, 20, 1240, 2480, 560, 2480, 50, 120, 120, 120, 120, 100, 100, 780, 80, 80, 220, 3740, 3740, 220, 220]"
2020-10-25 20:10:00+00:00,76610,0,90.0,"[20, 20, 60, 60, 20, 20, 540, 220, 220, 420, 1940, 1940, 100, 1650, 170, 170, 530, 530, 1630, 150, 150, 1940, 1940, 100, 100, 720, 720, 200, 50, 50, 890, 890, 220, 60, 930, 60, 230, 230, 0, 0, 170, 170, 410, 410, 640, 640, 5740, 5740, 40, 40, 550, 530, 530, 120, 50, 50, 680, 680, 7290, 7290, 1100, 1100, 720, 1610, 1610, 40, 40, 3460, 3460, 420, 620, 620, 240, 240, 10, 2650, 10, 110, 110, 420, 60, 60, 3020, 3020, 10, 10, 80, 80, 10, 10]"
2020-10-25 20:15:00+00:00,155190,2,124.0,"[10, 800, 800, 330, 330, 160, 7740, 7740, 180, 180, 160, 70, 160, 20, 110, 110, 2370, 70, 1320, 1320, 10, 10, 90, 90, 120, 10, 30, 130, 130, 270, 250, 250, 360, 240, 240, 0, 0, 100, 100, 2720, 2720, 0, 0, 40, 160, 160, 160, 80, 400, 50, 400, 80, 50, 880, 880, 10, 10, 80, 1680, 1680, 330, 100, 5820, 10, 10, 30, 2720, 2720, 310, 310, 460, 460, 360, 360, 6040, 560, 6040, 1230, 810, 810, 310, 310, 10410, 10410, 1500, 150, 150, 3260, 40, 300, 300, 2120, 1510, 2120, 120, 120, 310, 310, 3560, 3560, 20, 500, 500, 770, 770, 40, 40, 580, 580, 190, 130, 110, 130, 110, 850, 3220, 150, 40, 40, 450, 800, 800]"
2020-10-25 20:20:00+00:00,116140,0,131.0,"[490, 490, 250, 390, 390, 5100, 5100, 7090, 7090, 30, 610, 610, 390, 390, 3970, 190, 190, 190, 250, 790, 790, 220, 180, 220, 590, 290, 290, 1500, 370, 370, 970, 300, 300, 100, 30, 510, 510, 80, 780, 780, 480, 480, 80, 400, 400, 90, 100, 100, 40, 310, 310, 70, 70, 720, 1220, 1220, 120, 120, 190, 30, 30, 20, 20, 3560, 3560, 100, 100, 330, 330, 30, 30, 240, 240, 4340, 4340, 3560, 3560, 670, 2470, 2470, 140, 420, 420, 2280, 2280, 1180, 1180, 990, 990, 10, 10, 10, 120, 120, 360, 360, 210, 210, 180, 180, 1270, 2200, 2200, 80, 3690, 960, 960, 120, 120, 220, 220, 240, 240, 20, 20, 950, 420, 420, 1220, 1020, 1020, 2000, 2000, 300, 520, 150, 520, 150, 300, 300, 910]"
2020-10-25 20:25:00+00:00,426760,0,112.0,"[380, 380, 870, 86990, 86990, 1060, 1060, 140, 160, 160, 1520, 260, 260, 1520, 7660, 30, 30, 240, 240, 950, 140, 140, 180, 180, 30, 30, 590, 590, 200, 200, 2420, 2420, 2130, 2130, 4000, 2970, 2970, 260, 260, 50, 50, 2420, 2420, 6150, 40, 10, 10, 10, 10, 190, 190, 370, 370, 1360, 8040, 10, 10, 120, 120, 60, 60, 200, 200, 80, 80, 260, 260, 260, 260, 420, 420, 50, 110, 110, 3970, 3500, 3500, 190, 380, 380, 30, 30, 30, 820, 820, 830, 830, 1100, 3020, 3020, 220, 220, 3020, 3020, 20, 2070, 2070, 300, 70, 70, 760, 760, 170, 50, 170, 600, 140, 140, 510, 510]"
2020-10-25 20:30:00+00:00,120890,0,124.0,"[570, 570, 4330, 30, 310, 30, 310, 2310, 2310, 130, 60, 1840, 1840, 30, 30, 590, 590, 110, 110, 200, 2740, 2740, 200, 210, 210, 240, 240, 520, 670, 570, 40, 40, 1580, 1580, 830, 830, 70, 70, 1280, 1280, 70, 120, 150, 150, 30, 300, 300, 830, 830, 1790, 1790, 120, 1760, 1760, 10, 10, 9920, 270, 790, 790, 310, 310, 400, 3060, 450, 450, 60, 1780, 1780, 430, 430, 80, 80, 5500, 5500, 900, 370, 980, 3530, 3530, 240, 240, 130, 130, 140, 390, 390, 3770, 860, 860, 210, 100, 100, 190, 190, 5170, 5170, 10, 10, 850, 850, 400, 400, 2160, 350, 350, 2160, 870, 870, 500, 500, 2280, 2280, 490, 490, 770, 320, 320, 150, 150, 130, 130, 430, 430]"
2020-10-25 20:35:00+00:00,178680,0,118.0,"[10, 10, 120, 9240, 50, 9240, 50, 19860, 10, 40, 40, 360, 710, 40, 40, 60, 3720, 3720, 170, 170, 140, 90, 90, 1820, 580, 150, 680, 680, 70, 2480, 4680, 1250, 1250, 1630, 1370, 190, 190, 100, 100, 120, 70, 120, 1420, 3720, 3720, 190, 190, 10200, 10, 10, 46440, 40, 40, 100, 710, 160, 210, 100, 100, 850, 850, 270, 4130, 270, 590, 590, 950, 300, 300, 230, 950, 290, 2370, 2090, 2090, 60, 60, 550, 550, 710, 20, 20, 0, 0, 60, 60, 230, 1080, 1080, 4000, 600, 2800, 110, 110, 1840, 1840, 130, 130, 120, 120, 280, 280, 20, 20, 280, 280, 30, 30, 690, 690, 1370, 40, 1370, 2470, 2470, 630, 630, 830]"
2020-10-25 20:40:00+00:00,90520,0,97.0,"[10, 800, 10, 800, 4600, 1000, 4600, 2790, 210, 210, 190, 190, 90, 90, 950, 2510, 2510, 440, 40, 40, 70, 80, 80, 80, 20, 550, 90, 90, 2100, 2100, 20, 20, 580, 580, 740, 3220, 3220, 50, 50, 430, 430, 320, 320, 110, 90, 110, 110, 290, 290, 10, 10, 6870, 6870, 460, 240, 240, 70, 70, 340, 340, 1370, 1380, 10, 10, 30, 140, 140, 810, 1420, 50, 50, 13290, 470, 360, 360, 60, 60, 70, 70, 190, 4310, 2100, 2100, 60, 0, 3720, 60, 60, 20, 10, 1380, 1380, 250, 250, 220, 220, 200]"
2020-10-25 20:45:00+00:00,71040,0,79.0,"[40, 680, 680, 2460, 2460, 1870, 1870, 110, 110, 410, 410, 2310, 2310, 30, 30, 150, 150, 460, 1370, 1370, 560, 560, 730, 3150, 50, 50, 2420, 210, 100, 320, 120, 120, 10, 10, 370, 370, 260, 260, 50, 1560, 1560, 1610, 20, 530, 530, 150, 1330, 80, 80, 80, 7810, 20, 20, 50, 50, 1480, 180, 180, 830, 140, 140, 320, 20, 320, 20, 280, 330, 16410, 510, 510, 50, 50, 40, 2570, 120, 290, 290, 740, 740]"
2020-10-25 20:50:00+00:00,83190,0,92.0,"[710, 710, 3330, 3330, 680, 680, 15370, 15370, 460, 460, 70, 180, 180, 240, 240, 20, 10, 10, 600, 600, 460, 460, 300, 670, 670, 60, 3020, 1300, 1300, 20, 20, 120, 120, 340, 340, 10, 10, 50, 50, 1320, 120, 1780, 10, 10, 850, 150, 40, 40, 280, 30, 30, 170, 170, 260, 3750, 30, 460, 50, 0, 290, 290, 260, 260, 550, 550, 220, 250, 0, 1880, 3690, 3690, 460, 460, 800, 800, 1880, 130, 130, 390, 60, 60, 400, 400, 600, 600, 430, 430, 30, 30, 970, 40, 40]"
2020-10-25 20:55:00+00:00,76040,0,96.0,"[50, 4080, 8370, 8370, 20, 20, 900, 20, 20, 720, 720, 90, 20, 90, 20, 130, 130, 80, 80, 30, 30, 50, 50, 2280, 2280, 490, 490, 80, 80, 10, 0, 10, 0, 3490, 100, 100, 550, 550, 350, 470, 50, 50, 0, 0, 240, 20, 30, 30, 3500, 880, 880, 900, 900, 670, 670, 30, 80, 3950, 80, 3950, 20, 430, 430, 220, 10, 10, 6330, 6330, 250, 2370, 40, 40, 480, 480, 240, 810, 810, 240, 230, 230, 30, 160, 160, 60, 60, 970, 970, 90, 90, 80, 160, 160, 150, 240, 240, 90]"
2020-10-25 21:00:00+00:00,108640,0,87.0,"[200, 220, 1140, 50, 220, 1140, 1430, 1430, 430, 430, 20, 20, 400, 10, 10, 160, 160, 710, 710, 80, 160, 80, 160, 20, 20, 360, 360, 4610, 1570, 220, 30, 2280, 2280, 580, 580, 390, 600, 600, 90, 70, 70, 10, 10, 90, 90, 50, 50, 260, 260, 70, 70, 310, 310, 460, 460, 180, 1130, 1130, 180, 2560, 2560, 170, 170, 10, 50, 50, 2280, 260, 260, 7010, 60, 190, 190, 870, 170, 170, 30, 30, 120, 120, 590, 170, 170, 300, 300, 30280, 30280]"
2020-10-25 21:05:00+00:00,66310,0,101.0,"[1100, 1100, 890, 890, 140, 140, 10, 10, 890, 430, 430, 890, 410, 680, 680, 780, 780, 430, 90, 90, 490, 490, 9530, 9530, 40, 40, 40, 40, 0, 0, 640, 640, 1090, 1090, 150, 150, 320, 320, 160, 160, 30, 2330, 80, 80, 280, 280, 500, 500, 430, 430, 40, 2380, 2380, 80, 80, 10, 10, 490, 380, 380, 40, 40, 50, 50, 20, 20, 60, 300, 30, 300, 280, 280, 0, 0, 180, 180, 80, 80, 170, 1070, 510, 510, 740, 740, 30, 680, 250, 250, 10, 2280, 10, 2480, 2480, 220, 220, 2280, 60, 2280, 60, 20, 20]"
2020-10-25 21:10:00+00:00,95070,0,88.0,"[230, 230, 200, 2280, 2280, 280, 160, 160, 280, 150, 150, 680, 680, 0, 110, 130, 130, 350, 350, 110, 90, 90, 9520, 9520, 2980, 2980, 170, 170, 330, 330, 160, 160, 240, 240, 780, 780, 20, 20, 440, 440, 60, 60, 630, 1570, 630, 1570, 2880, 2880, 1610, 1610, 1390, 1390, 2280, 2280, 2280, 2280, 150, 150, 610, 610, 2190, 2190, 100, 100, 220, 50, 790, 410, 2590, 2590, 80, 80, 4350, 4350, 160, 160, 590, 690, 690, 1150, 1400, 20, 20, 2190, 2190, 280, 60, 60]"
2020-10-25 21:15:00+00:00,140300,2,100.0,"[2880, 260, 260, 150, 150, 60, 300, 320, 320, 4670, 320, 640, 320, 140, 140, 150, 150, 370, 370, 11190, 11190, 340, 340, 10, 20, 10, 380, 380, 18800, 70, 70, 3700, 370, 370, 60, 460, 60, 460, 40, 40, 140, 140, 200, 410, 200, 1350, 1350, 360, 360, 1240, 3360, 30, 30, 320, 320, 2990, 120, 2990, 120, 10820, 670, 10, 180, 180, 40, 40, 260, 260, 240, 60, 60, 300, 440, 300, 440, 2630, 2630, 1440, 1440, 1170, 430, 10550, 10550, 880, 3320, 3320, 880, 10, 220, 220, 100, 100, 390, 390, 100, 100, 380, 650, 30, 7710]"
2020-10-25 21:20:00+00:00,149360,0,112.0,"[270, 270, 10920, 10920, 3900, 3900, 420, 420, 20, 0, 0, 1480, 1480, 2280, 2280, 4220, 2550, 2550, 170, 850, 850, 1920, 1920, 550, 550, 160, 160, 310, 310, 210, 210, 3480, 3480, 570, 570, 430, 430, 190, 9530, 9530, 2670, 860, 50, 9370, 50, 9370, 80, 420, 420, 1320, 60, 60, 4050, 260, 10, 260, 10, 1170, 1170, 270, 270, 40, 40, 50, 550, 4570, 4570, 550, 360, 570, 50, 30, 30, 2150, 2150, 2150, 2150, 100, 100, 1160, 1160, 30, 60, 180, 180, 600, 600, 240, 240, 480, 2380, 1040, 1040, 60, 60, 40, 50, 170, 70, 70, 610, 610, 140, 140, 10, 10, 450, 450, 0, 0, 180, 180]"
2020-10-25 21:25:00+00:00,94350,0,91.0,"[3680, 200, 3120, 200, 3120, 80, 80, 220, 220, 2730, 3140, 570, 570, 4990, 4990, 4870, 8300, 870, 870, 2280, 2280, 60, 60, 170, 170, 10, 10, 450, 450, 1470, 340, 340, 2160, 2160, 2280, 2280, 660, 660, 320, 820, 820, 40, 40, 470, 100, 10, 100, 3080, 1490, 230, 230, 90, 90, 60, 60, 10, 980, 980, 150, 150, 110, 110, 10, 10, 130, 130, 440, 3680, 3680, 50, 390, 380, 380, 120, 120, 2780, 630, 630, 2780, 250, 250, 260, 260, 450, 450, 1740, 1740, 80, 80, 400, 400]"
2020-10-25 21:30:00+00:00,191300,4,119.0,"[30, 30, 900, 900, 20, 4150, 2580, 4150, 3230, 3230, 10, 340, 340, 2280, 30, 30, 1140, 90, 1140, 90, 1640, 1640, 1300, 1300, 1870, 1870, 1460, 1460, 1270, 140, 520, 520, 40, 80, 80, 340, 340, 3040, 5410, 5410, 1060, 1060, 170, 170, 3040, 3040, 630, 630, 10, 10, 550, 550, 120, 120, 13920, 13920, 390, 390, 2280, 470, 960, 960, 240, 240, 2390, 2390, 2280, 2280, 630, 290, 140, 140, 2090, 420, 420, 120, 120, 160, 210, 130, 130, 2500, 210, 80, 470, 70, 70, 2240, 10, 10, 80, 420, 0, 0, 210, 210, 120, 20, 20, 1660, 3850, 3850, 0, 0, 8580, 8580, 520, 3840, 3840, 30, 30, 3870, 260, 260, 4740, 4740, 0]"
2020-10-25 21:35:00+00:00,130170,0,106.0,"[80, 80, 2630, 2630, 100, 100, 930, 930, 300, 300, 1860, 1860, 940, 940, 550, 230, 220, 230, 220, 140, 20, 20, 1400, 1400, 3040, 3040, 150, 1810, 1810, 10, 10, 8580, 8580, 0, 0, 630, 660, 660, 600, 240, 240, 2950, 2950, 520, 740, 460, 460, 2610, 2610, 690, 690, 1840, 1840, 290, 200, 200, 40, 40, 140, 630, 630, 70, 2280, 480, 480, 0, 450, 2280, 2280, 440, 160, 160, 20, 20, 20, 1310, 1310, 11300, 11300, 160, 160, 200, 200, 20, 70, 70, 1140, 1140, 40, 40, 5010, 1260, 160, 160, 1260, 2540, 290, 1510, 1510, 290, 4300, 4300, 150, 150, 490, 490]"
2020-10-25 21:40:00+00:00,112020,0,68.0,"[100, 120, 120, 1760, 1760, 3140, 3140, 2280, 2280, 4300, 4300, 2220, 2780, 240, 270, 270, 30, 3140, 30, 3140, 120, 120, 2550, 310, 310, 120, 120, 3710, 3710, 2280, 2280, 1010, 30, 30, 3690, 130, 10270, 20, 20, 1390, 3410, 3410, 1390, 370, 370, 680, 680, 10, 10, 630, 10, 10, 290, 30, 290, 30, 1580, 1580, 30, 70, 70, 2280, 2280, 1670, 40, 40]"
2020-10-25 21:45:00+00:00,72300,5,95.0,"[460, 460, 600, 600, 80, 300, 110, 110, 440, 350, 350, 110, 110, 4120, 80, 410, 80, 410, 10, 10, 2480, 380, 380, 260, 190, 190, 1420, 60, 10, 10, 4950, 4950, 420, 420, 20, 210, 210, 80, 80, 6930, 6930, 340, 340, 30, 30, 2280, 2280, 130, 130, 230, 230, 330, 330, 300, 110, 110, 1820, 3280, 3280, 100, 180, 180, 300, 300, 580, 370, 370, 0, 0, 200, 200, 20, 20, 120, 210, 210, 400, 400, 180, 180, 190, 190, 500, 500, 2280, 2280, 70, 70, 50, 400, 710, 2280, 2280, 310, 310]"
2020-10-25 21:50:00+00:00,118020,0,111.0,"[160, 160, 460, 2280, 2280, 20, 20, 290, 15530, 15530, 3790, 3790, 20, 20, 180, 2280, 2280, 80, 80, 60, 210, 210, 10, 10, 560, 560, 240, 40, 40, 1550, 1550, 120, 120, 250, 250, 2280, 2280, 120, 120, 610, 610, 0, 810, 810, 220, 220, 2710, 2710, 110, 110, 160, 160, 2990, 2990, 440, 440, 10, 10, 20, 20, 2280, 2280, 2090, 2090, 330, 330, 200, 200, 50, 50, 70, 70, 1210, 240, 240, 1210, 1130, 710, 710, 700, 700, 120, 110, 110, 970, 980, 350, 120, 350, 240, 240, 120, 130, 10, 10, 8960, 1260, 1260, 1640, 1640, 120, 120, 210, 210, 0, 2070, 2070, 740, 740, 120, 120]"
2020-10-25 21:55:00+00:00,35760,0,74.0,"[180, 80, 80, 2010, 280, 280, 140, 590, 30, 1320, 1320, 150, 150, 30, 120, 120, 200, 200, 1030, 1000, 340, 340, 0, 160, 250, 90, 70, 1150, 630, 630, 640, 20, 20, 460, 460, 200, 200, 20, 20, 870, 870, 1230, 300, 300, 120, 230, 50, 380, 380, 1140, 1140, 480, 1140, 1140, 1030, 1030, 40, 280, 650, 650, 590, 590, 1280, 250, 250, 410, 410, 290, 290, 380, 380, 1100, 540, 540]"
2020-10-25 22:00:00+00:00,55050,0,56.0,"[9900, 9900, 620, 620, 3020, 590, 590, 1280, 740, 740, 80, 80, 60, 60, 40, 40, 520, 2350, 2350, 0, 0, 630, 630, 30, 30, 0, 0, 1960, 430, 430, 280, 280, 2580, 630, 40, 40, 140, 140, 2420, 2420, 120, 40, 40, 120, 10, 10, 2280, 2280, 210, 210, 1380, 120, 1380, 120, 20, 20]"
2020-10-25 22:05:00+00:00,41660,0,88.0,"[2190, 50, 50, 430, 430, 170, 230, 230, 200, 200, 700, 300, 280, 440, 440, 180, 180, 530, 640, 640, 420, 420, 60, 60, 1810, 1810, 300, 300, 700, 700, 530, 530, 210, 210, 1560, 1560, 30, 30, 220, 220, 100, 350, 350, 20, 20, 720, 900, 480, 720, 480, 90, 90, 20, 20, 560, 560, 30, 130, 740, 640, 640, 260, 260, 1070, 1070, 10, 10, 120, 130, 120, 130, 1600, 1600, 150, 120, 120, 150, 130, 130, 650, 650, 780, 780, 1570, 290, 290, 810, 810]"
2020-10-25 22:10:00+00:00,92420,0,73.0,"[400, 400, 5930, 810, 310, 190, 190, 210, 210, 60, 60, 650, 650, 440, 280, 280, 70, 70, 210, 2130, 480, 2130, 480, 680, 680, 830, 360, 520, 520, 830, 230, 230, 1060, 1060, 3450, 3450, 340, 340, 30, 90, 90, 410, 410, 380, 380, 80, 80, 20, 20, 190, 190, 800, 800, 60, 520, 530, 530, 130, 21520, 21520, 4870, 4870, 40, 40, 450, 430, 430, 140, 140, 10, 10, 180, 810]"
2020-10-25 22:15:00+00:00,119960,0,80.0,"[100, 440, 440, 0, 170, 170, 370, 370, 520, 520, 40, 40, 40, 10, 10430, 10430, 10, 360, 360, 2160, 30, 120, 1160, 1160, 380, 380, 130, 130, 90, 2240, 2240, 240, 1090, 240, 5030, 3020, 3020, 40, 40, 320, 320, 70, 70, 0, 0, 2420, 2420, 50, 50, 1640, 1640, 110, 110, 190, 680, 680, 290, 290, 90, 230, 170, 170, 2990, 300, 300, 890, 890, 25950, 25950, 30, 30, 10, 10, 2160, 90, 90, 150, 150, 100, 100]"
2020-10-25 22:20:00+00:00,110600,0,58.0,"[560, 680, 380, 380, 10, 10, 12290, 9340, 9340, 18270, 18270, 80, 80, 1050, 1050, 2060, 40, 860, 860, 260, 3640, 140, 140, 10, 10, 1100, 1100, 720, 530, 2560, 2560, 1050, 1050, 560, 560, 6680, 6680, 720, 180, 180, 680, 680, 500, 20, 230, 230, 240, 240, 10, 280, 10, 280, 280, 20, 90, 360, 360, 50]"
2020-10-25 22:25:00+00:00,86640,0,58.0,"[20, 20, 140, 440, 2880, 2880, 1650, 1650, 110, 110, 2880, 2880, 120, 120, 730, 730, 40, 40, 540, 540, 14500, 14500, 100, 100, 140, 7050, 7050, 560, 560, 2100, 140, 140, 40, 40, 2100, 470, 470, 690, 690, 150, 150, 700, 700, 4220, 4220, 420, 420, 480, 480, 180, 60, 70, 70, 2020, 490, 490, 680, 680]"
2020-10-25 22:30:00+00:00,103780,2,81.0,"[100, 100, 550, 2310, 2310, 550, 550, 60, 160, 60, 160, 440, 440, 60, 60, 50, 320, 320, 320, 320, 30, 30, 240, 680, 680, 820, 820, 30, 30, 130, 130, 80, 80, 1710, 1190, 70, 70, 740, 740, 8460, 8460, 270, 270, 70, 2540, 2540, 350, 350, 20, 20, 150, 150, 12290, 480, 480, 0, 0, 1000, 1000, 2880, 2880, 310, 310, 20320, 540, 540, 250, 2880, 2880, 3410, 3410, 360, 360, 1970, 1970, 400, 480, 480, 20, 20, 670]"
2020-10-25 22:35:00+00:00,136990,1,77.0,"[120, 120, 110, 110, 160, 160, 1300, 1300, 750, 100, 100, 360, 360, 60, 50, 50, 60, 60, 750, 150, 150, 2270, 140, 140, 40, 40, 91050, 3620, 3620, 210, 1700, 1700, 490, 490, 620, 400, 400, 3320, 1270, 1270, 840, 100, 100, 30, 30, 1060, 1060, 40, 100, 180, 180, 370, 20, 400, 10, 2040, 1410, 1410, 20, 20, 100, 1130, 30, 30, 1630, 1630, 240, 240, 1370, 340, 340, 810, 150, 30, 30, 150, 150]"
2020-10-25 22:40:00+00:00,777240,8,95.0,"[140, 140, 100, 100, 300, 300, 160, 360, 360, 300, 300, 10, 10, 10, 282800, 282800, 640, 640, 30, 30, 30, 30, 970, 970, 700, 700, 5950, 5950, 10, 10, 150, 150, 10, 10, 950, 140, 140, 950, 2160, 10, 10, 2400, 2400, 60, 500, 170, 500, 170, 1110, 1110, 1590, 1590, 120, 120, 15700, 15700, 2740, 2740, 3050, 1130, 1130, 7000, 7000, 620, 620, 12990, 12990, 460, 4910, 4910, 530, 530, 2260, 390, 390, 90, 90, 180, 80, 27490, 27490, 180, 10, 10, 40, 40, 350, 350, 890, 890, 9840, 9840, 220, 0, 0]"
2020-10-25 22:45:00+00:00,74380,0,96.0,"[90, 90, 200, 200, 130, 130, 320, 320, 250, 250, 100, 100, 20, 960, 90, 400, 400, 310, 310, 2390, 2390, 820, 1960, 70, 70, 270, 270, 3250, 3250, 80, 80, 270, 270, 1770, 140, 140, 70, 70, 1430, 1430, 1240, 1240, 410, 410, 110, 110, 340, 340, 340, 340, 1270, 1270, 2680, 2680, 40, 40, 410, 100, 100, 30, 10, 10, 1700, 2500, 350, 2500, 350, 750, 750, 100, 100, 3950, 3950, 1130, 1450, 1450, 90, 90, 80, 2250, 2250, 10, 210, 10, 10, 180, 180, 820, 820, 1780, 1780, 100, 30, 30, 3920, 30]"
2020-10-25 22:50:00+00:00,87780,0,89.0,"[220, 220, 20, 20, 1590, 60, 60, 310, 310, 10, 10, 100, 580, 580, 1510, 1510, 280, 280, 80, 80, 1930, 1930, 260, 260, 80, 80, 40, 20, 40, 20, 630, 60, 290, 60, 290, 630, 2360, 2360, 1420, 260, 1420, 260, 210, 210, 380, 380, 590, 590, 630, 630, 40, 20, 2270, 2270, 20, 210, 210, 12530, 12530, 100, 100, 60, 60, 420, 420, 180, 180, 980, 70, 980, 640, 640, 1500, 1500, 1500, 1500, 180, 30, 30, 460, 460, 9490, 9490, 20, 20, 70, 70, 190, 190]"
2020-10-25 22:55:00+00:00,45550,0,82.0,"[360, 930, 930, 1540, 1030, 1030, 1300, 1300, 1500, 1500, 210, 210, 50, 110, 50, 110, 30, 30, 120, 120, 1670, 1670, 1140, 390, 90, 90, 40, 40, 180, 430, 430, 90, 20, 90, 250, 250, 90, 90, 30, 40, 40, 30, 230, 230, 0, 0, 120, 120, 1880, 40, 20, 20, 440, 860, 860, 510, 510, 650, 650, 2360, 3060, 3060, 630, 630, 360, 360, 280, 280, 1450, 220, 1450, 710, 630, 2600, 170, 170, 30, 30, 40, 100, 40, 100]"
2020-10-25 23:00:00+00:00,813700,2,74.0,"[1220, 23510, 820, 820, 704680, 10, 10, 630, 630, 30, 30, 1260, 1260, 2120, 2120, 240, 2110, 2110, 1090, 2690, 2690, 480, 2580, 4080, 10, 160, 50, 50, 220, 220, 140, 340, 340, 400, 70, 70, 440, 450, 4010, 4010, 360, 360, 1900, 1900, 420, 420, 590, 10, 140, 140, 730, 730, 550, 550, 1110, 770, 770, 350, 40, 40, 1240, 70, 80, 370, 80, 1300, 470, 470, 2300, 2300, 160, 160, 12310, 12310]"
2020-10-25 23:05:00+00:00,62250,0,71.0,"[220, 220, 950, 950, 220, 220, 2530, 130, 20, 40, 40, 2360, 2360, 70, 70, 2320, 2320, 240, 240, 20, 10, 10, 320, 240, 70, 70, 1860, 1860, 10, 10, 2260, 10, 10, 160, 160, 70, 70, 720, 720, 1500, 1500, 80, 130, 130, 190, 190, 30, 30, 310, 310, 60, 10, 330, 330, 2630, 420, 4470, 580, 100, 440, 440, 50, 50, 110, 110, 410, 410, 4960, 4960, 12610, 190]"
2020-10-25 23:10:00+00:00,18690,0,56.0,"[2260, 1340, 410, 0, 0, 20, 20, 100, 100, 470, 470, 990, 990, 50, 10, 10, 60, 60, 740, 230, 740, 230, 110, 10, 10, 250, 250, 80, 80, 420, 420, 550, 550, 230, 230, 20, 220, 220, 10, 10, 100, 100, 1020, 620, 0, 0, 470, 470, 20, 20, 190, 190, 600, 600, 660, 660]"
2020-10-25 23:15:00+00:00,64400,0,73.0,"[1320, 6060, 4710, 4710, 520, 520, 1080, 1080, 50, 20, 20, 40, 40, 3740, 3740, 30, 30, 390, 390, 1030, 460, 420, 420, 50, 50, 400, 860, 860, 1420, 1420, 270, 270, 4090, 20, 20, 1080, 2380, 2380, 50, 50, 80, 80, 100, 350, 350, 1340, 1340, 240, 240, 10, 10, 260, 10, 30, 400, 30, 400, 410, 410, 60, 60, 180, 320, 320, 70, 70, 4240, 4240, 60, 2080, 60, 30, 30]"
2020-10-25 23:20:00+00:00,158760,2,67.0,"[20, 20, 20, 20, 30, 30, 0, 0, 2230, 3360, 20, 20, 110, 130, 130, 960, 340, 70, 70, 9160, 9160, 400, 400, 100, 100, 90, 90, 80, 120, 80, 200, 200, 2830, 2830, 1960, 1960, 4900, 30, 30, 80, 80, 30, 22250, 22250, 30, 100, 100, 28460, 28460, 10, 10, 3210, 590, 590, 440, 2140, 450, 450, 910, 750, 910, 620, 980, 980, 80, 750, 750]"
2020-10-25 23:25:00+00:00,65430,2,52.0,"[450, 450, 1700, 7080, 7080, 950, 950, 870, 40, 160, 160, 970, 970, 110, 110, 210, 210, 1980, 1980, 0, 0, 960, 960, 220, 7890, 280, 7890, 70, 70, 210, 260, 260, 140, 140, 2440, 2440, 140, 140, 160, 140, 140, 6740, 6740, 190, 10, 10, 80, 80, 0, 0, 100, 100]"
2020-10-25 23:30:00+00:00,29150,0,42.0,"[620, 620, 170, 90, 170, 90, 90, 1650, 200, 200, 1560, 1560, 200, 200, 320, 320, 220, 840, 250, 0, 0, 0, 0, 800, 800, 180, 130, 130, 1310, 220, 220, 1620, 1620, 160, 160, 280, 280, 20, 20, 40, 40, 11750]"
2020-10-25 23:35:00+00:00,29450,0,56.0,"[1180, 20, 20, 370, 410, 410, 1420, 1420, 270, 270, 120, 120, 400, 840, 840, 370, 370, 360, 740, 740, 1470, 1470, 1110, 1110, 150, 150, 410, 230, 230, 130, 130, 880, 530, 280, 280, 20, 20, 2340, 2340, 170, 170, 80, 80, 120, 120, 100, 100, 900, 900, 190, 190, 780, 650, 650, 140, 140]"
2020-10-25 23:40:00+00:00,100470,0,75.0,"[60, 60, 190, 190, 1540, 1540, 50, 50, 450, 450, 150, 150, 40, 40, 110, 110, 450, 450, 640, 640, 580, 830, 210, 210, 10, 10, 240, 240, 260, 1480, 1480, 180, 660, 660, 180, 80, 80, 470, 560, 560, 680, 140, 140, 960, 380, 380, 2090, 2090, 40, 430, 430, 2680, 20, 230, 230, 10, 10, 4420, 20, 20, 190, 50, 40, 40, 680, 680, 2200, 1900, 1900, 320, 320, 320, 320, 1860]"
2020-10-25 23:45:00+00:00,47560,0,53.0,"[330, 330, 400, 670, 580, 580, 410, 410, 1440, 1440, 1490, 10, 10, 350, 530, 530, 90, 90, 300, 300, 360, 230, 330, 330, 470, 470, 70, 420, 40, 40, 40, 780, 1160, 1160, 20, 2440, 240, 240, 10, 170, 90, 90, 1240, 1240, 170, 170, 770, 770, 1050, 630, 630]"
2020-10-25 23:50:00+00:00,54860,2,62.0,"[30, 30, 470, 470, 320, 2440, 320, 550, 550, 5760, 330, 330, 970, 810, 0, 0, 4350, 410, 410, 310, 310, 340, 340, 420, 420, 460, 390, 390, 20, 20, 1490, 1490, 230, 230, 110, 1170, 360, 360, 2200, 2200, 1360, 1360, 60, 60, 160, 160, 780, 780, 30, 30, 630, 8440, 8440, 100, 140, 100, 80, 80, 50, 50, 80, 80]"
2020-10-25 23:55:00+00:00,63040,0,48.0,"[1030, 3860, 30, 30, 220, 220, 130, 130, 1040, 1040, 1710, 30, 30, 480, 0, 0, 10, 10, 7290, 910, 910, 550, 550, 2360, 90, 30, 1330, 1330, 1440, 40, 100, 100, 50, 50, 420, 1990, 2430, 510, 2430, 2570, 2570, 40, 40, 14380, 100, 7610, 410, 410]"
2020-10-26 00:00:00+00:00,123070,1,68.0,"[4220, 2320, 420, 420, 1120, 1120, 580, 580, 230, 510, 100, 100, 1120, 1120, 250, 250, 1090, 100, 100, 7210, 7210, 470, 470, 840, 140, 140, 30, 30, 7210, 440, 3280, 3280, 1050, 1050, 20040, 2850, 2850, 40, 440, 170, 170, 50, 50, 6320, 310, 590, 590, 780, 780, 3750, 2160, 550, 20, 20, 0, 0, 1680, 11640, 7750, 7750, 140, 140, 1230, 1230, 50, 50, 140, 140]"
2020-10-26 00:05:00+00:00,79350,0,56.0,"[210, 130, 420, 420, 70, 70, 210, 20, 20, 120, 120, 0, 200, 200, 8280, 850, 850, 100, 120, 120, 340, 830, 830, 2790, 2790, 80, 80, 11720, 1450, 1450, 20650, 4740, 4740, 400, 420, 420, 40, 40, 220, 220, 290, 2000, 30, 30, 40, 20, 30, 20, 40, 20, 700, 3070, 3100, 3100, 40, 40]"
2020-10-26 00:10:00+00:00,22070,0,47.0,"[110, 110, 300, 300, 820, 30, 0, 0, 3580, 3580, 40, 40, 70, 70, 1500, 10, 10, 1500, 240, 240, 310, 250, 250, 140, 220, 220, 140, 200, 200, 250, 30, 30, 60, 60, 40, 40, 250, 130, 500, 500, 260, 430, 430, 3730, 360, 430, 60]"
2020-10-26 00:15:00+00:00,64090,0,50.0,"[380, 3650, 160, 160, 20, 20, 530, 530, 30, 30, 140, 60, 60, 0, 0, 70, 160, 60, 160, 60, 870, 870, 20890, 60, 30, 30, 20890, 60, 50, 50, 260, 340, 0, 0, 170, 170, 50, 570, 200, 200, 620, 880, 880, 1490, 270, 270, 3470, 3470, 350, 350]"
2020-10-26 00:20:00+00:00,107120,0,83.0,"[80, 80, 80, 80, 50, 50, 350, 160, 160, 410, 410, 20, 20, 2660, 150, 3950, 3950, 290, 10, 10, 290, 640, 640, 520, 540, 540, 6350, 6350, 0, 0, 890, 2660, 2660, 700, 700, 40, 40, 8940, 280, 280, 8940, 480, 480, 150, 160, 160, 1730, 480, 1730, 480, 380, 380, 790, 790, 3490, 3490, 140, 140, 100, 100, 520, 520, 470, 470, 12950, 12950, 40, 220, 220, 670, 670, 300, 450, 450, 430, 430, 810, 810, 70, 70, 2240, 370, 370]"
2020-10-26 00:25:00+00:00,213910,0,50.0,"[0, 290, 290, 5620, 10590, 10590, 70, 70, 350, 350, 3850, 3850, 3850, 3850, 40, 40, 0, 0, 40, 40, 410, 410, 3920, 3920, 440, 60, 60, 50, 50, 740, 50, 50, 480, 480, 40, 40, 610, 610, 78300, 78300, 230, 60, 60, 40, 40, 380, 60, 60, 90, 90]"
2020-10-26 00:30:00+00:00,56930,0,49.0,"[40, 40, 2220, 2220, 200, 200, 240, 240, 120, 120, 260, 60, 540, 230, 230, 10, 1080, 1080, 150, 150, 180, 180, 60, 60, 400, 400, 20, 430, 430, 190, 190, 200, 120, 120, 2250, 450, 450, 120, 290, 290, 1150, 90, 90, 0, 0, 310, 310, 19360, 19360]"
2020-10-26 00:35:00+00:00,66740,0,48.0,"[2790, 8250, 8250, 770, 770, 170, 170, 180, 180, 180, 510, 510, 1020, 1020, 130, 160, 3260, 290, 290, 860, 860, 2540, 2540, 180, 30, 30, 11970, 11970, 280, 280, 180, 180, 40, 40, 40, 500, 500, 180, 40, 40, 180, 60, 1880, 1880, 160, 160, 120, 120]"
2020-10-26 00:40:00+00:00,20710,0,51.0,"[0, 0, 400, 760, 760, 40, 40, 120, 270, 120, 270, 940, 940, 70, 70, 660, 660, 430, 370, 370, 1780, 1780, 160, 160, 740, 290, 290, 460, 460, 240, 240, 790, 790, 50, 50, 40, 40, 560, 2110, 560, 40, 170, 170, 60, 60, 530, 50, 10, 10, 170, 560]"
2020-10-26 00:45:00+00:00,21140,0,56.0,"[170, 170, 1950, 1950, 260, 260, 710, 710, 160, 160, 580, 580, 30, 30, 290, 290, 50, 50, 40, 40, 30, 30, 60, 980, 1600, 1600, 580, 580, 60, 60, 760, 760, 340, 340, 150, 150, 400, 400, 130, 130, 110, 110, 740, 740, 340, 340, 30, 30, 540, 180, 180, 20, 30, 30, 50, 50]"
2020-10-26 00:50:00+00:00,142170,2,53.0,"[10, 5560, 5560, 260, 260, 230, 80, 80, 2890, 2890, 430, 430, 1630, 1630, 1020, 1020, 440, 440, 5940, 170, 430, 430, 1770, 1770, 220, 220, 160, 160, 160, 850, 850, 460, 190, 190, 350, 350, 20, 90, 5790, 5790, 250, 250, 130, 130, 1500, 220, 12270, 10, 10, 20, 20]"
2020-10-26 00:55:00+00:00,434150,0,56.0,"[70, 70, 440, 440, 1700, 2960, 2960, 350, 3530, 350, 350, 350, 360, 360, 280, 200, 950, 950, 10, 10, 1520, 1520, 17740, 560, 560, 1720, 1720, 220, 220, 200, 200, 80, 3200, 950, 3200, 950, 1420, 180, 180, 930, 930, 20, 4070, 4070, 730, 730, 0, 0, 10, 10]"
2020-10-26 01:00:00+00:00,2850600,1,96.0,"[840, 840, 160, 160, 840, 840, 10, 10, 370, 370, 250, 250, 60, 830, 830, 1160, 1160, 520, 160, 160, 140, 140, 190, 190, 2400, 2400, 300, 250, 250, 130, 990, 990, 120, 120, 120, 560, 560, 70, 80, 630, 630, 80, 2701650, 3810, 1800, 1020, 1020, 6930, 6930, 240, 3000, 10, 10, 6440, 140, 5130, 140, 5130, 1340, 1340, 560, 560, 10230, 100, 1100, 10230, 320, 320, 1060, 9390, 1200, 1200, 1910, 30, 30, 80, 1920, 230, 310, 310, 20, 430, 180, 20, 20, 20, 3200, 1260, 310, 310, 2710, 2710, 2370, 2370]"
2020-10-26 01:05:00+00:00,362430,0,117.0,"[6300, 20, 20, 40, 270, 220, 160, 330, 200, 810, 30, 360, 1460, 700, 320, 1320, 1590, 20, 1590, 490, 170, 170, 50, 3380, 1250, 28780, 28780, 0, 0, 860, 11770, 1200, 110, 500, 1840, 1840, 250, 80, 80, 0, 170, 30, 270, 18680, 10, 18680, 10, 110, 440, 80, 2260, 20, 400, 30, 180, 180, 580, 1200, 1200, 120, 120, 360, 1430, 830, 1250, 90, 140, 140, 2060, 1200, 70, 130, 160, 160, 370, 370, 240, 240, 330, 390, 260, 400, 31150, 31150, 5040, 6200, 150, 60, 630, 630, 2810, 9400, 520, 1210, 1210, 700, 1070, 1070, 4730, 500, 500, 10, 1250, 1250, 1910, 1910, 920, 2850, 2850, 1910, 1910, 550, 23650, 300, 300]"
2020-10-26 01:10:00+00:00,378000,2,114.0,"[23650, 20, 400, 60, 30, 30, 60, 60, 460, 460, 250, 200, 550, 10980, 10980, 10, 80, 4110, 4110, 160, 50, 4110, 4110, 6440, 120, 150, 100, 420, 200, 100, 2800, 80, 15030, 530, 15030, 220, 220, 3220, 250, 680, 250, 2900, 140, 490, 490, 330, 330, 300, 300, 5070, 5070, 3450, 3450, 10, 140, 780, 54510, 54510, 1530, 380, 280, 11570, 1620, 130, 10, 11200, 11200, 50, 50, 50, 10, 10, 270, 270, 620, 80, 710, 30, 50, 50, 50, 630, 310, 5520, 60, 60, 630, 580, 540, 220, 0, 90, 90, 110, 160, 260, 1160, 1500, 1500, 230, 0, 0, 50, 560, 660, 5820, 5820, 80, 80, 320, 2300, 300]"
2020-10-26 01:15:00+00:00,78810,0,104.0,"[510, 120, 580, 940, 940, 640, 50, 240, 280, 2400, 280, 10, 10400, 1270, 1270, 2160, 2160, 60, 2370, 1200, 2120, 2120, 10, 10, 270, 960, 300, 550, 70, 50, 490, 660, 720, 530, 260, 260, 60, 60, 910, 910, 20, 370, 260, 260, 13720, 20, 20, 140, 140, 40, 110, 120, 10, 160, 160, 650, 1530, 120, 140, 820, 1350, 80, 360, 180, 40, 40, 0, 2680, 920, 920, 260, 320, 320, 790, 30, 80, 10, 10, 150, 150, 270, 270, 440, 2630, 20, 690, 690, 60, 60, 370, 400, 100, 1190, 330, 420, 330, 420, 10, 10, 1540, 240, 240, 690, 690]"
2020-10-26 01:20:00+00:00,131390,0,64.0,"[590, 590, 2240, 14640, 14640, 1540, 660, 660, 270, 30, 3550, 180, 230, 230, 50, 250, 200, 30, 30, 320, 320, 180, 5170, 180, 5170, 1010, 1010, 350, 350, 250, 5890, 5890, 20, 20, 80, 50, 500, 500, 12510, 250, 7030, 280, 80, 10, 250, 80, 250, 10, 210, 210, 880, 20, 750, 750, 140, 6950, 6950, 1440, 1440, 9470, 9470, 1690, 1690, 710]"
2020-10-26 01:25:00+00:00,40330,0,52.0,"[70, 360, 360, 1900, 140, 140, 130, 130, 1340, 260, 340, 310, 440, 3210, 1010, 1010, 30, 30, 250, 30, 1290, 1290, 180, 100, 100, 1320, 1320, 40, 1950, 1950, 250, 130, 230, 20, 3390, 3390, 1640, 100, 80, 60, 630, 50, 630, 720, 150, 150, 3390, 3390, 30, 370, 370, 130]"
2020-10-26 01:30:00+00:00,49400,0,59.0,"[580, 580, 880, 240, 440, 470, 470, 460, 80, 3360, 2730, 2730, 2060, 2060, 1460, 560, 560, 220, 220, 160, 330, 330, 320, 3430, 480, 330, 330, 600, 120, 600, 120, 90, 20, 20, 2500, 300, 80, 50, 50, 2400, 2400, 1100, 840, 780, 80, 80, 580, 80, 1680, 440, 0, 440, 0, 200, 20, 20, 6890, 890, 60]"
2020-10-26 01:35:00+00:00,302560,1,88.0,"[80, 2120, 2120, 40, 40, 640, 640, 130, 5390, 160, 260, 32800, 32800, 650, 650, 760, 1100, 1090, 70, 980, 980, 60, 60, 50, 50, 310, 500, 6850, 8240, 8240, 2640, 40, 40, 230, 25330, 260, 90, 370, 80, 80, 570, 70, 520, 190, 190, 40, 40, 1760, 1760, 140, 140, 3220, 30, 10, 1310, 10, 10, 200, 200, 1030, 1030, 60, 60, 670, 110, 110, 650, 830, 70, 70, 1030, 2060, 790, 440, 680, 170, 260, 480, 480, 430, 690, 140, 40, 30, 690, 28780, 28780]"
2020-10-26 01:40:00+00:00,84220,0,73.0,"[120, 120, 1760, 130, 0, 0, 1510, 1510, 8050, 1560, 8050, 90, 270, 4200, 120, 530, 120, 1310, 1310, 340, 1160, 1160, 340, 1560, 660, 450, 660, 200, 200, 1180, 0, 3120, 110, 110, 80, 180, 960, 960, 1160, 1160, 10, 40, 40, 10, 2550, 0, 0, 50, 2650, 10, 10, 40, 40, 1770, 170, 550, 550, 2300, 40, 40, 100, 1390, 5770, 5770, 2020, 2820, 2940, 2940, 70, 20, 870, 2120, 10]"
2020-10-26 01:45:00+00:00,305690,0,70.0,"[60, 4440, 140, 10, 10, 140, 140, 140, 1000, 1000, 20, 3100, 1480, 30, 30, 1190, 1190, 50, 2050, 390, 390, 10490, 70, 200, 200, 400, 10, 130, 200, 200, 70, 80, 80, 540, 3130, 340, 250, 250, 460, 460, 180, 180, 410, 20, 100, 40, 540, 540, 490, 490, 1050, 1050, 830, 70, 190, 190, 550, 150, 150, 610, 190, 190, 700, 640, 2900, 520]"
2020-10-26 01:50:00+00:00,78120,0,66.0,"[60, 60, 110, 1780, 70, 70, 960, 960, 170, 170, 960, 960, 260, 60, 670, 670, 110, 110, 520, 250, 200, 2300, 80, 30, 30, 50, 50, 10, 10, 2050, 21310, 21310, 20, 80, 1930, 480, 140, 160, 100, 80, 80, 590, 590, 170, 450, 450, 300, 300, 10, 5660, 5660, 590, 590, 100, 0, 690, 690, 230, 230, 160, 160, 30, 30, 430, 430, 100]"
2020-10-26 01:55:00+00:00,507090,0,76.0,"[2790, 2790, 10, 2690, 6740, 5580, 5580, 260, 820, 820, 250, 10, 10, 1840, 1840, 250, 250, 100, 100, 160, 160, 200, 200, 2230, 2230, 110, 20, 380, 70, 70, 190, 190, 160, 10, 780, 780, 480, 20, 480, 20, 8220, 100, 100, 530, 4090, 120, 60, 60, 400, 2280, 70, 100, 270, 80, 80, 110, 110, 3340, 3340, 460, 220, 1640, 2170, 120, 120, 190, 310, 290, 300, 300, 4110, 4110]"
2020-10-26 02:00:00+00:00,187930,0,60.0,"[4110, 5300, 890, 890, 70, 630, 630, 420, 420, 0, 0, 16890, 2510, 2510, 20, 430, 430, 100, 380, 20, 1350, 1350, 1270, 250, 250, 100, 100, 220, 590, 590, 340, 440, 400, 400, 70, 70, 100, 100, 60, 60, 990, 990, 30, 190, 90, 90, 10, 120, 120, 1470, 1470, 70, 70, 270, 270, 510, 510, 50, 50]"
2020-10-26 02:05:00+00:00,680740,1,174.0,"[690, 1220, 1220, 800, 50, 50, 20, 20, 4700, 4700, 20, 560, 560, 20, 20, 170, 170, 40, 40, 30, 40, 40, 1480, 358980, 10, 10, 2800, 2800, 2000, 10, 320, 480, 480, 50, 20, 750, 40, 750, 150, 390, 80, 60, 8160, 1910, 780, 920, 340, 60, 660, 1500, 3350, 810, 3350, 740, 260, 50, 640, 140, 660, 420, 1290, 10, 160, 1520, 1190, 90, 1910, 3240, 3240, 2020, 40, 1580, 1580, 1070, 1070, 260, 50, 130, 640, 210, 1610, 440, 1610, 670, 1060, 1460, 1460, 40, 780, 780, 1160, 9750, 9750, 410, 1910, 410, 850, 1680, 1740, 190, 190, 130, 60, 200, 200, 550, 10, 10, 7780, 19390, 19390, 200, 2590, 2590, 360, 360, 70, 1290, 3700, 20, 120, 600, 210, 670, 3980, 3980, 360, 410, 3000, 440, 90, 480, 20, 710, 640, 40, 120, 400, 4660, 410, 890, 170, 320, 440, 50, 240, 520, 2320, 120, 3090, 2560, 2010, 270, 19780, 800, 130, 320, 1730, 1730, 11860, 170, 770, 10, 10, 110, 130, 4960, 30, 390, 30, 170, 30]"
2020-10-26 02:10:00+00:00,154630,0,154.0,"[2320, 2320, 140, 3420, 400, 100, 37490, 640, 260, 20, 70, 360, 520, 2000, 10, 90, 110, 70, 300, 790, 18630, 150, 290, 600, 3860, 200, 10, 0, 1200, 20, 60, 690, 7010, 690, 630, 220, 20, 100, 780, 70, 470, 520, 550, 550, 790, 300, 370, 370, 40, 440, 3180, 3180, 1060, 150, 2300, 90, 100, 90, 600, 330, 50, 20, 1970, 1970, 20, 1400, 400, 140, 0, 90, 30, 2300, 350, 2060, 210, 10, 40, 200, 2060, 1520, 310, 10, 140, 30, 1860, 840, 920, 300, 80, 300, 460, 400, 420, 160, 420, 10, 820, 60, 60, 220, 10, 130, 130, 600, 100, 260, 770, 770, 1400, 90, 180, 410, 260, 260, 50, 4180, 410, 4180, 790, 600, 790, 630, 200, 10, 200, 170, 20, 540, 20, 80, 480, 2000, 350, 60, 60, 550, 0, 200, 80, 340, 80, 150, 480, 80, 120, 90, 200, 60, 40, 80, 3400, 680, 680, 1330]"
2020-10-26 02:15:00+00:00,127370,0,129.0,"[270, 90, 50, 50, 330, 1630, 30, 380, 980, 1200, 1200, 610, 110, 20, 260, 1140, 4920, 4920, 260, 870, 4920, 4920, 560, 10, 0, 0, 10, 7160, 10, 40, 640, 200, 80, 190, 360, 210, 800, 33120, 80, 1170, 500, 210, 810, 300, 750, 750, 100, 30, 20, 180, 2700, 150, 20, 260, 260, 110, 800, 1220, 800, 800, 2580, 2580, 170, 1670, 1670, 190, 1840, 20, 320, 1100, 1100, 130, 130, 120, 150, 100, 140, 20, 2080, 20, 350, 880, 880, 70, 800, 20, 690, 320, 60, 3120, 120, 390, 120, 70, 10, 160, 1420, 30, 100, 30, 30, 30, 470, 110, 350, 900, 130, 330, 90, 1900, 120, 90, 690, 50, 410, 210, 50, 1070, 6610, 50, 50, 1450, 10, 360, 280, 70, 180, 460, 480]"
2020-10-26 02:20:00+00:00,75160,0,103.0,"[3110, 70, 40, 300, 20650, 40, 320, 1100, 320, 200, 630, 230, 3110, 230, 2650, 4080, 80, 60, 40, 10, 370, 740, 30, 30, 0, 0, 320, 420, 80, 80, 240, 190, 40, 60, 190, 190, 160, 280, 110, 110, 120, 120, 280, 50, 60, 60, 360, 270, 120, 90, 280, 280, 60, 60, 1300, 80, 290, 290, 10, 130, 1840, 370, 40, 80, 320, 270, 40, 30, 460, 1700, 3590, 3590, 110, 110, 220, 190, 10, 650, 650, 690, 1040, 3190, 1040, 1450, 610, 10, 10, 800, 10, 60, 1940, 1940, 40, 370, 30, 370, 180, 130, 130, 600, 580, 210, 240]"
2020-10-26 02:25:00+00:00,80630,0,95.0,"[290, 420, 50, 40, 40, 90, 70, 90, 40, 1000, 4460, 4460, 300, 320, 40, 90, 650, 1290, 40, 50, 3410, 140, 60, 250, 0, 0, 490, 60, 700, 230, 240, 3090, 3090, 360, 130, 130, 490, 490, 90, 2130, 220, 1480, 50, 60, 50, 60, 160, 110, 390, 0, 520, 1320, 780, 1320, 3700, 60, 11550, 680, 270, 680, 10, 30, 40, 670, 1110, 70, 140, 20, 430, 80, 5510, 170, 220, 170, 150, 1000, 5130, 110, 1830, 90, 1060, 220, 1830, 5470, 20, 440, 530, 210, 50, 50, 90, 170, 170, 160, 310]"
2020-10-26 02:30:00+00:00,138050,0,70.0,"[260, 90, 40, 40, 150, 9870, 60, 220, 220, 80, 120, 8500, 360, 11040, 20, 10, 10, 50, 120, 240, 240, 11040, 360, 300, 80, 80, 740, 300, 230, 0, 60, 650, 1800, 1800, 70, 880, 140, 440, 380, 380, 300, 300, 90, 0, 2740, 450, 610, 440, 50, 60, 280, 280, 20, 1350, 260, 260, 100, 250, 2490, 2490, 50, 2050, 2400, 920, 920, 260, 60, 60, 280]"
2020-10-26 02:35:00+00:00,419340,1,90.0,"[430, 430, 3790, 3790, 1100, 440, 460, 10, 1360, 600, 180, 180, 320, 600, 10, 10, 3790, 3790, 130, 130, 190, 840, 220, 40, 60, 60, 190, 1380, 1040, 50, 50, 10050, 480, 3760, 550, 20, 90, 200, 200, 100, 190, 0, 0, 520, 900, 40, 900, 50, 100, 60, 60, 4270, 4270, 170, 180, 440, 0, 1660, 140, 410, 620, 220, 220, 480, 1500, 20, 20, 21970, 2480, 21970, 90, 70, 430, 0, 230, 230, 282740, 340, 340, 4210, 2480, 4210, 2480, 1500, 30, 4460, 4460, 140, 380]"
2020-10-26 02:40:00+00:00,803460,0,102.0,"[1190, 260, 820, 710, 180, 590, 540, 540, 130, 130, 40, 860, 860, 30, 30, 200, 500, 500, 200, 320, 320, 150, 6220, 180, 15810, 15810, 340, 70, 1810, 90, 90, 4760, 20, 20, 280, 150, 80, 300, 120, 3420, 550, 50, 50, 60, 60, 200, 10, 10, 5560, 200, 168130, 270, 168130, 20, 20, 1280, 15810, 15810, 200, 730, 730, 140, 3210, 570, 130, 1370, 2310, 1440, 610, 610, 190, 1760, 1760, 340, 240, 80, 240, 170, 70, 0, 240, 110, 4500, 260, 168130, 168130, 810, 280, 280, 80, 80, 130, 340, 180, 150, 40, 40, 90, 3620, 780, 190, 3210]"
2020-10-26 02:45:00+00:00,342580,0,114.0,"[60, 80, 80, 100, 5440, 5440, 340, 90, 40, 600, 600, 1880, 1540, 740, 200, 780, 200, 0, 5180, 5180, 420, 250, 340, 420, 1330, 250, 120, 130, 130, 390, 490, 490, 390, 100, 100, 200, 220, 220, 50, 0, 1160, 1160, 230, 390, 310, 6290, 1020, 1020, 70, 30, 510, 1640, 1640, 300, 300, 150, 650, 180, 650, 230, 230, 10, 10, 300, 300, 600, 110, 30, 110, 600, 330, 330, 1490, 10, 250, 250, 380, 380, 60, 60, 200, 10, 360, 360, 130, 290, 290, 350, 60, 40, 40, 360, 4310, 4310, 200, 10, 1300, 30, 1300, 340, 140, 140, 360, 360, 1150, 340, 340, 1630, 1630, 260, 180]"
2020-10-26 02:50:00+00:00,96260,0,102.0,"[30, 1510, 190, 110, 110, 420, 400, 420, 710, 710, 280, 10, 10, 140, 180, 0, 240, 80, 80, 190, 840, 50, 360, 700, 360, 7780, 7780, 460, 130, 460, 130, 1720, 120, 3660, 3660, 320, 320, 3660, 3660, 360, 360, 50, 50, 380, 380, 180, 440, 90, 480, 480, 20, 860, 3040, 7030, 7030, 80, 80, 350, 10, 50, 260, 10, 10, 560, 560, 120, 40, 120, 410, 60, 970, 120, 760, 590, 590, 220, 220, 30, 300, 300, 70, 210, 200, 30, 280, 280, 1010, 230, 140, 140, 9700, 9700, 330, 500, 500, 400, 60, 10, 510, 510, 140, 1270]"
2020-10-26 02:55:00+00:00,170520,0,75.0,"[300, 300, 110, 110, 30, 1440, 1440, 1440, 1440, 700, 0, 220, 220, 900, 40, 390, 390, 480, 480, 1280, 220, 540, 0, 2500, 2500, 40, 20, 41870, 540, 41870, 20, 510, 450, 450, 1180, 350, 800, 740, 4000, 110, 110, 130, 70, 4340, 4340, 7610, 7610, 20, 350, 20, 310, 70, 70, 180, 180, 50, 110, 140, 440, 7640, 10, 12520, 10, 2100, 2100, 820, 1350, 570, 570, 1350, 960, 40, 1380, 1380, 1150]"
2020-10-26 03:00:00+00:00,165760,0,93.0,"[510, 510, 610, 40, 210, 730, 730, 380, 230, 50, 70, 140, 0, 220, 220, 300, 3920, 3920, 380, 370, 60, 1400, 1400, 260, 220, 260, 280, 590, 140, 170, 170, 300, 5120, 5120, 20, 90, 260, 2800, 280, 10, 110, 110, 10, 10, 250, 250, 25490, 25490, 680, 680, 70, 70, 400, 480, 480, 1140, 120, 50, 50, 20, 1020, 1020, 1530, 80, 80, 15710, 120, 120, 280, 19330, 280, 19330, 300, 80, 160, 190, 4060, 4060, 540, 140, 140, 280, 510, 2570, 0, 100, 100, 1310, 1310, 390, 350, 720, 1100]"
2020-10-26 03:05:00+00:00,22310,0,48.0,"[30, 620, 110, 390, 30, 1950, 1950, 10, 10, 160, 100, 100, 830, 10, 430, 140, 300, 20, 130, 130, 20, 140, 140, 340, 370, 110, 500, 240, 880, 880, 450, 50, 50, 50, 290, 290, 0, 130, 130, 620, 240, 340, 510, 130, 130, 350, 3740, 3740]"
2020-10-26 03:10:00+00:00,67080,0,66.0,"[10, 10, 1360, 1360, 20, 20, 710, 710, 4330, 190, 20, 580, 40, 40, 130, 130, 110, 260, 260, 180, 0, 0, 30, 30, 10, 10, 910, 40, 1150, 1150, 80, 80, 80, 480, 430, 10, 120, 590, 590, 2060, 320, 320, 110, 120, 90, 20, 0, 8980, 8980, 11430, 230, 230, 70, 20, 70, 40, 960, 0, 0, 480, 480, 10, 2990, 2990, 4910, 4910]"
2020-10-26 03:15:00+00:00,202730,0,83.0,"[170, 170, 40, 140, 140, 120, 400, 5190, 5190, 120, 0, 330, 560, 560, 5000, 5000, 1560, 1260, 11380, 11380, 11380, 11380, 130, 620, 170, 760, 640, 640, 100, 40, 40, 30, 540, 60, 2070, 160, 160, 380, 290, 290, 0, 60, 260, 1060, 2390, 90, 350, 350, 8980, 250, 50, 210, 210, 150, 150, 950, 90, 90, 110, 110, 60, 230, 230, 750, 200, 1800, 40, 130, 320, 80, 320, 250, 320, 10, 15890, 15890, 5200, 5200, 150, 120, 120]"
2020-10-26 03:20:00+00:00,1787970,2,60.0,"[390, 460, 180, 320, 320, 380, 220, 450, 920, 10, 4210, 4210, 140, 1870, 1870, 10, 40, 70, 1140, 1870, 250, 250, 1560, 240, 20, 2160, 140, 1340, 1340, 140, 80, 90, 100, 20, 630, 890, 890, 873560, 873560, 810, 810, 920, 920, 1080, 30, 100, 100, 1320, 3040, 80, 60, 60, 250, 250, 810, 110, 350, 350, 90, 90]"
2020-10-26 03:25:00+00:00,60280,0,60.0,"[250, 250, 220, 20, 20, 3040, 60, 50, 40, 160, 160, 2070, 2070, 220, 750, 1140, 1140, 200, 420, 750, 1020, 650, 650, 300, 2700, 1010, 2280, 2280, 750, 750, 340, 1400, 1400, 90, 90, 1300, 1010, 40, 40, 3040, 50, 360, 820, 20, 1030, 330, 330, 1890, 1890, 3190, 3190, 20, 40, 480, 480, 850, 2610, 4180, 4180, 170]"
2020-10-26 03:30:00+00:00,95870,0,66.0,"[3410, 560, 930, 930, 370, 1400, 1400, 60, 360, 360, 390, 260, 260, 960, 960, 430, 50, 10, 10, 260, 640, 600, 60, 20, 40, 640, 80, 60, 100, 70, 60, 0, 140, 590, 10, 10, 2660, 2660, 310, 310, 4300, 4300, 5860, 5860, 490, 70, 250, 130, 90, 220, 950, 60, 60, 450, 470, 560, 560, 380, 11860, 11860, 590, 60, 60, 230, 11860, 11860]"
2020-10-26 03:35:00+00:00,90640,2,74.0,"[60, 60, 50, 70, 70, 50, 240, 240, 520, 90, 90, 350, 350, 90, 710, 60, 760, 760, 40, 10, 780, 780, 640, 860, 960, 960, 500, 500, 40, 20, 410, 100, 100, 480, 480, 350, 350, 350, 350, 300, 210, 90, 210, 40, 110, 120, 120, 120, 120, 90, 90, 70, 180, 120, 120, 1480, 40, 40, 0, 0, 10, 80, 90, 90, 590, 110, 370, 370, 290, 10, 380, 35260, 35260, 380]"
2020-10-26 03:40:00+00:00,34870,0,62.0,"[4340, 4340, 30, 30, 80, 50, 50, 130, 130, 230, 230, 8020, 110, 40, 40, 500, 480, 480, 30, 40, 40, 40, 40, 200, 3110, 3110, 430, 430, 30, 60, 600, 440, 280, 20, 20, 130, 130, 20, 20, 120, 120, 20, 20, 890, 890, 490, 380, 380, 120, 120, 260, 20, 20, 170, 170, 320, 70, 70, 1040, 470, 90, 90]"
2020-10-26 03:45:00+00:00,117180,0,41.0,"[10300, 90, 120, 120, 260, 70, 70, 20, 1260, 1260, 10, 50, 240, 300, 300, 390, 390, 150, 440, 440, 11030, 240, 460, 1010, 1010, 30, 81110, 260, 300, 60, 210, 210, 130, 1680, 1680, 480, 0, 0, 500, 420, 80]"
2020-10-26 03:50:00+00:00,46040,0,42.0,"[380, 130, 3490, 180, 100, 100, 120, 200, 470, 470, 200, 40, 710, 100, 1580, 10, 40, 1920, 1400, 1400, 130, 1580, 120, 700, 700, 280, 620, 620, 700, 700, 100, 430, 60, 80, 80, 60, 280, 25500, 20, 120, 20, 100]"
2020-10-26 03:55:00+00:00,266250,4,74.0,"[1960, 2550, 10, 320, 20, 430, 20, 2550, 2550, 220, 270, 270, 810, 810, 280, 620, 620, 40, 40, 50, 50, 3580, 3580, 20, 120, 290, 50, 50, 12830, 12830, 10, 160, 8450, 8450, 120, 8450, 8450, 300, 300, 100, 880, 880, 300, 3760, 60380, 60380, 1580, 140, 4410, 340, 90, 730, 180, 390, 190, 190, 290, 10990, 10990, 90, 90, 260, 180, 1130, 290, 470, 470, 190, 2260, 120, 490, 490]"
2020-10-26 04:00:00+00:00,38960,0,52.0,"[310, 310, 480, 480, 140, 240, 260, 2210, 60, 9590, 220, 220, 180, 180, 280, 230, 80, 200, 220, 1220, 1220, 60, 20, 140, 0, 60, 830, 830, 30, 810, 10, 10, 1100, 1100, 100, 100, 10, 410, 640, 2590, 2590, 10, 1360, 290, 290, 150, 150, 140, 740, 2710, 2710, 640]"
2020-10-26 04:05:00+00:00,17560,0,46.0,"[470, 470, 300, 300, 1170, 4100, 150, 200, 1010, 160, 160, 530, 100, 100, 100, 1330, 120, 120, 150, 90, 120, 510, 120, 720, 20, 20, 60, 10, 10, 140, 140, 160, 140, 140, 440, 850, 850, 110, 120, 70, 420, 380, 220, 380, 220, 60]"
2020-10-26 04:10:00+00:00,92230,0,53.0,"[160, 160, 270, 270, 850, 850, 440, 910, 910, 240, 80, 80, 30, 30, 160, 11250, 130, 5110, 40, 570, 2030, 2030, 90, 630, 1110, 60, 1110, 1110, 500, 210, 100, 100, 480, 140, 140, 1110, 740, 140, 140, 390, 390, 380, 380, 400, 540, 740, 200, 380, 380, 10, 10, 60]"
2020-10-26 04:15:00+00:00,255510,0,45.0,"[670, 1140, 740, 740, 70, 420, 420, 4060, 80, 20, 80, 1010, 1010, 80, 600, 80, 20, 20, 80, 100, 100, 5520, 80, 20, 10, 20, 110, 0, 1190, 280, 100, 280, 3800, 1480, 10, 250, 490, 490, 20, 60, 60]"
2020-10-26 04:20:00+00:00,136290,0,47.0,"[160, 840, 970, 970, 40, 40, 400, 400, 1200, 90, 20, 790, 1680, 1680, 750, 20, 1500, 1500, 30, 30, 7570, 1270, 1980, 110, 110, 450, 1200, 1200, 1420, 1420, 380, 380, 101550, 0, 0, 900, 900, 270, 30, 30, 30, 710, 710, 220, 10, 180, 150]"
2020-10-26 04:25:00+00:00,81340,0,46.0,"[640, 640, 90, 180, 180, 780, 780, 40, 520, 520, 1830, 10, 10, 1830, 2410, 310, 110, 110, 1150, 1150, 1950, 160, 90, 90, 20, 650, 650, 580, 580, 50, 30, 9810, 620, 2110, 2110, 40, 350, 10, 10, 910, 910, 150, 1110, 20]"
2020-10-26 04:30:00+00:00,49320,0,44.0,"[420, 20, 300, 160, 160, 490, 830, 2150, 80, 150, 150, 11250, 11250, 70, 170, 110, 3250, 100, 200, 200, 150, 150, 300, 3810, 3810, 990, 60, 60, 20, 20, 300, 300, 710, 340, 800, 530, 1050, 1050, 50, 0, 230, 930, 930, 1220]"
2020-10-26 04:35:00+00:00,315390,0,63.0,"[260, 20, 870, 170, 170, 250, 3460, 3460, 570, 150, 30, 140, 140, 20, 1360, 1360, 380, 40, 1150, 1150, 730, 730, 30, 30, 1810, 1810, 4610, 4610, 280, 280, 80, 80, 1270, 1270, 4610, 4610, 1030, 2150, 260, 1600, 1600, 30, 30, 190, 190, 130, 210, 210, 3570, 50, 1800, 20270, 10, 10, 30, 30, 30, 20, 30, 20, 40]"
2020-10-26 04:40:00+00:00,44330,0,51.0,"[2630, 2630, 2310, 2310, 30, 30, 220, 220, 80, 750, 750, 3000, 1760, 860, 860, 360, 240, 490, 10, 520, 630, 40, 870, 870, 830, 3010, 1100, 1100, 160, 1110, 600, 600, 140, 40, 280, 410, 410, 3420, 3420, 120, 160, 30, 30, 1270, 1270, 30, 950, 950, 160, 130, 130]"
2020-10-26 04:45:00+00:00,58560,0,48.0,"[40, 6690, 260, 50, 200, 460, 150, 2200, 2200, 310, 270, 2610, 190, 190, 210, 210, 10400, 1600, 10400, 1600, 390, 40, 1740, 140, 140, 460, 130, 130, 60, 60, 120, 3280, 3280, 200, 30, 210, 90, 90, 280, 3000, 1370, 270, 270, 870, 870, 740, 30, 30]"
2020-10-26 04:50:00+00:00,76800,0,41.0,"[40, 5160, 5160, 40, 5490, 5490, 3280, 80, 80, 1670, 820, 250, 150, 150, 160, 13820, 13820, 3870, 10, 10, 400, 110, 420, 420, 670, 670, 370, 370, 100, 80, 80, 440, 120, 20, 240, 4050, 4050, 1560, 1560, 240, 1280]"
2020-10-26 04:55:00+00:00,22180,0,31.0,"[280, 10, 770, 680, 170, 230, 230, 410, 310, 4390, 4390, 590, 150, 310, 310, 50, 2210, 50, 2210, 60, 570, 570, 880, 150, 640, 640, 60, 40, 350, 350, 120]"
2020-10-26 05:00:00+00:00,21290,0,43.0,"[80, 170, 1370, 1370, 180, 70, 1110, 1110, 40, 40, 260, 260, 30, 840, 840, 30, 570, 30, 30, 570, 10, 10, 610, 610, 650, 30, 700, 610, 610, 100, 4960, 10, 10, 100, 100, 30, 30, 220, 220, 580, 480, 480, 1130]"
2020-10-26 05:05:00+00:00,16960,0,30.0,"[330, 5180, 80, 80, 50, 310, 310, 20, 400, 400, 480, 80, 80, 490, 300, 430, 430, 150, 150, 270, 270, 250, 650, 400, 740, 700, 0, 3330, 430, 170]"
2020-10-26 05:10:00+00:00,48370,0,27.0,"[120, 4270, 4270, 220, 290, 350, 350, 400, 400, 300, 360, 450, 900, 900, 2950, 10, 10, 1360, 1360, 6210, 260, 40, 40, 50, 11200, 11200, 100]"
2020-10-26 05:15:00+00:00,59850,0,23.0,"[20590, 180, 3600, 3600, 400, 10, 10, 100, 1370, 100, 100, 3340, 20, 20590, 50, 50, 310, 120, 820, 190, 3960, 170, 170]"
2020-10-26 05:20:00+00:00,148100,0,33.0,"[60, 10, 10, 60, 1840, 1840, 120, 120, 80, 180, 350, 20, 1520, 240, 240, 250, 11840, 160, 160, 20, 20, 20, 1740, 1100, 1100, 1090, 1320, 1320, 1010, 350, 350]"
2020-10-26 05:25:00+00:00,74410,2,35.0,"[1130, 1130, 3320, 3320, 350, 50, 50, 1840, 1840, 350, 70, 550, 110, 110, 100, 100, 280, 50, 110, 110, 1520, 470, 470, 620, 620, 390, 310, 0, 3250, 160, 160, 110, 40, 25660, 25660]"
2020-10-26 05:30:00+00:00,12870,0,21.0,"[760, 760, 540, 30, 30, 2120, 630, 630, 460, 460, 630, 630, 2650, 870, 870, 40, 40, 180, 180, 180, 180]"
2020-10-26 05:35:00+00:00,22100,0,28.0,"[100, 100, 350, 50, 440, 70, 0, 0, 0, 170, 330, 330, 10, 330, 330, 40, 40, 2650, 160, 1990, 1990, 50, 50, 3340, 3340, 2650, 2650, 540]"
2020-10-26 05:40:00+00:00,137370,0,28.0,"[140, 960, 960, 200, 970, 970, 2010, 3400, 4450, 4450, 11440, 490, 2770, 110, 5770, 950, 950, 140, 40, 40, 240, 240, 23910, 23910, 30, 23910, 23910, 10]"
2020-10-26 05:45:00+00:00,25370,0,26.0,"[200, 60, 310, 310, 470, 460, 460, 100, 190, 700, 340, 340, 50, 50, 370, 370, 7750, 140, 140, 580, 580, 5350, 5350, 340, 340, 20]"
2020-10-26 05:50:00+00:00,131730,2,38.0,"[300, 300, 3330, 3330, 3330, 3330, 520, 520, 50, 50, 240, 240, 70, 70, 660, 1500, 450, 670, 670, 100, 100, 51420, 51420, 270, 360, 130, 130, 70, 2090, 2090, 160, 160, 1710, 300, 300, 300, 40, 950]"
2020-10-26 05:55:00+00:00,34870,0,26.0,"[580, 580, 260, 260, 450, 90, 120, 120, 2580, 2580, 50, 50, 23340, 120, 120, 730, 730, 50, 50, 210, 210, 40, 280, 280, 670, 320]"
2020-10-26 06:00:00+00:00,124690,0,34.0,"[110, 110, 20, 20, 340, 160, 540, 540, 40, 940, 1060, 940, 140, 2180, 140, 230, 420, 2910, 840, 840, 270, 2820, 19000, 19000, 19000, 19000, 8080, 8080, 300, 8080, 300, 8080, 80, 80]"
2020-10-26 06:05:00+00:00,25400,0,21.0,"[40, 1830, 360, 360, 1250, 1250, 30, 30, 1800, 1800, 3070, 3070, 340, 100, 100, 250, 250, 490, 490, 8040, 450]"
2020-10-26 06:10:00+00:00,12880,0,26.0,"[30, 40, 400, 400, 520, 60, 60, 7790, 270, 270, 380, 150, 110, 110, 270, 40, 40, 60, 60, 200, 200, 340, 340, 170, 170, 400]"
2020-10-26 06:15:00+00:00,12270,0,29.0,"[240, 240, 550, 550, 2990, 20, 320, 20, 160, 160, 160, 200, 200, 160, 1610, 220, 420, 20, 430, 430, 250, 250, 50, 50, 150, 150, 1410, 430, 430]"
2020-10-26 06:20:00+00:00,11830,0,21.0,"[260, 0, 0, 730, 730, 1010, 1010, 460, 0, 1380, 50, 30, 30, 80, 80, 100, 100, 1990, 750, 1520, 1520]"
2020-10-26 06:25:00+00:00,33100,0,22.0,"[170, 100, 320, 320, 250, 250, 9910, 80, 80, 4370, 4370, 50, 50, 150, 80, 130, 190, 4400, 1350, 340, 3070, 3070]"
2020-10-26 06:30:00+00:00,88580,0,31.0,"[500, 500, 1920, 960, 710, 710, 3070, 3070, 3410, 170, 710, 710, 1350, 1350, 20, 50, 100, 980, 980, 32000, 32000, 500, 910, 910, 200, 200, 140, 140, 190, 60, 60]"
2020-10-26 06:35:00+00:00,21600,0,34.0,"[70, 260, 790, 170, 170, 70, 70, 1880, 1880, 0, 140, 220, 220, 50, 10, 10, 300, 300, 420, 420, 300, 6150, 470, 470, 80, 80, 60, 170, 170, 2850, 2850, 120, 120, 260]"
2020-10-26 06:40:00+00:00,20320,0,17.0,"[3750, 3750, 10, 10, 1650, 1650, 10, 150, 340, 340, 60, 60, 2170, 720, 1930, 1930, 1790]"
2020-10-26 06:45:00+00:00,47500,0,14.0,"[160, 2220, 2220, 5460, 5460, 20, 40, 1380, 1380, 20920, 4040, 4040, 80, 80]"
2020-10-26 06:50:00+00:00,7250,0,15.0,"[170, 250, 250, 80, 80, 450, 450, 110, 360, 1300, 240, 310, 170, 530, 2500]"
2020-10-26 06:55:00+00:00,13250,0,17.0,"[830, 2050, 1210, 10, 2050, 180, 180, 490, 490, 280, 330, 330, 1380, 140, 1280, 1010, 1010]"
2020-10-26 07:00:00+00:00,8280,0,25.0,"[100, 100, 230, 310, 310, 130, 280, 60, 1460, 1460, 380, 20, 10, 10, 260, 260, 110, 110, 140, 140, 170, 170, 980, 980, 100]"
2020-10-26 07:05:00+00:00,5470,0,10.0,"[820, 40, 880, 720, 340, 130, 40, 120, 1190, 1190]"
2020-10-26 07:10:00+00:00,7650,0,9.0,"[450, 450, 2080, 1060, 1060, 320, 230, 1420, 580]"
2020-10-26 07:15:00+00:00,14540,0,8.0,"[350, 350, 200, 200, 210, 1020, 11780, 430]"
2020-10-26 07:20:00+00:00,3690,0,18.0,"[200, 110, 40, 650, 650, 50, 50, 70, 150, 150, 30, 60, 70, 70, 220, 220, 820, 80]"
2020-10-26 07:25:00+00:00,6140,0,9.0,"[60, 60, 1320, 460, 460, 390, 110, 2530, 750]"
2020-10-26 07:30:00+00:00,719760,1,24.0,"[704700, 1000, 290, 60, 50, 50, 1010, 1010, 320, 200, 100, 0, 440, 60, 1510, 620, 860, 860, 3210, 1510, 100, 890, 890, 20]"
2020-10-26 07:35:00+00:00,4330,0,12.0,"[120, 120, 400, 400, 1010, 210, 190, 190, 980, 230, 140, 340]"
2020-10-26 07:40:00+00:00,4750,0,14.0,"[170, 170, 240, 60, 60, 540, 900, 960, 960, 670, 10, 10, 0, 0]"
2020-10-26 07:45:00+00:00,1440,0,13.0,"[20, 170, 260, 260, 0, 0, 420, 20, 70, 60, 60, 30, 70]"
2020-10-26 07:50:00+00:00,9390,0,16.0,"[1660, 1660, 20, 40, 40, 50, 50, 950, 950, 2690, 100, 920, 30, 10, 60, 160]"
2020-10-26 07:55:00+00:00,7820,0,18.0,"[540, 540, 540, 540, 850, 850, 670, 670, 290, 290, 180, 820, 10, 140, 120, 390, 190, 190]"
2020-10-26 08:00:00+00:00,22820,0,23.0,"[30, 500, 3960, 3960, 290, 290, 1360, 20, 20, 2000, 20, 400, 400, 460, 460, 10, 10, 560, 3960, 3960, 30, 30, 90]"
2020-10-26 08:05:00+00:00,2700,0,11.0,"[650, 650, 50, 880, 30, 20, 20, 100, 100, 100, 100]"
2020-10-26 08:10:00+00:00,3550,0,16.0,"[130, 30, 30, 380, 670, 150, 580, 160, 160, 200, 200, 250, 250, 30, 30, 300]"
2020-10-26 08:15:00+00:00,1480,0,14.0,"[130, 130, 130, 220, 270, 270, 30, 30, 50, 80, 20, 20, 50, 50]"
2020-10-26 08:20:00+00:00,5330,0,11.0,"[640, 640, 40, 40, 1750, 160, 530, 530, 120, 780, 100]"
2020-10-26 08:25:00+00:00,5260,0,10.0,"[490, 180, 180, 460, 460, 70, 220, 1480, 1480, 240]"
2020-10-26 08:30:00+00:00,6750,0,17.0,"[50, 150, 150, 680, 50, 50, 50, 50, 230, 230, 320, 480, 1820, 1820, 60, 550, 10]"
2020-10-26 08:35:00+00:00,175680,1,19.0,"[1020, 40, 2740, 19980, 390, 390, 450, 3000, 30, 1650, 140, 140, 440, 440, 170, 6940, 6940]"
2020-10-26 08:40:00+00:00,8810,0,16.0,"[90, 90, 60, 60, 480, 480, 60, 60, 750, 10, 10, 2690, 2690, 100, 740, 440]"
2020-10-26 08:45:00+00:00,5810,0,9.0,"[140, 210, 350, 120, 180, 20, 4600, 40, 150]"
2020-10-26 08:50:00+00:00,18320,0,21.0,"[800, 240, 240, 470, 4170, 4170, 0, 0, 200, 200, 70, 760, 170, 170, 20, 40, 0, 540, 5830, 140, 90]"
2020-10-26 08:55:00+00:00,31080,0,9.0,"[10470, 350, 80, 310, 10, 160, 9840, 9840, 20]"
2020-10-26 09:00:00+00:00,36620,0,7.0,"[20, 10, 780, 1320, 270, 17110, 17110]"
2020-10-26 09:05:00+00:00,60380,0,15.0,"[190, 300, 60, 60, 20, 20, 1020, 20, 27760, 27760, 1490, 1490, 170, 10, 10]"
2020-10-26 09:10:00+00:00,21770,0,15.0,"[260, 200, 10, 10, 110, 1100, 440, 200, 90, 90, 120, 9180, 9180, 390, 390]"
2020-10-26 09:15:00+00:00,10610,0,18.0,"[2910, 2910, 20, 430, 20, 20, 150, 830, 380, 380, 450, 450, 10, 270, 0, 40, 1070, 270]"
2020-10-26 09:20:00+00:00,176110,0,9.0,"[1070, 70, 26210, 26210, 250, 250, 230]"
2020-10-26 09:25:00+00:00,47490,2,25.0,"[250, 80, 150, 150, 40, 160, 410, 880, 880, 50, 70, 13560, 13560, 560, 560, 310, 310, 4310, 4310, 20, 2000, 2000, 1400, 1400, 70]"
2020-10-26 09:30:00+00:00,9870,0,10.0,"[30, 110, 4280, 4280, 410, 410, 120, 120, 20, 90]"
2020-10-26 09:35:00+00:00,8040,0,9.0,"[860, 860, 820, 820, 310, 440, 890, 80, 2960]"
2020-10-26 09:40:00+00:00,29560,0,11.0,"[320, 380, 540, 10, 40, 40, 490, 80, 3800, 11930, 11930]"
2020-10-26 09:45:00+00:00,8890,0,10.0,"[2620, 2620, 20, 20, 1440, 1440, 390, 230, 100, 10]"
2020-10-26 09:50:00+00:00,142640,0,28.0,"[1110, 4360, 4360, 2230, 27700, 390, 35630, 2740, 2780, 2780, 21490, 21490, 110, 240, 240, 7270, 80, 80, 690, 2300, 2300, 70, 590, 590, 50, 50, 140, 780]"
2020-10-26 09:55:00+00:00,64210,0,18.0,"[360, 30, 840, 840, 1960, 440, 20, 6110, 1060, 2390, 2390, 6110, 6110, 1010, 60, 100]"
2020-10-26 10:00:00+00:00,22870,0,17.0,"[1740, 750, 1750, 1880, 570, 1560, 1560, 1230, 8780, 460, 490, 1290, 170, 590, 20, 20, 10]"
2020-10-26 10:05:00+00:00,15820,0,12.0,"[610, 10, 190, 20, 150, 960, 80, 180, 180, 140, 6650, 6650]"
2020-10-26 10:10:00+00:00,77150,0,12.0,"[170, 140, 220, 220, 370, 0, 0, 1830, 1830, 990]"
2020-10-26 10:15:00+00:00,84470,0,18.0,"[210, 3650, 3650, 160, 160, 40, 40, 70, 880, 35530, 35530, 1790, 1790, 140, 140, 190, 190, 310]"
2020-10-26 10:20:00+00:00,29340,0,10.0,"[8210, 8210, 3290, 770, 470, 6000, 70, 820, 820, 680]"
2020-10-26 10:25:00+00:00,10170,0,13.0,"[20, 70, 30, 310, 310, 300, 440, 220, 150, 100, 100]"
2020-10-26 10:30:00+00:00,127130,0,23.0,"[29930, 29930, 110, 890, 50, 50, 6330, 6330, 10900, 10900, 7920, 7920, 3970, 3970, 540, 540, 3060, 940, 1120, 300, 940, 410, 80]"
2020-10-26 10:35:00+00:00,9290,0,12.0,"[60, 3100, 3100, 190, 60, 60, 30, 170, 260, 260, 1000, 1000]"
2020-10-26 10:40:00+00:00,40830,0,21.0,"[320, 310, 310, 1030, 70, 70, 330, 1750, 150, 150, 15840, 15840, 410, 410, 1750, 1750, 30, 30, 260, 10, 10]"
2020-10-26 10:45:00+00:00,16690,0,21.0,"[60, 100, 160, 440, 680, 160, 280, 930, 930, 160, 5350, 5350, 80, 520, 370, 370, 10, 10, 190, 270, 270]"
2020-10-26 10:50:00+00:00,14100,0,16.0,"[5350, 5350, 1070, 50, 50, 1460, 180, 180, 30, 30, 170, 60, 40, 30, 30, 20]"
2020-10-26 10:55:00+00:00,4110,0,15.0,"[40, 320, 410, 40, 40, 760, 760, 90, 90, 130, 690, 690, 20, 20, 10]"
2020-10-26 11:00:00+00:00,155320,0,13.0,"[970, 970, 10, 10, 110, 110, 260, 260, 40, 4350, 4350]"
2020-10-26 11:05:00+00:00,226210,0,32.0,"[2230, 2230, 21400, 21400, 380, 150, 20, 170, 60, 20, 20, 100, 1730, 1730, 50, 20, 20, 50, 180, 460, 460, 10, 10, 31400, 31400, 13680, 13680, 730, 9810, 9810, 31400, 31400]"
2020-10-26 11:10:00+00:00,21600,0,20.0,"[70, 70, 660, 70, 0, 150, 2290, 1600, 120, 1320, 1320, 4380, 1210, 20, 20, 400, 1240, 1240, 2710, 2710]"
2020-10-26 11:15:00+00:00,3680,0,16.0,"[10, 10, 2920, 60, 50, 50, 60, 60, 20, 20, 160, 10, 10, 40, 100, 100]"
2020-10-26 11:20:00+00:00,14390,1,18.0,"[7710, 70, 50, 70, 240, 530, 530, 240, 240, 850, 60, 60, 280, 280, 40, 20, 1560, 1560]"
2020-10-26 11:25:00+00:00,6690,0,15.0,"[340, 20, 20, 20, 20, 2580, 2580, 50, 50, 30, 340, 340, 120, 120, 60]"
2020-10-26 11:30:00+00:00,111260,0,28.0,"[570, 570, 390, 0, 4290, 4290, 1670, 42150, 42150, 90, 90, 380, 380, 20, 650, 1720, 2560, 2560, 1350, 1350, 30, 1070, 1070, 20, 520, 650, 650, 20]"
2020-10-26 11:35:00+00:00,16420,0,28.0,"[1120, 340, 340, 1120, 400, 400, 1670, 1670, 470, 60, 470, 740, 740, 600, 600, 720, 720, 140, 140, 140, 310, 310, 200, 200, 980, 980, 420, 420]"
2020-10-26 11:40:00+00:00,40700,0,29.0,"[1340, 1340, 1120, 5480, 5480, 340, 340, 460, 620, 620, 90, 90, 10, 0, 710, 2340, 2340, 560, 560, 70, 70, 5890, 5890, 40, 270, 40, 40, 20, 4530]"
2020-10-26 11:45:00+00:00,101250,0,16.0,"[120, 140, 140, 520, 110, 20, 340, 340, 590, 210, 210, 230]"
2020-10-26 11:50:00+00:00,20300,0,21.0,"[800, 800, 20, 270, 270, 450, 70, 10, 630, 630, 100, 180, 320, 320, 790, 60, 60, 1950, 1950, 5310, 5310]"
2020-10-26 11:55:00+00:00,6860,0,20.0,"[1040, 1040, 120, 40, 120, 120, 420, 420, 1020, 160, 20, 100, 100, 100, 100, 300, 300, 940, 200, 200]"
2020-10-26 12:00:00+00:00,21770,0,23.0,"[1720, 350, 350, 1760, 60, 60, 50, 50, 80, 250, 270, 270, 980, 100, 100, 100, 100, 40, 40, 7370, 7370, 150, 150]"
2020-10-26 12:05:00+00:00,352480,3,30.0,"[160, 138270, 138270, 2300, 500, 30, 1160, 30, 1160, 13360, 13360, 280, 620, 14060, 14060, 60, 60, 0, 1880, 70, 70, 520, 520, 2190, 2190, 760, 230, 230, 3040, 3040]"
2020-10-26 12:10:00+00:00,94980,2,28.0,"[160, 160, 20, 20, 260, 260, 15370, 15370, 230, 230, 370, 370, 570, 570, 320, 320, 4980, 4980, 21030, 21030, 40, 3270, 3270, 1360, 160, 160, 50, 50]"
2020-10-26 12:15:00+00:00,19080,0,41.0,"[1560, 1560, 420, 420, 310, 310, 390, 390, 60, 60, 410, 180, 1380, 1380, 150, 150, 410, 410, 60, 60, 80, 80, 240, 90, 330, 190, 190, 330, 1410, 1410, 150, 150, 1270, 1270, 60, 660, 80, 80, 360, 360, 220]"
2020-10-26 12:20:00+00:00,51660,0,31.0,"[60, 12200, 12200, 10, 170, 170, 40, 20, 3450, 3450, 20, 20, 400, 400, 2220, 2220, 630, 630, 1360, 1360, 650, 760, 3540, 3540, 350, 260, 260, 90, 520, 520, 140]"
2020-10-26 12:25:00+00:00,22310,2,37.0,"[1300, 1300, 160, 160, 220, 220, 1170, 1170, 740, 740, 580, 50, 470, 470, 0, 0, 440, 440, 620, 620, 80, 80, 70, 70, 20, 20, 250, 60, 290, 290, 230, 230, 440, 440, 230]"
2020-10-26 12:30:00+00:00,10120,0,21.0,"[1470, 30, 30, 900, 900, 50, 840, 370, 370, 120, 50, 140, 140, 50, 270, 270, 2430, 430, 600, 600, 60]"
2020-10-26 12:35:00+00:00,16030,0,31.0,"[420, 420, 900, 900, 240, 240, 10, 140, 4320, 420, 440, 440, 30, 30, 320, 320, 1240, 20, 20, 80, 270, 220, 390, 390, 70, 60, 1760, 400, 90, 90, 1340]"
2020-10-26 12:40:00+00:00,62400,1,24.0,"[330, 990, 3480, 3480, 50, 50, 40, 40, 20, 150, 150, 190, 190, 50, 50, 980, 100, 100, 60, 60, 25730, 25730, 190, 190]"
2020-10-26 12:45:00+00:00,136520,0,42.0,"[60, 60, 140, 140, 1370, 1370, 130, 0, 0, 10, 10, 35650, 35650, 1090, 1090, 10660, 10660, 830, 830, 70, 180, 190, 190, 40, 40, 380, 4610, 4610, 9800, 9800, 100, 100, 260, 90, 1680, 1680, 200, 90, 90, 1240, 1240, 90]"
2020-10-26 12:50:00+00:00,57400,0,34.0,"[100, 2940, 2940, 640, 640, 300, 300, 410, 2890, 2890, 60, 60, 840, 3310, 3310, 2290, 2290, 40, 380, 380, 1890, 1890, 2290, 2290, 310, 80, 30, 30, 7920, 7920, 2600, 2600, 270, 270]"
2020-10-26 12:55:00+00:00,119440,1,40.0,"[290, 290, 20, 20, 2890, 2890, 400, 400, 360, 360, 60, 60, 430, 430, 15940, 360, 140, 140, 30, 30, 30, 200, 200, 1340, 1340, 360, 360, 10, 10, 660, 310, 87020, 90, 90, 30, 30, 370, 370, 240, 840]"
2020-10-26 13:00:00+00:00,12540,0,34.0,"[40, 40, 1300, 1300, 10, 10, 990, 70, 70, 700, 700, 1270, 0, 0, 700, 700, 100, 170, 110, 110, 450, 1010, 100, 360, 360, 270, 270, 1050, 100, 50, 20, 90, 0, 20]"
2020-10-26 13:05:00+00:00,28250,0,30.0,"[1980, 1980, 220, 50, 50, 210, 210, 590, 1070, 100, 100, 460, 580, 5340, 820, 820, 1010, 1010, 320, 320, 940, 940, 40, 0, 0, 1160, 1160, 2270, 1900, 2600]"
2020-10-26 13:10:00+00:00,28480,0,29.0,"[770, 450, 270, 0, 0, 2960, 2960, 30, 380, 0, 0, 10, 240, 20, 20, 3370, 40, 220, 220, 2130, 3370, 3370, 1300, 1300, 120, 120, 2750, 1030, 1030]"
2020-10-26 13:15:00+00:00,21720,0,37.0,"[300, 300, 180, 250, 50, 470, 50, 130, 130, 2730, 2730, 4310, 250, 1800, 40, 2830, 450, 20, 20, 20, 20, 140, 50, 50, 60, 90, 800, 800, 1420, 0, 0, 250, 160, 240, 240, 340, 0]"
2020-10-26 13:20:00+00:00,29450,0,31.0,"[640, 640, 30, 2450, 2450, 40, 830, 20, 20, 1450, 1450, 1020, 1020, 1690, 1690, 440, 1020, 1020, 4310, 4310, 10, 190, 40, 40, 400, 90, 90, 660, 180, 640, 570]"
2020-10-26 13:25:00+00:00,30370,0,36.0,"[160, 170, 50, 320, 320, 3030, 3030, 290, 80, 80, 790, 510, 510, 790, 290, 290, 520, 1140, 520, 150, 150, 290, 2520, 440, 440, 660, 660, 80, 2590, 680, 0, 240, 3660, 3660, 630, 630]"
2020-10-26 13:30:00+00:00,4270,0,9.0,"[320, 320, 1800, 470, 470, 20, 100, 80, 690]"
2020-10-26 13:35:00+00:00,7330,0,17.0,"[2440, 480, 480, 520, 520, 150, 20, 20, 170, 170, 820, 820, 0, 160, 160, 200, 200]"
2020-10-26 13:40:00+00:00,191880,0,16.0,"[180, 180, 100, 520, 520, 340, 340, 100, 130, 130, 20, 20, 70, 70]"
2020-10-26 13:45:00+00:00,85930,0,33.0,"[270, 270, 150, 150, 2790, 2790, 280, 280, 6500, 6500, 370, 370, 630, 720, 720, 3340, 3340, 2790, 2790, 1250, 1250, 1550, 1550, 110, 110, 230, 230, 1300, 1300, 20770, 20770, 230, 230]"
2020-10-26 13:50:00+00:00,20610,0,26.0,"[70, 70, 470, 470, 120, 120, 320, 320, 300, 300, 3310, 3310, 2520, 1400, 1400, 140, 140, 70, 70, 0, 0, 260, 260, 700, 700, 3770]"
2020-10-26 13:55:00+00:00,30920,0,40.0,"[300, 300, 20, 720, 720, 2110, 240, 240, 970, 970, 510, 510, 320, 320, 110, 110, 470, 3240, 3240, 240, 2520, 440, 440, 40, 1240, 40, 1240, 1630, 1630, 1340, 1340, 290, 290, 400, 400, 440, 440, 510, 510, 80]"
2020-10-26 14:00:00+00:00,18910,0,25.0,"[240, 240, 1130, 1130, 530, 530, 10, 10, 60, 60, 2370, 2370, 180, 180, 40, 3910, 3910, 260, 130, 60, 60, 680, 680, 70, 70]"
2020-10-26 14:05:00+00:00,33870,0,38.0,"[2230, 2230, 50, 80, 80, 60, 60, 10, 10, 1200, 1200, 1810, 1810, 30, 420, 420, 3790, 1030, 1030, 2520, 650, 650, 20, 20, 790, 790, 640, 1080, 1080, 640, 2210, 2210, 30, 30, 1140, 1140, 340, 340]"
2020-10-26 14:10:00+00:00,31510,0,42.0,"[50, 50, 160, 40, 40, 30, 30, 50, 50, 1820, 1820, 150, 150, 1410, 1410, 920, 920, 1480, 1480, 2630, 2630, 5110, 5110, 60, 60, 160, 390, 390, 650, 650, 40, 40, 20, 20, 100, 100, 690, 250, 250, 40, 30, 30]"
2020-10-26 14:15:00+00:00,37450,0,42.0,"[750, 750, 280, 2180, 2180, 5590, 5590, 730, 730, 110, 110, 380, 390, 390, 1660, 1660, 1030, 20, 20, 220, 220, 160, 160, 80, 80, 10, 10, 10, 190, 190, 4180, 4180, 760, 760, 110, 110, 110, 260, 330, 330, 220, 220]"
2020-10-26 14:20:00+00:00,88280,0,42.0,"[320, 320, 19450, 19450, 670, 670, 240, 240, 800, 800, 100, 100, 3270, 3270, 330, 330, 260, 260, 260, 120, 120, 130, 130, 1850, 1850, 9510, 9510, 140, 140, 720, 720, 340, 1630, 340, 340, 3230, 1350, 1350, 3230, 150, 150, 90]"
2020-10-26 14:25:00+00:00,78030,0,81.0,"[4320, 4320, 10, 10, 1760, 1760, 780, 780, 430, 60, 60, 110, 1230, 1230, 110, 370, 370, 720, 720, 1550, 1550, 310, 310, 1550, 1550, 1060, 1060, 720, 720, 1230, 860, 1230, 860, 10, 10, 70, 70, 530, 780, 780, 1550, 1550, 20, 610, 610, 5690, 5690, 310, 310, 2940, 2940, 100, 100, 30, 30, 2250, 2250, 910, 910, 2020, 2020, 580, 580, 170, 170, 710, 710, 1160, 1160, 70, 70, 70, 190, 190, 10, 10, 20, 350, 350, 1330, 1330]"
2020-10-26 14:30:00+00:00,76940,0,62.0,"[1130, 1130, 1200, 1200, 4850, 4850, 260, 90, 90, 880, 880, 260, 650, 650, 280, 280, 2090, 2090, 1140, 1140, 3360, 3360, 480, 80, 480, 80, 1670, 1670, 480, 480, 280, 280, 730, 730, 1130, 50, 50, 400, 400, 10210, 10210, 1990, 1990, 360, 360, 170, 170, 110, 110, 1330, 1330, 460, 460, 1230, 1230, 90, 90, 800, 800, 960, 960, 190]"
2020-10-26 14:35:00+00:00,88440,0,73.0,"[180, 180, 120, 120, 3420, 3420, 370, 370, 1310, 1310, 1470, 1470, 240, 240, 1760, 1760, 580, 580, 80, 520, 520, 1150, 1150, 190, 190, 1300, 1300, 100, 100, 1260, 1260, 4690, 4690, 9720, 9720, 620, 620, 510, 510, 700, 700, 4210, 4210, 980, 980, 30, 30, 420, 140, 140, 420, 100, 100, 1180, 1180, 210, 210, 60, 60, 110, 110, 2290, 2290, 1820, 1820, 360, 1040, 1040, 360, 420, 420, 600, 600]"
2020-10-26 14:40:00+00:00,230560,0,63.0,"[40, 40, 20, 20, 1240, 1240, 510, 400, 400, 510, 310, 310, 200, 200, 1030, 1030, 220, 1160, 1160, 1050, 1050, 80, 80, 880, 880, 430, 430, 830, 220, 830, 220, 200, 200, 150, 1010, 150, 1010, 340, 340, 6000, 6000, 680, 680, 550, 550, 1620, 1620, 340, 340, 870, 870, 820, 820, 2640, 2640, 600, 600, 20, 20, 4640, 4640]"
2020-10-26 14:45:00+00:00,32580,0,44.0,"[340, 340, 2700, 2700, 680, 680, 2700, 2700, 860, 860, 150, 150, 940, 940, 1200, 1200, 560, 470, 560, 470, 860, 860, 530, 530, 30, 30, 610, 610, 380, 380, 270, 270, 320, 320, 320, 320, 860, 20, 190, 190, 1110, 1110, 630, 630]"
2020-10-26 14:50:00+00:00,112000,0,54.0,"[150, 150, 100, 40, 40, 1240, 1240, 1310, 1310, 50, 50, 1080, 150, 150, 1080, 1480, 1480, 120, 120, 1670, 1670, 760, 980, 980, 760, 970, 970, 2650, 2650, 860, 1620, 860, 1620, 260, 260, 90, 90, 30, 30, 830, 830, 270, 270, 30, 30, 5360, 5360, 1810, 1810, 2370, 2370, 1570, 1570]"
2020-10-26 14:55:00+00:00,154340,0,46.0,"[1990, 1990, 30, 30, 210, 520, 520, 300, 300, 60, 60, 180, 9060, 180, 9060, 210, 630, 630, 210, 290, 1430, 1430, 2260, 2260, 540, 540, 320, 320, 310, 310, 21370, 21370, 460, 460, 21370, 21370, 1630, 1630, 11960, 11960, 1230, 90, 90, 1230, 970, 970]"
2020-10-26 15:00:00+00:00,48930,0,36.0,"[190, 190, 500, 30, 500, 30, 30, 140, 5360, 5360, 500, 500, 920, 920, 550, 2490, 2490, 3800, 3800, 80, 80, 1340, 1340, 640, 640, 890, 890, 1540, 1540, 2010, 2010, 2000, 2000, 790, 1420, 1420]"
2020-10-26 15:05:00+00:00,124160,0,41.0,"[150, 150, 150, 80, 150, 80, 48420, 48420, 1340, 1340, 230, 230, 520, 520, 500, 500, 610, 610, 900, 900, 740, 810, 810, 980, 980, 270, 270, 1120, 1120, 3790, 440, 440, 20, 20, 170, 50, 50, 2650, 2650, 490, 490]"
2020-10-26 15:10:00+00:00,25920,0,26.0,"[1910, 490, 490, 1390, 1390, 2460, 2460, 40, 40, 290, 290, 100, 100, 70, 70, 4840, 4840, 10, 10, 780, 780, 850, 590, 590, 520, 520]"
2020-10-26 15:15:00+00:00,15050,0,26.0,"[880, 880, 190, 190, 20, 30, 30, 1270, 1270, 590, 590, 10, 10, 30, 60, 60, 1920, 1920, 60, 30, 30, 2680, 150, 500, 500, 1150]"
2020-10-26 15:20:00+00:00,32530,0,29.0,"[200, 200, 1640, 1640, 670, 670, 3780, 3780, 20, 520, 1130, 1130, 610, 4800, 4800, 170, 170, 290, 290, 740, 740, 80, 80, 590, 590, 590, 590, 1010, 1010]"
2020-10-26 15:25:00+00:00,50940,0,30.0,"[40, 40, 10, 10, 3010, 3010, 950, 950, 120, 120, 10, 220, 220, 40, 40, 640, 8560, 8560, 8560, 8560, 4750, 120, 360, 360, 440, 500, 10, 10, 360, 360]"
2020-10-26 15:30:00+00:00,17780,0,29.0,"[80, 870, 460, 460, 130, 130, 310, 310, 1330, 1330, 100, 400, 400, 680, 680, 390, 390, 160, 440, 440, 250, 250, 900, 900, 520, 520, 3270, 840, 840]"
2020-10-26 15:35:00+00:00,43660,0,31.0,"[790, 790, 1330, 1330, 150, 150, 1450, 1450, 1610, 1610, 50, 340, 340, 9020, 9020, 120, 120, 60, 60, 100, 240, 240, 30, 990, 990, 350, 350, 180, 180, 5110, 5110]"
2020-10-26 15:40:00+00:00,9200,0,15.0,"[300, 140, 200, 1250, 1250, 390, 390, 160, 160, 1130, 1130, 330, 330, 160, 1880]"
2020-10-26 15:45:00+00:00,12440,0,18.0,"[90, 90, 200, 360, 570, 570, 2830, 2830, 1340, 1340, 400, 400, 550, 550, 60, 60, 100, 100]"
2020-10-26 15:50:00+00:00,44910,0,29.0,"[400, 400, 100, 100, 1210, 1210, 750, 850, 850, 750, 280, 280, 700, 700, 2450, 2450, 0, 0, 3640, 3640, 1230, 1230, 9180, 9180, 1230, 1230, 180, 180, 510]"
2020-10-26 15:55:00+00:00,39960,0,24.0,"[120, 70, 70, 8300, 5210, 5210, 20, 890, 280, 200, 200, 130, 130, 1770, 480, 1620, 1620, 410, 410, 470, 470, 5750, 5750, 380]"
2020-10-26 16:00:00+00:00,49270,0,41.0,"[5750, 5750, 290, 290, 80, 110, 80, 730, 730, 500, 500, 1810, 1810, 0, 0, 2550, 2550, 810, 810, 900, 900, 2400, 2400, 1510, 1510, 260, 260, 1040, 1040, 230, 230, 180, 180, 140, 140, 1550, 1550, 3850, 3850, 0, 0]"
2020-10-26 16:05:00+00:00,21060,0,39.0,"[2340, 2340, 20, 590, 590, 80, 80, 730, 730, 340, 1080, 1080, 870, 870, 890, 890, 520, 520, 730, 730, 0, 300, 300, 220, 330, 330, 290, 290, 560, 560, 110, 110, 280, 300, 300, 270, 270, 110, 110]"
2020-10-26 16:10:00+00:00,28980,0,43.0,"[390, 390, 760, 1060, 1060, 760, 760, 2830, 2830, 620, 370, 370, 70, 70, 170, 170, 750, 750, 180, 180, 110, 270, 270, 410, 410, 60, 60, 2260, 2260, 720, 720, 120, 120, 120, 3590, 1150, 1150, 80, 80, 100, 100, 140, 140]"
2020-10-26 16:15:00+00:00,16170,0,23.0,"[1260, 1260, 160, 160, 160, 160, 900, 900, 900, 900, 610, 610, 30, 30, 2420, 2420, 0, 0, 150, 1300, 1300, 270, 270]"
2020-10-26 16:20:00+00:00,72880,0,40.0,"[210, 210, 10, 2300, 2300, 100, 1190, 1190, 280, 2470, 2470, 50, 50, 670, 670, 0, 1590, 1590, 1190, 1190, 160, 120, 120, 240, 240, 50, 100, 100, 510, 510, 3230, 3230, 120, 70, 120, 70, 560, 560, 21520, 21520]"
2020-10-26 16:25:00+00:00,28090,0,33.0,"[460, 790, 790, 150, 150, 1190, 1190, 160, 160, 160, 160, 330, 330, 190, 190, 100, 100, 150, 150, 920, 110, 1590, 1590, 70, 320, 320, 6160, 6160, 1330, 790, 790, 520, 520]"
2020-10-26 16:30:00+00:00,22970,0,37.0,"[790, 790, 1020, 70, 70, 780, 130, 100, 100, 520, 520, 90, 340, 340, 1820, 1820, 190, 190, 340, 340, 120, 400, 250, 250, 1070, 1070, 200, 200, 680, 680, 2040, 2040, 310, 310, 1470, 1470, 50]"
2020-10-26 16:35:00+00:00,312550,2,28.0,"[1140, 1140, 480, 480, 660, 660, 560, 560, 43470, 40, 40, 1370, 1370, 1120, 70, 60, 640, 640, 1300, 1110, 1110, 9530, 100, 340, 100, 340]"
2020-10-26 16:40:00+00:00,127090,2,62.0,"[650, 650, 290, 290, 60, 60, 570, 680, 680, 1060, 1060, 1770, 1770, 4110, 4110, 800, 180, 180, 800, 380, 380, 110, 110, 760, 800, 800, 150, 150, 3080, 3080, 4780, 4780, 90, 90, 90, 30, 30, 140, 140, 180, 800, 800, 0, 0, 40, 40, 2900, 2900, 36640, 36640, 150, 150, 90, 90, 1840, 1840, 80, 40, 510, 40, 790, 790]"
2020-10-26 16:45:00+00:00,384750,2,42.0,"[20, 20, 820, 820, 420, 420, 340, 340, 230, 230, 3740, 3740, 320, 1030, 1030, 100, 100, 40, 40, 7240, 7240, 40, 40, 560, 560, 970, 970, 5680, 5680, 1930, 140, 140, 90, 90, 340, 340, 2010, 2010, 1040, 1040]"
2020-10-26 16:50:00+00:00,115660,0,55.0,"[90, 160, 90, 160, 80, 160, 200, 200, 910, 910, 10, 10, 120, 120, 1820, 1820, 2100, 3580, 3580, 330, 1370, 330, 1370, 110, 110, 100, 100, 20, 420, 420, 240, 240, 160, 160, 110, 110, 580, 580, 600, 600, 2000, 2000, 60, 60, 80, 80, 200, 1160, 1160, 680, 680, 300, 300, 41360, 41360]"
2020-10-26 16:55:00+00:00,445490,0,112.0,"[800, 800, 570, 450, 450, 60, 3570, 100, 100, 5390, 5390, 630, 630, 11020, 11020, 110, 110, 190, 190, 230, 230, 80, 80, 130, 130, 4210, 4210, 30, 30, 560, 3210, 3210, 960, 960, 60, 60, 1010, 1010, 3210, 3210, 3540, 3540, 220, 220, 2940, 2940, 620, 620, 1190, 1190, 240, 240, 890, 890, 320, 320, 4100, 4100, 2940, 2940, 2660, 2660, 630, 630, 10, 10, 110, 110, 130, 130, 210, 220, 220, 260, 260, 20, 20, 400, 400, 400, 400, 2540, 2540, 60, 60, 560, 560, 160, 160, 1180, 1180, 900, 900, 340, 340, 30, 30, 1170, 1170, 110, 110, 20, 20, 130, 330, 330, 0, 0, 130, 20]"
2020-10-26 17:00:00+00:00,53000,0,48.0,"[3470, 3470, 440, 440, 320, 320, 130, 200, 200, 310, 310, 460, 460, 520, 520, 1970, 1970, 4690, 4690, 110, 110, 110, 110, 60, 60, 70, 1580, 1580, 540, 540, 880, 880, 880, 880, 3920, 3920, 2520, 2520, 200, 200, 90, 90, 2710, 2710, 420, 420, 0, 0]"
2020-10-26 17:05:00+00:00,43310,0,44.0,"[150, 150, 910, 910, 1140, 1140, 1310, 730, 1310, 1070, 1070, 1180, 1180, 1820, 1820, 350, 350, 1840, 140, 140, 300, 300, 490, 2770, 2770, 2620, 2620, 2400, 2400, 20, 20, 540, 540, 1170, 1170, 330, 330, 30, 30, 1710, 1710, 20, 20, 290]"
2020-10-26 17:10:00+00:00,14560,0,33.0,"[210, 210, 540, 540, 140, 140, 620, 620, 120, 120, 380, 380, 70, 70, 1200, 1200, 1740, 1740, 120, 120, 110, 110, 30, 30, 370, 370, 900, 220, 220, 290, 290, 670, 670]"
2020-10-26 17:15:00+00:00,28490,0,35.0,"[1090, 1090, 10, 10, 250, 250, 550, 550, 1480, 1480, 120, 120, 1020, 1020, 10300, 80, 80, 20, 20, 230, 230, 830, 830, 920, 710, 710, 40, 40, 370, 1600, 1600, 50, 50, 370, 370]"
2020-10-26 17:20:00+00:00,157480,0,33.0,"[110, 110, 20, 20, 35720, 35720, 420, 230, 230, 810, 810, 290, 290, 1040, 1040, 450, 450, 270, 270, 10, 10, 1380, 1380, 630, 630, 36400, 36400, 270, 270, 880, 880, 20, 20]"
2020-10-26 17:25:00+00:00,54070,0,46.0,"[60, 2680, 2680, 60, 60, 690, 690, 1970, 1970, 330, 330, 3920, 3920, 820, 820, 40, 500, 500, 2060, 2060, 1230, 1230, 50, 90, 1750, 1750, 1120, 1120, 80, 80, 1780, 1780, 550, 550, 2590, 2590, 150, 20, 20, 360, 360, 1580, 100, 60, 3460, 3460]"
2020-10-26 17:30:00+00:00,405230,2,34.0,"[60, 60, 490, 490, 6770, 6770, 180, 340, 340, 90, 90, 3490, 3490, 230, 230, 250, 250, 590, 640, 640, 730, 730, 0, 0, 100, 100, 183320, 183320, 800, 800, 4700, 4700, 220, 220]"
2020-10-26 17:35:00+00:00,2860320,6,77.0,"[640, 640, 200, 200, 780, 780, 280, 280, 530, 530, 3760, 0, 3760, 0, 150, 150, 60, 60, 20, 20, 180, 180, 220, 220, 1040, 160, 160, 2960, 2960, 2140, 0, 0, 170, 170, 180, 180, 960, 960, 1660, 1660, 2650, 2650, 14070, 14070, 1210, 1210, 940, 940, 2440, 2440, 35840, 35840, 130, 130, 170, 170, 0, 470, 470, 890, 890, 1410, 1410, 70, 70, 180, 640, 640, 180, 170, 170]"
2020-10-26 17:40:00+00:00,1125510,2,292.0,"[70, 70, 2540, 2540, 230, 230, 3380, 3380, 450, 450, 340, 340, 13440, 13440, 3640, 2520, 3640, 2520, 13440, 13440, 10, 10, 390, 390, 20, 20, 2520, 2520, 20, 2400, 20, 330, 330, 2400, 260, 260, 70, 70, 0, 0, 340, 340, 360, 360, 150, 2910, 2910, 150, 10, 10, 30, 60, 60, 30, 0, 0, 5000, 310, 310, 240, 240, 1880, 6870, 6870, 1880, 40760, 400, 40760, 400, 510, 10, 510, 50, 10, 50, 390, 390, 1510, 950, 1510, 120, 120, 640, 640, 80, 80, 2030, 2030, 40, 40, 1760, 1760, 130, 130, 130, 130, 170, 170, 610, 10, 610, 10, 890, 890, 300, 300, 590, 590, 390, 390, 0, 0, 740, 740, 200, 200, 44400, 44400, 30, 30, 850, 500, 850, 500, 180, 220, 180, 220, 9280, 20, 20, 8970, 9280, 8970, 2370, 2370, 50, 50, 480, 480, 850, 850, 240, 240, 2470, 2820, 80, 80, 2820, 1380, 50, 1380, 50, 530, 530, 4980, 4980, 110, 130, 130, 3800, 70, 3800, 70, 890, 890, 30, 30, 450, 450, 480, 3440, 480, 3440, 80, 80, 90, 220, 220, 330, 330, 290, 290, 320, 320, 500, 500, 20, 20, 2720, 2720, 40, 40, 3450, 3450, 50, 50, 1510, 1510, 20, 20, 130, 130, 200, 200, 20, 11470, 11470, 450, 450, 2390, 2390, 90, 850, 850, 260, 260, 30, 4460, 120, 4460, 120, 570, 90, 90, 570, 500, 250, 250, 200, 200, 230, 230, 40, 40, 170, 100, 170, 100, 29470, 29470, 2920, 2920, 10, 10, 410, 460, 460, 410, 160, 160, 250, 680, 680, 250, 580, 580, 30, 30, 10, 10, 130, 130, 130, 1120, 130, 1120, 110, 30, 30, 410, 410, 1560, 1560, 230, 230, 1920, 1410, 1920, 1410, 21240, 21240, 1420, 1420, 610, 610, 260, 260]"
2020-10-26 17:45:00+00:00,4059980,2,251.0,"[160, 160, 840, 650, 840, 410, 1650, 410, 1650, 120, 120, 200, 610, 200, 610, 160, 160, 50, 50, 260, 260, 2720, 2720, 260, 260, 3770, 90, 0, 3770, 90, 0, 20, 20, 50, 50, 20, 560, 560, 20, 450, 3700, 3700, 4820, 4820, 240, 240, 30, 30, 3220, 490, 3220, 490, 920, 920, 270, 270, 50, 50, 120, 120, 390, 390, 9430, 9430, 10, 10, 80, 80, 620, 620, 1870, 1870, 1240, 1240, 1870, 1870, 3540, 3540, 30, 30, 820, 820, 40, 40, 620, 620, 700, 700, 1140, 20, 1140, 80, 20, 80, 20, 470, 10, 10, 470, 100, 100, 2460, 2460, 270, 2900, 270, 7070, 40, 40, 60, 90, 90, 6820, 2660, 10, 10, 2230, 2230, 70, 70, 100, 42350, 42350, 110, 110, 10430, 5390, 5390, 10430, 10, 10, 320, 390, 390, 70, 70, 360, 360, 290, 930, 930, 3620, 410, 410, 240, 240, 3620, 3620, 190, 190, 470, 10, 470, 120, 120, 290, 40, 40, 290, 30, 30, 670, 670, 30, 10250, 20, 10250, 20, 30, 1045130, 1045130, 20, 20, 80, 35040, 35040, 80, 170, 170, 590, 590, 170, 170, 540, 540, 390, 390, 20, 20, 80, 80, 220, 220, 360, 360, 80, 80, 860, 1820, 1820, 70, 690, 520, 350, 350, 220, 220, 2680, 60, 60, 1160, 820, 9600, 1160, 820, 9600, 470, 470, 20, 1820, 1820, 27940, 27940, 3120, 4900, 4900, 27940, 27940, 60, 60, 60, 60, 130, 130, 7880, 9600, 7880, 14110, 10, 10, 70, 70, 3860, 190, 190]"
2020-10-26 17:50:00+00:00,337600,0,372.0,"[40, 40, 50, 50, 440, 440, 2010, 2010, 1040, 440, 1020, 440, 1020, 2360, 2360, 830, 830, 90, 3860, 90, 1070, 1070, 180, 180, 3860, 40, 3860, 40, 330, 330, 50, 50, 330, 330, 10, 10, 180, 180, 30, 30, 1350, 1350, 680, 1190, 680, 1190, 140, 140, 80, 80, 190, 190, 380, 380, 100, 100, 3980, 3980, 60, 80, 80, 4170, 150, 150, 150, 150, 4800, 4800, 2670, 2670, 120, 120, 280, 280, 180, 1800, 1800, 180, 180, 260, 260, 180, 90, 90, 30, 30, 20, 20, 370, 370, 0, 0, 1330, 1330, 360, 360, 930, 930, 320, 320, 70, 70, 160, 90, 3310, 90, 870, 3310, 160, 870, 100, 80, 80, 100, 270, 270, 70, 70, 120, 120, 90, 90, 150, 130, 130, 0, 150, 210, 210, 60, 60, 260, 260, 410, 190, 190, 410, 40, 40, 40, 40, 10, 10, 1670, 1670, 270, 40, 40, 270, 180, 100, 100, 180, 1670, 40, 40, 280, 280, 90, 90, 800, 1490, 1490, 800, 30, 30, 40, 10, 40, 10, 40, 30, 30, 40, 340, 340, 2560, 60, 60, 2560, 2600, 2600, 140, 140, 50, 50, 100, 460, 5520, 5520, 650, 1100, 1100, 1640, 1640, 160, 160, 80, 80, 140, 140, 0, 30, 30, 140, 140, 10, 0, 1070, 0, 1070, 2860, 2860, 260, 260, 30, 30, 180, 180, 0, 0, 1330, 90, 90, 200, 200, 620, 620, 30, 30, 70, 170, 170, 370, 370, 10, 10, 20, 20, 10, 10, 1070, 1070, 20080, 20080, 80, 770, 80, 2320, 80, 770, 2320, 2320, 2320, 220, 220, 70, 60, 60, 10, 10, 110, 90, 90, 1060, 120, 220, 1060, 120, 220, 1240, 270, 270, 1240, 140, 4830, 4830, 60, 60, 50, 50, 20, 20, 27380, 27380, 460, 460, 80, 80, 160, 10, 10, 10, 420, 420, 410, 2980, 720, 720, 10, 5910, 5910, 10, 50, 50, 0, 0, 40, 40, 40, 50, 50, 2080, 2080, 0, 0, 260, 1030, 1030, 70, 70, 2310, 1190, 2310, 1190, 70, 70, 60, 770, 50, 770, 50, 70, 70, 140, 140, 100, 0, 100, 660, 660, 40, 40, 50, 50, 60, 2910, 2910, 80, 80, 40, 100, 130, 890, 890, 130, 100, 900, 900, 1700, 160, 470, 470, 160, 1700, 1700, 2310, 1790, 2310, 1790, 1050, 1050]"
2020-10-26 17:55:00+00:00,279150,0,300.0,"[20, 20, 250, 250, 11750, 11750, 4370, 4370, 460, 460, 260, 260, 1650, 1650, 20, 20, 370, 370, 90, 90, 5960, 5960, 80, 40, 40, 510, 510, 60, 60, 20, 20, 80, 80, 260, 260, 40, 250, 250, 210, 210, 110, 20, 110, 20, 10, 10, 580, 640, 2070, 640, 580, 2070, 790, 790, 16890, 16890, 110, 290, 110, 290, 60, 1690, 60, 1690, 140, 140, 80, 10, 10, 60, 80, 20, 20, 1600, 1600, 830, 830, 0, 0, 960, 960, 40, 40, 8460, 8460, 30, 30, 330, 330, 930, 220, 220, 930, 0, 0, 190, 190, 70, 70, 30, 30, 1430, 1430, 160, 12560, 80, 80, 12560, 30, 100, 100, 160, 160, 250, 250, 20, 20, 130, 10, 10, 130, 140, 140, 830, 530, 830, 530, 6770, 6770, 130, 130, 40, 40, 960, 210, 210, 960, 540, 20, 20, 80, 740, 80, 740, 10, 10, 230, 230, 20, 30, 130, 130, 20, 30, 0, 0, 30, 30, 40, 60, 590, 60, 170, 590, 440, 440, 40, 280, 280, 190, 190, 100, 3940, 3940, 100, 530, 530, 10, 10, 260, 260, 3940, 3940, 970, 10, 10, 40, 830, 40, 830, 820, 820, 120, 120, 190, 190, 160, 160, 70, 280, 280, 40, 70, 40, 60, 60, 110, 190, 190, 110, 140, 120, 120, 10, 20, 20, 10, 0, 0, 120, 120, 40, 40, 450, 450, 360, 360, 70, 0, 70, 0, 740, 740, 100, 100, 340, 340, 340, 340, 30, 30, 140, 140, 480, 480, 2860, 2860, 150, 0, 60, 0, 60, 200, 200, 50, 50, 20, 20, 80, 350, 350, 610, 4310, 610, 110, 110, 60, 60, 14270, 14270, 140, 140, 1840, 1840, 1350, 1350, 70, 70, 140, 140, 100, 100, 160, 160, 140, 140, 840, 830, 840, 830, 310, 310, 370, 370, 10, 10, 2500, 2500, 2690, 2690]"
2020-10-26 18:00:00+00:00,223810,0,216.0,"[220, 220, 7980, 7980, 1010, 1010, 50, 50, 220, 220, 530, 4320, 620, 620, 8510, 8510, 80, 2920, 80, 2920, 50, 50, 140, 140, 980, 980, 70, 70, 2860, 2860, 2690, 2690, 380, 380, 30, 670, 670, 60, 50, 50, 60, 240, 240, 280, 280, 70, 70, 230, 230, 70, 230, 230, 40, 40, 260, 260, 13130, 13130, 140, 140, 80, 80, 40, 1830, 3410, 3410, 40, 1830, 60, 60, 130, 130, 280, 530, 280, 530, 1520, 200, 200, 340, 280, 180, 180, 4150, 280, 60, 60, 540, 20, 540, 20, 730, 730, 340, 340, 150, 150, 140, 140, 180, 180, 160, 10, 160, 10, 2700, 2700, 2760, 2760, 1130, 1130, 1160, 1160, 240, 0, 240, 90, 90, 620, 620, 120, 120, 120, 120, 1530, 1530, 10, 10, 10, 10, 960, 960, 530, 530, 2700, 2700, 20, 20, 20, 20, 850, 200, 850, 880, 880, 630, 180, 180, 10, 10, 500, 400, 20, 20, 50, 50, 40, 400, 40, 400, 30, 30, 3950, 3950, 1650, 1650, 10, 10, 90, 90, 7870, 50, 50, 30, 30, 830, 9740, 70, 70, 150, 150, 40, 40, 340, 0, 0, 10090, 10090, 10, 10, 50, 50, 50, 50, 260, 240, 260, 240, 30, 80, 80, 20, 20, 7870, 150, 150, 3920, 3920, 110, 110, 180, 180, 210, 210, 100, 100]"
2020-10-26 18:05:00+00:00,171990,0,195.0,"[40, 700, 700, 170, 170, 20, 20, 5130, 5130, 120, 4520, 140, 140, 4520, 20, 20, 520, 520, 20, 20, 160, 80, 80, 1850, 7870, 1040, 1040, 7870, 90, 440, 90, 440, 20, 20, 30, 30, 240, 240, 90, 90, 280, 280, 120, 120, 140, 50, 50, 140, 6770, 6770, 40, 40, 810, 810, 250, 250, 20, 20, 500, 500, 20, 20, 20, 20, 180, 180, 340, 340, 150, 150, 100, 20, 20, 3410, 3410, 180, 360, 180, 360, 4880, 4880, 150, 150, 50, 50, 20, 20, 1700, 10, 10, 660, 660, 3100, 3100, 300, 300, 260, 260, 140, 140, 60, 60, 840, 840, 450, 20, 450, 10, 10, 260, 260, 210, 210, 940, 940, 3300, 5920, 190, 5920, 190, 1850, 1850, 0, 0, 20, 190, 190, 810, 810, 450, 450, 450, 150, 150, 110, 1930, 1930, 2480, 2480, 180, 180, 4170, 4170, 670, 670, 60, 60, 310, 310, 160, 160, 60, 60, 230, 230, 450, 0, 0, 1310, 1100, 1100, 670, 670, 20, 20, 13710, 910, 910, 1070, 1070, 230, 270, 0, 450, 0, 80, 80, 270, 1720, 1720, 50, 280, 60, 280, 60, 20, 20, 30, 30, 250, 250, 180, 180, 350, 350]"
2020-10-26 18:10:00+00:00,235820,0,181.0,"[530, 530, 230, 350, 230, 350, 230, 6300, 6300, 230, 20, 100, 100, 520, 520, 250, 3980, 3980, 1540, 90, 1540, 90, 940, 940, 12780, 12780, 130, 130, 11030, 11030, 2250, 2250, 20, 30, 5200, 5200, 320, 320, 5820, 5820, 1130, 1130, 1130, 1130, 9740, 9740, 9740, 9740, 560, 560, 1340, 1340, 150, 150, 70, 70, 0, 0, 550, 550, 320, 320, 3730, 3730, 1370, 1370, 380, 380, 450, 450, 300, 300, 50, 50, 70, 60, 70, 60, 110, 80, 110, 80, 10, 10, 140, 30, 30, 2780, 2780, 710, 710, 350, 10, 350, 300, 300, 70, 70, 1730, 1730, 60, 60, 2770, 2770, 20, 20, 440, 440, 2950, 2950, 10, 10, 10, 10, 220, 220, 210, 210, 170, 170, 480, 480, 180, 180, 250, 250, 170, 170, 940, 940, 680, 680, 20, 1830, 1830, 120, 120, 760, 210, 210, 760, 100, 100, 310, 310, 3680, 3680, 40, 300, 300, 20, 20, 20, 640, 3630, 3630, 80, 80, 10, 1240, 940, 940, 700, 700, 20, 60, 60, 140, 790, 790, 500, 500, 110, 110, 520, 520, 360, 2440, 2440, 120, 120]"
2020-10-26 18:15:00+00:00,422430,0,162.0,"[60, 60, 3630, 3630, 190, 190, 0, 0, 180, 4960, 180, 4960, 720, 40, 210, 720, 20, 20, 1080, 1080, 1080, 1080, 3830, 3830, 2660, 2660, 7340, 240, 240, 190, 190, 370, 370, 900, 900, 260, 260, 50, 50, 80, 80, 20, 20, 30, 30, 190, 190, 20, 20, 570, 570, 360, 360, 440, 200, 200, 60, 60, 2660, 2660, 140, 140, 30, 30, 30, 2110, 2110, 140, 140, 2110, 2110, 140, 140, 2820, 20, 20, 2820, 300, 300, 50, 50, 40, 40, 430, 430, 0, 0, 60, 60, 3810, 3810, 40, 10860, 10860, 1220, 1220, 110, 110, 15590, 15590, 3700, 240, 240, 320, 320, 80, 80, 270, 270, 280, 280, 70, 1810, 1810, 210, 210, 40, 40, 110, 110, 210, 210, 2910, 2910, 450, 450, 20, 20, 630, 630, 20, 20, 2910, 2910, 10, 10, 4530, 4530, 720, 10860, 720, 10860, 4530, 4530, 720, 720, 710, 710, 31570, 31570, 3720, 3720, 150, 150, 930, 930, 20, 20, 340, 340]"
2020-10-26 18:20:00+00:00,201800,0,162.0,"[180, 180, 540, 540, 210, 210, 80, 80, 70, 70, 1880, 1880, 1160, 1160, 90, 11890, 11890, 10, 10, 30, 30, 80, 80, 50, 18120, 18120, 50, 140, 30, 670, 30, 670, 290, 290, 4050, 4050, 40, 8680, 8680, 40, 1310, 1310, 10550, 10550, 2320, 2320, 40, 50, 50, 710, 70, 70, 710, 1640, 1640, 1290, 0, 0, 970, 970, 70, 70, 770, 770, 180, 180, 50, 50, 200, 200, 70, 70, 20, 20, 20, 20, 60, 60, 100, 100, 10, 10, 490, 700, 700, 20, 20, 70, 70, 310, 310, 80, 80, 60, 60, 3090, 3090, 10, 10, 120, 30, 120, 290, 5670, 290, 5670, 20, 20, 290, 290, 3770, 3770, 80, 80, 2520, 2520, 300, 300, 480, 480, 200, 200, 500, 500, 30, 30, 2800, 2800, 940, 940, 0, 0, 110, 110, 110, 0, 110, 0, 10, 10, 100, 220, 220, 290, 290, 690, 690, 3120, 3120, 90, 90, 1990, 1990, 80, 320, 320, 30, 30, 3120, 3120, 90, 90]"
2020-10-26 18:25:00+00:00,227510,0,141.0,"[120, 120, 10, 700, 700, 10, 200, 200, 70, 2470, 70, 2470, 5120, 5120, 40, 3230, 3230, 40, 450, 450, 380, 380, 210, 210, 110, 110, 400, 400, 70, 70, 4340, 4340, 130, 130, 11510, 16530, 16530, 200, 200, 1070, 1070, 12320, 12320, 13050, 13050, 1480, 1480, 270, 270, 6340, 6340, 890, 30, 30, 2790, 180, 2790, 180, 70, 70, 250, 250, 1340, 1340, 1090, 1090, 2620, 2620, 2860, 2510, 2860, 2510, 80, 80, 0, 130, 0, 50, 50, 130, 0, 0, 1070, 1070, 200, 200, 2580, 700, 700, 80, 80, 190, 190, 20, 3670, 3670, 1500, 1360, 1360, 50, 50, 10, 20, 2800, 560, 560, 130, 130, 350, 350, 110, 110, 150, 150, 20, 20, 1380, 1380, 420, 420, 110, 110, 260, 260, 1310, 1310, 3370, 3370, 1040, 690, 320, 320, 690, 20, 20, 20, 20, 3620, 3620, 100, 100]"
2020-10-26 18:30:00+00:00,137080,0,153.0,"[1520, 1520, 1540, 70, 70, 120, 120, 1660, 1660, 70, 70, 1660, 1660, 2710, 10, 2710, 10, 390, 390, 160, 160, 10, 10, 1550, 1550, 1180, 1180, 10, 80, 80, 1620, 20, 20, 40, 40, 670, 670, 1150, 370, 680, 1150, 370, 680, 30, 30, 130, 130, 670, 670, 10, 180, 180, 120, 270, 270, 120, 10, 10, 40, 40, 2660, 2660, 190, 190, 1720, 1720, 40, 70, 70, 5030, 2200, 240, 240, 10, 10, 410, 410, 290, 4660, 4660, 1620, 40, 40, 300, 300, 50, 690, 690, 20, 20, 50, 50, 500, 500, 790, 790, 120, 0, 0, 0, 0, 230, 230, 100, 12940, 12940, 3710, 3710, 90, 90, 710, 710, 50, 50, 50, 50, 780, 780, 3110, 3840, 3840, 2480, 2480, 40, 40, 290, 290, 10, 20, 10, 20, 1440, 1440, 180, 180, 170, 170, 0, 0, 10, 10, 240, 240, 500, 500, 4710, 4710, 70, 70, 20, 20, 170, 170]"
2020-10-26 18:35:00+00:00,144630,2,146.0,"[800, 800, 20, 20, 2130, 2130, 10, 10, 140, 140, 490, 490, 50, 50, 10, 10, 490, 490, 20, 20, 2200, 2200, 1650, 1650, 170, 10, 10, 170, 2030, 1840, 2030, 1840, 810, 1370, 1370, 690, 690, 930, 930, 660, 660, 950, 950, 90, 90, 500, 500, 30, 30, 90, 90, 40, 40, 20, 20, 70, 70, 10, 10, 40, 11490, 11490, 50, 70, 70, 50, 570, 570, 110, 110, 140, 140, 10, 10, 40, 40, 130, 130, 50, 110, 60, 60, 50, 110, 0, 0, 30, 30, 10, 10, 130, 130, 80, 970, 80, 970, 320, 320, 1460, 1460, 70, 70, 70, 70, 20, 230, 230, 560, 560, 190, 190, 1640, 1640, 200, 200, 70, 70, 26160, 26160, 310, 3100, 310, 40, 40, 40, 170, 60, 170, 920, 920, 240, 240, 70, 930, 930, 140, 140, 930, 930, 170, 170, 620, 620, 10]"
2020-10-26 18:40:00+00:00,246540,0,131.0,"[3250, 3250, 500, 500, 10410, 340, 340, 3960, 3960, 12420, 12420, 210, 210, 1400, 1350, 1350, 70, 70, 0, 0, 60, 60, 1340, 1340, 30, 250, 250, 30, 110, 110, 80, 80, 4820, 4820, 1440, 1440, 310, 10, 10, 120, 120, 940, 940, 80, 80, 80, 80, 4990, 4990, 400, 400, 110, 110, 0, 0, 2980, 2980, 180, 180, 100, 100, 620, 620, 520, 520, 2160, 2160, 1270, 1270, 210, 210, 6150, 6150, 1090, 1090, 520, 520, 1160, 1160, 370, 70, 70, 370, 4100, 4100, 30, 80, 80, 30, 510, 510, 60, 1260, 1260, 5040, 150, 150, 30, 30, 2060, 2060, 250, 250, 4100, 60, 4100, 60, 100, 100, 1070, 1070, 5310, 5310, 1390, 40, 1390, 40, 1340, 3470, 3470, 2330, 2330, 770, 770, 90, 90, 2600, 40, 40]"
2020-10-26 18:45:00+00:00,199300,0,127.0,"[23720, 23720, 90, 90, 40, 40, 1750, 1750, 10940, 10940, 1460, 1460, 280, 40, 280, 40, 420, 420, 220, 220, 850, 850, 2220, 2220, 460, 460, 730, 730, 10980, 10980, 20, 4640, 4640, 1670, 1670, 180, 180, 3300, 3300, 100, 100, 300, 180, 180, 160, 120, 120, 140, 140, 140, 7470, 7470, 60, 60, 1280, 1280, 10, 10, 10, 10, 1950, 1950, 440, 440, 180, 20, 20, 10, 770, 770, 10340, 10340, 300, 300, 20, 280, 280, 770, 770, 1440, 1440, 50, 50, 20, 20, 160, 160, 1400, 1400, 180, 180, 630, 280, 1060, 280, 1060, 620, 620, 110, 110, 80, 80, 2420, 20, 2420, 20, 150, 150, 380, 380, 50, 50, 80, 80, 790, 790, 10, 10, 80, 80, 210, 210, 820, 820, 270, 270, 20]"
2020-10-26 18:50:00+00:00,182170,0,142.0,"[40, 40, 10, 10, 0, 0, 260, 1090, 260, 1090, 620, 620, 10, 10, 180, 180, 4380, 4380, 330, 1780, 330, 1780, 150, 150, 2930, 2930, 8050, 8050, 140, 140, 2070, 2070, 40, 40, 1930, 1930, 260, 80, 80, 260, 20, 20, 260, 260, 200, 200, 800, 800, 420, 420, 1660, 1660, 120, 120, 40, 40, 1090, 1090, 20, 20, 70, 70, 5050, 10, 5050, 10, 2520, 2520, 600, 600, 60, 60, 3760, 3760, 3410, 3410, 30, 30, 160, 160, 40, 40, 260, 260, 80, 80, 500, 500, 240, 240, 100, 100, 170, 170, 210, 210, 21990, 21990, 120, 120, 200, 200, 270, 270, 2810, 2810, 390, 390, 100, 100, 1380, 1380, 1760, 40, 40, 120, 120, 450, 450, 2320, 2320, 80, 80, 160, 160, 120, 120, 1800, 1800, 480, 480, 60, 50, 60, 8500, 8500, 770, 770, 1760, 1760, 10, 10]"
2020-10-26 18:55:00+00:00,113840,2,110.0,"[40, 330, 330, 360, 360, 210, 210, 760, 20, 2300, 2300, 400, 400, 700, 700, 120, 120, 50, 50, 100, 100, 2350, 2350, 1760, 1760, 3680, 3680, 80, 80, 1580, 1580, 330, 630, 630, 90, 90, 0, 0, 380, 380, 50, 570, 570, 50, 1910, 1910, 30, 30, 50, 0, 0, 2510, 210, 1980, 1980, 10230, 10230, 220, 220, 70, 70, 40, 40, 130, 130, 130, 130, 330, 330, 1280, 1280, 820, 820, 180, 700, 330, 180, 700, 330, 0, 0, 100, 50, 50, 460, 700, 700, 8050, 8050, 50, 50, 1960, 1960, 90, 90, 200, 200, 900, 550, 550, 4250, 3200, 3200, 4250, 230, 230, 230, 230, 550, 550]"
2020-10-26 19:00:00+00:00,124240,0,76.0,"[100, 100, 80, 80, 12090, 12090, 10760, 1800, 1800, 5880, 5880, 300, 300, 390, 390, 100, 100, 1320, 1320, 5540, 5540, 80, 960, 80, 960, 0, 0, 1820, 1820, 70, 1320, 1320, 230, 230, 900, 900, 60, 60, 310, 890, 890, 220, 220, 200, 200, 920, 920, 490, 490, 10, 10, 50, 50, 2490, 2490, 40, 4450, 4450, 380, 380, 970, 970, 1900, 1900, 1210, 1210, 40, 1950, 1950, 70, 70, 60, 60, 2320, 6120, 6120]"
2020-10-26 19:05:00+00:00,91270,0,90.0,"[10, 10, 200, 10, 10, 2560, 2560, 130, 130, 9510, 9510, 70, 2660, 70, 2660, 1600, 1600, 1370, 10, 10, 790, 790, 20, 20, 920, 920, 5040, 5040, 410, 420, 420, 180, 180, 540, 540, 20, 20, 130, 50, 50, 20, 20, 10, 90, 90, 130, 130, 130, 660, 660, 8110, 8110, 90, 90, 490, 490, 120, 120, 2080, 2080, 200, 200, 920, 920, 210, 210, 20, 20, 60, 60, 1260, 1260, 130, 130, 1550, 1550, 520, 520, 130, 130, 30, 30, 340, 340, 490, 110, 110, 710, 2100, 2100]"
2020-10-26 19:10:00+00:00,176130,0,101.0,"[1640, 1640, 390, 390, 13290, 13290, 1940, 1940, 450, 450, 20, 470, 470, 20, 700, 700, 40, 40, 470, 470, 20, 20, 50, 50, 530, 530, 1240, 1240, 480, 420, 480, 420, 50, 50, 1420, 1420, 50, 1690, 1690, 70, 70, 12470, 1420, 290, 290, 60, 60, 1420, 1420, 20, 20, 1400, 1420, 1420, 4220, 240, 240, 2720, 2720, 10, 10, 360, 360, 380, 380, 60, 510, 240, 240, 2280, 2280, 460, 460, 4210, 4210, 70, 70, 2140, 2140, 760, 760, 100, 100, 40, 680, 150, 150, 680, 20, 20, 3020, 3020, 190, 190, 20, 20, 50, 50, 60, 60]"
2020-10-26 19:15:00+00:00,116000,0,107.0,"[10, 40, 50, 10, 40, 50, 1140, 1140, 100, 100, 270, 1010, 1010, 130, 130, 1500, 1500, 10, 1550, 1550, 60, 60, 300, 100, 100, 5710, 5710, 120, 320, 2880, 2880, 140, 140, 10, 10, 520, 520, 9390, 9390, 10, 10, 220, 220, 2650, 420, 2650, 420, 5710, 5710, 280, 70, 70, 70, 70, 40, 40, 180, 180, 350, 350, 250, 250, 220, 220, 30, 30, 350, 350, 30, 30, 50, 50, 60, 60, 140, 140, 180, 1050, 180, 1050, 340, 340, 100, 100, 1560, 1560, 600, 4180, 4180, 460, 460, 30, 30, 320, 320, 30, 30, 60, 60, 60, 60, 940, 940, 9550, 3000, 3000, 9550]"
2020-10-26 19:20:00+00:00,176840,0,90.0,"[90, 90, 260, 3110, 3110, 30, 160, 160, 30, 20, 20, 2190, 2190, 30, 30, 90, 90, 3660, 3660, 4830, 4830, 240, 240, 240, 240, 4210, 4210, 29130, 1200, 1200, 90, 90, 30, 1080, 1080, 30, 15690, 15690, 10, 10, 1160, 840, 840, 20, 20, 220, 740, 740, 260, 260, 8980, 8980, 10, 10, 180, 180, 540, 380, 380, 3850, 3850, 180, 180, 90, 70, 10, 10530, 10530, 10, 230, 230, 20, 20, 480, 480, 150, 2140, 2140, 20, 340, 20, 340, 10, 6310, 10, 6310, 0, 80, 0, 80]"
2020-10-26 19:25:00+00:00,363200,0,111.0,"[20, 20, 8110, 8110, 10000, 10000, 270, 270, 210, 210, 360, 360, 2450, 2450, 270, 270, 0, 0, 100, 100, 2240, 2240, 0, 0, 240, 240, 40, 40, 180, 180, 930, 930, 1250, 1250, 31020, 40, 40, 7730, 7730, 140, 140, 1250, 31020, 31020, 540, 540, 340, 340, 1700, 1700, 150, 150, 4550, 4550, 1650, 1650, 3460, 3460, 3790, 3790, 19740, 19740, 1490, 1490, 30, 70, 70, 120, 100, 100, 360, 360, 360, 360, 870, 780, 780, 10, 10, 40, 40, 120, 120, 2590, 2590, 10, 15220, 15220, 790, 790, 1410, 1410, 32160, 430, 430, 20, 150, 150, 30, 30, 8020, 8020, 3000, 1270, 1270, 6250, 6250, 100, 100, 6250, 6250]"
2020-10-26 19:30:00+00:00,126530,0,82.0,"[140, 40, 40, 0, 0, 150, 150, 8400, 8400, 60, 60, 910, 910, 0, 0, 4190, 4190, 20, 20, 560, 560, 7370, 7370, 0, 0, 770, 770, 6040, 6040, 3880, 3880, 110, 110, 1030, 1030, 8260, 8260, 260, 630, 630, 10, 10, 50, 400, 50, 400, 160, 160, 780, 780, 60, 60, 30, 30, 30, 5930, 200, 200, 1600, 1600, 30, 30, 3520, 3520, 4780, 240, 240, 40, 40, 50, 20, 20, 5200, 5200, 130, 130, 280, 280, 2490, 2490, 10, 10]"
2020-10-26 19:35:00+00:00,126160,0,67.0,"[2330, 2580, 2580, 2700, 2700, 880, 18260, 18260, 500, 10990, 500, 1890, 1890, 4200, 190, 190, 700, 700, 110, 110, 180, 180, 1360, 12640, 12640, 10, 10, 580, 580, 170, 170, 60, 60, 250, 250, 300, 300, 50, 50, 330, 230, 330, 230, 230, 230, 170, 170, 40, 40, 80, 80, 4710, 4710, 0, 0, 190, 190, 10, 10, 5110, 5110, 30, 30, 800, 800, 100, 100]"
2020-10-26 19:40:00+00:00,98500,0,84.0,"[1820, 1820, 20, 20, 50, 5680, 550, 550, 5680, 70, 20, 20, 70, 420, 1100, 1100, 100, 1640, 1640, 60, 60, 1640, 1640, 120, 120, 4520, 4520, 120, 120, 4100, 4100, 880, 880, 10, 10, 2070, 2070, 280, 280, 30, 30, 1600, 1600, 760, 760, 1180, 1180, 2390, 2390, 290, 290, 4120, 4120, 960, 960, 1250, 1250, 1320, 30, 30, 10, 30, 30, 4320, 4320, 50, 50, 2000, 2000, 80, 80, 140, 140, 1440, 1440, 2220, 2220, 80, 80, 10, 10, 320, 320, 600]"
2020-10-26 19:45:00+00:00,7963280,2,124.0,"[340, 340, 560, 300, 560, 300, 30, 30, 300, 300, 4390, 4390, 240, 240, 3840, 180, 180, 5450, 5450, 20020, 20020, 21240, 21240, 1410, 1410, 5450, 5450, 470, 470, 560, 220, 220, 2740, 100, 100, 400, 400, 60, 60, 1390, 1390, 3250, 3250, 20, 20, 3210, 3210, 1250, 1250, 150, 150, 10200, 10200, 260, 260, 280, 280, 80, 80, 120, 70, 70, 460, 120, 460, 16220, 16220, 90, 90, 390, 9920, 9920, 390, 30, 30, 2300, 2300, 220, 740, 740, 410, 410, 160, 160, 230, 230, 3180, 3180, 3100, 3100, 530, 1670, 530, 1670, 110, 230, 230, 110, 40, 2130, 40, 530, 530, 210, 5280, 5280, 2510, 2510, 600, 600, 2230, 16170, 2230, 16170, 70, 70, 0, 270, 0, 270]"
2020-10-26 19:50:00+00:00,239080,0,191.0,"[4670, 4670, 20, 20, 200, 200, 660, 660, 380, 380, 3510, 3510, 20, 20, 10, 10, 40, 40, 1530, 1530, 60, 60, 60, 60, 90, 90, 60, 60, 1330, 1330, 3630, 3630, 70, 70, 310, 310, 20, 20, 5350, 5350, 10630, 10630, 10, 10, 20, 20, 970, 970, 270, 270, 210, 210, 650, 240, 240, 650, 120, 120, 20, 20, 120, 120, 870, 870, 420, 420, 470, 470, 330, 3100, 330, 420, 420, 130, 1420, 1420, 30, 30, 2940, 2940, 280, 280, 40, 40, 510, 510, 220, 220, 110, 110, 140, 140, 910, 910, 360, 360, 190, 190, 760, 760, 20, 20, 20, 20, 30, 30, 30, 30, 0, 0, 260, 480, 260, 480, 130, 130, 80, 80, 250, 250, 1380, 1380, 1090, 1090, 10, 10, 2720, 2720, 80, 10, 10, 80, 4790, 4790, 100, 100, 100, 6490, 100, 2780, 2780, 550, 550, 40, 20, 40, 20, 160, 20, 160, 570, 570, 160, 160, 200, 200, 920, 920, 11060, 9600, 11060, 530, 530, 460, 460, 970, 970, 220, 220, 8160, 8160, 2510, 2510, 20, 20, 30, 30, 18710, 18710, 400, 400, 90, 90, 270, 270, 60, 60, 1580, 1580, 2120, 2120]"
2020-10-26 19:55:00+00:00,150530,0,104.0,"[4230, 4230, 1800, 1800, 4230, 340, 340, 40, 770, 770, 40, 20, 20, 210, 210, 770, 770, 14520, 14520, 900, 900, 530, 530, 1210, 1210, 1390, 1390, 360, 360, 250, 80, 80, 140, 100, 100, 10, 70, 70, 20, 20, 13780, 13780, 20, 20, 80, 80, 320, 320, 2730, 1470, 1470, 170, 170, 550, 550, 690, 690, 1350, 1350, 9960, 2770, 2770, 1410, 1350, 1350, 120, 120, 3100, 780, 780, 80, 80, 20, 20, 5700, 90, 90, 5700, 110, 110, 30, 30, 30, 30, 170, 170, 50, 1220, 50, 1220, 770, 770, 40, 230, 230, 30, 30, 3490, 3490, 860, 860, 110, 110, 1060]"
2020-10-26 20:00:00+00:00,222330,0,105.0,"[340, 40, 340, 40, 2340, 30, 30, 370, 370, 360, 360, 40, 40, 20, 20, 150, 150, 610, 1950, 1950, 610, 1230, 1230, 200, 200, 450, 450, 43040, 43040, 0, 570, 570, 490, 490, 2850, 230, 230, 2850, 30, 60, 60, 30, 1920, 1920, 3100, 3100, 1010, 12600, 1010, 12600, 10, 10, 50, 50, 40, 40, 30, 30, 110, 110, 830, 830, 3100, 180, 180, 270, 270, 60, 60, 770, 770, 3100, 3100, 110, 110, 310, 310, 240, 240, 220, 220, 1530, 1530, 180, 180, 3100, 2640, 2640, 380, 380, 3100, 3100, 90, 770, 770, 50, 50, 30, 30, 2570, 2570, 16550, 16550, 1030, 1030]"
2020-10-26 20:05:00+00:00,141620,0,140.0,"[2760, 2760, 3100, 3100, 150, 150, 100, 100, 80, 80, 2760, 2760, 340, 340, 110, 110, 1310, 1310, 1720, 1720, 5750, 5750, 800, 800, 120, 120, 180, 180, 180, 180, 780, 1190, 780, 1190, 50, 50, 40, 40, 3610, 680, 3610, 680, 600, 600, 30, 30, 250, 250, 100, 100, 190, 190, 20, 5130, 20, 5130, 80, 80, 80, 150, 1860, 1860, 150, 80, 3100, 3100, 260, 260, 1560, 1560, 30, 30, 110, 3780, 3780, 1840, 180, 1840, 180, 80, 80, 170, 170, 120, 120, 450, 450, 880, 300, 880, 300, 300, 430, 300, 1270, 1270, 80, 80, 190, 190, 1840, 1840, 30, 30, 200, 120, 120, 200, 180, 180, 700, 700, 1540, 1540, 320, 6590, 6590, 320, 40, 30, 30, 1310, 1310, 60, 60, 160, 160, 1820, 5130, 5130, 10, 1630, 10, 1630, 50, 350, 50, 350, 470, 470]"
2020-10-26 20:10:00+00:00,133360,0,145.0,"[110, 110, 10, 10, 270, 3260, 270, 3260, 50, 50, 1960, 40, 1960, 40, 0, 0, 20, 20, 2810, 2810, 230, 20, 20, 230, 20, 20, 0, 0, 60, 60, 0, 0, 1290, 1290, 60, 60, 60, 60, 10, 10, 50, 50, 150, 150, 120, 120, 160, 160, 3280, 3280, 10, 10, 410, 410, 150, 760, 150, 760, 1820, 1820, 150, 150, 150, 150, 130, 150, 130, 150, 1610, 1610, 3550, 40, 40, 40, 40, 40, 40, 2310, 1000, 0, 0, 4500, 2140, 4500, 2140, 2780, 2780, 13180, 13180, 670, 670, 3660, 3660, 90, 150, 150, 90, 120, 120, 1340, 1340, 380, 380, 570, 570, 2580, 2580, 2140, 2140, 520, 520, 650, 650, 100, 20, 60, 100, 20, 60, 280, 280, 330, 330, 480, 240, 480, 240, 290, 290, 2340, 2340, 2560, 2560, 10, 10, 130, 130, 270, 60, 60, 270, 1060, 1060, 50, 50]"
2020-10-26 20:15:00+00:00,97090,0,98.0,"[50, 50, 700, 700, 150, 150, 20, 20, 20, 20, 2100, 2100, 520, 520, 120, 120, 530, 530, 2170, 2170, 2170, 2170, 80, 80, 7050, 7050, 460, 460, 510, 510, 650, 650, 540, 540, 100, 100, 650, 650, 330, 330, 20, 470, 20, 470, 2100, 2100, 120, 120, 130, 130, 80, 80, 370, 50, 50, 400, 400, 0, 10, 0, 10, 30, 30, 200, 50, 200, 50, 40, 2880, 340, 340, 2880, 1230, 1230, 560, 560, 200, 200, 670, 670, 20, 20, 6420, 6420, 40, 40, 250, 250, 8440, 8440, 240, 60, 60, 60, 60, 3600, 3600, 1740]"
2020-10-26 20:20:00+00:00,2016900,2,78.0,"[480, 480, 10, 10, 80, 80, 2140, 2140, 10, 270, 270, 10, 90, 90, 130, 270, 270, 5030, 5030, 0, 0, 1890, 1890, 490, 490, 10, 20, 20, 10, 890, 890, 130, 130, 750, 750, 0, 0, 320, 320, 1390, 1390, 60, 60, 230, 5810, 5810, 740, 740, 110, 110, 979090, 979090, 440, 440, 140, 140, 10, 10, 230, 230, 140, 140, 3840, 3840, 10, 10, 680, 680, 30, 30, 130, 130, 740, 740, 390, 390, 1410, 1410]"
2020-10-26 20:25:00+00:00,99960,0,102.0,"[340, 340, 70, 70, 270, 270, 20, 20, 20, 20, 4110, 220, 4110, 220, 460, 460, 310, 310, 3510, 3220, 3510, 3220, 110, 110, 80, 80, 100, 100, 4190, 8510, 8510, 460, 460, 310, 310, 100, 100, 2460, 2460, 0, 0, 40, 40, 640, 640, 510, 510, 7230, 7230, 630, 120, 630, 120, 680, 680, 100, 100, 130, 130, 510, 510, 130, 130, 2480, 2480, 1570, 1570, 110, 110, 1470, 1470, 360, 80, 80, 360, 480, 70, 480, 70, 20, 20, 50, 50, 150, 750, 750, 750, 750, 0, 0, 1060, 1060, 1480, 920, 1480, 920, 380, 380, 320, 320, 60, 60]"
2020-10-26 20:30:00+00:00,102000,0,77.0,"[510, 510, 1240, 1240, 1160, 1160, 80, 80, 1250, 180, 1250, 180, 1280, 1280, 80, 80, 2640, 2640, 410, 410, 1800, 1800, 320, 320, 180, 4230, 4230, 10, 320, 10, 320, 1390, 1390, 1280, 1280, 30, 30, 5500, 5500, 20, 20, 2140, 2140, 5500, 5500, 30, 30, 3780, 3780, 1390, 1390, 6360, 6360, 1930, 1930, 240, 70, 70, 70, 70, 620, 620, 20, 20, 260, 20, 20, 820, 820, 1560, 1560, 990, 990, 880, 880, 750, 750]"
2020-10-26 20:35:00+00:00,208460,0,68.0,"[40, 40, 12220, 7090, 7090, 12220, 16660, 16660, 560, 1400, 120, 120, 470, 470, 50, 50, 250, 250, 840, 450, 450, 4380, 4380, 130, 130, 43520, 170, 170, 160, 160, 70, 70, 40, 40, 2670, 520, 520, 790, 790, 310, 490, 490, 1690, 1690, 1400, 1400, 140, 310, 310, 11800, 20, 20, 240, 240, 1450, 1450, 100, 100, 15660, 15660, 350, 350, 1750, 1750, 6520, 6520, 20, 20]"
2020-10-26 20:40:00+00:00,83390,0,60.0,"[3800, 3800, 0, 250, 250, 0, 590, 590, 90, 90, 320, 320, 120, 40, 40, 120, 230, 230, 130, 130, 730, 730, 430, 670, 670, 1460, 1460, 920, 920, 1280, 1280, 100, 100, 10, 10, 350, 350, 370, 370, 170, 1240, 170, 4450, 4450, 17160, 17160, 10, 10, 60, 60, 4470, 4470, 610, 610, 160, 160, 110, 110, 2200, 2200]"
2020-10-26 20:45:00+00:00,157270,0,55.0,"[0, 0, 130, 2170, 2170, 480, 480, 670, 670, 30, 30, 20, 20, 13420, 13420, 110, 110, 160, 2290, 2290, 15420, 250, 250, 330, 330, 2570, 2570, 410, 410, 310, 310, 30, 30, 280, 280, 900, 900, 450, 450, 790, 3680, 3680, 790, 160, 160, 29130, 29130, 4050, 4050, 6870, 6870, 420, 420, 960, 960]"
2020-10-26 20:50:00+00:00,92050,0,76.0,"[1160, 1160, 20, 20, 200, 200, 290, 290, 270, 270, 1310, 1310, 270, 270, 80, 80, 1560, 1560, 2360, 2360, 30, 30, 1100, 1100, 20, 20, 15530, 15530, 40, 70, 70, 40, 40, 40, 4080, 10, 50, 50, 2200, 2200, 20, 20, 20, 20, 50, 50, 1220, 1220, 1030, 1030, 20, 30, 30, 1530, 1530, 360, 360, 6310, 6310, 40, 40, 40, 40, 610, 610, 3510, 3510, 1100, 1100, 180, 30, 30, 1370, 1370, 10, 10]"
2020-10-26 20:55:00+00:00,117240,0,64.0,"[24160, 2860, 2860, 90, 90, 340, 50, 50, 0, 0, 300, 60, 60, 2380, 1220, 1220, 1030, 1030, 80, 80, 1740, 1740, 6050, 6050, 0, 0, 6240, 6240, 200, 200, 520, 520, 250, 250, 80, 80, 10880, 10880, 4650, 4650, 190, 190, 50, 50, 30, 3650, 3650, 70, 70, 330, 330, 20, 240, 240, 20, 10, 300, 300, 2410, 2410, 1210, 1210, 540, 540]"
2020-10-26 21:00:00+00:00,96670,0,62.0,"[80, 80, 3770, 3770, 860, 860, 1120, 1120, 120, 120, 880, 880, 520, 520, 160, 160, 200, 200, 1770, 1770, 290, 290, 4060, 4060, 160, 50, 50, 160, 17690, 17690, 130, 130, 0, 0, 250, 250, 1110, 1270, 1110, 1270, 270, 270, 1230, 1230, 90, 90, 640, 640, 70, 70, 390, 390, 120, 120, 20, 20, 14280, 80, 80, 3650, 3650, 290]"
2020-10-26 21:05:00+00:00,169840,0,60.0,"[360, 670, 670, 20, 20, 300, 300, 1380, 1380, 9760, 9760, 950, 950, 250, 250, 320, 300, 300, 1880, 1880, 0, 0, 10, 40, 40, 70, 70, 7220, 7220, 140, 140, 800, 800, 1220, 1220, 2070, 2070, 3610, 3610, 2080, 2080, 310, 310, 1170, 1170, 30, 70, 70, 40, 40, 10, 10, 50, 50, 3690, 3690, 540, 540]"
2020-10-26 21:10:00+00:00,81780,0,62.0,"[110, 110, 70, 70, 1170, 1170, 10, 10, 300, 300, 3900, 3900, 740, 740, 380, 380, 40, 40, 160, 160, 40, 40, 80, 80, 3580, 3580, 1000, 1000, 100, 100, 1610, 1610, 100, 100, 1170, 1170, 5710, 5710, 60, 60, 510, 510, 2480, 2480, 3340, 3340, 200, 200, 190, 190, 10, 10, 60, 60, 480, 480, 30, 30, 13250, 13250, 10, 10]"
2020-10-26 21:15:00+00:00,60550,0,55.0,"[70, 70, 250, 1570, 1570, 140, 140, 80, 80, 190, 190, 550, 550, 160, 160, 1170, 1170, 1150, 1150, 100, 100, 340, 340, 290, 1010, 1010, 2870, 2870, 160, 160, 7690, 150, 7690, 150, 1740, 1740, 290, 2870, 2870, 1740, 1740, 70, 5500, 180, 180, 580, 580, 830, 830, 520, 520, 130, 690, 690, 920]"
2020-10-26 21:20:00+00:00,111980,0,60.0,"[280, 10, 10, 60, 60, 490, 490, 50, 50, 80, 80, 270, 270, 7000, 7000, 320, 4900, 4900, 20, 20, 200, 200, 40, 40, 1000, 1000, 4900, 4900, 3030, 3030, 7140, 7140, 4830, 4830, 530, 530, 1060, 1060, 60, 60, 0, 0, 40, 40, 180, 180, 16250, 16250, 300, 300, 2560, 2560, 20, 20, 480, 480, 50, 50, 140, 140]"
2020-10-26 21:25:00+00:00,202470,0,46.0,"[80, 550, 550, 40, 40, 270, 270, 440, 440, 380, 3660, 3660, 1410, 380, 240, 240, 480, 2240, 1540, 1540, 380, 380, 15230, 15230, 720, 720, 10640, 10640, 3630, 3630, 3630, 3630, 1700, 1700, 100, 100, 47750, 47750, 7280, 7280, 160, 160, 200, 200, 590, 590]"
2020-10-26 21:30:00+00:00,144980,0,81.0,"[670, 670, 290, 290, 2440, 2440, 180, 20, 20, 800, 800, 8520, 8520, 200, 200, 110, 30, 110, 30, 2420, 2420, 240, 240, 2870, 2870, 1340, 1340, 230, 230, 110, 110, 280, 280, 140, 140, 90, 90, 7730, 7730, 230, 230, 720, 720, 11310, 11310, 40, 40, 620, 620, 3730, 3730, 1710, 1710, 840, 840, 60, 60, 10, 10, 8400, 8400, 180, 180, 220, 220, 550, 550, 10260, 10260, 320, 320, 300, 300, 3660, 240, 240, 3660, 450, 450, 20, 20]"
2020-10-26 21:35:00+00:00,117500,0,67.0,"[40, 40, 1860, 1860, 1360, 1360, 10, 10, 60, 60, 270, 370, 370, 200, 200, 440, 440, 40, 40, 40, 40, 960, 0, 12420, 12420, 50, 50, 2540, 2540, 5840, 5840, 80, 80, 190, 190, 260, 260, 60, 210, 210, 1040, 1040, 520, 90, 90, 10, 10, 60, 60, 100, 100, 5070, 3380, 3380, 5070, 6350, 6350, 370, 3380, 3380, 17810, 1220, 1220, 140, 1220, 1220, 1510]"
2020-10-26 21:40:00+00:00,2808210,4,89.0,"[360, 360, 30, 3760, 13710, 3760, 13710, 1630, 1630, 220, 220, 190, 190, 1140, 1140, 70, 70, 1730, 1730, 960, 960, 5580, 5580, 2130, 2130, 60, 60, 9060, 9060, 4050, 4050, 260, 260, 1250, 1250, 230, 230, 420, 420, 2700, 2700, 3050, 3050, 6810, 6810, 40, 40, 440, 440, 0, 0, 890, 890, 120, 2880, 410, 410, 210, 210, 440, 440, 60, 60, 3220, 3220, 60, 60, 20, 20, 2600, 2600, 410, 410, 270, 270, 900, 900, 3300, 3300, 30, 30, 630, 630, 30, 30]"
2020-10-26 21:45:00+00:00,337740,0,122.0,"[380, 380, 800, 800, 1940, 1940, 1690, 1690, 800, 800, 280, 280, 2410, 20, 20, 230, 1940, 1940, 160, 620, 160, 620, 130, 130, 1790, 1790, 320, 320, 300, 300, 3800, 3800, 80, 80, 40, 40, 380, 380, 1840, 1840, 60, 60, 280, 280, 90, 90, 80, 80, 810, 810, 640, 640, 810, 810, 20, 20, 1250, 830, 830, 1250, 90, 90, 470, 3160, 3160, 240, 240, 1010, 650, 650, 1040, 1040, 60, 60, 680, 680, 1880, 90, 130, 130, 680, 680, 3160, 3160, 740, 740, 90, 10, 10, 40, 40, 70, 70, 10, 150, 10, 150, 125480, 350, 350, 125480, 10, 10, 30, 30, 1960, 1960, 260, 260, 1350, 1350, 520, 520, 290, 290, 1960, 1960, 190, 190, 180, 200, 200]"
2020-10-26 21:50:00+00:00,67390,0,108.0,"[570, 570, 40, 40, 290, 290, 60, 60, 1940, 1940, 110, 610, 610, 10, 10, 260, 260, 90, 90, 110, 110, 660, 660, 30, 30, 30, 30, 1460, 1460, 1030, 1030, 560, 560, 3730, 3730, 180, 180, 80, 80, 100, 100, 130, 130, 480, 480, 160, 160, 330, 330, 20, 20, 2490, 2490, 900, 900, 30, 30, 10, 10, 440, 440, 150, 150, 140, 140, 140, 210, 140, 210, 740, 740, 70, 70, 1890, 1890, 470, 470, 20, 20, 770, 770, 840, 840, 380, 380, 40, 40, 3050, 170, 170, 1300, 1300, 1700, 1700, 140, 140, 190, 190, 930, 930, 590, 20, 20, 590, 3310, 3310, 1990, 160]"
2020-10-26 21:55:00+00:00,126650,0,115.0,"[80, 80, 530, 530, 220, 220, 240, 240, 100, 100, 90, 90, 60, 60, 720, 720, 60, 60, 1100, 1100, 2340, 700, 700, 20, 20, 80, 80, 180, 180, 470, 470, 2280, 2280, 2330, 2330, 70, 70, 3520, 260, 260, 50, 50, 810, 810, 170, 170, 460, 460, 500, 500, 1390, 1390, 1240, 1240, 10, 10, 1670, 1670, 300, 300, 20, 20, 180, 460, 180, 460, 3680, 190, 3680, 190, 190, 190, 370, 370, 40, 40, 760, 760, 200, 200, 460, 14170, 460, 14170, 350, 350, 1320, 1320, 460, 460, 420, 850, 850, 5030, 6690, 6690, 40, 40, 310, 310, 1170, 1170, 180, 180, 0, 1840, 1840, 1200, 1200, 2730, 2730, 50, 50, 3570, 3570]"
2020-10-26 22:00:00+00:00,211270,0,89.0,"[30, 30, 590, 590, 310, 310, 370, 370, 80, 80, 13180, 13180, 1000, 1000, 1680, 20, 20, 900, 900, 310, 310, 1750, 1750, 3830, 3830, 1540, 1540, 300, 300, 300, 300, 33860, 33860, 0, 0, 250, 250, 100, 100, 7420, 7420, 60, 60, 7700, 7700, 0, 0, 1500, 620, 1500, 620, 320, 320, 80, 80, 30, 5370, 5370, 30, 1150, 1150, 2270, 2270, 2360, 2550, 2360, 2550, 50, 50, 80, 10050, 10050, 2730, 10, 1150, 1150, 550, 550, 430, 430, 20, 20, 130, 130, 430, 430, 10, 10, 830]"
2020-10-26 22:05:00+00:00,79240,0,94.0,"[1230, 1230, 930, 370, 370, 580, 50, 50, 130, 180, 180, 440, 440, 3920, 3920, 80, 80, 750, 750, 370, 370, 1230, 1230, 70, 70, 40, 40, 70, 70, 60, 30, 60, 30, 20, 20, 550, 550, 4720, 4720, 60, 60, 50, 50, 40, 40, 30, 30, 10, 10, 300, 300, 190, 190, 40, 40, 3720, 3720, 1990, 1990, 700, 700, 760, 760, 70, 70, 2580, 2580, 760, 30, 760, 30, 2390, 2390, 10, 10, 940, 940, 780, 780, 1640, 1640, 230, 230, 2040, 2040, 2040, 2040, 300, 2990, 2990, 70, 70, 10, 10]"
2020-10-26 22:10:00+00:00,138660,0,73.0,"[1450, 1450, 520, 520, 1070, 1070, 220, 220, 220, 220, 180, 180, 1750, 1750, 120, 120, 890, 890, 900, 40, 900, 40, 540, 540, 670, 670, 2920, 2920, 1070, 1070, 1070, 1070, 470, 10, 470, 10, 890, 890, 2480, 2480, 4250, 4250, 110, 110, 15350, 15350, 610, 610, 1640, 1640, 240, 20, 40, 20, 40, 12920, 12920, 0, 0, 170, 2100, 1100, 2100, 1100, 7510, 100, 100, 60, 60, 2080, 2080, 7510, 7510]"
2020-10-26 22:15:00+00:00,65380,0,70.0,"[1720, 1720, 50, 50, 270, 60, 60, 560, 560, 3760, 3760, 180, 180, 40, 40, 200, 200, 700, 700, 700, 700, 110, 110, 6020, 6020, 40, 40, 20, 20, 60, 60, 40, 40, 170, 170, 100, 100, 110, 50, 50, 110, 10, 10, 1780, 1780, 2150, 60, 60, 8730, 8730, 110, 220, 220, 110, 60, 60, 40, 40, 230, 230, 1320, 1320, 1110, 1110, 100, 100, 1510, 1510, 1510, 1510]"
2020-10-26 22:20:00+00:00,176940,0,82.0,"[140, 140, 170, 170, 50, 50, 610, 610, 960, 960, 50, 50, 620, 620, 10480, 10480, 220, 220, 4820, 4820, 10480, 50, 50, 3080, 3080, 1910, 1910, 2940, 2940, 15360, 15360, 100, 380, 380, 4020, 50, 3260, 3260, 2260, 190, 1050, 1050, 190, 400, 400, 2910, 2910, 450, 450, 2920, 2920, 90, 90, 50, 12160, 12160, 4250, 4250, 1670, 1670, 90, 90, 280, 280, 900, 900, 80, 80, 600, 600, 6390, 6390, 150, 150, 30, 30, 30, 30, 30, 30, 220, 220]"
2020-10-26 22:25:00+00:00,983510,2,107.0,"[150, 150, 190, 190, 3580, 3580, 21620, 21620, 90, 90, 1520, 70, 70, 70, 540, 540, 460, 460, 3080, 3080, 300, 12560, 12560, 10940, 310, 310, 310, 310, 120, 120, 330, 330, 780, 780, 12540, 12540, 20, 20, 30, 3410, 810, 810, 900, 30, 900, 30, 6390, 6390, 410, 410, 159590, 159590, 5830, 5830, 20, 20, 160, 160, 2130, 2130, 740, 740, 880, 880, 60, 60, 1520, 4870, 4870, 40, 28650, 20, 20, 28650, 180, 180, 790, 70, 790, 70, 80, 80, 390, 390, 70, 70, 1200, 1200, 10, 570, 1440, 570, 860, 860, 470, 470, 630, 630, 30, 830, 830, 780, 780]"
2020-10-26 22:30:00+00:00,1193640,2,129.0,"[429340, 429340, 50, 50, 460, 460, 120, 120, 520, 520, 1850, 1850, 20, 20, 2860, 20, 20, 920, 920, 2490, 2490, 140, 140, 3990, 3990, 300, 300, 1160, 1160, 3140, 3140, 17760, 17760, 10, 10, 1380, 1380, 60, 60, 3140, 3140, 360, 360, 240, 240, 910, 910, 60, 60, 550, 550, 560, 560, 8380, 8380, 740, 560, 740, 560, 730, 730, 60, 60, 340, 340, 2300, 2300, 70, 760, 760, 20, 20, 140, 140, 60, 60, 1100, 100, 100, 100, 100, 140, 140, 32600, 32600, 280, 280, 10, 40, 30, 30, 40, 10, 16260, 16260, 60, 60, 290, 290, 180, 180, 280, 280, 53220, 53220, 2020, 2020, 90, 150, 90, 150, 300, 300, 0, 0, 170, 170, 1100, 1100, 40, 150, 150, 1110, 40, 40, 2480, 2480, 500, 500]"
2020-10-26 22:35:00+00:00,234410,0,106.0,"[2340, 2340, 50, 50, 310, 310, 960, 960, 230, 230, 940, 940, 1940, 1940, 1100, 90, 240, 240, 20, 20, 540, 540, 700, 700, 8630, 8630, 200, 200, 4430, 4430, 340, 30, 30, 20, 20, 1100, 1100, 780, 780, 30, 30, 640, 640, 430, 430, 160, 4520, 4520, 60, 60, 10090, 10090, 380, 380, 3470, 3470, 10, 10, 6430, 6430, 150, 150, 190, 190, 20, 20, 13800, 13800, 60, 60, 290, 290, 1580, 500, 500, 1580, 790, 790, 290, 290, 3860, 3860, 50, 50, 60, 60, 1320, 160, 160, 36710, 36710, 3320, 3320, 340, 340, 60, 190, 60, 190, 3520, 3520, 40, 40, 40, 180, 180]"
2020-10-26 22:40:00+00:00,149420,0,80.0,"[2130, 2130, 140, 140, 40, 40, 5160, 5160, 4950, 4950, 20, 20, 3040, 3040, 2610, 2610, 300, 300, 620, 620, 40, 40, 4950, 4950, 36710, 60, 36710, 60, 30, 30, 930, 70, 70, 280, 280, 70, 70, 1730, 1730, 2200, 140, 140, 0, 0, 1240, 1240, 100, 100, 100, 100, 450, 450, 760, 760, 70, 70, 20, 20, 180, 180, 0, 1280, 0, 30, 30, 160, 3330, 3330, 180, 1390, 1390, 490, 680, 680, 70, 70, 450, 450, 130, 130]"
2020-10-26 22:45:00+00:00,259900,4,87.0,"[430, 430, 160, 160, 20, 20, 40, 40, 30, 1060, 1060, 30, 2580, 2580, 2500, 120, 120, 3150, 3150, 150, 150, 420, 420, 10, 10, 340, 340, 40, 40, 1920, 1920, 9110, 9110, 2600, 2600, 200, 200, 1570, 1570, 180, 180, 380, 380, 290, 290, 100, 100, 130, 130, 1470, 1470, 10, 10, 60, 60, 200, 200, 360, 20, 20, 510, 510, 400, 400, 120, 120, 260, 260, 170, 170, 110, 110, 90, 90, 2400, 2400, 160, 420, 420, 30, 30, 1420, 1420]"
2020-10-26 22:50:00+00:00,99950,0,58.0,"[5270, 5270, 730, 90, 90, 3800, 3800, 5750, 5750, 520, 520, 100, 100, 1720, 1720, 3790, 3790, 4350, 460, 460, 3780, 3780, 3180, 3180, 3180, 3180, 4810, 4810, 6690, 6690, 30, 30, 40, 40, 1980, 1980, 40, 140, 20, 20, 140, 90, 90, 110, 10, 10, 40, 40, 150, 150, 480, 480, 1160, 1160, 30, 30, 50, 50]"
2020-10-26 22:55:00+00:00,103900,0,67.0,"[380, 380, 10, 10, 640, 2860, 2860, 640, 16230, 10, 10, 40, 40, 40, 40, 180, 180, 550, 550, 1000, 1000, 50, 50, 130, 130, 60, 60, 140, 140, 8990, 8990, 170, 170, 3250, 3250, 10, 10, 680, 680, 60, 60, 2330, 1260, 2330, 1260, 250, 250, 80, 80, 420, 420, 60, 60, 2790, 2790, 70, 70, 21290, 1260, 100, 100, 1360, 1360, 20, 4570, 20, 4570]"
2020-10-26 23:00:00+00:00,63850,0,63.0,"[290, 290, 120, 120, 70, 70, 2060, 440, 2060, 3580, 3580, 80, 80, 710, 710, 70, 70, 400, 400, 580, 580, 2690, 2690, 90, 90, 80, 80, 520, 520, 110, 110, 730, 730, 160, 160, 100, 100, 140, 140, 130, 130, 3650, 30, 3650, 30, 370, 370, 150, 150, 240, 8370, 8370, 5520, 5520, 200, 200, 100, 100, 30, 10, 10, 460, 460]"
2020-10-26 23:05:00+00:00,66940,0,52.0,"[270, 270, 30, 30, 10, 270, 10, 270, 510, 510, 150, 150, 380, 380, 100, 100, 3650, 3650, 2860, 2860, 80, 80, 70, 70, 120, 120, 3200, 3200, 2660, 2660, 1150, 1150, 12630, 12630, 750, 750, 290, 290, 0, 0, 520, 520, 1150, 1150, 2100, 2100, 70, 70, 450, 450, 0, 0]"
2020-10-26 23:10:00+00:00,188510,2,50.0,"[5620, 5620, 410, 410, 90, 90, 1020, 1020, 350, 350, 770, 770, 270, 270, 320, 320, 230, 230, 10240, 10240, 270, 270, 25090, 25090, 1710, 1710, 36630, 36630, 20, 20, 180, 610, 610, 130, 130, 9240, 9240, 20, 20, 40, 40, 130, 130, 290, 290, 1170, 10, 10, 70, 70]"
2020-10-26 23:15:00+00:00,113800,0,73.0,"[1040, 20, 160, 160, 20, 60, 60, 290, 290, 30, 30, 160, 160, 180, 180, 3170, 3170, 0, 0, 220, 220, 7940, 7940, 20, 20, 1720, 1720, 5230, 5230, 1820, 60, 1820, 60, 3670, 3670, 30, 30, 3800, 50, 4160, 4160, 90, 90, 90, 3210, 3210, 3800, 4970, 4970, 1820, 1820, 2050, 2050, 40, 40, 130, 30, 30, 70, 190, 190, 20, 20, 7940, 7940, 10, 10, 2730, 2730, 270, 270, 100, 100]"
2020-10-26 23:20:00+00:00,47000,0,47.0,"[1260, 1260, 270, 270, 530, 530, 2000, 2000, 70, 70, 120, 120, 270, 270, 2050, 2050, 190, 190, 270, 270, 2030, 2030, 60, 60, 1670, 1670, 30, 30, 70, 70, 8610, 8610, 560, 1860, 1860, 560, 170, 170, 240, 240, 580, 240, 240, 200, 200, 440, 440]"
2020-10-26 23:25:00+00:00,53290,0,49.0,"[2200, 2200, 50, 50, 2670, 2670, 1810, 1810, 240, 890, 890, 240, 240, 170, 170, 50, 50, 1900, 1900, 1110, 1110, 1770, 10, 10, 1770, 390, 390, 40, 40, 3790, 3790, 4330, 1030, 1030, 100, 100, 190, 190, 130, 130, 130, 130, 560, 3490, 3490, 790, 790, 1130, 1130]"
2020-10-26 23:30:00+00:00,126960,0,46.0,"[18300, 18300, 2240, 210, 210, 2270, 2270, 400, 400, 60, 60, 160, 160, 5900, 5900, 1550, 650, 650, 2020, 2020, 440, 5260, 5260, 440, 410, 12700, 12700, 700, 700, 10, 10, 380, 380, 470, 470, 7810, 7810, 520, 290, 290, 40, 40, 3010, 3010, 40, 40]"
2020-10-26 23:35:00+00:00,40110,0,68.0,"[50, 50, 260, 260, 2430, 2430, 980, 980, 40, 40, 470, 470, 3680, 3680, 250, 480, 480, 20, 20, 110, 10, 10, 110, 120, 120, 20, 20, 120, 120, 690, 690, 150, 150, 150, 150, 250, 250, 20, 20, 30, 30, 640, 640, 140, 140, 1170, 1170, 620, 730, 730, 2140, 2140, 130, 130, 10, 10, 550, 550, 2140, 2140, 50, 50, 10, 10, 1790, 1790, 40, 40]"
2020-10-26 23:40:00+00:00,75800,0,44.0,"[1780, 1780, 330, 330, 40, 40, 720, 720, 770, 770, 880, 100, 100, 30, 30, 21620, 21620, 80, 80, 20, 20, 3840, 3840, 30, 30, 80, 80, 890, 890, 0, 0, 120, 120, 120, 120, 140, 140, 20, 20, 6820, 2340, 2340, 980, 980]"
2020-10-26 23:45:00+00:00,27880,0,29.0,"[4830, 770, 770, 50, 80, 30, 30, 2300, 2300, 2620, 2620, 0, 0, 2600, 2600, 0, 0, 460, 30, 30, 420, 420, 110, 110, 70, 620, 70, 1970, 1970]"
2020-10-26 23:50:00+00:00,32360,0,32.0,"[30, 30, 6580, 6580, 760, 760, 0, 0, 4050, 4050, 1540, 1540, 520, 1050, 1050, 520, 140, 140, 140, 140, 60, 60, 310, 310, 460, 460, 460, 460, 60, 60, 20, 20]"
2020-10-26 23:55:00+00:00,92460,0,43.0,"[730, 730, 3710, 370, 370, 210, 210, 860, 860, 980, 980, 3190, 3190, 1040, 1040, 2290, 80, 80, 7110, 7110, 5350, 540, 540, 4640, 240, 4640, 240, 7110, 7110, 0, 0, 6130, 6130, 1720, 170, 170, 1210, 1210, 4210, 2930, 2930, 50, 50]"
2020-10-27 00:00:00+00:00,28280,2,28.0,"[600, 600, 2310, 2310, 1030, 90, 120, 120, 1720, 1720, 2310, 2310, 30, 630, 560, 560, 930, 930, 40, 40, 440, 440, 840, 840, 70, 70, 4890, 1730]"
2020-10-27 00:05:00+00:00,54920,0,30.0,"[1730, 120, 120, 1000, 1000, 40, 40, 600, 600, 100, 100, 2720, 2720, 280, 280, 3330, 3330, 3330, 3330, 0, 0, 900, 900, 170, 1620, 1620, 1220, 1220, 11250, 11250]"
2020-10-27 00:10:00+00:00,35490,0,31.0,"[880, 1630, 1630, 40, 40, 620, 620, 10, 10, 4620, 4620, 20, 20, 30, 30, 100, 100, 140, 140, 50, 50, 15010, 20, 20, 80, 80, 250, 250, 2150, 2150, 80]"
2020-10-27 00:15:00+00:00,124180,0,29.0,"[460, 460, 2500, 15830, 15830, 50, 50, 140, 140, 240, 240, 130, 130, 20, 20, 2510, 2570, 2570, 70, 70, 690, 690, 470, 470, 1880, 1880, 560, 560]"
2020-10-27 00:20:00+00:00,354710,0,61.0,"[470, 470, 770, 770, 5030, 5030, 740, 740, 40, 1470, 1470, 800, 800, 20, 20, 10, 10, 60, 60, 20, 20, 1650, 1650, 1310, 1310, 670, 670, 220, 160, 160, 150, 60, 60, 820, 820, 110, 110, 0, 0, 490, 490, 20, 20, 270, 270, 280, 280, 10, 10, 27360, 27360, 260, 260, 0, 0, 1710, 1710, 180, 180]"
2020-10-27 00:25:00+00:00,75080,0,42.0,"[130, 130, 2050, 2050, 14160, 14160, 760, 760, 10, 10, 320, 320, 670, 1030, 1030, 60, 60, 180, 180, 1410, 1410, 460, 460, 120, 120, 660, 2960, 40, 40, 4410, 4410, 3860, 3860, 150, 150, 1150, 1150, 50, 4150, 4150, 920, 920]"
2020-10-27 00:30:00+00:00,81390,0,38.0,"[60, 60, 610, 610, 7980, 7980, 2500, 2500, 180, 180, 320, 320, 10, 10, 810, 810, 2220, 2220, 2900, 2900, 6700, 7970, 7970, 6630, 6630, 1090, 1090, 370, 260, 260, 380, 380, 1440, 1440, 1380, 1380, 420, 420]"
2020-10-27 00:35:00+00:00,76400,0,37.0,"[30, 30, 70, 70, 60, 440, 440, 530, 530, 190, 190, 430, 430, 320, 320, 1670, 1670, 320, 320, 70, 70, 50, 50, 510, 510, 480, 480, 25700, 25700, 200, 170, 170, 1730, 1730, 10300, 210, 210]"
2020-10-27 00:40:00+00:00,40330,0,33.0,"[2160, 2160, 20, 20, 10, 10, 770, 770, 610, 610, 360, 360, 80, 80, 630, 630, 800, 800, 5800, 5800, 1100, 1100, 800, 800, 630, 630, 380, 380, 1880, 1880, 10, 4130, 4130]"
2020-10-27 00:45:00+00:00,24920,0,20.0,"[110, 110, 20, 20, 3600, 3600, 40, 40, 30, 30, 80, 80, 30, 30, 4380, 4380, 120, 360, 3930, 3930]"
2020-10-27 00:50:00+00:00,2719200,2,29.0,"[120, 120, 70, 70, 40, 40, 2701970, 60, 60, 260, 40, 40, 210, 210, 40, 130, 40, 30, 70, 130, 200, 200, 360, 360, 350, 12230, 630, 1010, 110]"
2020-10-27 00:55:00+00:00,53230,0,76.0,"[180, 50, 50, 50, 50, 20, 210, 210, 20, 170, 20, 110, 210, 210, 1880, 90, 90, 220, 300, 10, 5860, 320, 320, 720, 70, 7480, 560, 1160, 320, 190, 1160, 290, 210, 210, 140, 50, 480, 90, 90, 660, 150, 100, 550, 130, 240, 1410, 1410, 240, 600, 20, 40, 1910, 1380, 30, 30, 90, 90, 3860, 3860, 910, 910, 40, 40, 410, 0, 270, 280, 270, 280, 1740, 1740, 250, 360, 4490, 230, 340]"
2020-10-27 01:00:00+00:00,95600,0,47.0,"[720, 2060, 2060, 1490, 7190, 7190, 10, 150, 680, 680, 90, 110, 1180, 310, 850, 960, 50, 130, 10, 50, 380, 20, 680, 60, 7580, 130, 120, 120, 210, 210, 0, 430, 840, 4920, 840, 4920, 1550, 1550, 30, 20, 20, 110, 220, 220, 990]"
2020-10-27 01:05:00+00:00,35850,0,45.0,"[40, 10, 300, 300, 230, 230, 540, 460, 70, 230, 540, 450, 660, 450, 80, 2170, 2170, 1360, 920, 190, 190, 110, 110, 7170, 80, 140, 140, 1250, 2940, 1250, 2940, 10, 1040, 780, 1850, 290, 3450, 90, 40, 110, 110, 150, 150, 30, 30]"
2020-10-27 01:10:00+00:00,26890,0,30.0,"[150, 340, 1280, 420, 420, 480, 480, 490, 2040, 2560, 480, 6770, 730, 700, 1070, 1070, 1000, 1000, 150, 110, 980, 980, 60, 60, 270, 270, 2170, 100, 100, 160]"
2020-10-27 01:15:00+00:00,163880,1,36.0,"[400, 400, 2490, 2490, 220, 150, 150, 2510, 1160, 1160, 2370, 2370, 10, 1430, 139830, 170, 170, 160, 240, 240, 90, 90, 190, 190, 20, 20, 600, 310, 1230, 1230, 160, 10, 790, 790, 20, 20]"
2020-10-27 01:20:00+00:00,32390,0,19.0,"[980, 980, 8630, 20, 20, 1910, 1910, 3240, 3240, 0, 0, 5290, 5290, 90, 90, 80, 340, 140, 140]"
2020-10-27 01:25:00+00:00,6690,0,11.0,"[120, 120, 550, 550, 220, 50, 480, 1690, 1690, 20, 1200]"
2020-10-27 01:30:00+00:00,11930,0,28.0,"[80, 80, 10, 180, 180, 290, 290, 80, 80, 30, 110, 20, 50, 50, 360, 360, 100, 3380, 3380, 0, 10, 10, 10, 530, 530, 1490, 120, 120]"
2020-10-27 01:35:00+00:00,22070,0,13.0,"[30, 290, 2420, 2420, 1080, 640, 640, 140, 140, 3510, 70, 70, 10620]"
2020-10-27 01:40:00+00:00,8740,0,34.0,"[0, 0, 1660, 1660, 10, 10, 410, 410, 390, 10, 0, 0, 100, 370, 370, 580, 0, 0, 240, 240, 240, 240, 10, 50, 270, 270, 30, 30, 180, 180, 20, 260, 250, 250]"
2020-10-27 01:45:00+00:00,2490,0,17.0,"[290, 290, 100, 100, 80, 20, 20, 570, 0, 0, 20, 20, 240, 370, 370, 0, 0]"
2020-10-27 01:50:00+00:00,11660,0,18.0,"[400, 50, 50, 10, 350, 350, 1210, 1210, 1490, 1490, 20, 580, 580, 30, 30, 1900, 1900, 10]"
2020-10-27 01:55:00+00:00,31920,0,13.0,"[30, 30, 80, 470, 1030, 1030, 11880, 11880, 280, 280, 3870, 530, 530]"
2020-10-27 02:00:00+00:00,43890,0,25.0,"[11880, 30, 30, 10, 10, 1020, 470, 10, 10, 10750, 10750, 470, 160, 10, 360, 720, 720, 580, 580, 90, 130, 1980, 1980, 570, 570]"
2020-10-27 02:05:00+00:00,41980,0,29.0,"[80, 80, 2320, 2320, 20, 20, 2180, 2180, 200, 200, 840, 840, 1280, 840, 840, 1280, 8560, 8560, 190, 190, 60, 60, 3580, 3580, 80, 80, 1200, 160, 160]"
2020-10-27 02:10:00+00:00,45440,0,30.0,"[1740, 1740, 1910, 1910, 1400, 1400, 1400, 1400, 530, 530, 750, 750, 2120, 2120, 240, 240, 10, 10, 10, 10, 1870, 1870, 120, 120, 3070, 3070, 10, 10, 7540, 7540]"
2020-10-27 02:15:00+00:00,17510,0,21.0,"[190, 190, 170, 170, 0, 0, 2050, 0, 0, 760, 760, 10, 10, 180, 180, 3540, 3540, 2780, 2780, 100, 100]"
2020-10-27 02:20:00+00:00,12180,0,16.0,"[70, 2630, 2630, 50, 50, 180, 1420, 1420, 500, 500, 790, 330, 330, 160, 160, 960]"
2020-10-27 02:25:00+00:00,84500,2,17.0,"[110, 50, 50, 9510, 62030, 0, 0, 70, 70, 2180, 1100, 1090, 100, 0, 6530, 1180, 430]"
2020-10-27 02:30:00+00:00,6830,0,10.0,"[2520, 2520, 0, 0, 80, 100, 100, 350, 580, 580]"
2020-10-27 02:35:00+00:00,27570,0,24.0,"[300, 300, 140, 20, 140, 140, 40, 1450, 1450, 8140, 8140, 280, 280, 3500, 290, 2840, 20, 20, 40, 40, 0, 0, 0, 0]"
2020-10-27 02:40:00+00:00,15090,0,14.0,"[30, 270, 270, 20, 20, 1820, 1820, 1650, 1650, 10, 10, 6080, 720, 720]"
2020-10-27 02:45:00+00:00,46210,0,17.0,"[630, 630, 23540, 720, 720, 180, 4820, 4820, 940, 940, 470, 470, 2260, 780, 780, 210, 3300]"
2020-10-27 02:50:00+00:00,8780,0,17.0,"[200, 780, 60, 60, 120, 400, 400, 20, 1040, 1040, 600, 3280, 210, 210, 60, 60, 240]"
2020-10-27 02:55:00+00:00,9410,0,11.0,"[700, 700, 1540, 1010, 1010, 2360, 350, 350, 350, 350, 690]"
2020-10-27 03:00:00+00:00,64390,0,20.0,"[150, 150, 20, 20, 370, 11980, 11980, 11980, 11980, 20, 180, 180, 270, 270, 12190, 530, 530, 600, 600, 390]"
2020-10-27 03:05:00+00:00,3040,0,14.0,"[70, 910, 910, 60, 60, 150, 150, 350, 100, 100, 60, 60, 30, 30]"
2020-10-27 03:10:00+00:00,37830,0,21.0,"[90, 90, 540, 540, 13330, 80, 80, 780, 2060, 2060, 13350, 580, 580, 1760, 460, 460, 90, 120, 120, 330, 330]"
2020-10-27 03:15:00+00:00,74910,1,23.0,"[250, 250, 270, 270, 610, 610, 50, 50, 1080, 62020, 6400, 1760, 190, 190, 50, 50, 60, 60, 160, 160, 40, 40, 290]"
2020-10-27 03:20:00+00:00,23620,0,28.0,"[250, 990, 990, 1350, 1350, 10, 10, 5580, 20, 340, 2920, 250, 110, 110, 1140, 100, 100, 60, 30, 1910, 0, 0, 150, 170, 1820, 1820, 1020, 1020]"
2020-10-27 03:25:00+00:00,9510,0,24.0,"[20, 0, 0, 0, 0, 530, 590, 80, 1480, 1480, 1480, 1480, 0, 0, 790, 200, 200, 10, 10, 730, 60, 20, 20, 330]"
2020-10-27 03:30:00+00:00,19590,0,25.0,"[380, 80, 80, 240, 240, 960, 1540, 1540, 1020, 160, 120, 3320, 3320, 290, 800, 30, 1330, 80, 80, 70, 70, 960, 960, 960, 960]"
2020-10-27 03:35:00+00:00,17820,0,8.0,"[1610, 1610, 220, 5380, 210, 1150, 3820, 3820]"
2020-10-27 03:40:00+00:00,18770,0,15.0,"[120, 120, 100, 70, 70, 850, 850, 610, 610, 3080, 3080, 30, 20, 4580, 4580]"
2020-10-27 03:45:00+00:00,4190,0,17.0,"[180, 10, 570, 570, 160, 160, 10, 10, 140, 1570, 170, 170, 50, 110, 110, 100, 100]"
2020-10-27 03:50:00+00:00,23640,0,29.0,"[1190, 490, 1260, 10, 10, 120, 130, 120, 130, 930, 180, 180, 10, 10, 3350, 980, 80, 1130, 840, 1260, 1260, 200, 1900, 110, 90, 140, 6750, 390, 390]"
2020-10-27 03:55:00+00:00,34970,0,17.0,"[1420, 1420, 1640, 1420, 30, 30, 1420, 9720, 9720, 430, 1640, 1680, 2200, 160, 750, 750, 540]"
2020-10-27 04:00:00+00:00,24610,0,19.0,"[1280, 5760, 150, 420, 140, 140, 10, 270, 40, 40, 100, 280, 280, 940, 940, 830, 830, 6080, 6080]"
2020-10-27 04:05:00+00:00,2500,0,13.0,"[10, 320, 30, 30, 420, 30, 30, 340, 340, 60, 60, 740, 90]"
2020-10-27 04:10:00+00:00,4590,0,14.0,"[180, 180, 530, 530, 90, 150, 150, 680, 680, 420, 10, 140, 840, 10]"
2020-10-27 04:15:00+00:00,8920,0,11.0,"[380, 380, 30, 30, 2630, 2010, 190, 190, 980, 1050, 1050]"
2020-10-27 04:20:00+00:00,14350,0,17.0,"[190, 190, 520, 520, 3740, 3740, 150, 110, 110, 20, 220, 20, 220, 1150, 1150, 1150, 1150]"
2020-10-27 04:25:00+00:00,12010,0,11.0,"[60, 5300, 5300, 110, 110, 50, 40, 40, 140, 720, 140]"
2020-10-27 04:30:00+00:00,31190,0,19.0,"[4220, 4220, 610, 180, 180, 2760, 2760, 230, 230, 2030, 2030, 160, 160, 610, 610, 4890, 4890, 210, 210]"
2020-10-27 04:35:00+00:00,17650,0,17.0,"[580, 580, 580, 580, 3680, 3680, 200, 200, 510, 510, 350, 350, 270, 320, 320, 2470, 2470]"
2020-10-27 04:40:00+00:00,7300,0,7.0,"[2150, 2150, 320, 940, 940, 400, 400]"
2020-10-27 04:45:00+00:00,4480,0,10.0,"[580, 580, 740, 740, 400, 400, 460, 460, 60, 60]"
2020-10-27 04:50:00+00:00,31230,0,12.0,"[160, 160, 1090, 1090, 3590, 3590, 6190, 750, 750, 1250, 1250, 11360]"
2020-10-27 04:55:00+00:00,61920,0,24.0,"[50, 2130, 2130, 2200, 9150, 9150, 9150, 9150, 3200, 70, 400, 400, 1370, 1370, 510, 50, 920, 920, 920, 920, 1370, 1370, 2510, 2510]"
2020-10-27 05:00:00+00:00,13110,0,13.0,"[2510, 2510, 1760, 1760, 1340, 1340, 370, 50, 50, 310, 310, 400, 400]"
2020-10-27 05:05:00+00:00,3830,0,7.0,"[770, 950, 950, 390, 390, 190, 190]"
2020-10-27 05:10:00+00:00,12160,0,6.0,"[1020, 1020, 2950, 2950, 2110, 2110]"
2020-10-27 05:15:00+00:00,7300,0,12.0,"[80, 80, 290, 60, 60, 320, 320, 730, 730, 710, 710, 3210]"
2020-10-27 05:20:00+00:00,317530,2,34.0,"[1050, 1050, 1050, 1050, 350, 350, 2400, 2400, 10, 138260, 138260, 1050, 1050, 3120, 30, 30, 2440, 160, 160, 40, 40, 4580, 3230, 3230, 1700, 1700, 40, 40, 1500, 1500, 1440, 1440, 1390, 1390]"
2020-10-27 05:25:00+00:00,12180,0,15.0,"[790, 790, 3210, 3210, 1520, 1520, 40, 40, 160, 160, 70, 70, 50, 50, 500]"
2020-10-27 05:30:00+00:00,5640,0,12.0,"[220, 10, 10, 1170, 1170, 50, 50, 60, 60, 160, 160, 2520]"
2020-10-27 05:35:00+00:00,28680,2,19.0,"[1020, 1020, 9090, 9090, 20, 1950, 1950, 220, 220, 520, 520, 1230, 1230, 20, 20, 20, 20, 260, 260]"
2020-10-27 05:40:00+00:00,92040,0,10.0,"[30, 30, 560, 560, 560, 560, 44830, 44830, 40, 40]"
2020-10-27 05:45:00+00:00,38720,0,12.0,"[270, 270, 6870, 6870, 4270, 4270, 1070, 60, 60, 14670, 20, 20]"
2020-10-27 05:50:00+00:00,91040,0,14.0,"[1250, 80, 80, 80, 80, 20, 20, 10, 10, 80, 80, 570]"
2020-10-27 05:55:00+00:00,28480,0,16.0,"[10, 10, 1300, 1300, 220, 220, 2580, 2580, 1130, 1130, 550, 550, 8260, 8260, 190, 190]"
2020-10-27 06:00:00+00:00,5200,0,11.0,"[50, 50, 750, 90, 90, 860, 860, 980, 850, 310, 310]"
2020-10-27 06:05:00+00:00,0,0,0.0,[]
2020-10-27 06:10:00+00:00,12850,0,17.0,"[870, 870, 3740, 3740, 770, 770, 1350, 30, 30, 30, 30, 450, 50, 30, 30, 30, 30]"
2020-10-27 06:15:00+00:00,24660,0,8.0,"[12010, 12010, 30, 30, 0, 0, 290, 290]"
2020-10-27 06:20:00+00:00,5240,0,8.0,"[1100, 1100, 730, 730, 430, 430, 480, 240]"
2020-10-27 06:25:00+00:00,3380,0,6.0,"[680, 240, 570, 570, 660, 660]"
2020-10-27 06:30:00+00:00,3390,0,5.0,"[170, 170, 570, 1240, 1240]"
2020-10-27 06:35:00+00:00,4850,0,10.0,"[580, 580, 1300, 100, 100, 170, 870, 870, 170, 110]"
2020-10-27 06:40:00+00:00,7590,0,15.0,"[20, 20, 30, 10, 10, 40, 40, 160, 160, 2920, 2920, 440, 440, 190, 190]"
2020-10-27 06:45:00+00:00,15260,0,5.0,"[10, 10, 7610, 7610, 20]"
2020-10-27 06:50:00+00:00,16420,0,6.0,"[6900, 6900, 1010, 1010, 300, 300]"
2020-10-27 06:55:00+00:00,2760,0,3.0,"[260, 1250, 1250]"
2020-10-27 07:00:00+00:00,700,0,2.0,"[350, 350]"
2020-10-27 07:05:00+00:00,2720,0,8.0,"[1060, 1060, 220, 220, 40, 40, 40, 40]"
2020-10-27 07:10:00+00:00,180,0,5.0,"[20, 20, 20, 20, 100]"
2020-10-27 07:15:00+00:00,1520,0,2.0,"[830, 690]"
2020-10-27 07:20:00+00:00,920,0,3.0,"[60, 60, 800]"
2020-10-27 07:25:00+00:00,5670,0,7.0,"[110, 110, 2450, 2450, 260, 260, 30]"
2020-10-27 07:30:00+00:00,1727080,2,20.0,"[60, 60, 800, 800, 150, 150, 160, 160, 1450, 1450, 1960, 1960, 620, 620, 900, 900, 360, 360]"
2020-10-27 07:35:00+00:00,85400,1,102.0,"[250, 250, 4390, 2360, 2360, 1790, 1790, 1980, 1980, 160, 160, 50, 50, 520, 520, 1230, 1230, 60, 60, 140, 140, 140, 140, 110, 110, 290, 290, 370, 220, 220, 130, 80, 80, 130, 370, 4020, 4020, 1450, 1450, 40, 40, 170, 390, 390, 170, 80, 80, 320, 320, 110, 110, 9570, 9570, 90, 90, 120, 120, 1100, 1100, 110, 110, 10, 10, 80, 80, 290, 20, 20, 60, 60, 0, 0, 840, 840, 1200, 1200, 80, 80, 20, 20, 600, 600, 290, 210, 210, 290, 470, 470, 170, 170, 2370, 2370, 1250, 1250, 290, 290, 110, 110, 780, 780, 4060, 4060]"
2020-10-27 07:40:00+00:00,39920,0,46.0,"[5810, 5810, 3040, 3040, 290, 290, 20, 20, 650, 650, 140, 140, 220, 220, 130, 130, 130, 130, 100, 100, 560, 560, 1430, 1430, 90, 90, 3440, 3440, 10, 10, 370, 370, 70, 70, 790, 790, 570, 570, 200, 200, 1170, 1170, 340, 340, 390, 390]"
2020-10-27 07:45:00+00:00,33260,0,30.0,"[2130, 2130, 200, 200, 40, 40, 7860, 7860, 500, 500, 30, 30, 30, 30, 990, 990, 110, 110, 990, 990, 30, 30, 20, 20, 510, 510, 50, 50, 3140, 3140]"
2020-10-27 07:50:00+00:00,20790,0,44.0,"[110, 110, 130, 90, 90, 90, 90, 460, 460, 20, 20, 120, 120, 140, 140, 370, 370, 140, 140, 140, 140, 100, 100, 790, 790, 790, 790, 820, 590, 590, 50, 50, 100, 100, 1450, 1450, 700, 700, 3040, 3040, 150, 150, 480, 480]"
2020-10-27 07:55:00+00:00,67420,0,20.0,"[480, 480, 40, 40, 2760, 2760, 60, 60, 25080, 25080, 2340, 2340, 540, 540, 500, 500, 1800, 1800, 110, 110]"
2020-10-27 08:00:00+00:00,98850,0,28.0,"[10, 10, 250, 250, 50, 50, 1750, 1750, 1040, 1040, 220, 220, 5040, 5040, 150, 150, 38190, 38190, 810, 140, 340, 340, 60, 60, 40, 40, 1810, 1810]"
2020-10-27 08:05:00+00:00,42610,0,23.0,"[730, 730, 1180, 1180, 20, 20, 3750, 3750, 30, 30, 750, 630, 630, 580, 580, 3440, 3440, 3120, 3120, 1070, 1070, 6380, 6380]"
2020-10-27 08:10:00+00:00,80340,0,34.0,"[120, 120, 210, 210, 90, 90, 80, 80, 80, 80, 130, 130, 5130, 5130, 13890, 13890, 18410, 18410, 440, 440, 30, 30, 120, 120, 1110, 1110, 30, 30, 230, 60, 230, 60, 10, 10]"
2020-10-27 08:15:00+00:00,33800,0,19.0,"[1230, 1230, 280, 610, 610, 540, 540, 5180, 5180, 3120, 3120, 3120, 3120, 2760, 2760, 110, 110, 90, 90]"
2020-10-27 08:20:00+00:00,13630,0,9.0,"[1580, 1580, 4650, 4650, 10, 10, 10, 570, 570]"
2020-10-27 08:25:00+00:00,8020,0,14.0,"[1780, 1780, 0, 0, 1220, 1220, 620, 620, 170, 170, 10, 10, 210, 210]"
2020-10-27 08:30:00+00:00,10540,0,12.0,"[680, 680, 910, 910, 2430, 2430, 670, 670, 30, 30, 550, 550]"
2020-10-27 08:35:00+00:00,500,0,10.0,"[50, 50, 40, 40, 40, 40, 10, 10, 110, 110]"
2020-10-27 08:40:00+00:00,1320,0,6.0,"[300, 300, 100, 100, 260, 260]"
2020-10-27 08:45:00+00:00,6950,0,11.0,"[2400, 2400, 560, 560, 20, 20, 790, 50, 50, 50, 50]"
2020-10-27 08:50:00+00:00,10680,0,10.0,"[280, 1140, 100, 100, 4380, 4380, 80, 80, 70, 70]"
2020-10-27 08:55:00+00:00,1730,0,7.0,"[50, 50, 550, 550, 230, 150, 150]"
2020-10-27 09:00:00+00:00,29180,0,12.0,"[580, 580, 2500, 2500, 180, 180, 9930, 9930, 1220, 1220, 180, 180]"
2020-10-27 09:05:00+00:00,1500,0,10.0,"[210, 210, 90, 90, 290, 290, 60, 60, 100, 100]"
2020-10-27 09:10:00+00:00,9340,0,12.0,"[500, 500, 620, 620, 10, 10, 50, 50, 3480, 3480, 10, 10]"
2020-10-27 09:15:00+00:00,4220,0,11.0,"[140, 590, 590, 150, 150, 70, 70, 200, 200, 1030, 1030]"
2020-10-27 09:20:00+00:00,6550,0,10.0,"[200, 200, 50, 50, 30, 30, 660, 660, 4620, 50]"
2020-10-27 09:25:00+00:00,750,0,1.0,[750]
2020-10-27 09:30:00+00:00,19210,0,7.0,"[6150, 6150, 110, 820, 820, 2580, 2580]"
2020-10-27 09:35:00+00:00,50,0,3.0,"[10, 20, 20]"
2020-10-27 09:40:00+00:00,3240,0,20.0,"[350, 350, 150, 150, 20, 20, 290, 290, 230, 230, 350, 350, 0, 0, 220, 220, 0, 0, 10, 10]"
2020-10-27 09:45:00+00:00,1050,0,11.0,"[30, 30, 60, 60, 30, 30, 360, 360, 40, 40, 10]"
2020-10-27 09:50:00+00:00,1680,0,8.0,"[190, 190, 360, 360, 50, 50, 240, 240]"
2020-10-27 09:55:00+00:00,4200,0,6.0,"[20, 20, 70, 70, 2010, 2010]"
2020-10-27 10:00:00+00:00,440,0,5.0,"[120, 10, 10, 150, 150]"
2020-10-27 10:05:00+00:00,21190,0,5.0,"[80, 80, 10510, 10510, 10]"
2020-10-27 10:10:00+00:00,6360,0,12.0,"[450, 450, 1280, 1280, 350, 350, 620, 620, 190, 190, 290, 290]"
2020-10-27 10:15:00+00:00,24440,0,8.0,"[360, 360, 8500, 8500, 590, 590, 2770, 2770]"
2020-10-27 10:20:00+00:00,7350,0,15.0,"[350, 360, 360, 90, 90, 160, 160, 1410, 1410, 1410, 1410, 20, 20, 50, 50]"
2020-10-27 10:25:00+00:00,1700,0,8.0,"[50, 50, 190, 190, 410, 410, 200, 200]"
2020-10-27 10:30:00+00:00,1090,0,3.0,"[540, 540, 10]"
2020-10-27 10:35:00+00:00,2790,0,11.0,"[170, 170, 730, 730, 10, 70, 70, 130, 130, 290, 290]"
2020-10-27 10:40:00+00:00,8900,0,10.0,"[1040, 1040, 190, 190, 20, 20, 3060, 3060, 140, 140]"
2020-10-27 10:45:00+00:00,7080,0,8.0,"[1200, 1200, 380, 380, 1630, 1630, 580, 80]"
2020-10-27 10:50:00+00:00,560,0,6.0,"[20, 20, 120, 120, 140, 140]"
2020-10-27 10:55:00+00:00,5800,0,8.0,"[790, 790, 1210, 1210, 60, 60, 840, 840]"
2020-10-27 11:00:00+00:00,15880,0,7.0,"[840, 5370, 5370, 1240, 1240, 910, 910]"
2020-10-27 11:05:00+00:00,4060,0,14.0,"[60, 60, 690, 690, 0, 0, 960, 960, 260, 260, 50, 50, 10, 10]"
2020-10-27 11:10:00+00:00,34640,0,12.0,"[3630, 3630, 0, 0, 390, 390, 130, 130, 8770, 8770, 4400, 4400]"
2020-10-27 11:15:00+00:00,6340,0,18.0,"[10, 10, 50, 50, 200, 200, 1090, 1090, 160, 160, 1190, 1190, 160, 160, 80, 80, 230, 230]"
2020-10-27 11:20:00+00:00,6280,0,14.0,"[1100, 1100, 60, 60, 80, 80, 930, 930, 620, 620, 330, 330, 20, 20]"
2020-10-27 11:25:00+00:00,11900,0,10.0,"[80, 80, 30, 30, 220, 220, 2810, 2810, 2810, 2810]"
2020-10-27 11:30:00+00:00,720,0,6.0,"[50, 50, 270, 270, 40, 40]"
2020-10-27 11:35:00+00:00,35960,0,11.0,"[0, 0, 16080, 16080, 1040, 1040, 10, 10, 480, 480, 740]"
2020-10-27 11:40:00+00:00,4600,0,6.0,"[30, 30, 2070, 2070, 200, 200]"
2020-10-27 11:45:00+00:00,3330,0,11.0,"[0, 0, 880, 880, 150, 50, 50, 50, 50, 610, 610]"
2020-10-27 11:50:00+00:00,4070,0,23.0,"[240, 240, 190, 1070, 1070, 20, 20, 0, 0, 20, 20, 110, 110, 30, 30, 10, 10, 160, 160, 270, 270, 10, 10]"
2020-10-27 11:55:00+00:00,440,0,6.0,"[40, 40, 50, 50, 130, 130]"
2020-10-27 12:00:00+00:00,3960,0,5.0,"[1370, 1370, 1040, 90, 90]"
2020-10-27 12:05:00+00:00,1730,0,3.0,"[1670, 30, 30]"
2020-10-27 12:10:00+00:00,3120,0,8.0,"[60, 60, 30, 30, 1400, 1400, 70, 70]"
2020-10-27 12:15:00+00:00,7380,0,14.0,"[20, 20, 1450, 1450, 1370, 1370, 20, 20, 200, 200, 50, 50, 580, 580]"
2020-10-27 12:20:00+00:00,11340,0,10.0,"[1170, 1640, 1170, 1640, 1660, 1660, 30, 30, 1170, 1170]"
2020-10-27 12:25:00+00:00,11600,0,10.0,"[2110, 50, 50, 2300, 2300, 2300, 2300, 80, 80, 30]"
2020-10-27 12:30:00+00:00,10980,0,22.0,"[3850, 3850, 800, 800, 220, 220, 30, 30, 30, 30, 20, 20, 0, 480, 480, 0, 40, 40, 20, 20, 0, 0]"
2020-10-27 12:35:00+00:00,800,0,9.0,"[40, 10, 10, 260, 260, 30, 30, 80, 80]"
2020-10-27 12:40:00+00:00,49800,0,7.0,"[1240, 80, 80, 10, 10, 24190, 24190]"
2020-10-27 12:45:00+00:00,30640,0,6.0,"[13400, 13400, 250, 250, 1670, 1670]"
2020-10-27 12:50:00+00:00,990,0,11.0,"[10, 10, 220, 220, 180, 180, 50, 50, 30, 20, 20]"
2020-10-27 12:55:00+00:00,9240,0,7.0,"[2720, 2720, 1740, 1740, 50, 50, 220]"
2020-10-27 13:00:00+00:00,1300,0,9.0,"[600, 170, 170, 20, 20, 160, 160, 0, 0]"
2020-10-27 13:05:00+00:00,710,0,3.0,"[610, 50, 50]"
2020-10-27 13:10:00+00:00,0,0,0.0,[]
2020-10-27 13:15:00+00:00,5400,0,13.0,"[1270, 1270, 120, 20, 20, 20, 20, 730, 730, 100, 100, 500, 500]"
2020-10-27 13:20:00+00:00,7420,0,10.0,"[1180, 1180, 790, 790, 940, 940, 280, 280, 520, 520]"
2020-10-27 13:25:00+00:00,9120,0,5.0,"[1190, 1190, 3240, 3240, 260]"
2020-10-27 13:30:00+00:00,20420,0,13.0,"[120, 120, 1980, 1980, 10020, 1770, 1770, 1140, 40, 40, 1140, 150, 150]"
2020-10-27 13:35:00+00:00,2270,0,12.0,"[100, 50, 50, 50, 50, 50, 50, 150, 470, 470, 390, 390]"
2020-10-27 13:40:00+00:00,23750,0,15.0,"[480, 480, 1720, 1720, 30, 430, 430, 1730, 1730, 480, 480, 6970, 6970, 50, 50]"
2020-10-27 13:45:00+00:00,14040,0,16.0,"[1140, 1140, 1000, 1000, 110, 110, 110, 110, 2210, 2210, 60, 60, 430, 430, 1960, 1960]"
2020-10-27 13:50:00+00:00,660,0,6.0,"[310, 310, 0, 0, 20, 20]"
2020-10-27 13:55:00+00:00,8800,0,13.0,"[920, 20, 20, 410, 410, 230, 690, 2000, 2000, 1000, 1000, 50, 50]"
2020-10-27 14:00:00+00:00,440,0,2.0,"[220, 220]"
2020-10-27 14:05:00+00:00,7720,0,8.0,"[50, 50, 1100, 1100, 160, 160, 2550, 2550]"
2020-10-27 14:10:00+00:00,4750,0,13.0,"[320, 320, 280, 280, 70, 70, 300, 300, 80, 80, 50, 50, 2550]"
2020-10-27 14:15:00+00:00,3990,0,8.0,"[70, 120, 120, 590, 590, 1240, 1240, 20]"
2020-10-27 14:20:00+00:00,4600,0,9.0,"[320, 210, 210, 1170, 1170, 740, 20, 20, 740]"
2020-10-27 14:25:00+00:00,9720,0,15.0,"[40, 40, 80, 80, 1410, 1410, 80, 80, 60, 1340, 1340, 1300, 1300, 580, 580]"
2020-10-27 14:30:00+00:00,2700,0,6.0,"[800, 800, 490, 490, 60, 60]"
2020-10-27 14:35:00+00:00,25980,0,19.0,"[890, 890, 430, 430, 90, 90, 1320, 1320, 60, 460, 460, 1910, 1910, 10, 10, 200, 200, 7650, 7650]"
2020-10-27 14:40:00+00:00,43600,0,13.0,"[310, 310, 30, 30, 1140, 1140, 17260, 17260, 100, 2230, 2230, 780, 780]"
2020-10-27 14:45:00+00:00,119360,0,8.0,"[3120, 3120, 53890, 53890, 2430, 2430, 240, 240]"
2020-10-27 14:50:00+00:00,22440,0,18.0,"[210, 210, 580, 580, 180, 180, 0, 0, 0, 0, 8040, 8040, 580, 580, 1510, 1510, 120, 120]"
2020-10-27 14:55:00+00:00,3560,0,8.0,"[20, 20, 1100, 1100, 0, 0, 660, 660]"
2020-10-27 15:00:00+00:00,53900,0,15.0,"[660, 660, 200, 200, 470, 470, 47100, 240, 240, 200, 200, 1210, 1210, 420, 420]"
2020-10-27 15:05:00+00:00,2870,0,8.0,"[1120, 30, 660, 660, 170, 170, 30, 30]"
2020-10-27 15:10:00+00:00,16380,0,18.0,"[3570, 3570, 1270, 1270, 30, 30, 40, 40, 1040, 1040, 20, 20, 940, 940, 950, 950, 330, 330]"
2020-10-27 15:15:00+00:00,330,0,5.0,"[30, 30, 50, 110, 110]"
2020-10-27 15:20:00+00:00,8190,0,7.0,"[600, 600, 10, 440, 440, 3050, 3050]"
2020-10-27 15:25:00+00:00,9020,0,19.0,"[2470, 2470, 20, 20, 70, 70, 30, 30, 1140, 1140, 80, 280, 280, 30, 30, 340, 340, 90, 90]"
2020-10-27 15:30:00+00:00,1980,0,6.0,"[300, 300, 640, 640, 50, 50]"
2020-10-27 15:35:00+00:00,7880,0,12.0,"[180, 180, 960, 960, 570, 570, 770, 770, 1210, 1210, 250, 250]"
2020-10-27 15:40:00+00:00,5680,0,9.0,"[1300, 280, 280, 820, 820, 290, 290, 800, 800]"
2020-10-27 15:45:00+00:00,20760,0,18.0,"[540, 540, 40, 40, 2520, 160, 2180, 2180, 170, 170, 4320, 4320, 280, 280, 890, 890, 620, 620]"
2020-10-27 15:50:00+00:00,1410,0,7.0,"[230, 220, 220, 90, 90, 280, 280]"
2020-10-27 15:55:00+00:00,1940,0,4.0,"[940, 940, 30, 30]"
2020-10-27 16:00:00+00:00,7370,0,10.0,"[1350, 1350, 400, 690, 360, 360, 890, 890, 540, 540]"
2020-10-27 16:05:00+00:00,5360,0,10.0,"[1160, 1160, 30, 30, 390, 390, 30, 30, 1070, 1070]"
2020-10-27 16:10:00+00:00,2440,0,2.0,"[1220, 1220]"
2020-10-27 16:15:00+00:00,3520,0,8.0,"[490, 490, 150, 150, 620, 620, 500, 500]"
2020-10-27 16:20:00+00:00,2960,0,4.0,"[1320, 1320, 160, 160]"
2020-10-27 16:25:00+00:00,8340,0,10.0,"[70, 70, 3860, 3860, 10, 10, 220, 220, 10, 10]"
2020-10-27 16:30:00+00:00,5560,0,8.0,"[220, 220, 220, 220, 850, 850, 1490, 1490]"
2020-10-27 16:35:00+00:00,1360,0,4.0,"[10, 10, 670, 670]"
2020-10-27 16:40:00+00:00,3700,0,8.0,"[1040, 1040, 480, 480, 40, 40, 290, 290]"
2020-10-27 16:45:00+00:00,6910,0,9.0,"[370, 370, 2190, 2190, 90, 410, 410, 440, 440]"
2020-10-27 16:50:00+00:00,4240,0,10.0,"[300, 300, 20, 20, 220, 220, 1280, 1280, 300, 300]"
2020-10-27 16:55:00+00:00,8630,0,22.0,"[940, 940, 140, 140, 200, 200, 960, 100, 100, 180, 180, 690, 690, 400, 400, 360, 360, 610, 380, 380, 140, 140]"
2020-10-27 17:00:00+00:00,2180,0,8.0,"[140, 140, 340, 340, 280, 280, 330, 330]"
2020-10-27 17:05:00+00:00,6940,0,18.0,"[130, 130, 20, 20, 20, 940, 940, 1110, 1110, 640, 400, 400, 400, 400, 100, 100, 40, 40]"
2020-10-27 17:10:00+00:00,7670,0,11.0,"[530, 530, 1460, 1460, 440, 440, 440, 440, 930, 500, 500]"
2020-10-27 17:15:00+00:00,4100,0,5.0,"[10, 10, 0, 0, 4080]"
2020-10-27 17:20:00+00:00,3950,0,5.0,"[460, 460, 550, 1240, 1240]"
2020-10-27 17:25:00+00:00,740,0,4.0,"[110, 110, 260, 260]"
2020-10-27 17:30:00+00:00,7470,0,13.0,"[570, 570, 1080, 1080, 20, 20, 440, 440, 1320, 1320, 10, 10, 590]"
2020-10-27 17:35:00+00:00,880,0,4.0,"[50, 50, 390, 390]"
2020-10-27 17:40:00+00:00,5220,0,10.0,"[70, 70, 220, 220, 680, 680, 1290, 1290, 350, 350]"
2020-10-27 17:45:00+00:00,2840,0,6.0,"[120, 120, 1030, 1030, 270, 270]"
2020-10-27 17:50:00+00:00,34310,0,13.0,"[3890, 20, 20, 300, 300, 1430, 6620, 6620, 9910, 1820, 1820, 780, 780]"
2020-10-27 17:55:00+00:00,1740,0,8.0,"[0, 0, 410, 410, 100, 100, 360, 360]"
2020-10-27 18:00:00+00:00,720,0,1.0,[720]
2020-10-27 18:05:00+00:00,0,0,0.0,[]
2020-10-27 18:10:00+00:00,80,0,2.0,"[40, 40]"
2020-10-27 18:15:00+00:00,7580,0,9.0,"[720, 720, 530, 530, 530, 530, 2000, 2000, 20]"
2020-10-27 18:20:00+00:00,0,0,0.0,[]
2020-10-27 18:25:00+00:00,94810,0,3.0,"[94770, 20, 20]"
2020-10-27 18:30:00+00:00,2470,0,11.0,"[170, 170, 590, 590, 30, 30, 120, 120, 90, 90, 470]"
2020-10-27 18:35:00+00:00,560,0,3.0,"[400, 80, 80]"
2020-10-27 18:40:00+00:00,3800,0,6.0,"[1760, 1760, 120, 120, 20, 20]"
2020-10-27 18:45:00+00:00,3610,0,2.0,"[360, 3250]"
2020-10-27 18:50:00+00:00,1730,0,5.0,"[370, 370, 0, 0, 990]"
2020-10-27 18:55:00+00:00,0,0,0.0,[]
2020-10-27 19:00:00+00:00,3800,0,6.0,"[620, 620, 2440, 40, 40, 40]"
2020-10-27 19:05:00+00:00,630,0,3.0,"[510, 60, 60]"
2020-10-27 19:10:00+00:00,0,0,0.0,[]
2020-10-27 19:15:00+00:00,1120,0,2.0,"[560, 560]"
2020-10-27 19:20:00+00:00,3630,0,5.0,"[100, 100, 670, 1380, 1380]"
2020-10-27 19:25:00+00:00,82840,0,8.0,"[40610, 40610, 100, 100, 280, 280, 430, 430]"
2020-10-27 19:30:00+00:00,1380,0,6.0,"[270, 270, 400, 400, 20, 20]"
2020-10-27 19:35:00+00:00,44500,0,7.0,"[11340, 11340, 110, 110, 1320, 10140, 10140]"
2020-10-27 19:40:00+00:00,2610,0,3.0,"[490, 1060, 1060]"
2020-10-27 19:45:00+00:00,16270,0,11.0,"[140, 140, 530, 530, 3020, 3020, 2730, 2500, 2500, 580, 580]"
2020-10-27 19:50:00+00:00,1300,0,4.0,"[580, 580, 70, 70]"
2020-10-27 19:55:00+00:00,35140,0,4.0,"[17360, 17360, 210, 210]"
2020-10-27 20:00:00+00:00,0,0,0.0,[]
2020-10-27 20:05:00+00:00,140,0,2.0,"[70, 70]"
2020-10-27 20:10:00+00:00,2460,0,3.0,"[1180, 640, 640]"
2020-10-27 20:15:00+00:00,1164520,1,8.0,"[10, 10, 1163520, 180, 180, 600, 10, 10]"
2020-10-27 20:20:00+00:00,31300,0,44.0,"[610, 10, 10, 650, 310, 40, 40, 1320, 80, 230, 1220, 3830, 380, 510, 40, 40, 1630, 1600, 80, 890, 770, 510, 1630, 540, 300, 140, 3180, 540, 360, 490, 100, 4880, 260, 490, 20, 20, 1460, 340, 260, 490, 190, 60, 70, 680]"
2020-10-27 20:25:00+00:00,30620,0,16.0,"[840, 260, 3030, 600, 320, 370, 110, 410, 290, 370, 60, 21230, 730, 840, 320, 840]"
2020-10-27 20:30:00+00:00,6020,0,9.0,"[550, 270, 60, 370, 390, 840, 140, 280, 3120]"
2020-10-27 20:35:00+00:00,9910,0,13.0,"[80, 390, 130, 450, 400, 650, 260, 6040, 500, 10, 270, 230, 500]"
2020-10-27 20:40:00+00:00,2580,0,9.0,"[120, 300, 250, 780, 30, 720, 150, 70, 160]"
2020-10-27 20:45:00+00:00,9750,0,17.0,"[370, 50, 50, 1040, 10, 380, 10, 130, 510, 320, 320, 320, 320, 4370, 270, 640, 640]"
2020-10-27 20:50:00+00:00,7790,0,18.0,"[120, 350, 940, 940, 390, 20, 20, 20, 290, 290, 1080, 350, 1110, 1110, 280, 280, 100, 100]"
2020-10-27 20:55:00+00:00,5900,0,12.0,"[730, 2560, 20, 20, 10, 10, 10, 10, 1760, 30, 370, 370]"
2020-10-27 21:00:00+00:00,14450,0,9.0,"[400, 1070, 1070, 90, 200, 5350, 5350, 460, 460]"
2020-10-27 21:05:00+00:00,2220,0,8.0,"[480, 480, 480, 20, 410, 0, 70, 280]"
2020-10-27 21:10:00+00:00,5040,0,6.0,"[1290, 20, 500, 540, 540, 2150]"
2020-10-27 21:15:00+00:00,2520,0,2.0,"[2470, 50]"
2020-10-27 21:20:00+00:00,750,0,3.0,"[510, 70, 170]"
2020-10-27 21:25:00+00:00,1470,0,5.0,"[0, 0, 400, 400, 670]"
2020-10-27 21:30:00+00:00,1100,0,6.0,"[240, 240, 30, 30, 280, 280]"
2020-10-27 21:35:00+00:00,2880,0,7.0,"[100, 100, 200, 830, 830, 620, 200]"
2020-10-27 21:40:00+00:00,2500,0,3.0,"[1070, 1070, 360]"
2020-10-27 21:45:00+00:00,1520,0,2.0,"[1010, 510]"
2020-10-27 21:50:00+00:00,1210,0,5.0,"[470, 120, 230, 230, 160]"
2020-10-27 21:55:00+00:00,1220,0,4.0,"[40, 270, 760, 150]"
2020-10-27 22:00:00+00:00,160,0,2.0,"[80, 80]"
2020-10-27 22:05:00+00:00,5260,0,4.0,"[3710, 850, 250, 450]"
2020-10-27 22:10:00+00:00,2700,0,9.0,"[560, 560, 0, 20, 340, 30, 30, 580, 580]"
2020-10-27 22:15:00+00:00,1000,0,3.0,"[180, 180, 640]"
2020-10-27 22:20:00+00:00,4960,0,8.0,"[260, 580, 580, 320, 90, 90, 1520, 1520]"
2020-10-27 22:25:00+00:00,3090,0,3.0,"[1470, 1470, 150]"
2020-10-27 22:30:00+00:00,3180,0,7.0,"[50, 140, 620, 200, 390, 890, 890]"
2020-10-27 22:35:00+00:00,430,0,2.0,"[280, 150]"
2020-10-27 22:40:00+00:00,960,0,3.0,"[80, 440, 440]"
2020-10-27 22:45:00+00:00,1780,0,4.0,"[120, 120, 1520, 20]"
2020-10-27 22:50:00+00:00,6060,0,6.0,"[210, 210, 340, 340, 2480, 2480]"
2020-10-27 22:55:00+00:00,80,0,2.0,"[40, 40]"
2020-10-27 23:00:00+00:00,160,0,1.0,[160]
2020-10-27 23:05:00+00:00,90670,0,9.0,"[390, 390, 90, 41090, 41090, 190, 190, 3620, 3620]"
2020-10-27 23:10:00+00:00,47340,0,8.0,"[180, 11210, 11210, 11210, 11210, 320, 200, 1800]"
2020-10-27 23:15:00+00:00,9760,0,6.0,"[4000, 4000, 880, 880, 0, 0]"
2020-10-27 23:20:00+00:00,940,0,2.0,"[470, 470]"
2020-10-27 23:25:00+00:00,9930,0,5.0,"[4250, 4250, 1150, 140, 140]"
2020-10-27 23:30:00+00:00,8470,0,2.0,"[30, 8440]"
2020-10-27 23:35:00+00:00,200,0,2.0,"[100, 100]"
2020-10-27 23:40:00+00:00,5990,0,11.0,"[720, 720, 390, 390, 1280, 1280, 180, 380, 380, 40, 230]"
2020-10-27 23:45:00+00:00,4490,0,3.0,"[4150, 170, 170]"
2020-10-27 23:50:00+00:00,0,0,0.0,[]
2020-10-27 23:55:00+00:00,0,0,0.0,[]
2020-10-28 00:00:00+00:00,3560,0,2.0,"[1780, 1780]"
2020-10-28 00:05:00+00:00,1320,0,4.0,"[250, 470, 470, 130]"
2020-10-28 00:10:00+00:00,300,0,1.0,[300]
2020-10-28 00:15:00+00:00,0,0,0.0,[]
2020-10-28 00:20:00+00:00,34450,0,3.0,"[1390, 1390, 31670]"
2020-10-28 00:25:00+00:00,2030,0,2.0,"[170, 1860]"
2020-10-28 00:30:00+00:00,640,0,2.0,"[320, 320]"
2020-10-28 00:35:00+00:00,0,0,0.0,[]
2020-10-28 00:40:00+00:00,0,0,0.0,[]
2020-10-28 00:45:00+00:00,10430,0,4.0,"[3330, 20, 3540, 3540]"
2020-10-28 00:50:00+00:00,25820,0,11.0,"[60, 60, 700, 10800, 10800, 1050, 1050, 520, 520, 130, 130]"
2020-10-28 00:55:00+00:00,11980,0,10.0,"[120, 60, 240, 240, 2230, 2230, 2390, 2390, 1040, 1040]"
2020-10-28 01:00:00+00:00,8460,0,10.0,"[450, 450, 1280, 1280, 1280, 1280, 600, 600, 620, 620]"
2020-10-28 01:05:00+00:00,0,0,0.0,[]
2020-10-28 01:10:00+00:00,1700,0,2.0,"[850, 850]"
2020-10-28 01:15:00+00:00,2230,0,6.0,"[70, 660, 660, 420, 210, 210]"
2020-10-28 01:20:00+00:00,0,0,0.0,[]
2020-10-28 01:25:00+00:00,720,0,2.0,"[360, 360]"
2020-10-28 01:30:00+00:00,0,0,0.0,[]
2020-10-28 01:35:00+00:00,1490,0,3.0,"[560, 560, 370]"
2020-10-28 01:40:00+00:00,3300,0,2.0,"[1650, 1650]"
2020-10-28 01:45:00+00:00,4060,0,4.0,"[1710, 1710, 320, 320]"
2020-10-28 01:50:00+00:00,3360,0,2.0,"[1680, 1680]"
2020-10-28 01:55:00+00:00,140,0,2.0,"[70, 70]"
2020-10-28 02:00:00+00:00,2460,0,3.0,"[980, 980, 500]"
2020-10-28 02:05:00+00:00,0,0,0.0,[]
2020-10-28 02:10:00+00:00,4340,0,4.0,"[2040, 2040, 20, 240]"
2020-10-28 02:15:00+00:00,1280,0,4.0,"[320, 320, 320, 320]"
2020-10-28 02:20:00+00:00,150,0,1.0,[150]
2020-10-28 02:25:00+00:00,20,0,2.0,"[10, 10]"
2020-10-28 02:30:00+00:00,20,0,2.0,"[10, 10]"
2020-10-28 02:35:00+00:00,590,0,1.0,[590]
2020-10-28 02:40:00+00:00,5990,0,6.0,"[230, 70, 70, 500, 2560, 2560]"
2020-10-28 02:45:00+00:00,20,0,1.0,[20]
2020-10-28 02:50:00+00:00,2430,0,5.0,"[50, 50, 690, 690, 950]"
2020-10-28 02:55:00+00:00,3260,0,2.0,"[1630, 1630]"
2020-10-28 03:00:00+00:00,400,0,2.0,"[200, 200]"
2020-10-28 03:05:00+00:00,29120,0,7.0,"[1080, 2930, 1050, 1050, 1650, 10680, 10680]"
2020-10-28 03:10:00+00:00,440,0,3.0,"[90, 90, 260]"
2020-10-28 03:15:00+00:00,9310,0,9.0,"[160, 870, 870, 4570, 1080, 640, 470, 470, 180]"
2020-10-28 03:20:00+00:00,20370,0,4.0,"[16740, 2070, 780, 780]"
2020-10-28 03:25:00+00:00,400,0,3.0,"[180, 180, 40]"
2020-10-28 03:30:00+00:00,0,0,0.0,[]
2020-10-28 03:35:00+00:00,0,0,0.0,[]
2020-10-28 03:40:00+00:00,1420,0,1.0,[1420]
2020-10-28 03:45:00+00:00,180,0,1.0,[180]
2020-10-28 03:50:00+00:00,130,0,1.0,[130]
2020-10-28 03:55:00+00:00,3360,0,3.0,"[960, 1200, 1200]"
2020-10-28 04:00:00+00:00,2940,0,5.0,"[60, 440, 440, 1000, 1000]"
2020-10-28 04:05:00+00:00,5820,0,8.0,"[1220, 1220, 1220, 1220, 460, 460, 10, 10]"
2020-10-28 04:10:00+00:00,2400,0,2.0,"[1200, 1200]"
2020-10-28 04:15:00+00:00,120,0,2.0,"[60, 60]"
2020-10-28 04:20:00+00:00,0,0,0.0,[]
2020-10-28 04:25:00+00:00,11610,0,5.0,"[1370, 1370, 10, 4430, 4430]"
2020-10-28 04:30:00+00:00,24070,0,7.0,"[900, 900, 2170, 30, 30, 10020, 10020]"
2020-10-28 04:35:00+00:00,0,0,0.0,[]
2020-10-28 04:40:00+00:00,0,0,0.0,[]
2020-10-28 04:45:00+00:00,0,0,0.0,[]
2020-10-28 04:50:00+00:00,0,0,0.0,[]
2020-10-28 04:55:00+00:00,1760,0,2.0,"[880, 880]"
2020-10-28 05:00:00+00:00,0,0,0.0,[]
2020-10-28 05:05:00+00:00,0,0,0.0,[]
2020-10-28 05:10:00+00:00,100,0,2.0,"[50, 50]"
2020-10-28 05:15:00+00:00,4460,0,2.0,"[2230, 2230]"
2020-10-28 05:20:00+00:00,0,0,0.0,[]
2020-10-28 05:25:00+00:00,37100,0,6.0,"[17500, 17500, 1040, 1040, 10, 10]"
2020-10-28 05:30:00+00:00,2140,0,2.0,"[1070, 1070]"
2020-10-28 05:35:00+00:00,0,0,0.0,[]
2020-10-28 05:40:00+00:00,0,0,0.0,[]
2020-10-28 05:45:00+00:00,700,0,2.0,"[330, 370]"
2020-10-28 05:50:00+00:00,0,0,0.0,[]
2020-10-28 05:55:00+00:00,20,0,1.0,[20]
2020-10-28 06:00:00+00:00,880,0,4.0,"[270, 270, 170, 170]"
2020-10-28 06:05:00+00:00,0,0,0.0,[]
2020-10-28 06:10:00+00:00,270,0,2.0,"[60, 210]"
2020-10-28 06:15:00+00:00,22520,0,3.0,"[740, 740, 21040]"
2020-10-28 06:20:00+00:00,4440,0,1.0,[4440]
2020-10-28 06:25:00+00:00,0,0,0.0,[]
2020-10-28 06:30:00+00:00,0,0,0.0,[]
2020-10-28 06:35:00+00:00,2500,0,2.0,"[1250, 1250]"
2020-10-28 06:40:00+00:00,1760,0,2.0,"[880, 880]"
2020-10-28 06:45:00+00:00,0,0,0.0,[]
2020-10-28 06:50:00+00:00,0,0,0.0,[]
2020-10-28 06:55:00+00:00,260,0,2.0,"[130, 130]"
2020-10-28 07:00:00+00:00,0,0,0.0,[]
2020-10-28 07:05:00+00:00,120,0,1.0,[120]
2020-10-28 07:10:00+00:00,920,0,4.0,"[160, 160, 20, 580]"
2020-10-28 07:15:00+00:00,1720,0,2.0,"[860, 860]"
2020-10-28 07:20:00+00:00,0,0,0.0,[]
2020-10-28 07:25:00+00:00,0,0,0.0,[]
2020-10-28 07:30:00+00:00,250,0,1.0,[250]
2020-10-28 07:35:00+00:00,0,0,0.0,[]
2020-10-28 07:40:00+00:00,30,0,1.0,[30]
2020-10-28 07:45:00+00:00,2160,0,1.0,[2160]
2020-10-28 07:50:00+00:00,0,0,0.0,[]
2020-10-28 07:55:00+00:00,0,0,0.0,[]
2020-10-28 08:00:00+00:00,180,0,2.0,"[90, 90]"
2020-10-28 08:05:00+00:00,0,0,0.0,[]
2020-10-28 08:10:00+00:00,0,0,0.0,[]
2020-10-28 08:15:00+00:00,1740,0,4.0,"[70, 70, 800, 800]"
2020-10-28 08:20:00+00:00,270,0,2.0,"[20, 250]"
2020-10-28 08:25:00+00:00,0,0,0.0,[]
2020-10-28 08:30:00+00:00,20,0,2.0,"[10, 10]"
2020-10-28 08:35:00+00:00,660,0,2.0,"[330, 330]"
2020-10-28 08:40:00+00:00,0,0,0.0,[]
2020-10-28 08:45:00+00:00,3200,0,2.0,"[1600, 1600]"
2020-10-28 08:50:00+00:00,0,0,0.0,[]
2020-10-28 08:55:00+00:00,0,0,0.0,[]
2020-10-28 09:00:00+00:00,2240,0,2.0,"[1120, 1120]"
2020-10-28 09:05:00+00:00,1480,0,2.0,"[740, 740]"
2020-10-28 09:10:00+00:00,0,0,0.0,[]
2020-10-28 09:15:00+00:00,1400,0,2.0,"[700, 700]"
2020-10-28 09:20:00+00:00,0,0,0.0,[]
2020-10-28 09:25:00+00:00,0,0,0.0,[]
2020-10-28 09:30:00+00:00,0,0,0.0,[]
2020-10-28 09:35:00+00:00,0,0,0.0,[]
2020-10-28 09:40:00+00:00,40,0,2.0,"[20, 20]"
2020-10-28 09:45:00+00:00,0,0,2.0,"[0, 0]"
2020-10-28 09:50:00+00:00,0,0,0.0,[]
2020-10-28 09:55:00+00:00,470,0,1.0,[470]
2020-10-28 10:00:00+00:00,1760,0,2.0,"[880, 880]"
2020-10-28 10:05:00+00:00,0,0,0.0,[]
2020-10-28 10:10:00+00:00,0,0,0.0,[]
2020-10-28 10:15:00+00:00,4800,0,4.0,"[530, 530, 1870, 1870]"
2020-10-28 10:20:00+00:00,220,0,2.0,"[110, 110]"
2020-10-28 10:25:00+00:00,310,0,1.0,[310]
2020-10-28 10:30:00+00:00,1780,0,2.0,"[890, 890]"
2020-10-28 10:35:00+00:00,620,0,2.0,"[310, 310]"
2020-10-28 10:40:00+00:00,0,0,0.0,[]
2020-10-28 10:45:00+00:00,0,0,0.0,[]
2020-10-28 10:50:00+00:00,0,0,0.0,[]
2020-10-28 10:55:00+00:00,0,0,0.0,[]
2020-10-28 11:00:00+00:00,280,0,2.0,"[140, 140]"
2020-10-28 11:05:00+00:00,0,0,0.0,[]
2020-10-28 11:10:00+00:00,1020,0,3.0,"[60, 60, 900]"
2020-10-28 11:15:00+00:00,1830,0,3.0,"[500, 500, 830]"
2020-10-28 11:20:00+00:00,1580,0,2.0,"[790, 790]"
2020-10-28 11:25:00+00:00,560,0,2.0,"[280, 280]"
2020-10-28 11:30:00+00:00,240,0,2.0,"[120, 120]"
2020-10-28 11:35:00+00:00,0,0,0.0,[]
2020-10-28 11:40:00+00:00,2420,0,7.0,"[450, 450, 780, 130, 130, 240, 240]"
2020-10-28 11:45:00+00:00,440,0,2.0,"[220, 220]"
2020-10-28 11:50:00+00:00,160,0,2.0,"[80, 80]"
2020-10-28 11:55:00+00:00,0,0,0.0,[]
2020-10-28 12:00:00+00:00,20,0,2.0,"[10, 10]"
2020-10-28 12:05:00+00:00,0,0,0.0,[]
2020-10-28 12:10:00+00:00,0,0,0.0,[]
2020-10-28 12:15:00+00:00,0,0,0.0,[]
2020-10-28 12:20:00+00:00,220,0,4.0,"[20, 20, 90, 90]"
2020-10-28 12:25:00+00:00,440,0,4.0,"[110, 110, 110, 110]"
2020-10-28 12:30:00+00:00,0,0,0.0,[]
2020-10-28 12:35:00+00:00,23360,0,4.0,"[11100, 11100, 580, 580]"
2020-10-28 12:40:00+00:00,0,0,0.0,[]
2020-10-28 12:45:00+00:00,0,0,0.0,[]
2020-10-28 12:50:00+00:00,0,0,0.0,[]
2020-10-28 12:55:00+00:00,5800,0,2.0,"[2900, 2900]"
2020-10-28 13:00:00+00:00,0,0,0.0,[]
2020-10-28 13:05:00+00:00,0,0,0.0,[]
2020-10-28 13:10:00+00:00,0,0,0.0,[]
2020-10-28 13:15:00+00:00,720,0,2.0,"[360, 360]"
2020-10-28 13:20:00+00:00,1680,0,6.0,"[400, 400, 270, 270, 170, 170]"
2020-10-28 13:25:00+00:00,3820,0,2.0,"[1910, 1910]"
2020-10-28 13:30:00+00:00,3820,0,2.0,"[1910, 1910]"
2020-10-28 13:35:00+00:00,4650,0,3.0,"[1550, 1550, 1550]"
2020-10-28 13:40:00+00:00,0,0,0.0,[]
2020-10-28 13:45:00+00:00,0,0,0.0,[]
2020-10-28 13:50:00+00:00,0,0,0.0,[]
2020-10-28 13:55:00+00:00,0,0,0.0,[]
2020-10-28 14:00:00+00:00,8520,0,2.0,"[4260, 4260]"
2020-10-28 14:05:00+00:00,0,0,0.0,[]
2020-10-28 14:10:00+00:00,0,0,0.0,[]
2020-10-28 14:15:00+00:00,0,0,0.0,[]
2020-10-28 14:20:00+00:00,0,0,2.0,"[0, 0]"
2020-10-28 14:25:00+00:00,1260,0,4.0,"[30, 30, 600, 600]"
2020-10-28 14:30:00+00:00,0,0,0.0,[]
2020-10-28 14:35:00+00:00,1400,0,5.0,"[300, 300, 300, 300, 200]"
2020-10-28 14:40:00+00:00,4170,0,3.0,"[1570, 1570, 1030]"
2020-10-28 14:45:00+00:00,860,0,2.0,"[430, 430]"
2020-10-28 14:50:00+00:00,0,0,0.0,[]
2020-10-28 14:55:00+00:00,40,0,4.0,"[10, 10, 10, 10]"
2020-10-28 15:00:00+00:00,6510,0,5.0,"[2960, 2960, 550, 20, 20]"
2020-10-28 15:05:00+00:00,1000,0,2.0,"[500, 500]"
2020-10-28 15:10:00+00:00,0,0,0.0,[]
2020-10-28 15:15:00+00:00,500,0,1.0,[500]
2020-10-28 15:20:00+00:00,0,0,0.0,[]
2020-10-28 15:25:00+00:00,0,0,0.0,[]
2020-10-28 15:30:00+00:00,840,0,4.0,"[20, 20, 400, 400]"
2020-10-28 15:35:00+00:00,3400,0,8.0,"[590, 590, 40, 40, 20, 20, 1050, 1050]"
2020-10-28 15:40:00+00:00,120,0,2.0,"[60, 60]"
2020-10-28 15:45:00+00:00,0,0,0.0,[]
2020-10-28 15:50:00+00:00,0,0,0.0,[]
2020-10-28 15:55:00+00:00,0,0,0.0,[]
2020-10-28 16:00:00+00:00,3050,0,5.0,"[170, 510, 510, 930, 930]"
2020-10-28 16:05:00+00:00,0,0,0.0,[]
2020-10-28 16:10:00+00:00,240,0,2.0,"[120, 120]"
2020-10-28 16:15:00+00:00,0,0,0.0,[]
2020-10-28 16:20:00+00:00,0,0,0.0,[]
2020-10-28 16:25:00+00:00,0,0,0.0,[]
2020-10-28 16:30:00+00:00,0,0,0.0,[]
2020-10-28 16:35:00+00:00,0,0,0.0,[]
2020-10-28 16:40:00+00:00,0,0,0.0,[]
2020-10-28 16:45:00+00:00,360,0,2.0,"[180, 180]"
2020-10-28 16:50:00+00:00,2890,0,1.0,[2890]
2020-10-28 16:55:00+00:00,1860,0,2.0,"[930, 930]"
2020-10-28 17:00:00+00:00,0,0,0.0,[]
2020-10-28 17:05:00+00:00,0,0,0.0,[]
2020-10-28 17:10:00+00:00,1920,0,2.0,"[960, 960]"
2020-10-28 17:15:00+00:00,3240,0,4.0,"[950, 950, 670, 670]"
2020-10-28 17:20:00+00:00,0,0,0.0,[]
2020-10-28 17:25:00+00:00,1540,0,4.0,"[560, 560, 210, 210]"
2020-10-28 17:30:00+00:00,6350,0,3.0,"[2420, 2420, 1510]"
2020-10-28 17:35:00+00:00,300,0,2.0,"[150, 150]"
2020-10-28 17:40:00+00:00,160,0,2.0,"[80, 80]"
2020-10-28 17:45:00+00:00,1430,0,1.0,[1430]
2020-10-28 17:50:00+00:00,15160,0,6.0,"[6900, 6900, 580, 580, 100, 100]"
2020-10-28 17:55:00+00:00,0,0,0.0,[]
2020-10-28 18:00:00+00:00,160,0,4.0,"[40, 40, 40, 40]"
2020-10-28 18:05:00+00:00,0,0,0.0,[]
2020-10-28 18:10:00+00:00,0,0,0.0,[]
2020-10-28 18:15:00+00:00,40,0,2.0,"[20, 20]"
2020-10-28 18:20:00+00:00,180,0,2.0,"[90, 90]"
2020-10-28 18:25:00+00:00,7560,0,4.0,"[1890, 1890, 1890, 1890]"
2020-10-28 18:30:00+00:00,1140,0,4.0,"[120, 120, 450, 450]"
2020-10-28 18:35:00+00:00,1540,0,2.0,"[770, 770]"
2020-10-28 18:40:00+00:00,16140,0,4.0,"[8030, 8030, 40, 40]"
2020-10-28 18:45:00+00:00,0,0,0.0,[]
2020-10-28 18:50:00+00:00,140,0,1.0,[140]
2020-10-28 18:55:00+00:00,30,0,1.0,[30]
2020-10-28 19:00:00+00:00,20,0,2.0,"[10, 10]"
2020-10-28 19:05:00+00:00,0,0,0.0,[]
2020-10-28 19:10:00+00:00,960,0,2.0,"[480, 480]"
2020-10-28 19:15:00+00:00,1120,0,2.0,"[560, 560]"
2020-10-28 19:20:00+00:00,0,0,0.0,[]
2020-10-28 19:25:00+00:00,0,0,0.0,[]
2020-10-28 19:30:00+00:00,0,0,0.0,[]
2020-10-28 19:35:00+00:00,20,0,2.0,"[10, 10]"
2020-10-28 19:40:00+00:00,0,0,0.0,[]
2020-10-28 19:45:00+00:00,140,0,1.0,[140]
2020-10-28 19:50:00+00:00,0,0,0.0,[]
2020-10-28 19:55:00+00:00,0,0,0.0,[]
2020-10-28 20:00:00+00:00,0,0,0.0,[]
2020-10-28 20:05:00+00:00,0,0,0.0,[]
2020-10-28 20:10:00+00:00,20,0,2.0,"[10, 10]"
2020-10-28 20:15:00+00:00,390,0,1.0,[390]
2020-10-28 20:20:00+00:00,0,0,0.0,[]
2020-10-28 20:25:00+00:00,0,0,2.0,"[0, 0]"
2020-10-28 20:30:00+00:00,1590,0,1.0,[1590]
2020-10-28 20:35:00+00:00,40,0,2.0,"[20, 20]"
2020-10-28 20:40:00+00:00,100,0,2.0,"[50, 50]"
2020-10-28 20:45:00+00:00,0,0,0.0,[]
2020-10-28 20:50:00+00:00,320,0,2.0,"[160, 160]"
2020-10-28 20:55:00+00:00,2680,0,2.0,"[1340, 1340]"
2020-10-28 21:00:00+00:00,0,0,0.0,[]
2020-10-28 21:05:00+00:00,0,0,0.0,[]
2020-10-28 21:10:00+00:00,2540,0,4.0,"[1260, 1260, 10, 10]"
2020-10-28 21:15:00+00:00,0,0,0.0,[]
2020-10-28 21:20:00+00:00,0,0,0.0,[]
2020-10-28 21:25:00+00:00,20,0,2.0,"[10, 10]"
2020-10-28 21:30:00+00:00,0,0,0.0,[]
2020-10-28 21:35:00+00:00,0,0,0.0,[]
2020-10-28 21:40:00+00:00,0,0,0.0,[]
2020-10-28 21:45:00+00:00,160,0,2.0,"[80, 80]"
2020-10-28 21:50:00+00:00,80,0,1.0,[80]
2020-10-28 21:55:00+00:00,0,0,0.0,[]
2020-10-28 22:00:00+00:00,0,0,0.0,[]
2020-10-28 22:05:00+00:00,0,0,0.0,[]
2020-10-28 22:10:00+00:00,520,0,2.0,"[260, 260]"
2020-10-28 22:15:00+00:00,0,0,0.0,[]
2020-10-28 22:20:00+00:00,0,0,0.0,[]
2020-10-28 22:25:00+00:00,0,0,0.0,[]
2020-10-28 22:30:00+00:00,0,0,0.0,[]
2020-10-28 22:35:00+00:00,0,0,0.0,[]
2020-10-28 22:40:00+00:00,0,0,0.0,[]
2020-10-28 22:45:00+00:00,0,0,0.0,[]
2020-10-28 22:50:00+00:00,0,0,0.0,[]
2020-10-28 22:55:00+00:00,0,0,0.0,[]
2020-10-28 23:00:00+00:00,0,0,0.0,[]
2020-10-28 23:05:00+00:00,60,0,2.0,"[30, 30]"
2020-10-28 23:10:00+00:00,0,0,0.0,[]
2020-10-28 23:15:00+00:00,3780,0,2.0,"[1890, 1890]"
2020-10-28 23:20:00+00:00,0,0,0.0,[]
2020-10-28 23:25:00+00:00,0,0,0.0,[]
2020-10-28 23:30:00+00:00,580,0,2.0,"[290, 290]"
2020-10-28 23:35:00+00:00,0,0,0.0,[]
2020-10-28 23:40:00+00:00,1740,0,2.0,"[870, 870]"
2020-10-28 23:45:00+00:00,0,0,0.0,[]
2020-10-28 23:50:00+00:00,0,0,0.0,[]
2020-10-28 23:55:00+00:00,520,0,2.0,"[260, 260]"
2020-10-29 00:00:00+00:00,0,0,0.0,[]
2020-10-29 00:05:00+00:00,0,0,0.0,[]
2020-10-29 00:10:00+00:00,0,0,0.0,[]
2020-10-29 00:15:00+00:00,0,0,0.0,[]
2020-10-29 00:20:00+00:00,0,0,0.0,[]
2020-10-29 00:25:00+00:00,820,0,1.0,[820]
2020-10-29 00:30:00+00:00,800,0,1.0,[800]
2020-10-29 00:35:00+00:00,280,0,1.0,[280]
2020-10-29 00:40:00+00:00,0,0,0.0,[]
2020-10-29 00:45:00+00:00,0,0,0.0,[]
2020-10-29 00:50:00+00:00,0,0,0.0,[]
2020-10-29 00:55:00+00:00,0,0,0.0,[]
2020-10-29 01:00:00+00:00,0,0,0.0,[]
2020-10-29 01:05:00+00:00,0,0,0.0,[]
2020-10-29 01:10:00+00:00,0,0,0.0,[]
2020-10-29 01:15:00+00:00,0,0,0.0,[]
2020-10-29 01:20:00+00:00,0,0,0.0,[]
2020-10-29 01:25:00+00:00,0,0,0.0,[]
2020-10-29 01:30:00+00:00,0,0,0.0,[]
2020-10-29 01:35:00+00:00,0,0,0.0,[]
2020-10-29 01:40:00+00:00,0,0,0.0,[]
2020-10-29 01:45:00+00:00,0,0,0.0,[]
2020-10-29 01:50:00+00:00,470,0,1.0,[470]
2020-10-29 01:55:00+00:00,7380,0,1.0,[7380]
2020-10-29 02:00:00+00:00,250,0,1.0,[250]
2020-10-29 02:05:00+00:00,110,0,1.0,[110]
2020-10-29 02:10:00+00:00,2100,0,1.0,[2100]
2020-10-29 02:15:00+00:00,0,0,0.0,[]
2020-10-29 02:20:00+00:00,140,0,1.0,[140]
2020-10-29 02:25:00+00:00,890,0,1.0,[890]
2020-10-29 02:30:00+00:00,0,0,0.0,[]
2020-10-29 02:35:00+00:00,3230,0,1.0,[3230]
2020-10-29 02:40:00+00:00,0,0,0.0,[]
2020-10-29 02:45:00+00:00,0,0,0.0,[]
2020-10-29 02:50:00+00:00,0,0,0.0,[]
2020-10-29 02:55:00+00:00,10,0,1.0,[10]
2020-10-29 03:00:00+00:00,0,0,0.0,[]
2020-10-29 03:05:00+00:00,0,0,0.0,[]
2020-10-29 03:10:00+00:00,0,0,0.0,[]
2020-10-29 03:15:00+00:00,0,0,0.0,[]
2020-10-29 03:20:00+00:00,0,0,0.0,[]
2020-10-29 03:25:00+00:00,0,0,0.0,[]
2020-10-29 03:30:00+00:00,0,0,0.0,[]
2020-10-29 03:35:00+00:00,0,0,0.0,[]
2020-10-29 03:40:00+00:00,0,0,0.0,[]
2020-10-29 03:45:00+00:00,0,0,0.0,[]
2020-10-29 03:50:00+00:00,120,0,1.0,[120]
2020-10-29 03:55:00+00:00,0,0,0.0,[]
2020-10-29 04:00:00+00:00,260,0,1.0,[260]
2020-10-29 04:05:00+00:00,0,0,0.0,[]
2020-10-29 04:10:00+00:00,10,0,1.0,[10]
2020-10-29 04:15:00+00:00,390,0,2.0,"[130, 260]"
2020-10-29 04:20:00+00:00,60,0,1.0,[60]
2020-10-29 04:25:00+00:00,0,0,0.0,[]
2020-10-29 04:30:00+00:00,0,0,0.0,[]
2020-10-29 04:35:00+00:00,0,0,0.0,[]
2020-10-29 04:40:00+00:00,0,0,0.0,[]
2020-10-29 04:45:00+00:00,0,0,0.0,[]
2020-10-29 04:50:00+00:00,0,0,0.0,[]
2020-10-29 04:55:00+00:00,230,0,1.0,[230]
2020-10-29 05:00:00+00:00,0,0,0.0,[]
2020-10-29 05:05:00+00:00,80,0,1.0,[80]
2020-10-29 05:10:00+00:00,0,0,0.0,[]
2020-10-29 05:15:00+00:00,0,0,0.0,[]
2020-10-29 05:20:00+00:00,0,0,0.0,[]
2020-10-29 05:25:00+00:00,0,0,0.0,[]
2020-10-29 05:30:00+00:00,0,0,0.0,[]
2020-10-29 05:35:00+00:00,0,0,0.0,[]
2020-10-29 05:40:00+00:00,0,0,0.0,[]
2020-10-29 05:45:00+00:00,0,0,0.0,[]
2020-10-29 05:50:00+00:00,0,0,0.0,[]
2020-10-29 05:55:00+00:00,0,0,0.0,[]
2020-10-29 06:00:00+00:00,0,0,0.0,[]
2020-10-29 06:05:00+00:00,0,0,0.0,[]
2020-10-29 06:10:00+00:00,0,0,0.0,[]
2020-10-29 06:15:00+00:00,0,0,0.0,[]
2020-10-29 06:20:00+00:00,0,0,0.0,[]
2020-10-29 06:25:00+00:00,0,0,0.0,[]
2020-10-29 06:30:00+00:00,0,0,0.0,[]
2020-10-29 06:35:00+00:00,0,0,0.0,[]
2020-10-29 06:40:00+00:00,0,0,0.0,[]
2020-10-29 06:45:00+00:00,0,0,0.0,[]
2020-10-29 06:50:00+00:00,0,0,0.0,[]
2020-10-29 06:55:00+00:00,30,0,1.0,[30]
2020-10-29 07:00:00+00:00,0,0,0.0,[]
2020-10-29 07:05:00+00:00,0,0,0.0,[]
2020-10-29 07:10:00+00:00,0,0,0.0,[]
2020-10-29 07:15:00+00:00,0,0,0.0,[]
2020-10-29 07:20:00+00:00,0,0,0.0,[]
2020-10-29 07:25:00+00:00,0,0,0.0,[]
2020-10-29 07:30:00+00:00,30,0,1.0,[30]
2020-10-29 07:35:00+00:00,110,0,1.0,[110]
2020-10-29 07:40:00+00:00,0,0,0.0,[]
2020-10-29 07:45:00+00:00,0,0,0.0,[]
2020-10-29 07:50:00+00:00,0,0,0.0,[]
2020-10-29 07:55:00+00:00,0,0,0.0,[]
2020-10-29 08:00:00+00:00,0,0,0.0,[]
2020-10-29 08:05:00+00:00,0,0,0.0,[]
2020-10-29 08:10:00+00:00,0,0,0.0,[]
2020-10-29 08:15:00+00:00,0,0,0.0,[]
2020-10-29 08:20:00+00:00,200,0,1.0,[200]
2020-10-29 08:25:00+00:00,0,0,0.0,[]
2020-10-29 08:30:00+00:00,0,0,0.0,[]
2020-10-29 08:35:00+00:00,0,0,0.0,[]
2020-10-29 08:40:00+00:00,0,0,0.0,[]
2020-10-29 08:45:00+00:00,0,0,0.0,[]
2020-10-29 08:50:00+00:00,10,0,1.0,[10]
2020-10-29 08:55:00+00:00,0,0,0.0,[]
2020-10-29 09:00:00+00:00,0,0,0.0,[]
2020-10-29 09:05:00+00:00,0,0,0.0,[]
2020-10-29 09:10:00+00:00,0,0,0.0,[]
2020-10-29 09:15:00+00:00,0,0,0.0,[]
2020-10-29 09:20:00+00:00,0,0,0.0,[]
2020-10-29 09:25:00+00:00,0,0,0.0,[]
2020-10-29 09:30:00+00:00,0,0,0.0,[]
2020-10-29 09:35:00+00:00,0,0,0.0,[]
2020-10-29 09:40:00+00:00,0,0,0.0,[]
2020-10-29 09:45:00+00:00,0,0,0.0,[]
2020-10-29 09:50:00+00:00,0,0,0.0,[]
2020-10-29 09:55:00+00:00,0,0,0.0,[]
2020-10-29 10:00:00+00:00,0,0,0.0,[]
2020-10-29 10:05:00+00:00,0,0,0.0,[]
2020-10-29 10:10:00+00:00,0,0,0.0,[]
2020-10-29 10:15:00+00:00,0,0,0.0,[]
2020-10-29 10:20:00+00:00,0,0,0.0,[]
2020-10-29 10:25:00+00:00,0,0,1.0,[0]
2020-10-29 10:30:00+00:00,0,0,0.0,[]
2020-10-29 10:35:00+00:00,0,0,0.0,[]
2020-10-29 10:40:00+00:00,0,0,0.0,[]
2020-10-29 10:45:00+00:00,0,0,0.0,[]
2020-10-29 10:50:00+00:00,0,0,0.0,[]
2020-10-29 10:55:00+00:00,0,0,0.0,[]
2020-10-29 11:00:00+00:00,0,0,0.0,[]
2020-10-29 11:05:00+00:00,0,0,0.0,[]
2020-10-29 11:10:00+00:00,0,0,0.0,[]
2020-10-29 11:15:00+00:00,0,0,0.0,[]
2020-10-29 11:20:00+00:00,0,0,0.0,[]
2020-10-29 11:25:00+00:00,0,0,0.0,[]
2020-10-29 11:30:00+00:00,0,0,0.0,[]
2020-10-29 11:35:00+00:00,0,0,0.0,[]
2020-10-29 11:40:00+00:00,0,0,0.0,[]
2020-10-29 11:45:00+00:00,50,0,1.0,[50]
2020-10-29 11:50:00+00:00,0,0,0.0,[]
2020-10-29 11:55:00+00:00,0,0,0.0,[]
2020-10-29 12:00:00+00:00,0,0,0.0,[]
2020-10-29 12:05:00+00:00,30,0,1.0,[30]
2020-10-29 12:10:00+00:00,0,0,0.0,[]
2020-10-29 12:15:00+00:00,0,0,0.0,[]
2020-10-29 12:20:00+00:00,0,0,0.0,[]
2020-10-29 12:25:00+00:00,0,0,0.0,[]
2020-10-29 12:30:00+00:00,0,0,0.0,[]
2020-10-29 12:35:00+00:00,0,0,0.0,[]
2020-10-29 12:40:00+00:00,0,0,0.0,[]
2020-10-29 12:45:00+00:00,40,0,1.0,[40]
2020-10-29 12:50:00+00:00,150,0,1.0,[150]
2020-10-29 12:55:00+00:00,0,0,0.0,[]
2020-10-29 13:00:00+00:00,0,0,0.0,[]
2020-10-29 13:05:00+00:00,0,0,0.0,[]
2020-10-29 13:10:00+00:00,40,0,1.0,[40]
2020-10-29 13:15:00+00:00,0,0,0.0,[]
2020-10-29 13:20:00+00:00,0,0,0.0,[]
2020-10-29 13:25:00+00:00,0,0,1.0,[0]
2020-10-29 13:30:00+00:00,0,0,0.0,[]
2020-10-29 13:35:00+00:00,0,0,0.0,[]
2020-10-29 13:40:00+00:00,0,0,0.0,[]
2020-10-29 13:45:00+00:00,0,0,0.0,[]
2020-10-29 13:50:00+00:00,0,0,0.0,[]
2020-10-29 13:55:00+00:00,50,0,1.0,[50]
2020-10-29 14:00:00+00:00,0,0,0.0,[]
2020-10-29 14:05:00+00:00,0,0,0.0,[]
2020-10-29 14:10:00+00:00,0,0,0.0,[]
2020-10-29 14:15:00+00:00,0,0,1.0,[0]
2020-10-29 14:20:00+00:00,0,0,0.0,[]
2020-10-29 14:25:00+00:00,50,0,1.0,[50]
2020-10-29 14:30:00+00:00,0,0,0.0,[]
2020-10-29 14:35:00+00:00,0,0,0.0,[]
2020-10-29 14:40:00+00:00,0,0,0.0,[]
2020-10-29 14:45:00+00:00,30,0,1.0,[30]
2020-10-29 14:50:00+00:00,13300,0,1.0,[13300]
2020-10-29 14:55:00+00:00,1840,0,2.0,"[70, 1770]"
2020-10-29 15:00:00+00:00,460,0,2.0,"[80, 380]"
2020-10-29 15:05:00+00:00,0,0,0.0,[]
2020-10-29 15:10:00+00:00,0,0,0.0,[]
2020-10-29 15:15:00+00:00,0,0,0.0,[]
2020-10-29 15:20:00+00:00,1300,0,2.0,"[650, 650]"
2020-10-29 15:25:00+00:00,5940,0,2.0,"[2970, 2970]"
2020-10-29 15:30:00+00:00,0,0,0.0,[]
2020-10-29 15:35:00+00:00,410,0,2.0,"[230, 180]"
2020-10-29 15:40:00+00:00,20,0,1.0,[20]
2020-10-29 15:45:00+00:00,0,0,1.0,[0]
2020-10-29 15:50:00+00:00,0,0,0.0,[]
2020-10-29 15:55:00+00:00,300,0,1.0,[300]
2020-10-29 16:00:00+00:00,0,0,0.0,[]
2020-10-29 16:05:00+00:00,70,0,1.0,[70]
2020-10-29 16:10:00+00:00,0,0,0.0,[]
2020-10-29 16:15:00+00:00,0,0,0.0,[]
2020-10-29 16:20:00+00:00,0,0,0.0,[]
2020-10-29 16:25:00+00:00,0,0,0.0,[]
2020-10-29 16:30:00+00:00,320,0,1.0,[320]
2020-10-29 16:35:00+00:00,40,0,1.0,[40]
2020-10-29 16:40:00+00:00,0,0,0.0,[]
2020-10-29 16:45:00+00:00,0,0,0.0,[]
2020-10-29 16:50:00+00:00,0,0,0.0,[]
2020-10-29 16:55:00+00:00,0,0,0.0,[]
2020-10-29 17:00:00+00:00,0,0,0.0,[]
2020-10-29 17:05:00+00:00,0,0,0.0,[]
2020-10-29 17:10:00+00:00,0,0,0.0,[]
2020-10-29 17:15:00+00:00,0,0,0.0,[]
2020-10-29 17:20:00+00:00,1750,0,1.0,[1750]
2020-10-29 17:25:00+00:00,110,0,1.0,[110]
2020-10-29 17:30:00+00:00,0,0,0.0,[]
2020-10-29 17:35:00+00:00,0,0,0.0,[]
2020-10-29 17:40:00+00:00,0,0,0.0,[]
2020-10-29 17:45:00+00:00,0,0,0.0,[]
2020-10-29 17:50:00+00:00,0,0,0.0,[]
2020-10-29 17:55:00+00:00,0,0,0.0,[]
2020-10-29 18:00:00+00:00,0,0,0.0,[]
2020-10-29 18:05:00+00:00,0,0,0.0,[]
2020-10-29 18:10:00+00:00,0,0,0.0,[]
2020-10-29 18:15:00+00:00,0,0,0.0,[]
2020-10-29 18:20:00+00:00,0,0,0.0,[]
2020-10-29 18:25:00+00:00,0,0,0.0,[]
2020-10-29 18:30:00+00:00,0,0,0.0,[]
2020-10-29 18:35:00+00:00,0,0,0.0,[]
2020-10-29 18:40:00+00:00,0,0,0.0,[]
2020-10-29 18:45:00+00:00,0,0,0.0,[]
2020-10-29 18:50:00+00:00,0,0,0.0,[]
2020-10-29 18:55:00+00:00,3520,0,1.0,[3520]
2020-10-29 19:00:00+00:00,290,0,1.0,[290]
2020-10-29 19:05:00+00:00,0,0,0.0,[]
2020-10-29 19:10:00+00:00,190,0,1.0,[190]
2020-10-29 19:15:00+00:00,0,0,0.0,[]
2020-10-29 19:20:00+00:00,0,0,0.0,[]
2020-10-29 19:25:00+00:00,110,0,1.0,[110]
2020-10-29 19:30:00+00:00,6940,0,1.0,[6940]
2020-10-29 19:35:00+00:00,0,0,0.0,[]
2020-10-29 19:40:00+00:00,0,0,0.0,[]
2020-10-29 19:45:00+00:00,0,0,0.0,[]
2020-10-29 19:50:00+00:00,0,0,0.0,[]
2020-10-29 19:55:00+00:00,0,0,0.0,[]
2020-10-29 20:00:00+00:00,40,0,1.0,[40]
2020-10-29 20:05:00+00:00,0,0,0.0,[]
2020-10-29 20:10:00+00:00,0,0,0.0,[]
2020-10-29 20:15:00+00:00,0,0,0.0,[]
2020-10-29 20:20:00+00:00,0,0,0.0,[]
2020-10-29 20:25:00+00:00,0,0,0.0,[]
2020-10-29 20:30:00+00:00,2150,0,1.0,[2150]
2020-10-29 20:35:00+00:00,2150,0,2.0,"[2150, 0]"
2020-10-29 20:40:00+00:00,1850,0,1.0,[1850]
2020-10-29 20:45:00+00:00,0,0,0.0,[]
2020-10-29 20:50:00+00:00,0,0,0.0,[]
2020-10-29 20:55:00+00:00,0,0,0.0,[]
2020-10-29 21:00:00+00:00,640,0,1.0,[640]
2020-10-29 21:05:00+00:00,0,0,0.0,[]
2020-10-29 21:10:00+00:00,0,0,0.0,[]
2020-10-29 21:15:00+00:00,0,0,0.0,[]
2020-10-29 21:20:00+00:00,0,0,0.0,[]
2020-10-29 21:25:00+00:00,0,0,0.0,[]
2020-10-29 21:30:00+00:00,640,0,2.0,"[320, 320]"
2020-10-29 21:35:00+00:00,0,0,0.0,[]
2020-10-29 21:40:00+00:00,0,0,0.0,[]
2020-10-29 21:45:00+00:00,0,0,0.0,[]
2020-10-29 21:50:00+00:00,1270,0,1.0,[1270]
2020-10-29 21:55:00+00:00,0,0,0.0,[]
2020-10-29 22:00:00+00:00,0,0,0.0,[]
2020-10-29 22:05:00+00:00,160,0,1.0,[160]
2020-10-29 22:10:00+00:00,0,0,0.0,[]
2020-10-29 22:15:00+00:00,30,0,1.0,[30]
2020-10-29 22:20:00+00:00,0,0,0.0,[]
2020-10-29 22:25:00+00:00,0,0,0.0,[]
2020-10-29 22:30:00+00:00,0,0,0.0,[]
2020-10-29 22:35:00+00:00,0,0,0.0,[]
2020-10-29 22:40:00+00:00,0,0,0.0,[]
2020-10-29 22:45:00+00:00,390,0,1.0,[390]
2020-10-29 22:50:00+00:00,0,0,0.0,[]
2020-10-29 22:55:00+00:00,0,0,0.0,[]
2020-10-29 23:00:00+00:00,320,0,1.0,[320]
2020-10-29 23:05:00+00:00,0,0,0.0,[]
2020-10-29 23:10:00+00:00,0,0,0.0,[]
2020-10-29 23:15:00+00:00,6230,0,1.0,[6230]
2020-10-29 23:20:00+00:00,0,0,0.0,[]
2020-10-29 23:25:00+00:00,0,0,0.0,[]
2020-10-29 23:30:00+00:00,0,0,0.0,[]
2020-10-29 23:35:00+00:00,340,0,1.0,[340]
2020-10-29 23:40:00+00:00,0,0,0.0,[]
2020-10-29 23:45:00+00:00,0,0,0.0,[]
2020-10-29 23:50:00+00:00,0,0,0.0,[]
2020-10-29 23:55:00+00:00,0,0,0.0,[]
2020-10-30 00:00:00+00:00,0,0,0.0,[]
2020-10-30 00:05:00+00:00,0,0,0.0,[]
2020-10-30 00:10:00+00:00,520,0,1.0,[520]
2020-10-30 00:15:00+00:00,0,0,0.0,[]
2020-10-30 00:20:00+00:00,0,0,0.0,[]
2020-10-30 00:25:00+00:00,0,0,0.0,[]
2020-10-30 00:30:00+00:00,10,0,1.0,[10]
2020-10-30 00:35:00+00:00,0,0,0.0,[]
2020-10-30 00:40:00+00:00,0,0,0.0,[]
2020-10-30 00:45:00+00:00,0,0,0.0,[]
2020-10-30 00:50:00+00:00,0,0,0.0,[]
2020-10-30 00:55:00+00:00,0,0,0.0,[]
2020-10-30 01:00:00+00:00,0,0,0.0,[]
2020-10-30 01:05:00+00:00,0,0,0.0,[]
2020-10-30 01:10:00+00:00,0,0,0.0,[]
2020-10-30 01:15:00+00:00,0,0,0.0,[]
2020-10-30 01:20:00+00:00,0,0,0.0,[]
2020-10-30 01:25:00+00:00,0,0,0.0,[]
2020-10-30 01:30:00+00:00,290,0,1.0,[290]
2020-10-30 01:35:00+00:00,210,0,1.0,[210]
2020-10-30 01:40:00+00:00,0,0,0.0,[]
2020-10-30 01:45:00+00:00,930,0,1.0,[930]
2020-10-30 01:50:00+00:00,0,0,0.0,[]
2020-10-30 01:55:00+00:00,0,0,1.0,[0]
2020-10-30 02:00:00+00:00,0,0,0.0,[]
2020-10-30 02:05:00+00:00,0,0,0.0,[]
2020-10-30 02:10:00+00:00,0,0,0.0,[]
2020-10-30 02:15:00+00:00,0,0,0.0,[]
2020-10-30 02:20:00+00:00,0,0,0.0,[]
2020-10-30 02:25:00+00:00,0,0,0.0,[]
2020-10-30 02:30:00+00:00,0,0,0.0,[]
2020-10-30 02:35:00+00:00,0,0,0.0,[]
2020-10-30 02:40:00+00:00,0,0,0.0,[]
2020-10-30 02:45:00+00:00,10,0,1.0,[10]
2020-10-30 02:50:00+00:00,0,0,0.0,[]
2020-10-30 02:55:00+00:00,0,0,0.0,[]
2020-10-30 03:00:00+00:00,0,0,0.0,[]
2020-10-30 03:05:00+00:00,0,0,0.0,[]
2020-10-30 03:10:00+00:00,0,0,0.0,[]
2020-10-30 03:15:00+00:00,0,0,0.0,[]
2020-10-30 03:20:00+00:00,0,0,0.0,[]
2020-10-30 03:25:00+00:00,0,0,0.0,[]
2020-10-30 03:30:00+00:00,0,0,0.0,[]
2020-10-30 03:35:00+00:00,0,0,0.0,[]
2020-10-30 03:40:00+00:00,0,0,0.0,[]
2020-10-30 03:45:00+00:00,550,0,1.0,[550]
2020-10-30 03:50:00+00:00,0,0,0.0,[]
2020-10-30 03:55:00+00:00,0,0,0.0,[]
2020-10-30 04:00:00+00:00,0,0,0.0,[]
2020-10-30 04:05:00+00:00,1140,0,1.0,[1140]
2020-10-30 04:10:00+00:00,0,0,0.0,[]
2020-10-30 04:15:00+00:00,0,0,0.0,[]
2020-10-30 04:20:00+00:00,0,0,0.0,[]
2020-10-30 04:25:00+00:00,0,0,0.0,[]
2020-10-30 04:30:00+00:00,70,0,1.0,[70]
2020-10-30 04:35:00+00:00,26030,0,2.0,"[10870, 15160]"
2020-10-30 04:40:00+00:00,0,0,0.0,[]
2020-10-30 04:45:00+00:00,1300,0,1.0,[1300]
2020-10-30 04:50:00+00:00,0,0,0.0,[]
2020-10-30 04:55:00+00:00,0,0,0.0,[]
2020-10-30 05:00:00+00:00,0,0,0.0,[]
2020-10-30 05:05:00+00:00,0,0,0.0,[]
2020-10-30 05:10:00+00:00,0,0,0.0,[]
2020-10-30 05:15:00+00:00,0,0,0.0,[]
2020-10-30 05:20:00+00:00,0,0,0.0,[]
2020-10-30 05:25:00+00:00,0,0,0.0,[]
2020-10-30 05:30:00+00:00,1130,0,1.0,[1130]
2020-10-30 05:35:00+00:00,0,0,0.0,[]
2020-10-30 05:40:00+00:00,0,0,0.0,[]
2020-10-30 05:45:00+00:00,0,0,0.0,[]
2020-10-30 05:50:00+00:00,0,0,0.0,[]
2020-10-30 05:55:00+00:00,0,0,0.0,[]
2020-10-30 06:00:00+00:00,0,0,0.0,[]
2020-10-30 06:05:00+00:00,2660,0,2.0,"[1880, 780]"
2020-10-30 06:10:00+00:00,230,0,1.0,[230]
2020-10-30 06:15:00+00:00,0,0,0.0,[]
2020-10-30 06:20:00+00:00,0,0,0.0,[]
2020-10-30 06:25:00+00:00,40,0,1.0,[40]
2020-10-30 06:30:00+00:00,0,0,0.0,[]
2020-10-30 06:35:00+00:00,0,0,0.0,[]
2020-10-30 06:40:00+00:00,0,0,0.0,[]
2020-10-30 06:45:00+00:00,0,0,0.0,[]
2020-10-30 06:50:00+00:00,0,0,0.0,[]
2020-10-30 06:55:00+00:00,0,0,0.0,[]
2020-10-30 07:00:00+00:00,0,0,0.0,[]
2020-10-30 07:05:00+00:00,0,0,0.0,[]
2020-10-30 07:10:00+00:00,0,0,0.0,[]
2020-10-30 07:15:00+00:00,0,0,0.0,[]
2020-10-30 07:20:00+00:00,0,0,0.0,[]
2020-10-30 07:25:00+00:00,0,0,0.0,[]
2020-10-30 07:30:00+00:00,0,0,0.0,[]
2020-10-30 07:35:00+00:00,0,0,0.0,[]
2020-10-30 07:40:00+00:00,0,0,0.0,[]
2020-10-30 07:45:00+00:00,0,0,0.0,[]
2020-10-30 07:50:00+00:00,0,0,0.0,[]
2020-10-30 07:55:00+00:00,0,0,0.0,[]
2020-10-30 08:00:00+00:00,0,0,0.0,[]
2020-10-30 08:05:00+00:00,0,0,0.0,[]
2020-10-30 08:10:00+00:00,0,0,0.0,[]
2020-10-30 08:15:00+00:00,0,0,0.0,[]
2020-10-30 08:20:00+00:00,0,0,0.0,[]
2020-10-30 08:25:00+00:00,0,0,0.0,[]
2020-10-30 08:30:00+00:00,0,0,0.0,[]
2020-10-30 08:35:00+00:00,0,0,0.0,[]
2020-10-30 08:40:00+00:00,0,0,0.0,[]
2020-10-30 08:45:00+00:00,0,0,0.0,[]
2020-10-30 08:50:00+00:00,0,0,0.0,[]
2020-10-30 08:55:00+00:00,0,0,0.0,[]
2020-10-30 09:00:00+00:00,0,0,0.0,[]
2020-10-30 09:05:00+00:00,0,0,0.0,[]
2020-10-30 09:10:00+00:00,0,0,0.0,[]
2020-10-30 09:15:00+00:00,0,0,0.0,[]
2020-10-30 09:20:00+00:00,0,0,0.0,[]
2020-10-30 09:25:00+00:00,0,0,0.0,[]
2020-10-30 09:30:00+00:00,0,0,0.0,[]
2020-10-30 09:35:00+00:00,0,0,0.0,[]
2020-10-30 09:40:00+00:00,0,0,0.0,[]
2020-10-30 09:45:00+00:00,0,0,0.0,[]
2020-10-30 09:50:00+00:00,0,0,0.0,[]
2020-10-30 09:55:00+00:00,0,0,0.0,[]
2020-10-30 10:00:00+00:00,0,0,0.0,[]
2020-10-30 10:05:00+00:00,8270,0,1.0,[8270]
2020-10-30 10:10:00+00:00,0,0,0.0,[]
2020-10-30 10:15:00+00:00,0,0,0.0,[]
2020-10-30 10:20:00+00:00,180,0,1.0,[180]
2020-10-30 10:25:00+00:00,0,0,0.0,[]
2020-10-30 10:30:00+00:00,0,0,0.0,[]
2020-10-30 10:35:00+00:00,130,0,1.0,[130]
2020-10-30 10:40:00+00:00,0,0,0.0,[]
2020-10-30 10:45:00+00:00,0,0,0.0,[]
2020-10-30 10:50:00+00:00,0,0,0.0,[]
2020-10-30 10:55:00+00:00,0,0,0.0,[]
2020-10-30 11:00:00+00:00,0,0,0.0,[]
2020-10-30 11:05:00+00:00,0,0,0.0,[]
2020-10-30 11:10:00+00:00,420,0,1.0,[420]
2020-10-30 11:15:00+00:00,0,0,0.0,[]
2020-10-30 11:20:00+00:00,0,0,0.0,[]
2020-10-30 11:25:00+00:00,0,0,0.0,[]
2020-10-30 11:30:00+00:00,0,0,0.0,[]
2020-10-30 11:35:00+00:00,0,0,0.0,[]
2020-10-30 11:40:00+00:00,0,0,0.0,[]
2020-10-30 11:45:00+00:00,0,0,0.0,[]
2020-10-30 11:50:00+00:00,0,0,0.0,[]
2020-10-30 11:55:00+00:00,500,0,1.0,[500]
2020-10-30 12:00:00+00:00,0,0,0.0,[]
2020-10-30 12:05:00+00:00,0,0,1.0,[0]
2020-10-30 12:10:00+00:00,0,0,0.0,[]
2020-10-30 12:15:00+00:00,1180,0,1.0,[1180]
2020-10-30 12:20:00+00:00,510,0,1.0,[510]
2020-10-30 12:25:00+00:00,0,0,0.0,[]
2020-10-30 12:30:00+00:00,0,0,0.0,[]
2020-10-30 12:35:00+00:00,0,0,0.0,[]
2020-10-30 12:40:00+00:00,0,0,0.0,[]
2020-10-30 12:45:00+00:00,0,0,0.0,[]
2020-10-30 12:50:00+00:00,0,0,0.0,[]
2020-10-30 12:55:00+00:00,330,0,1.0,[330]
2020-10-30 13:00:00+00:00,0,0,0.0,[]
2020-10-30 13:05:00+00:00,0,0,0.0,[]
2020-10-30 13:10:00+00:00,0,0,0.0,[]
2020-10-30 13:15:00+00:00,0,0,0.0,[]
2020-10-30 13:20:00+00:00,0,0,0.0,[]
2020-10-30 13:25:00+00:00,0,0,0.0,[]
2020-10-30 13:30:00+00:00,60,0,1.0,[60]
2020-10-30 13:35:00+00:00,17920,0,1.0,[17920]
2020-10-30 13:40:00+00:00,0,0,0.0,[]
2020-10-30 13:45:00+00:00,0,0,0.0,[]
2020-10-30 13:50:00+00:00,0,0,0.0,[]
2020-10-30 13:55:00+00:00,0,0,0.0,[]
2020-10-30 14:00:00+00:00,0,0,0.0,[]
2020-10-30 14:05:00+00:00,0,0,0.0,[]
2020-10-30 14:10:00+00:00,0,0,0.0,[]
2020-10-30 14:15:00+00:00,30,0,1.0,[30]
2020-10-30 14:20:00+00:00,0,0,0.0,[]
2020-10-30 14:25:00+00:00,0,0,0.0,[]
2020-10-30 14:30:00+00:00,0,0,0.0,[]
2020-10-30 14:35:00+00:00,0,0,0.0,[]
2020-10-30 14:40:00+00:00,200,0,1.0,[200]
2020-10-30 14:45:00+00:00,0,0,0.0,[]
2020-10-30 14:50:00+00:00,0,0,0.0,[]
2020-10-30 14:55:00+00:00,0,0,0.0,[]
2020-10-30 15:00:00+00:00,9250,0,1.0,[9250]
2020-10-30 15:05:00+00:00,0,0,0.0,[]
2020-10-30 15:10:00+00:00,0,0,0.0,[]
2020-10-30 15:15:00+00:00,0,0,0.0,[]
2020-10-30 15:20:00+00:00,0,0,0.0,[]
2020-10-30 15:25:00+00:00,0,0,0.0,[]
2020-10-30 15:30:00+00:00,0,0,0.0,[]
2020-10-30 15:35:00+00:00,0,0,0.0,[]
2020-10-30 15:40:00+00:00,0,0,0.0,[]
2020-10-30 15:45:00+00:00,0,0,0.0,[]
2020-10-30 15:50:00+00:00,1010,0,1.0,[1010]
2020-10-30 15:55:00+00:00,0,0,0.0,[]
2020-10-30 16:00:00+00:00,0,0,0.0,[]
2020-10-30 16:05:00+00:00,0,0,0.0,[]
2020-10-30 16:10:00+00:00,2420,0,1.0,[2420]
2020-10-30 16:15:00+00:00,0,0,0.0,[]
2020-10-30 16:20:00+00:00,0,0,0.0,[]
2020-10-30 16:25:00+00:00,0,0,0.0,[]
2020-10-30 16:30:00+00:00,70,0,1.0,[70]
2020-10-30 16:35:00+00:00,0,0,0.0,[]
2020-10-30 16:40:00+00:00,120,0,1.0,[120]
2020-10-30 16:45:00+00:00,0,0,0.0,[]
2020-10-30 16:50:00+00:00,0,0,0.0,[]
2020-10-30 16:55:00+00:00,0,0,0.0,[]
2020-10-30 17:00:00+00:00,0,0,0.0,[]
2020-10-30 17:05:00+00:00,0,0,0.0,[]
2020-10-30 17:10:00+00:00,0,0,0.0,[]
2020-10-30 17:15:00+00:00,0,0,0.0,[]
2020-10-30 17:20:00+00:00,0,0,0.0,[]
2020-10-30 17:25:00+00:00,0,0,0.0,[]
2020-10-30 17:30:00+00:00,0,0,1.0,[0]
2020-10-30 17:35:00+00:00,0,0,0.0,[]
2020-10-30 17:40:00+00:00,0,0,0.0,[]
2020-10-30 17:45:00+00:00,10,0,1.0,[10]
2020-10-30 17:50:00+00:00,20,0,1.0,[20]
2020-10-30 17:55:00+00:00,0,0,0.0,[]
2020-10-30 18:00:00+00:00,0,0,0.0,[]
2020-10-30 18:05:00+00:00,3250,0,1.0,[3250]
2020-10-30 18:10:00+00:00,0,0,0.0,[]
2020-10-30 18:15:00+00:00,0,0,0.0,[]
2020-10-30 18:20:00+00:00,0,0,0.0,[]
2020-10-30 18:25:00+00:00,0,0,0.0,[]
2020-10-30 18:30:00+00:00,0,0,0.0,[]
2020-10-30 18:35:00+00:00,0,0,0.0,[]
2020-10-30 18:40:00+00:00,0,0,0.0,[]
2020-10-30 18:45:00+00:00,0,0,0.0,[]
2020-10-30 18:50:00+00:00,0,0,0.0,[]
2020-10-30 18:55:00+00:00,0,0,0.0,[]
2020-10-30 19:00:00+00:00,0,0,0.0,[]
2020-10-30 19:05:00+00:00,0,0,0.0,[]
2020-10-30 19:10:00+00:00,0,0,0.0,[]
2020-10-30 19:15:00+00:00,0,0,0.0,[]
2020-10-30 19:20:00+00:00,0,0,0.0,[]
2020-10-30 19:25:00+00:00,0,0,0.0,[]
2020-10-30 19:30:00+00:00,0,0,0.0,[]
2020-10-30 19:35:00+00:00,0,0,0.0,[]
2020-10-30 19:40:00+00:00,200,0,1.0,[200]
2020-10-30 19:45:00+00:00,0,0,0.0,[]
2020-10-30 19:50:00+00:00,0,0,0.0,[]
2020-10-30 19:55:00+00:00,0,0,0.0,[]
2020-10-30 20:00:00+00:00,0,0,0.0,[]
2020-10-30 20:05:00+00:00,0,0,0.0,[]
2020-10-30 20:10:00+00:00,0,0,0.0,[]
2020-10-30 20:15:00+00:00,0,0,0.0,[]
2020-10-30 20:20:00+00:00,0,0,0.0,[]
2020-10-30 20:25:00+00:00,0,0,0.0,[]
2020-10-30 20:30:00+00:00,0,0,0.0,[]
2020-10-30 20:35:00+00:00,0,0,0.0,[]
2020-10-30 20:40:00+00:00,0,0,0.0,[]
2020-10-30 20:45:00+00:00,0,0,0.0,[]
2020-10-30 20:50:00+00:00,0,0,0.0,[]
2020-10-30 20:55:00+00:00,0,0,0.0,[]
2020-10-30 21:00:00+00:00,0,0,0.0,[]
2020-10-30 21:05:00+00:00,0,0,0.0,[]
2020-10-30 21:10:00+00:00,0,0,0.0,[]
2020-10-30 21:15:00+00:00,0,0,0.0,[]
2020-10-30 21:20:00+00:00,0,0,0.0,[]
2020-10-30 21:25:00+00:00,0,0,0.0,[]
2020-10-30 21:30:00+00:00,0,0,0.0,[]
2020-10-30 21:35:00+00:00,0,0,0.0,[]
2020-10-30 21:40:00+00:00,0,0,0.0,[]
2020-10-30 21:45:00+00:00,0,0,0.0,[]
2020-10-30 21:50:00+00:00,0,0,0.0,[]
2020-10-30 21:55:00+00:00,100,0,1.0,[100]
2020-10-30 22:00:00+00:00,0,0,0.0,[]
2020-10-30 22:05:00+00:00,0,0,0.0,[]
2020-10-30 22:10:00+00:00,0,0,0.0,[]
2020-10-30 22:15:00+00:00,0,0,0.0,[]
2020-10-30 22:20:00+00:00,0,0,0.0,[]
2020-10-30 22:25:00+00:00,0,0,0.0,[]
2020-10-30 22:30:00+00:00,40,0,1.0,[40]
2020-10-30 22:35:00+00:00,0,0,0.0,[]
2020-10-30 22:40:00+00:00,0,0,0.0,[]
2020-10-30 22:45:00+00:00,0,0,0.0,[]
2020-10-30 22:50:00+00:00,0,0,0.0,[]
2020-10-30 22:55:00+00:00,0,0,0.0,[]
2020-10-30 23:00:00+00:00,0,0,0.0,[]
2020-10-30 23:05:00+00:00,0,0,0.0,[]
2020-10-30 23:10:00+00:00,3080,0,1.0,[3080]
2020-10-30 23:15:00+00:00,0,0,0.0,[]
2020-10-30 23:20:00+00:00,0,0,0.0,[]
2020-10-30 23:25:00+00:00,0,0,0.0,[]
2020-10-30 23:30:00+00:00,0,0,0.0,[]
2020-10-30 23:35:00+00:00,0,0,0.0,[]
2020-10-30 23:40:00+00:00,0,0,0.0,[]
2020-10-30 23:45:00+00:00,0,0,0.0,[]
2020-10-30 23:50:00+00:00,0,0,0.0,[]
2020-10-30 23:55:00+00:00,0,0,0.0,[]
2020-10-31 00:00:00+00:00,0,0,0.0,[]
2020-10-31 00:05:00+00:00,0,0,0.0,[]
2020-10-31 00:10:00+00:00,0,0,0.0,[]
2020-10-31 00:15:00+00:00,0,0,0.0,[]
2020-10-31 00:20:00+00:00,0,0,0.0,[]
2020-10-31 00:25:00+00:00,0,0,0.0,[]
2020-10-31 00:30:00+00:00,0,0,0.0,[]
2020-10-31 00:35:00+00:00,0,0,0.0,[]
2020-10-31 00:40:00+00:00,0,0,0.0,[]
2020-10-31 00:45:00+00:00,0,0,0.0,[]
2020-10-31 00:50:00+00:00,0,0,0.0,[]
2020-10-31 00:55:00+00:00,0,0,0.0,[]
2020-10-31 01:00:00+00:00,50,0,1.0,[50]
2020-10-31 01:05:00+00:00,0,0,0.0,[]
2020-10-31 01:10:00+00:00,0,0,0.0,[]
2020-10-31 01:15:00+00:00,0,0,0.0,[]
2020-10-31 01:20:00+00:00,320,0,2.0,"[160, 160]"
2020-10-31 01:25:00+00:00,240,0,1.0,[240]
2020-10-31 01:30:00+00:00,0,0,0.0,[]
2020-10-31 01:35:00+00:00,0,0,0.0,[]
2020-10-31 01:40:00+00:00,0,0,0.0,[]
2020-10-31 01:45:00+00:00,0,0,0.0,[]
2020-10-31 01:50:00+00:00,0,0,0.0,[]
2020-10-31 01:55:00+00:00,290,0,1.0,[290]
2020-10-31 02:00:00+00:00,0,0,0.0,[]
2020-10-31 02:05:00+00:00,0,0,0.0,[]
2020-10-31 02:10:00+00:00,0,0,0.0,[]
2020-10-31 02:15:00+00:00,0,0,0.0,[]
2020-10-31 02:20:00+00:00,4350,0,1.0,[4350]
2020-10-31 02:25:00+00:00,10,0,1.0,[10]
2020-10-31 02:30:00+00:00,0,0,0.0,[]
2020-10-31 02:35:00+00:00,0,0,0.0,[]
2020-10-31 02:40:00+00:00,0,0,0.0,[]
2020-10-31 02:45:00+00:00,0,0,0.0,[]
2020-10-31 02:50:00+00:00,5110,0,1.0,[5110]
2020-10-31 02:55:00+00:00,210,0,1.0,[210]
2020-10-31 03:00:00+00:00,0,0,0.0,[]
2020-10-31 03:05:00+00:00,0,0,0.0,[]
2020-10-31 03:10:00+00:00,0,0,0.0,[]
2020-10-31 03:15:00+00:00,0,0,0.0,[]
2020-10-31 03:20:00+00:00,0,0,0.0,[]
2020-10-31 03:25:00+00:00,0,0,0.0,[]
2020-10-31 03:30:00+00:00,220,0,1.0,[220]
2020-10-31 03:35:00+00:00,0,0,0.0,[]
2020-10-31 03:40:00+00:00,0,0,0.0,[]
2020-10-31 03:45:00+00:00,0,0,0.0,[]
2020-10-31 03:50:00+00:00,0,0,0.0,[]
2020-10-31 03:55:00+00:00,0,0,0.0,[]
2020-10-31 04:00:00+00:00,0,0,0.0,[]
2020-10-31 04:05:00+00:00,0,0,0.0,[]
2020-10-31 04:10:00+00:00,0,0,0.0,[]
2020-10-31 04:15:00+00:00,0,0,0.0,[]
2020-10-31 04:20:00+00:00,0,0,0.0,[]
2020-10-31 04:25:00+00:00,440,0,1.0,[440]
2020-10-31 04:30:00+00:00,0,0,0.0,[]
2020-10-31 04:35:00+00:00,0,0,0.0,[]
2020-10-31 04:40:00+00:00,0,0,0.0,[]
2020-10-31 04:45:00+00:00,7430,0,3.0,"[30, 3700, 3700]"
2020-10-31 04:50:00+00:00,0,0,0.0,[]
2020-10-31 04:55:00+00:00,0,0,0.0,[]
2020-10-31 05:00:00+00:00,0,0,0.0,[]
2020-10-31 05:05:00+00:00,0,0,0.0,[]
2020-10-31 05:10:00+00:00,0,0,0.0,[]
2020-10-31 05:15:00+00:00,0,0,0.0,[]
2020-10-31 05:20:00+00:00,0,0,0.0,[]
2020-10-31 05:25:00+00:00,0,0,0.0,[]
2020-10-31 05:30:00+00:00,0,0,0.0,[]
2020-10-31 05:35:00+00:00,0,0,0.0,[]
2020-10-31 05:40:00+00:00,0,0,0.0,[]
2020-10-31 05:45:00+00:00,0,0,0.0,[]
2020-10-31 05:50:00+00:00,0,0,0.0,[]
2020-10-31 05:55:00+00:00,0,0,0.0,[]
2020-10-31 06:00:00+00:00,0,0,0.0,[]
2020-10-31 06:05:00+00:00,0,0,0.0,[]
2020-10-31 06:10:00+00:00,0,0,0.0,[]
2020-10-31 06:15:00+00:00,0,0,0.0,[]
2020-10-31 06:20:00+00:00,0,0,0.0,[]
2020-10-31 06:25:00+00:00,0,0,0.0,[]
2020-10-31 06:30:00+00:00,1180,0,1.0,[1180]
2020-10-31 06:35:00+00:00,0,0,0.0,[]
2020-10-31 06:40:00+00:00,0,0,0.0,[]
2020-10-31 06:45:00+00:00,0,0,0.0,[]
2020-10-31 06:50:00+00:00,0,0,0.0,[]
2020-10-31 06:55:00+00:00,0,0,0.0,[]
2020-10-31 07:00:00+00:00,0,0,0.0,[]
2020-10-31 07:05:00+00:00,0,0,0.0,[]
2020-10-31 07:10:00+00:00,0,0,0.0,[]
2020-10-31 07:15:00+00:00,0,0,0.0,[]
2020-10-31 07:20:00+00:00,0,0,0.0,[]
2020-10-31 07:25:00+00:00,0,0,0.0,[]
2020-10-31 07:30:00+00:00,0,0,0.0,[]
2020-10-31 07:35:00+00:00,0,0,0.0,[]
2020-10-31 07:40:00+00:00,0,0,0.0,[]
2020-10-31 07:45:00+00:00,0,0,0.0,[]
2020-10-31 07:50:00+00:00,0,0,0.0,[]
2020-10-31 07:55:00+00:00,0,0,0.0,[]
2020-10-31 08:00:00+00:00,0,0,0.0,[]
2020-10-31 08:05:00+00:00,0,0,0.0,[]
2020-10-31 08:10:00+00:00,0,0,0.0,[]
2020-10-31 08:15:00+00:00,0,0,0.0,[]
2020-10-31 08:20:00+00:00,0,0,0.0,[]
2020-10-31 08:25:00+00:00,0,0,0.0,[]
2020-10-31 08:30:00+00:00,0,0,0.0,[]
2020-10-31 08:35:00+00:00,0,0,0.0,[]
2020-10-31 08:40:00+00:00,0,0,0.0,[]
2020-10-31 08:45:00+00:00,0,0,0.0,[]
2020-10-31 08:50:00+00:00,0,0,0.0,[]
2020-10-31 08:55:00+00:00,0,0,0.0,[]
2020-10-31 09:00:00+00:00,0,0,0.0,[]
2020-10-31 09:05:00+00:00,0,0,0.0,[]
2020-10-31 09:10:00+00:00,0,0,0.0,[]
2020-10-31 09:15:00+00:00,0,0,0.0,[]
2020-10-31 09:20:00+00:00,0,0,0.0,[]
2020-10-31 09:25:00+00:00,0,0,0.0,[]
2020-10-31 09:30:00+00:00,0,0,0.0,[]
2020-10-31 09:35:00+00:00,0,0,0.0,[]
2020-10-31 09:40:00+00:00,0,0,0.0,[]
2020-10-31 09:45:00+00:00,0,0,0.0,[]
2020-10-31 09:50:00+00:00,0,0,0.0,[]
2020-10-31 09:55:00+00:00,0,0,0.0,[]
2020-10-31 10:00:00+00:00,0,0,0.0,[]
2020-10-31 10:05:00+00:00,0,0,0.0,[]
2020-10-31 10:10:00+00:00,0,0,0.0,[]
2020-10-31 10:15:00+00:00,0,0,0.0,[]
2020-10-31 10:20:00+00:00,0,0,0.0,[]
2020-10-31 10:25:00+00:00,0,0,0.0,[]
2020-10-31 10:30:00+00:00,0,0,0.0,[]
2020-10-31 10:35:00+00:00,0,0,0.0,[]
2020-10-31 10:40:00+00:00,0,0,0.0,[]
2020-10-31 10:45:00+00:00,0,0,0.0,[]
2020-10-31 10:50:00+00:00,0,0,0.0,[]
2020-10-31 10:55:00+00:00,0,0,0.0,[]
2020-10-31 11:00:00+00:00,0,0,0.0,[]
2020-10-31 11:05:00+00:00,0,0,0.0,[]
2020-10-31 11:10:00+00:00,0,0,0.0,[]
2020-10-31 11:15:00+00:00,0,0,0.0,[]
2020-10-31 11:20:00+00:00,0,0,0.0,[]
2020-10-31 11:25:00+00:00,0,0,0.0,[]
2020-10-31 11:30:00+00:00,0,0,0.0,[]
2020-10-31 11:35:00+00:00,0,0,0.0,[]
2020-10-31 11:40:00+00:00,0,0,0.0,[]
2020-10-31 11:45:00+00:00,0,0,0.0,[]
2020-10-31 11:50:00+00:00,0,0,0.0,[]
2020-10-31 11:55:00+00:00,0,0,0.0,[]
2020-10-31 12:00:00+00:00,0,0,0.0,[]
2020-10-31 12:05:00+00:00,0,0,0.0,[]
2020-10-31 12:10:00+00:00,0,0,0.0,[]
2020-10-31 12:15:00+00:00,0,0,0.0,[]
2020-10-31 12:20:00+00:00,0,0,0.0,[]
2020-10-31 12:25:00+00:00,0,0,0.0,[]
2020-10-31 12:30:00+00:00,0,0,0.0,[]
2020-10-31 12:35:00+00:00,0,0,0.0,[]
2020-10-31 12:40:00+00:00,0,0,0.0,[]
2020-10-31 12:45:00+00:00,0,0,0.0,[]
2020-10-31 12:50:00+00:00,0,0,0.0,[]
2020-10-31 12:55:00+00:00,0,0,0.0,[]
2020-10-31 13:00:00+00:00,0,0,0.0,[]
2020-10-31 13:05:00+00:00,0,0,0.0,[]
2020-10-31 13:10:00+00:00,0,0,0.0,[]
2020-10-31 13:15:00+00:00,0,0,0.0,[]
2020-10-31 13:20:00+00:00,0,0,0.0,[]
2020-10-31 13:25:00+00:00,0,0,0.0,[]
2020-10-31 13:30:00+00:00,1180,0,2.0,"[960, 220]"
2020-10-31 13:35:00+00:00,0,0,0.0,[]
2020-10-31 13:40:00+00:00,0,0,0.0,[]
2020-10-31 13:45:00+00:00,0,0,0.0,[]
2020-10-31 13:50:00+00:00,0,0,0.0,[]
2020-10-31 13:55:00+00:00,0,0,0.0,[]
2020-10-31 14:00:00+00:00,0,0,0.0,[]
2020-10-31 14:05:00+00:00,0,0,0.0,[]
2020-10-31 14:10:00+00:00,0,0,0.0,[]
2020-10-31 14:15:00+00:00,0,0,0.0,[]
2020-10-31 14:20:00+00:00,0,0,0.0,[]
2020-10-31 14:25:00+00:00,0,0,0.0,[]
2020-10-31 14:30:00+00:00,0,0,0.0,[]
2020-10-31 14:35:00+00:00,0,0,0.0,[]
2020-10-31 14:40:00+00:00,0,0,0.0,[]
2020-10-31 14:45:00+00:00,0,0,0.0,[]
2020-10-31 14:50:00+00:00,0,0,0.0,[]
2020-10-31 14:55:00+00:00,0,0,0.0,[]
2020-10-31 15:00:00+00:00,0,0,0.0,[]
2020-10-31 15:05:00+00:00,0,0,0.0,[]
2020-10-31 15:10:00+00:00,0,0,0.0,[]
2020-10-31 15:15:00+00:00,0,0,0.0,[]
2020-10-31 15:20:00+00:00,0,0,0.0,[]
2020-10-31 15:25:00+00:00,0,0,0.0,[]
2020-10-31 15:30:00+00:00,120,0,1.0,[120]
2020-10-31 15:35:00+00:00,0,0,0.0,[]
2020-10-31 15:40:00+00:00,0,0,0.0,[]
2020-10-31 15:45:00+00:00,1360,0,2.0,"[1340, 20]"
2020-10-31 15:50:00+00:00,0,0,0.0,[]
2020-10-31 15:55:00+00:00,0,0,0.0,[]
2020-10-31 16:00:00+00:00,0,0,0.0,[]
2020-10-31 16:05:00+00:00,0,0,0.0,[]
2020-10-31 16:10:00+00:00,2100,0,1.0,[2100]
2020-10-31 16:15:00+00:00,0,0,0.0,[]
2020-10-31 16:20:00+00:00,0,0,0.0,[]
2020-10-31 16:25:00+00:00,0,0,0.0,[]
2020-10-31 16:30:00+00:00,0,0,0.0,[]
2020-10-31 16:35:00+00:00,0,0,0.0,[]
2020-10-31 16:40:00+00:00,0,0,0.0,[]
2020-10-31 16:45:00+00:00,0,0,0.0,[]
2020-10-31 16:50:00+00:00,0,0,0.0,[]
2020-10-31 16:55:00+00:00,0,0,0.0,[]
2020-10-31 17:00:00+00:00,0,0,1.0,[0]
2020-10-31 17:05:00+00:00,1190,0,1.0,[1190]
2020-10-31 17:10:00+00:00,0,0,0.0,[]
2020-10-31 17:15:00+00:00,0,0,0.0,[]
2020-10-31 17:20:00+00:00,0,0,0.0,[]
2020-10-31 17:25:00+00:00,0,0,0.0,[]
2020-10-31 17:30:00+00:00,0,0,0.0,[]
2020-10-31 17:35:00+00:00,0,0,0.0,[]
2020-10-31 17:40:00+00:00,0,0,0.0,[]
2020-10-31 17:45:00+00:00,0,0,0.0,[]
2020-10-31 17:50:00+00:00,0,0,0.0,[]
2020-10-31 17:55:00+00:00,0,0,0.0,[]
2020-10-31 18:00:00+00:00,0,0,0.0,[]
2020-10-31 18:05:00+00:00,0,0,0.0,[]
2020-10-31 18:10:00+00:00,0,0,0.0,[]
2020-10-31 18:15:00+00:00,0,0,0.0,[]
2020-10-31 18:20:00+00:00,0,0,0.0,[]
2020-10-31 18:25:00+00:00,0,0,0.0,[]
2020-10-31 18:30:00+00:00,0,0,0.0,[]
2020-10-31 18:35:00+00:00,0,0,0.0,[]
2020-10-31 18:40:00+00:00,0,0,0.0,[]
2020-10-31 18:45:00+00:00,50,0,1.0,[50]
2020-10-31 18:50:00+00:00,0,0,0.0,[]
2020-10-31 18:55:00+00:00,0,0,0.0,[]
2020-10-31 19:00:00+00:00,0,0,0.0,[]
2020-10-31 19:05:00+00:00,0,0,0.0,[]
2020-10-31 19:10:00+00:00,0,0,0.0,[]
2020-10-31 19:15:00+00:00,0,0,0.0,[]
2020-10-31 19:20:00+00:00,0,0,0.0,[]
2020-10-31 19:25:00+00:00,0,0,0.0,[]
2020-10-31 19:30:00+00:00,0,0,0.0,[]
2020-10-31 19:35:00+00:00,0,0,0.0,[]
2020-10-31 19:40:00+00:00,0,0,0.0,[]
2020-10-31 19:45:00+00:00,0,0,0.0,[]
2020-10-31 19:50:00+00:00,0,0,0.0,[]
2020-10-31 19:55:00+00:00,0,0,0.0,[]
2020-10-31 20:00:00+00:00,0,0,0.0,[]
2020-10-31 20:05:00+00:00,0,0,0.0,[]
2020-10-31 20:10:00+00:00,0,0,0.0,[]
2020-10-31 20:15:00+00:00,0,0,0.0,[]
2020-10-31 20:20:00+00:00,0,0,0.0,[]
2020-10-31 20:25:00+00:00,0,0,0.0,[]
2020-10-31 20:30:00+00:00,0,0,0.0,[]
2020-10-31 20:35:00+00:00,290,0,1.0,[290]
2020-10-31 20:40:00+00:00,0,0,0.0,[]
2020-10-31 20:45:00+00:00,0,0,0.0,[]
2020-10-31 20:50:00+00:00,0,0,0.0,[]
2020-10-31 20:55:00+00:00,0,0,0.0,[]
2020-10-31 21:00:00+00:00,0,0,0.0,[]
2020-10-31 21:05:00+00:00,0,0,0.0,[]
2020-10-31 21:10:00+00:00,0,0,0.0,[]
2020-10-31 21:15:00+00:00,0,0,0.0,[]
2020-10-31 21:20:00+00:00,0,0,0.0,[]
2020-10-31 21:25:00+00:00,0,0,0.0,[]
2020-10-31 21:30:00+00:00,0,0,0.0,[]
2020-10-31 21:35:00+00:00,0,0,0.0,[]
2020-10-31 21:40:00+00:00,0,0,0.0,[]
2020-10-31 21:45:00+00:00,0,0,0.0,[]
2020-10-31 21:50:00+00:00,0,0,0.0,[]
2020-10-31 21:55:00+00:00,0,0,0.0,[]
2020-10-31 22:00:00+00:00,0,0,0.0,[]
2020-10-31 22:05:00+00:00,0,0,0.0,[]
2020-10-31 22:10:00+00:00,0,0,0.0,[]
2020-10-31 22:15:00+00:00,0,0,0.0,[]
2020-10-31 22:20:00+00:00,0,0,0.0,[]
2020-10-31 22:25:00+00:00,0,0,0.0,[]
2020-10-31 22:30:00+00:00,0,0,0.0,[]
2020-10-31 22:35:00+00:00,0,0,0.0,[]
2020-10-31 22:40:00+00:00,0,0,0.0,[]
2020-10-31 22:45:00+00:00,0,0,0.0,[]
2020-10-31 22:50:00+00:00,0,0,0.0,[]
2020-10-31 22:55:00+00:00,0,0,0.0,[]
2020-10-31 23:00:00+00:00,0,0,0.0,[]
2020-10-31 23:05:00+00:00,0,0,0.0,[]
2020-10-31 23:10:00+00:00,0,0,0.0,[]
2020-10-31 23:15:00+00:00,0,0,0.0,[]
2020-10-31 23:20:00+00:00,0,0,0.0,[]
2020-10-31 23:25:00+00:00,0,0,0.0,[]
2020-10-31 23:30:00+00:00,1040,0,1.0,[1040]
2020-10-31 23:35:00+00:00,0,0,0.0,[]
2020-10-31 23:40:00+00:00,0,0,0.0,[]
2020-10-31 23:45:00+00:00,1300,0,1.0,[1300]
2020-10-31 23:50:00+00:00,0,0,0.0,[]
2020-10-31 23:55:00+00:00,0,0,0.0,[]
2020-11-01 00:00:00+00:00,0,0,0.0,[]
2020-11-01 00:05:00+00:00,0,0,0.0,[]
2020-11-01 00:10:00+00:00,0,0,0.0,[]
2020-11-01 00:15:00+00:00,0,0,0.0,[]
2020-11-01 00:20:00+00:00,10,0,1.0,[10]
2020-11-01 00:25:00+00:00,0,0,0.0,[]
2020-11-01 00:30:00+00:00,0,0,0.0,[]
2020-11-01 00:35:00+00:00,0,0,0.0,[]
2020-11-01 00:40:00+00:00,0,0,0.0,[]
2020-11-01 00:45:00+00:00,2210,0,1.0,[2210]
2020-11-01 00:50:00+00:00,0,0,0.0,[]
2020-11-01 00:55:00+00:00,0,0,0.0,[]
2020-11-01 01:00:00+00:00,0,0,0.0,[]
2020-11-01 01:05:00+00:00,0,0,0.0,[]
2020-11-01 01:10:00+00:00,0,0,0.0,[]
2020-11-01 01:15:00+00:00,0,0,0.0,[]
2020-11-01 01:20:00+00:00,0,0,0.0,[]
2020-11-01 01:25:00+00:00,0,0,0.0,[]
2020-11-01 01:30:00+00:00,0,0,0.0,[]
2020-11-01 01:35:00+00:00,0,0,0.0,[]
2020-11-01 01:40:00+00:00,0,0,0.0,[]
2020-11-01 01:45:00+00:00,0,0,0.0,[]
2020-11-01 01:50:00+00:00,0,0,0.0,[]
2020-11-01 01:55:00+00:00,0,0,0.0,[]
2020-11-01 02:00:00+00:00,0,0,0.0,[]
2020-11-01 02:05:00+00:00,0,0,0.0,[]
2020-11-01 02:10:00+00:00,0,0,0.0,[]
2020-11-01 02:15:00+00:00,0,0,0.0,[]
2020-11-01 02:20:00+00:00,0,0,0.0,[]
2020-11-01 02:25:00+00:00,0,0,0.0,[]
2020-11-01 02:30:00+00:00,0,0,0.0,[]
2020-11-01 02:35:00+00:00,0,0,0.0,[]
2020-11-01 02:40:00+00:00,0,0,0.0,[]
2020-11-01 02:45:00+00:00,0,0,0.0,[]
2020-11-01 02:50:00+00:00,0,0,0.0,[]
2020-11-01 02:55:00+00:00,0,0,0.0,[]
2020-11-01 03:00:00+00:00,0,0,0.0,[]
2020-11-01 03:05:00+00:00,0,0,0.0,[]
2020-11-01 03:10:00+00:00,0,0,0.0,[]
2020-11-01 03:15:00+00:00,0,0,0.0,[]
2020-11-01 03:20:00+00:00,0,0,0.0,[]
2020-11-01 03:25:00+00:00,0,0,0.0,[]
2020-11-01 03:30:00+00:00,0,0,0.0,[]
2020-11-01 03:35:00+00:00,0,0,0.0,[]
2020-11-01 03:40:00+00:00,0,0,0.0,[]
2020-11-01 03:45:00+00:00,0,0,0.0,[]
2020-11-01 03:50:00+00:00,0,0,0.0,[]
2020-11-01 03:55:00+00:00,0,0,0.0,[]
2020-11-01 04:00:00+00:00,0,0,0.0,[]
2020-11-01 04:05:00+00:00,0,0,0.0,[]
2020-11-01 04:10:00+00:00,0,0,0.0,[]
2020-11-01 04:15:00+00:00,0,0,0.0,[]
2020-11-01 04:20:00+00:00,0,0,0.0,[]
2020-11-01 04:25:00+00:00,0,0,0.0,[]
2020-11-01 04:30:00+00:00,0,0,0.0,[]
2020-11-01 04:35:00+00:00,0,0,0.0,[]
2020-11-01 04:40:00+00:00,0,0,0.0,[]
2020-11-01 04:45:00+00:00,0,0,0.0,[]
2020-11-01 04:50:00+00:00,0,0,0.0,[]
2020-11-01 04:55:00+00:00,0,0,0.0,[]
2020-11-01 05:00:00+00:00,0,0,0.0,[]
2020-11-01 05:05:00+00:00,360,0,1.0,[360]
2020-11-01 05:10:00+00:00,0,0,0.0,[]
2020-11-01 05:15:00+00:00,0,0,0.0,[]
2020-11-01 05:20:00+00:00,0,0,0.0,[]
2020-11-01 05:25:00+00:00,0,0,0.0,[]
2020-11-01 05:30:00+00:00,0,0,0.0,[]
2020-11-01 05:35:00+00:00,0,0,0.0,[]
2020-11-01 05:40:00+00:00,0,0,0.0,[]
2020-11-01 05:45:00+00:00,0,0,0.0,[]
2020-11-01 05:50:00+00:00,0,0,0.0,[]
2020-11-01 05:55:00+00:00,1830,0,2.0,"[80, 1750]"
2020-11-01 06:00:00+00:00,0,0,0.0,[]
2020-11-01 06:05:00+00:00,0,0,0.0,[]
2020-11-01 06:10:00+00:00,940,0,2.0,"[580, 360]"
2020-11-01 06:15:00+00:00,0,0,0.0,[]
2020-11-01 06:20:00+00:00,0,0,0.0,[]
2020-11-01 06:25:00+00:00,0,0,0.0,[]
2020-11-01 06:30:00+00:00,0,0,0.0,[]
2020-11-01 06:35:00+00:00,0,0,0.0,[]
2020-11-01 06:40:00+00:00,0,0,0.0,[]
2020-11-01 06:45:00+00:00,0,0,0.0,[]
2020-11-01 06:50:00+00:00,0,0,0.0,[]
2020-11-01 06:55:00+00:00,0,0,0.0,[]
2020-11-01 07:00:00+00:00,0,0,0.0,[]
2020-11-01 07:05:00+00:00,0,0,0.0,[]
2020-11-01 07:10:00+00:00,0,0,0.0,[]
2020-11-01 07:15:00+00:00,0,0,0.0,[]
2020-11-01 07:20:00+00:00,0,0,0.0,[]
2020-11-01 07:25:00+00:00,0,0,0.0,[]
2020-11-01 07:30:00+00:00,0,0,0.0,[]
2020-11-01 07:35:00+00:00,0,0,0.0,[]
2020-11-01 07:40:00+00:00,1370,0,1.0,[1370]
2020-11-01 07:45:00+00:00,0,0,0.0,[]
2020-11-01 07:50:00+00:00,0,0,0.0,[]
2020-11-01 07:55:00+00:00,1710,0,1.0,[1710]
2020-11-01 08:00:00+00:00,0,0,0.0,[]
2020-11-01 08:05:00+00:00,0,0,0.0,[]
2020-11-01 08:10:00+00:00,0,0,0.0,[]
2020-11-01 08:15:00+00:00,0,0,0.0,[]
2020-11-01 08:20:00+00:00,0,0,0.0,[]
2020-11-01 08:25:00+00:00,10,0,1.0,[10]
2020-11-01 08:30:00+00:00,0,0,0.0,[]
2020-11-01 08:35:00+00:00,0,0,0.0,[]
2020-11-01 08:40:00+00:00,0,0,0.0,[]
2020-11-01 08:45:00+00:00,0,0,0.0,[]
2020-11-01 08:50:00+00:00,0,0,0.0,[]
2020-11-01 08:55:00+00:00,0,0,0.0,[]
2020-11-01 09:00:00+00:00,0,0,0.0,[]
2020-11-01 09:05:00+00:00,0,0,0.0,[]
2020-11-01 09:10:00+00:00,0,0,0.0,[]
2020-11-01 09:15:00+00:00,0,0,0.0,[]
2020-11-01 09:20:00+00:00,0,0,0.0,[]
2020-11-01 09:25:00+00:00,0,0,0.0,[]
2020-11-01 09:30:00+00:00,0,0,0.0,[]
2020-11-01 09:35:00+00:00,0,0,0.0,[]
2020-11-01 09:40:00+00:00,0,0,0.0,[]
2020-11-01 09:45:00+00:00,0,0,0.0,[]
2020-11-01 09:50:00+00:00,0,0,0.0,[]
2020-11-01 09:55:00+00:00,0,0,0.0,[]
2020-11-01 10:00:00+00:00,0,0,0.0,[]
2020-11-01 10:05:00+00:00,0,0,0.0,[]
2020-11-01 10:10:00+00:00,0,0,0.0,[]
2020-11-01 10:15:00+00:00,0,0,0.0,[]
2020-11-01 10:20:00+00:00,0,0,0.0,[]
2020-11-01 10:25:00+00:00,0,0,0.0,[]
2020-11-01 10:30:00+00:00,0,0,0.0,[]
2020-11-01 10:35:00+00:00,0,0,0.0,[]
2020-11-01 10:40:00+00:00,0,0,0.0,[]
2020-11-01 10:45:00+00:00,0,0,0.0,[]
2020-11-01 10:50:00+00:00,0,0,0.0,[]
2020-11-01 10:55:00+00:00,0,0,0.0,[]
2020-11-01 11:00:00+00:00,0,0,0.0,[]
2020-11-01 11:05:00+00:00,0,0,0.0,[]
2020-11-01 11:10:00+00:00,0,0,0.0,[]
2020-11-01 11:15:00+00:00,0,0,0.0,[]
2020-11-01 11:20:00+00:00,0,0,0.0,[]
2020-11-01 11:25:00+00:00,0,0,0.0,[]
2020-11-01 11:30:00+00:00,0,0,0.0,[]
2020-11-01 11:35:00+00:00,0,0,0.0,[]
2020-11-01 11:40:00+00:00,0,0,0.0,[]
2020-11-01 11:45:00+00:00,0,0,0.0,[]
2020-11-01 11:50:00+00:00,0,0,0.0,[]
2020-11-01 11:55:00+00:00,0,0,0.0,[]
2020-11-01 12:00:00+00:00,0,0,0.0,[]
2020-11-01 12:05:00+00:00,0,0,0.0,[]
2020-11-01 12:10:00+00:00,0,0,0.0,[]
2020-11-01 12:15:00+00:00,0,0,0.0,[]
2020-11-01 12:20:00+00:00,0,0,0.0,[]
2020-11-01 12:25:00+00:00,0,0,0.0,[]
2020-11-01 12:30:00+00:00,0,0,0.0,[]
2020-11-01 12:35:00+00:00,0,0,0.0,[]
2020-11-01 12:40:00+00:00,0,0,0.0,[]
2020-11-01 12:45:00+00:00,0,0,0.0,[]
2020-11-01 12:50:00+00:00,0,0,0.0,[]
2020-11-01 12:55:00+00:00,0,0,0.0,[]
2020-11-01 13:00:00+00:00,0,0,0.0,[]
2020-11-01 13:05:00+00:00,0,0,0.0,[]
2020-11-01 13:10:00+00:00,0,0,0.0,[]
2020-11-01 13:15:00+00:00,0,0,0.0,[]
2020-11-01 13:20:00+00:00,0,0,0.0,[]
2020-11-01 13:25:00+00:00,0,0,0.0,[]
2020-11-01 13:30:00+00:00,0,0,0.0,[]
2020-11-01 13:35:00+00:00,0,0,0.0,[]
2020-11-01 13:40:00+00:00,260,0,1.0,[260]
2020-11-01 13:45:00+00:00,20,0,1.0,[20]
2020-11-01 13:50:00+00:00,0,0,0.0,[]
2020-11-01 13:55:00+00:00,0,0,0.0,[]
2020-11-01 14:00:00+00:00,0,0,0.0,[]
2020-11-01 14:05:00+00:00,0,0,0.0,[]
2020-11-01 14:10:00+00:00,0,0,0.0,[]
2020-11-01 14:15:00+00:00,300,0,1.0,[300]
2020-11-01 14:20:00+00:00,0,0,0.0,[]
2020-11-01 14:25:00+00:00,0,0,0.0,[]
2020-11-01 14:30:00+00:00,0,0,0.0,[]
2020-11-01 14:35:00+00:00,0,0,0.0,[]
2020-11-01 14:40:00+00:00,0,0,0.0,[]
2020-11-01 14:45:00+00:00,0,0,0.0,[]
2020-11-01 14:50:00+00:00,40,0,1.0,[40]
2020-11-01 14:55:00+00:00,0,0,0.0,[]
2020-11-01 15:00:00+00:00,0,0,0.0,[]
2020-11-01 15:05:00+00:00,0,0,0.0,[]
2020-11-01 15:10:00+00:00,300,0,1.0,[300]
2020-11-01 15:15:00+00:00,0,0,0.0,[]
2020-11-01 15:20:00+00:00,0,0,0.0,[]
2020-11-01 15:25:00+00:00,0,0,0.0,[]
2020-11-01 15:30:00+00:00,0,0,0.0,[]
2020-11-01 15:35:00+00:00,0,0,0.0,[]
2020-11-01 15:40:00+00:00,0,0,0.0,[]
2020-11-01 15:45:00+00:00,0,0,0.0,[]
2020-11-01 15:50:00+00:00,0,0,0.0,[]
2020-11-01 15:55:00+00:00,0,0,0.0,[]
2020-11-01 16:00:00+00:00,0,0,0.0,[]
2020-11-01 16:05:00+00:00,0,0,0.0,[]
2020-11-01 16:10:00+00:00,0,0,0.0,[]
2020-11-01 16:15:00+00:00,0,0,0.0,[]
2020-11-01 16:20:00+00:00,0,0,0.0,[]
2020-11-01 16:25:00+00:00,0,0,0.0,[]
2020-11-01 16:30:00+00:00,0,0,0.0,[]
2020-11-01 16:35:00+00:00,0,0,0.0,[]
2020-11-01 16:40:00+00:00,0,0,0.0,[]
2020-11-01 16:45:00+00:00,0,0,0.0,[]
2020-11-01 16:50:00+00:00,0,0,0.0,[]
2020-11-01 16:55:00+00:00,0,0,0.0,[]
2020-11-01 17:00:00+00:00,0,0,0.0,[]
2020-11-01 17:05:00+00:00,300,0,1.0,[300]
2020-11-01 17:10:00+00:00,0,0,0.0,[]
2020-11-01 17:15:00+00:00,0,0,0.0,[]
2020-11-01 17:20:00+00:00,0,0,0.0,[]
2020-11-01 17:25:00+00:00,0,0,0.0,[]
2020-11-01 17:30:00+00:00,0,0,0.0,[]
2020-11-01 17:35:00+00:00,0,0,0.0,[]
2020-11-01 17:40:00+00:00,0,0,0.0,[]
2020-11-01 17:45:00+00:00,0,0,0.0,[]
2020-11-01 17:50:00+00:00,0,0,0.0,[]
2020-11-01 17:55:00+00:00,1090,0,1.0,[1090]
2020-11-01 18:00:00+00:00,0,0,0.0,[]
2020-11-01 18:05:00+00:00,0,0,0.0,[]
2020-11-01 18:10:00+00:00,0,0,0.0,[]
2020-11-01 18:15:00+00:00,0,0,0.0,[]
2020-11-01 18:20:00+00:00,0,0,0.0,[]
2020-11-01 18:25:00+00:00,0,0,0.0,[]
2020-11-01 18:30:00+00:00,0,0,0.0,[]
2020-11-01 18:35:00+00:00,0,0,0.0,[]
2020-11-01 18:40:00+00:00,0,0,0.0,[]
2020-11-01 18:45:00+00:00,0,0,0.0,[]
2020-11-01 18:50:00+00:00,0,0,0.0,[]
2020-11-01 18:55:00+00:00,0,0,0.0,[]
2020-11-01 19:00:00+00:00,0,0,0.0,[]
2020-11-01 19:05:00+00:00,0,0,0.0,[]
2020-11-01 19:10:00+00:00,0,0,0.0,[]
2020-11-01 19:15:00+00:00,0,0,0.0,[]
2020-11-01 19:20:00+00:00,0,0,0.0,[]
2020-11-01 19:25:00+00:00,190,0,1.0,[190]
2020-11-01 19:30:00+00:00,0,0,0.0,[]
2020-11-01 19:35:00+00:00,0,0,0.0,[]
2020-11-01 19:40:00+00:00,2110,0,1.0,[2110]
2020-11-01 19:45:00+00:00,0,0,0.0,[]
2020-11-01 19:50:00+00:00,0,0,0.0,[]
2020-11-01 19:55:00+00:00,0,0,0.0,[]
2020-11-01 20:00:00+00:00,0,0,0.0,[]
2020-11-01 20:05:00+00:00,0,0,0.0,[]
2020-11-01 20:10:00+00:00,0,0,0.0,[]
2020-11-01 20:15:00+00:00,0,0,0.0,[]
2020-11-01 20:20:00+00:00,0,0,0.0,[]
2020-11-01 20:25:00+00:00,0,0,0.0,[]
2020-11-01 20:30:00+00:00,0,0,0.0,[]
2020-11-01 20:35:00+00:00,0,0,0.0,[]
2020-11-01 20:40:00+00:00,0,0,0.0,[]
2020-11-01 20:45:00+00:00,0,0,0.0,[]
2020-11-01 20:50:00+00:00,0,0,0.0,[]
2020-11-01 20:55:00+00:00,0,0,0.0,[]
2020-11-01 21:00:00+00:00,0,0,0.0,[]
2020-11-01 21:05:00+00:00,0,0,0.0,[]
2020-11-01 21:10:00+00:00,30,0,1.0,[30]
2020-11-01 21:15:00+00:00,30,0,1.0,[30]
2020-11-01 21:20:00+00:00,0,0,0.0,[]
2020-11-01 21:25:00+00:00,0,0,0.0,[]
2020-11-01 21:30:00+00:00,0,0,0.0,[]
2020-11-01 21:35:00+00:00,0,0,0.0,[]
2020-11-01 21:40:00+00:00,300,0,1.0,[300]
2020-11-01 21:45:00+00:00,0,0,0.0,[]
2020-11-01 21:50:00+00:00,0,0,0.0,[]
2020-11-01 21:55:00+00:00,0,0,0.0,[]
2020-11-01 22:00:00+00:00,0,0,0.0,[]
2020-11-01 22:05:00+00:00,0,0,0.0,[]
2020-11-01 22:10:00+00:00,0,0,0.0,[]
2020-11-01 22:15:00+00:00,0,0,0.0,[]
2020-11-01 22:20:00+00:00,0,0,0.0,[]
2020-11-01 22:25:00+00:00,0,0,0.0,[]
2020-11-01 22:30:00+00:00,0,0,0.0,[]
2020-11-01 22:35:00+00:00,0,0,0.0,[]
2020-11-01 22:40:00+00:00,6650,0,1.0,[6650]
2020-11-01 22:45:00+00:00,6650,0,1.0,[6650]
2020-11-01 22:50:00+00:00,0,0,0.0,[]
2020-11-01 22:55:00+00:00,0,0,0.0,[]
2020-11-01 23:00:00+00:00,6500,0,1.0,[6500]
2020-11-01 23:05:00+00:00,0,0,0.0,[]
2020-11-01 23:10:00+00:00,0,0,0.0,[]
2020-11-01 23:15:00+00:00,0,0,0.0,[]
2020-11-01 23:20:00+00:00,0,0,0.0,[]
2020-11-01 23:25:00+00:00,0,0,0.0,[]
2020-11-01 23:30:00+00:00,0,0,0.0,[]
2020-11-01 23:35:00+00:00,10,0,1.0,[10]
2020-11-01 23:40:00+00:00,0,0,0.0,[]
2020-11-01 23:45:00+00:00,0,0,0.0,[]
2020-11-01 23:50:00+00:00,0,0,0.0,[]
2020-11-01 23:55:00+00:00,0,0,0.0,[]
2020-11-02 00:00:00+00:00,1490,0,1.0,[1490]
2020-11-02 00:05:00+00:00,20,0,1.0,[20]
2020-11-02 00:10:00+00:00,0,0,0.0,[]
2020-11-02 00:15:00+00:00,0,0,0.0,[]
2020-11-02 00:20:00+00:00,0,0,0.0,[]
2020-11-02 00:25:00+00:00,0,0,0.0,[]
2020-11-02 00:30:00+00:00,0,0,0.0,[]
2020-11-02 00:35:00+00:00,0,0,0.0,[]
2020-11-02 00:40:00+00:00,0,0,0.0,[]
2020-11-02 00:45:00+00:00,670,0,1.0,[670]
2020-11-02 00:50:00+00:00,0,0,0.0,[]
2020-11-02 00:55:00+00:00,0,0,0.0,[]
2020-11-02 01:00:00+00:00,0,0,0.0,[]
2020-11-02 01:05:00+00:00,2650,0,2.0,"[1970, 680]"
2020-11-02 01:10:00+00:00,0,0,0.0,[]
2020-11-02 01:15:00+00:00,0,0,0.0,[]
2020-11-02 01:20:00+00:00,0,0,0.0,[]
2020-11-02 01:25:00+00:00,0,0,0.0,[]
2020-11-02 01:30:00+00:00,0,0,0.0,[]
2020-11-02 01:35:00+00:00,0,0,0.0,[]
2020-11-02 01:40:00+00:00,0,0,0.0,[]
2020-11-02 01:45:00+00:00,300,0,1.0,[300]
2020-11-02 01:50:00+00:00,0,0,0.0,[]
2020-11-02 01:55:00+00:00,0,0,0.0,[]
2020-11-02 02:00:00+00:00,0,0,0.0,[]
2020-11-02 02:05:00+00:00,1010,0,1.0,[1010]
2020-11-02 02:10:00+00:00,0,0,0.0,[]
2020-11-02 02:15:00+00:00,0,0,0.0,[]
2020-11-02 02:20:00+00:00,100,0,1.0,[100]
2020-11-02 02:25:00+00:00,0,0,0.0,[]
2020-11-02 02:30:00+00:00,0,0,0.0,[]
2020-11-02 02:35:00+00:00,0,0,0.0,[]
2020-11-02 02:40:00+00:00,0,0,0.0,[]
2020-11-02 02:45:00+00:00,0,0,0.0,[]
2020-11-02 02:50:00+00:00,0,0,0.0,[]
2020-11-02 02:55:00+00:00,0,0,0.0,[]
2020-11-02 03:00:00+00:00,0,0,0.0,[]
2020-11-02 03:05:00+00:00,0,0,0.0,[]
2020-11-02 03:10:00+00:00,0,0,0.0,[]
2020-11-02 03:15:00+00:00,0,0,0.0,[]
2020-11-02 03:20:00+00:00,0,0,0.0,[]
2020-11-02 03:25:00+00:00,0,0,0.0,[]
2020-11-02 03:30:00+00:00,0,0,0.0,[]
2020-11-02 03:35:00+00:00,0,0,0.0,[]
2020-11-02 03:40:00+00:00,0,0,0.0,[]
2020-11-02 03:45:00+00:00,0,0,0.0,[]
2020-11-02 03:50:00+00:00,0,0,0.0,[]
2020-11-02 03:55:00+00:00,0,0,0.0,[]
2020-11-02 04:00:00+00:00,0,0,0.0,[]
2020-11-02 04:05:00+00:00,0,0,0.0,[]
2020-11-02 04:10:00+00:00,0,0,0.0,[]
2020-11-02 04:15:00+00:00,0,0,0.0,[]
2020-11-02 04:20:00+00:00,0,0,0.0,[]
2020-11-02 04:25:00+00:00,0,0,0.0,[]
2020-11-02 04:30:00+00:00,0,0,0.0,[]
2020-11-02 04:35:00+00:00,0,0,0.0,[]
2020-11-02 04:40:00+00:00,0,0,0.0,[]
2020-11-02 04:45:00+00:00,0,0,0.0,[]
2020-11-02 04:50:00+00:00,0,0,0.0,[]
2020-11-02 04:55:00+00:00,0,0,0.0,[]
2020-11-02 05:00:00+00:00,0,0,0.0,[]
2020-11-02 05:05:00+00:00,0,0,0.0,[]
2020-11-02 05:10:00+00:00,20,0,1.0,[20]
2020-11-02 05:15:00+00:00,0,0,0.0,[]
2020-11-02 05:20:00+00:00,5720,0,2.0,"[2860, 2860]"
2020-11-02 05:25:00+00:00,0,0,0.0,[]
2020-11-02 05:30:00+00:00,0,0,0.0,[]
2020-11-02 05:35:00+00:00,0,0,0.0,[]
2020-11-02 05:40:00+00:00,0,0,0.0,[]
2020-11-02 05:45:00+00:00,0,0,0.0,[]
2020-11-02 05:50:00+00:00,0,0,0.0,[]
2020-11-02 05:55:00+00:00,0,0,0.0,[]
2020-11-02 06:00:00+00:00,650,0,1.0,[650]
2020-11-02 06:05:00+00:00,0,0,0.0,[]
2020-11-02 06:10:00+00:00,0,0,0.0,[]
2020-11-02 06:15:00+00:00,0,0,0.0,[]
2020-11-02 06:20:00+00:00,0,0,0.0,[]
2020-11-02 06:25:00+00:00,0,0,0.0,[]
2020-11-02 06:30:00+00:00,0,0,0.0,[]
2020-11-02 06:35:00+00:00,0,0,0.0,[]
2020-11-02 06:40:00+00:00,0,0,0.0,[]
2020-11-02 06:45:00+00:00,0,0,0.0,[]
2020-11-02 06:50:00+00:00,0,0,0.0,[]
2020-11-02 06:55:00+00:00,0,0,0.0,[]
2020-11-02 07:00:00+00:00,0,0,0.0,[]
2020-11-02 07:05:00+00:00,0,0,0.0,[]
2020-11-02 07:10:00+00:00,0,0,0.0,[]
2020-11-02 07:15:00+00:00,0,0,0.0,[]
2020-11-02 07:20:00+00:00,0,0,0.0,[]
2020-11-02 07:25:00+00:00,0,0,0.0,[]
2020-11-02 07:30:00+00:00,0,0,0.0,[]
2020-11-02 07:35:00+00:00,0,0,0.0,[]
2020-11-02 07:40:00+00:00,0,0,0.0,[]
2020-11-02 07:45:00+00:00,0,0,0.0,[]
2020-11-02 07:50:00+00:00,0,0,0.0,[]
2020-11-02 07:55:00+00:00,0,0,0.0,[]
2020-11-02 08:00:00+00:00,0,0,0.0,[]
2020-11-02 08:05:00+00:00,0,0,0.0,[]
2020-11-02 08:10:00+00:00,0,0,0.0,[]
2020-11-02 08:15:00+00:00,0,0,0.0,[]
2020-11-02 08:20:00+00:00,0,0,0.0,[]
2020-11-02 08:25:00+00:00,0,0,0.0,[]
2020-11-02 08:30:00+00:00,0,0,0.0,[]
2020-11-02 08:35:00+00:00,0,0,0.0,[]
2020-11-02 08:40:00+00:00,0,0,0.0,[]
2020-11-02 08:45:00+00:00,0,0,0.0,[]
2020-11-02 08:50:00+00:00,0,0,0.0,[]
2020-11-02 08:55:00+00:00,0,0,0.0,[]
2020-11-02 09:00:00+00:00,0,0,0.0,[]
2020-11-02 09:05:00+00:00,0,0,0.0,[]
2020-11-02 09:10:00+00:00,0,0,0.0,[]
2020-11-02 09:15:00+00:00,0,0,0.0,[]
2020-11-02 09:20:00+00:00,0,0,0.0,[]
2020-11-02 09:25:00+00:00,0,0,0.0,[]
2020-11-02 09:30:00+00:00,0,0,0.0,[]
2020-11-02 09:35:00+00:00,0,0,0.0,[]
2020-11-02 09:40:00+00:00,0,0,0.0,[]
2020-11-02 09:45:00+00:00,0,0,0.0,[]
2020-11-02 09:50:00+00:00,0,0,0.0,[]
2020-11-02 09:55:00+00:00,0,0,0.0,[]
2020-11-02 10:00:00+00:00,0,0,0.0,[]
2020-11-02 10:05:00+00:00,0,0,0.0,[]
2020-11-02 10:10:00+00:00,0,0,0.0,[]
2020-11-02 10:15:00+00:00,0,0,0.0,[]
2020-11-02 10:20:00+00:00,0,0,0.0,[]
2020-11-02 10:25:00+00:00,0,0,0.0,[]
2020-11-02 10:30:00+00:00,0,0,0.0,[]
2020-11-02 10:35:00+00:00,0,0,0.0,[]
2020-11-02 10:40:00+00:00,0,0,0.0,[]
2020-11-02 10:45:00+00:00,0,0,0.0,[]
2020-11-02 10:50:00+00:00,0,0,0.0,[]
2020-11-02 10:55:00+00:00,0,0,0.0,[]
2020-11-02 11:00:00+00:00,0,0,0.0,[]
2020-11-02 11:05:00+00:00,0,0,0.0,[]
2020-11-02 11:10:00+00:00,0,0,0.0,[]
2020-11-02 11:15:00+00:00,0,0,0.0,[]
2020-11-02 11:20:00+00:00,0,0,0.0,[]
2020-11-02 11:25:00+00:00,0,0,0.0,[]
2020-11-02 11:30:00+00:00,0,0,0.0,[]
2020-11-02 11:35:00+00:00,0,0,0.0,[]
2020-11-02 11:40:00+00:00,0,0,0.0,[]
2020-11-02 11:45:00+00:00,0,0,0.0,[]
2020-11-02 11:50:00+00:00,0,0,0.0,[]
2020-11-02 11:55:00+00:00,0,0,0.0,[]
2020-11-02 12:00:00+00:00,0,0,0.0,[]
2020-11-02 12:05:00+00:00,0,0,0.0,[]
2020-11-02 12:10:00+00:00,0,0,0.0,[]
2020-11-02 12:15:00+00:00,0,0,0.0,[]
2020-11-02 12:20:00+00:00,0,0,0.0,[]
2020-11-02 12:25:00+00:00,0,0,0.0,[]
2020-11-02 12:30:00+00:00,0,0,0.0,[]
2020-11-02 12:35:00+00:00,0,0,0.0,[]
2020-11-02 12:40:00+00:00,0,0,0.0,[]
2020-11-02 12:45:00+00:00,0,0,0.0,[]
2020-11-02 12:50:00+00:00,0,0,0.0,[]
2020-11-02 12:55:00+00:00,0,0,0.0,[]
2020-11-02 13:00:00+00:00,0,0,0.0,[]
2020-11-02 13:05:00+00:00,0,0,0.0,[]
2020-11-02 13:10:00+00:00,40,0,1.0,[40]
2020-11-02 13:15:00+00:00,0,0,0.0,[]
2020-11-02 13:20:00+00:00,0,0,0.0,[]
2020-11-02 13:25:00+00:00,0,0,0.0,[]
2020-11-02 13:30:00+00:00,0,0,0.0,[]
2020-11-02 13:35:00+00:00,0,0,0.0,[]
2020-11-02 13:40:00+00:00,0,0,0.0,[]
2020-11-02 13:45:00+00:00,0,0,0.0,[]
2020-11-02 13:50:00+00:00,0,0,0.0,[]
2020-11-02 13:55:00+00:00,0,0,0.0,[]
2020-11-02 14:00:00+00:00,0,0,0.0,[]
2020-11-02 14:05:00+00:00,13170,0,1.0,[13170]
2020-11-02 14:10:00+00:00,610,0,1.0,[610]
2020-11-02 14:15:00+00:00,0,0,0.0,[]
2020-11-02 14:20:00+00:00,0,0,0.0,[]
2020-11-02 14:25:00+00:00,0,0,0.0,[]
2020-11-02 14:30:00+00:00,0,0,0.0,[]
2020-11-02 14:35:00+00:00,0,0,0.0,[]
2020-11-02 14:40:00+00:00,0,0,0.0,[]
2020-11-02 14:45:00+00:00,0,0,0.0,[]
2020-11-02 14:50:00+00:00,0,0,0.0,[]
2020-11-02 14:55:00+00:00,0,0,0.0,[]
2020-11-02 15:00:00+00:00,0,0,0.0,[]
2020-11-02 15:05:00+00:00,0,0,0.0,[]
2020-11-02 15:10:00+00:00,0,0,0.0,[]
2020-11-02 15:15:00+00:00,0,0,0.0,[]
2020-11-02 15:20:00+00:00,12480,0,1.0,[12480]
2020-11-02 15:25:00+00:00,5650,0,5.0,"[80, 1230, 160, 280, 3900]"
2020-11-02 15:30:00+00:00,14630,0,4.0,"[1870, 8690, 2070, 2000]"
2020-11-02 15:35:00+00:00,5610,0,2.0,"[130, 5480]"
2020-11-02 15:40:00+00:00,2580,0,2.0,"[280, 2300]"
2020-11-02 15:45:00+00:00,320,0,1.0,[320]
2020-11-02 15:50:00+00:00,870,0,1.0,[870]
2020-11-02 15:55:00+00:00,610,0,1.0,[610]
2020-11-02 16:00:00+00:00,0,0,0.0,[]
2020-11-02 16:05:00+00:00,1510,0,1.0,[1510]
2020-11-02 16:10:00+00:00,1030,0,1.0,[1030]
2020-11-02 16:15:00+00:00,90,0,1.0,[90]
2020-11-02 16:20:00+00:00,160,0,1.0,[160]
2020-11-02 16:25:00+00:00,0,0,0.0,[]
2020-11-02 16:30:00+00:00,0,0,0.0,[]
2020-11-02 16:35:00+00:00,0,0,0.0,[]
2020-11-02 16:40:00+00:00,360,0,2.0,"[180, 180]"
2020-11-02 16:45:00+00:00,160,0,1.0,[160]
2020-11-02 16:50:00+00:00,0,0,0.0,[]
2020-11-02 16:55:00+00:00,0,0,0.0,[]
2020-11-02 17:00:00+00:00,0,0,0.0,[]
2020-11-02 17:05:00+00:00,0,0,0.0,[]
2020-11-02 17:10:00+00:00,0,0,0.0,[]
2020-11-02 17:15:00+00:00,0,0,0.0,[]
2020-11-02 17:20:00+00:00,0,0,0.0,[]
2020-11-02 17:25:00+00:00,0,0,0.0,[]
2020-11-02 17:30:00+00:00,0,0,0.0,[]
2020-11-02 17:35:00+00:00,0,0,0.0,[]
2020-11-02 17:40:00+00:00,0,0,0.0,[]
2020-11-02 17:45:00+00:00,0,0,0.0,[]
2020-11-02 17:50:00+00:00,0,0,0.0,[]
2020-11-02 17:55:00+00:00,0,0,0.0,[]
2020-11-02 18:00:00+00:00,0,0,0.0,[]
2020-11-02 18:05:00+00:00,0,0,0.0,[]
2020-11-02 18:10:00+00:00,50,0,1.0,[50]
2020-11-02 18:15:00+00:00,0,0,0.0,[]
2020-11-02 18:20:00+00:00,0,0,0.0,[]
2020-11-02 18:25:00+00:00,0,0,0.0,[]
2020-11-02 18:30:00+00:00,0,0,0.0,[]
2020-11-02 18:35:00+00:00,0,0,0.0,[]
2020-11-02 18:40:00+00:00,0,0,0.0,[]
2020-11-02 18:45:00+00:00,0,0,0.0,[]
2020-11-02 18:50:00+00:00,0,0,0.0,[]
2020-11-02 18:55:00+00:00,0,0,0.0,[]
2020-11-02 19:00:00+00:00,0,0,0.0,[]
2020-11-02 19:05:00+00:00,0,0,0.0,[]
2020-11-02 19:10:00+00:00,0,0,0.0,[]
2020-11-02 19:15:00+00:00,0,0,0.0,[]
2020-11-02 19:20:00+00:00,0,0,0.0,[]
2020-11-02 19:25:00+00:00,0,0,0.0,[]
2020-11-02 19:30:00+00:00,0,0,0.0,[]
2020-11-02 19:35:00+00:00,0,0,0.0,[]
2020-11-02 19:40:00+00:00,0,0,0.0,[]
2020-11-02 19:45:00+00:00,0,0,0.0,[]
2020-11-02 19:50:00+00:00,0,0,0.0,[]
2020-11-02 19:55:00+00:00,0,0,0.0,[]
2020-11-02 20:00:00+00:00,0,0,0.0,[]
2020-11-02 20:05:00+00:00,0,0,0.0,[]
2020-11-02 20:10:00+00:00,0,0,0.0,[]
2020-11-02 20:15:00+00:00,220,0,2.0,"[110, 110]"
2020-11-02 20:20:00+00:00,0,0,0.0,[]
2020-11-02 20:25:00+00:00,0,0,0.0,[]
2020-11-02 20:30:00+00:00,0,0,0.0,[]
2020-11-02 20:35:00+00:00,0,0,0.0,[]
2020-11-02 20:40:00+00:00,0,0,0.0,[]
2020-11-02 20:45:00+00:00,0,0,0.0,[]
2020-11-02 20:50:00+00:00,0,0,0.0,[]
2020-11-02 20:55:00+00:00,20,0,1.0,[20]
2020-11-02 21:00:00+00:00,0,0,0.0,[]
2020-11-02 21:05:00+00:00,0,0,0.0,[]
2020-11-02 21:10:00+00:00,0,0,0.0,[]
2020-11-02 21:15:00+00:00,0,0,0.0,[]
2020-11-02 21:20:00+00:00,0,0,0.0,[]
2020-11-02 21:25:00+00:00,0,0,0.0,[]
2020-11-02 21:30:00+00:00,0,0,0.0,[]
2020-11-02 21:35:00+00:00,0,0,0.0,[]
2020-11-02 21:40:00+00:00,0,0,0.0,[]
2020-11-02 21:45:00+00:00,0,0,0.0,[]
2020-11-02 21:50:00+00:00,0,0,0.0,[]
2020-11-02 21:55:00+00:00,0,0,0.0,[]
2020-11-02 22:00:00+00:00,0,0,0.0,[]
2020-11-02 22:05:00+00:00,0,0,0.0,[]
2020-11-02 22:10:00+00:00,10,0,1.0,[10]
2020-11-02 22:15:00+00:00,0,0,0.0,[]
2020-11-02 22:20:00+00:00,0,0,0.0,[]
2020-11-02 22:25:00+00:00,0,0,0.0,[]
2020-11-02 22:30:00+00:00,0,0,0.0,[]
2020-11-02 22:35:00+00:00,0,0,0.0,[]
2020-11-02 22:40:00+00:00,0,0,0.0,[]
2020-11-02 22:45:00+00:00,0,0,0.0,[]
2020-11-02 22:50:00+00:00,0,0,0.0,[]
2020-11-02 22:55:00+00:00,0,0,0.0,[]
2020-11-02 23:00:00+00:00,0,0,0.0,[]
2020-11-02 23:05:00+00:00,0,0,0.0,[]
2020-11-02 23:10:00+00:00,0,0,0.0,[]
2020-11-02 23:15:00+00:00,0,0,0.0,[]
2020-11-02 23:20:00+00:00,0,0,0.0,[]
2020-11-02 23:25:00+00:00,0,0,0.0,[]
2020-11-02 23:30:00+00:00,0,0,0.0,[]
2020-11-02 23:35:00+00:00,0,0,0.0,[]
2020-11-02 23:40:00+00:00,0,0,0.0,[]
2020-11-02 23:45:00+00:00,0,0,0.0,[]
2020-11-02 23:50:00+00:00,0,0,0.0,[]
2020-11-02 23:55:00+00:00,0,0,0.0,[]
2020-11-03 00:00:00+00:00,0,0,0.0,[]
2020-11-03 00:05:00+00:00,0,0,0.0,[]
2020-11-03 00:10:00+00:00,0,0,0.0,[]
2020-11-03 00:15:00+00:00,0,0,0.0,[]
2020-11-03 00:20:00+00:00,0,0,0.0,[]
2020-11-03 00:25:00+00:00,0,0,0.0,[]
2020-11-03 00:30:00+00:00,0,0,0.0,[]
2020-11-03 00:35:00+00:00,0,0,0.0,[]
2020-11-03 00:40:00+00:00,0,0,0.0,[]
2020-11-03 00:45:00+00:00,0,0,0.0,[]
2020-11-03 00:50:00+00:00,2310,0,1.0,[2310]
2020-11-03 00:55:00+00:00,0,0,0.0,[]
2020-11-03 01:00:00+00:00,0,0,0.0,[]
2020-11-03 01:05:00+00:00,0,0,0.0,[]
2020-11-03 01:10:00+00:00,40,0,1.0,[40]
2020-11-03 01:15:00+00:00,0,0,0.0,[]
2020-11-03 01:20:00+00:00,0,0,0.0,[]
2020-11-03 01:25:00+00:00,0,0,0.0,[]
2020-11-03 01:30:00+00:00,0,0,0.0,[]
2020-11-03 01:35:00+00:00,0,0,0.0,[]
2020-11-03 01:40:00+00:00,0,0,0.0,[]
2020-11-03 01:45:00+00:00,0,0,0.0,[]
2020-11-03 01:50:00+00:00,0,0,0.0,[]
2020-11-03 01:55:00+00:00,0,0,0.0,[]
2020-11-03 02:00:00+00:00,0,0,0.0,[]
2020-11-03 02:05:00+00:00,0,0,0.0,[]
2020-11-03 02:10:00+00:00,0,0,0.0,[]
2020-11-03 02:15:00+00:00,0,0,0.0,[]
2020-11-03 02:20:00+00:00,0,0,0.0,[]
2020-11-03 02:25:00+00:00,0,0,0.0,[]
2020-11-03 02:30:00+00:00,0,0,0.0,[]
2020-11-03 02:35:00+00:00,0,0,0.0,[]
2020-11-03 02:40:00+00:00,0,0,0.0,[]
2020-11-03 02:45:00+00:00,0,0,0.0,[]
2020-11-03 02:50:00+00:00,0,0,0.0,[]
2020-11-03 02:55:00+00:00,0,0,0.0,[]
2020-11-03 03:00:00+00:00,0,0,0.0,[]
2020-11-03 03:05:00+00:00,1270,0,1.0,[1270]
2020-11-03 03:10:00+00:00,0,0,0.0,[]
2020-11-03 03:15:00+00:00,1730,0,1.0,[1730]
2020-11-03 03:20:00+00:00,0,0,0.0,[]
2020-11-03 03:25:00+00:00,0,0,0.0,[]
2020-11-03 03:30:00+00:00,0,0,0.0,[]
2020-11-03 03:35:00+00:00,0,0,0.0,[]
2020-11-03 03:40:00+00:00,0,0,0.0,[]
2020-11-03 03:45:00+00:00,0,0,0.0,[]
2020-11-03 03:50:00+00:00,0,0,0.0,[]
2020-11-03 03:55:00+00:00,0,0,0.0,[]
2020-11-03 04:00:00+00:00,0,0,0.0,[]
2020-11-03 04:05:00+00:00,0,0,0.0,[]
2020-11-03 04:10:00+00:00,0,0,0.0,[]
2020-11-03 04:15:00+00:00,0,0,0.0,[]
2020-11-03 04:20:00+00:00,0,0,0.0,[]
2020-11-03 04:25:00+00:00,0,0,0.0,[]
2020-11-03 04:30:00+00:00,0,0,0.0,[]
2020-11-03 04:35:00+00:00,0,0,0.0,[]
2020-11-03 04:40:00+00:00,0,0,0.0,[]
2020-11-03 04:45:00+00:00,0,0,0.0,[]
2020-11-03 04:50:00+00:00,0,0,0.0,[]
2020-11-03 04:55:00+00:00,0,0,0.0,[]
2020-11-03 05:00:00+00:00,0,0,0.0,[]
2020-11-03 05:05:00+00:00,0,0,0.0,[]
2020-11-03 05:10:00+00:00,0,0,0.0,[]
2020-11-03 05:15:00+00:00,0,0,0.0,[]
2020-11-03 05:20:00+00:00,0,0,0.0,[]
2020-11-03 05:25:00+00:00,0,0,0.0,[]
2020-11-03 05:30:00+00:00,0,0,0.0,[]
2020-11-03 05:35:00+00:00,0,0,0.0,[]
2020-11-03 05:40:00+00:00,0,0,0.0,[]
2020-11-03 05:45:00+00:00,0,0,0.0,[]
2020-11-03 05:50:00+00:00,0,0,0.0,[]
2020-11-03 05:55:00+00:00,0,0,0.0,[]
2020-11-03 06:00:00+00:00,0,0,0.0,[]
2020-11-03 06:05:00+00:00,0,0,0.0,[]
2020-11-03 06:10:00+00:00,0,0,0.0,[]
2020-11-03 06:15:00+00:00,0,0,0.0,[]
2020-11-03 06:20:00+00:00,0,0,0.0,[]
2020-11-03 06:25:00+00:00,0,0,0.0,[]
2020-11-03 06:30:00+00:00,0,0,0.0,[]
2020-11-03 06:35:00+00:00,0,0,0.0,[]
2020-11-03 06:40:00+00:00,0,0,0.0,[]
2020-11-03 06:45:00+00:00,0,0,0.0,[]
2020-11-03 06:50:00+00:00,0,0,0.0,[]
2020-11-03 06:55:00+00:00,0,0,0.0,[]
2020-11-03 07:00:00+00:00,0,0,0.0,[]
2020-11-03 07:05:00+00:00,0,0,0.0,[]
2020-11-03 07:10:00+00:00,0,0,0.0,[]
2020-11-03 07:15:00+00:00,0,0,0.0,[]
2020-11-03 07:20:00+00:00,0,0,0.0,[]
2020-11-03 07:25:00+00:00,0,0,0.0,[]
2020-11-03 07:30:00+00:00,0,0,0.0,[]
2020-11-03 07:35:00+00:00,0,0,0.0,[]
2020-11-03 07:40:00+00:00,0,0,0.0,[]
2020-11-03 07:45:00+00:00,0,0,0.0,[]
2020-11-03 07:50:00+00:00,0,0,0.0,[]
2020-11-03 07:55:00+00:00,0,0,0.0,[]
2020-11-03 08:00:00+00:00,0,0,0.0,[]
2020-11-03 08:05:00+00:00,0,0,0.0,[]
2020-11-03 08:10:00+00:00,0,0,0.0,[]
2020-11-03 08:15:00+00:00,0,0,0.0,[]
2020-11-03 08:20:00+00:00,0,0,0.0,[]
2020-11-03 08:25:00+00:00,0,0,0.0,[]
2020-11-03 08:30:00+00:00,0,0,0.0,[]
2020-11-03 08:35:00+00:00,20,0,1.0,[20]
2020-11-03 08:40:00+00:00,0,0,0.0,[]
2020-11-03 08:45:00+00:00,0,0,0.0,[]
2020-11-03 08:50:00+00:00,0,0,0.0,[]
2020-11-03 08:55:00+00:00,0,0,0.0,[]
2020-11-03 09:00:00+00:00,0,0,0.0,[]
2020-11-03 09:05:00+00:00,0,0,0.0,[]
2020-11-03 09:10:00+00:00,0,0,0.0,[]
2020-11-03 09:15:00+00:00,0,0,0.0,[]
2020-11-03 09:20:00+00:00,0,0,0.0,[]
2020-11-03 09:25:00+00:00,0,0,0.0,[]
2020-11-03 09:30:00+00:00,0,0,0.0,[]
2020-11-03 09:35:00+00:00,0,0,0.0,[]
2020-11-03 09:40:00+00:00,0,0,0.0,[]
2020-11-03 09:45:00+00:00,0,0,0.0,[]
2020-11-03 09:50:00+00:00,0,0,0.0,[]
2020-11-03 09:55:00+00:00,0,0,0.0,[]
2020-11-03 10:00:00+00:00,0,0,0.0,[]
2020-11-03 10:05:00+00:00,0,0,0.0,[]
2020-11-03 10:10:00+00:00,0,0,0.0,[]
2020-11-03 10:15:00+00:00,0,0,0.0,[]
2020-11-03 10:20:00+00:00,0,0,0.0,[]
2020-11-03 10:25:00+00:00,0,0,0.0,[]
2020-11-03 10:30:00+00:00,0,0,1.0,[0]
2020-11-03 10:35:00+00:00,0,0,0.0,[]
2020-11-03 10:40:00+00:00,0,0,0.0,[]
2020-11-03 10:45:00+00:00,0,0,0.0,[]
2020-11-03 10:50:00+00:00,0,0,0.0,[]
2020-11-03 10:55:00+00:00,0,0,0.0,[]
2020-11-03 11:00:00+00:00,0,0,0.0,[]
2020-11-03 11:05:00+00:00,0,0,0.0,[]
2020-11-03 11:10:00+00:00,0,0,0.0,[]
2020-11-03 11:15:00+00:00,0,0,0.0,[]
2020-11-03 11:20:00+00:00,0,0,0.0,[]
2020-11-03 11:25:00+00:00,0,0,0.0,[]
2020-11-03 11:30:00+00:00,0,0,0.0,[]
2020-11-03 11:35:00+00:00,0,0,0.0,[]
2020-11-03 11:40:00+00:00,0,0,0.0,[]
2020-11-03 11:45:00+00:00,0,0,0.0,[]
2020-11-03 11:50:00+00:00,0,0,0.0,[]
2020-11-03 11:55:00+00:00,0,0,0.0,[]
2020-11-03 12:00:00+00:00,0,0,0.0,[]
2020-11-03 12:05:00+00:00,0,0,0.0,[]
2020-11-03 12:10:00+00:00,0,0,0.0,[]
2020-11-03 12:15:00+00:00,0,0,0.0,[]
2020-11-03 12:20:00+00:00,0,0,0.0,[]
2020-11-03 12:25:00+00:00,0,0,0.0,[]
2020-11-03 12:30:00+00:00,0,0,0.0,[]
2020-11-03 12:35:00+00:00,0,0,0.0,[]
2020-11-03 12:40:00+00:00,0,0,0.0,[]
2020-11-03 12:45:00+00:00,0,0,0.0,[]
2020-11-03 12:50:00+00:00,0,0,0.0,[]
2020-11-03 12:55:00+00:00,0,0,0.0,[]
2020-11-03 13:00:00+00:00,0,0,0.0,[]
2020-11-03 13:05:00+00:00,0,0,0.0,[]
2020-11-03 13:10:00+00:00,0,0,0.0,[]
2020-11-03 13:15:00+00:00,0,0,0.0,[]
2020-11-03 13:20:00+00:00,0,0,0.0,[]
2020-11-03 13:25:00+00:00,0,0,0.0,[]
2020-11-03 13:30:00+00:00,0,0,0.0,[]
2020-11-03 13:35:00+00:00,0,0,0.0,[]
2020-11-03 13:40:00+00:00,0,0,0.0,[]
2020-11-03 13:45:00+00:00,0,0,0.0,[]
2020-11-03 13:50:00+00:00,0,0,0.0,[]
2020-11-03 13:55:00+00:00,0,0,0.0,[]
2020-11-03 14:00:00+00:00,0,0,0.0,[]
2020-11-03 14:05:00+00:00,0,0,0.0,[]
2020-11-03 14:10:00+00:00,0,0,0.0,[]
2020-11-03 14:15:00+00:00,0,0,0.0,[]
2020-11-03 14:20:00+00:00,0,0,0.0,[]
2020-11-03 14:25:00+00:00,0,0,0.0,[]
2020-11-03 14:30:00+00:00,0,0,0.0,[]
2020-11-03 14:35:00+00:00,0,0,0.0,[]
2020-11-03 14:40:00+00:00,0,0,0.0,[]
2020-11-03 14:45:00+00:00,0,0,0.0,[]
2020-11-03 14:50:00+00:00,0,0,0.0,[]
2020-11-03 14:55:00+00:00,0,0,0.0,[]
2020-11-03 15:00:00+00:00,0,0,0.0,[]
2020-11-03 15:05:00+00:00,0,0,0.0,[]
2020-11-03 15:10:00+00:00,0,0,0.0,[]
2020-11-03 15:15:00+00:00,0,0,0.0,[]
2020-11-03 15:20:00+00:00,0,0,0.0,[]
2020-11-03 15:25:00+00:00,0,0,0.0,[]
2020-11-03 15:30:00+00:00,0,0,0.0,[]
2020-11-03 15:35:00+00:00,0,0,0.0,[]
2020-11-03 15:40:00+00:00,0,0,0.0,[]
2020-11-03 15:45:00+00:00,0,0,0.0,[]
2020-11-03 15:50:00+00:00,0,0,0.0,[]
2020-11-03 15:55:00+00:00,0,0,0.0,[]
2020-11-03 16:00:00+00:00,0,0,0.0,[]
2020-11-03 16:05:00+00:00,0,0,0.0,[]
2020-11-03 16:10:00+00:00,0,0,0.0,[]
2020-11-03 16:15:00+00:00,0,0,0.0,[]
2020-11-03 16:20:00+00:00,0,0,0.0,[]
2020-11-03 16:25:00+00:00,0,0,0.0,[]
2020-11-03 16:30:00+00:00,0,0,0.0,[]
2020-11-03 16:35:00+00:00,0,0,0.0,[]
2020-11-03 16:40:00+00:00,0,0,0.0,[]
2020-11-03 16:45:00+00:00,0,0,0.0,[]
2020-11-03 16:50:00+00:00,1700,0,1.0,[1700]
2020-11-03 16:55:00+00:00,0,0,0.0,[]
2020-11-03 17:00:00+00:00,0,0,0.0,[]
2020-11-03 17:05:00+00:00,810,0,1.0,[810]
2020-11-03 17:10:00+00:00,0,0,0.0,[]
2020-11-03 17:15:00+00:00,0,0,0.0,[]
2020-11-03 17:20:00+00:00,0,0,1.0,[0]
2020-11-03 17:25:00+00:00,0,0,0.0,[]
2020-11-03 17:30:00+00:00,0,0,0.0,[]
2020-11-03 17:35:00+00:00,0,0,0.0,[]
2020-11-03 17:40:00+00:00,0,0,0.0,[]
2020-11-03 17:45:00+00:00,0,0,0.0,[]
2020-11-03 17:50:00+00:00,0,0,0.0,[]
2020-11-03 17:55:00+00:00,0,0,0.0,[]
2020-11-03 18:00:00+00:00,0,0,0.0,[]
2020-11-03 18:05:00+00:00,0,0,0.0,[]
2020-11-03 18:10:00+00:00,0,0,0.0,[]
2020-11-03 18:15:00+00:00,0,0,0.0,[]
2020-11-03 18:20:00+00:00,0,0,0.0,[]
2020-11-03 18:25:00+00:00,0,0,0.0,[]
2020-11-03 18:30:00+00:00,0,0,0.0,[]
2020-11-03 18:35:00+00:00,0,0,0.0,[]
2020-11-03 18:40:00+00:00,0,0,0.0,[]
2020-11-03 18:45:00+00:00,0,0,0.0,[]
2020-11-03 18:50:00+00:00,0,0,0.0,[]
2020-11-03 18:55:00+00:00,0,0,0.0,[]
2020-11-03 19:00:00+00:00,0,0,0.0,[]
2020-11-03 19:05:00+00:00,0,0,0.0,[]
2020-11-03 19:10:00+00:00,0,0,0.0,[]
2020-11-03 19:15:00+00:00,0,0,0.0,[]
2020-11-03 19:20:00+00:00,0,0,0.0,[]
2020-11-03 19:25:00+00:00,0,0,0.0,[]
2020-11-03 19:30:00+00:00,0,0,0.0,[]
2020-11-03 19:35:00+00:00,0,0,0.0,[]
2020-11-03 19:40:00+00:00,0,0,0.0,[]
2020-11-03 19:45:00+00:00,0,0,0.0,[]
2020-11-03 19:50:00+00:00,0,0,0.0,[]
2020-11-03 19:55:00+00:00,0,0,0.0,[]
2020-11-03 20:00:00+00:00,0,0,0.0,[]
2020-11-03 20:05:00+00:00,0,0,0.0,[]
2020-11-03 20:10:00+00:00,0,0,0.0,[]
2020-11-03 20:15:00+00:00,0,0,0.0,[]
2020-11-03 20:20:00+00:00,0,0,0.0,[]
2020-11-03 20:25:00+00:00,0,0,0.0,[]
2020-11-03 20:30:00+00:00,0,0,0.0,[]
2020-11-03 20:35:00+00:00,0,0,0.0,[]
2020-11-03 20:40:00+00:00,0,0,0.0,[]
2020-11-03 20:45:00+00:00,0,0,0.0,[]
2020-11-03 20:50:00+00:00,0,0,0.0,[]
2020-11-03 20:55:00+00:00,0,0,0.0,[]
2020-11-03 21:00:00+00:00,0,0,0.0,[]
2020-11-03 21:05:00+00:00,0,0,0.0,[]
2020-11-03 21:10:00+00:00,0,0,0.0,[]
2020-11-03 21:15:00+00:00,0,0,0.0,[]
2020-11-03 21:20:00+00:00,0,0,0.0,[]
2020-11-03 21:25:00+00:00,0,0,0.0,[]
2020-11-03 21:30:00+00:00,0,0,0.0,[]
2020-11-03 21:35:00+00:00,0,0,0.0,[]
2020-11-03 21:40:00+00:00,0,0,0.0,[]
2020-11-03 21:45:00+00:00,0,0,0.0,[]
2020-11-03 21:50:00+00:00,0,0,0.0,[]
2020-11-03 21:55:00+00:00,0,0,0.0,[]
2020-11-03 22:00:00+00:00,0,0,0.0,[]
2020-11-03 22:05:00+00:00,0,0,0.0,[]
2020-11-03 22:10:00+00:00,0,0,0.0,[]
2020-11-03 22:15:00+00:00,0,0,0.0,[]
2020-11-03 22:20:00+00:00,0,0,0.0,[]
2020-11-03 22:25:00+00:00,0,0,0.0,[]
2020-11-03 22:30:00+00:00,0,0,0.0,[]
2020-11-03 22:35:00+00:00,0,0,0.0,[]
2020-11-03 22:40:00+00:00,0,0,0.0,[]
2020-11-03 22:45:00+00:00,0,0,0.0,[]
2020-11-03 22:50:00+00:00,0,0,0.0,[]
2020-11-03 22:55:00+00:00,0,0,0.0,[]
2020-11-03 23:00:00+00:00,0,0,0.0,[]
2020-11-03 23:05:00+00:00,0,0,0.0,[]
2020-11-03 23:10:00+00:00,0,0,0.0,[]
2020-11-03 23:15:00+00:00,0,0,0.0,[]
2020-11-03 23:20:00+00:00,0,0,0.0,[]
2020-11-03 23:25:00+00:00,0,0,0.0,[]
2020-11-03 23:30:00+00:00,0,0,0.0,[]
2020-11-03 23:35:00+00:00,0,0,0.0,[]
2020-11-03 23:40:00+00:00,0,0,0.0,[]
2020-11-03 23:45:00+00:00,0,0,0.0,[]
2020-11-03 23:50:00+00:00,0,0,0.0,[]
2020-11-03 23:55:00+00:00,0,0,0.0,[]
2020-11-04 00:00:00+00:00,0,0,0.0,[]
2020-11-04 00:05:00+00:00,0,0,0.0,[]
2020-11-04 00:10:00+00:00,0,0,0.0,[]
2020-11-04 00:15:00+00:00,0,0,0.0,[]
2020-11-04 00:20:00+00:00,0,0,0.0,[]
2020-11-04 00:25:00+00:00,0,0,0.0,[]
2020-11-04 00:30:00+00:00,0,0,0.0,[]
2020-11-04 00:35:00+00:00,0,0,0.0,[]
2020-11-04 00:40:00+00:00,0,0,0.0,[]
2020-11-04 00:45:00+00:00,0,0,0.0,[]
2020-11-04 00:50:00+00:00,0,0,0.0,[]
2020-11-04 00:55:00+00:00,0,0,0.0,[]
2020-11-04 01:00:00+00:00,0,0,0.0,[]
2020-11-04 01:05:00+00:00,0,0,0.0,[]
2020-11-04 01:10:00+00:00,0,0,0.0,[]
2020-11-04 01:15:00+00:00,0,0,0.0,[]
2020-11-04 01:20:00+00:00,0,0,0.0,[]
2020-11-04 01:25:00+00:00,0,0,0.0,[]
2020-11-04 01:30:00+00:00,0,0,0.0,[]
2020-11-04 01:35:00+00:00,0,0,0.0,[]
2020-11-04 01:40:00+00:00,0,0,0.0,[]
2020-11-04 01:45:00+00:00,0,0,0.0,[]
2020-11-04 01:50:00+00:00,0,0,0.0,[]
2020-11-04 01:55:00+00:00,0,0,0.0,[]
2020-11-04 02:00:00+00:00,0,0,0.0,[]
2020-11-04 02:05:00+00:00,0,0,0.0,[]
2020-11-04 02:10:00+00:00,0,0,0.0,[]
2020-11-04 02:15:00+00:00,0,0,0.0,[]
2020-11-04 02:20:00+00:00,0,0,0.0,[]
2020-11-04 02:25:00+00:00,0,0,0.0,[]
2020-11-04 02:30:00+00:00,0,0,0.0,[]
2020-11-04 02:35:00+00:00,0,0,0.0,[]
2020-11-04 02:40:00+00:00,0,0,0.0,[]
2020-11-04 02:45:00+00:00,0,0,0.0,[]
2020-11-04 02:50:00+00:00,0,0,0.0,[]
2020-11-04 02:55:00+00:00,0,0,0.0,[]
2020-11-04 03:00:00+00:00,0,0,0.0,[]
2020-11-04 03:05:00+00:00,0,0,0.0,[]
2020-11-04 03:10:00+00:00,0,0,0.0,[]
2020-11-04 03:15:00+00:00,0,0,0.0,[]
2020-11-04 03:20:00+00:00,0,0,0.0,[]
2020-11-04 03:25:00+00:00,0,0,0.0,[]
2020-11-04 03:30:00+00:00,0,0,0.0,[]
2020-11-04 03:35:00+00:00,0,0,0.0,[]
2020-11-04 03:40:00+00:00,0,0,0.0,[]
2020-11-04 03:45:00+00:00,0,0,0.0,[]
2020-11-04 03:50:00+00:00,0,0,0.0,[]
2020-11-04 03:55:00+00:00,0,0,0.0,[]
2020-11-04 04:00:00+00:00,0,0,0.0,[]
2020-11-04 04:05:00+00:00,0,0,0.0,[]
2020-11-04 04:10:00+00:00,0,0,0.0,[]
2020-11-04 04:15:00+00:00,0,0,0.0,[]
2020-11-04 04:20:00+00:00,0,0,0.0,[]
2020-11-04 04:25:00+00:00,0,0,0.0,[]
2020-11-04 04:30:00+00:00,0,0,0.0,[]
2020-11-04 04:35:00+00:00,0,0,0.0,[]
2020-11-04 04:40:00+00:00,0,0,0.0,[]
2020-11-04 04:45:00+00:00,0,0,0.0,[]
2020-11-04 04:50:00+00:00,0,0,0.0,[]
2020-11-04 04:55:00+00:00,0,0,0.0,[]
2020-11-04 05:00:00+00:00,0,0,0.0,[]
2020-11-04 05:05:00+00:00,0,0,0.0,[]
2020-11-04 05:10:00+00:00,0,0,0.0,[]
2020-11-04 05:15:00+00:00,0,0,0.0,[]
2020-11-04 05:20:00+00:00,0,0,0.0,[]
2020-11-04 05:25:00+00:00,0,0,0.0,[]
2020-11-04 05:30:00+00:00,0,0,0.0,[]
2020-11-04 05:35:00+00:00,0,0,0.0,[]
2020-11-04 05:40:00+00:00,0,0,0.0,[]
2020-11-04 05:45:00+00:00,0,0,0.0,[]
2020-11-04 05:50:00+00:00,0,0,0.0,[]
2020-11-04 05:55:00+00:00,0,0,0.0,[]
2020-11-04 06:00:00+00:00,0,0,0.0,[]
2020-11-04 06:05:00+00:00,0,0,0.0,[]
2020-11-04 06:10:00+00:00,0,0,0.0,[]
2020-11-04 06:15:00+00:00,0,0,0.0,[]
2020-11-04 06:20:00+00:00,0,0,0.0,[]
2020-11-04 06:25:00+00:00,0,0,0.0,[]
2020-11-04 06:30:00+00:00,0,0,0.0,[]
2020-11-04 06:35:00+00:00,0,0,0.0,[]
2020-11-04 06:40:00+00:00,0,0,0.0,[]
2020-11-04 06:45:00+00:00,0,0,0.0,[]
2020-11-04 06:50:00+00:00,0,0,0.0,[]
2020-11-04 06:55:00+00:00,0,0,0.0,[]
2020-11-04 07:00:00+00:00,0,0,0.0,[]
2020-11-04 07:05:00+00:00,0,0,0.0,[]
2020-11-04 07:10:00+00:00,0,0,0.0,[]
2020-11-04 07:15:00+00:00,0,0,0.0,[]
2020-11-04 07:20:00+00:00,0,0,0.0,[]
2020-11-04 07:25:00+00:00,0,0,0.0,[]
2020-11-04 07:30:00+00:00,0,0,0.0,[]
2020-11-04 07:35:00+00:00,0,0,0.0,[]
2020-11-04 07:40:00+00:00,0,0,0.0,[]
2020-11-04 07:45:00+00:00,0,0,0.0,[]
2020-11-04 07:50:00+00:00,0,0,0.0,[]
2020-11-04 07:55:00+00:00,0,0,0.0,[]
2020-11-04 08:00:00+00:00,0,0,0.0,[]
2020-11-04 08:05:00+00:00,0,0,0.0,[]
2020-11-04 08:10:00+00:00,0,0,0.0,[]
2020-11-04 08:15:00+00:00,0,0,0.0,[]
2020-11-04 08:20:00+00:00,0,0,0.0,[]
2020-11-04 08:25:00+00:00,0,0,0.0,[]
2020-11-04 08:30:00+00:00,0,0,0.0,[]
2020-11-04 08:35:00+00:00,0,0,0.0,[]
2020-11-04 08:40:00+00:00,0,0,0.0,[]
2020-11-04 08:45:00+00:00,0,0,0.0,[]
2020-11-04 08:50:00+00:00,0,0,0.0,[]
2020-11-04 08:55:00+00:00,0,0,0.0,[]
2020-11-04 09:00:00+00:00,0,0,0.0,[]
2020-11-04 09:05:00+00:00,0,0,0.0,[]
2020-11-04 09:10:00+00:00,0,0,0.0,[]
2020-11-04 09:15:00+00:00,0,0,0.0,[]
2020-11-04 09:20:00+00:00,0,0,0.0,[]
2020-11-04 09:25:00+00:00,0,0,0.0,[]
2020-11-04 09:30:00+00:00,0,0,0.0,[]
2020-11-04 09:35:00+00:00,0,0,0.0,[]
2020-11-04 09:40:00+00:00,0,0,0.0,[]
2020-11-04 09:45:00+00:00,0,0,0.0,[]
2020-11-04 09:50:00+00:00,0,0,0.0,[]
2020-11-04 09:55:00+00:00,0,0,0.0,[]
2020-11-04 10:00:00+00:00,0,0,0.0,[]
2020-11-04 10:05:00+00:00,0,0,0.0,[]
2020-11-04 10:10:00+00:00,0,0,0.0,[]
2020-11-04 10:15:00+00:00,0,0,0.0,[]
2020-11-04 10:20:00+00:00,0,0,0.0,[]
2020-11-04 10:25:00+00:00,0,0,0.0,[]
2020-11-04 10:30:00+00:00,0,0,0.0,[]
2020-11-04 10:35:00+00:00,0,0,0.0,[]
2020-11-04 10:40:00+00:00,0,0,0.0,[]
2020-11-04 10:45:00+00:00,0,0,0.0,[]
2020-11-04 10:50:00+00:00,0,0,0.0,[]
2020-11-04 10:55:00+00:00,0,0,0.0,[]
2020-11-04 11:00:00+00:00,0,0,0.0,[]
2020-11-04 11:05:00+00:00,0,0,0.0,[]
2020-11-04 11:10:00+00:00,0,0,0.0,[]
2020-11-04 11:15:00+00:00,0,0,0.0,[]
2020-11-04 11:20:00+00:00,0,0,0.0,[]
2020-11-04 11:25:00+00:00,0,0,0.0,[]
2020-11-04 11:30:00+00:00,0,0,0.0,[]
2020-11-04 11:35:00+00:00,0,0,0.0,[]
2020-11-04 11:40:00+00:00,0,0,0.0,[]
2020-11-04 11:45:00+00:00,0,0,0.0,[]
2020-11-04 11:50:00+00:00,0,0,0.0,[]
2020-11-04 11:55:00+00:00,0,0,0.0,[]
2020-11-04 12:00:00+00:00,0,0,0.0,[]
2020-11-04 12:05:00+00:00,0,0,0.0,[]
2020-11-04 12:10:00+00:00,0,0,0.0,[]
2020-11-04 12:15:00+00:00,0,0,0.0,[]
2020-11-04 12:20:00+00:00,0,0,0.0,[]
2020-11-04 12:25:00+00:00,0,0,0.0,[]
2020-11-04 12:30:00+00:00,0,0,0.0,[]
2020-11-04 12:35:00+00:00,0,0,0.0,[]
2020-11-04 12:40:00+00:00,0,0,0.0,[]
2020-11-04 12:45:00+00:00,0,0,0.0,[]
2020-11-04 12:50:00+00:00,0,0,0.0,[]
2020-11-04 12:55:00+00:00,0,0,0.0,[]
2020-11-04 13:00:00+00:00,0,0,0.0,[]
2020-11-04 13:05:00+00:00,0,0,0.0,[]
2020-11-04 13:10:00+00:00,0,0,0.0,[]
2020-11-04 13:15:00+00:00,0,0,0.0,[]
2020-11-04 13:20:00+00:00,0,0,0.0,[]
2020-11-04 13:25:00+00:00,0,0,0.0,[]
2020-11-04 13:30:00+00:00,0,0,0.0,[]
2020-11-04 13:35:00+00:00,0,0,0.0,[]
2020-11-04 13:40:00+00:00,0,0,0.0,[]
2020-11-04 13:45:00+00:00,0,0,0.0,[]
2020-11-04 13:50:00+00:00,0,0,0.0,[]
2020-11-04 13:55:00+00:00,0,0,0.0,[]
2020-11-04 14:00:00+00:00,0,0,0.0,[]
2020-11-04 14:05:00+00:00,0,0,0.0,[]
2020-11-04 14:10:00+00:00,0,0,0.0,[]
2020-11-04 14:15:00+00:00,0,0,0.0,[]
2020-11-04 14:20:00+00:00,0,0,0.0,[]
2020-11-04 14:25:00+00:00,0,0,0.0,[]
2020-11-04 14:30:00+00:00,0,0,0.0,[]
2020-11-04 14:35:00+00:00,0,0,0.0,[]
2020-11-04 14:40:00+00:00,0,0,0.0,[]
2020-11-04 14:45:00+00:00,0,0,0.0,[]
2020-11-04 14:50:00+00:00,0,0,0.0,[]
2020-11-04 14:55:00+00:00,0,0,0.0,[]
2020-11-04 15:00:00+00:00,0,0,0.0,[]
2020-11-04 15:05:00+00:00,0,0,0.0,[]
2020-11-04 15:10:00+00:00,0,0,0.0,[]
2020-11-04 15:15:00+00:00,0,0,0.0,[]
2020-11-04 15:20:00+00:00,0,0,0.0,[]
2020-11-04 15:25:00+00:00,0,0,0.0,[]
2020-11-04 15:30:00+00:00,0,0,0.0,[]
2020-11-04 15:35:00+00:00,0,0,0.0,[]
2020-11-04 15:40:00+00:00,0,0,0.0,[]
2020-11-04 15:45:00+00:00,0,0,0.0,[]
2020-11-04 15:50:00+00:00,0,0,0.0,[]
2020-11-04 15:55:00+00:00,0,0,0.0,[]
2020-11-04 16:00:00+00:00,0,0,0.0,[]
2020-11-04 16:05:00+00:00,0,0,0.0,[]
2020-11-04 16:10:00+00:00,0,0,0.0,[]
2020-11-04 16:15:00+00:00,20,0,1.0,[20]
2020-11-04 16:20:00+00:00,0,0,0.0,[]
2020-11-04 16:25:00+00:00,0,0,0.0,[]
2020-11-04 16:30:00+00:00,0,0,0.0,[]
2020-11-04 16:35:00+00:00,0,0,0.0,[]
2020-11-04 16:40:00+00:00,0,0,0.0,[]
2020-11-04 16:45:00+00:00,0,0,0.0,[]
2020-11-04 16:50:00+00:00,0,0,0.0,[]
2020-11-04 16:55:00+00:00,0,0,0.0,[]
2020-11-04 17:00:00+00:00,0,0,0.0,[]
2020-11-04 17:05:00+00:00,0,0,0.0,[]
2020-11-04 17:10:00+00:00,0,0,0.0,[]
2020-11-04 17:15:00+00:00,0,0,0.0,[]
2020-11-04 17:20:00+00:00,0,0,0.0,[]
2020-11-04 17:25:00+00:00,0,0,0.0,[]
2020-11-04 17:30:00+00:00,0,0,0.0,[]
2020-11-04 17:35:00+00:00,0,0,0.0,[]
2020-11-04 17:40:00+00:00,0,0,0.0,[]
2020-11-04 17:45:00+00:00,0,0,0.0,[]
2020-11-04 17:50:00+00:00,0,0,0.0,[]
2020-11-04 17:55:00+00:00,0,0,0.0,[]
2020-11-04 18:00:00+00:00,0,0,0.0,[]
2020-11-04 18:05:00+00:00,0,0,0.0,[]
2020-11-04 18:10:00+00:00,0,0,0.0,[]
2020-11-04 18:15:00+00:00,0,0,0.0,[]
2020-11-04 18:20:00+00:00,0,0,0.0,[]
2020-11-04 18:25:00+00:00,0,0,0.0,[]
2020-11-04 18:30:00+00:00,0,0,0.0,[]
2020-11-04 18:35:00+00:00,0,0,0.0,[]
2020-11-04 18:40:00+00:00,0,0,0.0,[]
2020-11-04 18:45:00+00:00,0,0,0.0,[]
2020-11-04 18:50:00+00:00,0,0,0.0,[]
2020-11-04 18:55:00+00:00,0,0,0.0,[]
2020-11-04 19:00:00+00:00,0,0,0.0,[]
2020-11-04 19:05:00+00:00,0,0,0.0,[]
2020-11-04 19:10:00+00:00,0,0,0.0,[]
2020-11-04 19:15:00+00:00,0,0,0.0,[]
2020-11-04 19:20:00+00:00,0,0,0.0,[]
2020-11-04 19:25:00+00:00,0,0,0.0,[]
2020-11-04 19:30:00+00:00,0,0,0.0,[]
2020-11-04 19:35:00+00:00,0,0,0.0,[]
2020-11-04 19:40:00+00:00,0,0,0.0,[]
2020-11-04 19:45:00+00:00,0,0,0.0,[]
2020-11-04 19:50:00+00:00,0,0,0.0,[]
2020-11-04 19:55:00+00:00,0,0,0.0,[]
2020-11-04 20:00:00+00:00,0,0,0.0,[]
2020-11-04 20:05:00+00:00,0,0,0.0,[]
2020-11-04 20:10:00+00:00,0,0,0.0,[]
2020-11-04 20:15:00+00:00,0,0,0.0,[]
2020-11-04 20:20:00+00:00,0,0,0.0,[]
2020-11-04 20:25:00+00:00,0,0,0.0,[]
2020-11-04 20:30:00+00:00,0,0,0.0,[]
2020-11-04 20:35:00+00:00,0,0,0.0,[]
2020-11-04 20:40:00+00:00,0,0,0.0,[]
2020-11-04 20:45:00+00:00,0,0,0.0,[]
2020-11-04 20:50:00+00:00,0,0,0.0,[]
2020-11-04 20:55:00+00:00,0,0,0.0,[]
2020-11-04 21:00:00+00:00,0,0,0.0,[]
2020-11-04 21:05:00+00:00,0,0,0.0,[]
2020-11-04 21:10:00+00:00,0,0,0.0,[]
2020-11-04 21:15:00+00:00,0,0,0.0,[]
2020-11-04 21:20:00+00:00,0,0,0.0,[]
2020-11-04 21:25:00+00:00,0,0,0.0,[]
2020-11-04 21:30:00+00:00,0,0,0.0,[]
2020-11-04 21:35:00+00:00,0,0,0.0,[]
2020-11-04 21:40:00+00:00,0,0,0.0,[]
2020-11-04 21:45:00+00:00,0,0,0.0,[]
2020-11-04 21:50:00+00:00,0,0,0.0,[]
2020-11-04 21:55:00+00:00,0,0,0.0,[]
2020-11-04 22:00:00+00:00,0,0,0.0,[]
2020-11-04 22:05:00+00:00,0,0,0.0,[]
2020-11-04 22:10:00+00:00,0,0,0.0,[]
2020-11-04 22:15:00+00:00,0,0,0.0,[]
2020-11-04 22:20:00+00:00,0,0,0.0,[]
2020-11-04 22:25:00+00:00,0,0,0.0,[]
2020-11-04 22:30:00+00:00,0,0,0.0,[]
2020-11-04 22:35:00+00:00,0,0,0.0,[]
2020-11-04 22:40:00+00:00,0,0,0.0,[]
2020-11-04 22:45:00+00:00,0,0,0.0,[]
2020-11-04 22:50:00+00:00,0,0,0.0,[]
2020-11-04 22:55:00+00:00,0,0,0.0,[]
2020-11-04 23:00:00+00:00,0,0,0.0,[]
2020-11-04 23:05:00+00:00,0,0,0.0,[]
2020-11-04 23:10:00+00:00,0,0,0.0,[]
2020-11-04 23:15:00+00:00,0,0,0.0,[]
2020-11-04 23:20:00+00:00,0,0,0.0,[]
2020-11-04 23:25:00+00:00,0,0,0.0,[]
2020-11-04 23:30:00+00:00,0,0,0.0,[]
2020-11-04 23:35:00+00:00,0,0,0.0,[]
2020-11-04 23:40:00+00:00,0,0,0.0,[]
2020-11-04 23:45:00+00:00,0,0,0.0,[]
2020-11-04 23:50:00+00:00,0,0,0.0,[]
2020-11-04 23:55:00+00:00,0,0,0.0,[]
2020-11-05 00:00:00+00:00,0,0,0.0,[]
2020-11-05 00:05:00+00:00,0,0,0.0,[]
2020-11-05 00:10:00+00:00,0,0,0.0,[]
2020-11-05 00:15:00+00:00,0,0,0.0,[]
2020-11-05 00:20:00+00:00,0,0,0.0,[]
2020-11-05 00:25:00+00:00,0,0,0.0,[]
2020-11-05 00:30:00+00:00,0,0,0.0,[]
2020-11-05 00:35:00+00:00,0,0,0.0,[]
2020-11-05 00:40:00+00:00,0,0,0.0,[]
2020-11-05 00:45:00+00:00,0,0,0.0,[]
2020-11-05 00:50:00+00:00,0,0,0.0,[]
2020-11-05 00:55:00+00:00,190,0,1.0,[190]
2020-11-05 01:00:00+00:00,0,0,0.0,[]
2020-11-05 01:05:00+00:00,0,0,0.0,[]
2020-11-05 01:10:00+00:00,0,0,0.0,[]
2020-11-05 01:15:00+00:00,0,0,0.0,[]
2020-11-05 01:20:00+00:00,0,0,0.0,[]
2020-11-05 01:25:00+00:00,0,0,0.0,[]
2020-11-05 01:30:00+00:00,0,0,0.0,[]
2020-11-05 01:35:00+00:00,0,0,0.0,[]
2020-11-05 01:40:00+00:00,0,0,0.0,[]
2020-11-05 01:45:00+00:00,0,0,0.0,[]
2020-11-05 01:50:00+00:00,0,0,0.0,[]
2020-11-05 01:55:00+00:00,0,0,0.0,[]
2020-11-05 02:00:00+00:00,0,0,0.0,[]
2020-11-05 02:05:00+00:00,0,0,0.0,[]
2020-11-05 02:10:00+00:00,0,0,0.0,[]
2020-11-05 02:15:00+00:00,0,0,0.0,[]
2020-11-05 02:20:00+00:00,0,0,0.0,[]
2020-11-05 02:25:00+00:00,0,0,0.0,[]
2020-11-05 02:30:00+00:00,0,0,0.0,[]
2020-11-05 02:35:00+00:00,0,0,0.0,[]
2020-11-05 02:40:00+00:00,0,0,0.0,[]
2020-11-05 02:45:00+00:00,0,0,0.0,[]
2020-11-05 02:50:00+00:00,0,0,0.0,[]
2020-11-05 02:55:00+00:00,0,0,0.0,[]
2020-11-05 03:00:00+00:00,0,0,0.0,[]
2020-11-05 03:05:00+00:00,0,0,0.0,[]
2020-11-05 03:10:00+00:00,0,0,0.0,[]
2020-11-05 03:15:00+00:00,0,0,0.0,[]
2020-11-05 03:20:00+00:00,0,0,0.0,[]
2020-11-05 03:25:00+00:00,0,0,0.0,[]
2020-11-05 03:30:00+00:00,0,0,0.0,[]
2020-11-05 03:35:00+00:00,0,0,0.0,[]
2020-11-05 03:40:00+00:00,0,0,0.0,[]
2020-11-05 03:45:00+00:00,0,0,0.0,[]
2020-11-05 03:50:00+00:00,0,0,0.0,[]
2020-11-05 03:55:00+00:00,0,0,0.0,[]
2020-11-05 04:00:00+00:00,0,0,0.0,[]
2020-11-05 04:05:00+00:00,0,0,0.0,[]
2020-11-05 04:10:00+00:00,0,0,0.0,[]
2020-11-05 04:15:00+00:00,0,0,0.0,[]
2020-11-05 04:20:00+00:00,0,0,0.0,[]
2020-11-05 04:25:00+00:00,0,0,0.0,[]
2020-11-05 04:30:00+00:00,0,0,0.0,[]
2020-11-05 04:35:00+00:00,0,0,0.0,[]
2020-11-05 04:40:00+00:00,0,0,0.0,[]
2020-11-05 04:45:00+00:00,0,0,0.0,[]
2020-11-05 04:50:00+00:00,0,0,0.0,[]
2020-11-05 04:55:00+00:00,0,0,0.0,[]
2020-11-05 05:00:00+00:00,0,0,0.0,[]
2020-11-05 05:05:00+00:00,0,0,0.0,[]
2020-11-05 05:10:00+00:00,0,0,0.0,[]
2020-11-05 05:15:00+00:00,0,0,0.0,[]
2020-11-05 05:20:00+00:00,0,0,0.0,[]
2020-11-05 05:25:00+00:00,0,0,0.0,[]
2020-11-05 05:30:00+00:00,0,0,0.0,[]
2020-11-05 05:35:00+00:00,0,0,0.0,[]
2020-11-05 05:40:00+00:00,0,0,0.0,[]
2020-11-05 05:45:00+00:00,0,0,0.0,[]
2020-11-05 05:50:00+00:00,0,0,0.0,[]
2020-11-05 05:55:00+00:00,0,0,0.0,[]
2020-11-05 06:00:00+00:00,0,0,0.0,[]
2020-11-05 06:05:00+00:00,0,0,0.0,[]
2020-11-05 06:10:00+00:00,0,0,0.0,[]
2020-11-05 06:15:00+00:00,0,0,0.0,[]
2020-11-05 06:20:00+00:00,0,0,0.0,[]
2020-11-05 06:25:00+00:00,0,0,0.0,[]
2020-11-05 06:30:00+00:00,0,0,0.0,[]
2020-11-05 06:35:00+00:00,0,0,0.0,[]
2020-11-05 06:40:00+00:00,0,0,0.0,[]
2020-11-05 06:45:00+00:00,0,0,0.0,[]
2020-11-05 06:50:00+00:00,0,0,0.0,[]
2020-11-05 06:55:00+00:00,0,0,0.0,[]
2020-11-05 07:00:00+00:00,0,0,0.0,[]
2020-11-05 07:05:00+00:00,0,0,0.0,[]
2020-11-05 07:10:00+00:00,0,0,0.0,[]
2020-11-05 07:15:00+00:00,0,0,0.0,[]
2020-11-05 07:20:00+00:00,0,0,0.0,[]
2020-11-05 07:25:00+00:00,0,0,0.0,[]
2020-11-05 07:30:00+00:00,0,0,0.0,[]
2020-11-05 07:35:00+00:00,0,0,0.0,[]
2020-11-05 07:40:00+00:00,0,0,0.0,[]
2020-11-05 07:45:00+00:00,0,0,0.0,[]
2020-11-05 07:50:00+00:00,0,0,0.0,[]
2020-11-05 07:55:00+00:00,0,0,0.0,[]
2020-11-05 08:00:00+00:00,0,0,0.0,[]
2020-11-05 08:05:00+00:00,0,0,0.0,[]
2020-11-05 08:10:00+00:00,0,0,0.0,[]
2020-11-05 08:15:00+00:00,0,0,0.0,[]
2020-11-05 08:20:00+00:00,0,0,0.0,[]
2020-11-05 08:25:00+00:00,0,0,0.0,[]
2020-11-05 08:30:00+00:00,0,0,0.0,[]
2020-11-05 08:35:00+00:00,0,0,0.0,[]
2020-11-05 08:40:00+00:00,0,0,0.0,[]
2020-11-05 08:45:00+00:00,0,0,0.0,[]
2020-11-05 08:50:00+00:00,0,0,0.0,[]
2020-11-05 08:55:00+00:00,0,0,0.0,[]
2020-11-05 09:00:00+00:00,0,0,0.0,[]
2020-11-05 09:05:00+00:00,0,0,0.0,[]
2020-11-05 09:10:00+00:00,0,0,0.0,[]
2020-11-05 09:15:00+00:00,0,0,0.0,[]
2020-11-05 09:20:00+00:00,0,0,0.0,[]
2020-11-05 09:25:00+00:00,0,0,0.0,[]
2020-11-05 09:30:00+00:00,0,0,0.0,[]
2020-11-05 09:35:00+00:00,0,0,0.0,[]
2020-11-05 09:40:00+00:00,0,0,0.0,[]
2020-11-05 09:45:00+00:00,0,0,0.0,[]
2020-11-05 09:50:00+00:00,0,0,0.0,[]
2020-11-05 09:55:00+00:00,0,0,0.0,[]
2020-11-05 10:00:00+00:00,0,0,0.0,[]
2020-11-05 10:05:00+00:00,0,0,0.0,[]
2020-11-05 10:10:00+00:00,0,0,0.0,[]
2020-11-05 10:15:00+00:00,0,0,0.0,[]
2020-11-05 10:20:00+00:00,0,0,0.0,[]
2020-11-05 10:25:00+00:00,0,0,0.0,[]
2020-11-05 10:30:00+00:00,0,0,0.0,[]
2020-11-05 10:35:00+00:00,0,0,0.0,[]
2020-11-05 10:40:00+00:00,0,0,0.0,[]
2020-11-05 10:45:00+00:00,0,0,0.0,[]
2020-11-05 10:50:00+00:00,0,0,0.0,[]
2020-11-05 10:55:00+00:00,0,0,0.0,[]
2020-11-05 11:00:00+00:00,0,0,0.0,[]
2020-11-05 11:05:00+00:00,0,0,0.0,[]
2020-11-05 11:10:00+00:00,0,0,0.0,[]
2020-11-05 11:15:00+00:00,0,0,0.0,[]
2020-11-05 11:20:00+00:00,0,0,0.0,[]
2020-11-05 11:25:00+00:00,0,0,0.0,[]
2020-11-05 11:30:00+00:00,0,0,0.0,[]
2020-11-05 11:35:00+00:00,0,0,0.0,[]
2020-11-05 11:40:00+00:00,0,0,0.0,[]
2020-11-05 11:45:00+00:00,0,0,0.0,[]
2020-11-05 11:50:00+00:00,0,0,0.0,[]
2020-11-05 11:55:00+00:00,0,0,0.0,[]
2020-11-05 12:00:00+00:00,0,0,0.0,[]
2020-11-05 12:05:00+00:00,0,0,0.0,[]
2020-11-05 12:10:00+00:00,0,0,0.0,[]
2020-11-05 12:15:00+00:00,0,0,0.0,[]
2020-11-05 12:20:00+00:00,0,0,0.0,[]
2020-11-05 12:25:00+00:00,0,0,0.0,[]
2020-11-05 12:30:00+00:00,0,0,0.0,[]
2020-11-05 12:35:00+00:00,0,0,0.0,[]
2020-11-05 12:40:00+00:00,0,0,0.0,[]
2020-11-05 12:45:00+00:00,0,0,0.0,[]
2020-11-05 12:50:00+00:00,0,0,0.0,[]
2020-11-05 12:55:00+00:00,0,0,0.0,[]
2020-11-05 13:00:00+00:00,0,0,0.0,[]
2020-11-05 13:05:00+00:00,0,0,0.0,[]
2020-11-05 13:10:00+00:00,0,0,0.0,[]
2020-11-05 13:15:00+00:00,0,0,0.0,[]
2020-11-05 13:20:00+00:00,0,0,0.0,[]
2020-11-05 13:25:00+00:00,0,0,0.0,[]
2020-11-05 13:30:00+00:00,0,0,0.0,[]
2020-11-05 13:35:00+00:00,0,0,0.0,[]
2020-11-05 13:40:00+00:00,0,0,0.0,[]
2020-11-05 13:45:00+00:00,0,0,0.0,[]
2020-11-05 13:50:00+00:00,0,0,0.0,[]
2020-11-05 13:55:00+00:00,0,0,0.0,[]
2020-11-05 14:00:00+00:00,0,0,0.0,[]
2020-11-05 14:05:00+00:00,0,0,0.0,[]
2020-11-05 14:10:00+00:00,0,0,0.0,[]
2020-11-05 14:15:00+00:00,0,0,0.0,[]
2020-11-05 14:20:00+00:00,0,0,0.0,[]
2020-11-05 14:25:00+00:00,0,0,0.0,[]
2020-11-05 14:30:00+00:00,0,0,0.0,[]
2020-11-05 14:35:00+00:00,0,0,0.0,[]
2020-11-05 14:40:00+00:00,0,0,0.0,[]
2020-11-05 14:45:00+00:00,0,0,0.0,[]
2020-11-05 14:50:00+00:00,0,0,0.0,[]
2020-11-05 14:55:00+00:00,0,0,0.0,[]
2020-11-05 15:00:00+00:00,0,0,0.0,[]
2020-11-05 15:05:00+00:00,0,0,0.0,[]
2020-11-05 15:10:00+00:00,0,0,0.0,[]
2020-11-05 15:15:00+00:00,0,0,0.0,[]
2020-11-05 15:20:00+00:00,0,0,0.0,[]
2020-11-05 15:25:00+00:00,0,0,0.0,[]
2020-11-05 15:30:00+00:00,0,0,0.0,[]
2020-11-05 15:35:00+00:00,0,0,0.0,[]
2020-11-05 15:40:00+00:00,0,0,0.0,[]
2020-11-05 15:45:00+00:00,0,0,0.0,[]
2020-11-05 15:50:00+00:00,0,0,0.0,[]
2020-11-05 15:55:00+00:00,0,0,0.0,[]
2020-11-05 16:00:00+00:00,0,0,0.0,[]
2020-11-05 16:05:00+00:00,0,0,0.0,[]
2020-11-05 16:10:00+00:00,0,0,0.0,[]
2020-11-05 16:15:00+00:00,0,0,0.0,[]
2020-11-05 16:20:00+00:00,0,0,0.0,[]
2020-11-05 16:25:00+00:00,0,0,0.0,[]
2020-11-05 16:30:00+00:00,0,0,0.0,[]
2020-11-05 16:35:00+00:00,0,0,0.0,[]
2020-11-05 16:40:00+00:00,0,0,0.0,[]
2020-11-05 16:45:00+00:00,0,0,0.0,[]
2020-11-05 16:50:00+00:00,0,0,0.0,[]
2020-11-05 16:55:00+00:00,0,0,0.0,[]
2020-11-05 17:00:00+00:00,0,0,0.0,[]
2020-11-05 17:05:00+00:00,0,0,0.0,[]
2020-11-05 17:10:00+00:00,0,0,0.0,[]
2020-11-05 17:15:00+00:00,0,0,0.0,[]
2020-11-05 17:20:00+00:00,0,0,0.0,[]
2020-11-05 17:25:00+00:00,0,0,0.0,[]
2020-11-05 17:30:00+00:00,0,0,0.0,[]
2020-11-05 17:35:00+00:00,0,0,0.0,[]
2020-11-05 17:40:00+00:00,0,0,0.0,[]
2020-11-05 17:45:00+00:00,0,0,0.0,[]
2020-11-05 17:50:00+00:00,0,0,0.0,[]
2020-11-05 17:55:00+00:00,0,0,0.0,[]
2020-11-05 18:00:00+00:00,0,0,0.0,[]
2020-11-05 18:05:00+00:00,0,0,0.0,[]
2020-11-05 18:10:00+00:00,0,0,0.0,[]
2020-11-05 18:15:00+00:00,0,0,0.0,[]
2020-11-05 18:20:00+00:00,0,0,0.0,[]
2020-11-05 18:25:00+00:00,0,0,0.0,[]
2020-11-05 18:30:00+00:00,0,0,0.0,[]
2020-11-05 18:35:00+00:00,0,0,0.0,[]
2020-11-05 18:40:00+00:00,0,0,0.0,[]
2020-11-05 18:45:00+00:00,0,0,0.0,[]
2020-11-05 18:50:00+00:00,0,0,0.0,[]
2020-11-05 18:55:00+00:00,0,0,0.0,[]
2020-11-05 19:00:00+00:00,0,0,0.0,[]
2020-11-05 19:05:00+00:00,0,0,0.0,[]
2020-11-05 19:10:00+00:00,0,0,0.0,[]
2020-11-05 19:15:00+00:00,0,0,0.0,[]
2020-11-05 19:20:00+00:00,0,0,0.0,[]
2020-11-05 19:25:00+00:00,0,0,0.0,[]
2020-11-05 19:30:00+00:00,0,0,0.0,[]
2020-11-05 19:35:00+00:00,0,0,0.0,[]
2020-11-05 19:40:00+00:00,0,0,0.0,[]
2020-11-05 19:45:00+00:00,0,0,0.0,[]
2020-11-05 19:50:00+00:00,0,0,0.0,[]
2020-11-05 19:55:00+00:00,0,0,0.0,[]
2020-11-05 20:00:00+00:00,0,0,0.0,[]
2020-11-05 20:05:00+00:00,0,0,0.0,[]
2020-11-05 20:10:00+00:00,0,0,0.0,[]
2020-11-05 20:15:00+00:00,0,0,0.0,[]
2020-11-05 20:20:00+00:00,0,0,0.0,[]
2020-11-05 20:25:00+00:00,0,0,0.0,[]
2020-11-05 20:30:00+00:00,0,0,0.0,[]
2020-11-05 20:35:00+00:00,0,0,0.0,[]
2020-11-05 20:40:00+00:00,0,0,0.0,[]
2020-11-05 20:45:00+00:00,0,0,0.0,[]
2020-11-05 20:50:00+00:00,0,0,0.0,[]
2020-11-05 20:55:00+00:00,0,0,0.0,[]
2020-11-05 21:00:00+00:00,0,0,0.0,[]
2020-11-05 21:05:00+00:00,0,0,0.0,[]
2020-11-05 21:10:00+00:00,0,0,0.0,[]
2020-11-05 21:15:00+00:00,0,0,0.0,[]
2020-11-05 21:20:00+00:00,0,0,0.0,[]
2020-11-05 21:25:00+00:00,0,0,0.0,[]
2020-11-05 21:30:00+00:00,0,0,0.0,[]
2020-11-05 21:35:00+00:00,0,0,0.0,[]
2020-11-05 21:40:00+00:00,0,0,0.0,[]
2020-11-05 21:45:00+00:00,0,0,0.0,[]
2020-11-05 21:50:00+00:00,0,0,0.0,[]
2020-11-05 21:55:00+00:00,0,0,0.0,[]
2020-11-05 22:00:00+00:00,0,0,0.0,[]
2020-11-05 22:05:00+00:00,0,0,0.0,[]
2020-11-05 22:10:00+00:00,0,0,0.0,[]
2020-11-05 22:15:00+00:00,0,0,0.0,[]
2020-11-05 22:20:00+00:00,0,0,0.0,[]
2020-11-05 22:25:00+00:00,0,0,0.0,[]
2020-11-05 22:30:00+00:00,0,0,0.0,[]
2020-11-05 22:35:00+00:00,0,0,0.0,[]
2020-11-05 22:40:00+00:00,0,0,0.0,[]
2020-11-05 22:45:00+00:00,0,0,0.0,[]
2020-11-05 22:50:00+00:00,0,0,0.0,[]
2020-11-05 22:55:00+00:00,0,0,0.0,[]
2020-11-05 23:00:00+00:00,0,0,0.0,[]
2020-11-05 23:05:00+00:00,0,0,0.0,[]
2020-11-05 23:10:00+00:00,0,0,0.0,[]
2020-11-05 23:15:00+00:00,0,0,0.0,[]
2020-11-05 23:20:00+00:00,0,0,0.0,[]
2020-11-05 23:25:00+00:00,0,0,0.0,[]
2020-11-05 23:30:00+00:00,0,0,0.0,[]
2020-11-05 23:35:00+00:00,0,0,0.0,[]
2020-11-05 23:40:00+00:00,0,0,0.0,[]
2020-11-05 23:45:00+00:00,0,0,0.0,[]
2020-11-05 23:50:00+00:00,0,0,0.0,[]
2020-11-05 23:55:00+00:00,0,0,0.0,[]
2020-11-06 00:00:00+00:00,0,0,0.0,[]
2020-11-06 00:05:00+00:00,0,0,0.0,[]
2020-11-06 00:10:00+00:00,0,0,0.0,[]
2020-11-06 00:15:00+00:00,0,0,0.0,[]
2020-11-06 00:20:00+00:00,0,0,0.0,[]
2020-11-06 00:25:00+00:00,0,0,0.0,[]
2020-11-06 00:30:00+00:00,0,0,0.0,[]
2020-11-06 00:35:00+00:00,0,0,0.0,[]
2020-11-06 00:40:00+00:00,0,0,0.0,[]
2020-11-06 00:45:00+00:00,0,0,0.0,[]
2020-11-06 00:50:00+00:00,0,0,0.0,[]
2020-11-06 00:55:00+00:00,0,0,0.0,[]
2020-11-06 01:00:00+00:00,0,0,0.0,[]
2020-11-06 01:05:00+00:00,0,0,0.0,[]
2020-11-06 01:10:00+00:00,0,0,0.0,[]
2020-11-06 01:15:00+00:00,0,0,0.0,[]
2020-11-06 01:20:00+00:00,0,0,0.0,[]
2020-11-06 01:25:00+00:00,0,0,0.0,[]
2020-11-06 01:30:00+00:00,0,0,0.0,[]
2020-11-06 01:35:00+00:00,0,0,0.0,[]
2020-11-06 01:40:00+00:00,0,0,0.0,[]
2020-11-06 01:45:00+00:00,0,0,0.0,[]
2020-11-06 01:50:00+00:00,0,0,0.0,[]
2020-11-06 01:55:00+00:00,0,0,0.0,[]
2020-11-06 02:00:00+00:00,0,0,0.0,[]
2020-11-06 02:05:00+00:00,0,0,0.0,[]
2020-11-06 02:10:00+00:00,0,0,0.0,[]
2020-11-06 02:15:00+00:00,0,0,0.0,[]
2020-11-06 02:20:00+00:00,0,0,0.0,[]
2020-11-06 02:25:00+00:00,0,0,0.0,[]
2020-11-06 02:30:00+00:00,0,0,0.0,[]
2020-11-06 02:35:00+00:00,0,0,0.0,[]
2020-11-06 02:40:00+00:00,0,0,0.0,[]
2020-11-06 02:45:00+00:00,0,0,0.0,[]
2020-11-06 02:50:00+00:00,0,0,0.0,[]
2020-11-06 02:55:00+00:00,0,0,0.0,[]
2020-11-06 03:00:00+00:00,0,0,0.0,[]
2020-11-06 03:05:00+00:00,0,0,0.0,[]
2020-11-06 03:10:00+00:00,0,0,0.0,[]
2020-11-06 03:15:00+00:00,0,0,0.0,[]
2020-11-06 03:20:00+00:00,0,0,0.0,[]
2020-11-06 03:25:00+00:00,0,0,0.0,[]
2020-11-06 03:30:00+00:00,0,0,0.0,[]
2020-11-06 03:35:00+00:00,0,0,0.0,[]
2020-11-06 03:40:00+00:00,0,0,0.0,[]
2020-11-06 03:45:00+00:00,0,0,0.0,[]
2020-11-06 03:50:00+00:00,0,0,0.0,[]
2020-11-06 03:55:00+00:00,0,0,0.0,[]
2020-11-06 04:00:00+00:00,0,0,0.0,[]
2020-11-06 04:05:00+00:00,0,0,0.0,[]
2020-11-06 04:10:00+00:00,0,0,0.0,[]
2020-11-06 04:15:00+00:00,0,0,0.0,[]
2020-11-06 04:20:00+00:00,0,0,0.0,[]
2020-11-06 04:25:00+00:00,0,0,0.0,[]
2020-11-06 04:30:00+00:00,0,0,0.0,[]
2020-11-06 04:35:00+00:00,0,0,0.0,[]
2020-11-06 04:40:00+00:00,0,0,0.0,[]
2020-11-06 04:45:00+00:00,0,0,0.0,[]
2020-11-06 04:50:00+00:00,0,0,0.0,[]
2020-11-06 04:55:00+00:00,0,0,0.0,[]
2020-11-06 05:00:00+00:00,0,0,0.0,[]
2020-11-06 05:05:00+00:00,0,0,0.0,[]
2020-11-06 05:10:00+00:00,0,0,0.0,[]
2020-11-06 05:15:00+00:00,0,0,0.0,[]
2020-11-06 05:20:00+00:00,0,0,0.0,[]
2020-11-06 05:25:00+00:00,0,0,0.0,[]
2020-11-06 05:30:00+00:00,0,0,0.0,[]
2020-11-06 05:35:00+00:00,0,0,0.0,[]
2020-11-06 05:40:00+00:00,0,0,0.0,[]
2020-11-06 05:45:00+00:00,0,0,0.0,[]
2020-11-06 05:50:00+00:00,0,0,0.0,[]
2020-11-06 05:55:00+00:00,0,0,0.0,[]
2020-11-06 06:00:00+00:00,0,0,0.0,[]
2020-11-06 06:05:00+00:00,0,0,0.0,[]
2020-11-06 06:10:00+00:00,0,0,0.0,[]
2020-11-06 06:15:00+00:00,0,0,0.0,[]
2020-11-06 06:20:00+00:00,0,0,0.0,[]
2020-11-06 06:25:00+00:00,0,0,0.0,[]
2020-11-06 06:30:00+00:00,0,0,0.0,[]
2020-11-06 06:35:00+00:00,0,0,0.0,[]
2020-11-06 06:40:00+00:00,0,0,0.0,[]
2020-11-06 06:45:00+00:00,0,0,0.0,[]
2020-11-06 06:50:00+00:00,0,0,0.0,[]
2020-11-06 06:55:00+00:00,0,0,0.0,[]
2020-11-06 07:00:00+00:00,0,0,0.0,[]
2020-11-06 07:05:00+00:00,0,0,0.0,[]
2020-11-06 07:10:00+00:00,0,0,0.0,[]
2020-11-06 07:15:00+00:00,0,0,0.0,[]
2020-11-06 07:20:00+00:00,0,0,0.0,[]
2020-11-06 07:25:00+00:00,0,0,0.0,[]
2020-11-06 07:30:00+00:00,0,0,0.0,[]
2020-11-06 07:35:00+00:00,0,0,0.0,[]
2020-11-06 07:40:00+00:00,0,0,0.0,[]
2020-11-06 07:45:00+00:00,0,0,0.0,[]
2020-11-06 07:50:00+00:00,0,0,0.0,[]
2020-11-06 07:55:00+00:00,0,0,0.0,[]
2020-11-06 08:00:00+00:00,0,0,0.0,[]
2020-11-06 08:05:00+00:00,0,0,0.0,[]
2020-11-06 08:10:00+00:00,0,0,0.0,[]
2020-11-06 08:15:00+00:00,0,0,0.0,[]
2020-11-06 08:20:00+00:00,0,0,0.0,[]
2020-11-06 08:25:00+00:00,0,0,0.0,[]
2020-11-06 08:30:00+00:00,0,0,0.0,[]
2020-11-06 08:35:00+00:00,0,0,0.0,[]
2020-11-06 08:40:00+00:00,0,0,0.0,[]
2020-11-06 08:45:00+00:00,0,0,0.0,[]
2020-11-06 08:50:00+00:00,0,0,0.0,[]
2020-11-06 08:55:00+00:00,0,0,0.0,[]
2020-11-06 09:00:00+00:00,0,0,0.0,[]
2020-11-06 09:05:00+00:00,0,0,0.0,[]
2020-11-06 09:10:00+00:00,0,0,0.0,[]
2020-11-06 09:15:00+00:00,0,0,0.0,[]
2020-11-06 09:20:00+00:00,0,0,0.0,[]
2020-11-06 09:25:00+00:00,0,0,0.0,[]
2020-11-06 09:30:00+00:00,0,0,0.0,[]
2020-11-06 09:35:00+00:00,0,0,0.0,[]
2020-11-06 09:40:00+00:00,0,0,0.0,[]
2020-11-06 09:45:00+00:00,0,0,0.0,[]
2020-11-06 09:50:00+00:00,0,0,0.0,[]
2020-11-06 09:55:00+00:00,0,0,0.0,[]
2020-11-06 10:00:00+00:00,0,0,0.0,[]
2020-11-06 10:05:00+00:00,0,0,0.0,[]
2020-11-06 10:10:00+00:00,0,0,0.0,[]
2020-11-06 10:15:00+00:00,0,0,0.0,[]
2020-11-06 10:20:00+00:00,0,0,0.0,[]
2020-11-06 10:25:00+00:00,0,0,0.0,[]
2020-11-06 10:30:00+00:00,0,0,0.0,[]
2020-11-06 10:35:00+00:00,0,0,0.0,[]
2020-11-06 10:40:00+00:00,0,0,0.0,[]
2020-11-06 10:45:00+00:00,0,0,0.0,[]
2020-11-06 10:50:00+00:00,0,0,0.0,[]
2020-11-06 10:55:00+00:00,0,0,0.0,[]
2020-11-06 11:00:00+00:00,0,0,0.0,[]
2020-11-06 11:05:00+00:00,0,0,0.0,[]
2020-11-06 11:10:00+00:00,0,0,0.0,[]
2020-11-06 11:15:00+00:00,0,0,0.0,[]
2020-11-06 11:20:00+00:00,0,0,0.0,[]
2020-11-06 11:25:00+00:00,0,0,0.0,[]
2020-11-06 11:30:00+00:00,0,0,0.0,[]
2020-11-06 11:35:00+00:00,0,0,0.0,[]
2020-11-06 11:40:00+00:00,0,0,0.0,[]
2020-11-06 11:45:00+00:00,0,0,0.0,[]
2020-11-06 11:50:00+00:00,0,0,0.0,[]
2020-11-06 11:55:00+00:00,0,0,0.0,[]
2020-11-06 12:00:00+00:00,0,0,0.0,[]
2020-11-06 12:05:00+00:00,0,0,0.0,[]
2020-11-06 12:10:00+00:00,0,0,0.0,[]
2020-11-06 12:15:00+00:00,0,0,0.0,[]
2020-11-06 12:20:00+00:00,0,0,0.0,[]
2020-11-06 12:25:00+00:00,0,0,0.0,[]
2020-11-06 12:30:00+00:00,0,0,0.0,[]
2020-11-06 12:35:00+00:00,0,0,0.0,[]
2020-11-06 12:40:00+00:00,0,0,0.0,[]
2020-11-06 12:45:00+00:00,0,0,0.0,[]
2020-11-06 12:50:00+00:00,0,0,0.0,[]
2020-11-06 12:55:00+00:00,0,0,0.0,[]
2020-11-06 13:00:00+00:00,0,0,0.0,[]
2020-11-06 13:05:00+00:00,0,0,0.0,[]
2020-11-06 13:10:00+00:00,0,0,0.0,[]
2020-11-06 13:15:00+00:00,0,0,0.0,[]
2020-11-06 13:20:00+00:00,0,0,0.0,[]
2020-11-06 13:25:00+00:00,0,0,0.0,[]
2020-11-06 13:30:00+00:00,0,0,0.0,[]
2020-11-06 13:35:00+00:00,0,0,0.0,[]
2020-11-06 13:40:00+00:00,0,0,0.0,[]
2020-11-06 13:45:00+00:00,0,0,0.0,[]
2020-11-06 13:50:00+00:00,0,0,0.0,[]
2020-11-06 13:55:00+00:00,0,0,0.0,[]
2020-11-06 14:00:00+00:00,0,0,0.0,[]
2020-11-06 14:05:00+00:00,0,0,0.0,[]
2020-11-06 14:10:00+00:00,0,0,0.0,[]
2020-11-06 14:15:00+00:00,0,0,0.0,[]
2020-11-06 14:20:00+00:00,0,0,0.0,[]
2020-11-06 14:25:00+00:00,0,0,0.0,[]
2020-11-06 14:30:00+00:00,0,0,0.0,[]
2020-11-06 14:35:00+00:00,0,0,0.0,[]
2020-11-06 14:40:00+00:00,0,0,0.0,[]
2020-11-06 14:45:00+00:00,0,0,0.0,[]
2020-11-06 14:50:00+00:00,0,0,0.0,[]
2020-11-06 14:55:00+00:00,0,0,0.0,[]
2020-11-06 15:00:00+00:00,0,0,0.0,[]
2020-11-06 15:05:00+00:00,0,0,0.0,[]
2020-11-06 15:10:00+00:00,0,0,0.0,[]
2020-11-06 15:15:00+00:00,0,0,0.0,[]
2020-11-06 15:20:00+00:00,0,0,0.0,[]
2020-11-06 15:25:00+00:00,0,0,0.0,[]
2020-11-06 15:30:00+00:00,0,0,0.0,[]
2020-11-06 15:35:00+00:00,0,0,0.0,[]
2020-11-06 15:40:00+00:00,0,0,0.0,[]
2020-11-06 15:45:00+00:00,0,0,0.0,[]
2020-11-06 15:50:00+00:00,0,0,0.0,[]
2020-11-06 15:55:00+00:00,0,0,0.0,[]
2020-11-06 16:00:00+00:00,0,0,0.0,[]
2020-11-06 16:05:00+00:00,0,0,0.0,[]
2020-11-06 16:10:00+00:00,0,0,0.0,[]
2020-11-06 16:15:00+00:00,0,0,0.0,[]
2020-11-06 16:20:00+00:00,0,0,0.0,[]
2020-11-06 16:25:00+00:00,0,0,0.0,[]
2020-11-06 16:30:00+00:00,0,0,0.0,[]
2020-11-06 16:35:00+00:00,0,0,0.0,[]
2020-11-06 16:40:00+00:00,0,0,0.0,[]
2020-11-06 16:45:00+00:00,0,0,0.0,[]
2020-11-06 16:50:00+00:00,0,0,0.0,[]
2020-11-06 16:55:00+00:00,0,0,0.0,[]
2020-11-06 17:00:00+00:00,0,0,0.0,[]
2020-11-06 17:05:00+00:00,0,0,0.0,[]
2020-11-06 17:10:00+00:00,0,0,0.0,[]
2020-11-06 17:15:00+00:00,0,0,0.0,[]
2020-11-06 17:20:00+00:00,0,0,0.0,[]
2020-11-06 17:25:00+00:00,0,0,0.0,[]
2020-11-06 17:30:00+00:00,0,0,0.0,[]
2020-11-06 17:35:00+00:00,0,0,0.0,[]
2020-11-06 17:40:00+00:00,0,0,0.0,[]
2020-11-06 17:45:00+00:00,0,0,0.0,[]
2020-11-06 17:50:00+00:00,0,0,0.0,[]
2020-11-06 17:55:00+00:00,0,0,0.0,[]
2020-11-06 18:00:00+00:00,0,0,0.0,[]
2020-11-06 18:05:00+00:00,0,0,0.0,[]
2020-11-06 18:10:00+00:00,0,0,0.0,[]
2020-11-06 18:15:00+00:00,0,0,0.0,[]
2020-11-06 18:20:00+00:00,0,0,0.0,[]
2020-11-06 18:25:00+00:00,0,0,0.0,[]
2020-11-06 18:30:00+00:00,0,0,0.0,[]
2020-11-06 18:35:00+00:00,0,0,0.0,[]
2020-11-06 18:40:00+00:00,0,0,0.0,[]
2020-11-06 18:45:00+00:00,0,0,0.0,[]
2020-11-06 18:50:00+00:00,0,0,0.0,[]
2020-11-06 18:55:00+00:00,0,0,0.0,[]
2020-11-06 19:00:00+00:00,0,0,0.0,[]
2020-11-06 19:05:00+00:00,0,0,0.0,[]
2020-11-06 19:10:00+00:00,0,0,0.0,[]
2020-11-06 19:15:00+00:00,0,0,0.0,[]
2020-11-06 19:20:00+00:00,0,0,0.0,[]
2020-11-06 19:25:00+00:00,0,0,0.0,[]
2020-11-06 19:30:00+00:00,0,0,0.0,[]
2020-11-06 19:35:00+00:00,0,0,0.0,[]
2020-11-06 19:40:00+00:00,0,0,0.0,[]
2020-11-06 19:45:00+00:00,0,0,0.0,[]
2020-11-06 19:50:00+00:00,0,0,0.0,[]
2020-11-06 19:55:00+00:00,0,0,0.0,[]
2020-11-06 20:00:00+00:00,0,0,0.0,[]
2020-11-06 20:05:00+00:00,0,0,0.0,[]
2020-11-06 20:10:00+00:00,0,0,0.0,[]
2020-11-06 20:15:00+00:00,0,0,0.0,[]
2020-11-06 20:20:00+00:00,0,0,0.0,[]
2020-11-06 20:25:00+00:00,0,0,0.0,[]
2020-11-06 20:30:00+00:00,0,0,0.0,[]
2020-11-06 20:35:00+00:00,0,0,0.0,[]
2020-11-06 20:40:00+00:00,0,0,0.0,[]
2020-11-06 20:45:00+00:00,0,0,0.0,[]
2020-11-06 20:50:00+00:00,0,0,0.0,[]
2020-11-06 20:55:00+00:00,0,0,0.0,[]
2020-11-06 21:00:00+00:00,0,0,0.0,[]
2020-11-06 21:05:00+00:00,0,0,0.0,[]
2020-11-06 21:10:00+00:00,0,0,0.0,[]
2020-11-06 21:15:00+00:00,0,0,0.0,[]
2020-11-06 21:20:00+00:00,0,0,0.0,[]
2020-11-06 21:25:00+00:00,0,0,0.0,[]
2020-11-06 21:30:00+00:00,0,0,0.0,[]
2020-11-06 21:35:00+00:00,0,0,0.0,[]
2020-11-06 21:40:00+00:00,0,0,0.0,[]
2020-11-06 21:45:00+00:00,190,0,1.0,[190]
2020-11-06 21:50:00+00:00,0,0,0.0,[]
2020-11-06 21:55:00+00:00,0,0,0.0,[]
2020-11-06 22:00:00+00:00,0,0,0.0,[]
2020-11-06 22:05:00+00:00,0,0,0.0,[]
2020-11-06 22:10:00+00:00,0,0,0.0,[]
2020-11-06 22:15:00+00:00,0,0,0.0,[]
2020-11-06 22:20:00+00:00,0,0,0.0,[]
2020-11-06 22:25:00+00:00,0,0,0.0,[]
2020-11-06 22:30:00+00:00,0,0,0.0,[]
2020-11-06 22:35:00+00:00,0,0,0.0,[]
2020-11-06 22:40:00+00:00,0,0,0.0,[]
2020-11-06 22:45:00+00:00,0,0,0.0,[]
2020-11-06 22:50:00+00:00,0,0,0.0,[]
2020-11-06 22:55:00+00:00,0,0,0.0,[]
2020-11-06 23:00:00+00:00,0,0,0.0,[]
2020-11-06 23:05:00+00:00,0,0,0.0,[]
2020-11-06 23:10:00+00:00,0,0,0.0,[]
2020-11-06 23:15:00+00:00,0,0,0.0,[]
2020-11-06 23:20:00+00:00,0,0,0.0,[]
2020-11-06 23:25:00+00:00,0,0,0.0,[]
2020-11-06 23:30:00+00:00,0,0,0.0,[]
2020-11-06 23:35:00+00:00,0,0,0.0,[]
2020-11-06 23:40:00+00:00,560,0,1.0,[560]
2020-11-06 23:45:00+00:00,0,0,0.0,[]
2020-11-06 23:50:00+00:00,0,0,0.0,[]
2020-11-06 23:55:00+00:00,0,0,0.0,[]
2020-11-07 00:00:00+00:00,0,0,0.0,[]
2020-11-07 00:05:00+00:00,0,0,0.0,[]
2020-11-07 00:10:00+00:00,0,0,0.0,[]
2020-11-07 00:15:00+00:00,0,0,0.0,[]
2020-11-07 00:20:00+00:00,0,0,0.0,[]
2020-11-07 00:25:00+00:00,0,0,0.0,[]
2020-11-07 00:30:00+00:00,0,0,0.0,[]
2020-11-07 00:35:00+00:00,0,0,0.0,[]
2020-11-07 00:40:00+00:00,0,0,0.0,[]
2020-11-07 00:45:00+00:00,0,0,0.0,[]
2020-11-07 00:50:00+00:00,0,0,0.0,[]
2020-11-07 00:55:00+00:00,0,0,0.0,[]
2020-11-07 01:00:00+00:00,0,0,0.0,[]
2020-11-07 01:05:00+00:00,0,0,0.0,[]
2020-11-07 01:10:00+00:00,0,0,0.0,[]
2020-11-07 01:15:00+00:00,0,0,0.0,[]
2020-11-07 01:20:00+00:00,0,0,0.0,[]
2020-11-07 01:25:00+00:00,0,0,0.0,[]
2020-11-07 01:30:00+00:00,0,0,0.0,[]
2020-11-07 01:35:00+00:00,0,0,0.0,[]
2020-11-07 01:40:00+00:00,0,0,0.0,[]
2020-11-07 01:45:00+00:00,0,0,0.0,[]
2020-11-07 01:50:00+00:00,0,0,0.0,[]
2020-11-07 01:55:00+00:00,0,0,0.0,[]
2020-11-07 02:00:00+00:00,0,0,0.0,[]
2020-11-07 02:05:00+00:00,0,0,0.0,[]
2020-11-07 02:10:00+00:00,0,0,0.0,[]
2020-11-07 02:15:00+00:00,0,0,0.0,[]
2020-11-07 02:20:00+00:00,0,0,0.0,[]
2020-11-07 02:25:00+00:00,0,0,0.0,[]
2020-11-07 02:30:00+00:00,0,0,0.0,[]
2020-11-07 02:35:00+00:00,0,0,0.0,[]
2020-11-07 02:40:00+00:00,0,0,0.0,[]
2020-11-07 02:45:00+00:00,0,0,0.0,[]
2020-11-07 02:50:00+00:00,0,0,0.0,[]
2020-11-07 02:55:00+00:00,0,0,0.0,[]
2020-11-07 03:00:00+00:00,0,0,0.0,[]
2020-11-07 03:05:00+00:00,0,0,0.0,[]
2020-11-07 03:10:00+00:00,0,0,0.0,[]
2020-11-07 03:15:00+00:00,0,0,0.0,[]
2020-11-07 03:20:00+00:00,0,0,0.0,[]
2020-11-07 03:25:00+00:00,0,0,0.0,[]
2020-11-07 03:30:00+00:00,0,0,0.0,[]
2020-11-07 03:35:00+00:00,0,0,0.0,[]
2020-11-07 03:40:00+00:00,0,0,0.0,[]
2020-11-07 03:45:00+00:00,0,0,0.0,[]
2020-11-07 03:50:00+00:00,0,0,0.0,[]
2020-11-07 03:55:00+00:00,0,0,0.0,[]
2020-11-07 04:00:00+00:00,0,0,0.0,[]
2020-11-07 04:05:00+00:00,0,0,0.0,[]
2020-11-07 04:10:00+00:00,0,0,0.0,[]
2020-11-07 04:15:00+00:00,0,0,0.0,[]
2020-11-07 04:20:00+00:00,0,0,0.0,[]
2020-11-07 04:25:00+00:00,0,0,0.0,[]
2020-11-07 04:30:00+00:00,0,0,0.0,[]
2020-11-07 04:35:00+00:00,0,0,0.0,[]
2020-11-07 04:40:00+00:00,0,0,0.0,[]
2020-11-07 04:45:00+00:00,0,0,0.0,[]
2020-11-07 04:50:00+00:00,0,0,0.0,[]
2020-11-07 04:55:00+00:00,0,0,0.0,[]
2020-11-07 05:00:00+00:00,0,0,0.0,[]
2020-11-07 05:05:00+00:00,0,0,0.0,[]
2020-11-07 05:10:00+00:00,0,0,0.0,[]
2020-11-07 05:15:00+00:00,0,0,0.0,[]
2020-11-07 05:20:00+00:00,0,0,0.0,[]
2020-11-07 05:25:00+00:00,0,0,0.0,[]
2020-11-07 05:30:00+00:00,0,0,0.0,[]
2020-11-07 05:35:00+00:00,0,0,0.0,[]
2020-11-07 05:40:00+00:00,0,0,0.0,[]
2020-11-07 05:45:00+00:00,0,0,0.0,[]
2020-11-07 05:50:00+00:00,0,0,0.0,[]
2020-11-07 05:55:00+00:00,0,0,0.0,[]
2020-11-07 06:00:00+00:00,0,0,0.0,[]
2020-11-07 06:05:00+00:00,0,0,0.0,[]
2020-11-07 06:10:00+00:00,0,0,0.0,[]
2020-11-07 06:15:00+00:00,0,0,0.0,[]
2020-11-07 06:20:00+00:00,0,0,0.0,[]
2020-11-07 06:25:00+00:00,0,0,0.0,[]
2020-11-07 06:30:00+00:00,0,0,0.0,[]
2020-11-07 06:35:00+00:00,0,0,0.0,[]
2020-11-07 06:40:00+00:00,0,0,0.0,[]
2020-11-07 06:45:00+00:00,0,0,0.0,[]
2020-11-07 06:50:00+00:00,0,0,0.0,[]
2020-11-07 06:55:00+00:00,0,0,0.0,[]
2020-11-07 07:00:00+00:00,0,0,0.0,[]
2020-11-07 07:05:00+00:00,0,0,0.0,[]
2020-11-07 07:10:00+00:00,0,0,0.0,[]
2020-11-07 07:15:00+00:00,0,0,0.0,[]
2020-11-07 07:20:00+00:00,0,0,0.0,[]
2020-11-07 07:25:00+00:00,0,0,0.0,[]
2020-11-07 07:30:00+00:00,0,0,0.0,[]
2020-11-07 07:35:00+00:00,0,0,0.0,[]
2020-11-07 07:40:00+00:00,40,0,1.0,[40]
2020-11-07 07:45:00+00:00,0,0,0.0,[]
2020-11-07 07:50:00+00:00,0,0,0.0,[]
2020-11-07 07:55:00+00:00,0,0,0.0,[]
2020-11-07 08:00:00+00:00,0,0,0.0,[]
2020-11-07 08:05:00+00:00,0,0,0.0,[]
2020-11-07 08:10:00+00:00,0,0,0.0,[]
2020-11-07 08:15:00+00:00,0,0,0.0,[]
2020-11-07 08:20:00+00:00,0,0,0.0,[]
2020-11-07 08:25:00+00:00,0,0,0.0,[]
2020-11-07 08:30:00+00:00,0,0,0.0,[]
2020-11-07 08:35:00+00:00,0,0,0.0,[]
2020-11-07 08:40:00+00:00,0,0,0.0,[]
2020-11-07 08:45:00+00:00,0,0,0.0,[]
2020-11-07 08:50:00+00:00,0,0,0.0,[]
2020-11-07 08:55:00+00:00,0,0,0.0,[]
2020-11-07 09:00:00+00:00,0,0,0.0,[]
2020-11-07 09:05:00+00:00,0,0,0.0,[]
2020-11-07 09:10:00+00:00,0,0,0.0,[]
2020-11-07 09:15:00+00:00,0,0,0.0,[]
2020-11-07 09:20:00+00:00,0,0,0.0,[]
2020-11-07 09:25:00+00:00,0,0,0.0,[]
2020-11-07 09:30:00+00:00,0,0,0.0,[]
2020-11-07 09:35:00+00:00,0,0,0.0,[]
2020-11-07 09:40:00+00:00,0,0,0.0,[]
2020-11-07 09:45:00+00:00,0,0,0.0,[]
2020-11-07 09:50:00+00:00,0,0,0.0,[]
2020-11-07 09:55:00+00:00,0,0,0.0,[]
2020-11-07 10:00:00+00:00,0,0,0.0,[]
2020-11-07 10:05:00+00:00,0,0,0.0,[]
2020-11-07 10:10:00+00:00,0,0,0.0,[]
2020-11-07 10:15:00+00:00,0,0,0.0,[]
2020-11-07 10:20:00+00:00,0,0,0.0,[]
2020-11-07 10:25:00+00:00,0,0,0.0,[]
2020-11-07 10:30:00+00:00,0,0,0.0,[]
2020-11-07 10:35:00+00:00,0,0,0.0,[]
2020-11-07 10:40:00+00:00,0,0,0.0,[]
2020-11-07 10:45:00+00:00,0,0,0.0,[]
2020-11-07 10:50:00+00:00,0,0,0.0,[]
2020-11-07 10:55:00+00:00,0,0,0.0,[]
2020-11-07 11:00:00+00:00,0,0,0.0,[]
2020-11-07 11:05:00+00:00,0,0,0.0,[]
2020-11-07 11:10:00+00:00,0,0,0.0,[]
2020-11-07 11:15:00+00:00,0,0,0.0,[]
2020-11-07 11:20:00+00:00,0,0,0.0,[]
2020-11-07 11:25:00+00:00,0,0,0.0,[]
2020-11-07 11:30:00+00:00,0,0,0.0,[]
2020-11-07 11:35:00+00:00,0,0,0.0,[]
2020-11-07 11:40:00+00:00,0,0,0.0,[]
2020-11-07 11:45:00+00:00,0,0,0.0,[]
2020-11-07 11:50:00+00:00,0,0,0.0,[]
2020-11-07 11:55:00+00:00,0,0,0.0,[]
2020-11-07 12:00:00+00:00,0,0,0.0,[]
2020-11-07 12:05:00+00:00,0,0,0.0,[]
2020-11-07 12:10:00+00:00,0,0,0.0,[]
2020-11-07 12:15:00+00:00,0,0,0.0,[]
2020-11-07 12:20:00+00:00,0,0,0.0,[]
2020-11-07 12:25:00+00:00,0,0,0.0,[]
2020-11-07 12:30:00+00:00,0,0,0.0,[]
2020-11-07 12:35:00+00:00,0,0,0.0,[]
2020-11-07 12:40:00+00:00,0,0,0.0,[]
2020-11-07 12:45:00+00:00,0,0,0.0,[]
2020-11-07 12:50:00+00:00,0,0,0.0,[]
2020-11-07 12:55:00+00:00,0,0,0.0,[]
2020-11-07 13:00:00+00:00,0,0,0.0,[]
2020-11-07 13:05:00+00:00,0,0,0.0,[]
2020-11-07 13:10:00+00:00,0,0,0.0,[]
2020-11-07 13:15:00+00:00,0,0,0.0,[]
2020-11-07 13:20:00+00:00,0,0,0.0,[]
2020-11-07 13:25:00+00:00,0,0,0.0,[]
2020-11-07 13:30:00+00:00,0,0,0.0,[]
2020-11-07 13:35:00+00:00,0,0,0.0,[]
2020-11-07 13:40:00+00:00,0,0,0.0,[]
2020-11-07 13:45:00+00:00,0,0,0.0,[]
2020-11-07 13:50:00+00:00,0,0,0.0,[]
2020-11-07 13:55:00+00:00,0,0,0.0,[]
2020-11-07 14:00:00+00:00,0,0,0.0,[]
2020-11-07 14:05:00+00:00,0,0,0.0,[]
2020-11-07 14:10:00+00:00,0,0,0.0,[]
2020-11-07 14:15:00+00:00,0,0,0.0,[]
2020-11-07 14:20:00+00:00,0,0,0.0,[]
2020-11-07 14:25:00+00:00,0,0,0.0,[]
2020-11-07 14:30:00+00:00,0,0,0.0,[]
2020-11-07 14:35:00+00:00,0,0,0.0,[]
2020-11-07 14:40:00+00:00,0,0,0.0,[]
2020-11-07 14:45:00+00:00,0,0,0.0,[]
2020-11-07 14:50:00+00:00,0,0,0.0,[]
2020-11-07 14:55:00+00:00,0,0,0.0,[]
2020-11-07 15:00:00+00:00,0,0,0.0,[]
2020-11-07 15:05:00+00:00,0,0,0.0,[]
2020-11-07 15:10:00+00:00,0,0,0.0,[]
2020-11-07 15:15:00+00:00,0,0,0.0,[]
2020-11-07 15:20:00+00:00,0,0,0.0,[]
2020-11-07 15:25:00+00:00,0,0,0.0,[]
2020-11-07 15:30:00+00:00,0,0,0.0,[]
2020-11-07 15:35:00+00:00,0,0,0.0,[]
2020-11-07 15:40:00+00:00,0,0,0.0,[]
2020-11-07 15:45:00+00:00,0,0,0.0,[]
2020-11-07 15:50:00+00:00,0,0,0.0,[]
2020-11-07 15:55:00+00:00,0,0,0.0,[]
2020-11-07 16:00:00+00:00,0,0,0.0,[]
2020-11-07 16:05:00+00:00,0,0,0.0,[]
2020-11-07 16:10:00+00:00,0,0,0.0,[]
2020-11-07 16:15:00+00:00,0,0,0.0,[]
2020-11-07 16:20:00+00:00,0,0,0.0,[]
2020-11-07 16:25:00+00:00,0,0,0.0,[]
2020-11-07 16:30:00+00:00,0,0,0.0,[]
2020-11-07 16:35:00+00:00,0,0,0.0,[]
2020-11-07 16:40:00+00:00,0,0,0.0,[]
2020-11-07 16:45:00+00:00,0,0,0.0,[]
2020-11-07 16:50:00+00:00,0,0,0.0,[]
2020-11-07 16:55:00+00:00,0,0,0.0,[]
2020-11-07 17:00:00+00:00,0,0,0.0,[]
2020-11-07 17:05:00+00:00,0,0,0.0,[]
2020-11-07 17:10:00+00:00,0,0,0.0,[]
2020-11-07 17:15:00+00:00,0,0,0.0,[]
2020-11-07 17:20:00+00:00,0,0,0.0,[]
2020-11-07 17:25:00+00:00,0,0,0.0,[]
2020-11-07 17:30:00+00:00,0,0,0.0,[]
2020-11-07 17:35:00+00:00,0,0,0.0,[]
2020-11-07 17:40:00+00:00,0,0,0.0,[]
2020-11-07 17:45:00+00:00,0,0,0.0,[]
2020-11-07 17:50:00+00:00,0,0,0.0,[]
2020-11-07 17:55:00+00:00,0,0,0.0,[]
2020-11-07 18:00:00+00:00,0,0,0.0,[]
2020-11-07 18:05:00+00:00,0,0,0.0,[]
2020-11-07 18:10:00+00:00,0,0,0.0,[]
2020-11-07 18:15:00+00:00,0,0,0.0,[]
2020-11-07 18:20:00+00:00,0,0,0.0,[]
2020-11-07 18:25:00+00:00,0,0,0.0,[]
2020-11-07 18:30:00+00:00,0,0,0.0,[]
2020-11-07 18:35:00+00:00,0,0,0.0,[]
2020-11-07 18:40:00+00:00,0,0,0.0,[]
2020-11-07 18:45:00+00:00,0,0,0.0,[]
2020-11-07 18:50:00+00:00,0,0,0.0,[]
2020-11-07 18:55:00+00:00,0,0,0.0,[]
2020-11-07 19:00:00+00:00,0,0,0.0,[]
2020-11-07 19:05:00+00:00,0,0,0.0,[]
2020-11-07 19:10:00+00:00,0,0,0.0,[]
2020-11-07 19:15:00+00:00,0,0,0.0,[]
2020-11-07 19:20:00+00:00,0,0,0.0,[]
2020-11-07 19:25:00+00:00,0,0,0.0,[]
2020-11-07 19:30:00+00:00,0,0,0.0,[]
2020-11-07 19:35:00+00:00,0,0,0.0,[]
2020-11-07 19:40:00+00:00,0,0,0.0,[]
2020-11-07 19:45:00+00:00,0,0,0.0,[]
2020-11-07 19:50:00+00:00,0,0,0.0,[]
2020-11-07 19:55:00+00:00,0,0,0.0,[]
2020-11-07 20:00:00+00:00,0,0,0.0,[]
2020-11-07 20:05:00+00:00,0,0,0.0,[]
2020-11-07 20:10:00+00:00,0,0,0.0,[]
2020-11-07 20:15:00+00:00,0,0,0.0,[]
2020-11-07 20:20:00+00:00,0,0,0.0,[]
2020-11-07 20:25:00+00:00,0,0,0.0,[]
2020-11-07 20:30:00+00:00,0,0,0.0,[]
2020-11-07 20:35:00+00:00,0,0,0.0,[]
2020-11-07 20:40:00+00:00,0,0,0.0,[]
2020-11-07 20:45:00+00:00,0,0,0.0,[]
2020-11-07 20:50:00+00:00,0,0,0.0,[]
2020-11-07 20:55:00+00:00,0,0,0.0,[]
2020-11-07 21:00:00+00:00,0,0,0.0,[]
2020-11-07 21:05:00+00:00,0,0,0.0,[]
2020-11-07 21:10:00+00:00,0,0,0.0,[]
2020-11-07 21:15:00+00:00,0,0,0.0,[]
2020-11-07 21:20:00+00:00,0,0,0.0,[]
2020-11-07 21:25:00+00:00,0,0,0.0,[]
2020-11-07 21:30:00+00:00,0,0,0.0,[]
2020-11-07 21:35:00+00:00,0,0,0.0,[]
2020-11-07 21:40:00+00:00,0,0,0.0,[]
2020-11-07 21:45:00+00:00,0,0,0.0,[]
2020-11-07 21:50:00+00:00,0,0,0.0,[]
2020-11-07 21:55:00+00:00,0,0,0.0,[]
2020-11-07 22:00:00+00:00,0,0,0.0,[]
2020-11-07 22:05:00+00:00,0,0,0.0,[]
2020-11-07 22:10:00+00:00,0,0,0.0,[]
2020-11-07 22:15:00+00:00,0,0,0.0,[]
2020-11-07 22:20:00+00:00,0,0,0.0,[]
2020-11-07 22:25:00+00:00,0,0,0.0,[]
2020-11-07 22:30:00+00:00,0,0,0.0,[]
2020-11-07 22:35:00+00:00,0,0,0.0,[]
2020-11-07 22:40:00+00:00,0,0,0.0,[]
2020-11-07 22:45:00+00:00,0,0,0.0,[]
2020-11-07 22:50:00+00:00,0,0,0.0,[]
2020-11-07 22:55:00+00:00,0,0,0.0,[]
2020-11-07 23:00:00+00:00,0,0,0.0,[]
2020-11-07 23:05:00+00:00,0,0,0.0,[]
2020-11-07 23:10:00+00:00,0,0,0.0,[]
2020-11-07 23:15:00+00:00,0,0,0.0,[]
2020-11-07 23:20:00+00:00,0,0,0.0,[]
2020-11-07 23:25:00+00:00,0,0,0.0,[]
2020-11-07 23:30:00+00:00,0,0,0.0,[]
2020-11-07 23:35:00+00:00,0,0,0.0,[]
2020-11-07 23:40:00+00:00,0,0,0.0,[]
2020-11-07 23:45:00+00:00,0,0,0.0,[]
2020-11-07 23:50:00+00:00,0,0,0.0,[]
2020-11-07 23:55:00+00:00,0,0,0.0,[]
2020-11-08 00:00:00+00:00,0,0,0.0,[]
2020-11-08 00:05:00+00:00,0,0,0.0,[]
2020-11-08 00:10:00+00:00,0,0,0.0,[]
2020-11-08 00:15:00+00:00,0,0,0.0,[]
2020-11-08 00:20:00+00:00,0,0,0.0,[]
2020-11-08 00:25:00+00:00,0,0,0.0,[]
2020-11-08 00:30:00+00:00,0,0,0.0,[]
2020-11-08 00:35:00+00:00,0,0,0.0,[]
2020-11-08 00:40:00+00:00,0,0,0.0,[]
2020-11-08 00:45:00+00:00,0,0,0.0,[]
2020-11-08 00:50:00+00:00,0,0,0.0,[]
2020-11-08 00:55:00+00:00,0,0,0.0,[]
2020-11-08 01:00:00+00:00,0,0,0.0,[]
2020-11-08 01:05:00+00:00,0,0,0.0,[]
2020-11-08 01:10:00+00:00,0,0,0.0,[]
2020-11-08 01:15:00+00:00,0,0,0.0,[]
2020-11-08 01:20:00+00:00,0,0,0.0,[]
2020-11-08 01:25:00+00:00,0,0,0.0,[]
2020-11-08 01:30:00+00:00,0,0,0.0,[]
2020-11-08 01:35:00+00:00,0,0,0.0,[]
2020-11-08 01:40:00+00:00,0,0,0.0,[]
2020-11-08 01:45:00+00:00,0,0,0.0,[]
2020-11-08 01:50:00+00:00,0,0,0.0,[]
2020-11-08 01:55:00+00:00,0,0,0.0,[]
2020-11-08 02:00:00+00:00,0,0,0.0,[]
2020-11-08 02:05:00+00:00,0,0,0.0,[]
2020-11-08 02:10:00+00:00,0,0,0.0,[]
2020-11-08 02:15:00+00:00,0,0,0.0,[]
2020-11-08 02:20:00+00:00,0,0,0.0,[]
2020-11-08 02:25:00+00:00,0,0,0.0,[]
2020-11-08 02:30:00+00:00,0,0,0.0,[]
2020-11-08 02:35:00+00:00,0,0,0.0,[]
2020-11-08 02:40:00+00:00,0,0,0.0,[]
2020-11-08 02:45:00+00:00,0,0,0.0,[]
2020-11-08 02:50:00+00:00,0,0,0.0,[]
2020-11-08 02:55:00+00:00,0,0,0.0,[]
2020-11-08 03:00:00+00:00,0,0,0.0,[]
2020-11-08 03:05:00+00:00,0,0,0.0,[]
2020-11-08 03:10:00+00:00,0,0,0.0,[]
2020-11-08 03:15:00+00:00,0,0,0.0,[]
2020-11-08 03:20:00+00:00,0,0,0.0,[]
2020-11-08 03:25:00+00:00,0,0,0.0,[]
2020-11-08 03:30:00+00:00,0,0,0.0,[]
2020-11-08 03:35:00+00:00,0,0,0.0,[]
2020-11-08 03:40:00+00:00,0,0,0.0,[]
2020-11-08 03:45:00+00:00,0,0,0.0,[]
2020-11-08 03:50:00+00:00,0,0,0.0,[]
2020-11-08 03:55:00+00:00,0,0,0.0,[]
2020-11-08 04:00:00+00:00,0,0,0.0,[]
2020-11-08 04:05:00+00:00,0,0,0.0,[]
2020-11-08 04:10:00+00:00,0,0,0.0,[]
2020-11-08 04:15:00+00:00,0,0,0.0,[]
2020-11-08 04:20:00+00:00,0,0,0.0,[]
2020-11-08 04:25:00+00:00,0,0,0.0,[]
2020-11-08 04:30:00+00:00,0,0,0.0,[]
2020-11-08 04:35:00+00:00,0,0,0.0,[]
2020-11-08 04:40:00+00:00,0,0,0.0,[]
2020-11-08 04:45:00+00:00,0,0,0.0,[]
2020-11-08 04:50:00+00:00,0,0,0.0,[]
2020-11-08 04:55:00+00:00,0,0,0.0,[]
2020-11-08 05:00:00+00:00,0,0,0.0,[]
2020-11-08 05:05:00+00:00,0,0,0.0,[]
2020-11-08 05:10:00+00:00,0,0,0.0,[]
2020-11-08 05:15:00+00:00,0,0,0.0,[]
2020-11-08 05:20:00+00:00,0,0,0.0,[]
2020-11-08 05:25:00+00:00,0,0,0.0,[]
2020-11-08 05:30:00+00:00,0,0,0.0,[]
2020-11-08 05:35:00+00:00,0,0,0.0,[]
2020-11-08 05:40:00+00:00,0,0,0.0,[]
2020-11-08 05:45:00+00:00,0,0,0.0,[]
2020-11-08 05:50:00+00:00,0,0,0.0,[]
2020-11-08 05:55:00+00:00,0,0,0.0,[]
2020-11-08 06:00:00+00:00,0,0,0.0,[]
2020-11-08 06:05:00+00:00,0,0,0.0,[]
2020-11-08 06:10:00+00:00,0,0,0.0,[]
2020-11-08 06:15:00+00:00,0,0,0.0,[]
2020-11-08 06:20:00+00:00,0,0,0.0,[]
2020-11-08 06:25:00+00:00,0,0,0.0,[]
2020-11-08 06:30:00+00:00,0,0,0.0,[]
2020-11-08 06:35:00+00:00,0,0,0.0,[]
2020-11-08 06:40:00+00:00,0,0,0.0,[]
2020-11-08 06:45:00+00:00,0,0,0.0,[]
2020-11-08 06:50:00+00:00,0,0,0.0,[]
2020-11-08 06:55:00+00:00,0,0,0.0,[]
2020-11-08 07:00:00+00:00,0,0,0.0,[]
2020-11-08 07:05:00+00:00,0,0,0.0,[]
2020-11-08 07:10:00+00:00,0,0,0.0,[]
2020-11-08 07:15:00+00:00,0,0,0.0,[]
2020-11-08 07:20:00+00:00,0,0,0.0,[]
2020-11-08 07:25:00+00:00,0,0,0.0,[]
2020-11-08 07:30:00+00:00,0,0,0.0,[]
2020-11-08 07:35:00+00:00,0,0,0.0,[]
2020-11-08 07:40:00+00:00,0,0,0.0,[]
2020-11-08 07:45:00+00:00,0,0,0.0,[]
2020-11-08 07:50:00+00:00,0,0,0.0,[]
2020-11-08 07:55:00+00:00,0,0,0.0,[]
2020-11-08 08:00:00+00:00,0,0,0.0,[]
2020-11-08 08:05:00+00:00,0,0,0.0,[]
2020-11-08 08:10:00+00:00,0,0,0.0,[]
2020-11-08 08:15:00+00:00,0,0,0.0,[]
2020-11-08 08:20:00+00:00,0,0,0.0,[]
2020-11-08 08:25:00+00:00,0,0,0.0,[]
2020-11-08 08:30:00+00:00,0,0,0.0,[]
2020-11-08 08:35:00+00:00,0,0,0.0,[]
2020-11-08 08:40:00+00:00,0,0,0.0,[]
2020-11-08 08:45:00+00:00,0,0,0.0,[]
2020-11-08 08:50:00+00:00,0,0,0.0,[]
2020-11-08 08:55:00+00:00,0,0,1.0,[0]
2020-11-08 09:00:00+00:00,0,0,0.0,[]
2020-11-08 09:05:00+00:00,0,0,0.0,[]
2020-11-08 09:10:00+00:00,0,0,0.0,[]
2020-11-08 09:15:00+00:00,0,0,0.0,[]
2020-11-08 09:20:00+00:00,0,0,0.0,[]
2020-11-08 09:25:00+00:00,0,0,0.0,[]
2020-11-08 09:30:00+00:00,0,0,0.0,[]
2020-11-08 09:35:00+00:00,0,0,0.0,[]
2020-11-08 09:40:00+00:00,0,0,0.0,[]
2020-11-08 09:45:00+00:00,0,0,0.0,[]
2020-11-08 09:50:00+00:00,0,0,0.0,[]
2020-11-08 09:55:00+00:00,0,0,0.0,[]
2020-11-08 10:00:00+00:00,0,0,0.0,[]
2020-11-08 10:05:00+00:00,0,0,0.0,[]
2020-11-08 10:10:00+00:00,0,0,0.0,[]
2020-11-08 10:15:00+00:00,0,0,0.0,[]
2020-11-08 10:20:00+00:00,0,0,0.0,[]
2020-11-08 10:25:00+00:00,0,0,0.0,[]
2020-11-08 10:30:00+00:00,0,0,0.0,[]
2020-11-08 10:35:00+00:00,340,0,1.0,[340]
2020-11-08 10:40:00+00:00,0,0,0.0,[]
2020-11-08 10:45:00+00:00,0,0,0.0,[]
2020-11-08 10:50:00+00:00,0,0,0.0,[]
2020-11-08 10:55:00+00:00,0,0,0.0,[]
2020-11-08 11:00:00+00:00,0,0,0.0,[]
2020-11-08 11:05:00+00:00,0,0,0.0,[]
2020-11-08 11:10:00+00:00,0,0,0.0,[]
2020-11-08 11:15:00+00:00,0,0,0.0,[]
2020-11-08 11:20:00+00:00,0,0,0.0,[]
2020-11-08 11:25:00+00:00,0,0,0.0,[]
2020-11-08 11:30:00+00:00,0,0,0.0,[]
2020-11-08 11:35:00+00:00,0,0,0.0,[]
2020-11-08 11:40:00+00:00,0,0,0.0,[]
2020-11-08 11:45:00+00:00,0,0,0.0,[]
2020-11-08 11:50:00+00:00,0,0,0.0,[]
2020-11-08 11:55:00+00:00,0,0,0.0,[]
2020-11-08 12:00:00+00:00,0,0,0.0,[]
2020-11-08 12:05:00+00:00,0,0,0.0,[]
2020-11-08 12:10:00+00:00,0,0,0.0,[]
2020-11-08 12:15:00+00:00,0,0,0.0,[]
2020-11-08 12:20:00+00:00,0,0,0.0,[]
2020-11-08 12:25:00+00:00,0,0,0.0,[]
2020-11-08 12:30:00+00:00,0,0,0.0,[]
2020-11-08 12:35:00+00:00,0,0,0.0,[]
2020-11-08 12:40:00+00:00,0,0,0.0,[]
2020-11-08 12:45:00+00:00,0,0,0.0,[]
2020-11-08 12:50:00+00:00,0,0,0.0,[]
2020-11-08 12:55:00+00:00,0,0,0.0,[]
2020-11-08 13:00:00+00:00,0,0,0.0,[]
2020-11-08 13:05:00+00:00,0,0,0.0,[]
2020-11-08 13:10:00+00:00,0,0,0.0,[]
2020-11-08 13:15:00+00:00,0,0,0.0,[]
2020-11-08 13:20:00+00:00,0,0,0.0,[]
2020-11-08 13:25:00+00:00,0,0,0.0,[]
2020-11-08 13:30:00+00:00,0,0,0.0,[]
2020-11-08 13:35:00+00:00,0,0,0.0,[]
2020-11-08 13:40:00+00:00,0,0,0.0,[]
2020-11-08 13:45:00+00:00,0,0,0.0,[]
2020-11-08 13:50:00+00:00,0,0,0.0,[]
2020-11-08 13:55:00+00:00,0,0,0.0,[]
2020-11-08 14:00:00+00:00,0,0,0.0,[]
2020-11-08 14:05:00+00:00,0,0,0.0,[]
2020-11-08 14:10:00+00:00,0,0,0.0,[]
2020-11-08 14:15:00+00:00,0,0,0.0,[]
2020-11-08 14:20:00+00:00,0,0,0.0,[]
2020-11-08 14:25:00+00:00,0,0,0.0,[]
2020-11-08 14:30:00+00:00,0,0,0.0,[]
2020-11-08 14:35:00+00:00,0,0,0.0,[]
2020-11-08 14:40:00+00:00,0,0,0.0,[]
2020-11-08 14:45:00+00:00,0,0,0.0,[]
2020-11-08 14:50:00+00:00,0,0,0.0,[]
2020-11-08 14:55:00+00:00,0,0,0.0,[]
2020-11-08 15:00:00+00:00,0,0,0.0,[]
2020-11-08 15:05:00+00:00,0,0,0.0,[]
2020-11-08 15:10:00+00:00,0,0,0.0,[]
2020-11-08 15:15:00+00:00,0,0,0.0,[]
2020-11-08 15:20:00+00:00,0,0,0.0,[]
2020-11-08 15:25:00+00:00,0,0,0.0,[]
2020-11-08 15:30:00+00:00,0,0,0.0,[]
2020-11-08 15:35:00+00:00,0,0,0.0,[]
2020-11-08 15:40:00+00:00,0,0,0.0,[]
2020-11-08 15:45:00+00:00,0,0,0.0,[]
2020-11-08 15:50:00+00:00,0,0,0.0,[]
2020-11-08 15:55:00+00:00,0,0,0.0,[]
2020-11-08 16:00:00+00:00,0,0,0.0,[]
2020-11-08 16:05:00+00:00,0,0,0.0,[]
2020-11-08 16:10:00+00:00,0,0,0.0,[]
2020-11-08 16:15:00+00:00,0,0,0.0,[]
2020-11-08 16:20:00+00:00,0,0,0.0,[]
2020-11-08 16:25:00+00:00,0,0,0.0,[]
2020-11-08 16:30:00+00:00,0,0,0.0,[]
2020-11-08 16:35:00+00:00,0,0,0.0,[]
2020-11-08 16:40:00+00:00,0,0,0.0,[]
2020-11-08 16:45:00+00:00,0,0,0.0,[]
2020-11-08 16:50:00+00:00,0,0,0.0,[]
2020-11-08 16:55:00+00:00,0,0,0.0,[]
2020-11-08 17:00:00+00:00,0,0,0.0,[]
2020-11-08 17:05:00+00:00,0,0,0.0,[]
2020-11-08 17:10:00+00:00,0,0,0.0,[]
2020-11-08 17:15:00+00:00,10,0,1.0,[10]
2020-11-08 17:20:00+00:00,0,0,0.0,[]
2020-11-08 17:25:00+00:00,0,0,0.0,[]
2020-11-08 17:30:00+00:00,0,0,0.0,[]
2020-11-08 17:35:00+00:00,0,0,0.0,[]
2020-11-08 17:40:00+00:00,0,0,0.0,[]
2020-11-08 17:45:00+00:00,0,0,0.0,[]
2020-11-08 17:50:00+00:00,0,0,0.0,[]
2020-11-08 17:55:00+00:00,0,0,0.0,[]
2020-11-08 18:00:00+00:00,0,0,0.0,[]
2020-11-08 18:05:00+00:00,0,0,0.0,[]
2020-11-08 18:10:00+00:00,0,0,0.0,[]
2020-11-08 18:15:00+00:00,0,0,0.0,[]
2020-11-08 18:20:00+00:00,0,0,0.0,[]
2020-11-08 18:25:00+00:00,0,0,0.0,[]
2020-11-08 18:30:00+00:00,0,0,0.0,[]
2020-11-08 18:35:00+00:00,0,0,0.0,[]
2020-11-08 18:40:00+00:00,0,0,0.0,[]
2020-11-08 18:45:00+00:00,0,0,0.0,[]
2020-11-08 18:50:00+00:00,0,0,0.0,[]
2020-11-08 18:55:00+00:00,0,0,0.0,[]
2020-11-08 19:00:00+00:00,0,0,0.0,[]
2020-11-08 19:05:00+00:00,0,0,0.0,[]
2020-11-08 19:10:00+00:00,0,0,0.0,[]
2020-11-08 19:15:00+00:00,0,0,0.0,[]
2020-11-08 19:20:00+00:00,0,0,0.0,[]
2020-11-08 19:25:00+00:00,0,0,0.0,[]
2020-11-08 19:30:00+00:00,0,0,0.0,[]
2020-11-08 19:35:00+00:00,0,0,0.0,[]
2020-11-08 19:40:00+00:00,0,0,0.0,[]
2020-11-08 19:45:00+00:00,0,0,0.0,[]
2020-11-08 19:50:00+00:00,0,0,0.0,[]
2020-11-08 19:55:00+00:00,0,0,0.0,[]
2020-11-08 20:00:00+00:00,0,0,0.0,[]
2020-11-08 20:05:00+00:00,0,0,0.0,[]
2020-11-08 20:10:00+00:00,0,0,0.0,[]
2020-11-08 20:15:00+00:00,0,0,0.0,[]
2020-11-08 20:20:00+00:00,0,0,0.0,[]
2020-11-08 20:25:00+00:00,0,0,0.0,[]
2020-11-08 20:30:00+00:00,0,0,0.0,[]
2020-11-08 20:35:00+00:00,0,0,0.0,[]
2020-11-08 20:40:00+00:00,0,0,0.0,[]
2020-11-08 20:45:00+00:00,0,0,0.0,[]
2020-11-08 20:50:00+00:00,0,0,0.0,[]
2020-11-08 20:55:00+00:00,0,0,0.0,[]
2020-11-08 21:00:00+00:00,0,0,0.0,[]
2020-11-08 21:05:00+00:00,0,0,0.0,[]
2020-11-08 21:10:00+00:00,30,0,1.0,[30]
2020-11-08 21:15:00+00:00,0,0,0.0,[]
2020-11-08 21:20:00+00:00,0,0,0.0,[]
2020-11-08 21:25:00+00:00,0,0,0.0,[]
2020-11-08 21:30:00+00:00,0,0,0.0,[]
2020-11-08 21:35:00+00:00,0,0,0.0,[]
2020-11-08 21:40:00+00:00,0,0,0.0,[]
2020-11-08 21:45:00+00:00,0,0,0.0,[]
2020-11-08 21:50:00+00:00,0,0,0.0,[]
2020-11-08 21:55:00+00:00,0,0,0.0,[]
2020-11-08 22:00:00+00:00,0,0,0.0,[]
2020-11-08 22:05:00+00:00,0,0,0.0,[]
2020-11-08 22:10:00+00:00,0,0,0.0,[]
2020-11-08 22:15:00+00:00,0,0,0.0,[]
2020-11-08 22:20:00+00:00,0,0,0.0,[]
2020-11-08 22:25:00+00:00,0,0,0.0,[]
2020-11-08 22:30:00+00:00,0,0,0.0,[]
2020-11-08 22:35:00+00:00,0,0,0.0,[]
2020-11-08 22:40:00+00:00,0,0,0.0,[]
2020-11-08 22:45:00+00:00,0,0,0.0,[]
2020-11-08 22:50:00+00:00,0,0,0.0,[]
2020-11-08 22:55:00+00:00,0,0,0.0,[]
2020-11-08 23:00:00+00:00,0,0,0.0,[]
2020-11-08 23:05:00+00:00,0,0,0.0,[]
2020-11-08 23:10:00+00:00,0,0,0.0,[]
2020-11-08 23:15:00+00:00,0,0,0.0,[]
2020-11-08 23:20:00+00:00,0,0,0.0,[]
2020-11-08 23:25:00+00:00,0,0,0.0,[]
2020-11-08 23:30:00+00:00,0,0,0.0,[]
2020-11-08 23:35:00+00:00,0,0,0.0,[]
2020-11-08 23:40:00+00:00,0,0,0.0,[]
2020-11-08 23:45:00+00:00,0,0,0.0,[]
2020-11-08 23:50:00+00:00,0,0,0.0,[]
2020-11-08 23:55:00+00:00,0,0,0.0,[]
2020-11-09 00:00:00+00:00,0,0,0.0,[]
2020-11-09 00:05:00+00:00,0,0,0.0,[]
2020-11-09 00:10:00+00:00,0,0,0.0,[]
2020-11-09 00:15:00+00:00,0,0,0.0,[]
2020-11-09 00:20:00+00:00,0,0,0.0,[]
2020-11-09 00:25:00+00:00,0,0,0.0,[]
2020-11-09 00:30:00+00:00,0,0,0.0,[]
2020-11-09 00:35:00+00:00,0,0,0.0,[]
2020-11-09 00:40:00+00:00,0,0,0.0,[]
2020-11-09 00:45:00+00:00,0,0,0.0,[]
2020-11-09 00:50:00+00:00,0,0,0.0,[]
2020-11-09 00:55:00+00:00,0,0,0.0,[]
2020-11-09 01:00:00+00:00,0,0,0.0,[]
2020-11-09 01:05:00+00:00,0,0,0.0,[]
2020-11-09 01:10:00+00:00,0,0,0.0,[]
2020-11-09 01:15:00+00:00,0,0,0.0,[]
2020-11-09 01:20:00+00:00,0,0,0.0,[]
2020-11-09 01:25:00+00:00,0,0,0.0,[]
2020-11-09 01:30:00+00:00,0,0,0.0,[]
2020-11-09 01:35:00+00:00,0,0,0.0,[]
2020-11-09 01:40:00+00:00,0,0,0.0,[]
2020-11-09 01:45:00+00:00,0,0,0.0,[]
2020-11-09 01:50:00+00:00,0,0,0.0,[]
2020-11-09 01:55:00+00:00,0,0,0.0,[]
2020-11-09 02:00:00+00:00,0,0,0.0,[]
2020-11-09 02:05:00+00:00,0,0,0.0,[]
2020-11-09 02:10:00+00:00,0,0,0.0,[]
2020-11-09 02:15:00+00:00,0,0,0.0,[]
2020-11-09 02:20:00+00:00,0,0,0.0,[]
2020-11-09 02:25:00+00:00,0,0,0.0,[]
2020-11-09 02:30:00+00:00,0,0,0.0,[]
2020-11-09 02:35:00+00:00,0,0,0.0,[]
2020-11-09 02:40:00+00:00,0,0,0.0,[]
2020-11-09 02:45:00+00:00,0,0,0.0,[]
2020-11-09 02:50:00+00:00,0,0,0.0,[]
2020-11-09 02:55:00+00:00,0,0,0.0,[]
2020-11-09 03:00:00+00:00,0,0,0.0,[]
2020-11-09 03:05:00+00:00,0,0,0.0,[]
2020-11-09 03:10:00+00:00,0,0,0.0,[]
2020-11-09 03:15:00+00:00,0,0,0.0,[]
2020-11-09 03:20:00+00:00,0,0,0.0,[]
2020-11-09 03:25:00+00:00,0,0,0.0,[]
2020-11-09 03:30:00+00:00,0,0,0.0,[]
2020-11-09 03:35:00+00:00,0,0,0.0,[]
2020-11-09 03:40:00+00:00,0,0,0.0,[]
2020-11-09 03:45:00+00:00,0,0,0.0,[]
2020-11-09 03:50:00+00:00,0,0,0.0,[]
2020-11-09 03:55:00+00:00,0,0,0.0,[]
2020-11-09 04:00:00+00:00,0,0,0.0,[]
2020-11-09 04:05:00+00:00,0,0,0.0,[]
2020-11-09 04:10:00+00:00,0,0,0.0,[]
2020-11-09 04:15:00+00:00,0,0,0.0,[]
2020-11-09 04:20:00+00:00,0,0,0.0,[]
2020-11-09 04:25:00+00:00,0,0,0.0,[]
2020-11-09 04:30:00+00:00,0,0,0.0,[]
2020-11-09 04:35:00+00:00,0,0,0.0,[]
2020-11-09 04:40:00+00:00,0,0,0.0,[]
2020-11-09 04:45:00+00:00,0,0,0.0,[]
2020-11-09 04:50:00+00:00,0,0,0.0,[]
2020-11-09 04:55:00+00:00,0,0,0.0,[]
2020-11-09 05:00:00+00:00,0,0,0.0,[]
2020-11-09 05:05:00+00:00,0,0,0.0,[]
2020-11-09 05:10:00+00:00,0,0,0.0,[]
2020-11-09 05:15:00+00:00,0,0,0.0,[]
2020-11-09 05:20:00+00:00,0,0,0.0,[]
2020-11-09 05:25:00+00:00,0,0,0.0,[]
2020-11-09 05:30:00+00:00,0,0,0.0,[]
2020-11-09 05:35:00+00:00,0,0,0.0,[]
2020-11-09 05:40:00+00:00,0,0,0.0,[]
2020-11-09 05:45:00+00:00,0,0,0.0,[]
2020-11-09 05:50:00+00:00,0,0,0.0,[]
2020-11-09 05:55:00+00:00,0,0,0.0,[]
2020-11-09 06:00:00+00:00,0,0,0.0,[]
2020-11-09 06:05:00+00:00,0,0,0.0,[]
2020-11-09 06:10:00+00:00,0,0,0.0,[]
2020-11-09 06:15:00+00:00,0,0,0.0,[]
2020-11-09 06:20:00+00:00,0,0,0.0,[]
2020-11-09 06:25:00+00:00,0,0,0.0,[]
2020-11-09 06:30:00+00:00,0,0,0.0,[]
2020-11-09 06:35:00+00:00,0,0,0.0,[]
2020-11-09 06:40:00+00:00,0,0,0.0,[]
2020-11-09 06:45:00+00:00,0,0,0.0,[]
2020-11-09 06:50:00+00:00,0,0,0.0,[]
2020-11-09 06:55:00+00:00,0,0,0.0,[]
2020-11-09 07:00:00+00:00,0,0,0.0,[]
2020-11-09 07:05:00+00:00,0,0,0.0,[]
2020-11-09 07:10:00+00:00,0,0,0.0,[]
2020-11-09 07:15:00+00:00,0,0,0.0,[]
2020-11-09 07:20:00+00:00,0,0,0.0,[]
2020-11-09 07:25:00+00:00,0,0,0.0,[]
2020-11-09 07:30:00+00:00,0,0,0.0,[]
2020-11-09 07:35:00+00:00,0,0,0.0,[]
2020-11-09 07:40:00+00:00,0,0,0.0,[]
2020-11-09 07:45:00+00:00,0,0,0.0,[]
2020-11-09 07:50:00+00:00,0,0,0.0,[]
2020-11-09 07:55:00+00:00,0,0,0.0,[]
2020-11-09 08:00:00+00:00,0,0,0.0,[]
2020-11-09 08:05:00+00:00,0,0,0.0,[]
2020-11-09 08:10:00+00:00,0,0,0.0,[]
2020-11-09 08:15:00+00:00,0,0,0.0,[]
2020-11-09 08:20:00+00:00,0,0,0.0,[]
2020-11-09 08:25:00+00:00,0,0,0.0,[]
2020-11-09 08:30:00+00:00,0,0,0.0,[]
2020-11-09 08:35:00+00:00,0,0,0.0,[]
2020-11-09 08:40:00+00:00,0,0,0.0,[]
2020-11-09 08:45:00+00:00,0,0,0.0,[]
2020-11-09 08:50:00+00:00,0,0,0.0,[]
2020-11-09 08:55:00+00:00,0,0,0.0,[]
2020-11-09 09:00:00+00:00,0,0,0.0,[]
2020-11-09 09:05:00+00:00,0,0,0.0,[]
2020-11-09 09:10:00+00:00,0,0,0.0,[]
2020-11-09 09:15:00+00:00,0,0,0.0,[]
2020-11-09 09:20:00+00:00,0,0,0.0,[]
2020-11-09 09:25:00+00:00,0,0,0.0,[]
2020-11-09 09:30:00+00:00,0,0,0.0,[]
2020-11-09 09:35:00+00:00,0,0,0.0,[]
2020-11-09 09:40:00+00:00,0,0,0.0,[]
2020-11-09 09:45:00+00:00,0,0,0.0,[]
2020-11-09 09:50:00+00:00,0,0,0.0,[]
2020-11-09 09:55:00+00:00,0,0,0.0,[]
2020-11-09 10:00:00+00:00,0,0,0.0,[]
2020-11-09 10:05:00+00:00,0,0,0.0,[]
2020-11-09 10:10:00+00:00,0,0,0.0,[]
2020-11-09 10:15:00+00:00,0,0,0.0,[]
2020-11-09 10:20:00+00:00,0,0,0.0,[]
2020-11-09 10:25:00+00:00,0,0,0.0,[]
2020-11-09 10:30:00+00:00,0,0,0.0,[]
2020-11-09 10:35:00+00:00,0,0,0.0,[]
2020-11-09 10:40:00+00:00,0,0,0.0,[]
2020-11-09 10:45:00+00:00,0,0,0.0,[]
2020-11-09 10:50:00+00:00,0,0,0.0,[]
2020-11-09 10:55:00+00:00,0,0,0.0,[]
2020-11-09 11:00:00+00:00,0,0,0.0,[]
2020-11-09 11:05:00+00:00,0,0,0.0,[]
2020-11-09 11:10:00+00:00,0,0,0.0,[]
2020-11-09 11:15:00+00:00,0,0,0.0,[]
2020-11-09 11:20:00+00:00,0,0,0.0,[]
2020-11-09 11:25:00+00:00,0,0,0.0,[]
2020-11-09 11:30:00+00:00,0,0,0.0,[]
2020-11-09 11:35:00+00:00,0,0,0.0,[]
2020-11-09 11:40:00+00:00,0,0,0.0,[]
2020-11-09 11:45:00+00:00,0,0,0.0,[]
2020-11-09 11:50:00+00:00,0,0,0.0,[]
2020-11-09 11:55:00+00:00,0,0,0.0,[]
2020-11-09 12:00:00+00:00,0,0,0.0,[]
2020-11-09 12:05:00+00:00,0,0,0.0,[]
2020-11-09 12:10:00+00:00,0,0,0.0,[]
2020-11-09 12:15:00+00:00,0,0,0.0,[]
2020-11-09 12:20:00+00:00,0,0,0.0,[]
2020-11-09 12:25:00+00:00,0,0,0.0,[]
2020-11-09 12:30:00+00:00,0,0,0.0,[]
2020-11-09 12:35:00+00:00,0,0,0.0,[]
2020-11-09 12:40:00+00:00,0,0,0.0,[]
2020-11-09 12:45:00+00:00,0,0,0.0,[]
2020-11-09 12:50:00+00:00,0,0,0.0,[]
2020-11-09 12:55:00+00:00,0,0,0.0,[]
2020-11-09 13:00:00+00:00,0,0,0.0,[]
2020-11-09 13:05:00+00:00,0,0,0.0,[]
2020-11-09 13:10:00+00:00,0,0,0.0,[]
2020-11-09 13:15:00+00:00,0,0,0.0,[]
2020-11-09 13:20:00+00:00,0,0,0.0,[]
2020-11-09 13:25:00+00:00,0,0,0.0,[]
2020-11-09 13:30:00+00:00,0,0,0.0,[]
2020-11-09 13:35:00+00:00,0,0,0.0,[]
2020-11-09 13:40:00+00:00,0,0,0.0,[]
2020-11-09 13:45:00+00:00,0,0,0.0,[]
2020-11-09 13:50:00+00:00,0,0,0.0,[]
2020-11-09 13:55:00+00:00,0,0,0.0,[]
2020-11-09 14:00:00+00:00,0,0,0.0,[]
2020-11-09 14:05:00+00:00,0,0,0.0,[]
2020-11-09 14:10:00+00:00,0,0,0.0,[]
2020-11-09 14:15:00+00:00,0,0,0.0,[]
2020-11-09 14:20:00+00:00,0,0,0.0,[]
2020-11-09 14:25:00+00:00,0,0,0.0,[]
2020-11-09 14:30:00+00:00,0,0,0.0,[]
2020-11-09 14:35:00+00:00,0,0,0.0,[]
2020-11-09 14:40:00+00:00,0,0,0.0,[]
2020-11-09 14:45:00+00:00,0,0,0.0,[]
2020-11-09 14:50:00+00:00,0,0,0.0,[]
2020-11-09 14:55:00+00:00,0,0,0.0,[]
2020-11-09 15:00:00+00:00,0,0,0.0,[]
2020-11-09 15:05:00+00:00,0,0,0.0,[]
2020-11-09 15:10:00+00:00,0,0,0.0,[]
2020-11-09 15:15:00+00:00,0,0,0.0,[]
2020-11-09 15:20:00+00:00,0,0,0.0,[]
2020-11-09 15:25:00+00:00,0,0,0.0,[]
2020-11-09 15:30:00+00:00,0,0,0.0,[]
2020-11-09 15:35:00+00:00,0,0,0.0,[]
2020-11-09 15:40:00+00:00,0,0,0.0,[]
2020-11-09 15:45:00+00:00,0,0,0.0,[]
2020-11-09 15:50:00+00:00,0,0,0.0,[]
2020-11-09 15:55:00+00:00,0,0,0.0,[]
2020-11-09 16:00:00+00:00,330,0,1.0,[330]
2020-11-09 16:05:00+00:00,0,0,0.0,[]
2020-11-09 16:10:00+00:00,0,0,0.0,[]
2020-11-09 16:15:00+00:00,0,0,0.0,[]
2020-11-09 16:20:00+00:00,0,0,0.0,[]
2020-11-09 16:25:00+00:00,0,0,0.0,[]
2020-11-09 16:30:00+00:00,0,0,0.0,[]
2020-11-09 16:35:00+00:00,0,0,0.0,[]
2020-11-09 16:40:00+00:00,0,0,0.0,[]
2020-11-09 16:45:00+00:00,0,0,0.0,[]
2020-11-09 16:50:00+00:00,0,0,0.0,[]
2020-11-09 16:55:00+00:00,0,0,0.0,[]
2020-11-09 17:00:00+00:00,0,0,0.0,[]
2020-11-09 17:05:00+00:00,0,0,0.0,[]
2020-11-09 17:10:00+00:00,0,0,0.0,[]
2020-11-09 17:15:00+00:00,0,0,0.0,[]
2020-11-09 17:20:00+00:00,0,0,0.0,[]
2020-11-09 17:25:00+00:00,0,0,0.0,[]
2020-11-09 17:30:00+00:00,0,0,0.0,[]
2020-11-09 17:35:00+00:00,0,0,0.0,[]
2020-11-09 17:40:00+00:00,0,0,0.0,[]
2020-11-09 17:45:00+00:00,0,0,0.0,[]
2020-11-09 17:50:00+00:00,0,0,0.0,[]
2020-11-09 17:55:00+00:00,0,0,0.0,[]
2020-11-09 18:00:00+00:00,0,0,0.0,[]
2020-11-09 18:05:00+00:00,0,0,0.0,[]
2020-11-09 18:10:00+00:00,0,0,0.0,[]
2020-11-09 18:15:00+00:00,0,0,0.0,[]
2020-11-09 18:20:00+00:00,0,0,0.0,[]
2020-11-09 18:25:00+00:00,0,0,0.0,[]
2020-11-09 18:30:00+00:00,0,0,0.0,[]
2020-11-09 18:35:00+00:00,0,0,0.0,[]
2020-11-09 18:40:00+00:00,0,0,0.0,[]
2020-11-09 18:45:00+00:00,0,0,0.0,[]
2020-11-09 18:50:00+00:00,0,0,0.0,[]
2020-11-09 18:55:00+00:00,0,0,0.0,[]
2020-11-09 19:00:00+00:00,0,0,0.0,[]
2020-11-09 19:05:00+00:00,0,0,0.0,[]
2020-11-09 19:10:00+00:00,0,0,0.0,[]
2020-11-09 19:15:00+00:00,0,0,0.0,[]
2020-11-09 19:20:00+00:00,0,0,0.0,[]
2020-11-09 19:25:00+00:00,0,0,0.0,[]
2020-11-09 19:30:00+00:00,0,0,0.0,[]
2020-11-09 19:35:00+00:00,0,0,0.0,[]
2020-11-09 19:40:00+00:00,0,0,0.0,[]
2020-11-09 19:45:00+00:00,0,0,0.0,[]
2020-11-09 19:50:00+00:00,0,0,0.0,[]
2020-11-09 19:55:00+00:00,0,0,0.0,[]
2020-11-09 20:00:00+00:00,0,0,0.0,[]
2020-11-09 20:05:00+00:00,0,0,0.0,[]
2020-11-09 20:10:00+00:00,0,0,0.0,[]
2020-11-09 20:15:00+00:00,0,0,0.0,[]
2020-11-09 20:20:00+00:00,0,0,0.0,[]
2020-11-09 20:25:00+00:00,0,0,0.0,[]
2020-11-09 20:30:00+00:00,0,0,0.0,[]
2020-11-09 20:35:00+00:00,0,0,0.0,[]
2020-11-09 20:40:00+00:00,0,0,0.0,[]
2020-11-09 20:45:00+00:00,0,0,0.0,[]
2020-11-09 20:50:00+00:00,0,0,0.0,[]
2020-11-09 20:55:00+00:00,0,0,0.0,[]
2020-11-09 21:00:00+00:00,0,0,0.0,[]
2020-11-09 21:05:00+00:00,0,0,0.0,[]
2020-11-09 21:10:00+00:00,0,0,0.0,[]
2020-11-09 21:15:00+00:00,0,0,0.0,[]
2020-11-09 21:20:00+00:00,0,0,0.0,[]
2020-11-09 21:25:00+00:00,0,0,0.0,[]
2020-11-09 21:30:00+00:00,0,0,0.0,[]
2020-11-09 21:35:00+00:00,0,0,0.0,[]
2020-11-09 21:40:00+00:00,0,0,0.0,[]
2020-11-09 21:45:00+00:00,0,0,0.0,[]
2020-11-09 21:50:00+00:00,0,0,0.0,[]
2020-11-09 21:55:00+00:00,0,0,0.0,[]
2020-11-09 22:00:00+00:00,0,0,0.0,[]
2020-11-09 22:05:00+00:00,0,0,0.0,[]
2020-11-09 22:10:00+00:00,0,0,0.0,[]
2020-11-09 22:15:00+00:00,0,0,0.0,[]
2020-11-09 22:20:00+00:00,0,0,0.0,[]
2020-11-09 22:25:00+00:00,0,0,0.0,[]
2020-11-09 22:30:00+00:00,0,0,0.0,[]
2020-11-09 22:35:00+00:00,0,0,0.0,[]
2020-11-09 22:40:00+00:00,0,0,0.0,[]
2020-11-09 22:45:00+00:00,0,0,0.0,[]
2020-11-09 22:50:00+00:00,0,0,0.0,[]
2020-11-09 22:55:00+00:00,0,0,0.0,[]
2020-11-09 23:00:00+00:00,0,0,0.0,[]
2020-11-09 23:05:00+00:00,0,0,0.0,[]
2020-11-09 23:10:00+00:00,0,0,0.0,[]
2020-11-09 23:15:00+00:00,0,0,0.0,[]
2020-11-09 23:20:00+00:00,0,0,0.0,[]
2020-11-09 23:25:00+00:00,0,0,0.0,[]
2020-11-09 23:30:00+00:00,0,0,0.0,[]
2020-11-09 23:35:00+00:00,0,0,0.0,[]
2020-11-09 23:40:00+00:00,0,0,0.0,[]
2020-11-09 23:45:00+00:00,0,0,0.0,[]
2020-11-09 23:50:00+00:00,0,0,0.0,[]
2020-11-09 23:55:00+00:00,0,0,0.0,[]
2020-11-10 00:00:00+00:00,0,0,0.0,[]
2020-11-10 00:05:00+00:00,0,0,0.0,[]
2020-11-10 00:10:00+00:00,0,0,0.0,[]
2020-11-10 00:15:00+00:00,0,0,0.0,[]
2020-11-10 00:20:00+00:00,0,0,0.0,[]
2020-11-10 00:25:00+00:00,0,0,0.0,[]
2020-11-10 00:30:00+00:00,0,0,0.0,[]
2020-11-10 00:35:00+00:00,0,0,0.0,[]
2020-11-10 00:40:00+00:00,0,0,0.0,[]
2020-11-10 00:45:00+00:00,0,0,0.0,[]
2020-11-10 00:50:00+00:00,0,0,0.0,[]
2020-11-10 00:55:00+00:00,0,0,0.0,[]
2020-11-10 01:00:00+00:00,0,0,0.0,[]
2020-11-10 01:05:00+00:00,0,0,0.0,[]
2020-11-10 01:10:00+00:00,0,0,0.0,[]
2020-11-10 01:15:00+00:00,0,0,0.0,[]
2020-11-10 01:20:00+00:00,0,0,0.0,[]
2020-11-10 01:25:00+00:00,0,0,0.0,[]
2020-11-10 01:30:00+00:00,0,0,0.0,[]
2020-11-10 01:35:00+00:00,0,0,0.0,[]
2020-11-10 01:40:00+00:00,0,0,0.0,[]
2020-11-10 01:45:00+00:00,0,0,0.0,[]
2020-11-10 01:50:00+00:00,0,0,0.0,[]
2020-11-10 01:55:00+00:00,0,0,0.0,[]
2020-11-10 02:00:00+00:00,0,0,0.0,[]
2020-11-10 02:05:00+00:00,0,0,0.0,[]
2020-11-10 02:10:00+00:00,0,0,0.0,[]
2020-11-10 02:15:00+00:00,0,0,0.0,[]
2020-11-10 02:20:00+00:00,0,0,0.0,[]
2020-11-10 02:25:00+00:00,0,0,0.0,[]
2020-11-10 02:30:00+00:00,0,0,0.0,[]
2020-11-10 02:35:00+00:00,0,0,0.0,[]
2020-11-10 02:40:00+00:00,0,0,0.0,[]
2020-11-10 02:45:00+00:00,0,0,0.0,[]
2020-11-10 02:50:00+00:00,0,0,0.0,[]
2020-11-10 02:55:00+00:00,0,0,0.0,[]
2020-11-10 03:00:00+00:00,0,0,0.0,[]
2020-11-10 03:05:00+00:00,0,0,0.0,[]
2020-11-10 03:10:00+00:00,0,0,0.0,[]
2020-11-10 03:15:00+00:00,0,0,0.0,[]
2020-11-10 03:20:00+00:00,0,0,0.0,[]
2020-11-10 03:25:00+00:00,0,0,0.0,[]
2020-11-10 03:30:00+00:00,0,0,0.0,[]
2020-11-10 03:35:00+00:00,0,0,0.0,[]
2020-11-10 03:40:00+00:00,0,0,0.0,[]
2020-11-10 03:45:00+00:00,0,0,0.0,[]
2020-11-10 03:50:00+00:00,0,0,0.0,[]
2020-11-10 03:55:00+00:00,0,0,0.0,[]
2020-11-10 04:00:00+00:00,0,0,0.0,[]
2020-11-10 04:05:00+00:00,0,0,0.0,[]
2020-11-10 04:10:00+00:00,0,0,0.0,[]
2020-11-10 04:15:00+00:00,0,0,0.0,[]
2020-11-10 04:20:00+00:00,0,0,0.0,[]
2020-11-10 04:25:00+00:00,0,0,0.0,[]
2020-11-10 04:30:00+00:00,0,0,0.0,[]
2020-11-10 04:35:00+00:00,0,0,0.0,[]
2020-11-10 04:40:00+00:00,0,0,0.0,[]
2020-11-10 04:45:00+00:00,0,0,0.0,[]
2020-11-10 04:50:00+00:00,0,0,0.0,[]
2020-11-10 04:55:00+00:00,0,0,0.0,[]
2020-11-10 05:00:00+00:00,0,0,0.0,[]
2020-11-10 05:05:00+00:00,0,0,0.0,[]
2020-11-10 05:10:00+00:00,0,0,0.0,[]
2020-11-10 05:15:00+00:00,0,0,0.0,[]
2020-11-10 05:20:00+00:00,0,0,0.0,[]
2020-11-10 05:25:00+00:00,0,0,0.0,[]
2020-11-10 05:30:00+00:00,0,0,0.0,[]
2020-11-10 05:35:00+00:00,0,0,0.0,[]
2020-11-10 05:40:00+00:00,0,0,0.0,[]
2020-11-10 05:45:00+00:00,0,0,0.0,[]
2020-11-10 05:50:00+00:00,0,0,0.0,[]
2020-11-10 05:55:00+00:00,0,0,0.0,[]
2020-11-10 06:00:00+00:00,0,0,0.0,[]
2020-11-10 06:05:00+00:00,0,0,0.0,[]
2020-11-10 06:10:00+00:00,0,0,0.0,[]
2020-11-10 06:15:00+00:00,0,0,0.0,[]
2020-11-10 06:20:00+00:00,0,0,0.0,[]
2020-11-10 06:25:00+00:00,0,0,0.0,[]
2020-11-10 06:30:00+00:00,0,0,0.0,[]
2020-11-10 06:35:00+00:00,0,0,0.0,[]
2020-11-10 06:40:00+00:00,0,0,0.0,[]
2020-11-10 06:45:00+00:00,0,0,0.0,[]
2020-11-10 06:50:00+00:00,0,0,0.0,[]
2020-11-10 06:55:00+00:00,0,0,0.0,[]
2020-11-10 07:00:00+00:00,0,0,0.0,[]
2020-11-10 07:05:00+00:00,0,0,0.0,[]
2020-11-10 07:10:00+00:00,0,0,0.0,[]
2020-11-10 07:15:00+00:00,0,0,0.0,[]
2020-11-10 07:20:00+00:00,0,0,0.0,[]
2020-11-10 07:25:00+00:00,0,0,0.0,[]
2020-11-10 07:30:00+00:00,0,0,0.0,[]
2020-11-10 07:35:00+00:00,0,0,0.0,[]
2020-11-10 07:40:00+00:00,0,0,0.0,[]
2020-11-10 07:45:00+00:00,0,0,0.0,[]
2020-11-10 07:50:00+00:00,0,0,0.0,[]
2020-11-10 07:55:00+00:00,0,0,0.0,[]
2020-11-10 08:00:00+00:00,0,0,0.0,[]
2020-11-10 08:05:00+00:00,0,0,0.0,[]
2020-11-10 08:10:00+00:00,0,0,0.0,[]
2020-11-10 08:15:00+00:00,0,0,0.0,[]
2020-11-10 08:20:00+00:00,0,0,0.0,[]
2020-11-10 08:25:00+00:00,0,0,0.0,[]
2020-11-10 08:30:00+00:00,0,0,0.0,[]
2020-11-10 08:35:00+00:00,0,0,0.0,[]
2020-11-10 08:40:00+00:00,0,0,0.0,[]
2020-11-10 08:45:00+00:00,0,0,0.0,[]
2020-11-10 08:50:00+00:00,0,0,0.0,[]
2020-11-10 08:55:00+00:00,0,0,0.0,[]
2020-11-10 09:00:00+00:00,0,0,0.0,[]
2020-11-10 09:05:00+00:00,0,0,0.0,[]
2020-11-10 09:10:00+00:00,0,0,0.0,[]
2020-11-10 09:15:00+00:00,0,0,0.0,[]
2020-11-10 09:20:00+00:00,0,0,0.0,[]
2020-11-10 09:25:00+00:00,0,0,0.0,[]
2020-11-10 09:30:00+00:00,0,0,0.0,[]
2020-11-10 09:35:00+00:00,0,0,0.0,[]
2020-11-10 09:40:00+00:00,0,0,0.0,[]
2020-11-10 09:45:00+00:00,0,0,0.0,[]
2020-11-10 09:50:00+00:00,0,0,0.0,[]
2020-11-10 09:55:00+00:00,0,0,0.0,[]
2020-11-10 10:00:00+00:00,0,0,0.0,[]
2020-11-10 10:05:00+00:00,0,0,0.0,[]
2020-11-10 10:10:00+00:00,0,0,0.0,[]
2020-11-10 10:15:00+00:00,0,0,0.0,[]
2020-11-10 10:20:00+00:00,0,0,0.0,[]
2020-11-10 10:25:00+00:00,0,0,0.0,[]
2020-11-10 10:30:00+00:00,0,0,0.0,[]
2020-11-10 10:35:00+00:00,0,0,0.0,[]
2020-11-10 10:40:00+00:00,0,0,0.0,[]
2020-11-10 10:45:00+00:00,0,0,0.0,[]
2020-11-10 10:50:00+00:00,0,0,0.0,[]
2020-11-10 10:55:00+00:00,0,0,0.0,[]
2020-11-10 11:00:00+00:00,0,0,0.0,[]
2020-11-10 11:05:00+00:00,0,0,0.0,[]
2020-11-10 11:10:00+00:00,0,0,0.0,[]
2020-11-10 11:15:00+00:00,0,0,0.0,[]
2020-11-10 11:20:00+00:00,0,0,0.0,[]
2020-11-10 11:25:00+00:00,0,0,0.0,[]
2020-11-10 11:30:00+00:00,0,0,0.0,[]
2020-11-10 11:35:00+00:00,0,0,0.0,[]
2020-11-10 11:40:00+00:00,0,0,0.0,[]
2020-11-10 11:45:00+00:00,0,0,0.0,[]
2020-11-10 11:50:00+00:00,0,0,0.0,[]
2020-11-10 11:55:00+00:00,0,0,0.0,[]
2020-11-10 12:00:00+00:00,0,0,0.0,[]
2020-11-10 12:05:00+00:00,0,0,0.0,[]
2020-11-10 12:10:00+00:00,0,0,0.0,[]
2020-11-10 12:15:00+00:00,0,0,0.0,[]
2020-11-10 12:20:00+00:00,0,0,0.0,[]
2020-11-10 12:25:00+00:00,0,0,0.0,[]
2020-11-10 12:30:00+00:00,0,0,0.0,[]
2020-11-10 12:35:00+00:00,0,0,0.0,[]
2020-11-10 12:40:00+00:00,0,0,0.0,[]
2020-11-10 12:45:00+00:00,0,0,0.0,[]
2020-11-10 12:50:00+00:00,0,0,0.0,[]
2020-11-10 12:55:00+00:00,0,0,0.0,[]
2020-11-10 13:00:00+00:00,0,0,0.0,[]
2020-11-10 13:05:00+00:00,0,0,0.0,[]
2020-11-10 13:10:00+00:00,0,0,0.0,[]
2020-11-10 13:15:00+00:00,0,0,0.0,[]
2020-11-10 13:20:00+00:00,0,0,0.0,[]
2020-11-10 13:25:00+00:00,0,0,0.0,[]
2020-11-10 13:30:00+00:00,0,0,0.0,[]
2020-11-10 13:35:00+00:00,0,0,0.0,[]
2020-11-10 13:40:00+00:00,0,0,0.0,[]
2020-11-10 13:45:00+00:00,0,0,0.0,[]
2020-11-10 13:50:00+00:00,0,0,0.0,[]
2020-11-10 13:55:00+00:00,0,0,0.0,[]
2020-11-10 14:00:00+00:00,0,0,0.0,[]
2020-11-10 14:05:00+00:00,0,0,0.0,[]
2020-11-10 14:10:00+00:00,0,0,0.0,[]
2020-11-10 14:15:00+00:00,0,0,0.0,[]
2020-11-10 14:20:00+00:00,0,0,0.0,[]
2020-11-10 14:25:00+00:00,0,0,0.0,[]
2020-11-10 14:30:00+00:00,0,0,0.0,[]
2020-11-10 14:35:00+00:00,0,0,0.0,[]
2020-11-10 14:40:00+00:00,0,0,0.0,[]
2020-11-10 14:45:00+00:00,0,0,0.0,[]
2020-11-10 14:50:00+00:00,0,0,0.0,[]
2020-11-10 14:55:00+00:00,0,0,0.0,[]
2020-11-10 15:00:00+00:00,0,0,0.0,[]
2020-11-10 15:05:00+00:00,0,0,0.0,[]
2020-11-10 15:10:00+00:00,0,0,0.0,[]
2020-11-10 15:15:00+00:00,0,0,0.0,[]
2020-11-10 15:20:00+00:00,0,0,0.0,[]
2020-11-10 15:25:00+00:00,0,0,0.0,[]
2020-11-10 15:30:00+00:00,0,0,0.0,[]
2020-11-10 15:35:00+00:00,0,0,0.0,[]
2020-11-10 15:40:00+00:00,0,0,0.0,[]
2020-11-10 15:45:00+00:00,0,0,0.0,[]
2020-11-10 15:50:00+00:00,0,0,0.0,[]
2020-11-10 15:55:00+00:00,0,0,0.0,[]
2020-11-10 16:00:00+00:00,0,0,0.0,[]
2020-11-10 16:05:00+00:00,0,0,0.0,[]
2020-11-10 16:10:00+00:00,0,0,0.0,[]
2020-11-10 16:15:00+00:00,0,0,0.0,[]
2020-11-10 16:20:00+00:00,0,0,0.0,[]
2020-11-10 16:25:00+00:00,0,0,0.0,[]
2020-11-10 16:30:00+00:00,0,0,0.0,[]
2020-11-10 16:35:00+00:00,0,0,0.0,[]
2020-11-10 16:40:00+00:00,0,0,0.0,[]
2020-11-10 16:45:00+00:00,0,0,0.0,[]
2020-11-10 16:50:00+00:00,0,0,0.0,[]
2020-11-10 16:55:00+00:00,0,0,0.0,[]
2020-11-10 17:00:00+00:00,0,0,0.0,[]
2020-11-10 17:05:00+00:00,0,0,0.0,[]
2020-11-10 17:10:00+00:00,0,0,0.0,[]
2020-11-10 17:15:00+00:00,0,0,0.0,[]
2020-11-10 17:20:00+00:00,0,0,0.0,[]
2020-11-10 17:25:00+00:00,0,0,0.0,[]
2020-11-10 17:30:00+00:00,0,0,0.0,[]
2020-11-10 17:35:00+00:00,18210,0,1.0,[18210]
2020-11-10 17:40:00+00:00,0,0,0.0,[]
2020-11-10 17:45:00+00:00,0,0,0.0,[]
2020-11-10 17:50:00+00:00,0,0,0.0,[]
2020-11-10 17:55:00+00:00,0,0,0.0,[]
2020-11-10 18:00:00+00:00,0,0,0.0,[]
2020-11-10 18:05:00+00:00,0,0,0.0,[]
2020-11-10 18:10:00+00:00,0,0,0.0,[]
2020-11-10 18:15:00+00:00,0,0,0.0,[]
2020-11-10 18:20:00+00:00,0,0,0.0,[]
2020-11-10 18:25:00+00:00,0,0,0.0,[]
2020-11-10 18:30:00+00:00,0,0,0.0,[]
2020-11-10 18:35:00+00:00,0,0,0.0,[]
2020-11-10 18:40:00+00:00,0,0,0.0,[]
2020-11-10 18:45:00+00:00,0,0,0.0,[]
2020-11-10 18:50:00+00:00,0,0,0.0,[]
2020-11-10 18:55:00+00:00,0,0,0.0,[]
2020-11-10 19:00:00+00:00,0,0,0.0,[]
2020-11-10 19:05:00+00:00,0,0,0.0,[]
2020-11-10 19:10:00+00:00,0,0,0.0,[]
2020-11-10 19:15:00+00:00,0,0,0.0,[]
2020-11-10 19:20:00+00:00,0,0,0.0,[]
2020-11-10 19:25:00+00:00,0,0,0.0,[]
2020-11-10 19:30:00+00:00,0,0,0.0,[]
2020-11-10 19:35:00+00:00,0,0,0.0,[]
2020-11-10 19:40:00+00:00,0,0,0.0,[]
2020-11-10 19:45:00+00:00,0,0,0.0,[]
2020-11-10 19:50:00+00:00,0,0,0.0,[]
2020-11-10 19:55:00+00:00,0,0,0.0,[]
2020-11-10 20:00:00+00:00,0,0,0.0,[]
2020-11-10 20:05:00+00:00,0,0,0.0,[]
2020-11-10 20:10:00+00:00,0,0,0.0,[]
2020-11-10 20:15:00+00:00,0,0,0.0,[]
2020-11-10 20:20:00+00:00,0,0,0.0,[]
2020-11-10 20:25:00+00:00,0,0,0.0,[]
2020-11-10 20:30:00+00:00,0,0,0.0,[]
2020-11-10 20:35:00+00:00,0,0,0.0,[]
2020-11-10 20:40:00+00:00,0,0,0.0,[]
2020-11-10 20:45:00+00:00,0,0,0.0,[]
2020-11-10 20:50:00+00:00,0,0,0.0,[]
2020-11-10 20:55:00+00:00,0,0,0.0,[]
2020-11-10 21:00:00+00:00,0,0,0.0,[]
2020-11-10 21:05:00+00:00,0,0,0.0,[]
2020-11-10 21:10:00+00:00,0,0,0.0,[]
2020-11-10 21:15:00+00:00,0,0,0.0,[]
2020-11-10 21:20:00+00:00,0,0,0.0,[]
2020-11-10 21:25:00+00:00,0,0,0.0,[]
2020-11-10 21:30:00+00:00,0,0,0.0,[]
2020-11-10 21:35:00+00:00,0,0,0.0,[]
2020-11-10 21:40:00+00:00,0,0,0.0,[]
2020-11-10 21:45:00+00:00,0,0,0.0,[]
2020-11-10 21:50:00+00:00,0,0,0.0,[]
2020-11-10 21:55:00+00:00,0,0,0.0,[]
2020-11-10 22:00:00+00:00,0,0,0.0,[]
2020-11-10 22:05:00+00:00,0,0,0.0,[]
2020-11-10 22:10:00+00:00,0,0,0.0,[]
2020-11-10 22:15:00+00:00,0,0,0.0,[]
2020-11-10 22:20:00+00:00,0,0,0.0,[]
2020-11-10 22:25:00+00:00,0,0,0.0,[]
2020-11-10 22:30:00+00:00,0,0,0.0,[]
2020-11-10 22:35:00+00:00,0,0,0.0,[]
2020-11-10 22:40:00+00:00,0,0,0.0,[]
2020-11-10 22:45:00+00:00,0,0,0.0,[]
2020-11-10 22:50:00+00:00,0,0,0.0,[]
2020-11-10 22:55:00+00:00,0,0,0.0,[]
2020-11-10 23:00:00+00:00,0,0,0.0,[]
2020-11-10 23:05:00+00:00,0,0,0.0,[]
2020-11-10 23:10:00+00:00,0,0,0.0,[]
2020-11-10 23:15:00+00:00,0,0,0.0,[]
2020-11-10 23:20:00+00:00,0,0,0.0,[]
2020-11-10 23:25:00+00:00,0,0,0.0,[]
2020-11-10 23:30:00+00:00,0,0,0.0,[]
2020-11-10 23:35:00+00:00,0,0,0.0,[]
2020-11-10 23:40:00+00:00,0,0,0.0,[]
2020-11-10 23:45:00+00:00,0,0,0.0,[]
2020-11-10 23:50:00+00:00,0,0,0.0,[]
2020-11-10 23:55:00+00:00,0,0,0.0,[]
2020-11-11 00:00:00+00:00,0,0,0.0,[]
2020-11-11 00:05:00+00:00,0,0,0.0,[]
2020-11-11 00:10:00+00:00,0,0,0.0,[]
2020-11-11 00:15:00+00:00,0,0,0.0,[]
2020-11-11 00:20:00+00:00,0,0,0.0,[]
2020-11-11 00:25:00+00:00,0,0,0.0,[]
2020-11-11 00:30:00+00:00,0,0,0.0,[]
2020-11-11 00:35:00+00:00,0,0,0.0,[]
2020-11-11 00:40:00+00:00,0,0,0.0,[]
2020-11-11 00:45:00+00:00,0,0,0.0,[]
2020-11-11 00:50:00+00:00,0,0,0.0,[]
2020-11-11 00:55:00+00:00,0,0,0.0,[]
2020-11-11 01:00:00+00:00,0,0,0.0,[]
2020-11-11 01:05:00+00:00,0,0,0.0,[]
2020-11-11 01:10:00+00:00,0,0,0.0,[]
2020-11-11 01:15:00+00:00,0,0,0.0,[]
2020-11-11 01:20:00+00:00,0,0,0.0,[]
2020-11-11 01:25:00+00:00,0,0,0.0,[]
2020-11-11 01:30:00+00:00,0,0,0.0,[]
2020-11-11 01:35:00+00:00,0,0,0.0,[]
2020-11-11 01:40:00+00:00,0,0,0.0,[]
2020-11-11 01:45:00+00:00,0,0,0.0,[]
2020-11-11 01:50:00+00:00,0,0,0.0,[]
2020-11-11 01:55:00+00:00,0,0,0.0,[]
2020-11-11 02:00:00+00:00,0,0,0.0,[]
2020-11-11 02:05:00+00:00,0,0,0.0,[]
2020-11-11 02:10:00+00:00,0,0,0.0,[]
2020-11-11 02:15:00+00:00,0,0,0.0,[]
2020-11-11 02:20:00+00:00,0,0,0.0,[]
2020-11-11 02:25:00+00:00,0,0,0.0,[]
2020-11-11 02:30:00+00:00,0,0,0.0,[]
2020-11-11 02:35:00+00:00,0,0,0.0,[]
2020-11-11 02:40:00+00:00,0,0,0.0,[]
2020-11-11 02:45:00+00:00,0,0,0.0,[]
2020-11-11 02:50:00+00:00,0,0,0.0,[]
2020-11-11 02:55:00+00:00,0,0,0.0,[]
2020-11-11 03:00:00+00:00,0,0,0.0,[]
2020-11-11 03:05:00+00:00,0,0,0.0,[]
2020-11-11 03:10:00+00:00,0,0,0.0,[]
2020-11-11 03:15:00+00:00,0,0,0.0,[]
2020-11-11 03:20:00+00:00,0,0,0.0,[]
2020-11-11 03:25:00+00:00,0,0,0.0,[]
2020-11-11 03:30:00+00:00,0,0,0.0,[]
2020-11-11 03:35:00+00:00,0,0,0.0,[]
2020-11-11 03:40:00+00:00,0,0,0.0,[]
2020-11-11 03:45:00+00:00,0,0,0.0,[]
2020-11-11 03:50:00+00:00,0,0,0.0,[]
2020-11-11 03:55:00+00:00,0,0,0.0,[]
2020-11-11 04:00:00+00:00,0,0,0.0,[]
2020-11-11 04:05:00+00:00,0,0,0.0,[]
2020-11-11 04:10:00+00:00,0,0,0.0,[]
2020-11-11 04:15:00+00:00,0,0,0.0,[]
2020-11-11 04:20:00+00:00,0,0,0.0,[]
2020-11-11 04:25:00+00:00,0,0,0.0,[]
2020-11-11 04:30:00+00:00,0,0,0.0,[]
2020-11-11 04:35:00+00:00,0,0,0.0,[]
2020-11-11 04:40:00+00:00,0,0,0.0,[]
2020-11-11 04:45:00+00:00,0,0,0.0,[]
2020-11-11 04:50:00+00:00,0,0,0.0,[]
2020-11-11 04:55:00+00:00,0,0,0.0,[]
2020-11-11 05:00:00+00:00,0,0,0.0,[]
2020-11-11 05:05:00+00:00,0,0,0.0,[]
2020-11-11 05:10:00+00:00,0,0,0.0,[]
2020-11-11 05:15:00+00:00,0,0,0.0,[]
2020-11-11 05:20:00+00:00,0,0,0.0,[]
2020-11-11 05:25:00+00:00,0,0,0.0,[]
2020-11-11 05:30:00+00:00,0,0,0.0,[]
2020-11-11 05:35:00+00:00,0,0,0.0,[]
2020-11-11 05:40:00+00:00,0,0,0.0,[]
2020-11-11 05:45:00+00:00,0,0,0.0,[]
2020-11-11 05:50:00+00:00,0,0,0.0,[]
2020-11-11 05:55:00+00:00,0,0,0.0,[]
2020-11-11 06:00:00+00:00,0,0,0.0,[]
2020-11-11 06:05:00+00:00,0,0,0.0,[]
2020-11-11 06:10:00+00:00,0,0,0.0,[]
2020-11-11 06:15:00+00:00,0,0,0.0,[]
2020-11-11 06:20:00+00:00,0,0,0.0,[]
2020-11-11 06:25:00+00:00,0,0,0.0,[]
2020-11-11 06:30:00+00:00,0,0,0.0,[]
2020-11-11 06:35:00+00:00,0,0,0.0,[]
2020-11-11 06:40:00+00:00,0,0,0.0,[]
2020-11-11 06:45:00+00:00,0,0,0.0,[]
2020-11-11 06:50:00+00:00,0,0,0.0,[]
2020-11-11 06:55:00+00:00,0,0,0.0,[]
2020-11-11 07:00:00+00:00,0,0,0.0,[]
2020-11-11 07:05:00+00:00,0,0,0.0,[]
2020-11-11 07:10:00+00:00,0,0,0.0,[]
2020-11-11 07:15:00+00:00,0,0,0.0,[]
2020-11-11 07:20:00+00:00,0,0,0.0,[]
2020-11-11 07:25:00+00:00,0,0,0.0,[]
2020-11-11 07:30:00+00:00,0,0,0.0,[]
2020-11-11 07:35:00+00:00,0,0,0.0,[]
2020-11-11 07:40:00+00:00,0,0,0.0,[]
2020-11-11 07:45:00+00:00,0,0,0.0,[]
2020-11-11 07:50:00+00:00,0,0,0.0,[]
2020-11-11 07:55:00+00:00,0,0,0.0,[]
2020-11-11 08:00:00+00:00,0,0,0.0,[]
2020-11-11 08:05:00+00:00,0,0,0.0,[]
2020-11-11 08:10:00+00:00,0,0,0.0,[]
2020-11-11 08:15:00+00:00,0,0,0.0,[]
2020-11-11 08:20:00+00:00,0,0,0.0,[]
2020-11-11 08:25:00+00:00,0,0,0.0,[]
2020-11-11 08:30:00+00:00,0,0,0.0,[]
2020-11-11 08:35:00+00:00,0,0,0.0,[]
2020-11-11 08:40:00+00:00,0,0,0.0,[]
2020-11-11 08:45:00+00:00,0,0,0.0,[]
2020-11-11 08:50:00+00:00,0,0,0.0,[]
2020-11-11 08:55:00+00:00,0,0,0.0,[]
2020-11-11 09:00:00+00:00,0,0,0.0,[]
2020-11-11 09:05:00+00:00,0,0,0.0,[]
2020-11-11 09:10:00+00:00,460,0,1.0,[460]
2020-11-11 09:15:00+00:00,0,0,0.0,[]
2020-11-11 09:20:00+00:00,0,0,0.0,[]
2020-11-11 09:25:00+00:00,0,0,0.0,[]
2020-11-11 09:30:00+00:00,0,0,0.0,[]
2020-11-11 09:35:00+00:00,0,0,0.0,[]
2020-11-11 09:40:00+00:00,0,0,0.0,[]
2020-11-11 09:45:00+00:00,0,0,0.0,[]
2020-11-11 09:50:00+00:00,0,0,0.0,[]
2020-11-11 09:55:00+00:00,0,0,0.0,[]
2020-11-11 10:00:00+00:00,0,0,0.0,[]
2020-11-11 10:05:00+00:00,0,0,0.0,[]
2020-11-11 10:10:00+00:00,0,0,0.0,[]
2020-11-11 10:15:00+00:00,0,0,0.0,[]
2020-11-11 10:20:00+00:00,0,0,0.0,[]
2020-11-11 10:25:00+00:00,0,0,0.0,[]
2020-11-11 10:30:00+00:00,0,0,0.0,[]
2020-11-11 10:35:00+00:00,0,0,0.0,[]
2020-11-11 10:40:00+00:00,0,0,0.0,[]
2020-11-11 10:45:00+00:00,0,0,0.0,[]
2020-11-11 10:50:00+00:00,0,0,0.0,[]
2020-11-11 10:55:00+00:00,0,0,0.0,[]
2020-11-11 11:00:00+00:00,0,0,0.0,[]
2020-11-11 11:05:00+00:00,0,0,0.0,[]
2020-11-11 11:10:00+00:00,0,0,0.0,[]
2020-11-11 11:15:00+00:00,0,0,0.0,[]
2020-11-11 11:20:00+00:00,0,0,0.0,[]
2020-11-11 11:25:00+00:00,0,0,0.0,[]
2020-11-11 11:30:00+00:00,0,0,0.0,[]
2020-11-11 11:35:00+00:00,0,0,0.0,[]
2020-11-11 11:40:00+00:00,0,0,0.0,[]
2020-11-11 11:45:00+00:00,0,0,0.0,[]
2020-11-11 11:50:00+00:00,0,0,0.0,[]
2020-11-11 11:55:00+00:00,0,0,0.0,[]
2020-11-11 12:00:00+00:00,0,0,0.0,[]
2020-11-11 12:05:00+00:00,0,0,0.0,[]
2020-11-11 12:10:00+00:00,0,0,0.0,[]
2020-11-11 12:15:00+00:00,0,0,0.0,[]
2020-11-11 12:20:00+00:00,0,0,0.0,[]
2020-11-11 12:25:00+00:00,0,0,0.0,[]
2020-11-11 12:30:00+00:00,0,0,0.0,[]
2020-11-11 12:35:00+00:00,0,0,0.0,[]
2020-11-11 12:40:00+00:00,0,0,0.0,[]
2020-11-11 12:45:00+00:00,0,0,0.0,[]
2020-11-11 12:50:00+00:00,0,0,0.0,[]
2020-11-11 12:55:00+00:00,0,0,0.0,[]
2020-11-11 13:00:00+00:00,0,0,0.0,[]
2020-11-11 13:05:00+00:00,0,0,0.0,[]
2020-11-11 13:10:00+00:00,0,0,0.0,[]
2020-11-11 13:15:00+00:00,0,0,0.0,[]
2020-11-11 13:20:00+00:00,0,0,0.0,[]
2020-11-11 13:25:00+00:00,0,0,0.0,[]
2020-11-11 13:30:00+00:00,0,0,0.0,[]
2020-11-11 13:35:00+00:00,0,0,0.0,[]
2020-11-11 13:40:00+00:00,0,0,0.0,[]
2020-11-11 13:45:00+00:00,0,0,0.0,[]
2020-11-11 13:50:00+00:00,0,0,0.0,[]
2020-11-11 13:55:00+00:00,0,0,0.0,[]
2020-11-11 14:00:00+00:00,0,0,0.0,[]
2020-11-11 14:05:00+00:00,0,0,0.0,[]
2020-11-11 14:10:00+00:00,0,0,0.0,[]
2020-11-11 14:15:00+00:00,0,0,0.0,[]
2020-11-11 14:20:00+00:00,0,0,0.0,[]
2020-11-11 14:25:00+00:00,0,0,0.0,[]
2020-11-11 14:30:00+00:00,0,0,0.0,[]
2020-11-11 14:35:00+00:00,0,0,0.0,[]
2020-11-11 14:40:00+00:00,0,0,0.0,[]
2020-11-11 14:45:00+00:00,0,0,0.0,[]
2020-11-11 14:50:00+00:00,0,0,0.0,[]
2020-11-11 14:55:00+00:00,0,0,0.0,[]
2020-11-11 15:00:00+00:00,0,0,0.0,[]
2020-11-11 15:05:00+00:00,0,0,0.0,[]
2020-11-11 15:10:00+00:00,0,0,0.0,[]
2020-11-11 15:15:00+00:00,0,0,0.0,[]
2020-11-11 15:20:00+00:00,0,0,0.0,[]
2020-11-11 15:25:00+00:00,0,0,0.0,[]
2020-11-11 15:30:00+00:00,0,0,0.0,[]
2020-11-11 15:35:00+00:00,0,0,0.0,[]
2020-11-11 15:40:00+00:00,0,0,0.0,[]
2020-11-11 15:45:00+00:00,0,0,0.0,[]
2020-11-11 15:50:00+00:00,0,0,0.0,[]
2020-11-11 15:55:00+00:00,0,0,0.0,[]
2020-11-11 16:00:00+00:00,0,0,0.0,[]
2020-11-11 16:05:00+00:00,0,0,0.0,[]
2020-11-11 16:10:00+00:00,0,0,0.0,[]
2020-11-11 16:15:00+00:00,0,0,0.0,[]
2020-11-11 16:20:00+00:00,0,0,0.0,[]
2020-11-11 16:25:00+00:00,0,0,0.0,[]
2020-11-11 16:30:00+00:00,0,0,0.0,[]
2020-11-11 16:35:00+00:00,0,0,0.0,[]
2020-11-11 16:40:00+00:00,0,0,0.0,[]
2020-11-11 16:45:00+00:00,0,0,0.0,[]
2020-11-11 16:50:00+00:00,0,0,0.0,[]
2020-11-11 16:55:00+00:00,0,0,0.0,[]
2020-11-11 17:00:00+00:00,0,0,0.0,[]
2020-11-11 17:05:00+00:00,0,0,0.0,[]
2020-11-11 17:10:00+00:00,0,0,0.0,[]
2020-11-11 17:15:00+00:00,0,0,0.0,[]
2020-11-11 17:20:00+00:00,0,0,0.0,[]
2020-11-11 17:25:00+00:00,0,0,0.0,[]
2020-11-11 17:30:00+00:00,0,0,0.0,[]
2020-11-11 17:35:00+00:00,0,0,0.0,[]
2020-11-11 17:40:00+00:00,0,0,0.0,[]
2020-11-11 17:45:00+00:00,0,0,0.0,[]
2020-11-11 17:50:00+00:00,0,0,0.0,[]
2020-11-11 17:55:00+00:00,0,0,0.0,[]
2020-11-11 18:00:00+00:00,0,0,0.0,[]
2020-11-11 18:05:00+00:00,0,0,0.0,[]
2020-11-11 18:10:00+00:00,0,0,0.0,[]
2020-11-11 18:15:00+00:00,0,0,0.0,[]
2020-11-11 18:20:00+00:00,0,0,0.0,[]
2020-11-11 18:25:00+00:00,0,0,0.0,[]
2020-11-11 18:30:00+00:00,0,0,0.0,[]
2020-11-11 18:35:00+00:00,0,0,0.0,[]
2020-11-11 18:40:00+00:00,0,0,0.0,[]
2020-11-11 18:45:00+00:00,0,0,0.0,[]
2020-11-11 18:50:00+00:00,0,0,0.0,[]
2020-11-11 18:55:00+00:00,0,0,0.0,[]
2020-11-11 19:00:00+00:00,0,0,0.0,[]
2020-11-11 19:05:00+00:00,0,0,0.0,[]
2020-11-11 19:10:00+00:00,0,0,0.0,[]
2020-11-11 19:15:00+00:00,0,0,0.0,[]
2020-11-11 19:20:00+00:00,0,0,0.0,[]
2020-11-11 19:25:00+00:00,0,0,0.0,[]
2020-11-11 19:30:00+00:00,0,0,0.0,[]
2020-11-11 19:35:00+00:00,0,0,0.0,[]
2020-11-11 19:40:00+00:00,0,0,0.0,[]
2020-11-11 19:45:00+00:00,0,0,0.0,[]
2020-11-11 19:50:00+00:00,0,0,0.0,[]
2020-11-11 19:55:00+00:00,0,0,0.0,[]
2020-11-11 20:00:00+00:00,0,0,0.0,[]
2020-11-11 20:05:00+00:00,0,0,0.0,[]
2020-11-11 20:10:00+00:00,0,0,0.0,[]
2020-11-11 20:15:00+00:00,0,0,0.0,[]
2020-11-11 20:20:00+00:00,0,0,0.0,[]
2020-11-11 20:25:00+00:00,0,0,0.0,[]
2020-11-11 20:30:00+00:00,0,0,0.0,[]
2020-11-11 20:35:00+00:00,0,0,0.0,[]
2020-11-11 20:40:00+00:00,0,0,0.0,[]
2020-11-11 20:45:00+00:00,0,0,0.0,[]
2020-11-11 20:50:00+00:00,0,0,0.0,[]
2020-11-11 20:55:00+00:00,0,0,0.0,[]
2020-11-11 21:00:00+00:00,0,0,0.0,[]
2020-11-11 21:05:00+00:00,0,0,0.0,[]
2020-11-11 21:10:00+00:00,0,0,0.0,[]
2020-11-11 21:15:00+00:00,0,0,0.0,[]
2020-11-11 21:20:00+00:00,0,0,0.0,[]
2020-11-11 21:25:00+00:00,0,0,0.0,[]
2020-11-11 21:30:00+00:00,0,0,0.0,[]
2020-11-11 21:35:00+00:00,0,0,0.0,[]
2020-11-11 21:40:00+00:00,0,0,0.0,[]
2020-11-11 21:45:00+00:00,0,0,0.0,[]
2020-11-11 21:50:00+00:00,0,0,0.0,[]
2020-11-11 21:55:00+00:00,0,0,0.0,[]
2020-11-11 22:00:00+00:00,0,0,0.0,[]
2020-11-11 22:05:00+00:00,0,0,0.0,[]
2020-11-11 22:10:00+00:00,0,0,0.0,[]
2020-11-11 22:15:00+00:00,0,0,0.0,[]
2020-11-11 22:20:00+00:00,0,0,0.0,[]
2020-11-11 22:25:00+00:00,0,0,0.0,[]
2020-11-11 22:30:00+00:00,0,0,0.0,[]
2020-11-11 22:35:00+00:00,0,0,0.0,[]
2020-11-11 22:40:00+00:00,0,0,0.0,[]
2020-11-11 22:45:00+00:00,0,0,0.0,[]
2020-11-11 22:50:00+00:00,0,0,0.0,[]
2020-11-11 22:55:00+00:00,0,0,0.0,[]
2020-11-11 23:00:00+00:00,0,0,0.0,[]
2020-11-11 23:05:00+00:00,0,0,0.0,[]
2020-11-11 23:10:00+00:00,0,0,0.0,[]
2020-11-11 23:15:00+00:00,0,0,0.0,[]
2020-11-11 23:20:00+00:00,0,0,0.0,[]
2020-11-11 23:25:00+00:00,0,0,0.0,[]
2020-11-11 23:30:00+00:00,0,0,0.0,[]
2020-11-11 23:35:00+00:00,0,0,0.0,[]
2020-11-11 23:40:00+00:00,0,0,0.0,[]
2020-11-11 23:45:00+00:00,0,0,0.0,[]
2020-11-11 23:50:00+00:00,0,0,0.0,[]
2020-11-11 23:55:00+00:00,0,0,0.0,[]
2020-11-12 00:00:00+00:00,0,0,0.0,[]
2020-11-12 00:05:00+00:00,0,0,0.0,[]
2020-11-12 00:10:00+00:00,0,0,0.0,[]
2020-11-12 00:15:00+00:00,0,0,0.0,[]
2020-11-12 00:20:00+00:00,0,0,0.0,[]
2020-11-12 00:25:00+00:00,0,0,0.0,[]
2020-11-12 00:30:00+00:00,0,0,0.0,[]
2020-11-12 00:35:00+00:00,0,0,0.0,[]
2020-11-12 00:40:00+00:00,0,0,0.0,[]
2020-11-12 00:45:00+00:00,0,0,0.0,[]
2020-11-12 00:50:00+00:00,0,0,0.0,[]
2020-11-12 00:55:00+00:00,0,0,0.0,[]
2020-11-12 01:00:00+00:00,0,0,0.0,[]
2020-11-12 01:05:00+00:00,0,0,0.0,[]
2020-11-12 01:10:00+00:00,0,0,0.0,[]
2020-11-12 01:15:00+00:00,0,0,0.0,[]
2020-11-12 01:20:00+00:00,0,0,0.0,[]
2020-11-12 01:25:00+00:00,0,0,0.0,[]
2020-11-12 01:30:00+00:00,0,0,0.0,[]
2020-11-12 01:35:00+00:00,0,0,0.0,[]
2020-11-12 01:40:00+00:00,0,0,0.0,[]
2020-11-12 01:45:00+00:00,0,0,0.0,[]
2020-11-12 01:50:00+00:00,0,0,0.0,[]
2020-11-12 01:55:00+00:00,0,0,0.0,[]
2020-11-12 02:00:00+00:00,0,0,0.0,[]
2020-11-12 02:05:00+00:00,0,0,0.0,[]
2020-11-12 02:10:00+00:00,0,0,0.0,[]
2020-11-12 02:15:00+00:00,0,0,0.0,[]
2020-11-12 02:20:00+00:00,0,0,0.0,[]
2020-11-12 02:25:00+00:00,0,0,0.0,[]
2020-11-12 02:30:00+00:00,0,0,0.0,[]
2020-11-12 02:35:00+00:00,0,0,0.0,[]
2020-11-12 02:40:00+00:00,0,0,0.0,[]
2020-11-12 02:45:00+00:00,0,0,0.0,[]
2020-11-12 02:50:00+00:00,0,0,0.0,[]
2020-11-12 02:55:00+00:00,0,0,0.0,[]
2020-11-12 03:00:00+00:00,0,0,0.0,[]
2020-11-12 03:05:00+00:00,0,0,0.0,[]
2020-11-12 03:10:00+00:00,0,0,0.0,[]
2020-11-12 03:15:00+00:00,0,0,0.0,[]
2020-11-12 03:20:00+00:00,0,0,0.0,[]
2020-11-12 03:25:00+00:00,0,0,0.0,[]
2020-11-12 03:30:00+00:00,0,0,0.0,[]
2020-11-12 03:35:00+00:00,0,0,0.0,[]
2020-11-12 03:40:00+00:00,0,0,0.0,[]
2020-11-12 03:45:00+00:00,0,0,0.0,[]
2020-11-12 03:50:00+00:00,0,0,0.0,[]
2020-11-12 03:55:00+00:00,0,0,0.0,[]
2020-11-12 04:00:00+00:00,0,0,0.0,[]
2020-11-12 04:05:00+00:00,0,0,0.0,[]
2020-11-12 04:10:00+00:00,0,0,0.0,[]
2020-11-12 04:15:00+00:00,0,0,0.0,[]
2020-11-12 04:20:00+00:00,0,0,0.0,[]
2020-11-12 04:25:00+00:00,0,0,0.0,[]
2020-11-12 04:30:00+00:00,0,0,0.0,[]
2020-11-12 04:35:00+00:00,0,0,0.0,[]
2020-11-12 04:40:00+00:00,0,0,0.0,[]
2020-11-12 04:45:00+00:00,0,0,0.0,[]
2020-11-12 04:50:00+00:00,0,0,0.0,[]
2020-11-12 04:55:00+00:00,0,0,0.0,[]
2020-11-12 05:00:00+00:00,0,0,0.0,[]
2020-11-12 05:05:00+00:00,0,0,0.0,[]
2020-11-12 05:10:00+00:00,0,0,0.0,[]
2020-11-12 05:15:00+00:00,0,0,0.0,[]
2020-11-12 05:20:00+00:00,0,0,0.0,[]
2020-11-12 05:25:00+00:00,0,0,0.0,[]
2020-11-12 05:30:00+00:00,0,0,0.0,[]
2020-11-12 05:35:00+00:00,0,0,0.0,[]
2020-11-12 05:40:00+00:00,0,0,0.0,[]
2020-11-12 05:45:00+00:00,0,0,0.0,[]
2020-11-12 05:50:00+00:00,0,0,0.0,[]
2020-11-12 05:55:00+00:00,0,0,0.0,[]
2020-11-12 06:00:00+00:00,0,0,0.0,[]
2020-11-12 06:05:00+00:00,0,0,0.0,[]
2020-11-12 06:10:00+00:00,0,0,0.0,[]
2020-11-12 06:15:00+00:00,0,0,0.0,[]
2020-11-12 06:20:00+00:00,0,0,0.0,[]
2020-11-12 06:25:00+00:00,0,0,0.0,[]
2020-11-12 06:30:00+00:00,0,0,0.0,[]
2020-11-12 06:35:00+00:00,0,0,0.0,[]
2020-11-12 06:40:00+00:00,0,0,0.0,[]
2020-11-12 06:45:00+00:00,0,0,0.0,[]
2020-11-12 06:50:00+00:00,0,0,0.0,[]
2020-11-12 06:55:00+00:00,0,0,0.0,[]
2020-11-12 07:00:00+00:00,0,0,0.0,[]
2020-11-12 07:05:00+00:00,0,0,0.0,[]
2020-11-12 07:10:00+00:00,0,0,0.0,[]
2020-11-12 07:15:00+00:00,0,0,0.0,[]
2020-11-12 07:20:00+00:00,0,0,0.0,[]
2020-11-12 07:25:00+00:00,0,0,0.0,[]
2020-11-12 07:30:00+00:00,0,0,0.0,[]
2020-11-12 07:35:00+00:00,0,0,0.0,[]
2020-11-12 07:40:00+00:00,0,0,0.0,[]
2020-11-12 07:45:00+00:00,0,0,0.0,[]
2020-11-12 07:50:00+00:00,0,0,0.0,[]
2020-11-12 07:55:00+00:00,0,0,0.0,[]
2020-11-12 08:00:00+00:00,0,0,0.0,[]
2020-11-12 08:05:00+00:00,0,0,0.0,[]
2020-11-12 08:10:00+00:00,0,0,0.0,[]
2020-11-12 08:15:00+00:00,0,0,0.0,[]
2020-11-12 08:20:00+00:00,0,0,0.0,[]
2020-11-12 08:25:00+00:00,0,0,0.0,[]
2020-11-12 08:30:00+00:00,0,0,0.0,[]
2020-11-12 08:35:00+00:00,0,0,0.0,[]
2020-11-12 08:40:00+00:00,0,0,0.0,[]
2020-11-12 08:45:00+00:00,0,0,0.0,[]
2020-11-12 08:50:00+00:00,0,0,0.0,[]
2020-11-12 08:55:00+00:00,0,0,0.0,[]
2020-11-12 09:00:00+00:00,0,0,0.0,[]
2020-11-12 09:05:00+00:00,0,0,0.0,[]
2020-11-12 09:10:00+00:00,0,0,0.0,[]
2020-11-12 09:15:00+00:00,0,0,0.0,[]
2020-11-12 09:20:00+00:00,0,0,0.0,[]
2020-11-12 09:25:00+00:00,0,0,0.0,[]
2020-11-12 09:30:00+00:00,0,0,0.0,[]
2020-11-12 09:35:00+00:00,0,0,0.0,[]
2020-11-12 09:40:00+00:00,0,0,0.0,[]
2020-11-12 09:45:00+00:00,0,0,0.0,[]
2020-11-12 09:50:00+00:00,0,0,0.0,[]
2020-11-12 09:55:00+00:00,0,0,0.0,[]
2020-11-12 10:00:00+00:00,0,0,0.0,[]
2020-11-12 10:05:00+00:00,0,0,0.0,[]
2020-11-12 10:10:00+00:00,0,0,0.0,[]
2020-11-12 10:15:00+00:00,0,0,0.0,[]
2020-11-12 10:20:00+00:00,0,0,0.0,[]
2020-11-12 10:25:00+00:00,0,0,0.0,[]
2020-11-12 10:30:00+00:00,0,0,0.0,[]
2020-11-12 10:35:00+00:00,0,0,0.0,[]
2020-11-12 10:40:00+00:00,0,0,0.0,[]
2020-11-12 10:45:00+00:00,0,0,0.0,[]
2020-11-12 10:50:00+00:00,0,0,0.0,[]
2020-11-12 10:55:00+00:00,0,0,0.0,[]
2020-11-12 11:00:00+00:00,0,0,0.0,[]
2020-11-12 11:05:00+00:00,0,0,0.0,[]
2020-11-12 11:10:00+00:00,0,0,0.0,[]
2020-11-12 11:15:00+00:00,0,0,0.0,[]
2020-11-12 11:20:00+00:00,0,0,0.0,[]
2020-11-12 11:25:00+00:00,0,0,0.0,[]
2020-11-12 11:30:00+00:00,0,0,0.0,[]
2020-11-12 11:35:00+00:00,0,0,0.0,[]
2020-11-12 11:40:00+00:00,0,0,0.0,[]
2020-11-12 11:45:00+00:00,0,0,0.0,[]
2020-11-12 11:50:00+00:00,0,0,0.0,[]
2020-11-12 11:55:00+00:00,0,0,0.0,[]
2020-11-12 12:00:00+00:00,0,0,0.0,[]
2020-11-12 12:05:00+00:00,0,0,0.0,[]
2020-11-12 12:10:00+00:00,0,0,0.0,[]
2020-11-12 12:15:00+00:00,0,0,0.0,[]
2020-11-12 12:20:00+00:00,0,0,0.0,[]
2020-11-12 12:25:00+00:00,0,0,0.0,[]
2020-11-12 12:30:00+00:00,0,0,0.0,[]
2020-11-12 12:35:00+00:00,0,0,0.0,[]
2020-11-12 12:40:00+00:00,0,0,0.0,[]
2020-11-12 12:45:00+00:00,0,0,0.0,[]
2020-11-12 12:50:00+00:00,0,0,0.0,[]
2020-11-12 12:55:00+00:00,0,0,0.0,[]
2020-11-12 13:00:00+00:00,0,0,0.0,[]
2020-11-12 13:05:00+00:00,0,0,0.0,[]
2020-11-12 13:10:00+00:00,0,0,0.0,[]
2020-11-12 13:15:00+00:00,0,0,0.0,[]
2020-11-12 13:20:00+00:00,0,0,0.0,[]
2020-11-12 13:25:00+00:00,0,0,0.0,[]
2020-11-12 13:30:00+00:00,0,0,0.0,[]
2020-11-12 13:35:00+00:00,0,0,0.0,[]
2020-11-12 13:40:00+00:00,0,0,0.0,[]
2020-11-12 13:45:00+00:00,0,0,0.0,[]
2020-11-12 13:50:00+00:00,0,0,0.0,[]
2020-11-12 13:55:00+00:00,0,0,0.0,[]
2020-11-12 14:00:00+00:00,0,0,0.0,[]
2020-11-12 14:05:00+00:00,0,0,0.0,[]
2020-11-12 14:10:00+00:00,0,0,0.0,[]
2020-11-12 14:15:00+00:00,0,0,0.0,[]
2020-11-12 14:20:00+00:00,0,0,0.0,[]
2020-11-12 14:25:00+00:00,0,0,0.0,[]
2020-11-12 14:30:00+00:00,0,0,0.0,[]
2020-11-12 14:35:00+00:00,0,0,0.0,[]
2020-11-12 14:40:00+00:00,0,0,0.0,[]
2020-11-12 14:45:00+00:00,0,0,0.0,[]
2020-11-12 14:50:00+00:00,0,0,0.0,[]
2020-11-12 14:55:00+00:00,0,0,0.0,[]
2020-11-12 15:00:00+00:00,0,0,0.0,[]
2020-11-12 15:05:00+00:00,0,0,0.0,[]
2020-11-12 15:10:00+00:00,0,0,0.0,[]
2020-11-12 15:15:00+00:00,0,0,0.0,[]
2020-11-12 15:20:00+00:00,0,0,0.0,[]
2020-11-12 15:25:00+00:00,0,0,0.0,[]
2020-11-12 15:30:00+00:00,0,0,0.0,[]
2020-11-12 15:35:00+00:00,0,0,0.0,[]
2020-11-12 15:40:00+00:00,0,0,0.0,[]
2020-11-12 15:45:00+00:00,0,0,0.0,[]
2020-11-12 15:50:00+00:00,0,0,0.0,[]
2020-11-12 15:55:00+00:00,0,0,0.0,[]
2020-11-12 16:00:00+00:00,0,0,0.0,[]
2020-11-12 16:05:00+00:00,0,0,0.0,[]
2020-11-12 16:10:00+00:00,0,0,0.0,[]
2020-11-12 16:15:00+00:00,0,0,0.0,[]
2020-11-12 16:20:00+00:00,0,0,0.0,[]
2020-11-12 16:25:00+00:00,0,0,0.0,[]
2020-11-12 16:30:00+00:00,0,0,0.0,[]
2020-11-12 16:35:00+00:00,0,0,0.0,[]
2020-11-12 16:40:00+00:00,0,0,0.0,[]
2020-11-12 16:45:00+00:00,0,0,0.0,[]
2020-11-12 16:50:00+00:00,0,0,0.0,[]
2020-11-12 16:55:00+00:00,0,0,0.0,[]
2020-11-12 17:00:00+00:00,0,0,0.0,[]
2020-11-12 17:05:00+00:00,0,0,0.0,[]
2020-11-12 17:10:00+00:00,0,0,0.0,[]
2020-11-12 17:15:00+00:00,0,0,0.0,[]
2020-11-12 17:20:00+00:00,0,0,0.0,[]
2020-11-12 17:25:00+00:00,0,0,0.0,[]
2020-11-12 17:30:00+00:00,0,0,0.0,[]
2020-11-12 17:35:00+00:00,0,0,0.0,[]
2020-11-12 17:40:00+00:00,0,0,0.0,[]
2020-11-12 17:45:00+00:00,0,0,0.0,[]
2020-11-12 17:50:00+00:00,0,0,0.0,[]
2020-11-12 17:55:00+00:00,0,0,0.0,[]
2020-11-12 18:00:00+00:00,0,0,0.0,[]
2020-11-12 18:05:00+00:00,0,0,0.0,[]
2020-11-12 18:10:00+00:00,0,0,0.0,[]
2020-11-12 18:15:00+00:00,0,0,0.0,[]
2020-11-12 18:20:00+00:00,0,0,0.0,[]
2020-11-12 18:25:00+00:00,0,0,0.0,[]
2020-11-12 18:30:00+00:00,0,0,0.0,[]
2020-11-12 18:35:00+00:00,0,0,0.0,[]
2020-11-12 18:40:00+00:00,0,0,0.0,[]
2020-11-12 18:45:00+00:00,0,0,0.0,[]
2020-11-12 18:50:00+00:00,0,0,0.0,[]
2020-11-12 18:55:00+00:00,0,0,0.0,[]
2020-11-12 19:00:00+00:00,0,0,0.0,[]
2020-11-12 19:05:00+00:00,0,0,0.0,[]
2020-11-12 19:10:00+00:00,0,0,0.0,[]
2020-11-12 19:15:00+00:00,0,0,0.0,[]
2020-11-12 19:20:00+00:00,0,0,0.0,[]
2020-11-12 19:25:00+00:00,0,0,0.0,[]
2020-11-12 19:30:00+00:00,0,0,0.0,[]
2020-11-12 19:35:00+00:00,0,0,0.0,[]
2020-11-12 19:40:00+00:00,0,0,0.0,[]
2020-11-12 19:45:00+00:00,0,0,0.0,[]
2020-11-12 19:50:00+00:00,0,0,0.0,[]
2020-11-12 19:55:00+00:00,0,0,0.0,[]
2020-11-12 20:00:00+00:00,0,0,0.0,[]
2020-11-12 20:05:00+00:00,0,0,0.0,[]
2020-11-12 20:10:00+00:00,0,0,0.0,[]
2020-11-12 20:15:00+00:00,0,0,0.0,[]
2020-11-12 20:20:00+00:00,0,0,0.0,[]
2020-11-12 20:25:00+00:00,0,0,0.0,[]
2020-11-12 20:30:00+00:00,0,0,0.0,[]
2020-11-12 20:35:00+00:00,0,0,0.0,[]
2020-11-12 20:40:00+00:00,0,0,0.0,[]
2020-11-12 20:45:00+00:00,0,0,0.0,[]
2020-11-12 20:50:00+00:00,0,0,0.0,[]
2020-11-12 20:55:00+00:00,0,0,0.0,[]
2020-11-12 21:00:00+00:00,0,0,0.0,[]
2020-11-12 21:05:00+00:00,0,0,0.0,[]
2020-11-12 21:10:00+00:00,0,0,0.0,[]
2020-11-12 21:15:00+00:00,0,0,0.0,[]
2020-11-12 21:20:00+00:00,0,0,0.0,[]
2020-11-12 21:25:00+00:00,0,0,0.0,[]
2020-11-12 21:30:00+00:00,0,0,0.0,[]
2020-11-12 21:35:00+00:00,0,0,0.0,[]
2020-11-12 21:40:00+00:00,0,0,0.0,[]
2020-11-12 21:45:00+00:00,0,0,0.0,[]
2020-11-12 21:50:00+00:00,0,0,0.0,[]
2020-11-12 21:55:00+00:00,0,0,0.0,[]
2020-11-12 22:00:00+00:00,0,0,0.0,[]
2020-11-12 22:05:00+00:00,0,0,0.0,[]
2020-11-12 22:10:00+00:00,0,0,0.0,[]
2020-11-12 22:15:00+00:00,0,0,0.0,[]
2020-11-12 22:20:00+00:00,0,0,0.0,[]
2020-11-12 22:25:00+00:00,0,0,0.0,[]
2020-11-12 22:30:00+00:00,0,0,0.0,[]
2020-11-12 22:35:00+00:00,0,0,0.0,[]
2020-11-12 22:40:00+00:00,0,0,0.0,[]
2020-11-12 22:45:00+00:00,0,0,0.0,[]
2020-11-12 22:50:00+00:00,0,0,0.0,[]
2020-11-12 22:55:00+00:00,0,0,0.0,[]
2020-11-12 23:00:00+00:00,0,0,0.0,[]
2020-11-12 23:05:00+00:00,0,0,0.0,[]
2020-11-12 23:10:00+00:00,0,0,0.0,[]
2020-11-12 23:15:00+00:00,0,0,0.0,[]
2020-11-12 23:20:00+00:00,0,0,0.0,[]
2020-11-12 23:25:00+00:00,0,0,0.0,[]
2020-11-12 23:30:00+00:00,0,0,0.0,[]
2020-11-12 23:35:00+00:00,0,0,0.0,[]
2020-11-12 23:40:00+00:00,0,0,0.0,[]
2020-11-12 23:45:00+00:00,0,0,0.0,[]
2020-11-12 23:50:00+00:00,0,0,0.0,[]
2020-11-12 23:55:00+00:00,0,0,0.0,[]
2020-11-13 00:00:00+00:00,0,0,0.0,[]
2020-11-13 00:05:00+00:00,0,0,0.0,[]
2020-11-13 00:10:00+00:00,0,0,0.0,[]
2020-11-13 00:15:00+00:00,0,0,0.0,[]
2020-11-13 00:20:00+00:00,0,0,0.0,[]
2020-11-13 00:25:00+00:00,0,0,0.0,[]
2020-11-13 00:30:00+00:00,0,0,0.0,[]
2020-11-13 00:35:00+00:00,0,0,0.0,[]
2020-11-13 00:40:00+00:00,0,0,0.0,[]
2020-11-13 00:45:00+00:00,0,0,0.0,[]
2020-11-13 00:50:00+00:00,0,0,0.0,[]
2020-11-13 00:55:00+00:00,0,0,0.0,[]
2020-11-13 01:00:00+00:00,0,0,0.0,[]
2020-11-13 01:05:00+00:00,0,0,0.0,[]
2020-11-13 01:10:00+00:00,0,0,0.0,[]
2020-11-13 01:15:00+00:00,0,0,0.0,[]
2020-11-13 01:20:00+00:00,0,0,0.0,[]
2020-11-13 01:25:00+00:00,0,0,0.0,[]
2020-11-13 01:30:00+00:00,0,0,0.0,[]
2020-11-13 01:35:00+00:00,0,0,0.0,[]
2020-11-13 01:40:00+00:00,0,0,0.0,[]
2020-11-13 01:45:00+00:00,0,0,0.0,[]
2020-11-13 01:50:00+00:00,0,0,0.0,[]
2020-11-13 01:55:00+00:00,0,0,0.0,[]
2020-11-13 02:00:00+00:00,0,0,0.0,[]
2020-11-13 02:05:00+00:00,0,0,0.0,[]
2020-11-13 02:10:00+00:00,0,0,0.0,[]
2020-11-13 02:15:00+00:00,0,0,0.0,[]
2020-11-13 02:20:00+00:00,0,0,0.0,[]
2020-11-13 02:25:00+00:00,0,0,0.0,[]
2020-11-13 02:30:00+00:00,0,0,0.0,[]
2020-11-13 02:35:00+00:00,0,0,0.0,[]
2020-11-13 02:40:00+00:00,0,0,0.0,[]
2020-11-13 02:45:00+00:00,0,0,0.0,[]
2020-11-13 02:50:00+00:00,0,0,0.0,[]
2020-11-13 02:55:00+00:00,0,0,0.0,[]
2020-11-13 03:00:00+00:00,0,0,0.0,[]
2020-11-13 03:05:00+00:00,0,0,0.0,[]
2020-11-13 03:10:00+00:00,0,0,0.0,[]
2020-11-13 03:15:00+00:00,0,0,0.0,[]
2020-11-13 03:20:00+00:00,0,0,0.0,[]
2020-11-13 03:25:00+00:00,0,0,0.0,[]
2020-11-13 03:30:00+00:00,0,0,0.0,[]
2020-11-13 03:35:00+00:00,0,0,0.0,[]
2020-11-13 03:40:00+00:00,0,0,0.0,[]
2020-11-13 03:45:00+00:00,0,0,0.0,[]
2020-11-13 03:50:00+00:00,0,0,0.0,[]
2020-11-13 03:55:00+00:00,0,0,0.0,[]
2020-11-13 04:00:00+00:00,0,0,0.0,[]
2020-11-13 04:05:00+00:00,0,0,0.0,[]
2020-11-13 04:10:00+00:00,0,0,0.0,[]
2020-11-13 04:15:00+00:00,0,0,0.0,[]
2020-11-13 04:20:00+00:00,0,0,0.0,[]
2020-11-13 04:25:00+00:00,0,0,0.0,[]
2020-11-13 04:30:00+00:00,0,0,0.0,[]
2020-11-13 04:35:00+00:00,0,0,0.0,[]
2020-11-13 04:40:00+00:00,0,0,0.0,[]
2020-11-13 04:45:00+00:00,0,0,0.0,[]
2020-11-13 04:50:00+00:00,0,0,0.0,[]
2020-11-13 04:55:00+00:00,0,0,0.0,[]
2020-11-13 05:00:00+00:00,0,0,0.0,[]
2020-11-13 05:05:00+00:00,0,0,0.0,[]
2020-11-13 05:10:00+00:00,0,0,0.0,[]
2020-11-13 05:15:00+00:00,120,0,1.0,[120]
2020-11-13 05:20:00+00:00,0,0,0.0,[]
2020-11-13 05:25:00+00:00,0,0,0.0,[]
2020-11-13 05:30:00+00:00,0,0,0.0,[]
2020-11-13 05:35:00+00:00,0,0,0.0,[]
2020-11-13 05:40:00+00:00,0,0,0.0,[]
2020-11-13 05:45:00+00:00,0,0,0.0,[]
2020-11-13 05:50:00+00:00,0,0,0.0,[]
2020-11-13 05:55:00+00:00,0,0,0.0,[]
2020-11-13 06:00:00+00:00,0,0,0.0,[]
2020-11-13 06:05:00+00:00,0,0,0.0,[]
2020-11-13 06:10:00+00:00,0,0,0.0,[]
2020-11-13 06:15:00+00:00,0,0,0.0,[]
2020-11-13 06:20:00+00:00,0,0,0.0,[]
2020-11-13 06:25:00+00:00,0,0,0.0,[]
2020-11-13 06:30:00+00:00,0,0,0.0,[]
2020-11-13 06:35:00+00:00,0,0,0.0,[]
2020-11-13 06:40:00+00:00,0,0,0.0,[]
2020-11-13 06:45:00+00:00,0,0,0.0,[]
2020-11-13 06:50:00+00:00,0,0,0.0,[]
2020-11-13 06:55:00+00:00,0,0,0.0,[]
2020-11-13 07:00:00+00:00,0,0,0.0,[]
2020-11-13 07:05:00+00:00,0,0,0.0,[]
2020-11-13 07:10:00+00:00,0,0,0.0,[]
2020-11-13 07:15:00+00:00,0,0,0.0,[]
2020-11-13 07:20:00+00:00,0,0,0.0,[]
2020-11-13 07:25:00+00:00,0,0,0.0,[]
2020-11-13 07:30:00+00:00,0,0,0.0,[]
2020-11-13 07:35:00+00:00,0,0,0.0,[]
2020-11-13 07:40:00+00:00,0,0,0.0,[]
2020-11-13 07:45:00+00:00,0,0,0.0,[]
2020-11-13 07:50:00+00:00,0,0,0.0,[]
2020-11-13 07:55:00+00:00,0,0,0.0,[]
2020-11-13 08:00:00+00:00,0,0,0.0,[]
2020-11-13 08:05:00+00:00,0,0,0.0,[]
2020-11-13 08:10:00+00:00,0,0,0.0,[]
2020-11-13 08:15:00+00:00,0,0,0.0,[]
2020-11-13 08:20:00+00:00,0,0,0.0,[]
2020-11-13 08:25:00+00:00,0,0,0.0,[]
2020-11-13 08:30:00+00:00,0,0,0.0,[]
2020-11-13 08:35:00+00:00,0,0,0.0,[]
2020-11-13 08:40:00+00:00,0,0,0.0,[]
2020-11-13 08:45:00+00:00,0,0,0.0,[]
2020-11-13 08:50:00+00:00,0,0,0.0,[]
2020-11-13 08:55:00+00:00,0,0,0.0,[]
2020-11-13 09:00:00+00:00,0,0,0.0,[]
2020-11-13 09:05:00+00:00,0,0,0.0,[]
2020-11-13 09:10:00+00:00,0,0,0.0,[]
2020-11-13 09:15:00+00:00,0,0,0.0,[]
2020-11-13 09:20:00+00:00,0,0,0.0,[]
2020-11-13 09:25:00+00:00,0,0,0.0,[]
2020-11-13 09:30:00+00:00,0,0,0.0,[]
2020-11-13 09:35:00+00:00,0,0,0.0,[]
2020-11-13 09:40:00+00:00,0,0,0.0,[]
2020-11-13 09:45:00+00:00,0,0,0.0,[]
2020-11-13 09:50:00+00:00,0,0,0.0,[]
2020-11-13 09:55:00+00:00,0,0,0.0,[]
2020-11-13 10:00:00+00:00,0,0,0.0,[]
2020-11-13 10:05:00+00:00,0,0,0.0,[]
2020-11-13 10:10:00+00:00,0,0,0.0,[]
2020-11-13 10:15:00+00:00,0,0,0.0,[]
2020-11-13 10:20:00+00:00,0,0,0.0,[]
2020-11-13 10:25:00+00:00,0,0,0.0,[]
2020-11-13 10:30:00+00:00,0,0,0.0,[]
2020-11-13 10:35:00+00:00,0,0,0.0,[]
2020-11-13 10:40:00+00:00,0,0,0.0,[]
2020-11-13 10:45:00+00:00,0,0,0.0,[]
2020-11-13 10:50:00+00:00,0,0,0.0,[]
2020-11-13 10:55:00+00:00,0,0,0.0,[]
2020-11-13 11:00:00+00:00,0,0,0.0,[]
2020-11-13 11:05:00+00:00,0,0,0.0,[]
2020-11-13 11:10:00+00:00,0,0,0.0,[]
2020-11-13 11:15:00+00:00,0,0,0.0,[]
2020-11-13 11:20:00+00:00,0,0,0.0,[]
2020-11-13 11:25:00+00:00,0,0,0.0,[]
2020-11-13 11:30:00+00:00,0,0,0.0,[]
2020-11-13 11:35:00+00:00,0,0,0.0,[]
2020-11-13 11:40:00+00:00,0,0,0.0,[]
2020-11-13 11:45:00+00:00,0,0,0.0,[]
2020-11-13 11:50:00+00:00,0,0,0.0,[]
2020-11-13 11:55:00+00:00,0,0,0.0,[]
2020-11-13 12:00:00+00:00,0,0,0.0,[]
2020-11-13 12:05:00+00:00,0,0,0.0,[]
2020-11-13 12:10:00+00:00,0,0,0.0,[]
2020-11-13 12:15:00+00:00,0,0,0.0,[]
2020-11-13 12:20:00+00:00,0,0,0.0,[]
2020-11-13 12:25:00+00:00,0,0,0.0,[]
2020-11-13 12:30:00+00:00,0,0,0.0,[]
2020-11-13 12:35:00+00:00,0,0,0.0,[]
2020-11-13 12:40:00+00:00,0,0,0.0,[]
2020-11-13 12:45:00+00:00,0,0,0.0,[]
2020-11-13 12:50:00+00:00,0,0,0.0,[]
2020-11-13 12:55:00+00:00,0,0,0.0,[]
2020-11-13 13:00:00+00:00,0,0,0.0,[]
2020-11-13 13:05:00+00:00,0,0,0.0,[]
2020-11-13 13:10:00+00:00,0,0,0.0,[]
2020-11-13 13:15:00+00:00,0,0,0.0,[]
2020-11-13 13:20:00+00:00,0,0,0.0,[]
2020-11-13 13:25:00+00:00,0,0,0.0,[]
2020-11-13 13:30:00+00:00,0,0,0.0,[]
2020-11-13 13:35:00+00:00,0,0,0.0,[]
2020-11-13 13:40:00+00:00,0,0,0.0,[]
2020-11-13 13:45:00+00:00,0,0,0.0,[]
2020-11-13 13:50:00+00:00,0,0,0.0,[]
2020-11-13 13:55:00+00:00,0,0,0.0,[]
2020-11-13 14:00:00+00:00,0,0,0.0,[]
2020-11-13 14:05:00+00:00,0,0,0.0,[]
2020-11-13 14:10:00+00:00,0,0,0.0,[]
2020-11-13 14:15:00+00:00,0,0,0.0,[]
2020-11-13 14:20:00+00:00,0,0,0.0,[]
2020-11-13 14:25:00+00:00,0,0,0.0,[]
2020-11-13 14:30:00+00:00,0,0,0.0,[]
2020-11-13 14:35:00+00:00,0,0,0.0,[]
2020-11-13 14:40:00+00:00,0,0,0.0,[]
2020-11-13 14:45:00+00:00,0,0,0.0,[]
2020-11-13 14:50:00+00:00,0,0,0.0,[]
2020-11-13 14:55:00+00:00,0,0,0.0,[]
2020-11-13 15:00:00+00:00,0,0,0.0,[]
2020-11-13 15:05:00+00:00,0,0,0.0,[]
2020-11-13 15:10:00+00:00,0,0,0.0,[]
2020-11-13 15:15:00+00:00,0,0,0.0,[]
2020-11-13 15:20:00+00:00,0,0,0.0,[]
2020-11-13 15:25:00+00:00,0,0,0.0,[]
2020-11-13 15:30:00+00:00,0,0,0.0,[]
2020-11-13 15:35:00+00:00,0,0,0.0,[]
2020-11-13 15:40:00+00:00,0,0,0.0,[]
2020-11-13 15:45:00+00:00,0,0,0.0,[]
2020-11-13 15:50:00+00:00,0,0,0.0,[]
2020-11-13 15:55:00+00:00,0,0,0.0,[]
2020-11-13 16:00:00+00:00,0,0,0.0,[]
2020-11-13 16:05:00+00:00,0,0,0.0,[]
2020-11-13 16:10:00+00:00,0,0,0.0,[]
2020-11-13 16:15:00+00:00,0,0,0.0,[]
2020-11-13 16:20:00+00:00,0,0,0.0,[]
2020-11-13 16:25:00+00:00,0,0,0.0,[]
2020-11-13 16:30:00+00:00,0,0,0.0,[]
2020-11-13 16:35:00+00:00,0,0,0.0,[]
2020-11-13 16:40:00+00:00,0,0,0.0,[]
2020-11-13 16:45:00+00:00,0,0,0.0,[]
2020-11-13 16:50:00+00:00,0,0,0.0,[]
2020-11-13 16:55:00+00:00,0,0,0.0,[]
2020-11-13 17:00:00+00:00,0,0,0.0,[]
2020-11-13 17:05:00+00:00,0,0,0.0,[]
2020-11-13 17:10:00+00:00,0,0,0.0,[]
2020-11-13 17:15:00+00:00,0,0,0.0,[]
2020-11-13 17:20:00+00:00,0,0,0.0,[]
2020-11-13 17:25:00+00:00,0,0,0.0,[]
2020-11-13 17:30:00+00:00,0,0,0.0,[]
2020-11-13 17:35:00+00:00,0,0,0.0,[]
2020-11-13 17:40:00+00:00,0,0,0.0,[]
2020-11-13 17:45:00+00:00,0,0,0.0,[]
2020-11-13 17:50:00+00:00,0,0,0.0,[]
2020-11-13 17:55:00+00:00,0,0,0.0,[]
2020-11-13 18:00:00+00:00,0,0,0.0,[]
2020-11-13 18:05:00+00:00,0,0,0.0,[]
2020-11-13 18:10:00+00:00,0,0,0.0,[]
2020-11-13 18:15:00+00:00,0,0,0.0,[]
2020-11-13 18:20:00+00:00,0,0,0.0,[]
2020-11-13 18:25:00+00:00,0,0,0.0,[]
2020-11-13 18:30:00+00:00,0,0,0.0,[]
2020-11-13 18:35:00+00:00,0,0,0.0,[]
2020-11-13 18:40:00+00:00,0,0,0.0,[]
2020-11-13 18:45:00+00:00,0,0,0.0,[]
2020-11-13 18:50:00+00:00,0,0,0.0,[]
2020-11-13 18:55:00+00:00,0,0,0.0,[]
2020-11-13 19:00:00+00:00,0,0,0.0,[]
2020-11-13 19:05:00+00:00,0,0,0.0,[]
2020-11-13 19:10:00+00:00,0,0,0.0,[]
2020-11-13 19:15:00+00:00,0,0,0.0,[]
2020-11-13 19:20:00+00:00,0,0,0.0,[]
2020-11-13 19:25:00+00:00,0,0,0.0,[]
2020-11-13 19:30:00+00:00,0,0,0.0,[]
2020-11-13 19:35:00+00:00,0,0,0.0,[]
2020-11-13 19:40:00+00:00,0,0,0.0,[]
2020-11-13 19:45:00+00:00,0,0,0.0,[]
2020-11-13 19:50:00+00:00,0,0,0.0,[]
2020-11-13 19:55:00+00:00,0,0,0.0,[]
2020-11-13 20:00:00+00:00,0,0,0.0,[]
2020-11-13 20:05:00+00:00,0,0,0.0,[]
2020-11-13 20:10:00+00:00,0,0,0.0,[]
2020-11-13 20:15:00+00:00,0,0,0.0,[]
2020-11-13 20:20:00+00:00,0,0,0.0,[]
2020-11-13 20:25:00+00:00,0,0,0.0,[]
2020-11-13 20:30:00+00:00,0,0,0.0,[]
2020-11-13 20:35:00+00:00,0,0,0.0,[]
2020-11-13 20:40:00+00:00,0,0,0.0,[]
2020-11-13 20:45:00+00:00,0,0,0.0,[]
2020-11-13 20:50:00+00:00,0,0,0.0,[]
2020-11-13 20:55:00+00:00,0,0,0.0,[]
2020-11-13 21:00:00+00:00,0,0,0.0,[]
2020-11-13 21:05:00+00:00,0,0,0.0,[]
2020-11-13 21:10:00+00:00,0,0,0.0,[]
2020-11-13 21:15:00+00:00,0,0,0.0,[]
2020-11-13 21:20:00+00:00,0,0,0.0,[]
2020-11-13 21:25:00+00:00,0,0,0.0,[]
2020-11-13 21:30:00+00:00,0,0,0.0,[]
2020-11-13 21:35:00+00:00,0,0,0.0,[]
2020-11-13 21:40:00+00:00,0,0,0.0,[]
2020-11-13 21:45:00+00:00,0,0,0.0,[]
2020-11-13 21:50:00+00:00,0,0,0.0,[]
2020-11-13 21:55:00+00:00,0,0,0.0,[]
2020-11-13 22:00:00+00:00,0,0,0.0,[]
2020-11-13 22:05:00+00:00,0,0,0.0,[]
2020-11-13 22:10:00+00:00,0,0,0.0,[]
2020-11-13 22:15:00+00:00,0,0,0.0,[]
2020-11-13 22:20:00+00:00,0,0,0.0,[]
2020-11-13 22:25:00+00:00,0,0,0.0,[]
2020-11-13 22:30:00+00:00,0,0,0.0,[]
2020-11-13 22:35:00+00:00,0,0,0.0,[]
2020-11-13 22:40:00+00:00,0,0,0.0,[]
2020-11-13 22:45:00+00:00,0,0,0.0,[]
2020-11-13 22:50:00+00:00,0,0,0.0,[]
2020-11-13 22:55:00+00:00,0,0,0.0,[]
2020-11-13 23:00:00+00:00,0,0,0.0,[]
2020-11-13 23:05:00+00:00,0,0,0.0,[]
2020-11-13 23:10:00+00:00,0,0,0.0,[]
2020-11-13 23:15:00+00:00,0,0,0.0,[]
2020-11-13 23:20:00+00:00,0,0,0.0,[]
2020-11-13 23:25:00+00:00,0,0,0.0,[]
2020-11-13 23:30:00+00:00,0,0,0.0,[]
2020-11-13 23:35:00+00:00,0,0,0.0,[]
2020-11-13 23:40:00+00:00,0,0,0.0,[]
2020-11-13 23:45:00+00:00,0,0,0.0,[]
2020-11-13 23:50:00+00:00,0,0,0.0,[]
2020-11-13 23:55:00+00:00,0,0,0.0,[]
2020-11-14 00:00:00+00:00,0,0,0.0,[]
2020-11-14 00:05:00+00:00,0,0,0.0,[]
2020-11-14 00:10:00+00:00,0,0,0.0,[]
2020-11-14 00:15:00+00:00,0,0,0.0,[]
2020-11-14 00:20:00+00:00,0,0,0.0,[]
2020-11-14 00:25:00+00:00,0,0,0.0,[]
2020-11-14 00:30:00+00:00,0,0,0.0,[]
2020-11-14 00:35:00+00:00,0,0,0.0,[]
2020-11-14 00:40:00+00:00,0,0,0.0,[]
2020-11-14 00:45:00+00:00,0,0,0.0,[]
2020-11-14 00:50:00+00:00,0,0,0.0,[]
2020-11-14 00:55:00+00:00,0,0,0.0,[]
2020-11-14 01:00:00+00:00,0,0,0.0,[]
2020-11-14 01:05:00+00:00,0,0,0.0,[]
2020-11-14 01:10:00+00:00,0,0,0.0,[]
2020-11-14 01:15:00+00:00,0,0,0.0,[]
2020-11-14 01:20:00+00:00,0,0,0.0,[]
2020-11-14 01:25:00+00:00,0,0,0.0,[]
2020-11-14 01:30:00+00:00,0,0,0.0,[]
2020-11-14 01:35:00+00:00,0,0,0.0,[]
2020-11-14 01:40:00+00:00,0,0,0.0,[]
2020-11-14 01:45:00+00:00,0,0,0.0,[]
2020-11-14 01:50:00+00:00,0,0,0.0,[]
2020-11-14 01:55:00+00:00,0,0,0.0,[]
2020-11-14 02:00:00+00:00,0,0,0.0,[]
2020-11-14 02:05:00+00:00,0,0,0.0,[]
2020-11-14 02:10:00+00:00,0,0,0.0,[]
2020-11-14 02:15:00+00:00,0,0,0.0,[]
2020-11-14 02:20:00+00:00,0,0,0.0,[]
2020-11-14 02:25:00+00:00,0,0,0.0,[]
2020-11-14 02:30:00+00:00,0,0,0.0,[]
2020-11-14 02:35:00+00:00,0,0,0.0,[]
2020-11-14 02:40:00+00:00,0,0,0.0,[]
2020-11-14 02:45:00+00:00,0,0,0.0,[]
2020-11-14 02:50:00+00:00,0,0,0.0,[]
2020-11-14 02:55:00+00:00,0,0,0.0,[]
2020-11-14 03:00:00+00:00,0,0,0.0,[]
2020-11-14 03:05:00+00:00,0,0,0.0,[]
2020-11-14 03:10:00+00:00,0,0,0.0,[]
2020-11-14 03:15:00+00:00,0,0,0.0,[]
2020-11-14 03:20:00+00:00,0,0,0.0,[]
2020-11-14 03:25:00+00:00,0,0,0.0,[]
2020-11-14 03:30:00+00:00,0,0,0.0,[]
2020-11-14 03:35:00+00:00,0,0,0.0,[]
2020-11-14 03:40:00+00:00,0,0,0.0,[]
2020-11-14 03:45:00+00:00,0,0,0.0,[]
2020-11-14 03:50:00+00:00,0,0,0.0,[]
2020-11-14 03:55:00+00:00,0,0,0.0,[]
2020-11-14 04:00:00+00:00,0,0,0.0,[]
2020-11-14 04:05:00+00:00,0,0,0.0,[]
2020-11-14 04:10:00+00:00,0,0,0.0,[]
2020-11-14 04:15:00+00:00,0,0,0.0,[]
2020-11-14 04:20:00+00:00,0,0,0.0,[]
2020-11-14 04:25:00+00:00,0,0,0.0,[]
2020-11-14 04:30:00+00:00,0,0,0.0,[]
2020-11-14 04:35:00+00:00,0,0,0.0,[]
2020-11-14 04:40:00+00:00,0,0,0.0,[]
2020-11-14 04:45:00+00:00,0,0,0.0,[]
2020-11-14 04:50:00+00:00,0,0,0.0,[]
2020-11-14 04:55:00+00:00,0,0,0.0,[]
2020-11-14 05:00:00+00:00,0,0,0.0,[]
2020-11-14 05:05:00+00:00,0,0,0.0,[]
2020-11-14 05:10:00+00:00,0,0,0.0,[]
2020-11-14 05:15:00+00:00,0,0,0.0,[]
2020-11-14 05:20:00+00:00,0,0,0.0,[]
2020-11-14 05:25:00+00:00,0,0,0.0,[]
2020-11-14 05:30:00+00:00,0,0,0.0,[]
2020-11-14 05:35:00+00:00,0,0,0.0,[]
2020-11-14 05:40:00+00:00,0,0,0.0,[]
2020-11-14 05:45:00+00:00,0,0,0.0,[]
2020-11-14 05:50:00+00:00,0,0,0.0,[]
2020-11-14 05:55:00+00:00,0,0,0.0,[]
2020-11-14 06:00:00+00:00,0,0,0.0,[]
2020-11-14 06:05:00+00:00,0,0,0.0,[]
2020-11-14 06:10:00+00:00,0,0,0.0,[]
2020-11-14 06:15:00+00:00,0,0,0.0,[]
2020-11-14 06:20:00+00:00,0,0,0.0,[]
2020-11-14 06:25:00+00:00,0,0,0.0,[]
2020-11-14 06:30:00+00:00,0,0,0.0,[]
2020-11-14 06:35:00+00:00,0,0,0.0,[]
2020-11-14 06:40:00+00:00,0,0,0.0,[]
2020-11-14 06:45:00+00:00,0,0,0.0,[]
2020-11-14 06:50:00+00:00,0,0,0.0,[]
2020-11-14 06:55:00+00:00,0,0,0.0,[]
2020-11-14 07:00:00+00:00,0,0,0.0,[]
2020-11-14 07:05:00+00:00,0,0,0.0,[]
2020-11-14 07:10:00+00:00,0,0,0.0,[]
2020-11-14 07:15:00+00:00,0,0,0.0,[]
2020-11-14 07:20:00+00:00,0,0,0.0,[]
2020-11-14 07:25:00+00:00,0,0,0.0,[]
2020-11-14 07:30:00+00:00,0,0,0.0,[]
2020-11-14 07:35:00+00:00,0,0,0.0,[]
2020-11-14 07:40:00+00:00,0,0,0.0,[]
2020-11-14 07:45:00+00:00,0,0,0.0,[]
2020-11-14 07:50:00+00:00,0,0,0.0,[]
2020-11-14 07:55:00+00:00,0,0,0.0,[]
2020-11-14 08:00:00+00:00,0,0,0.0,[]
2020-11-14 08:05:00+00:00,0,0,0.0,[]
2020-11-14 08:10:00+00:00,0,0,0.0,[]
2020-11-14 08:15:00+00:00,0,0,0.0,[]
2020-11-14 08:20:00+00:00,0,0,0.0,[]
2020-11-14 08:25:00+00:00,0,0,0.0,[]
2020-11-14 08:30:00+00:00,0,0,0.0,[]
2020-11-14 08:35:00+00:00,0,0,0.0,[]
2020-11-14 08:40:00+00:00,0,0,0.0,[]
2020-11-14 08:45:00+00:00,0,0,0.0,[]
2020-11-14 08:50:00+00:00,0,0,0.0,[]
2020-11-14 08:55:00+00:00,0,0,0.0,[]
2020-11-14 09:00:00+00:00,0,0,0.0,[]
2020-11-14 09:05:00+00:00,0,0,0.0,[]
2020-11-14 09:10:00+00:00,0,0,0.0,[]
2020-11-14 09:15:00+00:00,0,0,0.0,[]
2020-11-14 09:20:00+00:00,0,0,0.0,[]
2020-11-14 09:25:00+00:00,0,0,0.0,[]
2020-11-14 09:30:00+00:00,0,0,0.0,[]
2020-11-14 09:35:00+00:00,0,0,0.0,[]
2020-11-14 09:40:00+00:00,0,0,0.0,[]
2020-11-14 09:45:00+00:00,0,0,0.0,[]
2020-11-14 09:50:00+00:00,0,0,0.0,[]
2020-11-14 09:55:00+00:00,0,0,0.0,[]
2020-11-14 10:00:00+00:00,0,0,0.0,[]
2020-11-14 10:05:00+00:00,0,0,0.0,[]
2020-11-14 10:10:00+00:00,0,0,0.0,[]
2020-11-14 10:15:00+00:00,0,0,0.0,[]
2020-11-14 10:20:00+00:00,0,0,0.0,[]
2020-11-14 10:25:00+00:00,0,0,0.0,[]
2020-11-14 10:30:00+00:00,0,0,0.0,[]
2020-11-14 10:35:00+00:00,0,0,0.0,[]
2020-11-14 10:40:00+00:00,0,0,0.0,[]
2020-11-14 10:45:00+00:00,0,0,0.0,[]
2020-11-14 10:50:00+00:00,0,0,0.0,[]
2020-11-14 10:55:00+00:00,0,0,0.0,[]
2020-11-14 11:00:00+00:00,0,0,0.0,[]
2020-11-14 11:05:00+00:00,0,0,0.0,[]
2020-11-14 11:10:00+00:00,0,0,0.0,[]
2020-11-14 11:15:00+00:00,0,0,0.0,[]
2020-11-14 11:20:00+00:00,0,0,0.0,[]
2020-11-14 11:25:00+00:00,0,0,0.0,[]
2020-11-14 11:30:00+00:00,0,0,0.0,[]
2020-11-14 11:35:00+00:00,0,0,0.0,[]
2020-11-14 11:40:00+00:00,0,0,0.0,[]
2020-11-14 11:45:00+00:00,0,0,0.0,[]
2020-11-14 11:50:00+00:00,0,0,0.0,[]
2020-11-14 11:55:00+00:00,0,0,0.0,[]
2020-11-14 12:00:00+00:00,0,0,0.0,[]
2020-11-14 12:05:00+00:00,0,0,0.0,[]
2020-11-14 12:10:00+00:00,0,0,0.0,[]
2020-11-14 12:15:00+00:00,0,0,0.0,[]
2020-11-14 12:20:00+00:00,0,0,0.0,[]
2020-11-14 12:25:00+00:00,0,0,0.0,[]
2020-11-14 12:30:00+00:00,0,0,0.0,[]
2020-11-14 12:35:00+00:00,0,0,0.0,[]
2020-11-14 12:40:00+00:00,0,0,0.0,[]
2020-11-14 12:45:00+00:00,0,0,0.0,[]
2020-11-14 12:50:00+00:00,0,0,0.0,[]
2020-11-14 12:55:00+00:00,0,0,0.0,[]
2020-11-14 13:00:00+00:00,0,0,0.0,[]
2020-11-14 13:05:00+00:00,0,0,0.0,[]
2020-11-14 13:10:00+00:00,0,0,0.0,[]
2020-11-14 13:15:00+00:00,0,0,0.0,[]
2020-11-14 13:20:00+00:00,0,0,0.0,[]
2020-11-14 13:25:00+00:00,30,0,1.0,[30]
2020-11-14 13:30:00+00:00,0,0,0.0,[]
2020-11-14 13:35:00+00:00,0,0,0.0,[]
2020-11-14 13:40:00+00:00,0,0,0.0,[]
2020-11-14 13:45:00+00:00,0,0,0.0,[]
2020-11-14 13:50:00+00:00,0,0,0.0,[]
2020-11-14 13:55:00+00:00,0,0,0.0,[]
2020-11-14 14:00:00+00:00,0,0,0.0,[]
2020-11-14 14:05:00+00:00,0,0,0.0,[]
2020-11-14 14:10:00+00:00,0,0,0.0,[]
2020-11-14 14:15:00+00:00,0,0,0.0,[]
2020-11-14 14:20:00+00:00,0,0,0.0,[]
2020-11-14 14:25:00+00:00,0,0,0.0,[]
2020-11-14 14:30:00+00:00,0,0,0.0,[]
2020-11-14 14:35:00+00:00,0,0,0.0,[]
2020-11-14 14:40:00+00:00,0,0,0.0,[]
2020-11-14 14:45:00+00:00,0,0,0.0,[]
2020-11-14 14:50:00+00:00,0,0,0.0,[]
2020-11-14 14:55:00+00:00,0,0,0.0,[]
2020-11-14 15:00:00+00:00,0,0,0.0,[]
2020-11-14 15:05:00+00:00,0,0,0.0,[]
2020-11-14 15:10:00+00:00,0,0,0.0,[]
2020-11-14 15:15:00+00:00,0,0,0.0,[]
2020-11-14 15:20:00+00:00,0,0,0.0,[]
2020-11-14 15:25:00+00:00,0,0,0.0,[]
2020-11-14 15:30:00+00:00,0,0,0.0,[]
2020-11-14 15:35:00+00:00,0,0,0.0,[]
2020-11-14 15:40:00+00:00,0,0,0.0,[]
2020-11-14 15:45:00+00:00,0,0,0.0,[]
2020-11-14 15:50:00+00:00,0,0,0.0,[]
2020-11-14 15:55:00+00:00,0,0,0.0,[]
2020-11-14 16:00:00+00:00,0,0,0.0,[]
2020-11-14 16:05:00+00:00,0,0,0.0,[]
2020-11-14 16:10:00+00:00,0,0,0.0,[]
2020-11-14 16:15:00+00:00,0,0,0.0,[]
2020-11-14 16:20:00+00:00,0,0,0.0,[]
2020-11-14 16:25:00+00:00,0,0,0.0,[]
2020-11-14 16:30:00+00:00,0,0,0.0,[]
2020-11-14 16:35:00+00:00,0,0,0.0,[]
2020-11-14 16:40:00+00:00,0,0,0.0,[]
2020-11-14 16:45:00+00:00,0,0,0.0,[]
2020-11-14 16:50:00+00:00,0,0,0.0,[]
2020-11-14 16:55:00+00:00,0,0,0.0,[]
2020-11-14 17:00:00+00:00,0,0,0.0,[]
2020-11-14 17:05:00+00:00,0,0,0.0,[]
2020-11-14 17:10:00+00:00,0,0,0.0,[]
2020-11-14 17:15:00+00:00,0,0,0.0,[]
2020-11-14 17:20:00+00:00,0,0,0.0,[]
2020-11-14 17:25:00+00:00,0,0,0.0,[]
2020-11-14 17:30:00+00:00,0,0,0.0,[]
2020-11-14 17:35:00+00:00,0,0,0.0,[]
2020-11-14 17:40:00+00:00,0,0,0.0,[]
2020-11-14 17:45:00+00:00,0,0,0.0,[]
2020-11-14 17:50:00+00:00,0,0,0.0,[]
2020-11-14 17:55:00+00:00,0,0,0.0,[]
2020-11-14 18:00:00+00:00,0,0,0.0,[]
2020-11-14 18:05:00+00:00,0,0,0.0,[]
2020-11-14 18:10:00+00:00,0,0,0.0,[]
2020-11-14 18:15:00+00:00,0,0,0.0,[]
2020-11-14 18:20:00+00:00,0,0,0.0,[]
2020-11-14 18:25:00+00:00,0,0,0.0,[]
2020-11-14 18:30:00+00:00,0,0,0.0,[]
2020-11-14 18:35:00+00:00,0,0,0.0,[]
2020-11-14 18:40:00+00:00,0,0,0.0,[]
2020-11-14 18:45:00+00:00,0,0,0.0,[]
2020-11-14 18:50:00+00:00,0,0,0.0,[]
2020-11-14 18:55:00+00:00,0,0,0.0,[]
2020-11-14 19:00:00+00:00,0,0,0.0,[]
2020-11-14 19:05:00+00:00,0,0,0.0,[]
2020-11-14 19:10:00+00:00,0,0,0.0,[]
2020-11-14 19:15:00+00:00,0,0,0.0,[]
2020-11-14 19:20:00+00:00,0,0,0.0,[]
2020-11-14 19:25:00+00:00,0,0,0.0,[]
2020-11-14 19:30:00+00:00,0,0,0.0,[]
2020-11-14 19:35:00+00:00,0,0,0.0,[]
2020-11-14 19:40:00+00:00,0,0,0.0,[]
2020-11-14 19:45:00+00:00,0,0,0.0,[]
2020-11-14 19:50:00+00:00,0,0,0.0,[]
2020-11-14 19:55:00+00:00,0,0,0.0,[]
2020-11-14 20:00:00+00:00,0,0,0.0,[]
2020-11-14 20:05:00+00:00,0,0,0.0,[]
2020-11-14 20:10:00+00:00,0,0,0.0,[]
2020-11-14 20:15:00+00:00,0,0,0.0,[]
2020-11-14 20:20:00+00:00,0,0,0.0,[]
2020-11-14 20:25:00+00:00,0,0,0.0,[]
2020-11-14 20:30:00+00:00,0,0,0.0,[]
2020-11-14 20:35:00+00:00,0,0,0.0,[]
2020-11-14 20:40:00+00:00,0,0,0.0,[]
2020-11-14 20:45:00+00:00,0,0,0.0,[]
2020-11-14 20:50:00+00:00,0,0,0.0,[]
2020-11-14 20:55:00+00:00,0,0,0.0,[]
2020-11-14 21:00:00+00:00,0,0,0.0,[]
2020-11-14 21:05:00+00:00,0,0,0.0,[]
2020-11-14 21:10:00+00:00,0,0,0.0,[]
2020-11-14 21:15:00+00:00,0,0,0.0,[]
2020-11-14 21:20:00+00:00,0,0,0.0,[]
2020-11-14 21:25:00+00:00,0,0,0.0,[]
2020-11-14 21:30:00+00:00,0,0,0.0,[]
2020-11-14 21:35:00+00:00,0,0,0.0,[]
2020-11-14 21:40:00+00:00,0,0,0.0,[]
2020-11-14 21:45:00+00:00,0,0,0.0,[]
2020-11-14 21:50:00+00:00,0,0,0.0,[]
2020-11-14 21:55:00+00:00,0,0,0.0,[]
2020-11-14 22:00:00+00:00,0,0,0.0,[]
2020-11-14 22:05:00+00:00,0,0,0.0,[]
2020-11-14 22:10:00+00:00,0,0,0.0,[]
2020-11-14 22:15:00+00:00,0,0,0.0,[]
2020-11-14 22:20:00+00:00,1670,0,1.0,[1670]
